1
1
9
0
(4 0
((32,112) (47,127) (0,0))
((48,112) (63,127) (0,0))
((32,128) (47,143) (0,0))
((48,128) (63,143) (0,0))
)
4
FabOnDisk: Cell_D_00000 0
FabOnDisk: Cell_D_00000 18518
FabOnDisk: Cell_D_00000 37036
FabOnDisk: Cell_D_00000 55554

4,9
0.0000000000000000e+00,-7.4454927347574584e-01,0.0000000000000000e+00,-7.8287749250123522e-13,-7.7757729408834257e+02,-4.6124353260029181e+02,0.0000000000000000e+00,-7.1543761475473322e-01,0.0000000000000000e+00,
-5.8142104313132614e-01,-6.0469346970308846e-01,0.0000000000000000e+00,0.0000000000000000e+00,-4.3257087779474750e+02,-4.8482714948817471e+02,0.0000000000000000e+00,-9.1361045136948638e-01,0.0000000000000000e+00,
0.0000000000000000e+00,0.0000000000000000e+00,0.0000000000000000e+00,-8.4725733160008828e-13,-7.7757729408836076e+02,-5.4348295674054089e+02,0.0000000000000000e+00,-7.1543761475473566e-01,0.0000000000000000e+00,
-5.8142104313141130e-01,-7.6312940568212628e-01,0.0000000000000000e+00,0.0000000000000000e+00,-4.3257087779467861e+02,-5.4827206562798676e+02,0.0000000000000000e+00,-9.1361045136942709e-01,0.0000000000000000e+00,

4,9
1.5221881892677420e+00,0.0000000000000000e+00,1.0000000000002174e+00,8.1544927668841347e-13,1.6298755870856192e+02,5.4348295674048131e+02,3.4104261987644140e+03,5.9152426636649980e-01,1.0000000000000000e+00,
1.5322538982663727e+00,7.6312940568213050e-01,1.0000000000002791e+00,4.2703999725907370e-13,8.4918222062501047e+02,5.4827206562806532e+02,3.0731142735901844e+03,1.2222206736640362e-01,1.0000000000000000e+00,
1.5221881892677012e+00,7.4454927347572497e-01,1.0000000000003006e+00,8.4762041483534040e-13,1.6298755870859864e+02,4.6124353260029761e+02,3.4104261987640671e+03,5.9152426636651256e-01,1.0000000000000000e+00,
1.5322538982663634e+00,6.0469346970309756e-01,1.0000000000002507e+00,4.3990529321464143e-13,8.4918222062483414e+02,4.8482714948807529e+02,3.0731142735901440e+03,1.2222206736640491e-01,1.0000000000000000e+00,

