1
1
9
0
(84 0
((32,168) (47,183) (0,0))
((128,168) (143,183) (0,0))
((208,168) (215,183) (0,0))
((112,184) (127,191) (0,0))
((128,184) (135,191) (0,0))
((112,192) (127,207) (0,0))
((160,192) (167,207) (0,0))
((176,192) (191,207) (0,0))
((176,208) (191,223) (0,0))
((176,224) (191,239) (0,0))
((176,240) (191,255) (0,0))
((64,208) (79,223) (0,0))
((80,208) (87,223) (0,0))
((64,224) (79,239) (0,0))
((80,224) (87,239) (0,0))
((64,240) (79,255) (0,0))
((80,240) (87,255) (0,0))
((24,184) (39,199) (0,0))
((24,200) (39,215) (0,0))
((24,216) (39,223) (0,0))
((88,184) (103,199) (0,0))
((88,200) (103,215) (0,0))
((88,216) (103,223) (0,0))
((112,216) (127,231) (0,0))
((40,224) (55,231) (0,0))
((104,224) (111,231) (0,0))
((136,200) (143,215) (0,0))
((136,216) (143,231) (0,0))
((152,224) (167,239) (0,0))
((24,232) (39,247) (0,0))
((24,248) (39,255) (0,0))
((48,232) (55,247) (0,0))
((88,232) (103,247) (0,0))
((104,232) (119,247) (0,0))
((88,248) (103,255) (0,0))
((104,248) (119,255) (0,0))
((136,240) (151,255) (0,0))
((192,248) (207,255) (0,0))
((208,248) (215,255) (0,0))
((72,256) (87,271) (0,0))
((88,256) (103,271) (0,0))
((104,256) (111,271) (0,0))
((160,256) (175,271) (0,0))
((176,256) (191,271) (0,0))
((192,256) (207,271) (0,0))
((208,256) (215,271) (0,0))
((128,264) (135,271) (0,0))
((144,264) (151,271) (0,0))
((88,272) (103,279) (0,0))
((128,272) (143,287) (0,0))
((144,272) (151,287) (0,0))
((128,288) (143,295) (0,0))
((144,288) (151,295) (0,0))
((184,272) (191,279) (0,0))
((192,272) (207,287) (0,0))
((208,272) (215,287) (0,0))
((192,288) (207,295) (0,0))
((208,288) (215,295) (0,0))
((80,280) (87,287) (0,0))
((152,280) (167,295) (0,0))
((168,280) (183,295) (0,0))
((24,272) (39,287) (0,0))
((40,272) (55,287) (0,0))
((56,272) (71,287) (0,0))
((72,272) (79,287) (0,0))
((24,288) (39,303) (0,0))
((40,288) (55,303) (0,0))
((56,288) (71,303) (0,0))
((72,288) (79,303) (0,0))
((24,304) (39,311) (0,0))
((40,304) (55,311) (0,0))
((56,304) (71,311) (0,0))
((72,304) (79,311) (0,0))
((112,280) (127,295) (0,0))
((112,296) (127,303) (0,0))
((136,296) (151,311) (0,0))
((152,296) (159,311) (0,0))
((184,296) (199,311) (0,0))
((200,296) (215,303) (0,0))
((192,312) (207,327) (0,0))
((208,312) (215,327) (0,0))
((192,328) (207,343) (0,0))
((208,328) (215,343) (0,0))
((152,320) (167,335) (0,0))
)
84
FabOnDisk: Cell_D_00001 0
FabOnDisk: Cell_D_00002 0
FabOnDisk: Cell_D_00002 18520
FabOnDisk: Cell_D_00001 18518
FabOnDisk: Cell_D_00002 27824
FabOnDisk: Cell_D_00001 27822
FabOnDisk: Cell_D_00002 32520
FabOnDisk: Cell_D_00002 41824
FabOnDisk: Cell_D_00002 60344
FabOnDisk: Cell_D_00002 78864
FabOnDisk: Cell_D_00002 97384
FabOnDisk: Cell_D_00001 46342
FabOnDisk: Cell_D_00001 64860
FabOnDisk: Cell_D_00001 74162
FabOnDisk: Cell_D_00001 92680
FabOnDisk: Cell_D_00002 115904
FabOnDisk: Cell_D_00002 134422
FabOnDisk: Cell_D_00001 101982
FabOnDisk: Cell_D_00001 120500
FabOnDisk: Cell_D_00001 139018
FabOnDisk: Cell_D_00001 148320
FabOnDisk: Cell_D_00001 166839
FabOnDisk: Cell_D_00001 185358
FabOnDisk: Cell_D_00001 194661
FabOnDisk: Cell_D_00001 213181
FabOnDisk: Cell_D_00002 143724
FabOnDisk: Cell_D_00002 148420
FabOnDisk: Cell_D_00002 157724
FabOnDisk: Cell_D_00002 167028
FabOnDisk: Cell_D_00001 222483
FabOnDisk: Cell_D_00001 241001
FabOnDisk: Cell_D_00001 250303
FabOnDisk: Cell_D_00001 259605
FabOnDisk: Cell_D_00002 185548
FabOnDisk: Cell_D_00002 204068
FabOnDisk: Cell_D_00002 213371
FabOnDisk: Cell_D_00002 222675
FabOnDisk: Cell_D_00002 241195
FabOnDisk: Cell_D_00002 250499
FabOnDisk: Cell_D_00000 0
FabOnDisk: Cell_D_00000 18518
FabOnDisk: Cell_D_00000 37037
FabOnDisk: Cell_D_00003 0
FabOnDisk: Cell_D_00003 18520
FabOnDisk: Cell_D_00003 37040
FabOnDisk: Cell_D_00003 55560
FabOnDisk: Cell_D_00000 46341
FabOnDisk: Cell_D_00000 51037
FabOnDisk: Cell_D_00000 55733
FabOnDisk: Cell_D_00000 65036
FabOnDisk: Cell_D_00000 83556
FabOnDisk: Cell_D_00003 64864
FabOnDisk: Cell_D_00003 74168
FabOnDisk: Cell_D_00003 78864
FabOnDisk: Cell_D_00003 83560
FabOnDisk: Cell_D_00003 102080
FabOnDisk: Cell_D_00003 111384
FabOnDisk: Cell_D_00003 120688
FabOnDisk: Cell_D_00000 92860
FabOnDisk: Cell_D_00003 125384
FabOnDisk: Cell_D_00003 143904
FabOnDisk: Cell_D_00002 255195
FabOnDisk: Cell_D_00000 97554
FabOnDisk: Cell_D_00000 116072
FabOnDisk: Cell_D_00000 134590
FabOnDisk: Cell_D_00000 143892
FabOnDisk: Cell_D_00000 162410
FabOnDisk: Cell_D_00000 180928
FabOnDisk: Cell_D_00000 199446
FabOnDisk: Cell_D_00000 208748
FabOnDisk: Cell_D_00000 218050
FabOnDisk: Cell_D_00000 227352
FabOnDisk: Cell_D_00000 236654
FabOnDisk: Cell_D_00000 241348
FabOnDisk: Cell_D_00000 259868
FabOnDisk: Cell_D_00003 162424
FabOnDisk: Cell_D_00003 180944
FabOnDisk: Cell_D_00003 190248
FabOnDisk: Cell_D_00003 208768
FabOnDisk: Cell_D_00003 218072
FabOnDisk: Cell_D_00003 236592
FabOnDisk: Cell_D_00003 245896
FabOnDisk: Cell_D_00003 264416
FabOnDisk: Cell_D_00003 273720

84,9
6.8058024980133602e-01,-7.2766403338582197e-01,9.9999968110307191e-01,3.5758068228298735e-13,-8.4890322881197790e+03,-2.1333947439756812e+05,3.8317996162595023e+00,-2.2556037339987068e+02,1.0000000000000000e+00,
2.5156248052386054e-01,-5.9922715598785670e-01,9.9996835648452043e-01,1.4133026559857168e-12,-2.1944302061743656e+03,-1.2747421942438086e+05,7.4627108371188022e-01,-2.1450431042533521e+02,1.0000000000000000e+00,
5.4345037737707169e-01,-3.3593005119477826e-01,9.9999999999733280e-01,2.1986985579367090e-12,3.2389352794113711e+04,-6.5382324075151519e+04,6.6824171272941157e-03,-2.9368420103172411e+02,1.0000000000000000e+00,
7.3120589027077809e-01,-6.6453958837983607e-01,9.9994748116600241e-01,1.2441745937592086e-12,3.1375624855851129e+04,-3.0086602239228523e+04,9.3401205712917879e+00,-2.9701391870410964e+02,1.0000000000000000e+00,
5.7997282224572877e-01,-4.6260842650570932e-01,9.9994038612319258e-01,1.4159996747503096e-12,6.6156268740859014e+04,-2.1598719848758265e+04,3.0039131286959332e+01,-7.5137946747484079e+01,1.0000000000000000e+00,
6.4123371289462572e-01,-5.2670871524526441e-01,9.9985931600328615e-01,1.2456486900968133e-12,1.5847063902204172e+04,-1.4788428606786183e+05,3.3298893754134156e+00,-2.7656563009013689e+02,1.0000000000000000e+00,
5.5648153292947689e-01,-3.1461204540260357e-01,9.9997420283730398e-01,1.7463458867087442e-12,-1.8628886839911138e+04,-5.8057468470730055e+04,5.1188181829074892e+00,-2.3303332293175356e+02,1.0000000000000000e+00,
2.9576498028017839e-01,-3.9994046926326898e-01,9.9999757838457748e-01,1.9027411569262344e-12,9.8940964550642457e+04,-3.8745489135357093e+04,5.9506582687997991e+00,-1.8056133284733045e+02,1.0000000000000000e+00,
2.8904814455292066e-01,-7.0999452127046170e-01,9.9998847458921991e-01,1.9059957262735594e-12,2.5858757820524261e+05,-3.8320510509315500e+04,3.5476246448143769e+00,-2.1150326104563311e+02,1.0000000000000000e+00,
-3.7174988035617879e-01,-6.3656682706348955e-01,9.9999626485318494e-01,1.9096076792966894e-12,3.1295883454725880e+05,-5.9120111910456035e+04,8.7960895403168138e-01,-2.6178119738411669e+02,1.0000000000000000e+00,
4.3406186079712122e-01,-6.7920709480248032e-01,9.9997646471818069e-01,1.9129154720014954e-12,1.3660999616399832e+05,-3.4026690772409982e+05,5.9787523745301314e+00,-3.0837382825497502e+02,1.0000000000000000e+00,
4.8028599994918253e-01,-6.9210458880063774e-01,9.9999178138304801e-01,6.9345164151163409e-13,-2.2922444600797462e+04,-1.1649056746190181e+05,7.1541635625636388e+00,-6.1957765854164984e+02,1.0000000000000000e+00,
5.3190419688143797e-01,-8.9719598659095945e-01,9.9998612332035353e-01,8.7347047153392793e-13,-2.8656595815155015e+04,3.8500876737129147e+04,2.9415662904136752e-01,-4.8136940795509486e+02,1.0000000000000000e+00,
6.9633359577057963e-01,-6.9268953720495818e-01,9.9995909662738069e-01,6.7564075494793620e-13,8.1831447544450202e+04,-4.9020494438772585e+04,3.7788848908195121e+00,-6.4065824860565556e+02,1.0000000000000000e+00,
5.7777373256781583e-01,-8.1853380931019903e-01,9.9992464088333932e-01,8.3843420314256961e-13,8.6318317230853427e+04,-2.2209105713921599e+05,2.4587375750951423e-01,-3.8252829455686742e+02,1.0000000000000000e+00,
2.4485532275619976e-01,-6.0392419735659841e-01,9.9992367342258615e-01,6.6311697758841533e-13,-5.5550861703037663e+04,-1.2607864414343640e+05,9.2385791556520758e-01,-6.0915815869728533e+02,1.0000000000000000e+00,
-2.0298983815705418e-01,-1.5673415937303146e+00,0.0000000000000000e+00,0.0000000000000000e+00,-1.0632926222171751e+04,-1.3344190453123581e+05,0.0000000000000000e+00,-5.0529663068830837e+02,0.0000000000000000e+00,
8.2743886356748564e-02,-8.8213534954070028e-01,9.9999840390623806e-01,2.6728400194196147e-13,6.8813556252454873e+04,-6.1501626211138500e+04,6.4233855240996007e-01,-3.1603959660541898e+02,1.0000000000000000e+00,
-4.6163126683019917e-02,-2.7539352972071662e-01,9.9997838604305311e-01,2.6474748695397832e-13,1.5780252810345701e+05,-1.0225956521732733e+05,2.2457722651654421e+00,-4.0626480805493429e+02,1.0000000000000000e+00,
9.3851835461206701e-01,-6.4042934340823898e-01,9.9999795597322061e-01,2.6342281016993663e-13,-7.4712451372353826e+03,-4.8947375844872149e+05,3.8320045430334773e+00,-4.2163554758960208e+02,1.0000000000000000e+00,
4.7575126168727366e-01,-6.6060863156877314e-01,9.9999987103541088e-01,9.7780302105381419e-13,-1.4931337080652156e+04,-2.1655394068573223e+05,5.7742949724903951e+00,-6.3114464194350262e+02,1.0000000000000000e+00,
4.9697097568888587e-01,-7.9981970436672878e-01,9.9991993429871151e-01,9.7406584746208683e-13,8.0203909843658766e+04,-9.5527044345719332e+03,6.4209048193390572e-02,-5.8993660654064888e+02,1.0000000000000000e+00,
1.1688676619480862e+00,-6.7723318434948987e-01,9.9987964397998852e-01,9.6972557255184348e-13,-5.1209437870182592e+04,-3.0214852618332370e+05,3.4053255020207729e+00,-2.8973635124390330e+02,1.0000000000000000e+00,
4.9796178866633756e-01,-4.7021028265422998e-01,9.9986244375718081e-01,1.2560598015511423e-12,-7.2012846049029395e+04,-1.4279180353091579e+05,1.9311636463908314e+01,-2.6577377283295459e+02,1.0000000000000000e+00,
8.1936825141816438e-01,-4.8753654904182442e-01,9.9997289718682869e-01,4.3237266543836230e-13,-1.1335773014573570e+05,-3.5841100200641522e+05,1.1089640735272521e+00,-5.1940414751026481e+02,1.0000000000000000e+00,
1.2206537518086433e+00,-1.0092939157822761e-01,9.9995985189588277e-01,1.1694358797720283e-12,-6.9010945628021000e+04,-2.3379009480275563e+05,7.7108377289354166e+00,-2.9668800608887881e+02,1.0000000000000000e+00,
-3.0119406633801138e-02,-1.7173118319883651e-01,9.9991378118476282e-01,1.5051438702008346e-12,4.6065943726622208e+03,-1.1084417708105502e+05,3.3191772767327450e+00,-7.1877924359690155e+00,1.0000000000000000e+00,
3.2186757473456395e-01,-1.4335536834876211e-01,9.9989612828865115e-01,1.5134906064019365e-12,2.0389206898258635e+04,-1.1688078136537915e+05,5.4682315432900737e+00,-7.0835218422845458e+01,1.0000000000000000e+00,
1.7479034478107469e-01,-7.6277664572543091e-01,9.9978239790766843e-01,1.6781500746476327e-12,-6.1072199977000309e+04,-1.9500745997756004e+05,1.7741077783302472e+00,-9.6867862274779085e+01,1.0000000000000000e+00,
2.8998333636374796e-01,-4.8819485091540055e-01,9.9996182373772258e-01,2.6049179997492479e-13,-3.5570525953458855e+03,-1.9625082630172838e+05,1.3153967785092107e+00,-7.1034598661072175e+02,1.0000000000000000e+00,
4.9040597445321676e-01,-3.7720380422741201e-01,9.9996567071797982e-01,2.6031594806189723e-13,5.4804328478057869e+02,-2.0690316314449592e+05,1.3084534066342712e+00,-7.0923004310713986e+02,1.0000000000000000e+00,
4.8456066493370126e-01,-5.1616830888636622e-01,9.9997774659896599e-01,5.1031399640748832e-13,-7.8683690759586170e+03,-4.8889082361166948e+04,1.1744250835093084e+01,-5.2581774325434731e+02,1.0000000000000000e+00,
-1.2830417519382781e-01,-7.2077744817095635e-01,0.0000000000000000e+00,0.0000000000000000e+00,-1.0737450790268413e+05,-2.3889908716819191e+05,0.0000000000000000e+00,-3.1749103086382723e+02,0.0000000000000000e+00,
-1.5743816500593627e-01,-2.0723171405654214e-01,0.0000000000000000e+00,0.0000000000000000e+00,0.0000000000000000e+00,-5.3710094238625243e+04,0.0000000000000000e+00,-2.8126754273730336e+02,0.0000000000000000e+00,
0.0000000000000000e+00,0.0000000000000000e+00,0.0000000000000000e+00,0.0000000000000000e+00,0.0000000000000000e+00,0.0000000000000000e+00,0.0000000000000000e+00,0.0000000000000000e+00,0.0000000000000000e+00,
-3.5345035578360945e-01,-2.8258211368083153e-01,0.0000000000000000e+00,0.0000000000000000e+00,-3.7044994974363726e+04,-1.2210981673755559e+05,0.0000000000000000e+00,-1.2047129900687818e+02,0.0000000000000000e+00,
6.9521583109980456e-01,-5.3576574568822510e-01,9.9987970216630639e-01,1.5318037601445127e-12,5.5120809969364927e+03,-1.6990070825317616e+05,6.4121150696075802e-01,-2.6732367529770488e+02,1.0000000000000000e+00,
1.1079836730083081e+00,-9.0481194054670699e-01,9.9999647846186468e-01,2.0628843907927313e-12,-2.1403636720314607e+05,-4.0170410321526433e+05,4.7988372997366469e+00,1.9549794792042329e+02,1.0000000000000000e+00,
1.2057442960878832e+00,-8.5598840133399900e-01,9.9999999999980815e-01,2.2079811096683587e-12,-1.6121429063290797e+05,-6.5107165565592186e+04,2.8548528299681493e+01,1.6301960621651904e+02,1.0000000000000000e+00,
-2.3291285799078795e-01,-2.7856809518111059e-01,0.0000000000000000e+00,0.0000000000000000e+00,-3.7144007802235137e+04,-9.1872996875151875e+04,0.0000000000000000e+00,-6.5224757321492291e+02,0.0000000000000000e+00,
0.0000000000000000e+00,-8.7767031863029243e-01,0.0000000000000000e+00,0.0000000000000000e+00,-2.3224638043187726e+04,-4.9630057845308474e+04,0.0000000000000000e+00,-2.3556930821306355e+02,0.0000000000000000e+00,
-3.6275177192420899e-01,-1.1030048814986779e+00,0.0000000000000000e+00,0.0000000000000000e+00,-1.0933279833708730e+05,-1.0836600140361952e+05,0.0000000000000000e+00,-3.1005008780971616e+02,0.0000000000000000e+00,
5.6029788321913676e-01,-6.5460170222848557e-01,9.9990970247636290e-01,1.7637629139845616e-12,-8.7148866591178288e+04,-2.3287124203454331e+05,4.2238209861395859e-01,-2.6376734711711566e+02,1.0000000000000000e+00,
5.5408955983976271e-01,-6.8506738482439311e-01,9.9996856802924583e-01,1.9151125947916688e-12,8.9280969031651694e+02,-1.5967830636664730e+05,1.4286560807743740e+00,-2.6545783964667623e+02,1.0000000000000000e+00,
1.2768971877164192e-01,-5.9274645805221515e-01,9.9999367727903354e-01,2.0637987665372846e-12,-2.9435513105797145e+04,-1.5200672466750565e+05,1.0786595820238347e+01,-5.5398926468074265e+01,1.0000000000000000e+00,
4.6030275835756890e-01,-8.4632388480216558e-01,9.9999999974658615e-01,2.2089186022506953e-12,-3.2610574730186363e+04,-5.3239197875351601e+04,1.0653840006156123e+01,1.6342647897496175e+02,1.0000000000000000e+00,
4.6207117359164146e-01,-7.7567438408619072e-01,9.9979624197447003e-01,1.4580828640167791e-12,2.5392060348052109e+04,-1.2900322450823223e+05,1.6158844920471495e+01,-2.0738609305920255e+02,1.0000000000000000e+00,
4.2175542476613981e-01,-5.0277658360385491e-01,9.9995100804793746e-01,1.6104886004158668e-12,5.8215037270140965e+04,-5.2049784210624784e+04,2.5452326421285534e+00,-2.1310626492659952e+02,1.0000000000000000e+00,
1.4915141812994248e+00,-5.7655933474160204e-01,9.9985760653965428e-01,9.4116331333764931e-13,-4.9752002728722437e+04,-1.6794501660910828e+05,1.5314365216052579e+00,-2.0436715630428046e+02,1.0000000000000000e+00,
3.8790740817510744e-01,-7.8854495400843150e-01,9.9984796198406745e-01,1.4414866111272595e-12,-1.1738922746655153e+05,-1.7642144527102282e+05,6.6923285989241492e+00,-2.6089692781090321e+02,1.0000000000000000e+00,
1.1284013599836646e+00,-6.6990365181193923e-01,9.9938109985638923e-01,1.6037196782777870e-12,1.3372122773034971e+04,-2.5719528086475603e+05,3.5368219263489209e-01,-2.2455812239036112e+02,1.0000000000000000e+00,
7.3712771475400696e-01,-8.4439391710473266e-01,9.9999134255333899e-01,1.4354432432123088e-12,-1.7392617683743592e+05,-2.2688850800733126e+05,5.3023542172387579e+00,-4.2364594655376368e+02,1.0000000000000000e+00,
1.0464826776669969e+00,-6.9290377238091772e-01,9.9978779271357354e-01,1.6003487202470879e-12,2.2524271956901430e+04,-8.3103792214192072e+04,1.7988270783348895e+01,-3.2704648204720013e+02,1.0000000000000000e+00,
7.9069112641739903e-01,-1.1784956139709143e-01,9.9997271044364577e-01,1.9907839713456566e-12,-5.1912484136423700e+03,-1.4368757463118836e+05,1.8166151895645385e+01,-2.4341950747210234e+02,1.0000000000000000e+00,
-4.4571623952746686e-01,-5.5512143614347587e-01,9.9998437749841396e-01,2.0649744727976381e-12,7.5744176538731976e+04,-1.3736527145328993e+05,2.7592424311238233e+00,-2.4935436437353991e+02,1.0000000000000000e+00,
7.4434689716872970e-01,-4.6005815806869504e-01,9.9999452936901456e-01,2.2103889267473799e-12,5.7158663248341691e+04,-6.3372647159373628e+03,2.7008117047410281e+00,1.6093464046262193e+02,1.0000000000000000e+00,
-1.1959278606562584e-01,-6.8096030155459120e-01,9.9995588986725037e-01,2.0652072620286354e-12,1.2953084742956699e+05,-1.6177494848416518e+04,1.6591361452923536e+01,-2.5646601363517726e+02,1.0000000000000000e+00,
1.0965366754102726e+00,-4.0180480713409544e-01,9.9999999568946740e-01,2.2112562706965855e-12,1.2920149923701347e+05,-3.0991091305266127e+04,7.2362889806415183e+00,1.7300336693920141e+02,1.0000000000000000e+00,
9.9816680053340412e-01,-7.2637181339120160e-01,9.9990433260308620e-01,8.6362142106311114e-13,-7.4893446981253510e+04,-7.0008122394443490e+03,4.3218513065789097e+01,-1.5716864077252779e+02,1.0000000000000000e+00,
7.4537509631766508e-01,-6.4305741494005064e-01,9.9976358200857840e-01,1.6805144044214252e-12,-1.5647737506639643e+05,-2.7677840772450581e+05,3.3247825038917398e+00,-2.6865923870168621e+02,1.0000000000000000e+00,
8.5670689223178065e-01,-6.2878977957882276e-01,9.9998372641366906e-01,1.8374767488402763e-12,-1.0503294794750345e+05,-2.1106265943452690e+05,5.3683384749240872e+00,-3.4363601741817934e+02,1.0000000000000000e+00,
3.7284447018563227e-01,-3.0579751257562110e-01,9.9997286069935187e-01,2.6167715991680782e-13,-1.6747243631437595e+04,-1.1020837251359771e+05,4.0512184715382205e-01,-6.3903808090406415e+02,1.0000000000000000e+00,
4.2194829263851141e-01,-5.8728998705708246e-01,9.9981506369496309e-01,4.3078574301784115e-13,-7.1729610564593168e+04,7.1898455648704839e+03,2.8900593193276052e+00,-5.7924902402549787e+02,1.0000000000000000e+00,
7.2154656502579217e-01,-7.6528231254685231e-01,9.9988837356027649e-01,5.9624880735394000e-13,-2.9650964998244308e+04,5.5328351989099610e+04,4.7025154293245350e+00,-6.0436871902421217e+02,1.0000000000000000e+00,
6.6729927786780641e-01,-4.3318334593923924e-01,9.9997645564146664e-01,7.5711974451701480e-13,7.7731640018475446e+04,2.1295148675332894e+04,4.0576896487987142e+00,-5.2232155530110776e+02,1.0000000000000000e+00,
4.0018755048127386e-01,-2.3010756875582769e-01,9.9993805080098730e-01,2.6439326175290577e-13,3.4813891362056893e+04,5.6526893842295976e+03,1.8597820016532651e-01,-6.2043810069044355e+02,1.0000000000000000e+00,
9.8816480276331276e-01,-5.5972273602517808e-01,9.9999559098696189e-01,4.3669073315258377e-13,3.4539883744953841e+04,1.6901793462569185e+04,3.7894443186776812e+00,-5.0471749787117164e+02,1.0000000000000000e+00,
6.4286401447419705e-01,-6.9070758143510302e-01,9.9991606526832122e-01,6.0895626639290939e-13,5.1001384133646206e+04,-3.6963694735808531e+04,1.5974318526362026e+01,-4.0082390792028644e+02,1.0000000000000000e+00,
2.7182544782740298e-01,-2.9057379603163463e-01,9.9996386689598049e-01,7.8456496085443744e-13,1.1574198099675705e+05,-8.3932002758170711e+04,1.7744211447057424e+01,-1.7699755356738052e+02,1.0000000000000000e+00,
1.0722792243645889e+00,-7.4131607941744271e-01,9.9999971147027089e-01,2.6740403663473218e-13,-9.8527243218224612e+03,2.8982860077529040e+04,1.5489003881502867e+00,-5.5857146635048912e+02,1.0000000000000000e+00,
8.6004268424128905e-01,-7.0593784467115839e-01,9.9999704303779369e-01,4.4252039912575137e-13,-8.3477087080784258e+03,-9.0026178891959717e+03,6.3449540854233248e+00,-4.2522987900681483e+02,1.0000000000000000e+00,
8.8640377215104249e-01,-3.1990701731117044e-01,9.9999986987667211e-01,6.1869477988587324e-13,-2.0393663644410117e+04,-7.8015574448732514e+04,1.4615382284986254e+00,-3.2280076685263327e+02,1.0000000000000000e+00,
5.9471501451419573e-01,-2.3394483758662063e-01,9.9999689799240132e-01,7.9762738830360870e-13,1.9986991709926951e+04,-2.2228771723319223e+05,4.2142894388928354e+01,-2.1738998115979660e+02,1.0000000000000000e+00,
1.0411882334157796e+00,-6.4637255275283589e-01,9.9981104377874030e-01,1.2607380428465667e-12,-1.2817649970876773e+05,-2.9966063096261420e+05,2.0745837006188594e+00,-4.0257083797611472e+02,1.0000000000000000e+00,
1.2122492327408541e+00,-4.3629752323821591e-01,9.9998653680310212e-01,1.2564917190027491e-12,-9.0048328457200842e+04,-1.3885342831788986e+05,1.7356693572824952e+01,-4.0250729132743709e+02,1.0000000000000000e+00,
4.4072369896869729e-01,-8.9682123669475744e-01,9.9987946227335311e-01,1.5122607280612691e-12,1.5134248467338693e+04,-1.2869322172312932e+05,4.4515663383041328e+00,-5.8915567665985122e+02,1.0000000000000000e+00,
4.7151755126243167e-01,-6.8478116609401340e-01,9.9995614667251875e-01,1.6764928117727768e-12,6.5805942687732386e+04,-1.3366488739492453e+05,1.9501663550595083e+00,-4.1090487135682378e+02,1.0000000000000000e+00,
3.4917627986868260e-01,-5.1489655705576010e-01,9.9996597406134391e-01,1.9896609424568608e-12,-3.9576138297283251e+03,-1.8823276140107363e+05,4.4536190784875203e+00,-3.5052172189915149e+02,1.0000000000000000e+00,
7.8050167963195749e-01,-1.0395859867395614e+00,9.9999999226028957e-01,2.1389688417815917e-12,3.8259917520431372e+04,-1.0732725417001020e+05,1.5190531416620559e+00,1.1368371427366233e+01,1.0000000000000000e+00,
1.1483085076826008e-01,-3.8045482768012667e-01,9.9997460448717990e-01,2.0648686427459983e-12,-2.1004767038052978e+04,-3.6617231580485340e+05,5.5748217235757735e+00,-3.9072645023755047e+02,1.0000000000000000e+00,
9.4898917835043561e-01,-9.2376272463978559e-02,1.0000000000003253e+00,2.2120534232539869e-12,1.6906104996760543e+04,-5.6958428557116713e+04,3.3151594255926398e+00,2.3978056856852220e+01,1.0000000000000000e+00,
3.0019167896390814e-01,-6.1942947887719169e-01,9.9999999999453282e-01,2.0648733851662975e-12,-2.0761540505849596e+04,-9.5230592572057329e+04,2.2783691039708742e-01,-3.9063386977025050e+02,1.0000000000000000e+00,
5.0670245768902589e-01,-5.2655773602320988e-01,1.0000000000000266e+00,2.2125209965629031e-12,2.6408296371005097e+04,-1.5428431387881713e+05,1.0208135769087050e+01,-1.1638980631573837e+02,1.0000000000000000e+00,
4.4468081743333115e-01,-1.1293538910735537e+00,9.9995446352365314e-01,1.6730612508499063e-12,3.9771458500337212e+04,-1.6038818368377653e+05,1.9700017094575628e-01,-4.3915187889567540e+02,1.0000000000000000e+00,

84,9
1.5519701923170450e+00,6.1799417974376369e-01,1.0000438897906567e+00,5.2605673729770973e-13,3.1452682816613378e+05,2.5885352420641502e+05,4.9617475699054503e+03,2.3356530164351318e+02,1.0000000000000000e+00,
1.4330812139722826e+00,7.4068541880414696e-01,1.0000719668734981e+00,1.5723080220063741e-12,3.0298157719591761e+05,2.5878101847127726e+05,4.8709299517268209e+03,2.4451138422769415e+02,1.0000000000000000e+00,
1.5467109867198685e+00,9.7655894196028981e-01,1.0000000000011611e+00,2.2625977898354802e-12,2.3836307739010773e+05,1.7518515418496082e+05,3.7259015778797193e+03,-9.6617798565749169e+01,1.0000000000000000e+00,
1.4542264075543168e+00,6.1954592961886670e-02,1.0000083383069323e+00,1.4072370453227905e-12,3.1883243322776217e+05,2.5799528449359239e+05,3.3797814359939634e+03,1.0724854526444440e+02,1.0000000000000000e+00,
1.1718858714197784e+00,4.9115968589657200e-01,1.0000663230217941e+00,1.4915277840397528e-12,2.9373565869126178e+05,2.6339095762962097e+05,4.3164752822170540e+03,2.4493443317921069e+02,1.0000000000000000e+00,
1.7961945139339530e+00,4.4415718712580166e-01,1.0000346155928377e+00,1.4138915438883256e-12,3.4355824094028794e+05,1.9707985466854152e+05,4.7626275319501165e+03,1.3545122516769109e+02,1.0000000000000000e+00,
1.4704994991256448e+00,8.9280929178776702e-01,1.0000471751263673e+00,1.8190011774396203e-12,1.4588783169857599e+05,1.1126528340575678e+05,3.9680865405383429e+03,-1.0711451257642025e+02,1.0000000000000000e+00,
1.4906975055158505e+00,8.3551105924157687e-01,1.0000020007215178e+00,2.0472468986770466e-12,2.9015563754832890e+05,2.4315967389971158e+05,6.1017908619988211e+03,4.7701599449026679e+02,1.0000000000000000e+00,
1.3271793982368094e+00,7.5194863671577539e-01,1.0000560773297171e+00,2.0498841374744678e-12,3.7118928931434709e+05,7.6528564701801224e+04,6.3213157622893723e+03,5.7895839124654026e+02,1.0000000000000000e+00,
1.5460419198329651e+00,5.6026587246285453e-01,1.0000001927961852e+00,2.0524427614711554e-12,3.8044096514126431e+05,2.8690126949927435e+04,8.3410025254121992e+03,5.7623848241864107e+02,1.0000000000000000e+00,
1.6853833352525385e+00,4.9152330977413439e-01,1.0000470206380503e+00,2.0544995505369258e-12,4.4639760203294829e+05,1.1261885694225284e+05,6.3747439609105741e+03,5.4186959313923319e+02,1.0000000000000000e+00,
1.7900265792946581e+00,2.4558375648451058e-01,1.0000543173956027e+00,8.7274882416764801e-13,1.5998029152617819e+05,5.0858130930170591e+04,6.0825204861105740e+03,-3.4906079768715347e+02,1.0000000000000000e+00,
1.6437424536679159e+00,-2.9103701878293781e-01,1.0000205841782199e+00,9.6463199887390229e-13,1.9806403616791285e+05,2.5928630759368461e+05,4.9135855990832715e+03,-1.4941622920131095e+02,1.0000000000000000e+00,
1.5938616760539377e+00,1.7681247110671056e-01,1.0000256330023616e+00,8.6058310638140714e-13,1.6207813532501823e+05,5.6662932238562644e+04,3.9038812253385377e+03,-3.3794818945864074e+02,1.0000000000000000e+00,
1.6725068323478818e+00,-1.4898836941727375e-02,1.0000901329251637e+00,9.5658831221065733e-13,3.3308535869982513e+05,1.5904288419726799e+05,4.5127241771843237e+03,-7.1654948345665787e+01,1.0000000000000000e+00,
1.2928690875418953e+00,2.5507086161306380e-01,1.0000889673068660e+00,8.2394957853743183e-13,9.5583063398712693e+04,8.5968262846301513e+04,4.3439975072323814e+03,-4.0568237827808372e+02,1.0000000000000000e+00,
1.5671247582869472e+00,0.0000000000000000e+00,1.0000883543019656e+00,9.1963267859889737e-13,1.2647812459027115e+05,0.0000000000000000e+00,9.3669086748165610e+03,0.0000000000000000e+00,1.0000000000000000e+00,
1.1265374845550948e+00,4.6400475745282765e-01,1.0000015741884654e+00,4.3469327415579651e-13,3.5388264944769104e+05,1.8640819957035346e+05,5.4644292342899662e+03,2.1141657564746947e+02,1.0000000000000000e+00,
1.3815330587384747e+00,4.5400242130863910e-01,1.0000020157658105e+00,4.3130690245292998e-13,2.6415454020559043e+05,-1.7753428997326409e+03,6.0609998170666040e+03,1.7296529382674714e+02,1.0000000000000000e+00,
1.7103354567656175e+00,8.3971069238369622e-01,1.0000267112311705e+00,4.2675052422491255e-13,2.4473665933903103e+05,5.9553636496569379e+04,4.4793050556524040e+03,-1.2600785698210302e+01,1.0000000000000000e+00,
1.7415059255918814e+00,5.8908778239576876e-01,1.0000000027591185e+00,1.1473227606365515e-12,3.1800654923116381e+05,1.4745178086264932e+05,5.1153451009140017e+03,-1.5428032503007790e+02,1.0000000000000000e+00,
1.7183243677072175e+00,4.1609093118293133e-01,1.0001258739317682e+00,1.1517148108963291e-12,2.4025730639182439e+05,2.3428415147672131e+05,5.2862011446815159e+03,-2.1271659150651203e+01,1.0000000000000000e+00,
1.8201881866057890e+00,4.3598129218793635e-01,1.0000389142468431e+00,1.1563733146156787e-12,2.1603950112322855e+05,2.7042058345175395e+05,5.1437242935343575e+03,-2.3679703708521572e+01,1.0000000000000000e+00,
1.7899881874478241e+00,9.0449709192847227e-01,1.0001391804755198e+00,1.4347798227046877e-12,2.1201573717092397e+05,2.5236528721266150e+05,5.6731474036536802e+03,4.9517917562331945e+01,1.0000000000000000e+00,
1.8715905016788943e+00,1.4663301702387210e+00,1.0001305398930591e+00,5.9540157369772799e-13,1.9926810533685930e+05,4.5574803002625413e+04,4.6742667029108261e+03,-3.6359735323472444e+02,1.0000000000000000e+00,
1.8302272633447805e+00,5.2913741250784929e-01,1.0000323545906216e+00,1.2641666332354172e-12,2.1099957867290068e+05,1.9521925058223351e+05,2.8035524866904639e+03,-1.4320554867457702e+02,1.0000000000000000e+00,
1.3066233584450826e+00,7.5453848588356465e-01,1.0000553659596487e+00,1.5841985581169138e-12,1.7221716460122861e+05,7.1375313017924782e+04,5.2102139104776243e+03,1.4567159702958719e+02,1.0000000000000000e+00,
1.5584997619642746e+00,6.6312109936087871e-01,1.0000428802438759e+00,1.5934603321448834e-12,1.7778589175253327e+05,3.3759532672735077e+04,4.8799668585948002e+03,1.4618191581653505e+02,1.0000000000000000e+00,
1.9609874884469665e+00,8.7230566953477873e-01,1.0004798152707626e+00,1.8276352437619735e-12,1.8981851353751935e+05,2.2758481143845728e+05,8.6048257805150442e+03,8.0290953148404668e+01,1.0000000000000000e+00,
1.7069377293198369e+00,7.0949909660141985e-01,1.0000367933263541e+00,4.2147249587955392e-13,2.0475809396248369e+05,9.2751206438036752e+04,5.6846287170333471e+03,-4.8115772746371169e+02,1.0000000000000000e+00,
1.6120433272524122e+00,2.3879356110398939e-01,1.0000659061924442e+00,4.1773622505357326e-13,2.1646642235163454e+05,1.1048529836982343e+05,3.5063392966736492e+03,-4.9710920727652945e+02,1.0000000000000000e+00,
1.6097056201761000e+00,3.5926003818523500e-01,1.0000132638625026e+00,5.8979994509576211e-13,1.5831168904195074e+05,8.2238702156492218e+04,5.1625878412475686e+03,-4.0772245786804865e+02,1.0000000000000000e+00,
2.2972527725435876e+00,7.3100730389512369e-01,1.0000317107489405e+00,1.2308567496071649e-12,1.2363591739763762e+05,2.1964889941934962e+05,8.7789447212446321e+03,4.8276605342574442e+01,1.0000000000000000e+00,
1.6539884316694977e+00,1.2137149287518276e+00,1.0000468376812468e+00,1.3865027250017773e-12,2.4945018251122418e+05,1.9700011948218598e+05,8.3085675717059275e+03,6.4618874540169003e+01,1.0000000000000000e+00,
0.0000000000000000e+00,0.0000000000000000e+00,0.0000000000000000e+00,0.0000000000000000e+00,0.0000000000000000e+00,0.0000000000000000e+00,0.0000000000000000e+00,0.0000000000000000e+00,0.0000000000000000e+00,
9.9260498809790398e-01,1.2706889064845335e+00,1.0000006561037125e+00,1.3964448002836004e-12,6.6609844333027198e+04,4.1740791249227375e+04,1.1395888201668276e+04,0.0000000000000000e+00,1.0000000000000000e+00,
1.7995196480809577e+00,7.1475296886053752e-01,1.0000494260370747e+00,1.6787898312273614e-12,2.5195796305141048e+05,2.1913466457311332e+05,3.8944247746158062e+03,2.4007390521361600e+01,1.0000000000000000e+00,
2.5061690914947614e+00,8.1173597499547279e-01,1.0000024505330227e+00,2.1998686674843707e-12,1.8125918810801924e+05,2.2896625939427577e+04,4.4165022404204228e+03,5.1798086695587165e+02,1.0000000000000000e+00,
2.3391009424038014e+00,3.6469068451036935e-01,1.0000000000071150e+00,2.2709418475276576e-12,-2.6225600387430859e+04,1.0166715522383220e+05,3.6719162569010650e+03,2.9277369785227052e+02,1.0000000000000000e+00,
1.8198217679284554e+00,1.5549595844275550e+00,1.0000145102342093e+00,9.2180745632631189e-13,3.3672856235688669e+05,3.3345875586311449e+05,1.0320820497202958e+04,0.0000000000000000e+00,1.0000000000000000e+00,
2.4852904663694506e+00,7.4218918700581260e-01,1.0000021694006898e+00,1.2332171367623425e-12,1.3151024909388268e+05,1.0357470040973712e+05,9.5540164044515659e+03,3.6239244727502864e+01,1.0000000000000000e+00,
2.0244548253695975e+00,3.5083552807862617e-01,1.0000391465779030e+00,1.3545318133022803e-12,4.9998837475404071e+04,9.7767728812616406e+04,1.0073189930099537e+04,0.0000000000000000e+00,1.0000000000000000e+00,
1.9993662190450614e+00,5.8374456340735648e-01,1.0001187443852264e+00,1.9063237370976191e-12,7.9096971652118547e+04,1.8574343288991423e+05,5.6132894922725809e+03,-9.8388032093836614e+01,1.0000000000000000e+00,
1.9059565807368677e+00,6.6309053259203943e-01,1.0000428518097921e+00,2.0557088564865174e-12,1.7145679798428496e+05,1.7261996910457392e+05,5.0156750161063555e+03,1.5277633699033032e+02,1.0000000000000000e+00,
1.5195152579491964e+00,7.5623434923196409e-01,1.0000043026588594e+00,2.2013730385765971e-12,1.1747373335471703e+05,-1.4108311500408581e+04,5.7276747449952773e+03,2.5749677098860752e+02,1.0000000000000000e+00,
1.1565015391662066e+00,3.6814518592930756e-01,1.0000000000045868e+00,2.2725575912774014e-12,6.7925249053100648e+04,3.8239465482331070e+04,3.1070566387907588e+03,2.3886409525919788e+02,1.0000000000000000e+00,
1.5091956297252740e+00,3.0837805703602078e-01,1.0005139166627235e+00,1.5283470379235366e-12,1.7392161975991548e+05,1.1243338242878781e+05,3.7203471089084651e+03,-5.2159719542146661e+01,1.0000000000000000e+00,
1.3393440099937577e+00,4.9787787035772119e-01,1.0000020927985369e+00,1.6787268395280112e-12,2.0762229281395813e+05,1.3295956621884397e+05,4.6033096157648952e+03,5.3319151395314464e+00,1.0000000000000000e+00,
2.3247095013787082e+00,5.8056584287013491e-01,1.0000833007117211e+00,1.1903814318895720e-12,2.1825812776410239e+05,2.3842975080257238e+05,3.3607936579941847e+03,-1.4858817908349693e+01,1.0000000000000000e+00,
1.7286767542914157e+00,4.0574469856403267e-01,1.0004741583430987e+00,1.6005235256569272e-12,1.2263546114427991e+05,1.6815416295261093e+05,3.9548978097393338e+03,-8.9535910874151114e+01,1.0000000000000000e+00,
1.8093875285244914e+00,1.5901521778059458e-01,1.0003128174800437e+00,1.6773605274799046e-12,2.3084611373420013e+05,1.6245847487089195e+05,4.5640330943072177e+03,3.0909808601580124e+01,1.0000000000000000e+00,
1.6140561714366237e+00,2.7090722208947382e-01,1.0000447609632759e+00,1.5932909722941863e-12,9.6386115138418609e+04,3.0487644947122317e+04,3.6765728259720890e+03,-2.4350067947150194e+02,1.0000000000000000e+00,
1.3202029831784845e+00,-4.4431046875882681e-02,1.0000985015509207e+00,1.6727257054889254e-12,6.5972340743226960e+04,-4.8574198587673345e+04,1.5341426185240505e+03,-1.9779397796054886e+02,1.0000000000000000e+00,
1.2594437068508493e+00,7.8642876552466323e-01,1.0000055250428117e+00,2.0559450863704178e-12,1.8188943464081475e+05,9.8780909768908619e+04,1.3981834066320123e+03,-8.2866014545400702e+01,1.0000000000000000e+00,
2.0028341804565595e+00,8.4116263092154941e-01,1.0000374797456875e+00,2.2022280608941667e-12,2.2355981836357422e+05,5.6522272022754805e+03,1.1167648907595310e+04,1.5066134996788168e+02,1.0000000000000000e+00,
1.5227176945108902e+00,1.0203867205813164e-01,1.0000000078519056e+00,2.2736204211717851e-12,1.5994694069810412e+05,6.0243105711712633e+04,2.8127361856055268e+03,3.3493007432366795e+02,1.0000000000000000e+00,
1.7419536874582486e+00,1.0410128367322182e+00,1.0000001398770051e+00,2.2025223726005562e-12,2.3713979199077038e+05,8.3994847335946717e+04,9.8068585521142995e+03,1.5701917237770556e+02,1.0000000000000000e+00,
1.6822027258495948e+00,3.7026954229349318e-01,1.0000197698347109e+00,2.2740366268397773e-12,1.6956631474530441e+05,1.5400211634264815e+04,5.0830244398558898e+03,3.4163729888919198e+02,1.0000000000000000e+00,
1.9034801265926129e+00,5.6087079555377017e-01,1.0000239948390091e+00,9.5988106144502357e-13,1.7567892625806708e+05,2.9334540639014670e+05,3.9325765510546448e+03,1.1829123795038811e+01,1.0000000000000000e+00,
2.4086291851860726e+00,7.7778615613499513e-01,1.0003379603789557e+00,1.8297802686511570e-12,9.3128446599099145e+04,9.8005572356740420e+04,6.5392455825250327e+03,-4.0072235394519566e+01,1.0000000000000000e+00,
2.1821680472376221e+00,6.7268784628883782e-01,1.0000066820303370e+00,1.9814437555816401e-12,1.9588011375265705e+05,9.9543024534821961e+04,3.1487566962356764e+03,-2.2841085294037578e+02,1.0000000000000000e+00,
1.7572452098936289e+00,4.9208958637943034e-01,1.0000710615552213e+00,4.2556520681451778e-13,1.8378580992960342e+05,3.3816626758105122e+04,5.7212027738406005e+03,-5.1499907283547418e+02,1.0000000000000000e+00,
1.5454099096914555e+00,5.3473672752167678e-01,1.0000235189591917e+00,5.9745045974258122e-13,4.9358275647451228e+04,9.6982740619435936e+04,5.2806524944652801e+03,-4.1719825307471706e+02,1.0000000000000000e+00,
1.6645057673131958e+00,2.5490354815610594e-01,1.0000662601179620e+00,7.7215221935310753e-13,1.5571076274695879e+05,3.1994605039682065e+05,4.6744061767471794e+03,-2.1013462295006616e+02,1.0000000000000000e+00,
1.5864643085701613e+00,6.1954444043603552e-01,1.0000086100170964e+00,8.6356195699025912e-13,3.6229261401135952e+05,2.8224070841731009e+05,4.0858129615088601e+03,-6.6987631525347524e+00,1.0000000000000000e+00,
1.4697881001266657e+00,3.6878506543045908e-01,1.0000018100041406e+00,4.3123489208558131e-13,1.3549107858142524e+05,5.5282154298915702e+04,5.4598697740017797e+03,-4.3574241581038621e+02,1.0000000000000000e+00,
1.7080723399018212e+00,5.2253429783932692e-01,1.0000967734995108e+00,6.0713409089073106e-13,5.6958626396465843e+04,5.0532785622198571e+04,3.7493520282551822e+03,-3.3285325993634262e+02,1.0000000000000000e+00,
1.5248586323742184e+00,4.2072002058064306e-01,1.0000513760072836e+00,7.8575671771577776e-13,1.3427124521562509e+05,7.5896746714072651e+04,4.5520188838440727e+03,-1.3842512048943638e+02,1.0000000000000000e+00,
1.6620992191161084e+00,5.4082289970559971e-01,1.0000067312119905e+00,8.7680591768899702e-13,2.7924041901358508e+05,1.1127827919876363e+05,6.0506497328617206e+03,7.1369196470094664e+01,1.0000000000000000e+00,
1.6446489812519980e+00,3.0731904223529938e-01,1.0000000036490282e+00,4.3365621498826452e-13,1.5934884518344334e+05,1.4236331284551125e+05,5.2449385027041162e+03,-3.9399088482621494e+02,1.0000000000000000e+00,
1.6831366087880386e+00,4.5375272667038707e-01,1.0000002822771552e+00,6.1064979017756871e-13,7.1632100438702764e+04,4.4594981460280542e+04,4.4054147056817956e+03,-3.1868904418199128e+02,1.0000000000000000e+00,
1.8457789866715137e+00,6.0122178347450905e-01,1.0000000391674140e+00,7.8964013381115275e-13,1.0365735661275539e+05,2.2324757643938938e+04,4.8420189210965818e+03,-1.5957666905027554e+02,1.0000000000000000e+00,
1.6175614701222099e+00,4.8784176846960331e-01,1.0000431986742448e+00,8.8016102712567388e-13,1.7633589254122562e+05,-5.0039555604475026e+04,3.6643429362144752e+03,1.2118829430707308e+01,1.0000000000000000e+00,
1.8685630510239437e+00,6.5489405289833391e-01,1.0000426127543975e+00,1.4381281017195802e-12,1.7459282024271053e+05,5.2261143977060419e+04,4.3635188419474362e+03,-7.3488920637722742e+01,1.0000000000000000e+00,
1.8731670041267874e+00,5.5233116573405194e-01,1.0000128849734029e+00,1.4242114255938168e-12,1.4926518930184795e+05,1.6175538794006896e+05,3.0765715658118170e+03,-2.6003424820553323e+02,1.0000000000000000e+00,
1.5766638645360709e+00,3.1017653058139882e-01,1.0000907744958158e+00,1.6702627945356725e-12,1.7059628186520713e+05,1.1836836459457845e+05,4.4523693660001127e+03,-2.6613027960434550e+02,1.0000000000000000e+00,
1.1127807313110032e+00,2.1302487503312278e-01,1.0000499561684422e+00,1.7494905292639700e-12,2.0309838898358267e+05,5.2349631856450287e+03,3.0164323869508507e+03,-1.7140160333563733e+02,1.0000000000000000e+00,
1.6024581123202906e+00,1.0227645245350625e+00,1.0000307487650437e+00,2.1299244592930870e-12,4.2733297995495331e+05,1.8203354623521809e+05,5.8386902192333764e+03,1.5561119856726268e+02,1.0000000000000000e+00,
1.7554653176423365e+00,4.0308724120150213e-01,1.0000126068022548e+00,2.2744198673048323e-12,1.4772651093719396e+05,1.8487043753767948e+05,1.0472329758222219e+04,3.2358588667755265e+02,1.0000000000000000e+00,
1.5966603955359318e+00,9.1506705589642390e-01,1.0000000307505132e+00,2.2034245214249150e-12,3.5627903374410718e+05,-1.0237771206487196e+04,6.7582350318969584e+03,1.2516646786566945e+02,1.0000000000000000e+00,
1.3906416250023694e+00,3.4209101941162245e-01,1.0000000000042706e+00,2.2754284867595850e-12,1.7324133433899577e+05,9.7250222714890697e+04,2.2375707386499325e+03,2.3985230097293049e+02,1.0000000000000000e+00,
1.2231055386968344e+00,4.4943039360023473e-01,1.0000000000030083e+00,2.2040816176521277e-12,2.3105073293290462e+05,2.1357340755100214e+05,4.8818783670294142e+03,-3.7464481832125411e+00,1.0000000000000000e+00,
1.2993854905982198e+00,5.8729124425349255e-01,1.0000000000039899e+00,2.2762835111454123e-12,1.4684014916462739e+05,-4.4530213208741727e+04,3.2290534950571209e+03,1.6369823822349358e+02,1.0000000000000000e+00,
1.5600594376573156e+00,1.4455095909174751e-01,1.0001570804878603e+00,1.8246930660130499e-12,2.6865881118283962e+05,1.4272693497462169e+05,4.5064839146072372e+03,-1.2093577423515264e+02,1.0000000000000000e+00,

