1
1
1
1
(6 0
((80,232) (96,248) (1,1))
((96,232) (112,248) (1,1))
((80,248) (96,264) (1,1))
((96,248) (112,264) (1,1))
((80,264) (96,280) (1,1))
((96,264) (112,280) (1,1))
)
6
FabOnDisk: SD_1_New_MF_D_00000 0
FabOnDisk: SD_1_New_MF_D_00000 2974
FabOnDisk: SD_1_New_MF_D_00000 5949
FabOnDisk: SD_1_New_MF_D_00000 8923
FabOnDisk: SD_1_New_MF_D_00000 11898
FabOnDisk: SD_1_New_MF_D_00000 14872

6,1
-7.8868745557126791e+00,
-3.8438839299016253e-01,
0.0000000000000000e+00,
-3.6742549625709520e-01,
-7.8797937501428068e+00,
-3.8432787895545595e-01,

6,1
3.5445781182233715e+00,
5.5005174018782546e+00,
3.5486347050852465e+00,
5.5005174018782546e+00,
3.5486347050852465e+00,
5.5000855400153670e+00,

