1
1
9
0
(64 0
((0,0) (15,15) (0,0))
((16,0) (31,15) (0,0))
((32,0) (47,15) (0,0))
((48,0) (63,15) (0,0))
((64,0) (79,15) (0,0))
((80,0) (95,15) (0,0))
((96,0) (111,15) (0,0))
((112,0) (127,15) (0,0))
((0,16) (15,31) (0,0))
((16,16) (31,31) (0,0))
((32,16) (47,31) (0,0))
((48,16) (63,31) (0,0))
((64,16) (79,31) (0,0))
((80,16) (95,31) (0,0))
((96,16) (111,31) (0,0))
((112,16) (127,31) (0,0))
((0,32) (15,47) (0,0))
((16,32) (31,47) (0,0))
((32,32) (47,47) (0,0))
((48,32) (63,47) (0,0))
((64,32) (79,47) (0,0))
((80,32) (95,47) (0,0))
((96,32) (111,47) (0,0))
((112,32) (127,47) (0,0))
((0,48) (15,63) (0,0))
((16,48) (31,63) (0,0))
((32,48) (47,63) (0,0))
((48,48) (63,63) (0,0))
((64,48) (79,63) (0,0))
((80,48) (95,63) (0,0))
((96,48) (111,63) (0,0))
((112,48) (127,63) (0,0))
((0,64) (15,79) (0,0))
((16,64) (31,79) (0,0))
((32,64) (47,79) (0,0))
((48,64) (63,79) (0,0))
((64,64) (79,79) (0,0))
((80,64) (95,79) (0,0))
((96,64) (111,79) (0,0))
((112,64) (127,79) (0,0))
((0,80) (15,95) (0,0))
((16,80) (31,95) (0,0))
((32,80) (47,95) (0,0))
((48,80) (63,95) (0,0))
((64,80) (79,95) (0,0))
((80,80) (95,95) (0,0))
((96,80) (111,95) (0,0))
((112,80) (127,95) (0,0))
((0,96) (15,111) (0,0))
((16,96) (31,111) (0,0))
((32,96) (47,111) (0,0))
((48,96) (63,111) (0,0))
((64,96) (79,111) (0,0))
((80,96) (95,111) (0,0))
((96,96) (111,111) (0,0))
((112,96) (127,111) (0,0))
((0,112) (15,127) (0,0))
((16,112) (31,127) (0,0))
((32,112) (47,127) (0,0))
((48,112) (63,127) (0,0))
((64,112) (79,127) (0,0))
((80,112) (95,127) (0,0))
((96,112) (111,127) (0,0))
((112,112) (127,127) (0,0))
)
64
FabOnDisk: Cell_D_00000 0
FabOnDisk: Cell_D_00000 18514
FabOnDisk: Cell_D_00000 37029
FabOnDisk: Cell_D_00000 55544
FabOnDisk: Cell_D_00000 74059
FabOnDisk: Cell_D_00000 92574
FabOnDisk: Cell_D_00000 111089
FabOnDisk: Cell_D_00000 129605
FabOnDisk: Cell_D_00000 148122
FabOnDisk: Cell_D_00000 166637
FabOnDisk: Cell_D_00000 185153
FabOnDisk: Cell_D_00000 203669
FabOnDisk: Cell_D_00000 222185
FabOnDisk: Cell_D_00000 240701
FabOnDisk: Cell_D_00000 259217
FabOnDisk: Cell_D_00000 277734
FabOnDisk: Cell_D_00000 296252
FabOnDisk: Cell_D_00000 314767
FabOnDisk: Cell_D_00000 333283
FabOnDisk: Cell_D_00000 351799
FabOnDisk: Cell_D_00000 370315
FabOnDisk: Cell_D_00000 388831
FabOnDisk: Cell_D_00000 407347
FabOnDisk: Cell_D_00000 425864
FabOnDisk: Cell_D_00000 444382
FabOnDisk: Cell_D_00000 462897
FabOnDisk: Cell_D_00000 481413
FabOnDisk: Cell_D_00000 499929
FabOnDisk: Cell_D_00000 518445
FabOnDisk: Cell_D_00000 536961
FabOnDisk: Cell_D_00000 555477
FabOnDisk: Cell_D_00000 573994
FabOnDisk: Cell_D_00000 592512
FabOnDisk: Cell_D_00000 611027
FabOnDisk: Cell_D_00000 629543
FabOnDisk: Cell_D_00000 648059
FabOnDisk: Cell_D_00000 666575
FabOnDisk: Cell_D_00000 685091
FabOnDisk: Cell_D_00000 703607
FabOnDisk: Cell_D_00000 722124
FabOnDisk: Cell_D_00000 740642
FabOnDisk: Cell_D_00000 759157
FabOnDisk: Cell_D_00000 777673
FabOnDisk: Cell_D_00000 796189
FabOnDisk: Cell_D_00000 814705
FabOnDisk: Cell_D_00000 833221
FabOnDisk: Cell_D_00000 851737
FabOnDisk: Cell_D_00000 870254
FabOnDisk: Cell_D_00000 888772
FabOnDisk: Cell_D_00000 907288
FabOnDisk: Cell_D_00000 925805
FabOnDisk: Cell_D_00000 944322
FabOnDisk: Cell_D_00000 962839
FabOnDisk: Cell_D_00000 981356
FabOnDisk: Cell_D_00000 999873
FabOnDisk: Cell_D_00000 1018391
FabOnDisk: Cell_D_00000 1036910
FabOnDisk: Cell_D_00000 1055427
FabOnDisk: Cell_D_00000 1073945
FabOnDisk: Cell_D_00000 1092463
FabOnDisk: Cell_D_00000 1110981
FabOnDisk: Cell_D_00000 1129499
FabOnDisk: Cell_D_00000 1148017
FabOnDisk: Cell_D_00000 1166536

64,9
1.0000043273416985e+00,-6.5089453971644900e-03,9.9999999999993550e-01,4.4940943821921573e-15,-5.7192349602272108e-01,6.8468592010557244e-03,5.3365614384418437e-04,9.0550377377236896e-03,1.0000000000000000e+00,
1.0030592743665208e+00,-5.9111619757970628e-03,9.9999999999988420e-01,1.4474651827983234e-13,-6.2148452798656550e-01,-1.9117593575571740e-01,7.2954002528456685e-05,4.2766630666971808e-03,1.0000000000000000e+00,
1.0062054346484193e+00,-1.0192095231675205e-03,9.9999999999989153e-01,2.8363729994110241e-13,-4.6481357534820067e-01,-2.3364264973197463e-01,1.7218580086048041e-07,1.1111093610860969e-03,1.0000000000000000e+00,
1.0039008442694801e+00,5.3754703991431916e-05,9.9999999999997558e-01,4.1198807644788590e-13,-1.9926403122556924e-01,-1.8518808502085166e-01,2.7421432893456887e-06,2.5398283671907807e-04,1.0000000000000000e+00,
1.0018954585430937e+00,4.6624244174159969e-05,9.9999999999999367e-01,5.2472436062032637e-13,-7.1252055849135298e-02,-7.1081006114606105e-02,9.9656402976827305e-06,7.4292779600615698e-05,1.0000000000000000e+00,
1.0008900006239694e+00,2.5237586006782398e-05,9.9999999999997424e-01,6.1738183901405020e-13,-2.1430920415330647e-02,-2.0476736930908627e-02,1.5971359640636756e-08,2.8214740036634258e-05,1.0000000000000000e+00,
1.0004311304201594e+00,1.1737489542601675e-05,9.9999999999992073e-01,6.8625694469369171e-13,-6.4052817480190960e-03,-5.5930701524000495e-03,8.9925932931665328e-07,1.1296414337760297e-05,1.0000000000000000e+00,
1.0002480319740603e+00,3.6711171453219091e-06,9.9999999999978673e-01,7.2849684571074518e-13,-8.0566762925604468e-03,-1.5375840561644817e-03,2.4622341114242073e-07,1.8143729415832850e-06,1.0000000000000000e+00,
1.0000078219896071e+00,-2.0214590398471961e-02,9.9999999999991718e-01,4.4942067972754297e-15,-1.8198979642548669e+00,2.4776013780556555e-01,2.1368955127033101e-02,1.0275188224210429e-02,1.0000000000000000e+00,
1.0048562203083879e+00,-1.7702734825432928e-02,9.9999999999999301e-01,1.4695425262277215e-13,-1.8711780112499121e+00,-1.0923110661573618e+00,4.1631861466499137e-04,-9.0193089800391462e-04,1.0000000000000000e+00,
1.0070880178700423e+00,-1.0501927497563060e-03,1.0000000000000013e+00,2.8510382940663326e-13,-6.1650404507388967e-01,-1.0899607204732165e+00,5.6930327224993804e-06,-2.5692120776138207e-03,1.0000000000000000e+00,
1.0021733890327025e+00,2.3408476180867208e-03,1.0000000000000033e+00,4.1297836109528550e-13,-1.4294852880848766e-01,-3.8405591605285755e-01,1.0235413841000462e-04,-1.9260895456509231e-03,1.0000000000000000e+00,
1.0005081708020542e+00,1.5156177547523549e-03,1.0000000000000024e+00,5.2535146564309156e-13,-2.6656832554355889e-02,-8.4941723271480085e-02,2.1429948891815709e-07,-5.5274367048935335e-04,1.0000000000000000e+00,
1.0001232863488672e+00,7.8028750740552922e-04,1.0000000000000013e+00,6.1775843672014922e-13,-5.6312092318717977e-03,-2.1888480914251895e-02,5.2398121241220563e-07,-1.2240841788573373e-04,1.0000000000000000e+00,
1.0000339957957203e+00,3.5445257347387565e-04,1.0000000000000011e+00,6.8647561381504088e-13,-1.9446212942027244e-03,-5.8949826419894625e-03,2.4231079195392857e-05,-2.5297197576950791e-05,1.0000000000000000e+00,
1.0000125084218785e+00,1.0996051002905173e-04,9.9999999999999500e-01,7.2862672734942773e-13,-5.5232251982255884e-03,-1.6611259506859031e-03,3.8810117858160964e-08,-4.7752112456917926e-06,1.0000000000000000e+00,
1.0000254440677920e+00,-6.0623968528110257e-02,9.9999999999991729e-01,4.4348869787606990e-15,-8.9041517734172402e+00,6.4393260264032537e-01,1.7151357180850146e-02,1.4483319735238647e-02,1.0000000000000000e+00,
1.0135878332158039e+00,-5.7521016407172429e-02,9.9999999999996980e-01,1.4594129506057781e-13,-1.0787360594234372e+01,-9.9638731938735869e+00,5.9383219631614637e-04,-3.5299477694330110e-02,1.0000000000000000e+00,
9.9893133710730431e-01,1.7113698458461003e-03,9.9999999999998412e-01,2.8567654795748829e-13,-5.9793162779759679e-01,-6.0571487092896126e+00,4.4296848734914906e-05,-3.0422238733560654e-02,1.0000000000000000e+00,
9.9613237180677661e-01,5.4600031671712887e-03,9.9999999999999500e-01,4.1366857844422167e-13,8.2945803544010432e-02,-3.8043781600588322e-01,1.7021613411133396e-05,-4.0001713309552201e-03,1.0000000000000000e+00,
9.9668429624289634e-01,2.4157652052595562e-03,9.9999999999999745e-01,5.2579982065293752e-13,1.1182490958690085e-02,-5.4391036473706231e-02,1.1800687677032684e-06,-6.9575453331064969e-04,1.0000000000000000e+00,
9.9829238371539220e-01,9.6707566084415898e-04,9.9999999999999822e-01,6.1799659656230780e-13,2.8386176619425874e-03,-9.6079549304745153e-03,8.1389908380795351e-05,-1.4355887828153529e-04,1.0000000000000000e+00,
9.9919262897965566e-01,3.9315740881941402e-04,1.0000000000000000e+00,6.8660139742808093e-13,1.0245809085676586e-03,-2.9367924457127008e-03,4.9773984767131907e-05,-3.3777653336419862e-05,1.0000000000000000e+00,
9.9960648881081104e-01,1.1746934095028170e-04,9.9999999999999267e-01,7.2869842191614367e-13,-7.5799113633301211e-05,-1.1280807375731818e-03,5.4078804926326052e-06,-1.0395088717018017e-05,1.0000000000000000e+00,
8.3305558462864981e-01,-1.3200089536381465e-01,9.9999999999946143e-01,-3.9490233025815642e-13,-1.5508909572565592e+01,5.0970049823172436e-01,8.0477363886255482e-02,3.0491223831153755e-02,1.0000000000000000e+00,
-5.0396972872453483e-01,-6.6819966988391422e-01,0.0000000000000000e+00,-5.4311404578243033e-13,-6.6585701845665051e+02,-4.2140502332003445e+02,0.0000000000000000e+00,-8.2463848397264727e-01,0.0000000000000000e+00,
4.8505394565368348e-01,1.7870042419429533e-03,9.9999999999980271e-01,2.8278950454673860e-13,-4.9529329457712535e+01,-9.1271531654160896e+00,2.9147418408370651e-03,-7.2393394512971734e-02,1.0000000000000000e+00,
9.6968233419009942e-01,3.0439686838376026e-04,9.9999999999998512e-01,4.1509667438589005e-13,-1.4475949411793056e+00,1.1129043753634049e-02,3.1786356007434263e-04,-3.1800699309620442e-03,1.0000000000000000e+00,
9.9186540386237221e-01,9.1836136359117580e-05,9.9999999999999678e-01,5.2642240468228056e-13,-1.3629659584471887e-01,1.3524493003542505e-03,3.6215768294792401e-05,-3.1015798102286069e-04,1.0000000000000000e+00,
9.9698680206330603e-01,3.4455344211332778e-05,9.9999999999999800e-01,6.1827386970103663e-13,-1.7273923520578865e-02,1.8631193059041916e-04,7.3282126170364122e-06,-6.9276371739745545e-05,1.0000000000000000e+00,
9.9872990722632549e-01,1.3640688187809844e-05,9.9999999999999989e-01,6.8673029947735919e-13,-1.4776827204470051e-03,1.7215934688025224e-05,2.1816968537489924e-06,-2.5840406297891832e-05,1.0000000000000000e+00,
9.9940985087662504e-01,4.0400925279599934e-06,9.9999999999999256e-01,7.2876961173385588e-13,-6.0616479520108160e-04,-2.4145957929976898e-04,3.7407847585063485e-07,-1.0383429287688192e-05,1.0000000000000000e+00,
8.3305558462865270e-01,1.5846246442115854e-04,9.9999999999921418e-01,-4.3893795938821341e-13,-1.5508909572562441e+01,-4.7816468696440822e+01,8.0477363889897013e-02,3.0491223831149314e-02,1.0000000000000000e+00,
-5.0396972872458667e-01,-6.9549482737969348e-01,0.0000000000000000e+00,-5.8376461107873949e-13,-6.6585701845656672e+02,-5.4349213407722004e+02,0.0000000000000000e+00,-8.2463848397262818e-01,0.0000000000000000e+00,
4.8505394565369020e-01,-3.2549009669812923e-01,9.9999999999991951e-01,2.8214203519365219e-13,-4.9529329457711114e+01,-1.0172762202703834e+02,2.9147418379393830e-03,-7.2393394512988096e-02,1.0000000000000000e+00,
9.6968233419009897e-01,-2.1791082968706681e-02,9.9999999999999023e-01,4.1509998112091884e-13,-1.4475949411789704e+00,-1.3247210525873014e+00,3.1786355977965648e-04,-3.1800699309652569e-03,1.0000000000000000e+00,
9.9186540386237265e-01,-6.1663433384740052e-03,9.9999999999999434e-01,5.2642540073544261e-13,-1.3629659584464823e-01,-1.3454029394738701e-01,3.6215767686479088e-05,-3.1015798102410438e-04,1.0000000000000000e+00,
9.9698680206330637e-01,-2.1930974500996331e-03,9.9999999999999711e-01,6.1827730748172224e-13,-1.7273923520377377e-02,-1.9366200905210081e-02,7.3282128281251541e-06,-6.9276371741401190e-05,1.0000000000000000e+00,
9.9872990722632515e-01,-8.7566564497501423e-04,9.9999999999999978e-01,6.8673578816676478e-13,-1.4776827192330456e-03,-2.6390582954680182e-03,2.1816962796287055e-06,-2.5840406297989004e-05,1.0000000000000000e+00,
9.9940985087662526e-01,-3.5365018242500230e-04,9.9999999999999234e-01,7.2877288701166706e-13,-6.0616479572459989e-04,-1.6606575351236065e-04,3.7407882781857423e-07,-1.0383429287175718e-05,1.0000000000000000e+00,
1.0000254440677918e+00,6.5029301141681652e-04,9.9999999999921385e-01,4.4392011664326004e-15,-8.9041517734162081e+00,-6.2972326553342182e+00,1.7151357180722471e-02,1.4483319735237612e-02,1.0000000000000000e+00,
1.0135878332158095e+00,-2.9753635501128126e-02,1.0000000000000120e+00,1.4594459653640894e-13,-1.0787360594232689e+01,-2.5348153285814510e+00,5.9383219584985270e-04,-3.5299477694341753e-02,1.0000000000000000e+00,
9.9893133710731141e-01,-3.8634126988468548e-02,9.9999999999999167e-01,2.8568056756247361e-13,-5.9793162780260523e-01,-4.3721551185902008e-01,4.4296847566405173e-05,-3.0422238733571114e-02,1.0000000000000000e+00,
9.9613237180678083e-01,-2.0241330412935490e-02,9.9999999999999889e-01,4.1367384942210003e-13,8.2945803547273655e-02,-4.3225558937136549e-01,1.7021616489226732e-05,-4.0001713309607660e-03,1.0000000000000000e+00,
9.9668429624290034e-01,-6.4742792912021088e-03,1.0000000000000011e+00,5.2580601582945536e-13,1.1182490959903448e-02,-1.0777998595076997e-01,1.1800704996511868e-06,-6.9575453331227285e-04,1.0000000000000000e+00,
9.9829238371539475e-01,-2.6277799470624899e-03,1.0000000000000002e+00,6.1800578227082902e-13,2.8386176626605470e-03,-1.7686587176675147e-02,8.1389909730063270e-05,-1.4355887828301807e-04,1.0000000000000000e+00,
9.9919262897965699e-01,-1.1508626084883132e-03,9.9999999999999989e-01,6.8660905685417203e-13,1.0245809073949998e-03,-2.3171568367918644e-03,4.9773984805339191e-05,-3.3777653336353726e-05,1.0000000000000000e+00,
9.9960648881081104e-01,-4.8791107721786659e-04,9.9999999999999167e-01,7.2870782045322424e-13,-7.5799114421729345e-05,3.0074145424838564e-06,5.4078790169900803e-06,-1.0395088716672197e-05,1.0000000000000000e+00,
1.0000078219896071e+00,1.7864155038275448e-04,9.9999999999939437e-01,4.5026378784488144e-15,-1.8198979642636541e+00,-1.9389532006305574e+00,2.1368955127869238e-02,1.0275188224203747e-02,1.0000000000000000e+00,
1.0048562203084013e+00,-1.6767348213015591e-04,1.0000000000000115e+00,1.4694433860316213e-13,-1.8711780112464933e+00,-4.4875781799418657e-01,4.1631861330965192e-04,-9.0193089801093320e-04,1.0000000000000000e+00,
1.0070880178700481e+00,-7.9411338908254372e-03,1.0000000000000058e+00,2.8510849791287839e-13,-6.1650404507564338e-01,2.0767517066994098e-01,5.6930317862691204e-06,-2.5692120776157606e-03,1.0000000000000000e+00,
1.0021733890327074e+00,-7.9030380227223026e-03,1.0000000000000069e+00,4.1298462940103138e-13,-1.4294852880736053e-01,6.8452666103003698e-02,1.0235413695526552e-04,-1.9260895456497881e-03,1.0000000000000000e+00,
1.0005081708020558e+00,-5.0616832859095460e-03,1.0000000000000051e+00,5.2536089838387781e-13,-2.6656832553670112e-02,1.2489979351875550e-02,2.1429822812113475e-07,-5.5274367049211665e-04,1.0000000000000000e+00,
1.0001232863488689e+00,-2.4779816207227004e-03,1.0000000000000031e+00,6.1776801520185619e-13,-5.6312092332322320e-03,3.5571916357101238e-03,5.2398077838439194e-07,-1.2240841788787210e-04,1.0000000000000000e+00,
1.0000339957957218e+00,-1.1341923847961130e-03,1.0000000000000000e+00,6.8648857990475706e-13,-1.9446212913885909e-03,1.2847379425442950e-03,2.4231079166249503e-05,-2.5297197576216603e-05,1.0000000000000000e+00,
1.0000125084218803e+00,-4.8564055040813727e-04,9.9999999999999134e-01,7.2864042726410285e-13,-5.5232252013606431e-03,1.4480786604106709e-04,3.8809608695136721e-08,-4.7752112435291041e-06,1.0000000000000000e+00,
1.0000043273416988e+00,4.3268218947192960e-06,9.9999999999846423e-01,4.5098486809019401e-15,-5.7192349602093917e-01,-5.2690625930666424e-01,5.3365615809992505e-04,9.0550377377161435e-03,1.0000000000000000e+00,
1.0030592743664271e+00,4.9733160953504701e-05,9.9999999999876577e-01,1.4636611728902331e-13,-6.2148452799096421e-01,-1.9801692404700749e-01,7.2954033212852681e-05,4.2766630666930469e-03,1.0000000000000000e+00,
1.0062054346483849e+00,-2.0450151504521788e-03,9.9999999999951084e-01,2.8463085825256025e-13,-4.6481357534886997e-01,4.4207639713033514e-03,1.7218462853435534e-07,1.1111093610856044e-03,1.0000000000000000e+00,
1.0039008442694841e+00,-2.4213728699361095e-03,9.9999999999983824e-01,4.1259113252323595e-13,-1.9926403122794320e-01,2.7448460168327717e-03,2.7421385258817599e-06,2.5398283671663135e-04,1.0000000000000000e+00,
1.0018954585430955e+00,-2.2141726588232442e-03,9.9999999999993494e-01,5.2509153533692524e-13,-7.1252055854730462e-02,9.0258716853419251e-04,9.9656362340929880e-06,7.4292779599573563e-05,1.0000000000000000e+00,
1.0008900006239660e+00,-1.3756421798896510e-03,9.9999999999993516e-01,6.1760721398643360e-13,-2.1430920412801764e-02,2.5632890295468466e-04,1.5971477515096949e-08,2.8214740040403636e-05,1.0000000000000000e+00,
1.0004311304201554e+00,-7.0630464468662921e-04,9.9999999999993594e-01,6.8639830955035383e-13,-6.4052817421223467e-03,6.9469524432722789e-05,8.9926087583347414e-07,1.1296414345037371e-05,1.0000000000000000e+00,
1.0002480319740552e+00,-3.1857383022074307e-04,9.9999999999994083e-01,7.2858799411339097e-13,-8.0566762969003745e-03,4.9342898499517426e-06,2.4622800334848493e-07,1.8143729430892558e-06,1.0000000000000000e+00,

64,9
1.0041319381439813e+00,-4.3268218943876555e-06,1.0000000000000682e+00,1.4151701071704637e-13,-1.3824006417678322e-02,5.2690625930601509e-01,2.4840652647264441e+00,1.3273903558675641e-02,1.0000000000000000e+00,
1.0086641638540459e+00,-4.9733160952201606e-05,1.0000000000000326e+00,2.7856460823267651e-13,-3.6946097197322891e-01,1.9801692404891810e-01,1.8341093281881021e-02,9.7631998568735549e-03,1.0000000000000000e+00,
1.0087167777565369e+00,2.0450151504561665e-03,1.0000000000000315e+00,4.0638744227900911e-13,-1.6525468593411141e-01,-4.4207639684898034e-03,2.5960895596781851e-03,4.7919609881731228e-03,1.0000000000000000e+00,
1.0067921463987273e+00,2.4213728699380588e-03,1.0000000000000147e+00,5.1942978339298709e-13,-3.5311455077139231e-02,-2.7448460189835686e-03,2.9277999450513098e-03,1.8726807607492273e-03,1.0000000000000000e+00,
1.0040054789601742e+00,2.2141726588245881e-03,1.0000000000000149e+00,6.1297722930545155e-13,-7.9452131886261074e-03,-9.0258716973735335e-04,5.8739525151587507e-04,5.9944264344852542e-04,1.0000000000000000e+00,
1.0021886980302790e+00,1.3756421798908583e-03,1.0000000000000044e+00,6.8314010779836802e-13,-2.5470204563423741e-03,-2.5632890419214965e-04,3.0220212925119016e-04,1.8167141538083021e-04,1.0000000000000000e+00,
1.0011004232699787e+00,7.0630464468816401e-04,1.0000000000000100e+00,7.2693852734570508e-13,-1.1060814378288618e-03,-6.9469525309034615e-05,2.1067674828061046e-04,5.7833259977879644e-05,1.0000000000000000e+00,
1.0005549876525712e+00,3.1857383022161948e-04,1.0000000000000617e+00,7.4238115998953408e-13,9.5642569618474083e-05,-4.9342881824681136e-06,3.4372886727754011e-03,1.9084905766698545e-05,1.0000000000000000e+00,
1.0114515830179140e+00,-1.7864155038313620e-04,1.0000000000001608e+00,1.3833856239298805e-13,-2.5020222615955781e-02,1.9389532006292829e+00,7.1178199520462035e+00,2.4241348070012096e-02,1.0000000000000000e+00,
1.0194466980704844e+00,1.6767348213272539e-04,1.0000000000000131e+00,2.7720604875977791e-13,-5.0634670021751249e-01,4.4875781799390635e-01,5.5970671464788957e-02,1.2944377425686755e-02,1.0000000000000000e+00,
1.0182608704945975e+00,7.9411338908260427e-03,1.0000000000000133e+00,4.0602659262748399e-13,1.7288012255187357e-01,-2.0767517067124799e-01,1.4546293473427507e-02,3.8459595231164195e-03,1.0000000000000000e+00,
1.0077342869095054e+00,7.9030380227220198e-03,1.0000000000000075e+00,5.1929720157785723e-13,1.8066129285351687e-01,-6.8452666103497678e-02,8.9089539559918107e-03,8.9213990291930705e-04,1.0000000000000000e+00,
1.0036919443831411e+00,5.0616832859094480e-03,1.0000000000000062e+00,6.1287403490484260e-13,7.9434990148586668e-02,-1.2489979352859946e-02,5.6270874012401273e-04,1.8755951129788056e-04,1.0000000000000000e+00,
1.0017554855895543e+00,2.4779816207207228e-03,1.0000000000000056e+00,6.8305424803095959e-13,1.8992124133216728e-02,-3.5571916345555413e-03,1.4101033163869958e-04,5.6549111740363331e-05,1.0000000000000000e+00,
1.0008160181803758e+00,1.1341923847958467e-03,1.0000000000000062e+00,7.2688061174561954e-13,4.0467205088325232e-03,-1.2847379432606343e-03,9.9945504051200673e-05,2.3131978802952880e-05,1.0000000000000000e+00,
1.0003952517361290e+00,4.8564055040870935e-04,1.0000000000000120e+00,7.4236211790539406e-13,8.6734177839664227e-04,-1.4480786493287171e-04,5.1602567187813628e-03,9.6453816878036235e-06,1.0000000000000000e+00,
1.0321603672326833e+00,-6.5029301141650807e-04,1.0000000000001599e+00,1.3830129934286536e-13,-8.1346113591158203e-02,6.2972326553352289e+00,1.5481691390418211e+01,6.1231449283110084e-02,1.0000000000000000e+00,
1.0734556838952867e+00,2.9753635501123882e-02,1.0000000000000164e+00,2.7897040346931530e-13,3.0168969774917467e+00,2.5348153285807893e+00,2.4478390328695476e-01,2.2175354734798682e-02,1.0000000000000000e+00,
1.0490901132871171e+00,3.8634126988463892e-02,1.0000000000000111e+00,4.0747122586431375e-13,4.2429804882528854e+00,4.3721551185794999e-01,2.3243996650012533e-01,-2.0376969460616568e-03,1.0000000000000000e+00,
1.0076162190296769e+00,2.0241330412934026e-02,1.0000000000000064e+00,5.1995101411730753e-13,8.5935914472466268e-01,4.3225558937056890e-01,1.3226080219544412e-02,-4.2857149671648282e-04,1.0000000000000000e+00,
1.0017751496931613e+00,6.4742792912003619e-03,1.0000000000000047e+00,6.1316543047254604e-13,1.1501718586109141e-01,1.0777998595069804e-01,2.7917035369660892e-03,-8.7227570714651601e-05,1.0000000000000000e+00,
1.0003448196419611e+00,2.6277799470609993e-03,1.0000000000000038e+00,6.8319431175728724e-13,2.1938953311844818e-02,1.7686587176631581e-02,5.7856558926365487e-04,-2.9048489880051370e-05,1.0000000000000000e+00,
1.0000558045542287e+00,1.1508626084867348e-03,1.0000000000000024e+00,7.2695552223765983e-13,4.6562284831430517e-03,2.3171568374612292e-03,1.5654791995500794e-04,-6.1221822703749534e-06,1.0000000000000000e+00,
1.0000035471174882e+00,4.8791107721717921e-04,1.0000000000000022e+00,7.4241968239671032e-13,5.5368129036237378e-03,-3.0074142332095488e-06,5.1730768879189315e-03,-7.7997750264811167e-08,1.0000000000000000e+00,
1.0331585311420914e+00,-1.5846246441967232e-04,1.0000000000001907e+00,1.3704573077002576e-13,5.6505106516799295e+01,4.7816468696438299e+01,1.4967621326721437e+01,2.6183124070235031e-01,1.0000000000000000e+00,
1.5144190778226854e+00,6.9549482737973334e-01,1.0000000000001583e+00,7.9050129533860900e-13,7.1710796614534718e+02,5.4349213407715752e+02,2.4409497899885764e+03,5.0300383873700305e-01,1.0000000000000000e+00,
1.0644299236540589e+00,3.2549009669813861e-01,1.0000000000001303e+00,4.0890081077781428e-13,6.6206911158321702e+01,1.0172762202702717e+02,4.0268499490791619e+01,1.2330495568389539e-01,1.0000000000000000e+00,
9.9661083941049344e-01,2.1791082968703097e-02,1.0000000000000049e+00,5.2034072916250380e-13,8.3672042485252274e-01,1.3247210525875082e+00,5.8200392737750573e-02,5.9315961635092078e-03,1.0000000000000000e+00,
9.9806973436541568e-01,6.1663433384715333e-03,1.0000000000000011e+00,6.1331178364908586e-13,5.9505791403700235e-02,1.3454029394797715e-01,3.6848092298327750e-03,6.3641610102500076e-04,1.0000000000000000e+00,
9.9910122047665528e-01,2.1930974500973524e-03,1.0000000000000000e+00,6.8325890096283463e-13,7.9628577654390041e-03,1.9366200903385682e-02,5.8987054798939620e-04,6.1391399986178546e-05,1.0000000000000000e+00,
9.9956698171840008e-01,8.7566564497316556e-04,1.0000000000000000e+00,7.2698993112688355e-13,2.3100384981099972e-03,2.6390582957747663e-03,1.5149402491252892e-04,-7.9975821503722449e-06,1.0000000000000000e+00,
9.9975156579746427e-01,3.5365018242341096e-04,1.0000000000000013e+00,7.4244584391937882e-13,7.9687068067749393e-03,1.6606575385793383e-04,3.6950121259241150e-03,-1.8156509928742796e-06,1.0000000000000000e+00,
1.0331585311420997e+00,1.3200089536382364e-01,1.0000000000002716e+00,1.3707253943048720e-13,5.6505106516799955e+01,-5.0970049823220798e-01,1.4967621326723096e+01,2.6183124070234992e-01,1.0000000000000000e+00,
1.5144190778226638e+00,6.6819966988390134e-01,1.0000000000002010e+00,8.1372067790890742e-13,7.1710796614527305e+02,4.2140502331999471e+02,2.4409497899884263e+03,5.0300383873700882e-01,1.0000000000000000e+00,
1.0644299236540664e+00,-1.7870042419483555e-03,1.0000000000001157e+00,4.0890058122836536e-13,6.6206911158334705e+01,9.1271531654172513e+00,4.0268499490796117e+01,1.2330495568389509e-01,1.0000000000000000e+00,
9.9661083941050055e-01,-3.0439686838770356e-04,1.0000000000000036e+00,5.2034061030616013e-13,8.3672042485159581e-01,-1.1129043754459344e-02,5.8200392736001971e-02,5.9315961635091471e-03,1.0000000000000000e+00,
9.9806973436541691e-01,-9.1836136361540569e-05,1.0000000000000033e+00,6.1331128641018376e-13,5.9505791405792305e-02,-1.3524493004098809e-03,3.6848092305107050e-03,6.3641610102467615e-04,1.0000000000000000e+00,
9.9910122047665528e-01,-3.4455344213482209e-05,1.0000000000000027e+00,6.8325858878019130e-13,7.9628577652577880e-03,-1.8631193232763630e-04,5.8987054980461084e-04,6.1391399986082215e-05,1.0000000000000000e+00,
9.9956698171840119e-01,-1.3640688189412691e-05,1.0000000000000000e+00,7.2699035089882333e-13,2.3100384990145358e-03,-1.7215935343918749e-05,1.5149402326237321e-04,-7.9975821504255470e-06,1.0000000000000000e+00,
9.9975156579746394e-01,-4.0400925278088718e-06,1.0000000000000000e+00,7.4244649959949739e-13,7.9687068071739794e-03,2.4145958046163126e-04,3.6950121263620676e-03,-1.8156509918371301e-06,1.0000000000000000e+00,
1.0321603672326933e+00,6.0623968528117585e-02,1.0000000000002280e+00,1.3833878257690286e-13,-8.1346113590260657e-02,-6.4393260263852503e-01,1.5481691390417124e+01,6.1231449283114796e-02,1.0000000000000000e+00,
1.0734556838953004e+00,5.7521016407177751e-02,1.0000000000000548e+00,2.7897588286389711e-13,3.0168969774917640e+00,9.9638731938724980e+00,2.4478390328812882e-01,2.2175354734793016e-02,1.0000000000000000e+00,
1.0490901132871291e+00,-1.7113698458445230e-03,1.0000000000000184e+00,4.0747239422793813e-13,4.2429804882504865e+00,6.0571487092892689e+00,2.3243996650088028e-01,-2.0376969460685571e-03,1.0000000000000000e+00,
1.0076162190296820e+00,-5.4600031671721118e-03,1.0000000000000080e+00,5.1995479654107517e-13,8.5935914472543351e-01,3.8043781600583482e-01,1.3226080219436165e-02,-4.2857149671858221e-04,1.0000000000000000e+00,
1.0017751496931666e+00,-2.4157652052616547e-03,1.0000000000000073e+00,6.1317013524189091e-13,1.1501718586116443e-01,5.4391036473904170e-02,2.7917035370639276e-03,-8.7227570716002394e-05,1.0000000000000000e+00,
1.0003448196419618e+00,-9.6707566084631232e-04,1.0000000000000053e+00,6.8319782914106569e-13,2.1938953311291774e-02,9.6079549310588465e-03,5.7856558960470150e-04,-2.9048489880352796e-05,1.0000000000000000e+00,
1.0000558045542289e+00,-3.9315740882068308e-04,1.0000000000000047e+00,7.2696166203460116e-13,4.6562284844892474e-03,2.9367924451115072e-03,1.5654791926614925e-04,-6.1221822674988149e-06,1.0000000000000000e+00,
1.0000035471174895e+00,-1.1746934095055224e-04,1.0000000000000000e+00,7.4242541514526632e-13,5.5368129004889494e-03,1.1280807357301110e-03,5.1730768887063225e-03,-7.7997751064110168e-08,1.0000000000000000e+00,
1.0114515830179196e+00,2.0214590398470924e-02,1.0000000000001481e+00,1.3838398477844956e-13,-2.5020222614083321e-02,-2.4776013780574530e-01,7.1178199520472205e+00,2.4241348070015198e-02,1.0000000000000000e+00,
1.0194466980704902e+00,1.7702734825431742e-02,1.0000000000000366e+00,2.7720967709208053e-13,-5.0634670021946337e-01,1.0923110661544024e+00,5.5970671466848421e-02,1.2944377425682302e-02,1.0000000000000000e+00,
1.0182608704946046e+00,1.0501927497603262e-03,1.0000000000000315e+00,4.0603077874500977e-13,1.7288012254841104e-01,1.0899607204710511e+00,1.4546293474921451e-02,3.8459595231116429e-03,1.0000000000000000e+00,
1.0077342869095098e+00,-2.3408476180834074e-03,1.0000000000000209e+00,5.1930443845074552e-13,1.8066129285756757e-01,3.8405591605406608e-01,8.9089539549995489e-03,8.9213990291989317e-04,1.0000000000000000e+00,
1.0036919443831434e+00,-1.5156177547511732e-03,1.0000000000000124e+00,6.1288053624363444e-13,7.9434990153972374e-02,8.4941723271746858e-02,5.6270874260744286e-04,1.8755951129523056e-04,1.0000000000000000e+00,
1.0017554855895552e+00,-7.8028750740388871e-04,1.0000000000000084e+00,6.8306382108526456e-13,1.8992124130559365e-02,2.1888480915660872e-02,1.4101033167235322e-04,5.6549111739447532e-05,1.0000000000000000e+00,
1.0008160181803736e+00,-3.5445257347307610e-04,1.0000000000000062e+00,7.2688885218687620e-13,4.0467205065112663e-03,5.8949826405415660e-03,9.9945502481969817e-05,2.3131978806952047e-05,1.0000000000000000e+00,
1.0003952517361254e+00,-1.0996051002929045e-04,1.0000000000000000e+00,7.4237197187907231e-13,8.6734178146750409e-04,1.6611259521961829e-03,5.1602567160984178e-03,9.6453816949281091e-06,1.0000000000000000e+00,
1.0041319381439948e+00,6.5089453971539941e-03,1.0000000000002960e+00,1.3869207795568450e-13,-1.3824006418388518e-02,-6.8468592019789443e-03,2.4840652647283097e+00,1.3273903558673836e-02,1.0000000000000000e+00,
1.0086641638540605e+00,5.9111619757895983e-03,1.0000000000002560e+00,2.7679055903799034e-13,-3.6946097196697802e-01,1.9117593575380276e-01,1.8341093281375870e-02,9.7631998568692840e-03,1.0000000000000000e+00,
1.0087167777565498e+00,1.0192095231720882e-03,1.0000000000001001e+00,4.0537103625436032e-13,-1.6525468593299478e-01,2.3364264973667301e-01,2.5960895588169816e-03,4.7919609881713378e-03,1.0000000000000000e+00,
1.0067921463987342e+00,-5.3754703990004625e-05,1.0000000000000380e+00,5.1885889505717523e-13,-3.5311455080794425e-02,1.8518808502044226e-01,2.9277999458454662e-03,1.8726807607450174e-03,1.0000000000000000e+00,
1.0040054789601645e+00,-4.6624244173994337e-05,1.0000000000000135e+00,6.1264008200235000e-13,-7.9452131888907516e-03,7.1081006114554063e-02,5.8739525178562457e-04,5.9944264344501141e-04,1.0000000000000000e+00,
1.0021886980302730e+00,-2.5237586006944924e-05,1.0000000000000075e+00,6.8293928595070526e-13,-2.5470204540595058e-03,2.0476736930599343e-02,3.0220212753000295e-04,1.8167141538140793e-04,1.0000000000000000e+00,
1.0011004232699778e+00,-1.1737489542496268e-05,1.0000000000000064e+00,7.2682189244793392e-13,-1.1060814357768955e-03,5.5930701528398141e-03,2.1067674902068415e-04,5.7833259983351077e-05,1.0000000000000000e+00,
1.0005549876525770e+00,-3.6711171462997667e-06,1.0000000000000231e+00,7.4231993088405484e-13,9.5642571289369059e-05,1.5375840567598768e-03,3.4372886774286342e-03,1.9084905776220523e-05,1.0000000000000000e+00,

