1
1
2
4
(9 0
((80,232) (95,247) (0,0))
((96,232) (111,247) (0,0))
((112,232) (127,247) (0,0))
((80,248) (95,263) (0,0))
((96,248) (111,263) (0,0))
((112,248) (127,263) (0,0))
((80,264) (95,279) (0,0))
((96,264) (111,279) (0,0))
((112,264) (127,279) (0,0))
)
9
FabOnDisk: SD_2_Old_MF_D_00000 0
FabOnDisk: SD_2_Old_MF_D_00000 9302
FabOnDisk: SD_2_Old_MF_D_00000 18605
FabOnDisk: SD_2_Old_MF_D_00000 27909
FabOnDisk: SD_2_Old_MF_D_00000 37211
FabOnDisk: SD_2_Old_MF_D_00000 46514
FabOnDisk: SD_2_Old_MF_D_00000 55818
FabOnDisk: SD_2_Old_MF_D_00000 65120
FabOnDisk: SD_2_Old_MF_D_00000 74423

9,2
-1.1958761567151439e+03,-7.7974859628726995e+02,
-4.8062722121138393e+02,-3.6610031126722936e+02,
-5.6974879634166098e+02,-5.3335602812168474e+02,
-6.1463451964135197e+02,-5.5092451482818137e+02,
-4.5472532748100673e+02,-4.6806331541299045e+02,
-5.5196697968184731e+02,-5.7052380192836335e+02,
-1.1958761566403737e+03,-4.5535530871245777e+02,
-4.8062722121146135e+02,-1.5593049187303768e+02,
-5.6974879634160482e+02,-1.8026262702956703e+02,

9,2
8.4580190504540596e+01,4.5535530872235313e+02,
2.2227103275559205e+02,1.5593049182180050e+02,
9.0912875677113402e+02,1.8026262702955123e+02,
1.2148933463322393e+02,5.5092451482801755e+02,
8.9174422343202707e+01,4.6806331541303121e+02,
9.2081441333806674e+02,5.7052380192841702e+02,
8.4580190504638423e+01,7.7974859628911304e+02,
2.2227103269249540e+02,3.6610031126730041e+02,
9.0912875677135912e+02,5.3335602812175716e+02,

