1
1
2
1
(17 0
((240,72) (247,79) (0,0))
((200,96) (207,119) (0,0))
((224,136) (255,143) (0,0))
((240,144) (255,159) (0,0))
((240,200) (255,215) (0,0))
((168,208) (199,231) (0,0))
((232,208) (239,215) (0,0))
((224,216) (247,231) (0,0))
((248,224) (255,231) (0,0))
((8,224) (15,239) (0,0))
((184,232) (199,239) (0,0))
((224,232) (255,255) (0,0))
((16,240) (63,255) (0,0))
((200,240) (215,247) (0,0))
((0,248) (15,255) (0,0))
((64,248) (159,255) (0,0))
((160,248) (223,255) (0,0))
)
17
FabOnDisk: SD_2_Old_MF_D_00000 0
FabOnDisk: SD_2_Old_MF_D_00000 1686
FabOnDisk: SD_2_Old_MF_D_00000 5933
FabOnDisk: SD_2_Old_MF_D_00000 11461
FabOnDisk: SD_2_Old_MF_D_00000 16733
FabOnDisk: SD_2_Old_MF_D_00000 22005
FabOnDisk: SD_2_Old_MF_D_00000 36237
FabOnDisk: SD_2_Old_MF_D_00000 37925
FabOnDisk: SD_2_Old_MF_D_00000 45501
FabOnDisk: SD_2_Old_MF_D_00000 47189
FabOnDisk: SD_2_Old_MF_D_00000 50154
FabOnDisk: SD_2_Old_MF_D_00000 53122
FabOnDisk: SD_2_Old_MF_D_00000 67354
FabOnDisk: SD_2_Old_MF_D_00000 81840
FabOnDisk: SD_2_Old_MF_D_00000 84808
FabOnDisk: SD_2_Old_MF_D_00000 87774
FabOnDisk: SD_2_Old_MF_D_00000 103541

17,2
-1.9705123618606621e+01,-1.4310454503703340e-01,
-1.0967213179256873e+01,-4.0089381225616279e+01,
-9.2190608974163410e+01,4.2456903669837516e+00,
-1.1158754093888496e+02,-3.7330069086881792e+01,
-1.9121479135865798e+01,-4.9745004771844265e+01,
-3.1382405656665242e+01,-3.1778092363844745e+01,
-6.4496621679786358e+01,2.6250785764519719e+01,
-7.6963212226792507e+01,-4.8082855889063467e+01,
-5.1744362028342266e+01,2.8560628690875092e+01,
5.1217608054832908e-01,4.5262924676686112e+00,
-8.4202555669904655e+01,-2.0178456589757133e+01,
-5.8199668982946037e+01,-5.0160973398312308e+01,
-4.3695786455283979e+01,-1.9317393153825378e+01,
-1.1831008600458182e+02,-3.8603092714731496e+01,
-3.1808606468645280e+01,-4.7438104055542908e+01,
-1.7975729925262101e+01,-1.3691677677303403e+01,
-7.2437842573831830e+01,-8.8387310983659717e+01,

17,2
1.0497587761882386e+01,4.0856440934530639e+01,
7.5651958620209768e+01,3.0081004410423844e+01,
2.5643972559816575e+01,1.2499793102847946e+02,
-9.2577677977072881e-01,3.4647122749135349e+01,
1.0549595762044271e+02,6.8942872384305929e+01,
1.3953454905443522e+01,1.3451759655451639e+01,
5.0215657782537278e+01,1.0197938597891630e+02,
8.5389142223984209e+01,7.7176240419787405e+01,
1.3893940119215245e+01,7.6838615862796246e+01,
3.6175396629785439e+01,3.2947704776733531e+01,
1.6392912775723644e+01,8.7654612159015201e+01,
1.1015152130660778e+02,8.6825504525637029e+01,
7.0272540562335735e+00,3.0410860673400919e+01,
-2.9307091909311680e+01,8.0144799405302649e+01,
6.1047024707373225e+01,2.4892511375669415e+01,
7.0801376682785246e+00,2.7553911420648831e+01,
6.4275319801712044e+01,7.4967673201567550e+01,

