1
1
2
1
(17 0
((240,72) (247,79) (0,0))
((200,96) (207,119) (0,0))
((224,136) (255,143) (0,0))
((240,144) (255,159) (0,0))
((240,200) (255,215) (0,0))
((168,208) (199,231) (0,0))
((232,208) (239,215) (0,0))
((224,216) (247,231) (0,0))
((248,224) (255,231) (0,0))
((8,224) (15,239) (0,0))
((184,232) (199,239) (0,0))
((224,232) (255,255) (0,0))
((16,240) (63,255) (0,0))
((200,240) (215,247) (0,0))
((0,248) (15,255) (0,0))
((64,248) (159,255) (0,0))
((160,248) (223,255) (0,0))
)
17
FabOnDisk: SD_2_New_MF_D_00000 0
FabOnDisk: SD_2_New_MF_D_00000 1686
FabOnDisk: SD_2_New_MF_D_00000 5933
FabOnDisk: SD_2_New_MF_D_00000 11461
FabOnDisk: SD_2_New_MF_D_00000 16733
FabOnDisk: SD_2_New_MF_D_00000 22005
FabOnDisk: SD_2_New_MF_D_00000 36237
FabOnDisk: SD_2_New_MF_D_00000 37925
FabOnDisk: SD_2_New_MF_D_00000 45501
FabOnDisk: SD_2_New_MF_D_00000 47189
FabOnDisk: SD_2_New_MF_D_00000 50154
FabOnDisk: SD_2_New_MF_D_00000 53122
FabOnDisk: SD_2_New_MF_D_00000 67354
FabOnDisk: SD_2_New_MF_D_00000 81840
FabOnDisk: SD_2_New_MF_D_00000 84808
FabOnDisk: SD_2_New_MF_D_00000 87774
FabOnDisk: SD_2_New_MF_D_00000 103541

17,2
-1.0522974910311319e+01,-4.7204075863167304e+01,
-6.1998838535714370e+01,-1.8970786473813334e+01,
-2.4237030842993562e+01,-1.0145770960771756e+02,
6.9470734429988568e-01,-4.9247742093968867e+01,
-9.7958164787220880e+01,-7.2851778428501802e+01,
-2.1564923751926969e+01,-2.3776637963910929e+01,
-3.3186417095409752e+01,-1.0057903543641112e+02,
-5.5885656408114414e+01,-6.3515769521934885e+01,
-1.9450683105499252e+01,-6.0499239583553958e+01,
-2.1503050327909250e+01,-4.0926718182104707e+01,
-1.0602751212718033e+01,-9.4277800827960831e+01,
4.3025583110869547e-01,-2.4671907123647998e+01,
-9.5306815535714122e+00,-2.2154776614583284e+01,
2.4217534164195285e+01,-1.0112894490514309e+02,
-1.0570355541053232e+01,-4.4759218969778090e+01,
-4.4456055895933844e+00,-2.4263439196386344e+01,
-3.2706166660463623e+01,-6.9782738874948791e+01,

17,2
3.2567799035895717e+01,-5.9495666509737646e+00,
4.7545293714377692e+00,3.2720078543398898e+01,
7.6317168609914802e+01,-2.4928160186475594e+00,
8.0109492707752764e+01,3.2531470794535778e+01,
1.8298214260431450e+01,3.6049689198975784e+01,
2.8576909217662106e+01,2.4925177287539050e+01,
8.2534219954902483e+01,-1.5312443361511441e+01,
6.6190356457505573e+01,3.6003970845201366e+01,
3.6674778646268351e+01,-6.0754186350254713e+00,
9.3716148948301452e+00,-1.2346322409775553e+01,
7.3440917494213139e+01,9.7796412331460090e+00,
1.1116008424334814e+02,8.3962949013956631e+01,
4.2095366804623978e+01,1.2074816717764372e+02,
9.6044279706303357e+01,3.0846671698917589e+01,
6.1950679923120788e+01,2.5825183537605085e+01,
1.4360127202624653e+01,1.0062997286349272e+01,
7.1976744223437876e+01,6.8799346689460961e+01,

