1
1
4
2
(4 0
((0,0) (31,31) (0,0))
((32,0) (63,31) (0,0))
((0,32) (31,63) (0,0))
((32,32) (63,63) (0,0))
)
4
FabOnDisk: SD_0_Old_MF_D_00000 0
FabOnDisk: SD_0_Old_MF_D_00001 0
FabOnDisk: SD_0_Old_MF_D_00002 0
FabOnDisk: SD_0_Old_MF_D_00003 0

4,4
-5.3627447531110255e-02,-1.8680518652589551e-06,9.9999999999967248e-01,0.0000000000000000e+00,
-7.9257068308975567e-02,-7.3666695391092329e-02,9.9999999999518008e-01,0.0000000000000000e+00,
-7.3008626067164947e-02,-9.2474335087517549e-04,9.9999999999937716e-01,0.0000000000000000e+00,
-3.5897963730342919e-01,-6.6013712454449069e-01,9.9985653453670675e-01,0.0000000000000000e+00,

4,4
1.8685094095087923e-06,3.6829414861598193e-02,1.0000000000015370e+00,0.0000000000000000e+00,
8.4802453739581379e-04,2.0987219324340022e-02,1.0000000000040163e+00,0.0000000000000000e+00,
8.3731149275673333e-01,1.7515968093441331e-01,1.0000000000013276e+00,0.0000000000000000e+00,
8.8380126346316434e-01,2.0043902104052830e-01,1.0001842678455237e+00,0.0000000000000000e+00,

