1
1
9
0
(64 0
((0,0) (15,15) (0,0))
((16,0) (31,15) (0,0))
((32,0) (47,15) (0,0))
((48,0) (63,15) (0,0))
((64,0) (79,15) (0,0))
((80,0) (95,15) (0,0))
((96,0) (111,15) (0,0))
((112,0) (127,15) (0,0))
((0,16) (15,31) (0,0))
((16,16) (31,31) (0,0))
((32,16) (47,31) (0,0))
((48,16) (63,31) (0,0))
((64,16) (79,31) (0,0))
((80,16) (95,31) (0,0))
((96,16) (111,31) (0,0))
((112,16) (127,31) (0,0))
((0,32) (15,47) (0,0))
((16,32) (31,47) (0,0))
((32,32) (47,47) (0,0))
((48,32) (63,47) (0,0))
((64,32) (79,47) (0,0))
((80,32) (95,47) (0,0))
((96,32) (111,47) (0,0))
((112,32) (127,47) (0,0))
((0,48) (15,63) (0,0))
((16,48) (31,63) (0,0))
((32,48) (47,63) (0,0))
((48,48) (63,63) (0,0))
((64,48) (79,63) (0,0))
((80,48) (95,63) (0,0))
((96,48) (111,63) (0,0))
((112,48) (127,63) (0,0))
((0,64) (15,79) (0,0))
((16,64) (31,79) (0,0))
((32,64) (47,79) (0,0))
((48,64) (63,79) (0,0))
((64,64) (79,79) (0,0))
((80,64) (95,79) (0,0))
((96,64) (111,79) (0,0))
((112,64) (127,79) (0,0))
((0,80) (15,95) (0,0))
((16,80) (31,95) (0,0))
((32,80) (47,95) (0,0))
((48,80) (63,95) (0,0))
((64,80) (79,95) (0,0))
((80,80) (95,95) (0,0))
((96,80) (111,95) (0,0))
((112,80) (127,95) (0,0))
((0,96) (15,111) (0,0))
((16,96) (31,111) (0,0))
((32,96) (47,111) (0,0))
((48,96) (63,111) (0,0))
((64,96) (79,111) (0,0))
((80,96) (95,111) (0,0))
((96,96) (111,111) (0,0))
((112,96) (127,111) (0,0))
((0,112) (15,127) (0,0))
((16,112) (31,127) (0,0))
((32,112) (47,127) (0,0))
((48,112) (63,127) (0,0))
((64,112) (79,127) (0,0))
((80,112) (95,127) (0,0))
((96,112) (111,127) (0,0))
((112,112) (127,127) (0,0))
)
64
FabOnDisk: Cell_D_00000 0
FabOnDisk: Cell_D_00000 18514
FabOnDisk: Cell_D_00000 37029
FabOnDisk: Cell_D_00000 55544
FabOnDisk: Cell_D_00000 74059
FabOnDisk: Cell_D_00000 92574
FabOnDisk: Cell_D_00000 111089
FabOnDisk: Cell_D_00000 129605
FabOnDisk: Cell_D_00000 148122
FabOnDisk: Cell_D_00000 166637
FabOnDisk: Cell_D_00000 185153
FabOnDisk: Cell_D_00000 203669
FabOnDisk: Cell_D_00000 222185
FabOnDisk: Cell_D_00000 240701
FabOnDisk: Cell_D_00000 259217
FabOnDisk: Cell_D_00000 277734
FabOnDisk: Cell_D_00000 296252
FabOnDisk: Cell_D_00000 314767
FabOnDisk: Cell_D_00000 333283
FabOnDisk: Cell_D_00000 351799
FabOnDisk: Cell_D_00000 370315
FabOnDisk: Cell_D_00000 388831
FabOnDisk: Cell_D_00000 407347
FabOnDisk: Cell_D_00000 425864
FabOnDisk: Cell_D_00000 444382
FabOnDisk: Cell_D_00000 462897
FabOnDisk: Cell_D_00000 481413
FabOnDisk: Cell_D_00000 499929
FabOnDisk: Cell_D_00000 518445
FabOnDisk: Cell_D_00000 536961
FabOnDisk: Cell_D_00000 555477
FabOnDisk: Cell_D_00000 573994
FabOnDisk: Cell_D_00000 592512
FabOnDisk: Cell_D_00000 611027
FabOnDisk: Cell_D_00000 629543
FabOnDisk: Cell_D_00000 648059
FabOnDisk: Cell_D_00000 666575
FabOnDisk: Cell_D_00000 685091
FabOnDisk: Cell_D_00000 703607
FabOnDisk: Cell_D_00000 722124
FabOnDisk: Cell_D_00000 740642
FabOnDisk: Cell_D_00000 759157
FabOnDisk: Cell_D_00000 777673
FabOnDisk: Cell_D_00000 796189
FabOnDisk: Cell_D_00000 814705
FabOnDisk: Cell_D_00000 833221
FabOnDisk: Cell_D_00000 851737
FabOnDisk: Cell_D_00000 870254
FabOnDisk: Cell_D_00000 888772
FabOnDisk: Cell_D_00000 907288
FabOnDisk: Cell_D_00000 925805
FabOnDisk: Cell_D_00000 944322
FabOnDisk: Cell_D_00000 962839
FabOnDisk: Cell_D_00000 981356
FabOnDisk: Cell_D_00000 999873
FabOnDisk: Cell_D_00000 1018391
FabOnDisk: Cell_D_00000 1036910
FabOnDisk: Cell_D_00000 1055427
FabOnDisk: Cell_D_00000 1073945
FabOnDisk: Cell_D_00000 1092463
FabOnDisk: Cell_D_00000 1110981
FabOnDisk: Cell_D_00000 1129499
FabOnDisk: Cell_D_00000 1148017
FabOnDisk: Cell_D_00000 1166536

64,9
1.0000034962275457e+00,-5.7890929959312585e-03,9.9999999999998013e-01,8.1448224458711447e-15,-4.8058451140257630e-01,5.4953578518423651e-03,1.8138153320308714e-04,7.1855353628353675e-03,1.0000000000000000e+00,
1.0033714174834774e+00,-4.6971668373716998e-03,9.9999999999998812e-01,3.4402380413864957e-13,-5.1519776564305542e-01,-1.6625200856055392e-01,5.9780263508097883e-05,3.2352667178823175e-03,1.0000000000000000e+00,
1.0054087504584901e+00,-4.5706877638315312e-04,9.9999999999998934e-01,6.8045453736491115e-13,-3.8409095181884872e-01,-1.9517347044392963e-01,7.4584138196010993e-07,7.6597008871802992e-04,1.0000000000000000e+00,
1.0032767861974412e+00,5.2011447125664985e-05,9.9999999999999134e-01,9.8802001717536707e-13,-1.5478506784707771e-01,-1.4875877619310907e-01,4.4224520689408950e-07,1.4731449407693627e-04,1.0000000000000000e+00,
1.0015851615249634e+00,3.9631623730116893e-05,9.9999999999999389e-01,1.2582133387533249e-12,-5.2812151487438209e-02,-5.4396422868010802e-02,7.6322600538625968e-06,3.4758988610485015e-05,1.0000000000000000e+00,
1.0007467191527499e+00,2.1083152413257465e-05,9.9999999999999434e-01,1.4803031633339324e-12,-1.4793625262596744e-02,-1.4802334025085439e-02,4.7977107703323085e-08,1.1694336075755750e-05,1.0000000000000000e+00,
1.0003693500534760e+00,9.4931038984350575e-06,9.9999999999999334e-01,1.6453944990734201e-12,-3.9503341881220021e-03,-3.7216484284148211e-03,1.0556185003592414e-06,4.7402090156081308e-06,1.0000000000000000e+00,
1.0002286301741548e+00,2.3324537571526256e-06,9.9999999999996936e-01,1.7466424900269622e-12,-4.9998490033445839e-03,-9.3284891225265515e-04,3.9513444884906610e-07,1.1152168692766012e-06,1.0000000000000000e+00,
1.0000065071564910e+00,-1.7710552624936173e-02,9.9999999999994249e-01,7.9381954846025761e-15,-1.5771810672913318e+00,1.9681454400036985e-01,2.2249986492306473e-03,8.1601038236928519e-03,1.0000000000000000e+00,
1.0051156069862257e+00,-1.3634662416594322e-02,9.9999999999999367e-01,3.4809668210640265e-13,-1.6023942423627744e+00,-9.2845908359463158e-01,2.3794146386622167e-04,-1.2142343816142773e-03,1.0000000000000000e+00,
1.0060401512070669e+00,-4.3260907557367392e-04,9.9999999999999478e-01,6.8359290143103385e-13,-4.6094395512708675e-01,-9.1776555352038780e-01,2.5848293992193627e-06,-2.2916930393206639e-03,1.0000000000000000e+00,
1.0017169009871143e+00,2.0982719607768865e-03,9.9999999999999523e-01,9.9017786582524315e-13,-1.0534322222479997e-01,-2.8664527065868994e-01,5.2875508940036786e-06,-1.6079583839746644e-03,1.0000000000000000e+00,
1.0004014950239457e+00,1.2809473518432669e-03,9.9999999999999634e-01,1.2596006999460844e-12,-1.6975352597041055e-02,-6.3458583797530652e-02,5.9823583135887315e-07,-4.4718388298679678e-04,1.0000000000000000e+00,
1.0000982086281898e+00,6.5019019071738441e-04,9.9999999999999689e-01,1.4811505304779593e-12,-2.6717200137237130e-03,-1.5541400945851859e-02,1.3043995918116114e-08,-9.8726394575539793e-05,1.0000000000000000e+00,
1.0000277892354072e+00,2.8644151129987529e-04,9.9999999999999623e-01,1.6459030699822998e-12,-7.2096647189327074e-04,-3.8321218949675436e-03,2.2930953828565609e-05,-2.0557623397612279e-05,1.0000000000000000e+00,
1.0000114590488141e+00,6.9875683539797210e-05,9.9999999999999389e-01,1.7469613412901101e-12,-3.3899314344542873e-03,-9.7028725860285486e-04,9.9614233528555474e-08,-3.9528859331708012e-06,1.0000000000000000e+00,
1.0000224011921299e+00,-4.8237710359823736e-02,9.9999999999993916e-01,7.6061021332111497e-15,-8.2394155370007507e+00,4.7902618456147744e-01,6.3493988635976439e-04,1.1406547264696254e-02,1.0000000000000000e+00,
1.0131635310642007e+00,-4.6156262778143824e-02,9.9999999999999334e-01,3.4517895488432930e-13,-9.5602095860814433e+00,-8.8372185766182731e+00,1.2534351611914740e-04,-3.0762486704540987e-02,1.0000000000000000e+00,
9.9830923109735636e-01,2.7206627832879501e-03,9.9999999999999623e-01,6.8500509755192457e-13,-4.1818192004773380e-01,-4.4289763728669707e+00,7.9172325673573796e-05,-2.4448083275283444e-02,1.0000000000000000e+00,
9.9658655963305631e-01,4.5888181703715170e-03,9.9999999999999811e-01,9.9188666569625378e-13,5.7388211938428149e-02,-2.8610691830363127e-01,1.4374519489296356e-05,-3.0151975978748094e-03,1.0000000000000000e+00,
9.9718570195945955e-01,1.9851958907802967e-03,9.9999999999999867e-01,1.2607440559044678e-12,6.6409038257196785e-03,-3.5979370995411715e-02,9.7794880127982653e-06,-5.3030271632659729e-04,1.0000000000000000e+00,
9.9857039144956949e-01,7.9628278593402298e-04,9.9999999999999889e-01,1.4818066095551140e-12,1.3450708480463969e-03,-4.9221375563915475e-03,7.8567592654357754e-05,-1.0713858102203574e-04,1.0000000000000000e+00,
9.9932211505945590e-01,3.1651542544430475e-04,9.9999999999999867e-01,1.6462962861530134e-12,4.3957484300425546e-04,-1.1992734258318622e-03,4.5212214488683095e-05,-2.2793113201026203e-05,1.0000000000000000e+00,
9.9966200285183149e-01,7.4702340291026481e-05,9.9999999999999833e-01,1.7472296600224459e-12,-2.7528456143731145e-04,-4.5771032854277096e-04,1.6383286230046631e-06,-5.3085128165440450e-06,1.0000000000000000e+00,
8.3539104345679516e-01,-1.2348228761748971e-01,9.9999999999994849e-01,7.1247471501391418e-15,-1.5706655749486599e+01,4.7893184434428393e-01,8.1867814360134239e-04,2.3168539706178631e-02,1.0000000000000000e+00,
-1.9682602195153132e-01,-6.8239890180045626e-01,0.0000000000000000e+00,0.0000000000000000e+00,-7.1350660774364212e+02,-4.9418504479682935e+02,0.0000000000000000e+00,-7.3804384129757006e-01,0.0000000000000000e+00,
7.1619408159083719e-01,1.3351392000845138e-03,9.9999999999999856e-01,6.8996251640270150e-13,-3.4912445852928080e+01,-4.9851335170520166e+00,5.6332482192833488e-05,-4.2982397189625161e-02,1.0000000000000000e+00,
9.7625122874216097e-01,2.4253498725412674e-04,9.9999999999999978e-01,9.9538734759678319e-13,-1.1075442867643368e+00,8.6800843290229905e-03,2.2902503236457705e-04,-2.1986748120264728e-03,1.0000000000000000e+00,
9.9337766336847455e-01,7.4925681718578905e-05,9.9999999999999956e-01,1.2623394253134559e-12,-1.1340544819635634e-01,1.1298175149433340e-03,2.7683691260097041e-05,-1.7932597786836035e-04,1.0000000000000000e+00,
9.9751125907238924e-01,2.8289414890838349e-05,9.9999999999999989e-01,1.4825919436961698e-12,-1.6473361977913211e-02,1.7723613611373389e-04,5.8457671673554489e-06,-3.0217808675883519e-05,1.0000000000000000e+00,
9.9893965001988394e-01,1.0971774871109325e-05,9.9999999999999989e-01,1.6467441934003333e-12,-2.4229973880770281e-03,2.5269752137912680e-05,1.8131284794137715e-06,-1.0075887445891312e-05,1.0000000000000000e+00,
9.9949451798741096e-01,2.5696293762588331e-06,9.9999999999999956e-01,1.7475495261624669e-12,-7.8368747606696117e-04,-1.3361159362274100e-04,2.3142616561514493e-07,-4.2494534181941306e-06,1.0000000000000000e+00,
8.3539104345679494e-01,1.4813303622037560e-04,9.9999999999992795e-01,7.1099528887205999e-15,-1.5706655749484366e+01,-4.7154075739632098e+01,8.1867814498426394e-04,2.3168539706167668e-02,1.0000000000000000e+00,
-1.9682602195157545e-01,-5.7844594848942787e-01,0.0000000000000000e+00,0.0000000000000000e+00,-7.1350660774365701e+02,-5.6716938999708191e+02,0.0000000000000000e+00,-7.3804384129755329e-01,0.0000000000000000e+00,
7.1619408159084541e-01,-1.9555698458733431e-01,9.9999999999985667e-01,6.9009879543745034e-13,-3.4912445852928677e+01,-4.9926060109744697e+01,5.6332483150400847e-05,-4.2982397189621685e-02,1.0000000000000000e+00,
9.7625122874216208e-01,-1.7163613286913876e-02,9.9999999999999389e-01,9.9558609908970447e-13,-1.1075442867653347e+00,-9.9484156292035275e-01,2.2902503193594857e-04,-2.1986748120197434e-03,1.0000000000000000e+00,
9.9337766336847477e-01,-5.0061744543234855e-03,9.9999999999999623e-01,1.2625893127817828e-12,-1.1340544819719009e-01,-1.0843555828366230e-01,2.7683693158329047e-05,-1.7932597786782611e-04,1.0000000000000000e+00,
9.9751125907238813e-01,-1.8016688093778230e-03,9.9999999999999734e-01,1.4828842420087980e-12,-1.6473361978726755e-02,-1.6947578609379985e-02,5.8457684245502095e-06,-3.0217808675117886e-05,1.0000000000000000e+00,
9.9893965001988361e-01,-7.2054676655128368e-04,9.9999999999999933e-01,1.6470416422647980e-12,-2.4229973872444996e-03,-2.7878019089170028e-03,1.8131267534872409e-06,-1.0075887445556729e-05,1.0000000000000000e+00,
9.9949451798741185e-01,-2.8367399362769604e-04,1.0000000000000000e+00,1.7477941360703467e-12,-7.8368747694892841e-04,-3.5816927291349712e-04,2.3142593487388333e-07,-4.2494534178352054e-06,1.0000000000000000e+00,
1.0000224011921299e+00,5.5136681571853966e-04,9.9999999999995492e-01,7.3016974032457934e-15,-8.2394155369947359e+00,-5.5998962216023207e+00,6.3493988758100972e-04,1.1406547264684527e-02,1.0000000000000000e+00,
1.0131635310642011e+00,-2.9124442926713200e-02,9.9999999999998268e-01,3.4476081450454681e-13,-9.5602095860800826e+00,-1.6979013917561334e+00,1.2534351614135186e-04,-3.0762486704542256e-02,1.0000000000000000e+00,
9.9830923109735314e-01,-3.3651149585328465e-02,9.9999999999999067e-01,6.8526736762258783e-13,-4.1818192004076860e-01,-4.1072423642729522e-01,7.9172326070825472e-05,-2.4448083275282376e-02,1.0000000000000000e+00,
9.9658655963305443e-01,-1.6313376105002171e-02,9.9999999999999767e-01,9.9225586944764071e-13,5.7388211939574801e-02,-3.8858591142597620e-01,1.4374519465010227e-05,-3.0151975978673982e-03,1.0000000000000000e+00,
9.9718570195945833e-01,-5.3095430907286623e-03,9.9999999999999800e-01,1.2612151109821039e-12,6.6409038240321074e-03,-9.0435244161519518e-02,9.7794870427408975e-06,-5.3030271632367742e-04,1.0000000000000000e+00,
9.9857039144956816e-01,-2.1779075323227039e-03,9.9999999999999822e-01,1.4823625736260936e-12,1.3450708467078224e-03,-1.5989564834558496e-02,7.8567592102715689e-05,-1.0713858101808152e-04,1.0000000000000000e+00,
9.9932211505945479e-01,-9.5179233140315494e-04,9.9999999999999867e-01,1.6469111050996916e-12,4.3957484456987896e-04,-2.6736286574381585e-03,4.5212214306407025e-05,-2.2793113200535470e-05,1.0000000000000000e+00,
9.9966200285182971e-01,-3.9201615367272810e-04,1.0000000000000000e+00,1.7478832332187154e-12,-2.7528455891891168e-04,-3.1589581727497888e-04,1.6383260319132592e-06,-5.3085128153169569e-06,1.0000000000000000e+00,
1.0000065071564905e+00,1.4612629000537364e-04,9.9999999999996947e-01,7.2777736908684980e-15,-1.5771810672884816e+00,-1.6709401825709060e+00,2.2249986506732433e-03,8.1601038236741186e-03,1.0000000000000000e+00,
1.0051156069862244e+00,-1.4050890373568617e-03,9.9999999999998757e-01,3.4718867241933866e-13,-1.6023942423635809e+00,-3.1482297570727957e-01,2.3794146451067144e-04,-1.2142343816182743e-03,1.0000000000000000e+00,
1.0060401512070649e+00,-7.0234433926669726e-03,9.9999999999998979e-01,6.8393367522885478e-13,-4.6094395512252462e-01,1.6712684289954377e-01,2.5848294441487008e-06,-2.2916930393160669e-03,1.0000000000000000e+00,
1.0017169009871134e+00,-6.9079402572079064e-03,9.9999999999999201e-01,9.9066166233559189e-13,-1.0534322222154187e-01,4.6979991640521405e-02,5.2875489948284171e-06,-1.6079583839669859e-03,1.0000000000000000e+00,
1.0004014950239448e+00,-4.2590344239871961e-03,9.9999999999999556e-01,1.2602218017022889e-12,-1.6975352594686507e-02,7.0852955592326317e-03,5.9823539871883824e-07,-4.4718388298101006e-04,1.0000000000000000e+00,
1.0000982086281884e+00,-2.0667662674433169e-03,9.9999999999999811e-01,1.4818780790262019e-12,-2.6717200145792040e-03,1.6361390654067044e-03,1.3046115403259062e-08,-9.8726394573046236e-05,1.0000000000000000e+00,
1.0000277892354081e+00,-9.3913288423422259e-04,9.9999999999999889e-01,1.6467160125248170e-12,-7.2096647276761192e-04,5.5758127568058060e-04,2.2930952537757870e-05,-2.0557623394545579e-05,1.0000000000000000e+00,
1.0000114590488161e+00,-3.9028755952898262e-04,1.0000000000000000e+00,1.7478232189182177e-12,-3.3899314322326183e-03,9.1486682188171049e-05,9.9614075581982986e-08,-3.9528859343878893e-06,1.0000000000000000e+00,
1.0000034962275457e+00,3.4957982008050653e-06,9.9999999999986322e-01,7.2198866126175175e-15,-4.8058451140143160e-01,-4.4265169177045460e-01,1.8138152221881809e-04,7.1855353628247996e-03,1.0000000000000000e+00,
1.0033714174834982e+00,3.0316345322686444e-05,9.9999999999990197e-01,3.4609166031999624e-13,-5.1519776564157105e-01,-1.5539788019499709e-01,5.9780254705156868e-05,3.2352667178741504e-03,1.0000000000000000e+00,
1.0054087504584936e+00,-1.9366069410168424e-03,9.9999999999996525e-01,6.8301252932265532e-13,-3.8409095181847808e-01,3.8504582216535911e-03,7.4584266626263537e-07,7.6597008872089645e-04,1.0000000000000000e+00,
1.0032767861974405e+00,-2.1580710101745892e-03,9.9999999999998901e-01,9.8986586882391426e-13,-1.5478506784860213e-01,2.1387999542583024e-03,4.4224533118702655e-07,1.4731449408431147e-04,1.0000000000000000e+00,
1.0015851615249649e+00,-1.9155251061617432e-03,9.9999999999999567e-01,1.2596788839868800e-12,-5.2812151490513423e-02,6.6995862247029342e-04,7.6322621122095792e-06,3.4758988613531996e-05,1.0000000000000000e+00,
1.0007467191527515e+00,-1.1622405575393486e-03,9.9999999999999911e-01,1.4815690231491131e-12,-1.4793625263943698e-02,1.7778675923443550e-04,4.7978251352300688e-08,1.1694336081759150e-05,1.0000000000000000e+00,
1.0003693500534749e+00,-5.8809790810881199e-04,9.9999999999999800e-01,1.6465582645263407e-12,-3.9503341927521057e-03,4.4358410124445551e-05,1.0556171744558786e-06,4.7402090168811705e-06,1.0000000000000000e+00,
1.0002286301741570e+00,-2.5646051081778962e-04,9.9999999999999611e-01,1.7477507558616871e-12,-4.9998490016760818e-03,3.1536074921292143e-06,3.9513883725764793e-07,1.1152168683031376e-06,1.0000000000000000e+00,

64,9
1.0045073730541205e+00,-3.4957982008454828e-06,1.0000000000000415e+00,3.3192576947712030e-13,-1.1594779731670217e-02,4.4265169176847619e-01,2.7858904143119290e+00,1.0709989713281203e-02,1.0000000000000000e+00,
1.0077600809662675e+00,-3.0316345322595692e-05,1.0000000000000537e+00,6.6659280419078707e-13,-3.0570766473033878e-01,1.5539788019719303e-01,1.7348715686257583e-03,7.7370365122662339e-03,1.0000000000000000e+00,
1.0077589043475832e+00,1.9366069410147908e-03,1.0000000000000477e+00,9.7355959090274064e-13,-1.2357873037356584e-01,-3.8504582213991613e-03,1.4485757336674555e-03,3.7015769517190654e-03,1.0000000000000000e+00,
1.0057932824242519e+00,2.1580710101731355e-03,1.0000000000000249e+00,1.2449031038196206e-12,-2.3650298283180535e-02,-2.1387999542082882e-03,2.3519652965119098e-03,1.3873275697299419e-03,1.0000000000000000e+00,
1.0034077968492723e+00,1.9155251061605627e-03,1.0000000000000293e+00,1.4693708514441559e-12,-4.3561573575270716e-03,-6.6995862354487872e-04,2.9518066123924991e-04,4.1603745752567616e-04,1.0000000000000000e+00,
1.0018443162715542e+00,1.1622405575398699e-03,1.0000000000000429e+00,1.6377014898013974e-12,-1.1222105275855343e-03,-1.7778675904527881e-04,2.6604825074163781e-04,1.1425443529659922e-04,1.0000000000000000e+00,
1.0009275862017142e+00,5.8809790810891997e-04,1.0000000000000639e+00,1.7427738619529505e-12,-4.1614523271788249e-04,-4.4358409365950417e-05,1.8067360467866197e-04,3.2175385164873604e-05,1.0000000000000000e+00,
1.0004777451261706e+00,2.5646051081787999e-04,1.0000000000001108e+00,1.7798377237571594e-12,2.9855145223567500e-04,-3.1536076778322941e-06,3.1899507085440858e-03,9.7548955957348500e-06,1.0000000000000000e+00,
1.0114152646285657e+00,-1.4612629000470607e-04,1.0000000000000231e+00,3.2589295386899471e-13,-2.1371126513785362e-02,1.6709401825690666e+00,8.1101167434878096e+00,2.0051667930920516e-02,1.0000000000000000e+00,
1.0168801838946750e+00,1.4050890373558157e-03,1.0000000000000018e+00,6.6470206523916333e-13,-4.0369575110572353e-01,3.1482297570547024e-01,1.2301860031183054e-02,1.0122672658590919e-02,1.0000000000000000e+00,
1.0153824405912928e+00,7.0234433926660627e-03,1.0000000000000002e+00,9.7355538623800340e-13,1.6457684937598296e-01,-1.6712684290085300e-01,1.3568894637154549e-02,2.8794612531204467e-03,1.0000000000000000e+00,
1.0062998832059713e+00,6.9079402572073956e-03,9.9999999999999922e-01,1.2451480781565207e-12,1.5923949466624507e-01,-4.6979991640168639e-02,5.7961743065118587e-03,5.9581249239359425e-04,1.0000000000000000e+00,
1.0030940524596050e+00,4.2590344239872638e-03,9.9999999999999944e-01,1.4695147506939696e-12,6.4771872309663414e-02,-7.0852955610589295e-03,4.1601464941046218e-04,9.8596663912530965e-05,1.0000000000000000e+00,
1.0014664555166082e+00,2.0667662674431083e-03,9.9999999999999956e-01,1.6377848075744439e-12,1.5287246921900047e-02,-1.6361390641433530e-03,1.1920523959405710e-04,2.2801217059577151e-05,1.0000000000000000e+00,
1.0006846269924510e+00,9.3913288423416133e-04,9.9999999999999944e-01,1.7428652008732457e-12,3.2601503668892523e-03,-5.5758127561793866e-04,8.3376842649560828e-05,8.6705357278418863e-06,1.0000000000000000e+00,
1.0003393690692794e+00,3.9028755952974601e-04,1.0000000000000027e+00,1.7799837294234646e-12,7.1096539927140916e-04,-9.1486682838350152e-05,4.7856686160632853e-03,3.8978982360373367e-06,1.0000000000000000e+00,
1.0299478491883456e+00,-5.5136681571813341e-04,1.0000000000000286e+00,3.2547093629263666e-13,-7.2442699520855469e-02,5.5998962216010613e+00,1.6224049984257359e+01,5.2828226567302447e-02,1.0000000000000000e+00,
1.0627352041941711e+00,2.9124442926712214e-02,1.0000000000000069e+00,6.6895729917742569e-13,3.2377742742944768e+00,1.6979013917561045e+00,2.1928568542727289e-01,1.5872094036194495e-02,1.0000000000000000e+00,
1.0373592885256848e+00,3.3651149585329748e-02,1.0000000000000062e+00,9.7709574901367973e-13,3.7864355742706866e+00,4.1072423642851469e-01,1.9424043444197236e-01,-1.9085061153472809e-03,1.0000000000000000e+00,
1.0060610156850398e+00,1.6313376105002067e-02,1.0000000000000038e+00,1.2468144144443112e-12,6.3577063118081378e-01,3.8858591142710674e-01,7.9973770760077834e-03,-2.7121653629064255e-04,1.0000000000000000e+00,
1.0013871394073435e+00,5.3095430907286641e-03,1.0000000000000000e+00,1.4703339028894619e-12,8.8276387887634131e-02,9.0435244162113307e-02,2.2154706343487096e-03,-4.4296415819503725e-05,1.0000000000000000e+00,
1.0002666650913077e+00,2.1779075323234824e-03,1.0000000000000000e+00,1.6382552830593623e-12,1.6809520281540018e-02,1.5989564835409101e-02,4.4651784557904473e-04,-1.2577337617031339e-05,1.0000000000000000e+00,
1.0000420414192464e+00,9.5179233140359068e-04,1.0000000000000000e+00,1.7431867372646551e-12,3.4701686216857463e-03,2.6736286573141718e-03,1.2636684525195105e-04,-4.7198264335584825e-06,1.0000000000000000e+00,
1.0000018177997660e+00,3.9201615367294960e-04,1.0000000000000047e+00,1.7802692614310670e-12,3.4025029126220252e-03,3.1589581740925515e-04,4.7971710354629132e-03,-6.4360562166924124e-08,1.0000000000000000e+00,
1.0309468736810787e+00,-1.4813303622140218e-04,1.0000000000002141e+00,3.2193272702499174e-13,5.5747703834962252e+01,4.7154075739630997e+01,1.6293993527733544e+01,2.4362164308527115e-01,1.0000000000000000e+00,
1.5897541155540096e+00,5.7844594848944220e-01,1.0000000000001521e+00,7.1005954359228774e-13,4.8238275192628959e+02,5.6716938999702813e+02,2.2345039671297068e+03,4.8632196128416227e-01,1.0000000000000000e+00,
1.0424651510288261e+00,1.9555698458734408e-01,1.0000000000001299e+00,9.8061363783075015e-13,2.8032039355483768e+01,4.9926060109746473e+01,5.7136559464110867e+01,9.7269673072689924e-02,1.0000000000000000e+00,
9.9671418028370917e-01,1.7163613286915031e-02,1.0000000000000075e+00,1.2478708526552590e-12,5.9911981364275113e-01,9.9484156292058978e-01,3.9776195638430156e-02,4.7427101250648957e-03,1.0000000000000000e+00,
9.9838687004449700e-01,5.0061744543238142e-03,1.0000000000000031e+00,1.4708274391415194e-12,3.9347165539296153e-02,1.0843555828502147e-01,2.6230620608344579e-03,5.7902754458204946e-04,1.0000000000000000e+00,
9.9924637949114503e-01,1.8016688093782684e-03,1.0000000000000000e+00,1.6385702771375657e-12,4.1260154937403717e-03,1.6947578608664908e-02,4.5292369373131636e-04,8.2204381048337090e-05,1.0000000000000000e+00,
9.9962916145847114e-01,7.2054676655220254e-04,1.0000000000000000e+00,1.7434432193931698e-12,9.2526287258446610e-04,2.7878019082939118e-03,1.2151358387210709e-04,8.1020451519154246e-06,1.0000000000000000e+00,
9.9977100597523061e-01,2.8367399362835437e-04,1.0000000000000047e+00,1.7805087751313827e-12,4.8385212820508472e-03,3.5816927409423329e-04,3.4241458963245514e-03,-1.1140594184830172e-06,1.0000000000000000e+00,
1.0309468736810734e+00,1.2348228761749011e-01,1.0000000000002933e+00,3.2140860311318869e-13,5.5747703834961953e+01,-4.7893184434586822e-01,1.6293993527732543e+01,2.4362164308527096e-01,1.0000000000000000e+00,
1.5897541155540171e+00,6.8239890180043539e-01,1.0000000000005431e+00,7.2482704485248066e-13,4.8238275192623115e+02,4.9418504479681087e+02,2.2345039671297636e+03,4.8632196128416572e-01,1.0000000000000000e+00,
1.0424651510288203e+00,-1.3351392000823825e-03,1.0000000000000766e+00,9.8061781647137678e-13,2.8032039355480208e+01,4.9851335170539421e+00,5.7136559464102632e+01,9.7269673072689383e-02,1.0000000000000000e+00,
9.9671418028370673e-01,-2.4253498725294403e-04,1.0000000000000029e+00,1.2478771676801004e-12,5.9911981364220035e-01,-8.6800843286763494e-03,3.9776195639810996e-02,4.7427101250648368e-03,1.0000000000000000e+00,
9.9838687004449589e-01,-7.4925681717598217e-05,1.0000000000000002e+00,1.4708505609360439e-12,3.9347165539040767e-02,-1.1298175141021341e-03,2.6230620610398492e-03,5.7902754458171281e-04,1.0000000000000000e+00,
9.9924637949114492e-01,-2.8289414889745907e-05,1.0000000000000002e+00,1.6386251976131204e-12,4.1260154935636702e-03,-1.7723613624378394e-04,4.5292369398406557e-04,8.2204381048036902e-05,1.0000000000000000e+00,
9.9962916145847158e-01,-1.0971774870580759e-05,1.0000000000000000e+00,1.7435528461081275e-12,9.2526287327569573e-04,-2.5269751559614149e-05,1.2151358550621660e-04,8.1020451517552947e-06,1.0000000000000000e+00,
9.9977100597523105e-01,-2.5696293759760901e-06,1.0000000000000047e+00,1.7806384793061186e-12,4.8385212825186102e-03,1.3361159587848014e-04,3.4241458961403672e-03,-1.1140594187415179e-06,1.0000000000000000e+00,
1.0299478491883414e+00,4.8237710359822543e-02,1.0000000000002691e+00,3.2438518660277934e-13,-7.2442699519294385e-02,-4.7902618456277613e-01,1.6224049984257416e+01,5.2828226567285821e-02,1.0000000000000000e+00,
1.0627352041941656e+00,4.6156262778142686e-02,9.9999999999999611e-01,6.6910955924217280e-13,3.2377742742968576e+00,8.8372185766200300e+00,2.1928568542616128e-01,1.5872094036185631e-02,1.0000000000000000e+00,
1.0373592885256788e+00,-2.7206627832886761e-03,1.0000000000000018e+00,9.7729874142777501e-13,3.7864355742692073e+00,4.4289763728655744e+00,1.9424043444087880e-01,-1.9085061153411107e-03,1.0000000000000000e+00,
1.0060610156850389e+00,-4.5888181703723175e-03,1.0000000000000000e+00,1.2470787887035448e-12,6.3577063117838017e-01,2.8610691830430202e-01,7.9973770740440764e-03,-2.7121653629009714e-04,1.0000000000000000e+00,
1.0013871394073437e+00,-1.9851958907794714e-03,9.9999999999999956e-01,1.4706452540794067e-12,8.8276387884598725e-02,3.5979370995341695e-02,2.2154706343528729e-03,-4.4296415818085765e-05,1.0000000000000000e+00,
1.0002666650913077e+00,-7.9628278593332964e-04,9.9999999999999978e-01,1.6385977637295891e-12,1.6809520280050984e-02,4.9221375555822643e-03,4.4651784397112954e-04,-1.2577337616093273e-05,1.0000000000000000e+00,
1.0000420414192495e+00,-3.1651542544347099e-04,1.0000000000000000e+00,1.7435610969154046e-12,3.4701686239749486e-03,1.1992734270501182e-03,1.2636684664718914e-04,-4.7198264334055439e-06,1.0000000000000000e+00,
1.0000018177997669e+00,-7.4702340290942388e-05,1.0000000000000042e+00,1.7806690798957947e-12,3.4025029116061451e-03,4.5771032904681470e-04,4.7971710337273866e-03,-6.4360562905554800e-08,1.0000000000000000e+00,
1.0114152646285639e+00,1.7710552624938362e-02,1.0000000000001603e+00,3.2442279813452465e-13,-2.1371126517974372e-02,-1.9681454400072695e-01,8.1101167434923624e+00,2.0051667930887057e-02,1.0000000000000000e+00,
1.0168801838946724e+00,1.3634662416595684e-02,9.9999999999999556e-01,6.6496161044699916e-13,-4.0369575110375033e-01,9.2845908359209539e-01,1.2301860030134587e-02,1.0122672658579397e-02,1.0000000000000000e+00,
1.0153824405912903e+00,4.3260907557267765e-04,9.9999999999999878e-01,9.7392862861341197e-13,1.6457684937678915e-01,9.1776555352185052e-01,1.3568894638685963e-02,2.8794612531146146e-03,1.0000000000000000e+00,
1.0062998832059700e+00,-2.0982719607786286e-03,9.9999999999999833e-01,1.2456256529040998e-12,1.5923949467158396e-01,2.8664527065909251e-01,5.7961743047917069e-03,5.9581249239851729e-04,1.0000000000000000e+00,
1.0030940524596041e+00,-1.2809473518440209e-03,9.9999999999999900e-01,1.4700758342041390e-12,6.4771872301296787e-02,6.3458583796898699e-02,4.1601465026602780e-04,9.8596663920796977e-05,1.0000000000000000e+00,
1.0014664555166093e+00,-6.5019019071734386e-04,9.9999999999999989e-01,1.6384126105145169e-12,1.5287246923738698e-02,1.5541400944762723e-02,1.1920524210385502e-04,2.2801217062915603e-05,1.0000000000000000e+00,
1.0006846269924528e+00,-2.8644151129966425e-04,1.0000000000000000e+00,1.7435305965559409e-12,3.2601503650714998e-03,3.8321218969487184e-03,8.3376844774597086e-05,8.6705357336279819e-06,1.0000000000000000e+00,
1.0003393690692808e+00,-6.9875683538973298e-05,1.0000000000000031e+00,1.7806672017863270e-12,7.1096540195408594e-04,9.7028725968522299e-04,4.7856686152645215e-03,3.8978982370622585e-06,1.0000000000000000e+00,
1.0045073730541190e+00,5.7890929959340774e-03,1.0000000000005167e+00,3.2484744563088862e-13,-1.1594779734537021e-02,-5.4953578521099462e-03,2.7858904143099439e+00,1.0709989713243839e-02,1.0000000000000000e+00,
1.0077600809662655e+00,4.6971668373736210e-03,1.0000000000004896e+00,6.6393955169846003e-13,-3.0570766473450894e-01,1.6625200856077760e-01,1.7348715696315076e-03,7.7370365122486021e-03,1.0000000000000000e+00,
1.0077589043475810e+00,4.5706877638181440e-04,1.0000000000002172e+00,9.7240211809265212e-13,-1.2357873037517834e-01,1.9517347044221697e-01,1.4485757303903460e-03,3.7015769517118173e-03,1.0000000000000000e+00,
1.0057932824242517e+00,-5.2011447125683206e-05,1.0000000000000628e+00,1.2446283732293195e-12,-2.3650298281865618e-02,1.4875877619201111e-01,2.3519652986622730e-03,1.3873275697324130e-03,1.0000000000000000e+00,
1.0034077968492714e+00,-3.9631623730388221e-05,1.0000000000000104e+00,1.4695809746993447e-12,-4.3561573554311631e-03,5.4396422867926938e-02,2.9518066234045237e-04,4.1603745753030115e-04,1.0000000000000000e+00,
1.0018443162715533e+00,-2.1083152413585335e-05,1.0000000000000175e+00,1.6382063595928177e-12,-1.1222105253257710e-03,1.4802334025254786e-02,2.6604825016759070e-04,1.1425443529847783e-04,1.0000000000000000e+00,
1.0009275862017109e+00,-9.4931038991126821e-06,1.0000000000000251e+00,1.7434694915548272e-12,-4.1614523543702863e-04,3.7216484288592070e-03,1.8067359859506534e-04,3.2175385168547768e-05,1.0000000000000000e+00,
1.0004777451261646e+00,-2.3324537573789900e-06,1.0000000000000251e+00,1.7806482790107208e-12,2.9855145060691873e-04,9.3284891275636161e-04,3.1899507114474708e-03,9.7548955971605725e-06,1.0000000000000000e+00,

