1
1
9
0
(4 0
((80,240) (95,255) (0,0))
((96,240) (111,255) (0,0))
((80,256) (95,271) (0,0))
((96,256) (111,271) (0,0))
)
4
FabOnDisk: Cell_D_00000 0
FabOnDisk: Cell_D_00000 18518
FabOnDisk: Cell_D_00000 37037
FabOnDisk: Cell_D_00000 55555

4,9
0.0000000000000000e+00,-1.0552171037288542e+00,0.0000000000000000e+00,0.0000000000000000e+00,-2.0366918518563650e+03,-1.7610404909900360e+03,0.0000000000000000e+00,-9.6851037577840788e+00,0.0000000000000000e+00,
0.0000000000000000e+00,0.0000000000000000e+00,0.0000000000000000e+00,0.0000000000000000e+00,-2.0463385864175973e+02,-2.1855346999197386e+03,0.0000000000000000e+00,-1.5817747011742465e+00,0.0000000000000000e+00,
0.0000000000000000e+00,0.0000000000000000e+00,0.0000000000000000e+00,0.0000000000000000e+00,-2.0366918518401346e+03,-8.8805355259263467e+02,0.0000000000000000e+00,-9.6851037570195100e+00,0.0000000000000000e+00,
0.0000000000000000e+00,-1.0534662402609163e+00,0.0000000000000000e+00,0.0000000000000000e+00,-2.0463385864176615e+02,-1.6765308179159108e+03,0.0000000000000000e+00,-1.5817747011744314e+00,0.0000000000000000e+00,

4,9
1.9656207873426874e+00,0.0000000000000000e+00,1.0000000000000000e+00,2.9441782345429601e-11,2.8116749293723456e+02,8.8805355259310340e+02,3.4854823992127211e+02,8.7821592985958796e-01,1.0000000000000000e+00,
1.9654501837821612e+00,1.0534662402614963e+00,1.0000000000000000e+00,2.5742574738529811e-11,2.9873342605720518e+03,1.6765308178354344e+03,3.4798516093984267e+02,9.8102007035171752e+00,1.0000000000000000e+00,
1.9656207873426883e+00,1.0552171037289924e+00,1.0000000000000000e+00,2.9786173527668325e-11,2.8116749293723581e+02,1.7610404909900528e+03,3.4854823992129201e+02,8.7821592985958730e-01,1.0000000000000000e+00,
1.9654501837821619e+00,0.0000000000000000e+00,1.0000000000000000e+00,2.6299684652286714e-11,2.9873342605724829e+03,2.1855346999197445e+03,3.4798516093984063e+02,9.8102007028218594e+00,1.0000000000000000e+00,

