1
1
9
0
(4 0
((80,240) (95,255) (0,0))
((96,240) (111,255) (0,0))
((80,256) (95,271) (0,0))
((96,256) (111,271) (0,0))
)
4
FabOnDisk: Cell_D_00000 0
FabOnDisk: Cell_D_00000 18518
FabOnDisk: Cell_D_00000 37037
FabOnDisk: Cell_D_00000 55555

4,9
0.0000000000000000e+00,-1.0552171037288542e+00,0.0000000000000000e+00,0.0000000000000000e+00,-2.0366918518563627e+03,-1.7610404909900371e+03,0.0000000000000000e+00,-9.6851037577840735e+00,0.0000000000000000e+00,
0.0000000000000000e+00,0.0000000000000000e+00,0.0000000000000000e+00,0.0000000000000000e+00,-2.0463385864175845e+02,-2.1855346999197377e+03,0.0000000000000000e+00,-1.5817747011742487e+00,0.0000000000000000e+00,
0.0000000000000000e+00,0.0000000000000000e+00,0.0000000000000000e+00,0.0000000000000000e+00,-2.0366918518401396e+03,-8.8805355259263058e+02,0.0000000000000000e+00,-9.6851037570195029e+00,0.0000000000000000e+00,
0.0000000000000000e+00,-1.0534662402609163e+00,0.0000000000000000e+00,0.0000000000000000e+00,-2.0463385864176718e+02,-1.6765308179159094e+03,0.0000000000000000e+00,-1.5817747011744314e+00,0.0000000000000000e+00,

4,9
1.9656207873426874e+00,0.0000000000000000e+00,1.0000000000000000e+00,2.9441782345429601e-11,2.8116749293723467e+02,8.8805355259310363e+02,3.4854823992127211e+02,8.7821592985958719e-01,1.0000000000000000e+00,
1.9654501837821612e+00,1.0534662402614963e+00,1.0000000000000000e+00,2.5742574738529811e-11,2.9873342605720568e+03,1.6765308178354449e+03,3.4798516093984267e+02,9.8102007035171415e+00,1.0000000000000000e+00,
1.9656207873426883e+00,1.0552171037289924e+00,1.0000000000000000e+00,2.9786173527668325e-11,2.8116749293723609e+02,1.7610404909900526e+03,3.4854823992129201e+02,8.7821592985958641e-01,1.0000000000000000e+00,
1.9654501837821619e+00,0.0000000000000000e+00,1.0000000000000000e+00,2.6299684652286714e-11,2.9873342605724883e+03,2.1855346999197454e+03,3.4798516093984063e+02,9.8102007028217599e+00,1.0000000000000000e+00,

