1
1
4
2
(3 0
((120,88) (127,95) (0,0))
((112,96) (127,111) (0,0))
((0,112) (127,127) (0,0))
)
3
FabOnDisk: SD_0_New_MF_D_00000 0
FabOnDisk: SD_0_New_MF_D_00000 4694
FabOnDisk: SD_0_New_MF_D_00000 17581

3,4
-1.6545169708851351e-01,-5.3036784163459538e-01,9.9999999999891698e-01,0.0000000000000000e+00,
-1.5699788646609961e-01,-6.5845135209253114e-01,9.9993845870376785e-01,0.0000000000000000e+00,
-7.4768171726352542e-02,-6.6757426494117977e-01,9.9999998447806138e-01,0.0000000000000000e+00,

3,4
1.0130607153146683e-04,-1.4424875000007225e-02,1.0000000000000173e+00,0.0000000000000000e+00,
8.5634578385776455e-02,-4.2613960026731811e-02,1.0002149509132814e+00,0.0000000000000000e+00,
9.4155241305345627e-01,1.9929318793133866e-01,1.0000000027428251e+00,0.0000000000000000e+00,

