1
1
9
0
(64 0
((0,0) (15,15) (0,0))
((16,0) (31,15) (0,0))
((32,0) (47,15) (0,0))
((48,0) (63,15) (0,0))
((64,0) (79,15) (0,0))
((80,0) (95,15) (0,0))
((96,0) (111,15) (0,0))
((112,0) (127,15) (0,0))
((0,16) (15,31) (0,0))
((16,16) (31,31) (0,0))
((32,16) (47,31) (0,0))
((48,16) (63,31) (0,0))
((64,16) (79,31) (0,0))
((80,16) (95,31) (0,0))
((96,16) (111,31) (0,0))
((112,16) (127,31) (0,0))
((0,32) (15,47) (0,0))
((16,32) (31,47) (0,0))
((32,32) (47,47) (0,0))
((48,32) (63,47) (0,0))
((64,32) (79,47) (0,0))
((80,32) (95,47) (0,0))
((96,32) (111,47) (0,0))
((112,32) (127,47) (0,0))
((0,48) (15,63) (0,0))
((16,48) (31,63) (0,0))
((32,48) (47,63) (0,0))
((48,48) (63,63) (0,0))
((64,48) (79,63) (0,0))
((80,48) (95,63) (0,0))
((96,48) (111,63) (0,0))
((112,48) (127,63) (0,0))
((0,64) (15,79) (0,0))
((16,64) (31,79) (0,0))
((32,64) (47,79) (0,0))
((48,64) (63,79) (0,0))
((64,64) (79,79) (0,0))
((80,64) (95,79) (0,0))
((96,64) (111,79) (0,0))
((112,64) (127,79) (0,0))
((0,80) (15,95) (0,0))
((16,80) (31,95) (0,0))
((32,80) (47,95) (0,0))
((48,80) (63,95) (0,0))
((64,80) (79,95) (0,0))
((80,80) (95,95) (0,0))
((96,80) (111,95) (0,0))
((112,80) (127,95) (0,0))
((0,96) (15,111) (0,0))
((16,96) (31,111) (0,0))
((32,96) (47,111) (0,0))
((48,96) (63,111) (0,0))
((64,96) (79,111) (0,0))
((80,96) (95,111) (0,0))
((96,96) (111,111) (0,0))
((112,96) (127,111) (0,0))
((0,112) (15,127) (0,0))
((16,112) (31,127) (0,0))
((32,112) (47,127) (0,0))
((48,112) (63,127) (0,0))
((64,112) (79,127) (0,0))
((80,112) (95,127) (0,0))
((96,112) (111,127) (0,0))
((112,112) (127,127) (0,0))
)
64
FabOnDisk: Cell_D_00000 0
FabOnDisk: Cell_D_00000 18514
FabOnDisk: Cell_D_00000 37029
FabOnDisk: Cell_D_00000 55544
FabOnDisk: Cell_D_00000 74059
FabOnDisk: Cell_D_00000 92574
FabOnDisk: Cell_D_00000 111089
FabOnDisk: Cell_D_00000 129605
FabOnDisk: Cell_D_00000 148122
FabOnDisk: Cell_D_00000 166637
FabOnDisk: Cell_D_00000 185153
FabOnDisk: Cell_D_00000 203669
FabOnDisk: Cell_D_00000 222185
FabOnDisk: Cell_D_00000 240701
FabOnDisk: Cell_D_00000 259217
FabOnDisk: Cell_D_00000 277734
FabOnDisk: Cell_D_00000 296252
FabOnDisk: Cell_D_00000 314767
FabOnDisk: Cell_D_00000 333283
FabOnDisk: Cell_D_00000 351799
FabOnDisk: Cell_D_00000 370315
FabOnDisk: Cell_D_00000 388831
FabOnDisk: Cell_D_00000 407347
FabOnDisk: Cell_D_00000 425864
FabOnDisk: Cell_D_00000 444382
FabOnDisk: Cell_D_00000 462897
FabOnDisk: Cell_D_00000 481413
FabOnDisk: Cell_D_00000 499929
FabOnDisk: Cell_D_00000 518445
FabOnDisk: Cell_D_00000 536961
FabOnDisk: Cell_D_00000 555477
FabOnDisk: Cell_D_00000 573994
FabOnDisk: Cell_D_00000 592512
FabOnDisk: Cell_D_00000 611027
FabOnDisk: Cell_D_00000 629543
FabOnDisk: Cell_D_00000 648059
FabOnDisk: Cell_D_00000 666575
FabOnDisk: Cell_D_00000 685091
FabOnDisk: Cell_D_00000 703607
FabOnDisk: Cell_D_00000 722124
FabOnDisk: Cell_D_00000 740642
FabOnDisk: Cell_D_00000 759157
FabOnDisk: Cell_D_00000 777673
FabOnDisk: Cell_D_00000 796189
FabOnDisk: Cell_D_00000 814705
FabOnDisk: Cell_D_00000 833221
FabOnDisk: Cell_D_00000 851737
FabOnDisk: Cell_D_00000 870254
FabOnDisk: Cell_D_00000 888772
FabOnDisk: Cell_D_00000 907288
FabOnDisk: Cell_D_00000 925805
FabOnDisk: Cell_D_00000 944322
FabOnDisk: Cell_D_00000 962839
FabOnDisk: Cell_D_00000 981356
FabOnDisk: Cell_D_00000 999873
FabOnDisk: Cell_D_00000 1018391
FabOnDisk: Cell_D_00000 1036910
FabOnDisk: Cell_D_00000 1055427
FabOnDisk: Cell_D_00000 1073945
FabOnDisk: Cell_D_00000 1092463
FabOnDisk: Cell_D_00000 1110981
FabOnDisk: Cell_D_00000 1129499
FabOnDisk: Cell_D_00000 1148017
FabOnDisk: Cell_D_00000 1166536

64,9
1.0000032237474692e+00,-5.1497462051582656e-03,9.9999999999999567e-01,-7.4537472503074592e-13,-3.6664099230128849e-01,3.5350995553927456e-03,3.6604124327346138e-05,3.8316017300654300e-03,1.0000000000000000e+00,
1.0036512403716704e+00,-3.7231374719443543e-03,9.9999999999998923e-01,7.7117149355444680e-13,-3.8174577125828391e-01,-1.5401651189505383e-01,4.5223138973952406e-05,9.4273421876305084e-04,1.0000000000000000e+00,
1.0048307151677456e+00,-1.2789670479725277e-04,9.9999999999998679e-01,1.5609642668660789e-12,-2.3480279933670184e-01,-1.6420187692183907e-01,8.8149876560465745e-07,-3.6917777793300414e-04,1.0000000000000000e+00,
1.0028319195793340e+00,5.0550448146628038e-05,9.9999999999998734e-01,2.2629028186529769e-12,-7.2372391703893202e-02,-1.0549010142835570e-01,2.1529101162194239e-06,-4.3668987026670276e-04,1.0000000000000000e+00,
1.0013657375305967e+00,3.4579392814167575e-05,9.9999999999999178e-01,2.8751001168941375e-12,-6.2206184123391236e-03,-2.4574242409024432e-02,5.9263315986156015e-06,-3.6140773099477459e-04,1.0000000000000000e+00,
1.0006468111302040e+00,1.8068635880474229e-05,9.9999999999999500e-01,3.3744355257973861e-12,7.6003063460521386e-03,-9.8316132537624936e-04,2.0117895890847670e-08,-1.9168793827443553e-04,1.0000000000000000e+00,
1.0003290736738581e+00,7.7848000260234970e-06,9.9999999999999500e-01,3.7429894947773707e-12,4.1894163419838723e-03,5.9080176118184723e-05,1.1698794645748165e-06,-1.0208392930737443e-04,1.0000000000000000e+00,
1.0002224877216057e+00,1.1324444517160752e-06,9.9999999999998890e-01,3.9678061074393866e-12,1.3940369912218932e-03,7.0620508703437010e-07,3.7243990648960171e-07,-4.1116402768262112e-05,1.0000000000000000e+00,
1.0000061475455566e+00,-1.5220575870112531e-02,9.9999999999999667e-01,-8.2182452432729124e-13,-1.3118296195486940e+00,1.2422899467700700e-01,1.2143488843791017e-04,4.4531517894585843e-03,1.0000000000000000e+00,
1.0053036119906544e+00,-1.0516374251163418e-02,9.9999999999999956e-01,7.8164031447495366e-13,-1.3172286623757792e+00,-8.2702008443299146e-01,7.6488465291808111e-05,-3.0130734963892429e-03,1.0000000000000000e+00,
1.0052808460041236e+00,9.8000834959641703e-06,9.9999999999999956e-01,1.5703114859356396e-12,-2.6136029819682349e-01,-7.8685959521848026e-01,5.8026101805441765e-06,-3.3152704374585181e-03,1.0000000000000000e+00,
1.0014027333539550e+00,1.8610834588057284e-03,1.0000000000000000e+00,2.2698606265629894e-12,-2.2610181841231661e-02,-1.7295991104697608e-01,9.2541019449526862e-05,-1.8921822206677977e-03,1.0000000000000000e+00,
1.0003283564300318e+00,1.1121058025962325e-03,1.0000000000000000e+00,2.8802990904291286e-12,1.5066301990261627e-02,-2.4972755833879215e-02,4.6023661583183273e-07,-5.1284343167921605e-04,1.0000000000000000e+00,
1.0000810357700831e+00,5.5605904255301864e-04,1.0000000000000000e+00,3.3784722403132997e-12,4.1432983578661648e-03,1.1189351045121925e-03,4.2593690172121335e-07,-1.9089805718463591e-04,1.0000000000000000e+00,
1.0000236746679978e+00,2.3478465664608940e-04,1.0000000000000000e+00,3.7463394830707019e-12,9.8470208094329293e-04,2.0413991659723124e-03,2.2055431604054571e-05,-8.5166850797308463e-05,1.0000000000000000e+00,
1.0000112620750174e+00,3.3939979877385322e-05,9.9999999999999811e-01,3.9707649882711936e-12,2.4744699930700890e-04,2.4869658326860892e-05,4.9863571833412904e-06,-3.1430831700779023e-05,1.0000000000000000e+00,
1.0000219687172496e+00,-3.9681994373224297e-02,9.9999999999999534e-01,-8.9656873451060871e-13,-7.6388567473030049e+00,2.6389975026686419e-01,8.8467259731772607e-05,6.3839990049417332e-03,1.0000000000000000e+00,
1.0125672961528669e+00,-3.7630918362862455e-02,9.9999999999999833e-01,7.7510394069493811e-13,-8.5415345098736655e+00,-8.2045121647858803e+00,5.2834982387506280e-04,-3.0381217842234621e-02,1.0000000000000000e+00,
9.9801391183250565e-01,3.3387406432116894e-03,9.9999999999999867e-01,1.5758425236424891e-12,-1.5756614243656780e-01,-3.0963583301699842e+00,1.3106499038850750e-06,-2.1333010198300677e-02,1.0000000000000000e+00,
9.9691732910154995e-01,3.9649079426086363e-03,9.9999999999999956e-01,2.2771116452066357e-12,1.2981027612725543e-02,-1.5457580604248661e-01,1.5229351536805158e-06,-2.3867968853195209e-03,1.0000000000000000e+00,
9.9754941634267102e-01,1.6827161445468551e-03,1.0000000000000000e+00,2.8871473419509086e-12,-1.1884734470758197e-02,2.0407792963659285e-02,3.4124712396110812e-06,-4.9118390355637194e-04,1.0000000000000000e+00,
9.9876717595409226e-01,6.7436640364118517e-04,1.0000000000000000e+00,3.3849279529208004e-12,-1.1541986915074735e-02,1.0026970825924129e-02,5.9426528375115806e-05,-1.0157988552106827e-04,1.0000000000000000e+00,
9.9941226551299800e-01,2.5885528324923120e-04,1.0000000000000000e+00,3.7527114806313007e-12,-6.8433807406978906e-03,3.5662979386907349e-03,4.1157322370880857e-05,-1.9483580367851768e-05,1.0000000000000000e+00,
9.9969784391417960e-01,3.6351577519879668e-05,9.9999999999999911e-01,3.9771865482159370e-12,-3.8398539274398201e-03,4.4447237530891403e-05,1.1543043965328917e-05,-3.2968560342775322e-06,1.0000000000000000e+00,
8.3876778658242734e-01,-1.1627460592143939e-01,9.9999999999997191e-01,-9.7616076363075912e-13,-1.6250679573743216e+01,4.4857422872001779e-01,2.5261260448883327e-03,1.3368085965672525e-02,1.0000000000000000e+00,
-7.1379368179976269e-02,-6.9903829703845421e-01,0.0000000000000000e+00,0.0000000000000000e+00,-7.6774774769487942e+02,-6.4888470932864891e+02,0.0000000000000000e+00,-8.4225899957220984e-01,0.0000000000000000e+00,
7.9837340321964678e-01,1.0457959703410926e-03,9.9999999999999423e-01,1.5906167758177330e-12,-2.9984994576081938e+01,-3.1710598573752233e+00,2.7693580009757746e-05,-3.0004165874896127e-02,1.0000000000000000e+00,
9.8062474782481124e-01,2.0041561535921141e-04,9.9999999999999889e-01,2.2900758727904749e-12,-1.1827022033967847e+00,9.9214755457375063e-03,1.7437192788363753e-04,-8.2672619208520219e-04,1.0000000000000000e+00,
9.9442598780717362e-01,6.3127343154511243e-05,9.9999999999999944e-01,2.8970624477420102e-12,-1.7089721776895675e-01,1.7944581997046303e-03,2.2182332399129636e-05,2.0524440963166815e-04,1.0000000000000000e+00,
9.9787837641284904e-01,2.3902342137664685e-05,1.0000000000000000e+00,3.3940510114279637e-12,-4.2364898982011970e-02,4.6522638245851121e-04,4.8508718970943819e-06,9.3649327780409705e-05,1.0000000000000000e+00,
9.9908527187689011e-01,8.9682286260155391e-06,1.0000000000000000e+00,3.7618621990176850e-12,-1.4343315685799470e-02,1.3416306993558458e-04,1.5713552437127175e-06,3.5524931497609787e-05,1.0000000000000000e+00,
9.9954925775319237e-01,1.2509482098620553e-06,9.9999999999999967e-01,3.9865185906297035e-12,-6.4451842067324450e-03,1.6685786124631249e-06,4.6261303137770551e-07,4.4119560808341195e-07,1.0000000000000000e+00,
8.3876778658242845e-01,1.4656987877457187e-04,9.9999999999996680e-01,-1.0152880482682797e-12,-1.6250679573744552e+01,-4.6736241724852974e+01,2.5261260436448829e-03,1.3368085965664994e-02,1.0000000000000000e+00,
-7.1379368179990729e-02,-5.8216046103114039e-01,0.0000000000000000e+00,0.0000000000000000e+00,-7.6774774769485634e+02,-5.9493116856655286e+02,0.0000000000000000e+00,-8.4225899957222161e-01,0.0000000000000000e+00,
7.9837340321964878e-01,-1.3479326058593402e-01,9.9999999999998490e-01,1.5988608145784815e-12,-2.9984994576082656e+01,-3.4423163842596992e+01,2.7693580686993791e-05,-3.0004165874899978e-02,1.0000000000000000e+00,
9.8062474782481079e-01,-1.4083295231325121e-02,9.9999999999999989e-01,2.3017582106157111e-12,-1.1827022033969263e+00,-9.8571400688780608e-01,1.7437192769008576e-04,-8.2672619208440444e-04,1.0000000000000000e+00,
9.9442598780717406e-01,-4.2009935172389427e-03,9.9999999999999989e-01,2.9064669089973890e-12,-1.7089721776828048e-01,-1.4193460447737150e-01,2.2182332374068303e-05,2.0524440963277528e-04,1.0000000000000000e+00,
9.9787837641284860e-01,-1.5266817651488657e-03,1.0000000000000000e+00,3.4036432724689373e-12,-4.2364898980798864e-02,-3.4319181697246411e-02,4.8508714032050558e-06,9.3649327781274573e-05,1.0000000000000000e+00,
9.9908527187689100e-01,-6.0967570246951935e-04,1.0000000000000000e+00,3.7720534410048889e-12,-1.4343315684641443e-02,-1.0349485957147509e-02,1.5713546273424272e-06,3.5524931498229395e-05,1.0000000000000000e+00,
9.9954925775319370e-01,-2.3071631596132929e-04,9.9999999999999989e-01,3.9971596506545221e-12,-6.4451842077197993e-03,-3.1598261261235197e-03,4.6261469338712991e-07,4.4119560839631852e-07,1.0000000000000000e+00,
1.0000219687172500e+00,5.2785137612697990e-04,9.9999999999996747e-01,-1.0557363852863757e-12,-7.6388567473058888e+00,-4.9340585779204371e+00,8.8467260545010973e-05,6.3839990049338793e-03,1.0000000000000000e+00,
1.0125672961528687e+00,-2.7635718561375845e-02,9.9999999999999811e-01,7.7627211274172444e-13,-8.5415345098683133e+00,-8.1066580566055069e-01,5.2834982227911720e-04,-3.0381217842237587e-02,1.0000000000000000e+00,
9.9801391183250587e-01,-2.9864213607100683e-02,9.9999999999999911e-01,1.5910521536609641e-12,-1.5756614243505007e-01,-6.2431545606400451e-01,1.3106478208291250e-06,-2.1333010198301548e-02,1.0000000000000000e+00,
9.9691732910155073e-01,-1.3581932810927925e-02,9.9999999999999989e-01,2.2990002892426894e-12,1.2981027611535483e-02,-5.3038558121336887e-01,1.5229326431887014e-06,-2.3867968853181240e-03,1.0000000000000000e+00,
9.9754941634267180e-01,-4.4933300526031721e-03,9.9999999999999989e-01,2.9120614653538830e-12,-1.1884734466956471e-02,-1.3451746888396604e-01,3.4124709009930587e-06,-4.9118390355568607e-04,1.0000000000000000e+00,
9.9876717595409270e-01,-1.8602775991565079e-03,1.0000000000000000e+00,3.4117807268251084e-12,-1.1541986913265344e-02,-3.4796316124409657e-02,5.9426527272872509e-05,-1.0157988552266081e-04,1.0000000000000000e+00,
9.9941226551299811e-01,-8.0866232827504889e-04,1.0000000000000000e+00,3.7815744322147377e-12,-6.8433807399209878e-03,-1.1355676281190955e-02,4.1157322510721253e-05,-1.9483580370603684e-05,1.0000000000000000e+00,
9.9969784391417960e-01,-3.1912356344924601e-04,9.9999999999999967e-01,4.0074248828721687e-12,-3.8398539249007617e-03,-3.7727422655547379e-03,1.1543044095498230e-05,-3.2968560339729904e-06,1.0000000000000000e+00,
1.0000061475455573e+00,1.3616356434372284e-04,9.9999999999997391e-01,-1.0891325190590211e-12,-1.3118296195443830e+00,-1.3690592124157928e+00,1.2143488967164551e-04,4.4531517894533142e-03,1.0000000000000000e+00,
1.0053036119906549e+00,-2.2056812437752115e-03,9.9999999999999889e-01,7.8309725985403118e-13,-1.3172286623757510e+00,-1.3961812228135650e-01,7.6488466478619177e-05,-3.0130734963905890e-03,1.0000000000000000e+00,
1.0052808460041227e+00,-6.3559296067905377e-03,9.9999999999999922e-01,1.5902611233141558e-12,-2.6136029819593759e-01,1.2004276782078478e-01,5.8026112173883981e-06,-3.3152704374597485e-03,1.0000000000000000e+00,
1.0014027333539546e+00,-6.1597297724119296e-03,9.9999999999999944e-01,2.2986139435658789e-12,-2.2610181841369245e-02,-1.1557874849804943e-02,9.2541016894973072e-05,-1.8921822206675839e-03,1.0000000000000000e+00,
1.0003283564300320e+00,-3.6838672025596010e-03,9.9999999999999967e-01,2.9150247214988996e-12,1.5066301987615776e-02,-2.1174048072666637e-02,4.6023695479679994e-07,-5.1284343167769990e-04,1.0000000000000000e+00,
1.0000810357700836e+00,-1.7739190458426861e-03,9.9999999999999978e-01,3.4177433678258406e-12,4.1432983542044697e-03,-1.8110048583564037e-02,4.2593735587181936e-07,-1.9089805718798406e-04,1.0000000000000000e+00,
1.0000236746679980e+00,-7.9868793226238607e-04,1.0000000000000000e+00,3.7891514077135128e-12,9.8470208512790760e-04,-9.1818222952667877e-03,2.2055431172715578e-05,-8.5166850800103754e-05,1.0000000000000000e+00,
1.0000112620750166e+00,-3.1775847285264806e-04,9.9999999999999967e-01,4.0158385133410261e-12,2.4744699789080505e-04,-3.4996390022241481e-03,4.9863577835881391e-06,-3.1430831699014789e-05,1.0000000000000000e+00,
1.0000032237474692e+00,3.2233578660120391e-06,9.9999999999995903e-01,-1.1105100118907373e-12,-3.6664099230132635e-01,-3.3770284182475691e-01,3.6604121599059791e-05,3.8316017300623470e-03,1.0000000000000000e+00,
1.0036512403716606e+00,1.5596169565735396e-05,9.9999999999996292e-01,7.8158916757938528e-13,-3.8174577125678766e-01,-9.2867635529189474e-02,4.5223139311377806e-05,9.4273421875853709e-04,1.0000000000000000e+00,
1.0048307151677429e+00,-1.8479462775755856e-03,9.9999999999999378e-01,1.5892412651384851e-12,-2.3480279933575748e-01,3.3910403985939704e-03,8.8149820488781991e-07,-3.6917777793024539e-04,1.0000000000000000e+00,
1.0028319195793347e+00,-1.9723334542789614e-03,9.9999999999999523e-01,2.2981613734996951e-12,-7.2372391697674801e-02,1.1582167998111569e-03,2.1529105472331556e-06,-4.3668987026389782e-04,1.0000000000000000e+00,
1.0013657375305969e+00,-1.6976167666813040e-03,9.9999999999999301e-01,2.9168674237936871e-12,-6.2206184149009424e-03,-7.5704034054905819e-06,5.9263330644677807e-06,-3.6140773099138109e-04,1.0000000000000000e+00,
1.0006468111302040e+00,-1.0086709988394258e-03,9.9999999999999301e-01,3.4214078478191828e-12,7.6003063410046371e-03,-3.4625662301099999e-03,2.0118270938063176e-08,-1.9168793827740942e-04,1.0000000000000000e+00,
1.0003290736738575e+00,-5.0243243384612030e-04,9.9999999999999512e-01,3.7939801580839667e-12,4.1894163439732063e-03,-3.3881070039494163e-03,1.1698801920907373e-06,-1.0208392930992065e-04,1.0000000000000000e+00,
1.0002224877216042e+00,-2.0899403329832398e-04,9.9999999999999778e-01,4.0212801756399374e-12,1.3940369925225763e-03,-1.7909032960397970e-03,3.7243844089492051e-07,-4.1116402771619785e-05,1.0000000000000000e+00,

64,9
1.0047935123540350e+00,-3.2233578660609222e-06,1.0000000000000016e+00,2.6856936669596745e-12,-9.5879154934060476e-03,3.3770284182652277e-01,2.9377730487474949e+00,6.4615009474628801e-03,1.0000000000000000e+00,
1.0070903402055578e+00,-1.5596169565759750e-05,1.0000000000000013e+00,1.5288269882833838e-12,-2.0235359513539442e-01,9.2867635529045922e-02,1.5320145400582290e-03,4.1466271787448080e-03,1.0000000000000000e+00,
1.0070511328414966e+00,1.8479462775760249e-03,1.0000000000000013e+00,2.2299037231101186e-12,-3.7049493162990645e-02,-3.3910403991676218e-03,1.2635598548526705e-03,1.4370521023771643e-03,1.0000000000000000e+00,
1.0050702304223702e+00,1.9723334542790009e-03,1.0000000000000013e+00,2.8450351544375936e-12,1.7404821930825761e-02,-1.1582168001151591e-03,2.2955673609884736e-03,1.1087632909253770e-04,1.0000000000000000e+00,
1.0029792259625527e+00,1.6976167666813763e-03,1.0000000000000011e+00,3.3507098949821805e-12,1.8480325865503210e-02,7.5704028727489794e-06,2.5045047111947822e-04,-1.9139543112738433e-04,1.0000000000000000e+00,
1.0015998727328117e+00,1.0086709988392495e-03,1.0000000000000009e+00,3.7271561594564381e-12,1.3937182457690952e-02,3.4625662302266904e-03,2.3959228792319988e-04,-9.2092530731242156e-05,1.0000000000000000e+00,
1.0008071077564864e+00,5.0243243384597643e-04,1.0000000000000009e+00,3.9608524866045938e-12,7.4892628596834408e-03,3.3881070053998390e-03,1.5962733655676257e-04,-3.5166770617623345e-05,1.0000000000000000e+00,
1.0004279428667002e+00,2.0899403329890557e-04,1.0000000000000036e+00,4.0431713979507958e-12,4.9467962049011775e-03,1.7909032933846789e-03,3.1569777572357967e-03,-4.3563655975684158e-07,1.0000000000000000e+00,
1.0111291739083159e+00,-1.3616356434366608e-04,1.0000000000000087e+00,2.8801703621425195e-12,-1.8829540746145151e-02,1.3690592124160981e+00,8.3822712801448755e+00,1.3889098442437083e-02,1.0000000000000000e+00,
1.0149366189165172e+00,2.2056812437746577e-03,1.0000000000000011e+00,1.5289945250947113e-12,-2.4980304016469446e-01,1.3961812228247680e-01,1.0446577572202978e-02,5.4004633454452673e-03,1.0000000000000000e+00,
1.0132159021729779e+00,6.3559296067901543e-03,1.0000000000000009e+00,2.2350941627060612e-12,2.2689350199491928e-01,-1.2004276782002071e-01,1.0959633475089714e-02,6.8820830775190777e-04,1.0000000000000000e+00,
1.0053286369935235e+00,6.1597297724120684e-03,1.0000000000000009e+00,2.8515596994799755e-12,2.1197083459127172e-01,1.1557874849670729e-02,4.5973939683231768e-03,-3.8992886753628922e-04,1.0000000000000000e+00,
1.0026684536519830e+00,3.6838672025597697e-03,1.0000000000000009e+00,3.3569587411195537e-12,7.2781114917912129e-02,2.1174048073117582e-02,3.3535034033999045e-04,-1.2456816014258287e-04,1.0000000000000000e+00,
1.0012623027806464e+00,1.7739190458423539e-03,1.0000000000000004e+00,3.7333118587422039e-12,1.8283849508952735e-02,1.8110048584448295e-02,1.0558720461364968e-04,-2.7801507133191053e-05,1.0000000000000000e+00,
1.0005931845256457e+00,7.9868793226243182e-04,1.0000000000000009e+00,3.9670432984951092e-12,7.3287676457863410e-03,9.1818222948835144e-03,7.5612428839227225e-05,-6.0955080388179086e-06,1.0000000000000000e+00,
1.0003032830494987e+00,3.1775847285298329e-04,1.0000000000000009e+00,4.0493924562765065e-12,3.9378460731678139e-03,3.4996390033729683e-03,4.7413263498532615e-03,-7.7327187283440271e-08,1.0000000000000000e+00,
1.0277299507790278e+00,-5.2785137612709472e-04,1.0000000000000118e+00,3.0602248980504836e-12,-6.9207064134709811e-02,4.9340585779199193e+00,1.7401571279887381e+01,4.2109185897922140e-02,1.0000000000000000e+00,
1.0545159412695966e+00,2.7635718561376161e-02,1.0000000000000016e+00,1.5419819451725271e-12,3.6737558903296046e+00,8.1066580566071167e-01,2.1978033780237355e-01,7.0853253939079253e-03,1.0000000000000000e+00,
1.0290976849608990e+00,2.9864213607101266e-02,1.0000000000000004e+00,2.2479776216577227e-12,3.8562252860847988e+00,6.2431545606383398e-01,1.7985503812571191e-01,-1.5127663710525195e-03,1.0000000000000000e+00,
1.0049722411307638e+00,1.3581932810927046e-02,1.0000000000000007e+00,2.8614566443582820e-12,5.2370809763500059e-01,5.3038558121196577e-01,5.0865790952064893e-03,2.4567184804671704e-04,1.0000000000000000e+00,
1.0011216936180753e+00,4.4933300526030506e-03,1.0000000000000000e+00,3.3659836598961338e-12,7.7629324923332008e-02,1.3451746888351626e-01,1.5170182037990698e-03,2.5660699476220023e-04,1.0000000000000000e+00,
1.0002135521164555e+00,1.8602775991562049e-03,1.0000000000000000e+00,3.7423302825631765e-12,1.6393672467099805e-02,3.4796316123288130e-02,3.6148237432202107e-04,1.7462084674851460e-04,1.0000000000000000e+00,
1.0000327346069628e+00,8.0866232827515286e-04,1.0000000000000000e+00,3.9762194112118563e-12,3.2907723594847687e-03,1.1355676280842575e-02,1.0740712038121575e-04,8.2243346656801780e-05,1.0000000000000000e+00,
1.0000006282068183e+00,3.1912356344917776e-04,1.0000000000000000e+00,4.0586604537414509e-12,6.3275193438625790e-04,3.7727422665850248e-03,4.7533648107849448e-03,3.0900108837296101e-05,1.0000000000000000e+00,
1.0288377744260060e+00,-1.4656987877422053e-04,1.0000000000000171e+00,3.2164094178182795e-12,5.5095582909228654e+01,4.6736241724852434e+01,1.7913879486988222e+01,2.2337978273649123e-01,1.0000000000000000e+00,
1.6288371163437545e+00,5.8216046103116392e-01,1.0000000000000722e+00,1.6786004606001798e-12,5.0740974825380249e+02,5.9493116856656377e+02,1.9814656736307859e+03,4.6812229655880921e-01,1.0000000000000000e+00,
1.0307313235604540e+00,1.3479326058593394e-01,1.0000000000000486e+00,2.2617820273634534e-12,1.6852670464013961e+01,3.4423163842593837e+01,5.8738612105876129e+00,8.7860896577016914e-02,1.0000000000000000e+00,
9.9714976063437544e-01,1.4083295231324826e-02,1.0000000000000002e+00,2.8710874820392313e-12,4.3637811175230906e-01,9.8571400688756716e-01,2.5783926499930998e-02,6.2241121905293019e-03,1.0000000000000000e+00,
9.9861114203751489e-01,4.2009935172390624e-03,1.0000000000000000e+00,3.3755926669771269e-12,-4.8406544955859878e-03,1.4193460447689005e-01,1.9929868997251021e-03,1.2932078553534805e-03,1.0000000000000000e+00,
9.9934757484204728e-01,1.5266817651486862e-03,1.0000000000000000e+00,3.7524779816377906e-12,-7.9141069280001582e-03,3.4319181698609320e-02,3.6493580948242926e-04,3.9916569492971549e-04,1.0000000000000000e+00,
9.9966970494749274e-01,6.0967570246914877e-04,1.0000000000000000e+00,3.9868207348719513e-12,-4.2450040774622208e-03,1.0349485958173607e-02,1.0142511696117212e-04,1.4580014906178854e-04,1.0000000000000000e+00,
9.9977714733330536e-01,2.3071631596124711e-04,1.0000000000000000e+00,4.0694274852059960e-12,-1.4118259458669184e-03,3.1598261246512135e-03,3.3962664042951115e-03,4.9728945265581970e-05,1.0000000000000000e+00,
1.0288377744260071e+00,1.1627460592144107e-01,1.0000000000000147e+00,3.3629599407204423e-12,5.5095582909228121e+01,-4.4857422872269498e-01,1.7913879486984804e+01,2.2337978273649056e-01,1.0000000000000000e+00,
1.6288371163437620e+00,6.9903829703846554e-01,1.0000000000003513e+00,1.6703121092937649e-12,5.0740974825380493e+02,6.4888470932866528e+02,1.9814656736306629e+03,4.6812229655881010e-01,1.0000000000000000e+00,
1.0307313235604558e+00,-1.0457959703418585e-03,1.0000000000000437e+00,2.2628407036915375e-12,1.6852670464016679e+01,3.1710598573783098e+00,5.8738612105855958e+00,8.7860896577016179e-02,1.0000000000000000e+00,
9.9714976063437699e-01,-2.0041561535967317e-04,1.0000000000000013e+00,2.8766974423233542e-12,4.3637811175168179e-01,-9.9214755452569012e-03,2.5783926500239085e-02,6.2241121905288006e-03,1.0000000000000000e+00,
9.9861114203751478e-01,-6.3127343155046906e-05,1.0000000000000009e+00,3.3837443785202032e-12,-4.8406544975336365e-03,-1.7944582005485327e-03,1.9929868992830946e-03,1.2932078553537104e-03,1.0000000000000000e+00,
9.9934757484204662e-01,-2.3902342137753698e-05,1.0000000000000000e+00,3.7620135916401881e-12,-7.9141069284222720e-03,-4.6522638416934294e-04,3.6493580971349443e-04,3.9916569492933748e-04,1.0000000000000000e+00,
9.9966970494749319e-01,-8.9682286261497074e-06,1.0000000000000000e+00,3.9971233277198273e-12,-4.2450040776182548e-03,-1.3416306899825624e-04,1.0142511710680216e-04,1.4580014906152635e-04,1.0000000000000000e+00,
9.9977714733330547e-01,-1.2509482096034744e-06,1.0000000000000000e+00,4.0799891156217895e-12,-1.4118259468682195e-03,-1.6685782574547819e-06,3.3962664037214116e-03,4.9728945265893645e-05,1.0000000000000000e+00,
1.0277299507790274e+00,3.9681994373225039e-02,1.0000000000000073e+00,3.4787226124644335e-12,-6.9207064137503937e-02,-2.6389975026655416e-01,1.7401571279886223e+01,4.2109185897909143e-02,1.0000000000000000e+00,
1.0545159412695979e+00,3.7630918362862677e-02,1.0000000000000022e+00,1.5504590908460640e-12,3.6737558903297169e+00,8.2045121647886319e+00,2.1978033780303274e-01,7.0853253939001347e-03,1.0000000000000000e+00,
1.0290976849608999e+00,-3.3387406432120823e-03,1.0000000000000011e+00,2.2601481617983945e-12,3.8562252860850093e+00,3.0963583301723441e+00,1.7985503812425474e-01,-1.5127663710510098e-03,1.0000000000000000e+00,
1.0049722411307644e+00,-3.9649079426085105e-03,1.0000000000000009e+00,2.8795019185805383e-12,5.2370809763804016e-01,1.5457580604167509e-01,5.0865790970841540e-03,2.4567184804685002e-04,1.0000000000000000e+00,
1.0011216936180758e+00,-1.6827161445466194e-03,1.0000000000000002e+00,3.3897071908977390e-12,7.7629324925724177e-02,-2.0407792964620121e-02,1.5170182030239954e-03,2.5660699476241951e-04,1.0000000000000000e+00,
1.0002135521164552e+00,-6.7436640364116013e-04,1.0000000000000000e+00,3.7696717860282351e-12,1.6393672468841301e-02,-1.0026970825366806e-02,3.6148237210625878e-04,1.7462084675088068e-04,1.0000000000000000e+00,
1.0000327346069624e+00,-2.5885528324919309e-04,1.0000000000000000e+00,4.0056452387953726e-12,3.2907723602337356e-03,-3.5662979388920608e-03,1.0740711965844321e-04,8.2243346657595145e-05,1.0000000000000000e+00,
1.0000006282068177e+00,-3.6351577519850584e-05,1.0000000000000000e+00,4.0887949850089432e-12,6.3275193063402088e-04,-4.4447237564855920e-05,4.7533648123531513e-03,3.0900108837770474e-05,1.0000000000000000e+00,
1.0111291739083177e+00,1.5220575870112258e-02,1.0000000000000036e+00,3.5632104908292396e-12,-1.8829540743106436e-02,-1.2422899467629803e-01,8.3822712801429624e+00,1.3889098442430617e-02,1.0000000000000000e+00,
1.0149366189165172e+00,1.0516374251162884e-02,1.0000000000000013e+00,1.5440982374909526e-12,-2.4980304016149923e-01,8.2702008443336850e-01,1.0446577573938048e-02,5.4004633454389009e-03,1.0000000000000000e+00,
1.0132159021729787e+00,-9.8000834956200056e-06,1.0000000000000007e+00,2.2571288646350730e-12,2.2689350199510228e-01,7.8685959521840587e-01,1.0959633475795399e-02,6.8820830774908831e-04,1.0000000000000000e+00,
1.0053286369935233e+00,-1.8610834588061208e-03,1.0000000000000007e+00,2.8812673240423098e-12,2.1197083459237062e-01,1.7295991104565364e-01,4.5973939695527488e-03,-3.8992886753391406e-04,1.0000000000000000e+00,
1.0026684536519823e+00,-1.1121058025959458e-03,1.0000000000000007e+00,3.3934207847816114e-12,7.2781114917281911e-02,2.4972755834470249e-02,3.3535034134959951e-04,-1.2456816014402093e-04,1.0000000000000000e+00,
1.0012623027806467e+00,-5.5605904255306667e-04,1.0000000000000002e+00,3.7746310578471465e-12,1.8283849508582542e-02,-1.1189351046252693e-03,1.0558720451459697e-04,-2.7801507135088583e-05,1.0000000000000000e+00,
1.0005931845256459e+00,-2.3478465664603405e-04,1.0000000000000000e+00,4.0112762118447620e-12,7.3287676436850392e-03,-2.0413991664307283e-03,7.5612429422007577e-05,-6.0955080389349195e-06,1.0000000000000000e+00,
1.0003032830494982e+00,-3.3939979877545371e-05,1.0000000000000000e+00,4.0946482373764317e-12,3.9378460722482812e-03,-2.4869658113292841e-05,4.7413263490808438e-03,-7.7327186840876581e-08,1.0000000000000000e+00,
1.0047935123540368e+00,5.1497462051553035e-03,1.0000000000000080e+00,3.6192986765685127e-12,-9.5879155002231639e-03,-3.5350995550328772e-03,2.9377730487452611e+00,6.4615009474615981e-03,1.0000000000000000e+00,
1.0070903402055591e+00,3.7231374719435711e-03,1.0000000000000067e+00,1.5447992469575298e-12,-2.0235359513974457e-01,1.5401651189407792e-01,1.5320145431688918e-03,4.1466271787386081e-03,1.0000000000000000e+00,
1.0070511328414964e+00,1.2789670479845474e-04,1.0000000000000062e+00,2.2575925486031885e-12,-3.7049493160807204e-02,1.6420187692222124e-01,1.2635598534535726e-03,1.4370521023711097e-03,1.0000000000000000e+00,
1.0050702304223693e+00,-5.0550448146504507e-05,1.0000000000000009e+00,2.8824126654082147e-12,1.7404821931265968e-02,1.0549010142889093e-01,2.2955673600087018e-03,1.1087632909105963e-04,1.0000000000000000e+00,
1.0029792259625505e+00,-3.4579392813738123e-05,1.0000000000000004e+00,3.3950236646768985e-12,1.8480325861487342e-02,2.4574242407406136e-02,2.5045046544213486e-04,-1.9139543112719251e-04,1.0000000000000000e+00,
1.0015998727328119e+00,-1.8068635880349769e-05,1.0000000000000002e+00,3.7765758501822331e-12,1.3937182457554148e-02,9.8316132565593383e-04,2.3959229058593537e-04,-9.2092530733525445e-05,1.0000000000000000e+00,
1.0008071077564853e+00,-7.7848000256304093e-06,1.0000000000000000e+00,4.0134106956302734e-12,7.4892628655772696e-03,-5.9080176221915088e-05,1.5962733574241561e-04,-3.5166770617107678e-05,1.0000000000000000e+00,
1.0004279428667013e+00,-1.1324444520365506e-06,1.0000000000000013e+00,4.0968264246701456e-12,4.9467962016185672e-03,-7.0620489626137455e-07,3.1569777589586694e-03,-4.3563656016330516e-07,1.0000000000000000e+00,

