1
1
1
1
(64 0
((0,0) (16,16) (1,1))
((16,0) (32,16) (1,1))
((32,0) (48,16) (1,1))
((48,0) (64,16) (1,1))
((64,0) (80,16) (1,1))
((80,0) (96,16) (1,1))
((96,0) (112,16) (1,1))
((112,0) (128,16) (1,1))
((0,16) (16,32) (1,1))
((16,16) (32,32) (1,1))
((32,16) (48,32) (1,1))
((48,16) (64,32) (1,1))
((64,16) (80,32) (1,1))
((80,16) (96,32) (1,1))
((96,16) (112,32) (1,1))
((112,16) (128,32) (1,1))
((0,32) (16,48) (1,1))
((16,32) (32,48) (1,1))
((32,32) (48,48) (1,1))
((48,32) (64,48) (1,1))
((64,32) (80,48) (1,1))
((80,32) (96,48) (1,1))
((96,32) (112,48) (1,1))
((112,32) (128,48) (1,1))
((0,48) (16,64) (1,1))
((16,48) (32,64) (1,1))
((32,48) (48,64) (1,1))
((48,48) (64,64) (1,1))
((64,48) (80,64) (1,1))
((80,48) (96,64) (1,1))
((96,48) (112,64) (1,1))
((112,48) (128,64) (1,1))
((0,64) (16,80) (1,1))
((16,64) (32,80) (1,1))
((32,64) (48,80) (1,1))
((48,64) (64,80) (1,1))
((64,64) (80,80) (1,1))
((80,64) (96,80) (1,1))
((96,64) (112,80) (1,1))
((112,64) (128,80) (1,1))
((0,80) (16,96) (1,1))
((16,80) (32,96) (1,1))
((32,80) (48,96) (1,1))
((48,80) (64,96) (1,1))
((64,80) (80,96) (1,1))
((80,80) (96,96) (1,1))
((96,80) (112,96) (1,1))
((112,80) (128,96) (1,1))
((0,96) (16,112) (1,1))
((16,96) (32,112) (1,1))
((32,96) (48,112) (1,1))
((48,96) (64,112) (1,1))
((64,96) (80,112) (1,1))
((80,96) (96,112) (1,1))
((96,96) (112,112) (1,1))
((112,96) (128,112) (1,1))
((0,112) (16,128) (1,1))
((16,112) (32,128) (1,1))
((32,112) (48,128) (1,1))
((48,112) (64,128) (1,1))
((64,112) (80,128) (1,1))
((80,112) (96,128) (1,1))
((96,112) (112,128) (1,1))
((112,112) (128,128) (1,1))
)
64
FabOnDisk: SD_1_Old_MF_D_00002 0
FabOnDisk: SD_1_Old_MF_D_00002 2972
FabOnDisk: SD_1_Old_MF_D_00002 5944
FabOnDisk: SD_1_Old_MF_D_00002 8916
FabOnDisk: SD_1_Old_MF_D_00003 0
FabOnDisk: SD_1_Old_MF_D_00003 2972
FabOnDisk: SD_1_Old_MF_D_00003 5944
FabOnDisk: SD_1_Old_MF_D_00003 8917
FabOnDisk: SD_1_Old_MF_D_00002 11888
FabOnDisk: SD_1_Old_MF_D_00002 14860
FabOnDisk: SD_1_Old_MF_D_00002 17832
FabOnDisk: SD_1_Old_MF_D_00002 20804
FabOnDisk: SD_1_Old_MF_D_00003 11891
FabOnDisk: SD_1_Old_MF_D_00003 14863
FabOnDisk: SD_1_Old_MF_D_00003 17835
FabOnDisk: SD_1_Old_MF_D_00003 20808
FabOnDisk: SD_1_Old_MF_D_00002 23776
FabOnDisk: SD_1_Old_MF_D_00002 26748
FabOnDisk: SD_1_Old_MF_D_00002 29720
FabOnDisk: SD_1_Old_MF_D_00002 32692
FabOnDisk: SD_1_Old_MF_D_00003 23782
FabOnDisk: SD_1_Old_MF_D_00003 26754
FabOnDisk: SD_1_Old_MF_D_00003 29726
FabOnDisk: SD_1_Old_MF_D_00003 32699
FabOnDisk: SD_1_Old_MF_D_00002 35664
FabOnDisk: SD_1_Old_MF_D_00002 38636
FabOnDisk: SD_1_Old_MF_D_00002 41608
FabOnDisk: SD_1_Old_MF_D_00002 44580
FabOnDisk: SD_1_Old_MF_D_00003 35673
FabOnDisk: SD_1_Old_MF_D_00003 38645
FabOnDisk: SD_1_Old_MF_D_00003 41617
FabOnDisk: SD_1_Old_MF_D_00003 44590
FabOnDisk: SD_1_Old_MF_D_00000 0
FabOnDisk: SD_1_Old_MF_D_00000 2972
FabOnDisk: SD_1_Old_MF_D_00000 5944
FabOnDisk: SD_1_Old_MF_D_00000 8916
FabOnDisk: SD_1_Old_MF_D_00001 0
FabOnDisk: SD_1_Old_MF_D_00001 2972
FabOnDisk: SD_1_Old_MF_D_00001 5944
FabOnDisk: SD_1_Old_MF_D_00001 8917
FabOnDisk: SD_1_Old_MF_D_00000 11888
FabOnDisk: SD_1_Old_MF_D_00000 14860
FabOnDisk: SD_1_Old_MF_D_00000 17832
FabOnDisk: SD_1_Old_MF_D_00000 20804
FabOnDisk: SD_1_Old_MF_D_00001 11891
FabOnDisk: SD_1_Old_MF_D_00001 14863
FabOnDisk: SD_1_Old_MF_D_00001 17835
FabOnDisk: SD_1_Old_MF_D_00001 20808
FabOnDisk: SD_1_Old_MF_D_00000 23776
FabOnDisk: SD_1_Old_MF_D_00000 26749
FabOnDisk: SD_1_Old_MF_D_00000 29722
FabOnDisk: SD_1_Old_MF_D_00000 32695
FabOnDisk: SD_1_Old_MF_D_00001 23782
FabOnDisk: SD_1_Old_MF_D_00001 26755
FabOnDisk: SD_1_Old_MF_D_00001 29728
FabOnDisk: SD_1_Old_MF_D_00001 32702
FabOnDisk: SD_1_Old_MF_D_00000 35668
FabOnDisk: SD_1_Old_MF_D_00000 38642
FabOnDisk: SD_1_Old_MF_D_00000 41616
FabOnDisk: SD_1_Old_MF_D_00000 44590
FabOnDisk: SD_1_Old_MF_D_00001 35677
FabOnDisk: SD_1_Old_MF_D_00001 38651
FabOnDisk: SD_1_Old_MF_D_00001 41625
FabOnDisk: SD_1_Old_MF_D_00001 44600

64,1
1.8620353016400606e-02,
1.1586315333699632e-02,
5.3741201787961268e-03,
2.4039831289651556e-03,
1.0792026392775151e-03,
4.7393127542112360e-04,
1.7884820281805863e-04,
0.0000000000000000e+00,
2.0485500677697291e-02,
6.4298460479332176e-03,
7.1845036124729752e-04,
8.8027157438674486e-05,
1.4894577981081695e-05,
2.9166549502937004e-06,
5.9209959246965014e-07,
0.0000000000000000e+00,
2.6976738980608879e-02,
-2.4927916598568051e-02,
-2.3021465828008642e-02,
-6.3378613483099713e-03,
-2.4562443803164552e-03,
-1.0834087977240590e-03,
-4.7448379518131401e-04,
-1.7891943340140530e-04,
4.6436181111769816e-02,
-1.7354757035033057e+00,
-4.9391761203099530e-02,
-7.2333352557217134e-03,
-3.3635546112694824e-03,
-1.5326200023273642e-03,
-6.7279513196172552e-04,
-2.5352870482370736e-04,
4.6436181111770537e-02,
-1.7354757035031858e+00,
-4.9391761203098669e-02,
-7.2333352557212597e-03,
-3.3635546112694824e-03,
-1.5326200023273642e-03,
-6.7279513196172552e-04,
-2.5352870482370736e-04,
2.6976738980611217e-02,
-2.4927916598567440e-02,
-2.3021465828007563e-02,
-6.3378613483103712e-03,
-2.4562443803167406e-03,
-1.0834087977244259e-03,
-4.7448379518109034e-04,
-1.7891943340124833e-04,
2.0485500677698318e-02,
6.4298460479324405e-03,
7.1845036124754862e-04,
8.8027157439127750e-05,
1.4894577980974840e-05,
2.9166549517537599e-06,
5.9209959219706234e-07,
0.0000000000000000e+00,
1.8620353016402372e-02,
1.1586315333700982e-02,
5.3741201787966542e-03,
2.4039831289652210e-03,
1.0792026392768645e-03,
4.7393127542175509e-04,
1.7884820281810390e-04,
0.0000000000000000e+00,

64,1
2.5237969553224125e-02,
2.0485500677697291e-02,
1.2280805847913148e-02,
6.6535886832727112e-03,
3.2393406373653517e-03,
1.5011919408712136e-03,
6.6614933801982220e-04,
2.5221492955025351e-04,
4.0786630581926608e-02,
2.6976738980608879e-02,
1.1586315333699632e-02,
5.3741201787961268e-03,
2.4039831289651556e-03,
1.0792026392775151e-03,
4.7393127542112360e-04,
1.7884820281805863e-04,
8.8235773058367634e-02,
4.6436181111769816e-02,
6.4298460479332176e-03,
7.1845036124729752e-04,
8.8027157438674486e-05,
1.4894577981081695e-05,
2.9166549502937004e-06,
5.9209959246965014e-07,
3.5636667212900969e-01,
7.9982345189404835e-01,
4.1880240408056379e-02,
-2.4562443803164552e-03,
-1.0834087977240590e-03,
-4.7448379518131401e-04,
-1.7891943340140530e-04,
0.0000000000000000e+00,
3.5636667212900969e-01,
7.9982345189404835e-01,
4.1880240408056379e-02,
-2.4562443803167406e-03,
-1.0834087977244259e-03,
-4.7448379518109034e-04,
-1.7891943340124833e-04,
0.0000000000000000e+00,
8.8235773058370159e-02,
4.6436181111770537e-02,
6.4298460479324405e-03,
7.1845036124754862e-04,
8.8027157439127750e-05,
1.4894577980974840e-05,
2.9166549517537599e-06,
5.9209959219706234e-07,
4.0786630581930446e-02,
2.6976738980611217e-02,
1.1586315333700982e-02,
5.3741201787966542e-03,
2.4039831289652210e-03,
1.0792026392768645e-03,
4.7393127542175509e-04,
1.7884820281810390e-04,
2.5237969553226478e-02,
2.0485500677698318e-02,
1.2280805847912322e-02,
6.6535886832736627e-03,
3.2393406373649809e-03,
1.5011919408687636e-03,
6.6614933802103650e-04,
2.5221492955128789e-04,

