1
1
8
0
(2 0
((104,96) (127,127) (0,0))
((0,120) (103,127) (0,0))
)
2
FabOnDisk: Cell_D_00000 0
FabOnDisk: Cell_D_00000 49239

2,8
-3.2871161525665510e-01,-6.7066896894898820e-01,9.9775558183427271e-01,0.0000000000000000e+00,-7.7299976154541028e-01,-1.3130237766147996e+00,1.2465106632719269e-02,-7.9149802493239066e-02,
-7.8735870743547917e-02,-4.0183743574331134e-03,9.9996025859292581e-01,0.0000000000000000e+00,-1.4575303942841411e+00,-1.1267868675245772e+01,1.6441279158128985e-02,-2.0037981017831857e-01,

2,8
9.4056255925762366e-01,1.1168428744546578e-01,1.0013004225569937e+00,0.0000000000000000e+00,6.2085756790439646e+01,3.5288344841320331e+01,7.0363540500049211e+01,9.1447384208307425e-01,
9.4040604983176113e-01,2.0772840170655238e-01,1.0001546411906328e+00,0.0000000000000000e+00,3.2296129560890648e+01,2.4091301545654429e+00,7.5673187072625012e+01,-4.1498596800209541e-03,

