1
1
4
2
(17 0
((240,72) (247,79) (0,0))
((200,96) (207,119) (0,0))
((224,136) (255,143) (0,0))
((240,144) (255,159) (0,0))
((240,200) (255,215) (0,0))
((168,208) (199,231) (0,0))
((232,208) (239,215) (0,0))
((224,216) (247,231) (0,0))
((248,224) (255,231) (0,0))
((8,224) (15,239) (0,0))
((184,232) (199,239) (0,0))
((224,232) (255,255) (0,0))
((16,240) (63,255) (0,0))
((200,240) (215,247) (0,0))
((0,248) (15,255) (0,0))
((64,248) (159,255) (0,0))
((160,248) (223,255) (0,0))
)
17
FabOnDisk: SD_0_Old_MF_D_00000 0
FabOnDisk: SD_0_Old_MF_D_00000 4694
FabOnDisk: SD_0_Old_MF_D_00003 0
FabOnDisk: SD_0_Old_MF_D_00003 13912
FabOnDisk: SD_0_Old_MF_D_00002 0
FabOnDisk: SD_0_Old_MF_D_00001 0
FabOnDisk: SD_0_Old_MF_D_00002 12888
FabOnDisk: SD_0_Old_MF_D_00002 17584
FabOnDisk: SD_0_Old_MF_D_00002 35592
FabOnDisk: SD_0_Old_MF_D_00000 15533
FabOnDisk: SD_0_Old_MF_D_00001 32344
FabOnDisk: SD_0_Old_MF_D_00002 40288
FabOnDisk: SD_0_Old_MF_D_00000 23298
FabOnDisk: SD_0_Old_MF_D_00002 72632
FabOnDisk: SD_0_Old_MF_D_00000 56664
FabOnDisk: SD_0_Old_MF_D_00003 26800
FabOnDisk: SD_0_Old_MF_D_00001 40112

17,4
-3.2861989916480192e-02,-2.4156869016172669e-01,9.9999999390286765e-01,0.0000000000000000e+00,
-3.3311161096365427e-01,-1.0681303705839988e-01,9.9997486768928778e-01,0.0000000000000000e+00,
-2.1038689595175042e-01,-4.4522646663112420e-01,9.9964014883133934e-01,0.0000000000000000e+00,
-4.3077416599746392e-02,-3.6145191354541889e-01,9.9950377135468527e-01,0.0000000000000000e+00,
-2.1318180541689030e-01,-3.8358123342775691e-01,9.9998217477821139e-01,0.0000000000000000e+00,
-4.1203574405716653e-01,-1.9278893817013434e-01,9.9976683210646489e-01,0.0000000000000000e+00,
-2.0079605614248339e-01,-5.0303041493392930e-01,9.9992367492428036e-01,0.0000000000000000e+00,
-1.8949945424161288e-01,-4.5720517543714362e-01,9.9966966524133494e-01,0.0000000000000000e+00,
-8.3974545161831227e-02,-5.0594926517752936e-01,9.9999982428612777e-01,0.0000000000000000e+00,
-1.3052893652730821e-01,-5.7589515664304702e-02,9.9799886704027341e-01,0.0000000000000000e+00,
-7.3790407154761053e-02,-1.1349440426592385e-01,9.9983060435319693e-01,0.0000000000000000e+00,
-1.0152779757065600e-01,-6.1551048456465252e-01,9.9984253331338302e-01,0.0000000000000000e+00,
-1.2740414874374958e-01,-1.1860067390083763e-03,9.9616318973594531e-01,0.0000000000000000e+00,
1.7092537759673385e-01,-7.0923964317770677e-02,9.9978932710791546e-01,0.0000000000000000e+00,
-1.0719515970960390e-01,2.1030131096209967e-03,9.9721112000082324e-01,0.0000000000000000e+00,
2.8778690225963172e-01,-1.3814105900291839e-02,9.9798895205269300e-01,0.0000000000000000e+00,
3.5382135828979672e-01,-2.0425553359683130e-01,9.9985676552696268e-01,0.0000000000000000e+00,

17,4
7.5009684471739155e-02,9.9266668889452514e-03,1.0000000000357343e+00,0.0000000000000000e+00,
3.9723817336518780e-02,1.3419731922246683e-01,1.0000270975186218e+00,0.0000000000000000e+00,
2.1183704785896335e-01,6.0177994022069567e-02,1.0007010683451831e+00,0.0000000000000000e+00,
1.5826027492263911e-01,8.9582645598389646e-02,1.0001378942392722e+00,0.0000000000000000e+00,
-1.3145237667476510e-03,1.4783727262997592e-01,1.0002906227493404e+00,0.0000000000000000e+00,
1.6681847256780308e-01,2.4468505466976243e-01,1.0004241499544866e+00,0.0000000000000000e+00,
-6.2640861023797569e-03,-2.0091177674338942e-01,1.0000005724278076e+00,0.0000000000000000e+00,
1.5873884863626680e-01,-7.5912714172330392e-02,1.0008202512676048e+00,0.0000000000000000e+00,
3.6253705035911594e-03,-7.6617548707746355e-02,1.0000000141565877e+00,0.0000000000000000e+00,
-8.2858988205025252e-03,1.7055280158293021e-01,1.0000174199901766e+00,0.0000000000000000e+00,
2.5435486489891584e-01,9.8594572232002270e-02,1.0000209306952705e+00,0.0000000000000000e+00,
9.5610393428779050e-01,2.1166896013617646e-02,1.0002766048421603e+00,0.0000000000000000e+00,
9.5713231121042341e-01,2.2522646727755224e-01,1.0035460469112349e+00,0.0000000000000000e+00,
4.9501154773879175e-01,3.7390516879902295e-02,1.0010350036117857e+00,0.0000000000000000e+00,
8.6459889850504534e-01,2.5284981568374520e-01,1.0042495402296201e+00,0.0000000000000000e+00,
9.5998981315567400e-01,3.7292426907950628e-02,1.0024995653358295e+00,0.0000000000000000e+00,
9.8108750616443940e-01,1.6563276457994111e-01,1.0000429314463695e+00,0.0000000000000000e+00,

