1
1
4
4
(6 0
((32,112) (47,127) (0,0))
((48,112) (63,127) (0,0))
((64,112) (71,127) (0,0))
((32,128) (47,143) (0,0))
((48,128) (63,143) (0,0))
((64,128) (71,143) (0,0))
)
6
FabOnDisk: SD_0_New_MF_D_00001 0
FabOnDisk: SD_0_New_MF_D_00003 0
FabOnDisk: SD_0_New_MF_D_00003 18518
FabOnDisk: SD_0_New_MF_D_00000 0
FabOnDisk: SD_0_New_MF_D_00002 0
FabOnDisk: SD_0_New_MF_D_00002 18518

6,4
2.7396594894534713e-02,-7.0291041157053213e-01,9.9999999999933253e-01,-3.0383178427331404e-15,
-1.1297824793303262e+00,-5.3107485142752620e-01,9.9999999999967448e-01,-2.9138271561576143e-15,
-1.2097025774211294e+00,-1.2937341660094004e-01,9.9999999999978406e-01,-1.0597236245751178e-16,
2.7376496145816647e-02,1.5467521315556235e-02,9.9999999999947309e-01,-8.4008824460154822e-15,
-1.1299644043148880e+00,-7.7389257623381030e-03,9.9999999999799205e-01,-2.1040233193704665e-15,
-1.2096974183083824e+00,-3.1356450559052057e-01,9.9999999999989386e-01,-4.6699126113617385e-17,

6,4
1.0000000000000000e+40,1.0000000000000000e+40,1.0000000000000000e+40,1.0000000000000000e+40,
1.0000000000000000e+40,1.0000000000000000e+40,1.0000000000000000e+40,1.0000000000000000e+40,
1.5855298288502155e+00,3.1370114534413868e-01,1.0000000000002567e+00,7.1297967021702536e-16,
1.0000000000000000e+40,1.0000000000000000e+40,1.0000000000000000e+40,1.0000000000000000e+40,
1.0000000000000000e+40,1.0000000000000000e+40,1.0000000000000000e+40,1.0000000000000000e+40,
1.5855238741135751e+00,1.2935274093663726e-01,1.0000000000002380e+00,7.1137769463407835e-16,

