1
1
2
4
(6 0
((32,112) (47,127) (0,0))
((48,112) (63,127) (0,0))
((64,112) (71,127) (0,0))
((32,128) (47,143) (0,0))
((48,128) (63,143) (0,0))
((64,128) (71,143) (0,0))
)
6
FabOnDisk: SD_2_Old_MF_D_00001 0
FabOnDisk: SD_2_Old_MF_D_00003 0
FabOnDisk: SD_2_Old_MF_D_00003 9302
FabOnDisk: SD_2_Old_MF_D_00000 0
FabOnDisk: SD_2_Old_MF_D_00002 0
FabOnDisk: SD_2_Old_MF_D_00002 9302

6,2
-5.6031475040511748e+02,-2.2392984672541232e+02,
-3.1691849250987650e+02,-2.2252855713056940e+02,
-1.1324136721216833e+02,-2.5420097734609286e+02,
-5.6260498269612697e+02,-4.5387229903056362e+02,
-3.1695087599856635e+02,-1.7392720476295275e+02,
-1.1305581024766725e+02,-1.1537563800093871e+02,

6,2
1.5350056891010732e+02,4.5373760770119867e+02,
1.0427518359703832e+02,1.7397942764273461e+02,
2.5933044857340514e+02,1.1565391521692217e+02,
1.5342613590589033e+02,2.2457011665450881e+02,
1.0434018233915468e+02,2.2243123502699274e+02,
2.5839446620406113e+02,2.5407308548349255e+02,

