1
1
1
1
(64 0
((0,0) (16,16) (1,1))
((16,0) (32,16) (1,1))
((32,0) (48,16) (1,1))
((48,0) (64,16) (1,1))
((64,0) (80,16) (1,1))
((80,0) (96,16) (1,1))
((96,0) (112,16) (1,1))
((112,0) (128,16) (1,1))
((0,16) (16,32) (1,1))
((16,16) (32,32) (1,1))
((32,16) (48,32) (1,1))
((48,16) (64,32) (1,1))
((64,16) (80,32) (1,1))
((80,16) (96,32) (1,1))
((96,16) (112,32) (1,1))
((112,16) (128,32) (1,1))
((0,32) (16,48) (1,1))
((16,32) (32,48) (1,1))
((32,32) (48,48) (1,1))
((48,32) (64,48) (1,1))
((64,32) (80,48) (1,1))
((80,32) (96,48) (1,1))
((96,32) (112,48) (1,1))
((112,32) (128,48) (1,1))
((0,48) (16,64) (1,1))
((16,48) (32,64) (1,1))
((32,48) (48,64) (1,1))
((48,48) (64,64) (1,1))
((64,48) (80,64) (1,1))
((80,48) (96,64) (1,1))
((96,48) (112,64) (1,1))
((112,48) (128,64) (1,1))
((0,64) (16,80) (1,1))
((16,64) (32,80) (1,1))
((32,64) (48,80) (1,1))
((48,64) (64,80) (1,1))
((64,64) (80,80) (1,1))
((80,64) (96,80) (1,1))
((96,64) (112,80) (1,1))
((112,64) (128,80) (1,1))
((0,80) (16,96) (1,1))
((16,80) (32,96) (1,1))
((32,80) (48,96) (1,1))
((48,80) (64,96) (1,1))
((64,80) (80,96) (1,1))
((80,80) (96,96) (1,1))
((96,80) (112,96) (1,1))
((112,80) (128,96) (1,1))
((0,96) (16,112) (1,1))
((16,96) (32,112) (1,1))
((32,96) (48,112) (1,1))
((48,96) (64,112) (1,1))
((64,96) (80,112) (1,1))
((80,96) (96,112) (1,1))
((96,96) (112,112) (1,1))
((112,96) (128,112) (1,1))
((0,112) (16,128) (1,1))
((16,112) (32,128) (1,1))
((32,112) (48,128) (1,1))
((48,112) (64,128) (1,1))
((64,112) (80,128) (1,1))
((80,112) (96,128) (1,1))
((96,112) (112,128) (1,1))
((112,112) (128,128) (1,1))
)
64
FabOnDisk: SD_1_Old_MF_D_00000 0
FabOnDisk: SD_1_Old_MF_D_00000 2972
FabOnDisk: SD_1_Old_MF_D_00000 5944
FabOnDisk: SD_1_Old_MF_D_00000 8916
FabOnDisk: SD_1_Old_MF_D_00000 11888
FabOnDisk: SD_1_Old_MF_D_00000 14860
FabOnDisk: SD_1_Old_MF_D_00000 17832
FabOnDisk: SD_1_Old_MF_D_00000 20805
FabOnDisk: SD_1_Old_MF_D_00000 23779
FabOnDisk: SD_1_Old_MF_D_00000 26751
FabOnDisk: SD_1_Old_MF_D_00000 29723
FabOnDisk: SD_1_Old_MF_D_00000 32695
FabOnDisk: SD_1_Old_MF_D_00000 35667
FabOnDisk: SD_1_Old_MF_D_00000 38639
FabOnDisk: SD_1_Old_MF_D_00000 41611
FabOnDisk: SD_1_Old_MF_D_00000 44584
FabOnDisk: SD_1_Old_MF_D_00000 47558
FabOnDisk: SD_1_Old_MF_D_00000 50530
FabOnDisk: SD_1_Old_MF_D_00000 53502
FabOnDisk: SD_1_Old_MF_D_00000 56474
FabOnDisk: SD_1_Old_MF_D_00000 59446
FabOnDisk: SD_1_Old_MF_D_00000 62418
FabOnDisk: SD_1_Old_MF_D_00000 65390
FabOnDisk: SD_1_Old_MF_D_00000 68363
FabOnDisk: SD_1_Old_MF_D_00000 71337
FabOnDisk: SD_1_Old_MF_D_00000 74309
FabOnDisk: SD_1_Old_MF_D_00000 77281
FabOnDisk: SD_1_Old_MF_D_00000 80253
FabOnDisk: SD_1_Old_MF_D_00000 83225
FabOnDisk: SD_1_Old_MF_D_00000 86197
FabOnDisk: SD_1_Old_MF_D_00000 89169
FabOnDisk: SD_1_Old_MF_D_00000 92142
FabOnDisk: SD_1_Old_MF_D_00000 95116
FabOnDisk: SD_1_Old_MF_D_00000 98088
FabOnDisk: SD_1_Old_MF_D_00000 101060
FabOnDisk: SD_1_Old_MF_D_00000 104032
FabOnDisk: SD_1_Old_MF_D_00000 107004
FabOnDisk: SD_1_Old_MF_D_00000 109976
FabOnDisk: SD_1_Old_MF_D_00000 112948
FabOnDisk: SD_1_Old_MF_D_00000 115921
FabOnDisk: SD_1_Old_MF_D_00000 118895
FabOnDisk: SD_1_Old_MF_D_00000 121867
FabOnDisk: SD_1_Old_MF_D_00000 124839
FabOnDisk: SD_1_Old_MF_D_00000 127811
FabOnDisk: SD_1_Old_MF_D_00000 130783
FabOnDisk: SD_1_Old_MF_D_00000 133755
FabOnDisk: SD_1_Old_MF_D_00000 136727
FabOnDisk: SD_1_Old_MF_D_00000 139700
FabOnDisk: SD_1_Old_MF_D_00000 142674
FabOnDisk: SD_1_Old_MF_D_00000 145647
FabOnDisk: SD_1_Old_MF_D_00000 148620
FabOnDisk: SD_1_Old_MF_D_00000 151593
FabOnDisk: SD_1_Old_MF_D_00000 154566
FabOnDisk: SD_1_Old_MF_D_00000 157539
FabOnDisk: SD_1_Old_MF_D_00000 160512
FabOnDisk: SD_1_Old_MF_D_00000 163486
FabOnDisk: SD_1_Old_MF_D_00000 166461
FabOnDisk: SD_1_Old_MF_D_00000 169435
FabOnDisk: SD_1_Old_MF_D_00000 172409
FabOnDisk: SD_1_Old_MF_D_00000 175383
FabOnDisk: SD_1_Old_MF_D_00000 178357
FabOnDisk: SD_1_Old_MF_D_00000 181331
FabOnDisk: SD_1_Old_MF_D_00000 184305
FabOnDisk: SD_1_Old_MF_D_00000 187280

64,1
6.3094217826904350e-03,
1.6105565852118637e-03,
-6.6739760250205066e-04,
-7.8920456126924869e-04,
-6.7198108730639084e-04,
-3.5792339936037084e-04,
-1.8926300052578477e-04,
-7.6717718532162024e-05,
7.2374635842346845e-03,
-4.8234927837016257e-03,
-5.6247025325186304e-03,
-3.6839207390848339e-03,
-1.0199009313142254e-03,
-3.5792339936037084e-04,
-1.6248439518419853e-04,
-6.0294422232992936e-05,
1.0456011454202092e-02,
-4.8652899387654033e-02,
-4.3547915551507548e-02,
-5.1570685483925726e-03,
-1.0108093460285948e-03,
-2.2219920571605434e-04,
-4.6485464897006423e-05,
-9.1763186682790576e-06,
2.3268940994685364e-02,
-1.0872266251724749e+00,
-2.0461974557935411e-01,
-3.3404673284866434e-03,
3.4084632791852649e-04,
1.6019135744236801e-04,
5.9943308025408889e-05,
-8.4492066285094279e-07,
2.3268940994677231e-02,
-1.0872266251724485e+00,
-2.0461974557931481e-01,
-3.3404673284906927e-03,
3.4084632791821175e-04,
1.6019135744354263e-04,
5.9943308027452610e-05,
-8.4492066285094279e-07,
1.0456011454192404e-02,
-4.8652899387665795e-02,
-4.3547915551517151e-02,
-5.1570685483957142e-03,
-1.0108093460303308e-03,
-2.2219920571852662e-04,
-4.6485464895659993e-05,
-9.1763186665763249e-06,
7.2374635842253040e-03,
-4.8234927837088595e-03,
-5.6247025325228198e-03,
-3.6839207390866116e-03,
-1.0199009313146021e-03,
-3.5792339936070749e-04,
-1.6248439518262530e-04,
-6.0294422227143388e-05,
6.3094217826843071e-03,
1.6105565852042635e-03,
-6.6739760249910575e-04,
-7.8920456126015906e-04,
-6.7198108730339757e-04,
-3.5792339936070749e-04,
-1.8926300052506158e-04,
-7.6717718525690231e-05,

64,1
1.0652381080464190e-02,
7.2374635842346845e-03,
2.6324028886234277e-03,
2.7888390316372779e-04,
-3.3840896554840696e-04,
-1.6248439518419853e-04,
-6.0294422232992936e-05,
1.0628431516954079e-06,
2.2131392039696843e-02,
1.0456011454202092e-02,
1.6105565852118637e-03,
-6.6739760250205066e-04,
-2.2219920571605434e-04,
-4.6485464897006423e-05,
-9.1763186682790576e-06,
6.7494794053222377e-07,
6.1516694862810882e-02,
2.3268940994685364e-02,
-3.3404673284866434e-03,
4.5697732784063806e-04,
4.8201716184547653e-04,
3.4084632791852649e-04,
1.6019135744236801e-04,
5.9943308025408889e-05,
2.8625679695900474e-01,
5.9017186129808874e-01,
1.5934917236937707e-01,
1.3838858610595519e-02,
2.6059419426388121e-03,
7.7557485299490682e-04,
2.7879357498370610e-04,
9.4410746697900816e-05,
2.8625679695900474e-01,
5.9017186129808874e-01,
1.5934917236937707e-01,
1.3838858610595519e-02,
2.6059419426388121e-03,
7.7557485299490682e-04,
2.7879357498370610e-04,
9.4410746697900816e-05,
6.1516694862815982e-02,
2.3268940994677231e-02,
-3.3404673284906927e-03,
4.5697732784214331e-04,
4.8201716184603088e-04,
3.4084632791821175e-04,
1.6019135744354263e-04,
5.9943308027452610e-05,
2.2131392039697731e-02,
1.0456011454192404e-02,
1.6105565852042635e-03,
-6.6739760249910575e-04,
-2.2219920571852662e-04,
-4.6485464895659993e-05,
-9.1763186665763249e-06,
6.7494794027404304e-07,
1.0652381080460079e-02,
7.2374635842253040e-03,
2.6324028886169498e-03,
2.7888390316533197e-04,
-3.3840896555138641e-04,
-1.6248439518262530e-04,
-6.0294422227143388e-05,
1.0628431490441753e-06,

