1
1
2
4
(64 0
((0,0) (15,15) (0,0))
((16,0) (31,15) (0,0))
((32,0) (47,15) (0,0))
((48,0) (63,15) (0,0))
((64,0) (79,15) (0,0))
((80,0) (95,15) (0,0))
((96,0) (111,15) (0,0))
((112,0) (127,15) (0,0))
((0,16) (15,31) (0,0))
((16,16) (31,31) (0,0))
((32,16) (47,31) (0,0))
((48,16) (63,31) (0,0))
((64,16) (79,31) (0,0))
((80,16) (95,31) (0,0))
((96,16) (111,31) (0,0))
((112,16) (127,31) (0,0))
((0,32) (15,47) (0,0))
((16,32) (31,47) (0,0))
((32,32) (47,47) (0,0))
((48,32) (63,47) (0,0))
((64,32) (79,47) (0,0))
((80,32) (95,47) (0,0))
((96,32) (111,47) (0,0))
((112,32) (127,47) (0,0))
((0,48) (15,63) (0,0))
((16,48) (31,63) (0,0))
((32,48) (47,63) (0,0))
((48,48) (63,63) (0,0))
((64,48) (79,63) (0,0))
((80,48) (95,63) (0,0))
((96,48) (111,63) (0,0))
((112,48) (127,63) (0,0))
((0,64) (15,79) (0,0))
((16,64) (31,79) (0,0))
((32,64) (47,79) (0,0))
((48,64) (63,79) (0,0))
((64,64) (79,79) (0,0))
((80,64) (95,79) (0,0))
((96,64) (111,79) (0,0))
((112,64) (127,79) (0,0))
((0,80) (15,95) (0,0))
((16,80) (31,95) (0,0))
((32,80) (47,95) (0,0))
((48,80) (63,95) (0,0))
((64,80) (79,95) (0,0))
((80,80) (95,95) (0,0))
((96,80) (111,95) (0,0))
((112,80) (127,95) (0,0))
((0,96) (15,111) (0,0))
((16,96) (31,111) (0,0))
((32,96) (47,111) (0,0))
((48,96) (63,111) (0,0))
((64,96) (79,111) (0,0))
((80,96) (95,111) (0,0))
((96,96) (111,111) (0,0))
((112,96) (127,111) (0,0))
((0,112) (15,127) (0,0))
((16,112) (31,127) (0,0))
((32,112) (47,127) (0,0))
((48,112) (63,127) (0,0))
((64,112) (79,127) (0,0))
((80,112) (95,127) (0,0))
((96,112) (111,127) (0,0))
((112,112) (127,127) (0,0))
)
64
FabOnDisk: SD_2_New_MF_D_00000 0
FabOnDisk: SD_2_New_MF_D_00000 9300
FabOnDisk: SD_2_New_MF_D_00000 18600
FabOnDisk: SD_2_New_MF_D_00000 27900
FabOnDisk: SD_2_New_MF_D_00000 37200
FabOnDisk: SD_2_New_MF_D_00000 46500
FabOnDisk: SD_2_New_MF_D_00000 55800
FabOnDisk: SD_2_New_MF_D_00000 65101
FabOnDisk: SD_2_New_MF_D_00000 74403
FabOnDisk: SD_2_New_MF_D_00000 83703
FabOnDisk: SD_2_New_MF_D_00000 93003
FabOnDisk: SD_2_New_MF_D_00000 102303
FabOnDisk: SD_2_New_MF_D_00000 111603
FabOnDisk: SD_2_New_MF_D_00000 120903
FabOnDisk: SD_2_New_MF_D_00000 130203
FabOnDisk: SD_2_New_MF_D_00000 139504
FabOnDisk: SD_2_New_MF_D_00000 148806
FabOnDisk: SD_2_New_MF_D_00000 158106
FabOnDisk: SD_2_New_MF_D_00000 167406
FabOnDisk: SD_2_New_MF_D_00000 176706
FabOnDisk: SD_2_New_MF_D_00000 186006
FabOnDisk: SD_2_New_MF_D_00000 195306
FabOnDisk: SD_2_New_MF_D_00000 204606
FabOnDisk: SD_2_New_MF_D_00000 213907
FabOnDisk: SD_2_New_MF_D_00000 223209
FabOnDisk: SD_2_New_MF_D_00000 232509
FabOnDisk: SD_2_New_MF_D_00000 241809
FabOnDisk: SD_2_New_MF_D_00000 251109
FabOnDisk: SD_2_New_MF_D_00000 260409
FabOnDisk: SD_2_New_MF_D_00000 269709
FabOnDisk: SD_2_New_MF_D_00000 279009
FabOnDisk: SD_2_New_MF_D_00000 288310
FabOnDisk: SD_2_New_MF_D_00000 297612
FabOnDisk: SD_2_New_MF_D_00000 306912
FabOnDisk: SD_2_New_MF_D_00000 316212
FabOnDisk: SD_2_New_MF_D_00000 325512
FabOnDisk: SD_2_New_MF_D_00000 334812
FabOnDisk: SD_2_New_MF_D_00000 344112
FabOnDisk: SD_2_New_MF_D_00000 353412
FabOnDisk: SD_2_New_MF_D_00000 362713
FabOnDisk: SD_2_New_MF_D_00000 372015
FabOnDisk: SD_2_New_MF_D_00000 381315
FabOnDisk: SD_2_New_MF_D_00000 390615
FabOnDisk: SD_2_New_MF_D_00000 399915
FabOnDisk: SD_2_New_MF_D_00000 409215
FabOnDisk: SD_2_New_MF_D_00000 418515
FabOnDisk: SD_2_New_MF_D_00000 427815
FabOnDisk: SD_2_New_MF_D_00000 437116
FabOnDisk: SD_2_New_MF_D_00000 446418
FabOnDisk: SD_2_New_MF_D_00000 455719
FabOnDisk: SD_2_New_MF_D_00000 465020
FabOnDisk: SD_2_New_MF_D_00000 474321
FabOnDisk: SD_2_New_MF_D_00000 483622
FabOnDisk: SD_2_New_MF_D_00000 492923
FabOnDisk: SD_2_New_MF_D_00000 502224
FabOnDisk: SD_2_New_MF_D_00000 511526
FabOnDisk: SD_2_New_MF_D_00000 520829
FabOnDisk: SD_2_New_MF_D_00000 530131
FabOnDisk: SD_2_New_MF_D_00000 539433
FabOnDisk: SD_2_New_MF_D_00000 548735
FabOnDisk: SD_2_New_MF_D_00000 558037
FabOnDisk: SD_2_New_MF_D_00000 567339
FabOnDisk: SD_2_New_MF_D_00000 576641
FabOnDisk: SD_2_New_MF_D_00000 585944

64,2
-5.6474107468098278e-01,5.9824974383490548e-03,
-5.9907939222397655e-01,-2.2842321774648144e-01,
-4.0559377091534948e-01,-2.6198104334213923e-01,
-1.2850277906800417e-01,-1.8499830701885905e-01,
-1.2133033760969913e-02,-4.7006145421202260e-02,
1.4203236723175019e-02,-2.2383202183069179e-03,
7.9894183830734912e-03,1.0667456941319172e-04,
-1.5353703086203874e-03,-3.1799679566763795e-05,
-1.9041283823352273e+00,2.1756917237804041e-01,
-1.9280642575522857e+00,-1.2747065582428103e+00,
-5.2730737701271480e-01,-1.2618629666402432e+00,
-5.1962435070044083e-02,-3.5285836831005235e-01,
2.8095989030812406e-02,-4.8518131228961654e-02,
8.2208456804130497e-03,1.2327185511295802e-03,
1.9493168316378989e-03,3.7267044822281662e-03,
-9.2859947288256948e-04,-3.7389814513961138e-05,
-9.4610443973501024e+00,5.9102514590069277e-01,
-1.1614599462236281e+01,-1.1587500179820429e+01,
-4.8285328704627678e-01,-7.7919553148121778e+00,
4.7337956336289094e-02,-3.3294678553533547e-01,
-2.0347827235721601e-02,2.8887456742795109e-02,
-2.0268349267074513e-02,1.8798125834191756e-02,
-1.2795407251805578e-02,6.7425753531736177e-03,
-7.3037040096247778e-03,-3.3296733488514732e-05,
-1.5908883621030810e+01,5.2280084736267685e-01,
-6.3465806361092552e+02,-4.2863809544531966e+02,
-3.9225370901277799e+01,-1.9605008409609404e+01,
-2.6549783712142361e+00,2.1247183122387846e-02,
-3.4469265893411699e-01,3.5944018113430020e-03,
-8.2364818304293208e-02,9.0449719780083234e-04,
-2.7495456963452108e-02,2.5526953733394071e-04,
-1.2352248763773398e-02,-1.3844763165514248e-05,
-1.5908883621034095e+01,-4.8232555898145172e+01,
-6.3465806361094121e+02,-5.2977576282854989e+02,
-3.9225370901281188e+01,-1.7694903550137587e+02,
-2.6549783712145052e+00,-2.2507991448335196e+00,
-3.4469265893521334e-01,-2.8701879429736271e-01,
-8.2364818305670537e-02,-6.7048109398412992e-02,
-2.7495456963641411e-02,-1.9907910428842660e-02,
-1.2352248763523315e-02,-5.9671344553613786e-03,
-9.4610443973553640e+00,-6.5586170884306858e+00,
-1.1614599462240786e+01,-2.8302601591525405e+00,
-4.8285328704597669e-01,-9.2170788600634790e-01,
4.7337956336340012e-02,-9.0439668464742562e-01,
-2.0347827233835353e-02,-2.6418153830662461e-01,
-2.0268349265828111e-02,-6.7591412737059403e-02,
-1.2795407251162558e-02,-2.1669501556024616e-02,
-7.3037040111222119e-03,-7.0626192378052538e-03,
-1.9041283823368214e+00,-1.9737805827475894e+00,
-1.9280642575543538e+00,-3.8509921218888366e-01,
-5.2730737700948627e-01,2.0994383673350003e-01,
-5.1962435068421658e-02,-1.1241778613648556e-02,
2.8095989033846819e-02,-3.6913296248100080e-02,
8.2208456789064199e-03,-3.3100939111408989e-02,
1.9493168311898617e-03,-1.7188110875009606e-02,
-9.2859947241881371e-04,-6.4976674672939704e-03,
-5.6474107467755152e-01,-5.1691994590573820e-01,
-5.9907939222376494e-01,-1.6839410622655690e-01,
-4.0559377091409604e-01,5.3791629268360591e-03,
-1.2850277906665611e-01,2.1179200749651787e-03,
-1.2133033760988468e-02,2.4833237906463773e-04,
1.4203236727069548e-02,-6.2092955026547998e-03,
7.9894183815591036e-03,-6.1264866322534644e-03,
-1.5353703067326413e-03,-3.2606972924380151e-03,

64,2
-1.3292086459245483e-02,5.1691994590249557e-01,
-3.3708783690214011e-01,1.6839410622670400e-01,
-7.6683564218059302e-02,-5.3791629267010976e-03,
2.9787694553993348e-02,-2.1179200752317190e-03,
3.3040413370920688e-02,-2.4833237904616293e-04,
2.5971615619725094e-02,6.2092955033132930e-03,
1.4083975189499253e-02,6.1264866341003187e-03,
9.3977423886890624e-03,3.2606972927739005e-03,
-2.5147158048652307e-02,1.9737805827476791e+00,
-4.4457504512133739e-01,3.8509921218839033e-01,
3.6243938243942220e-01,-2.0994383673452413e-01,
3.5178058546671331e-01,1.1241778613830231e-02,
1.3995118472810980e-01,3.6913296248607771e-02,
3.5355908677650968e-02,3.3100939112478668e-02,
1.3876298876215956e-02,1.7188110875880139e-02,
7.5204603436005019e-03,6.4976674687610937e-03,
-8.4964116736920003e-02,6.5586170884300481e+00,
3.5249653626007724e+00,2.8302601591549874e+00,
5.5501487540135113e+00,9.2170788600509512e-01,
1.1758209266091786e+00,9.0439668464672363e-01,
1.5533078729422592e-01,2.6418153830719060e-01,
3.2568193319381017e-02,6.7591412735900788e-02,
6.5971284642802608e-03,2.1669501556391815e-02,
1.2703255792347675e-03,7.0626192382944571e-03,
5.7025053785418997e+01,4.8232555898140518e+01,
1.0000000000000000e+40,1.0000000000000000e+40,
2.8750177821671696e+02,1.7694903550140324e+02,
1.1214064479163950e+00,2.2507991448327944e+00,
8.7758131808775425e-03,2.8701879429800098e-01,
-1.4839347309269287e-02,6.7048109398791036e-02,
-8.0753126416370988e-03,1.9907910428549828e-02,
1.1806490301650820e-03,5.9671344549315688e-03,
5.7025053785417001e+01,-5.2280084735949195e-01,
1.0000000000000000e+40,1.0000000000000000e+40,
2.8750177821670013e+02,1.9605008409606768e+01,
1.1214064479180861e+00,-2.1247183121768636e-02,
8.7758131810616313e-03,-3.5944018104796735e-03,
-1.4839347307170205e-02,-9.0449719851240507e-04,
-8.0753126403434045e-03,-2.5526953658913990e-04,
1.1806490295389136e-03,1.3844763707521171e-05,
-8.4964116729148442e-02,-5.9102514590087396e-01,
3.5249653626014776e+00,1.1587500179820774e+01,
5.5501487540146375e+00,7.7919553148135048e+00,
1.1758209266117743e+00,3.3294678553597257e-01,
1.5533078729591704e-01,-2.8887456740934486e-02,
3.2568193320272373e-02,-1.8798125834542392e-02,
6.5971284632804338e-03,-6.7425753538512493e-03,
1.2703255820375732e-03,3.3296733525996225e-05,
-2.5147158046003038e-02,-2.1756917237968007e-01,
-4.4457504511850465e-01,1.2747065582429564e+00,
3.6243938244256946e-01,1.2618629666397099e+00,
3.5178058546557550e-01,3.5285836831060252e-01,
1.3995118472813839e-01,4.8518131229791317e-02,
3.5355908678810180e-02,-1.2327185523328330e-03,
1.3876298877783201e-02,-3.7267044820375717e-03,
7.5204603435312899e-03,3.7389815561645728e-05,
-1.3292086457402513e-02,-5.9824974377870044e-03,
-3.3708783689579280e-01,2.2842321774645818e-01,
-7.6683564216577932e-02,2.6198104334396383e-01,
2.9787694553126416e-02,1.8499830701668310e-01,
3.3040413371115802e-02,4.7006145421312567e-02,
2.5971615618685901e-02,2.2383202185863489e-03,
1.4083975187676586e-02,-1.0667456870463849e-04,
9.3977423894045266e-03,3.1799679262612546e-05,

