1
1
8
0
(2 0
((128,240) (255,255) (0,0))
((0,248) (127,255) (0,0))
)
2
FabOnDisk: Cell_D_00000 0
FabOnDisk: Cell_D_00000 131160

2,8
-2.0564117723074385e-01,-5.2223516973205808e-01,9.9897795254836630e-01,0.0000000000000000e+00,-1.0338992908498881e+00,-1.2170896947992320e+00,2.6111206845388579e-01,-2.1777123436997892e-03,
-7.7641429241041657e-02,-1.3245099658285553e-03,9.9999674568544128e-01,0.0000000000000000e+00,-9.5934855816763864e-01,-4.0291768280579909e+01,5.0209005761700887e-01,-3.5634635318506458e-01,

2,8
9.1204655896148090e-01,8.4573020785718670e-04,1.0000029834090878e+00,0.0000000000000000e+00,9.3967123059247299e+01,8.0245500846228182e+01,1.3703062585576981e+02,9.4595516282313064e-01,
9.1177091054794857e-01,2.4180737125955623e-01,1.0000003832719051e+00,0.0000000000000000e+00,5.4618820773446096e+01,2.0718274356285605e+01,1.4643036784209286e+02,-1.9337006069665545e-03,

