1
1
9
0
(6 0
((32,112) (47,127) (0,0))
((48,112) (63,127) (0,0))
((64,112) (71,127) (0,0))
((32,128) (47,143) (0,0))
((48,128) (63,143) (0,0))
((64,128) (71,143) (0,0))
)
6
FabOnDisk: Cell_D_00000 0
FabOnDisk: Cell_D_00000 18518
FabOnDisk: Cell_D_00000 37036
FabOnDisk: Cell_D_00000 46338
FabOnDisk: Cell_D_00000 64856
FabOnDisk: Cell_D_00000 83374

6,9
0.0000000000000000e+00,-7.1164582974150881e-01,0.0000000000000000e+00,-6.3289476467343565e-15,-5.9422202167568821e+02,-2.3879738206405355e+02,0.0000000000000000e+00,-4.1296358812714551e-01,0.0000000000000000e+00,
-1.1848106427667489e+00,-5.8635757234007868e-01,0.0000000000000000e+00,-7.8629658977915792e-15,-3.7810357186383766e+02,-2.7839750630324517e+02,0.0000000000000000e+00,-1.0717791029637829e+00,0.0000000000000000e+00,
-1.1973609489656367e+00,-2.1485998547843208e-03,9.9999999999976508e-01,-7.8637504814147405e-16,8.7262364942359163e+00,-2.8693010188157916e+02,3.5443730324544731e-01,-1.0744547540861693e+00,1.0000000000000000e+00,
0.0000000000000000e+00,0.0000000000000000e+00,0.0000000000000000e+00,-1.7961806621638893e-14,-5.9422204218159732e+02,-4.7444299960641905e+02,0.0000000000000000e+00,-4.1296357112158144e-01,0.0000000000000000e+00,
-1.1848106428586627e+00,-2.8775199466905640e-02,0.0000000000000000e+00,-3.9466452985355495e-15,-3.7810357171433833e+02,-2.3814480397165457e+02,0.0000000000000000e+00,-1.0717791029091552e+00,0.0000000000000000e+00,
-1.1973609490509571e+00,-4.5122933347583127e-01,9.9999999999970046e-01,-7.7620411290780867e-16,8.7262361009846341e+00,-1.3714541921447616e+02,3.5443727917776613e-01,-1.0744547540102540e+00,1.0000000000000000e+00,

6,9
1.3059073438012339e+00,0.0000000000000000e+00,1.0000000000001312e+00,1.7708834072372267e-14,1.5115165935431506e+02,4.7444299769017312e+02,2.8368398747158808e+03,6.0772710257221596e-01,1.0000000000000000e+00,
1.5764559329956243e+00,2.8775199211153707e-02,1.0000000000007052e+00,2.8304823158855510e-16,1.0514311379177670e+02,2.3814480241363640e+02,2.0903368016015529e+03,0.0000000000000000e+00,1.0000000000000000e+00,
1.5741310490866058e+00,4.5122933358123068e-01,1.0000000000002474e+00,3.8199561096606910e-15,3.0578184641058783e+02,1.3714541926031441e+02,1.3777997381711286e+03,-3.1744590762305447e-01,1.0000000000000000e+00,
1.3059073334770783e+00,7.1164582776684104e-01,1.0000000000001597e+00,1.8144678905554776e-14,1.5115165935825422e+02,2.3879739995010235e+02,2.8368398542532314e+03,6.0772710268503849e-01,1.0000000000000000e+00,
1.5764559323125991e+00,5.8635757306502412e-01,1.0000000000011062e+00,1.2056431852244879e-14,1.0514309247736273e+02,2.7839750625522402e+02,2.0903366730323996e+03,0.0000000000000000e+00,1.0000000000000000e+00,
1.5741310484599564e+00,2.1486001847492043e-03,1.0000000000001394e+00,3.8194779890611946e-15,3.0578184640032248e+02,2.8693010181775873e+02,1.3777997381526295e+03,-3.1744590769928871e-01,1.0000000000000000e+00,

