1
1
9
0
(64 0
((0,0) (15,15) (0,0))
((16,0) (31,15) (0,0))
((32,0) (47,15) (0,0))
((48,0) (63,15) (0,0))
((64,0) (79,15) (0,0))
((80,0) (95,15) (0,0))
((96,0) (111,15) (0,0))
((112,0) (127,15) (0,0))
((0,16) (15,31) (0,0))
((16,16) (31,31) (0,0))
((32,16) (47,31) (0,0))
((48,16) (63,31) (0,0))
((64,16) (79,31) (0,0))
((80,16) (95,31) (0,0))
((96,16) (111,31) (0,0))
((112,16) (127,31) (0,0))
((0,32) (15,47) (0,0))
((16,32) (31,47) (0,0))
((32,32) (47,47) (0,0))
((48,32) (63,47) (0,0))
((64,32) (79,47) (0,0))
((80,32) (95,47) (0,0))
((96,32) (111,47) (0,0))
((112,32) (127,47) (0,0))
((0,48) (15,63) (0,0))
((16,48) (31,63) (0,0))
((32,48) (47,63) (0,0))
((48,48) (63,63) (0,0))
((64,48) (79,63) (0,0))
((80,48) (95,63) (0,0))
((96,48) (111,63) (0,0))
((112,48) (127,63) (0,0))
((0,64) (15,79) (0,0))
((16,64) (31,79) (0,0))
((32,64) (47,79) (0,0))
((48,64) (63,79) (0,0))
((64,64) (79,79) (0,0))
((80,64) (95,79) (0,0))
((96,64) (111,79) (0,0))
((112,64) (127,79) (0,0))
((0,80) (15,95) (0,0))
((16,80) (31,95) (0,0))
((32,80) (47,95) (0,0))
((48,80) (63,95) (0,0))
((64,80) (79,95) (0,0))
((80,80) (95,95) (0,0))
((96,80) (111,95) (0,0))
((112,80) (127,95) (0,0))
((0,96) (15,111) (0,0))
((16,96) (31,111) (0,0))
((32,96) (47,111) (0,0))
((48,96) (63,111) (0,0))
((64,96) (79,111) (0,0))
((80,96) (95,111) (0,0))
((96,96) (111,111) (0,0))
((112,96) (127,111) (0,0))
((0,112) (15,127) (0,0))
((16,112) (31,127) (0,0))
((32,112) (47,127) (0,0))
((48,112) (63,127) (0,0))
((64,112) (79,127) (0,0))
((80,112) (95,127) (0,0))
((96,112) (111,127) (0,0))
((112,112) (127,127) (0,0))
)
64
FabOnDisk: Cell_D_00002 0
FabOnDisk: Cell_D_00002 18514
FabOnDisk: Cell_D_00002 37029
FabOnDisk: Cell_D_00002 55544
FabOnDisk: Cell_D_00003 0
FabOnDisk: Cell_D_00003 18515
FabOnDisk: Cell_D_00003 37030
FabOnDisk: Cell_D_00003 55546
FabOnDisk: Cell_D_00002 74059
FabOnDisk: Cell_D_00002 92574
FabOnDisk: Cell_D_00002 111090
FabOnDisk: Cell_D_00002 129606
FabOnDisk: Cell_D_00003 74063
FabOnDisk: Cell_D_00003 92579
FabOnDisk: Cell_D_00003 111095
FabOnDisk: Cell_D_00003 129612
FabOnDisk: Cell_D_00002 148122
FabOnDisk: Cell_D_00002 166637
FabOnDisk: Cell_D_00002 185153
FabOnDisk: Cell_D_00002 203669
FabOnDisk: Cell_D_00003 148130
FabOnDisk: Cell_D_00003 166646
FabOnDisk: Cell_D_00003 185162
FabOnDisk: Cell_D_00003 203679
FabOnDisk: Cell_D_00002 222185
FabOnDisk: Cell_D_00002 240700
FabOnDisk: Cell_D_00002 259216
FabOnDisk: Cell_D_00002 277732
FabOnDisk: Cell_D_00003 222197
FabOnDisk: Cell_D_00003 240713
FabOnDisk: Cell_D_00003 259229
FabOnDisk: Cell_D_00003 277746
FabOnDisk: Cell_D_00000 0
FabOnDisk: Cell_D_00000 18515
FabOnDisk: Cell_D_00000 37031
FabOnDisk: Cell_D_00000 55547
FabOnDisk: Cell_D_00001 0
FabOnDisk: Cell_D_00001 18516
FabOnDisk: Cell_D_00001 37032
FabOnDisk: Cell_D_00001 55549
FabOnDisk: Cell_D_00000 74063
FabOnDisk: Cell_D_00000 92578
FabOnDisk: Cell_D_00000 111094
FabOnDisk: Cell_D_00000 129610
FabOnDisk: Cell_D_00001 74067
FabOnDisk: Cell_D_00001 92583
FabOnDisk: Cell_D_00001 111099
FabOnDisk: Cell_D_00001 129616
FabOnDisk: Cell_D_00000 148126
FabOnDisk: Cell_D_00000 166642
FabOnDisk: Cell_D_00000 185159
FabOnDisk: Cell_D_00000 203676
FabOnDisk: Cell_D_00001 148134
FabOnDisk: Cell_D_00001 166651
FabOnDisk: Cell_D_00001 185168
FabOnDisk: Cell_D_00001 203686
FabOnDisk: Cell_D_00000 222193
FabOnDisk: Cell_D_00000 240710
FabOnDisk: Cell_D_00000 259228
FabOnDisk: Cell_D_00000 277746
FabOnDisk: Cell_D_00001 222205
FabOnDisk: Cell_D_00001 240723
FabOnDisk: Cell_D_00001 259241
FabOnDisk: Cell_D_00001 277760

64,9
1.0000042423916871e+00,-3.7618245808740580e-03,9.9999999999999500e-01,-3.6259790174303795e-15,-6.0995957368465625e-01,3.8705765872074516e-03,1.0142441135052528e-02,-3.3744928006254780e-03,1.0000000000000000e+00,
1.0019352654943261e+00,-5.6572829872309615e-03,9.9999999999997791e-01,-6.6456486173966350e-14,-6.2703388731011223e-01,-4.0699965654792153e-01,1.2373100079708361e-02,-7.9829158364601843e-03,1.0000000000000000e+00,
1.0057701611050203e+00,-5.3979914018401137e-03,9.9999999999993205e-01,-1.0156776095092339e-13,-2.4267105507534437e-01,-4.2558306790657235e-01,1.0746451837767568e-05,-8.5961216488908525e-03,1.0000000000000000e+00,
1.0062171529915547e+00,1.6280224150559340e-05,9.9999999999990252e-01,-3.6773549045175460e-14,1.2437604291381148e-01,-2.2652612893815416e-01,3.8589150624934732e-08,-7.6470901080278094e-03,1.0000000000000000e+00,
1.0031923283175244e+00,7.0353019159718526e-05,9.9999999999990330e-01,-1.2814359485064724e-14,1.7535344588808341e-01,1.0999002307537226e-04,2.5735613098064325e-07,-4.6422765421705540e-03,1.0000000000000000e+00,
1.0014878579931803e+00,4.1927343681968755e-05,9.9999999999990230e-01,-3.9208710681624353e-15,8.9337337156896901e-02,1.8272016554531242e-03,7.2623707013386163e-07,-2.6156036961845837e-03,1.0000000000000000e+00,
1.0006654551061007e+00,2.2026729563631281e-05,9.9999999999987266e-01,7.9665229851636151e-16,4.7920440124563098e-02,8.5815622275134916e-04,8.0107391614986367e-06,-1.2725204008993234e-03,1.0000000000000000e+00,
1.0002644437241133e+00,1.1603068038706026e-05,9.9999999999978340e-01,3.6183136027043844e-15,2.2552761670304199e-02,1.6225128364000298e-05,4.8082661881676710e-06,-4.9269725936286273e-04,1.0000000000000000e+00,
1.0000090807849833e+00,-1.5047138361649842e-02,9.9999999999999689e-01,-4.2726709862136387e-15,-2.3537135374316529e+00,1.5445508146294987e-01,4.5309540588097119e-01,-2.6495853866534726e-03,1.0000000000000000e+00,
1.0039377538524836e+00,-1.5231668862919295e-02,9.9999999999996059e-01,-5.0075269147751754e-14,-2.4267454230700727e+00,-2.0717175550998403e+00,4.2965321371458454e-01,-1.8138997152802764e-02,1.0000000000000000e+00,
1.0096452862091680e+00,-1.1386924163197315e-02,9.9999999999999334e-01,-6.5794340517857489e-14,-3.1689024982416708e-01,-2.0451348080819653e+00,5.5586941121621436e-05,-1.8466309852680572e-02,1.0000000000000000e+00,
1.0048830661683139e+00,1.4384570871246480e-03,9.9999999999999811e-01,-1.2037042695408893e-14,2.9011450367260483e-01,-3.7075924166178137e-01,3.1272454681374739e-06,-1.0883892175821298e-02,1.0000000000000000e+00,
1.0011521298052588e+00,2.3721692808215148e-03,9.9999999999999933e-01,3.7489919268976458e-15,1.1806165780042353e-01,4.0796271434303213e-02,1.1538075198394560e-05,-4.5297139988342821e-03,1.0000000000000000e+00,
1.0002703675323150e+00,1.3173539490545024e-03,1.0000000000000022e+00,6.0822947237114916e-15,2.7443100016190922e-02,6.1496936626579846e-02,3.9592130028978656e-05,-2.1838813505702789e-03,1.0000000000000000e+00,
1.0000675721430874e+00,6.6904436146247805e-04,1.0000000000000013e+00,6.7748662456071565e-15,7.0858137972501234e-03,2.7134418204880183e-02,9.2600036695304755e-05,-9.6939888990909596e-04,1.0000000000000000e+00,
1.0000147702655355e+00,3.4798613680953386e-04,9.9999999999999778e-01,7.1952974811602153e-15,2.0147388950315717e-03,4.9965084513110532e-04,4.6875800272960788e-05,-3.5937034062822172e-04,1.0000000000000000e+00,
1.0000320384961210e+00,-6.6140123951556537e-02,1.0000000000000000e+00,-4.4017491082439786e-15,-1.0667380705449418e+01,6.0002174721339685e-01,1.8513100687230364e+00,5.4859543769308623e-04,1.0000000000000000e+00,
1.0147418030348103e+00,-7.1805111558271822e-02,9.9999999999996347e-01,-6.4809699656303017e-14,-1.4971923068342596e+01,-1.7162918308848926e+01,1.6233842727559968e+00,-8.3623889124247980e-02,1.0000000000000000e+00,
1.0101452987114399e+00,-1.1895535008667194e-02,9.9999999999998679e-01,-7.0411997618150661e-14,-1.9083424162781823e-01,-1.5256783205500888e+01,2.3098315586445040e-05,-8.0019185232125145e-02,1.0000000000000000e+00,
9.9505132048819445e-01,8.8120994845217303e-03,9.9999999999999178e-01,-1.5449265155208096e-14,-3.6094267201346605e-02,-3.1408900630782499e-01,6.4858282549096202e-06,-1.1686228332049938e-02,1.0000000000000000e+00,
9.9510702422219588e-01,4.5108259219098119e-03,9.9999999999999167e-01,3.3685445602226553e-15,-1.6703853369631128e-01,2.4256167822858737e-01,9.3693621192186827e-04,-2.9123979101315857e-03,1.0000000000000000e+00,
9.9715005558396441e-01,1.7606972169770649e-03,9.9999999999999456e-01,6.0886121328898268e-15,-1.4616551469079689e-01,1.0873340691418423e-01,5.2177608869038994e-04,-6.0195690415719124e-04,1.0000000000000000e+00,
9.9865465579740564e-01,7.6228649080837694e-04,9.9999999999999400e-01,6.7918359980356964e-15,-7.9067970094682125e-02,3.6548296761459383e-02,1.8794225864647573e-04,-1.1052397683391219e-04,1.0000000000000000e+00,
9.9939909058630394e-01,3.7392883470972375e-04,9.9999999999999434e-01,7.2020703191257116e-15,-4.3494891139583672e-02,6.0232097887773174e-04,3.1249054632594142e-05,-1.6766374444814698e-05,1.0000000000000000e+00,
8.2712098296137115e-01,-1.4261559211021804e-01,1.0000000000000000e+00,-1.3349162955367731e-13,-1.5746619739392870e+01,5.7684937422886329e-01,4.3105990698243130e-01,2.3091994288597286e-02,1.0000000000000000e+00,
-1.0750479784644256e+00,-6.3898576102179305e-01,0.0000000000000000e+00,-5.8325129284241379e-14,-5.7056943345051559e+02,-3.0687925262405457e+02,0.0000000000000000e+00,-1.0850704736132659e+00,0.0000000000000000e+00,
-9.7246071973445825e-01,6.3487447674227850e-03,9.9999999999977962e-01,-1.0519289128104713e-13,-4.5111245597747079e+01,-2.5541751827852957e+02,1.9093245294037331e-03,-8.5355145128455012e-01,1.0000000000000000e+00,
9.2180989949199055e-01,7.4543919341366527e-04,9.9999999999989941e-01,-5.7504757639145004e-14,-9.6517986510111218e+00,7.5175613253391144e-02,3.9743170164818764e-04,-3.4322377501695691e-03,1.0000000000000000e+00,
9.8367817123522294e-01,1.7970269693893653e-04,9.9999999999997724e-01,2.3415906046914471e-15,-1.3506635267872951e+00,1.4321498684670083e-02,2.2676796982347425e-05,2.3359141468523802e-03,1.0000000000000000e+00,
9.9450564028084865e-01,6.3880858896765604e-05,9.9999999999999278e-01,6.1125561007617817e-15,-3.7759681286505892e-01,4.1835677118951401e-03,2.8200662716441546e-05,1.0557613028184514e-03,1.0000000000000000e+00,
9.9780691826948675e-01,2.6614668445531196e-05,9.9999999999999378e-01,6.7929235856836214e-15,-1.4264175107891164e-01,1.3221397715051932e-03,7.0601754453575999e-06,4.0163922759842391e-04,1.0000000000000000e+00,
9.9908271402955495e-01,1.2878002281149576e-05,9.9999999999999412e-01,7.2048609494378206e-15,-6.8644188303766368e-02,2.1272883385835394e-05,9.9352961991793116e-07,6.9469638455589780e-06,1.0000000000000000e+00,
8.2712098296137138e-01,1.8005238258566098e-04,9.9999999999999989e-01,-1.3707742757652098e-13,-1.5746619739401893e+01,-4.8558766823919854e+01,4.3105990699032048e-01,2.3091994288550164e-02,1.0000000000000000e+00,
-1.0750479784640745e+00,-1.9678608344809811e-01,0.0000000000000000e+00,-6.2393141993878492e-14,-5.7056943345055981e+02,-5.0057285737439884e+02,0.0000000000000000e+00,-1.0850704736135415e+00,0.0000000000000000e+00,
-9.7246071973413173e-01,-5.9216529879469293e-01,9.9999999999986844e-01,-1.1066998093973929e-13,-4.5111245597748173e+01,-1.4985396406105940e+02,1.9093245282491011e-03,-8.5355145128465748e-01,1.0000000000000000e+00,
9.2180989949199321e-01,-5.3140626376748205e-02,9.9999999999998268e-01,-5.8995568784697087e-14,-9.6517986510112674e+00,-7.7863353803856343e+00,3.9743170181516518e-04,-3.4322377501801293e-03,1.0000000000000000e+00,
9.8367817123522261e-01,-1.2370823675947835e-02,9.9999999999999178e-01,2.3495780857493249e-15,-1.3506635267873075e+00,-1.0500680846042549e+00,2.2676798753326621e-05,2.3359141468490916e-03,1.0000000000000000e+00,
9.9450564028084865e-01,-4.1021259738526173e-03,9.9999999999999845e-01,6.1231390138341114e-15,-3.7759681286511132e-01,-2.9104138172788285e-01,2.8200662738759631e-05,1.0557613028159961e-03,1.0000000000000000e+00,
9.9780691826948720e-01,-1.5978964315809673e-03,9.9999999999999867e-01,6.7993794191354484e-15,-1.4264175107893845e-01,-9.8386574918695416e-02,7.0601768005452634e-06,4.0163922759834232e-04,1.0000000000000000e+00,
9.9908271402955373e-01,-6.9333093864567218e-04,9.9999999999999845e-01,7.2081631535781478e-15,-6.8644188304094175e-02,-3.2342608746410199e-02,9.9352972297546763e-07,6.9469638455078257e-06,1.0000000000000000e+00,
1.0000320384961201e+00,7.7507532004879082e-04,9.9999999999998013e-01,-5.3246056322879486e-15,-1.0667380705453018e+01,-7.7490414867569708e+00,1.8513100687218269e+00,5.4859543766061156e-04,1.0000000000000000e+00,
1.0147418030348039e+00,-4.3482204955037643e-05,9.9999999999966349e-01,-7.1738978008601424e-14,-1.4971923068339741e+01,-4.4323381533419761e+00,1.6233842727557484e+00,-8.3623889124281647e-02,1.0000000000000000e+00,
1.0101452987114194e+00,-5.4985604752425171e-02,1.0000000000000016e+00,-8.2034026296137777e-14,-1.9083424162152668e-01,-2.6945110326667696e+00,2.3098315470093667e-05,-8.0019185232146586e-02,1.0000000000000000e+00,
9.9505132048818501e-01,-4.0482392922066887e-02,9.9999999999999423e-01,-1.8166830685656403e-14,-3.6094267201122354e-02,-2.7415614785285287e+00,6.4858263844058683e-06,-1.1686228332066383e-02,1.0000000000000000e+00,
9.9510702422218678e-01,-1.2488461974528835e-02,9.9999999999999556e-01,3.2236271567208172e-15,-1.6703853369595240e-01,-1.0056014207867183e+00,9.3693621078871914e-04,-2.9123979101419724e-03,1.0000000000000000e+00,
9.9715005558395986e-01,-4.6784580360861739e-03,1.0000000000000018e+00,6.1122188239631527e-15,-1.4616551469081412e-01,-3.0392902535314531e-01,5.2177608829764854e-04,-6.0195690416364246e-04,1.0000000000000000e+00,
9.9865465579740398e-01,-2.0389132494509242e-03,1.0000000000000009e+00,6.8059351758471889e-15,-7.9067970094143528e-02,-1.1543640993248394e-01,1.8794226079743570e-04,-1.1052397683789360e-04,1.0000000000000000e+00,
9.9939909058630194e-01,-9.4522135207403550e-04,9.9999999999999944e-01,7.2111144937419125e-15,-4.3494891139622675e-02,-4.1241238948665160e-02,3.1249054810229826e-05,-1.6766374445842912e-05,1.0000000000000000e+00,
1.0000090807849831e+00,1.8961544561316504e-04,9.9999999999997158e-01,-5.3107960617944015e-15,-2.3537135374310556e+00,-2.2855585944013144e+00,4.5309540588190844e-01,-2.6495853866807615e-03,1.0000000000000000e+00,
1.0039377538524796e+00,3.6933221864940951e-03,9.9999999999972722e-01,-6.3317475546418764e-14,-2.4267454230682945e+00,-3.2258218391135834e-01,4.2965321371405235e-01,-1.8138997152823497e-02,1.0000000000000000e+00,
1.0096452862091541e+00,-8.9272827368415408e-03,9.9999999999999489e-01,-8.4627965072570175e-14,-3.1689024982029690e-01,2.6621300253282959e-01,5.5586941637209009e-05,-1.8466309852696185e-02,1.0000000000000000e+00,
1.0048830661683064e+00,-1.0133442284729970e-02,9.9999999999999667e-01,-1.5514904417951072e-14,2.9011450367219255e-01,-3.2069970278549254e-01,3.1272444994678850e-06,-1.0883892175838078e-02,1.0000000000000000e+00,
1.0011521298052535e+00,-8.1168547862392141e-03,9.9999999999999833e-01,3.4322732918827576e-15,1.1806165780114221e-01,-3.2615734671585378e-01,1.1538073862657483e-05,-4.5297139988477418e-03,1.0000000000000000e+00,
1.0002703675323099e+00,-4.2149734134675704e-03,1.0000000000000002e+00,6.1194396919919858e-15,2.7443100016386252e-02,-2.2315555916913102e-01,3.9592130540028192e-05,-2.1838813505790150e-03,1.0000000000000000e+00,
1.0000675721430818e+00,-1.9891882115199268e-03,1.0000000000000022e+00,6.8092518949346070e-15,7.0858137979700458e-03,-1.0635053152720732e-01,9.2600034095211003e-05,-9.6939888991501853e-04,1.0000000000000000e+00,
1.0000147702655318e+00,-9.3916537834055197e-04,9.9999999999999989e-01,7.2144173291681839e-15,2.0147388950897574e-03,-4.0164418208266273e-02,4.6875798485022935e-05,-3.5937034063048727e-04,1.0000000000000000e+00,
1.0000042423916875e+00,4.2395376096803354e-06,9.9999999999991152e-01,-5.1510318574490471e-15,-6.0995957368489662e-01,-5.5141943841730101e-01,1.0142441135496007e-02,-3.3744928006499138e-03,1.0000000000000000e+00,
1.0019352654943385e+00,9.6754128774868728e-05,9.9999999999920053e-01,-6.4805321055279125e-14,-6.2703388731034149e-01,-9.7029829303253975e-02,1.2373100082093823e-02,-7.9829158364779877e-03,1.0000000000000000e+00,
1.0057701611049996e+00,-9.6859369241481278e-04,9.9999999999923472e-01,-8.9594906566435830e-14,-2.4267105507251785e-01,7.5463112686333577e-03,1.0746446806528254e-05,-8.5961216489058058e-03,1.0000000000000000e+00,
1.0062171529915418e+00,-2.9643922500802735e-03,9.9999999999989198e-01,-1.7219121778546472e-14,1.2437604292373275e-01,-2.4124026329460785e-02,3.8588029646624555e-08,-7.6470901080455938e-03,1.0000000000000000e+00,
1.0031923283175184e+00,-2.9606549949805910e-03,9.9999999999995759e-01,2.0990927463333748e-15,1.7535344588961496e-01,-8.4554776559019232e-02,2.5735827705042347e-07,-4.6422765421857692e-03,1.0000000000000000e+00,
1.0014878579931750e+00,-2.1573196226711217e-03,9.9999999999995215e-01,5.3334041924839552e-15,8.9337337156783214e-02,-8.3795555297190474e-02,7.2623636879209919e-07,-2.6156036961949855e-03,1.0000000000000000e+00,
1.0006654551060969e+00,-1.1957840187605772e-03,9.9999999999993250e-01,6.3377016644625334e-15,4.7920440124204967e-02,-5.5529399094511253e-02,8.0107385837923512e-06,-1.2725204009044269e-03,1.0000000000000000e+00,
1.0002644437241082e+00,-6.0851651374982396e-04,9.9999999999993228e-01,6.9393572354723846e-15,2.2552761669671236e-02,-2.3889021483214701e-02,4.8082691899331738e-06,-4.9269725936528213e-04,1.0000000000000000e+00,

64,9
1.0033111109690644e+00,-4.2395376096302579e-06,1.0000000000000395e+00,2.1511076539519615e-14,-1.3445774855209373e-02,5.5141943841729757e-01,5.4493578319385716e-01,7.3502630955214277e-04,1.0000000000000000e+00,
1.0087380855642549e+00,-9.6754128776497904e-05,1.0000000000000542e+00,8.0319702497735835e-14,-1.9388027583549550e-01,9.7029829304407914e-02,2.1389586908840594e+00,-3.1265870983420933e-03,1.0000000000000000e+00,
1.0107127456207008e+00,9.6859369241196870e-04,1.0000000000000389e+00,5.8733367246405348e-14,2.5088067381376711e-01,-7.5463112680789618e-03,2.5239256877370442e-01,-6.4056888342946434e-03,1.0000000000000000e+00,
1.0099785551582650e+00,2.9643922500816908e-03,1.0000000000000420e+00,2.1010569464099176e-14,3.2411697477930274e-01,2.4124026329370725e-02,2.6288511425973798e-03,-4.7381616163251900e-03,1.0000000000000000e+00,
1.0061218005950445e+00,2.9606549949822551e-03,1.0000000000000400e+00,1.2446237624842472e-14,2.9260807538011890e-01,8.4554776558363201e-02,2.2692335501603433e-03,-2.3469033703959236e-03,1.0000000000000000e+00,
1.0035222521182219e+00,2.1573196226724453e-03,1.0000000000000315e+00,1.1065591468556010e-14,1.7146288897795869e-01,8.3795555297115548e-02,3.6433496625620397e-04,-1.0598974810102288e-03,1.0000000000000000e+00,
1.0017908960076378e+00,1.1957840187616095e-03,1.0000000000000342e+00,9.7570374028113482e-15,1.0123077226175967e-01,5.5529399094934123e-02,3.0135380180617514e-04,-4.0422500975380359e-04,1.0000000000000000e+00,
1.0008358679359746e+00,6.0851651375027737e-04,1.0000000000000613e+00,8.9827019452102743e-15,5.9964333749780718e-02,2.3889021482550992e-02,4.5116099221039797e-03,-7.0477380219700620e-06,1.0000000000000000e+00,
1.0122079659796965e+00,-1.8961544561303781e-04,1.0000000000000078e+00,2.3523948362659963e-14,-2.8806754246608716e-02,2.2855585944031280e+00,2.2547883135274303e+00,1.3130858564137676e-02,1.0000000000000000e+00,
1.0265930752599868e+00,-3.6933221865051761e-03,1.0000000000000731e+00,7.7254484309380001e-14,-2.9447681097753409e-01,3.2258218391207949e-01,5.6516952127124398e+00,-1.2942570635812798e-03,1.0000000000000000e+00,
1.0270848109133426e+00,8.9272827368377661e-03,1.0000000000000058e+00,4.6745053831263678e-14,1.1360025666882831e+00,-2.6621300253283009e-01,7.9106744227620807e-01,-7.9697474447762828e-03,1.0000000000000000e+00,
1.0157433915188463e+00,1.0133442284729169e-02,1.0000000000000067e+00,1.0518406935389832e-14,1.1052484464655248e+00,3.2069970278485543e-01,1.2640998613999699e-02,-3.4095882193254708e-03,1.0000000000000000e+00,
1.0061039699883836e+00,8.1168547862423418e-03,1.0000000000000091e+00,6.1575058169038126e-15,4.3535141206581873e-01,3.2615734671596686e-01,1.8749125879492512e-03,-8.1498092503186684e-04,1.0000000000000000e+00,
1.0029777183730206e+00,4.2149734134709314e-03,1.0000000000000084e+00,6.7912068210017760e-15,1.6922873228289317e-01,2.2315555916902236e-01,1.0955480210995683e-03,-1.9405689255441798e-04,1.0000000000000000e+00,
1.0013663930507075e+00,1.9891882115224031e-03,1.0000000000000093e+00,7.2053300295941909e-15,8.3325630010527049e-02,1.0635053152667825e-01,4.6826534308916368e-04,-4.6269814910923084e-05,1.0000000000000000e+00,
1.0006049631460618e+00,9.3916537834223791e-04,1.0000000000000093e+00,7.3533991833509171e-15,4.4660963301575790e-02,4.0164418208463781e-02,6.7719393735721917e-03,-6.2960590469736615e-07,1.0000000000000000e+00,
1.0369557484572072e+00,-7.7507532004923740e-04,1.0000000000000222e+00,2.8054814573151676e-14,-1.0160379286686272e-01,7.7490414867563286e+00,6.8997817881944910e+00,5.7412273199113871e-02,1.0000000000000000e+00,
1.1226805351019937e+00,4.3482204917246584e-05,1.0000000000000735e+00,9.0981372210033989e-14,2.7539837252586610e+00,4.4323381533459623e+00,1.3179403309922581e+01,1.2250423524339100e-02,1.0000000000000000e+00,
1.1121623374385590e+00,5.4985604752408906e-02,1.0000000000000207e+00,5.9857370418843013e-14,1.0148782631145659e+01,2.6945110326650110e+00,3.9812580208649972e+00,-7.4914432052971356e-03,1.0000000000000000e+00,
1.0170979726410432e+00,4.0482392922066478e-02,1.0000000000000098e+00,1.4707648509549406e-14,3.1835545679136246e+00,2.7415614785267244e+00,2.4827990131362387e-02,3.5742429651183637e-03,1.0000000000000000e+00,
1.0041897242542996e+00,1.2488461974537788e-02,1.0000000000000049e+00,6.1511750502330051e-15,4.3686727893131977e-01,1.0056014207861232e+00,1.1338274690893213e-02,3.5311599080776221e-03,1.0000000000000000e+00,
1.0008557645388392e+00,4.6784580360914570e-03,1.0000000000000036e+00,6.7630329007184598e-15,9.8421075798220820e-02,3.0392902535275074e-01,2.9620388533803110e-03,2.0458307218952369e-03,1.0000000000000000e+00,
1.0001520488897648e+00,2.0389132494535679e-03,1.0000000000000013e+00,7.1920687433634224e-15,1.9487298710904495e-02,1.1543640993237179e-01,6.6357873748854046e-04,9.3850912639024692e-04,1.0000000000000000e+00,
1.0000192461640649e+00,9.4522135207540387e-04,1.0000000000000011e+00,7.3502806278232629e-15,3.4620987065294663e-03,4.1241238948506100e-02,6.7887283862104811e-03,3.5165461167262858e-04,1.0000000000000000e+00,
1.0375133795472671e+00,-1.8005238258252273e-04,1.0000000000000970e+00,8.4276038297817170e-14,5.8466813070767131e+01,4.8558766823928423e+01,7.7257768301721708e+00,2.7753923662982610e-01,1.0000000000000000e+00,
1.5408419400101245e+00,1.9678608344794474e-01,1.0000000000004683e+00,1.2506513466262162e-13,2.4851213349362882e+02,5.0057285737460910e+02,2.4583057516714944e+03,5.1795346320404934e-01,1.0000000000000000e+00,
1.4690815941676376e+00,5.9216529879458879e-01,1.0000000000000833e+00,1.0024918715217727e-13,4.0436288809513911e+02,1.4985396406107915e+02,1.0923035272201932e+03,2.1189209228580502e-01,1.0000000000000000e+00,
1.0043177737586784e+00,5.3140626376756359e-02,1.0000000000000835e+00,4.1702060920670983e-14,3.1560484757587037e+00,7.7863353803846032e+00,5.9631646100860358e+00,4.9957844916365401e-02,1.0000000000000000e+00,
9.9674249923137392e-01,1.2370823675959111e-02,9.9999999999999767e-01,6.3094883297477895e-15,-1.5466010857485352e-01,1.0500680846040851e+00,8.8390607392903719e-02,1.1284195980946696e-02,1.0000000000000000e+00,
9.9849206814620695e-01,4.1021259738601226e-03,9.9999999999999867e-01,6.7664997783781728e-15,-8.9323853284384705e-02,2.9104138172753397e-01,2.8713016019799587e-03,3.8994501925385372e-03,1.0000000000000000e+00,
9.9933018744871827e-01,1.5978964315855760e-03,9.9999999999999833e-01,7.1943737718266077e-15,-4.7677670841544700e-02,9.8386574918886707e-02,6.2739113091020426e-04,1.5292541376664705e-03,1.0000000000000000e+00,
9.9973498739327860e-01,6.9333093864802436e-04,1.0000000000000002e+00,7.3549280870400197e-15,-2.2230284305788731e-02,3.2342608746685257e-02,4.8471103755538050e-03,5.4146532816609552e-04,1.0000000000000000e+00,
1.0375133795472713e+00,1.4261559211025676e-01,1.0000000000000995e+00,8.9498320175219799e-14,5.8466813070761347e+01,-5.7684937423908289e-01,7.7257768301739844e+00,2.7753923662982055e-01,1.0000000000000000e+00,
1.5408419400102871e+00,6.3898576102192395e-01,1.0000000000002374e+00,1.3212726789011897e-13,2.4851213349381800e+02,3.0687925262405417e+02,2.4583057516718154e+03,5.1795346320402047e-01,1.0000000000000000e+00,
1.4690815941676376e+00,-6.3487447674944724e-03,1.0000000000001517e+00,1.0341128404711621e-13,4.0436288809519726e+02,2.5541751827851624e+02,1.0923035272198795e+03,2.1189209228581563e-01,1.0000000000000000e+00,
1.0043177737586575e+00,-7.4543919339334396e-04,1.0000000000000882e+00,4.1287484692872902e-14,3.1560484757604517e+00,-7.5175613253787743e-02,5.9631646100962943e+00,4.9957844916364756e-02,1.0000000000000000e+00,
9.9674249923136971e-01,-1.7970269692878775e-04,1.0000000000000133e+00,6.3123377832451449e-15,-1.5466010857310583e-01,-1.4321498684946447e-02,8.8390607392465848e-02,1.1284195980946562e-02,1.0000000000000000e+00,
9.9849206814620517e-01,-6.3880858891746372e-05,1.0000000000000082e+00,6.7712394617475518e-15,-8.9323853284235394e-02,-4.1835677119724541e-03,2.8713016022384741e-03,3.8994501925383972e-03,1.0000000000000000e+00,
9.9933018744871638e-01,-2.6614668442907101e-05,1.0000000000000038e+00,7.1978637419779140e-15,-4.7677670841844391e-02,-1.3221397715221122e-03,6.2739112953805187e-04,1.5292541376663992e-03,1.0000000000000000e+00,
9.9973498739327715e-01,-1.2878002280558178e-05,1.0000000000000011e+00,7.3579109799172157e-15,-2.2230284305625039e-02,-2.1272883244506761e-05,4.8471103760668460e-03,5.4146532816606299e-04,1.0000000000000000e+00,
1.0369557484572107e+00,6.6140123951548516e-02,1.0000000000000522e+00,3.0655289982818447e-14,-1.0160379285600649e-01,-6.0002174721303814e-01,6.8997817881925938e+00,5.7412273199078975e-02,1.0000000000000000e+00,
1.1226805351020011e+00,7.1805111558269477e-02,1.0000000000000850e+00,9.9367015371147694e-14,2.7539837252677235e+00,1.7162918308851083e+01,1.3179403309897062e+01,1.2250423524291065e-02,1.0000000000000000e+00,
1.1121623374385470e+00,1.1895535008656685e-02,1.0000000000000515e+00,6.4823397023530593e-14,1.0148782631146103e+01,1.5256783205502209e+01,3.9812580208513477e+00,-7.4914432053101330e-03,1.0000000000000000e+00,
1.0170979726410327e+00,-8.8120994845186911e-03,1.0000000000000100e+00,1.5304140105598178e-14,3.1835545679158623e+00,3.1408900630702119e-01,2.4827990130013688e-02,3.5742429651121599e-03,1.0000000000000000e+00,
1.0041897242542916e+00,-4.5108259219026900e-03,1.0000000000000051e+00,6.2040397547664425e-15,4.3686727893200955e-01,-2.4256167822846725e-01,1.1338274690157801e-02,3.5311599080724860e-03,1.0000000000000000e+00,
1.0008557645388341e+00,-1.7606972169722603e-03,1.0000000000000051e+00,6.7789217570933053e-15,9.8421075798774640e-02,-1.0873340691409679e-01,2.9620388538049713e-03,2.0458307218917953e-03,1.0000000000000000e+00,
1.0001520488897606e+00,-7.6228649080626514e-04,1.0000000000000038e+00,7.2013724190183755e-15,1.9487298710556378e-02,-3.6548296761377108e-02,6.6357873756384134e-04,9.3850912638796424e-04,1.0000000000000000e+00,
1.0000192461640607e+00,-3.7392883470944890e-04,1.0000000000000020e+00,7.3585077992490882e-15,3.4620987070628408e-03,-6.0232097883252908e-04,6.7887283868859824e-03,3.5165461167254754e-04,1.0000000000000000e+00,
1.0122079659796914e+00,1.5047138361640743e-02,1.0000000000000204e+00,2.8370201556006743e-14,-2.8806754244823405e-02,-1.5445508146204817e-01,2.2547883135252662e+00,1.3130858564107305e-02,1.0000000000000000e+00,
1.0265930752599770e+00,1.5231668862910398e-02,1.0000000000000349e+00,9.7072102194589894e-14,-2.9447681097571887e-01,2.0717175551003502e+00,5.6516952127082867e+00,-1.2942570636132039e-03,1.0000000000000000e+00,
1.0270848109133273e+00,1.1386924163182986e-02,1.0000000000000167e+00,5.6840199136639269e-14,1.1360025666885505e+00,2.0451348080824445e+00,7.9106744227606951e-01,-7.9697474447939544e-03,1.0000000000000000e+00,
1.0157433915188379e+00,-1.4384570871271115e-03,1.0000000000000087e+00,1.1796948579643479e-14,1.1052484464665482e+00,3.7075924166158319e-01,1.2640998611872234e-02,-3.4095882193367353e-03,1.0000000000000000e+00,
1.0061039699883767e+00,-2.3721692808198313e-03,1.0000000000000084e+00,6.1909759569399346e-15,4.3535141206701056e-01,-4.0796271434613722e-02,1.8749125894036434e-03,-8.1498092503872865e-04,1.0000000000000000e+00,
1.0029777183730144e+00,-1.3173539490533475e-03,1.0000000000000053e+00,6.7817167914999226e-15,1.6922873228239860e-01,-6.1496936626707403e-02,1.0955480213730162e-03,-1.9405689255851377e-04,1.0000000000000000e+00,
1.0013663930507020e+00,-6.6904436146189995e-04,1.0000000000000053e+00,7.2069641007071388e-15,8.3325630011778049e-02,-2.7134418204889568e-02,4.6826534356064764e-04,-4.6269814912263985e-05,1.0000000000000000e+00,
1.0006049631460572e+00,-3.4798613680900022e-04,1.0000000000000042e+00,7.3626889877825230e-15,4.4660963302232987e-02,-4.9965084503204675e-04,6.7719393733659330e-03,-6.2960590471554919e-07,1.0000000000000000e+00,
1.0033111109690607e+00,3.7618245808729214e-03,1.0000000000002334e+00,2.8608955193443218e-14,-1.3445774855423004e-02,-3.8705765879846945e-03,5.4493578319408476e-01,7.3502630952351539e-04,1.0000000000000000e+00,
1.0087380855642427e+00,5.6572829872204656e-03,1.0000000000002451e+00,1.0448627790005777e-13,-1.9388027584503184e-01,4.0699965654872083e-01,2.1389586908820366e+00,-3.1265870983685031e-03,1.0000000000000000e+00,
1.0107127456206921e+00,5.3979914018287981e-03,1.0000000000001292e+00,6.3248871186801811e-14,2.5088067381338075e-01,4.2558306790577904e-01,2.5239256877319993e-01,-6.4056888343103731e-03,1.0000000000000000e+00,
1.0099785551582596e+00,-1.6280224150643430e-05,1.0000000000000839e+00,1.5558379999560895e-14,3.2411697477893975e-01,2.2652612893839424e-01,2.6288511450762997e-03,-4.7381616163393332e-03,1.0000000000000000e+00,
1.0061218005950365e+00,-7.0353019159687124e-05,1.0000000000000813e+00,8.1681363088803801e-15,2.9260807538047229e-01,-1.0999002313967629e-04,2.2692335484495590e-03,-2.3469033704047637e-03,1.0000000000000000e+00,
1.0035222521182168e+00,-4.1927343682053560e-05,1.0000000000000109e+00,7.7803448316249813e-15,1.7146288897854337e-01,-1.8272016554177141e-03,3.6433497150849129e-04,-1.0598974810162168e-03,1.0000000000000000e+00,
1.0017908960076338e+00,-2.2026729563843731e-05,1.0000000000000067e+00,7.7953638532294978e-15,1.0123077226056237e-01,-8.5815622252321004e-04,3.0135380048828923e-04,-4.0422500975645782e-04,1.0000000000000000e+00,
1.0008358679359706e+00,-1.1603068036880861e-05,1.0000000000000064e+00,7.7928200321315364e-15,5.9964333744779788e-02,-1.6225130536375320e-05,4.5116099238514534e-03,-7.0477380217722603e-06,1.0000000000000000e+00,

