1
1
9
0
(6 0
((80,232) (95,247) (0,0))
((96,232) (111,247) (0,0))
((80,248) (95,263) (0,0))
((96,248) (111,263) (0,0))
((80,264) (95,279) (0,0))
((96,264) (111,279) (0,0))
)
6
FabOnDisk: Cell_D_00000 0
FabOnDisk: Cell_D_00000 18518
FabOnDisk: Cell_D_00000 37037
FabOnDisk: Cell_D_00000 55555
FabOnDisk: Cell_D_00000 74074
FabOnDisk: Cell_D_00000 92592

6,9
-2.2209713242438553e-01,-7.3391676424692909e-01,0.0000000000000000e+00,-4.6732011795347624e-14,-9.6761706357184130e+02,-3.2395263505852103e+02,0.0000000000000000e+00,-2.5549488483816036e+00,0.0000000000000000e+00,
-5.8315510049414536e-02,-6.8751369824590103e-01,0.0000000000000000e+00,-1.8194634217378326e-14,-3.8203914885884132e+02,-2.5401995295818037e+02,0.0000000000000000e+00,-7.6015788878402091e-01,0.0000000000000000e+00,
0.0000000000000000e+00,-6.4838084210161984e-01,0.0000000000000000e+00,-3.3452072766114440e-14,-7.7252670239021484e+02,-5.2037166276911887e+02,0.0000000000000000e+00,-9.4141878792190992e-02,0.0000000000000000e+00,
-3.0930622457978285e-01,-6.8313557577133011e-01,0.0000000000000000e+00,-2.6455946766773384e-15,-3.6140215075488425e+02,-3.7938384980514752e+02,0.0000000000000000e+00,-5.3583221238682255e-01,0.0000000000000000e+00,
-2.2209713242422249e-01,-2.0099691794749799e-01,0.0000000000000000e+00,-1.8247090177904982e-14,-9.6761706351693692e+02,-4.6560124860805689e+02,0.0000000000000000e+00,-2.5549488480069602e+00,0.0000000000000000e+00,
-5.8315510049419803e-02,-1.0993972947374982e-02,0.0000000000000000e+00,-1.4232627436931255e-14,-3.8203914885883989e+02,-2.3148547970909522e+02,0.0000000000000000e+00,-7.6015788868452239e-01,0.0000000000000000e+00,

6,9
1.3754054222474634e+00,2.0099691794865207e-01,1.0000000000001756e+00,0.0000000000000000e+00,1.0802654732923207e+02,4.6560124862026584e+02,1.0578514502976734e+04,8.2406953716073739e-01,1.0000000000000000e+00,
1.4557486585307524e+00,1.0993972947391904e-02,1.0000000000005642e+00,0.0000000000000000e+00,1.3067525247442521e+02,2.3148547964649856e+02,3.0725657634201420e+03,1.0050328274199689e+00,1.0000000000000000e+00,
5.4871676975801453e-01,6.4838084210163505e-01,9.9999999999999722e-01,1.3838548748180343e-14,1.2235079136739344e+02,5.2037166277016399e+02,2.1824524753431674e+03,8.8451890981581871e-01,1.0000000000000000e+00,
0.0000000000000000e+00,6.8313557577134476e-01,1.0000000000004321e+00,8.7096275153474253e-15,9.9302926510602049e+01,3.7938384980513251e+02,2.6993185822898431e+03,1.3266927558968218e+00,1.0000000000000000e+00,
1.3754054222474585e+00,7.3391676424691243e-01,1.0000000000001275e+00,8.4550803610249102e-15,1.0802654732930928e+02,3.2395263505851517e+02,1.0578514502955615e+04,8.2406953705603347e-01,1.0000000000000000e+00,
1.4557486585307640e+00,6.8751369824591968e-01,1.0000000000007476e+00,3.8509182545873447e-15,1.3067525247442666e+02,2.5401995295818907e+02,3.0725657634201357e+03,1.0050328278233192e+00,1.0000000000000000e+00,

