1
1
8
0
(2 0
((104,96) (127,127) (0,0))
((0,120) (103,127) (0,0))
)
2
FabOnDisk: Cell_D_00000 0
FabOnDisk: Cell_D_00000 49239

2,8
-3.2705520940919880e-01,-6.6631002469484368e-01,9.9807293931766283e-01,0.0000000000000000e+00,-7.6171182728242537e-01,-1.3037906690694461e+00,8.6008220337067343e-02,-7.9018649142300945e-02,
-7.3238539703305142e-02,1.4249238149414363e-04,9.9999998653440159e-01,0.0000000000000000e+00,-3.3272516228809990e-01,-9.5958470797702873e+00,3.4726131421347617e-02,-1.2409852659426131e-01,

2,8
9.4008073407533543e-01,1.1131591668848437e-01,1.0016953348553395e+00,0.0000000000000000e+00,3.4821827922745030e+01,3.0122097806967240e+01,6.6850278802701141e+01,7.8263662948790369e-01,
9.3988903482196207e-01,1.9915429529205025e-01,1.0001686304665900e+00,0.0000000000000000e+00,1.3283540036889908e+01,7.8083839021821690e+00,7.2738798386762724e+01,-4.1158650354010734e-03,

