1
1
1
1
(64 0
((0,64) (16,80) (1,1))
((16,64) (32,80) (1,1))
((32,64) (48,80) (1,1))
((48,64) (64,80) (1,1))
((64,64) (80,80) (1,1))
((80,64) (96,80) (1,1))
((96,64) (112,80) (1,1))
((112,64) (128,80) (1,1))
((0,80) (16,96) (1,1))
((16,80) (32,96) (1,1))
((32,80) (48,96) (1,1))
((48,80) (64,96) (1,1))
((64,80) (80,96) (1,1))
((80,80) (96,96) (1,1))
((96,80) (112,96) (1,1))
((112,80) (128,96) (1,1))
((0,96) (16,112) (1,1))
((16,96) (32,112) (1,1))
((32,96) (48,112) (1,1))
((48,96) (64,112) (1,1))
((64,96) (80,112) (1,1))
((80,96) (96,112) (1,1))
((96,96) (112,112) (1,1))
((112,96) (128,112) (1,1))
((0,112) (16,128) (1,1))
((16,112) (32,128) (1,1))
((32,112) (48,128) (1,1))
((48,112) (64,128) (1,1))
((64,112) (80,128) (1,1))
((80,112) (96,128) (1,1))
((96,112) (112,128) (1,1))
((112,112) (128,128) (1,1))
((0,128) (16,144) (1,1))
((16,128) (32,144) (1,1))
((32,128) (48,144) (1,1))
((48,128) (64,144) (1,1))
((64,128) (80,144) (1,1))
((80,128) (96,144) (1,1))
((96,128) (112,144) (1,1))
((112,128) (128,144) (1,1))
((0,144) (16,160) (1,1))
((16,144) (32,160) (1,1))
((32,144) (48,160) (1,1))
((48,144) (64,160) (1,1))
((64,144) (80,160) (1,1))
((80,144) (96,160) (1,1))
((96,144) (112,160) (1,1))
((112,144) (128,160) (1,1))
((0,160) (16,176) (1,1))
((16,160) (32,176) (1,1))
((32,160) (48,176) (1,1))
((48,160) (64,176) (1,1))
((64,160) (80,176) (1,1))
((80,160) (96,176) (1,1))
((96,160) (112,176) (1,1))
((112,160) (128,176) (1,1))
((0,176) (16,192) (1,1))
((16,176) (32,192) (1,1))
((32,176) (48,192) (1,1))
((48,176) (64,192) (1,1))
((64,176) (80,192) (1,1))
((80,176) (96,192) (1,1))
((96,176) (112,192) (1,1))
((112,176) (128,192) (1,1))
)
64
FabOnDisk: SD_1_New_MF_D_00000 0
FabOnDisk: SD_1_New_MF_D_00000 2972
FabOnDisk: SD_1_New_MF_D_00000 5944
FabOnDisk: SD_1_New_MF_D_00000 8916
FabOnDisk: SD_1_New_MF_D_00000 11888
FabOnDisk: SD_1_New_MF_D_00000 14860
FabOnDisk: SD_1_New_MF_D_00000 17832
FabOnDisk: SD_1_New_MF_D_00000 20805
FabOnDisk: SD_1_New_MF_D_00000 23779
FabOnDisk: SD_1_New_MF_D_00000 26751
FabOnDisk: SD_1_New_MF_D_00000 29723
FabOnDisk: SD_1_New_MF_D_00000 32695
FabOnDisk: SD_1_New_MF_D_00000 35667
FabOnDisk: SD_1_New_MF_D_00000 38639
FabOnDisk: SD_1_New_MF_D_00000 41611
FabOnDisk: SD_1_New_MF_D_00000 44584
FabOnDisk: SD_1_New_MF_D_00000 47558
FabOnDisk: SD_1_New_MF_D_00000 50531
FabOnDisk: SD_1_New_MF_D_00000 53504
FabOnDisk: SD_1_New_MF_D_00000 56477
FabOnDisk: SD_1_New_MF_D_00000 59450
FabOnDisk: SD_1_New_MF_D_00000 62423
FabOnDisk: SD_1_New_MF_D_00000 65396
FabOnDisk: SD_1_New_MF_D_00000 68370
FabOnDisk: SD_1_New_MF_D_00000 71345
FabOnDisk: SD_1_New_MF_D_00000 74319
FabOnDisk: SD_1_New_MF_D_00000 77293
FabOnDisk: SD_1_New_MF_D_00000 80267
FabOnDisk: SD_1_New_MF_D_00000 83241
FabOnDisk: SD_1_New_MF_D_00000 86215
FabOnDisk: SD_1_New_MF_D_00000 89189
FabOnDisk: SD_1_New_MF_D_00000 92164
FabOnDisk: SD_1_New_MF_D_00000 95140
FabOnDisk: SD_1_New_MF_D_00000 98114
FabOnDisk: SD_1_New_MF_D_00000 101088
FabOnDisk: SD_1_New_MF_D_00000 104062
FabOnDisk: SD_1_New_MF_D_00000 107036
FabOnDisk: SD_1_New_MF_D_00000 110010
FabOnDisk: SD_1_New_MF_D_00000 112984
FabOnDisk: SD_1_New_MF_D_00000 115959
FabOnDisk: SD_1_New_MF_D_00000 118935
FabOnDisk: SD_1_New_MF_D_00000 121909
FabOnDisk: SD_1_New_MF_D_00000 124883
FabOnDisk: SD_1_New_MF_D_00000 127857
FabOnDisk: SD_1_New_MF_D_00000 130831
FabOnDisk: SD_1_New_MF_D_00000 133805
FabOnDisk: SD_1_New_MF_D_00000 136779
FabOnDisk: SD_1_New_MF_D_00000 139754
FabOnDisk: SD_1_New_MF_D_00000 142730
FabOnDisk: SD_1_New_MF_D_00000 145704
FabOnDisk: SD_1_New_MF_D_00000 148678
FabOnDisk: SD_1_New_MF_D_00000 151652
FabOnDisk: SD_1_New_MF_D_00000 154626
FabOnDisk: SD_1_New_MF_D_00000 157600
FabOnDisk: SD_1_New_MF_D_00000 160574
FabOnDisk: SD_1_New_MF_D_00000 163549
FabOnDisk: SD_1_New_MF_D_00000 166525
FabOnDisk: SD_1_New_MF_D_00000 169499
FabOnDisk: SD_1_New_MF_D_00000 172473
FabOnDisk: SD_1_New_MF_D_00000 175447
FabOnDisk: SD_1_New_MF_D_00000 178421
FabOnDisk: SD_1_New_MF_D_00000 181395
FabOnDisk: SD_1_New_MF_D_00000 184369
FabOnDisk: SD_1_New_MF_D_00000 187344

64,1
-6.7807524666184554e+02,
-6.7700390994050304e+02,
-7.1869280894304029e+02,
-6.3545336170746259e+02,
-3.9947842835960364e+02,
-4.0173689013090188e+02,
-3.5521895963017278e+02,
-3.0916147320526898e+02,
-9.5090171544252144e+02,
-1.0243686124034853e+03,
-9.5894862761593004e+02,
-9.3784448691186799e+02,
-7.0186459880333132e+02,
-7.2900853824994056e+02,
-7.2900853824994056e+02,
-3.0916147320526898e+02,
-1.4979346402884848e+03,
-1.2432377377220478e+03,
-1.0969958615317569e+03,
-1.0384077049569128e+03,
-7.7378068401179007e+02,
-8.2865063664465060e+02,
-7.4074612884071848e+02,
-4.1326979099424352e+02,
-2.0116614720239058e+03,
-1.3896779155464696e+03,
-5.1833947132410403e+03,
-4.4613128773773042e+03,
-7.9249911311296319e+02,
-9.9809575315490474e+02,
-6.0074787002552193e+02,
-4.1437914171844022e+02,
-2.0962620544906449e+03,
-1.3543123906400851e+03,
-5.1877016815988809e+03,
-4.3340057481836584e+03,
-7.1152260761010530e+02,
-1.0107543058273050e+03,
-5.9278460594141870e+02,
-1.7074113206087395e+02,
-2.0105090595671895e+03,
-1.2576882742930229e+03,
-1.2288269934351529e+03,
-1.1287271647665020e+03,
-8.1848614443886800e+02,
-6.5999510397831591e+02,
-5.7482672312174554e+02,
-2.2105816119208794e+02,
-1.8997631841929510e+03,
-1.3286917499733081e+03,
-8.8875137335498812e+02,
-8.4552016916771436e+02,
-7.7379453117951743e+02,
-6.0153941727180973e+02,
-3.6630536660147709e+02,
-4.0189056017946086e+02,
-1.5263212231792982e+03,
-1.0409028115156643e+03,
-6.7270724940623541e+02,
-6.3709074296848075e+02,
-5.7685940704984841e+02,
-4.8970295776493913e+02,
-2.7890849884228919e+02,
-4.3897049730129493e+02,

64,1
-1.0256609132044423e+02,
-9.7985430730535427e+01,
-8.7501057106457665e+01,
-1.9117376568738564e+01,
-3.1170026744490315e+01,
-5.4305336608337711e+01,
-4.0730716138408752e+01,
2.6349850523474743e+01,
-5.6169737802116379e+02,
-5.3156127512313196e+02,
-5.7394819076174372e+02,
-3.3457432856909145e+02,
-2.6125438288985242e+02,
-2.6125438288985242e+02,
-5.5317180161136093e+01,
2.5406024814270495e+01,
-8.5155204724268015e+02,
-7.0291859712165706e+02,
-8.5442803902808237e+02,
-4.2238830483465017e+02,
-3.9277902939216028e+02,
-4.7554237801906675e+02,
-8.3325243531068736e+01,
1.4185676297989176e+02,
-1.2432377377220478e+03,
-1.0969958615317569e+03,
0.0000000000000000e+00,
0.0000000000000000e+00,
-3.6123302742953592e+02,
-3.6879605017412314e+02,
-1.0212322724846081e+02,
1.7492656900909878e+02,
-1.1204016480084883e+03,
-9.6813770435088600e+02,
0.0000000000000000e+00,
0.0000000000000000e+00,
-3.7266036959357507e+02,
-3.5369084014566715e+02,
1.5050005627227938e+02,
2.5492333585107872e+02,
-1.0926901399624667e+03,
-8.2648262621203094e+02,
-6.5859023635227231e+02,
-4.3494663491482788e+02,
-5.2147956817567183e+02,
-3.3744734671462675e+02,
2.9643106424715552e+02,
3.1169227455215514e+02,
-1.0409028115156643e+03,
-5.3242567150445029e+02,
-5.3242567150445029e+02,
-5.7685940704984841e+02,
-4.7229574615701404e+02,
-2.5224519224653977e+02,
2.0066327198687668e+02,
2.7882328874201130e+02,
-1.2443313550199582e+02,
-8.8952920745960000e+01,
-6.5157837685958839e+01,
-4.8327559446600844e+01,
-3.3572136206389587e+01,
-1.8551561632339144e+01,
-8.3266422344672719e+00,
-1.2997393700507018e+00,

