1
1
1
1
(64 0
((0,0) (16,16) (1,1))
((16,0) (32,16) (1,1))
((32,0) (48,16) (1,1))
((48,0) (64,16) (1,1))
((64,0) (80,16) (1,1))
((80,0) (96,16) (1,1))
((96,0) (112,16) (1,1))
((112,0) (128,16) (1,1))
((0,16) (16,32) (1,1))
((16,16) (32,32) (1,1))
((32,16) (48,32) (1,1))
((48,16) (64,32) (1,1))
((64,16) (80,32) (1,1))
((80,16) (96,32) (1,1))
((96,16) (112,32) (1,1))
((112,16) (128,32) (1,1))
((0,32) (16,48) (1,1))
((16,32) (32,48) (1,1))
((32,32) (48,48) (1,1))
((48,32) (64,48) (1,1))
((64,32) (80,48) (1,1))
((80,32) (96,48) (1,1))
((96,32) (112,48) (1,1))
((112,32) (128,48) (1,1))
((0,48) (16,64) (1,1))
((16,48) (32,64) (1,1))
((32,48) (48,64) (1,1))
((48,48) (64,64) (1,1))
((64,48) (80,64) (1,1))
((80,48) (96,64) (1,1))
((96,48) (112,64) (1,1))
((112,48) (128,64) (1,1))
((0,64) (16,80) (1,1))
((16,64) (32,80) (1,1))
((32,64) (48,80) (1,1))
((48,64) (64,80) (1,1))
((64,64) (80,80) (1,1))
((80,64) (96,80) (1,1))
((96,64) (112,80) (1,1))
((112,64) (128,80) (1,1))
((0,80) (16,96) (1,1))
((16,80) (32,96) (1,1))
((32,80) (48,96) (1,1))
((48,80) (64,96) (1,1))
((64,80) (80,96) (1,1))
((80,80) (96,96) (1,1))
((96,80) (112,96) (1,1))
((112,80) (128,96) (1,1))
((0,96) (16,112) (1,1))
((16,96) (32,112) (1,1))
((32,96) (48,112) (1,1))
((48,96) (64,112) (1,1))
((64,96) (80,112) (1,1))
((80,96) (96,112) (1,1))
((96,96) (112,112) (1,1))
((112,96) (128,112) (1,1))
((0,112) (16,128) (1,1))
((16,112) (32,128) (1,1))
((32,112) (48,128) (1,1))
((48,112) (64,128) (1,1))
((64,112) (80,128) (1,1))
((80,112) (96,128) (1,1))
((96,112) (112,128) (1,1))
((112,112) (128,128) (1,1))
)
64
FabOnDisk: SD_1_Old_MF_D_00000 0
FabOnDisk: SD_1_Old_MF_D_00000 2972
FabOnDisk: SD_1_Old_MF_D_00000 5944
FabOnDisk: SD_1_Old_MF_D_00000 8916
FabOnDisk: SD_1_Old_MF_D_00000 11888
FabOnDisk: SD_1_Old_MF_D_00000 14860
FabOnDisk: SD_1_Old_MF_D_00000 17832
FabOnDisk: SD_1_Old_MF_D_00000 20805
FabOnDisk: SD_1_Old_MF_D_00000 23779
FabOnDisk: SD_1_Old_MF_D_00000 26751
FabOnDisk: SD_1_Old_MF_D_00000 29723
FabOnDisk: SD_1_Old_MF_D_00000 32695
FabOnDisk: SD_1_Old_MF_D_00000 35667
FabOnDisk: SD_1_Old_MF_D_00000 38639
FabOnDisk: SD_1_Old_MF_D_00000 41611
FabOnDisk: SD_1_Old_MF_D_00000 44584
FabOnDisk: SD_1_Old_MF_D_00000 47558
FabOnDisk: SD_1_Old_MF_D_00000 50530
FabOnDisk: SD_1_Old_MF_D_00000 53502
FabOnDisk: SD_1_Old_MF_D_00000 56474
FabOnDisk: SD_1_Old_MF_D_00000 59446
FabOnDisk: SD_1_Old_MF_D_00000 62418
FabOnDisk: SD_1_Old_MF_D_00000 65390
FabOnDisk: SD_1_Old_MF_D_00000 68363
FabOnDisk: SD_1_Old_MF_D_00000 71337
FabOnDisk: SD_1_Old_MF_D_00000 74309
FabOnDisk: SD_1_Old_MF_D_00000 77281
FabOnDisk: SD_1_Old_MF_D_00000 80253
FabOnDisk: SD_1_Old_MF_D_00000 83225
FabOnDisk: SD_1_Old_MF_D_00000 86197
FabOnDisk: SD_1_Old_MF_D_00000 89169
FabOnDisk: SD_1_Old_MF_D_00000 92142
FabOnDisk: SD_1_Old_MF_D_00000 95116
FabOnDisk: SD_1_Old_MF_D_00000 98088
FabOnDisk: SD_1_Old_MF_D_00000 101060
FabOnDisk: SD_1_Old_MF_D_00000 104032
FabOnDisk: SD_1_Old_MF_D_00000 107004
FabOnDisk: SD_1_Old_MF_D_00000 109976
FabOnDisk: SD_1_Old_MF_D_00000 112948
FabOnDisk: SD_1_Old_MF_D_00000 115921
FabOnDisk: SD_1_Old_MF_D_00000 118895
FabOnDisk: SD_1_Old_MF_D_00000 121867
FabOnDisk: SD_1_Old_MF_D_00000 124839
FabOnDisk: SD_1_Old_MF_D_00000 127811
FabOnDisk: SD_1_Old_MF_D_00000 130783
FabOnDisk: SD_1_Old_MF_D_00000 133755
FabOnDisk: SD_1_Old_MF_D_00000 136727
FabOnDisk: SD_1_Old_MF_D_00000 139700
FabOnDisk: SD_1_Old_MF_D_00000 142674
FabOnDisk: SD_1_Old_MF_D_00000 145647
FabOnDisk: SD_1_Old_MF_D_00000 148620
FabOnDisk: SD_1_Old_MF_D_00000 151593
FabOnDisk: SD_1_Old_MF_D_00000 154566
FabOnDisk: SD_1_Old_MF_D_00000 157539
FabOnDisk: SD_1_Old_MF_D_00000 160512
FabOnDisk: SD_1_Old_MF_D_00000 163486
FabOnDisk: SD_1_Old_MF_D_00000 166461
FabOnDisk: SD_1_Old_MF_D_00000 169435
FabOnDisk: SD_1_Old_MF_D_00000 172409
FabOnDisk: SD_1_Old_MF_D_00000 175383
FabOnDisk: SD_1_Old_MF_D_00000 178357
FabOnDisk: SD_1_Old_MF_D_00000 181331
FabOnDisk: SD_1_Old_MF_D_00000 184305
FabOnDisk: SD_1_Old_MF_D_00000 187280

64,1
-1.4881092819025690e-02,
-2.1128005850068663e-02,
-2.1532563076261488e-02,
-1.8916998221687225e-02,
-1.1745143481346757e-02,
-6.6887391859670759e-03,
-3.2915198669446451e-03,
-1.2999925048361139e-03,
-1.4276256435595774e-02,
-3.8019901941246013e-02,
-3.8859476209910281e-02,
-2.6301121732775174e-02,
-1.1473454744445728e-02,
-5.7000442584091739e-03,
-2.5703733086034383e-03,
-9.7215204117135625e-04,
-1.0725741232566137e-02,
-1.4365411887332502e-01,
-1.4545859599238020e-01,
-3.1240532211492342e-02,
-8.1684726596882307e-03,
-1.8902266693388082e-03,
-4.0669969777489099e-04,
-8.3183947889178993e-05,
1.8058370307488251e-02,
-1.0124520272445496e+00,
-1.0616687988415086e+00,
-2.5822668758254747e-02,
5.5177741143295949e-03,
2.5372048882395105e-03,
9.6222331211241643e-04,
0.0000000000000000e+00,
1.8074302773903695e-02,
-1.0127432412097841e+00,
-1.0622504174221257e+00,
-2.5817961775016801e-02,
5.5190958669940650e-03,
2.5379911328006323e-03,
9.6258742861367341e-04,
0.0000000000000000e+00,
-1.0713965970122108e-02,
-1.4364474162667099e-01,
-1.4544852915307621e-01,
-3.1233913075668047e-02,
-8.1643419068112150e-03,
-1.8877344407837219e-03,
-4.0524951678760695e-04,
-8.2514015820951106e-05,
-1.4265854991513307e-02,
-3.8009660026037374e-02,
-3.8849713168644225e-02,
-2.6294055794667554e-02,
-1.1468576639867228e-02,
-5.6968913733980537e-03,
-2.5685035670231721e-03,
-9.7128321522035508e-04,
-1.4871095621877462e-02,
-2.1118885358358704e-02,
-2.1523912493606048e-02,
-1.8909953646779061e-02,
-1.1740104101317872e-02,
-6.6853898671885396e-03,
-3.2895114115515734e-03,
-1.2990556813709997e-03,

64,1
-9.3298930832143422e-03,
-1.4276256435595774e-02,
-1.6788105011688915e-02,
-1.1473454744445728e-02,
-5.7000442584091739e-03,
-2.5703733086034383e-03,
-9.7215204117135625e-04,
0.0000000000000000e+00,
7.1741407247468449e-03,
-1.0725741232566137e-02,
-1.8916998221687225e-02,
-8.1684726596882307e-03,
-1.8902266693388082e-03,
-4.0669969777489099e-04,
-8.3183947889178993e-05,
0.0000000000000000e+00,
6.2471941286753457e-02,
1.8058370307488251e-02,
-2.5822668758254747e-02,
8.8243941322913386e-03,
8.8243941322913386e-03,
5.5177741143295949e-03,
2.5372048882395105e-03,
9.6222331211241643e-04,
3.1804931992273949e-01,
6.1107947558071229e-01,
2.1159180259586802e-01,
1.6744096585298102e-01,
3.2826650277904816e-02,
1.0541503614817000e-02,
4.0573446302977620e-03,
1.4473884223112838e-03,
3.1804931992273949e-01,
6.1107947558071229e-01,
2.1159180259586802e-01,
1.6744096585298102e-01,
3.2826650277904816e-02,
1.0541503614817000e-02,
4.0573446302977620e-03,
1.4473884223112838e-03,
6.2482687019717854e-02,
1.8074302773903695e-02,
-2.5817961775016801e-02,
8.8263486289240061e-03,
8.8263486289240061e-03,
5.5190958669940650e-03,
2.5379911328006323e-03,
9.6258742861367341e-04,
7.1857729739681787e-03,
-1.0713965970122108e-02,
-1.8909953646779061e-02,
-8.1643419068112150e-03,
-1.8877344407837219e-03,
-4.0524951678760695e-04,
-8.2514015820951106e-05,
0.0000000000000000e+00,
-9.3191355976436473e-03,
-1.4265854991513307e-02,
-1.6781109051039491e-02,
-1.1468576639867228e-02,
-5.6968913733980537e-03,
-2.5685035670231721e-03,
-9.7128321522035508e-04,
0.0000000000000000e+00,

