1
1
1
1
(64 0
((0,0) (16,16) (1,1))
((16,0) (32,16) (1,1))
((32,0) (48,16) (1,1))
((48,0) (64,16) (1,1))
((64,0) (80,16) (1,1))
((80,0) (96,16) (1,1))
((96,0) (112,16) (1,1))
((112,0) (128,16) (1,1))
((0,16) (16,32) (1,1))
((16,16) (32,32) (1,1))
((32,16) (48,32) (1,1))
((48,16) (64,32) (1,1))
((64,16) (80,32) (1,1))
((80,16) (96,32) (1,1))
((96,16) (112,32) (1,1))
((112,16) (128,32) (1,1))
((0,32) (16,48) (1,1))
((16,32) (32,48) (1,1))
((32,32) (48,48) (1,1))
((48,32) (64,48) (1,1))
((64,32) (80,48) (1,1))
((80,32) (96,48) (1,1))
((96,32) (112,48) (1,1))
((112,32) (128,48) (1,1))
((0,48) (16,64) (1,1))
((16,48) (32,64) (1,1))
((32,48) (48,64) (1,1))
((48,48) (64,64) (1,1))
((64,48) (80,64) (1,1))
((80,48) (96,64) (1,1))
((96,48) (112,64) (1,1))
((112,48) (128,64) (1,1))
((0,64) (16,80) (1,1))
((16,64) (32,80) (1,1))
((32,64) (48,80) (1,1))
((48,64) (64,80) (1,1))
((64,64) (80,80) (1,1))
((80,64) (96,80) (1,1))
((96,64) (112,80) (1,1))
((112,64) (128,80) (1,1))
((0,80) (16,96) (1,1))
((16,80) (32,96) (1,1))
((32,80) (48,96) (1,1))
((48,80) (64,96) (1,1))
((64,80) (80,96) (1,1))
((80,80) (96,96) (1,1))
((96,80) (112,96) (1,1))
((112,80) (128,96) (1,1))
((0,96) (16,112) (1,1))
((16,96) (32,112) (1,1))
((32,96) (48,112) (1,1))
((48,96) (64,112) (1,1))
((64,96) (80,112) (1,1))
((80,96) (96,112) (1,1))
((96,96) (112,112) (1,1))
((112,96) (128,112) (1,1))
((0,112) (16,128) (1,1))
((16,112) (32,128) (1,1))
((32,112) (48,128) (1,1))
((48,112) (64,128) (1,1))
((64,112) (80,128) (1,1))
((80,112) (96,128) (1,1))
((96,112) (112,128) (1,1))
((112,112) (128,128) (1,1))
)
64
FabOnDisk: SD_1_New_MF_D_00000 0
FabOnDisk: SD_1_New_MF_D_00000 2972
FabOnDisk: SD_1_New_MF_D_00000 5944
FabOnDisk: SD_1_New_MF_D_00000 8916
FabOnDisk: SD_1_New_MF_D_00000 11888
FabOnDisk: SD_1_New_MF_D_00000 14860
FabOnDisk: SD_1_New_MF_D_00000 17832
FabOnDisk: SD_1_New_MF_D_00000 20805
FabOnDisk: SD_1_New_MF_D_00000 23779
FabOnDisk: SD_1_New_MF_D_00000 26751
FabOnDisk: SD_1_New_MF_D_00000 29723
FabOnDisk: SD_1_New_MF_D_00000 32695
FabOnDisk: SD_1_New_MF_D_00000 35667
FabOnDisk: SD_1_New_MF_D_00000 38639
FabOnDisk: SD_1_New_MF_D_00000 41611
FabOnDisk: SD_1_New_MF_D_00000 44584
FabOnDisk: SD_1_New_MF_D_00000 47558
FabOnDisk: SD_1_New_MF_D_00000 50530
FabOnDisk: SD_1_New_MF_D_00000 53502
FabOnDisk: SD_1_New_MF_D_00000 56474
FabOnDisk: SD_1_New_MF_D_00000 59446
FabOnDisk: SD_1_New_MF_D_00000 62418
FabOnDisk: SD_1_New_MF_D_00000 65390
FabOnDisk: SD_1_New_MF_D_00000 68363
FabOnDisk: SD_1_New_MF_D_00000 71337
FabOnDisk: SD_1_New_MF_D_00000 74309
FabOnDisk: SD_1_New_MF_D_00000 77281
FabOnDisk: SD_1_New_MF_D_00000 80253
FabOnDisk: SD_1_New_MF_D_00000 83225
FabOnDisk: SD_1_New_MF_D_00000 86197
FabOnDisk: SD_1_New_MF_D_00000 89169
FabOnDisk: SD_1_New_MF_D_00000 92142
FabOnDisk: SD_1_New_MF_D_00000 95116
FabOnDisk: SD_1_New_MF_D_00000 98088
FabOnDisk: SD_1_New_MF_D_00000 101060
FabOnDisk: SD_1_New_MF_D_00000 104032
FabOnDisk: SD_1_New_MF_D_00000 107004
FabOnDisk: SD_1_New_MF_D_00000 109976
FabOnDisk: SD_1_New_MF_D_00000 112948
FabOnDisk: SD_1_New_MF_D_00000 115921
FabOnDisk: SD_1_New_MF_D_00000 118895
FabOnDisk: SD_1_New_MF_D_00000 121867
FabOnDisk: SD_1_New_MF_D_00000 124839
FabOnDisk: SD_1_New_MF_D_00000 127811
FabOnDisk: SD_1_New_MF_D_00000 130783
FabOnDisk: SD_1_New_MF_D_00000 133755
FabOnDisk: SD_1_New_MF_D_00000 136727
FabOnDisk: SD_1_New_MF_D_00000 139700
FabOnDisk: SD_1_New_MF_D_00000 142674
FabOnDisk: SD_1_New_MF_D_00000 145647
FabOnDisk: SD_1_New_MF_D_00000 148620
FabOnDisk: SD_1_New_MF_D_00000 151593
FabOnDisk: SD_1_New_MF_D_00000 154566
FabOnDisk: SD_1_New_MF_D_00000 157539
FabOnDisk: SD_1_New_MF_D_00000 160512
FabOnDisk: SD_1_New_MF_D_00000 163486
FabOnDisk: SD_1_New_MF_D_00000 166461
FabOnDisk: SD_1_New_MF_D_00000 169435
FabOnDisk: SD_1_New_MF_D_00000 172409
FabOnDisk: SD_1_New_MF_D_00000 175383
FabOnDisk: SD_1_New_MF_D_00000 178357
FabOnDisk: SD_1_New_MF_D_00000 181331
FabOnDisk: SD_1_New_MF_D_00000 184305
FabOnDisk: SD_1_New_MF_D_00000 187280

64,1
-1.4980592685985504e-02,
-2.1243792794467784e-02,
-2.1649069982373228e-02,
-1.9020559192909452e-02,
-1.1810979955172858e-02,
-6.7279979493677887e-03,
-3.3113050116695946e-03,
-1.3079636970489009e-03,
-1.4374698729283274e-02,
-3.8189924064413586e-02,
-3.9038338268957834e-02,
-2.6450115740109834e-02,
-1.1539636987805522e-02,
-5.7342826151239971e-03,
-2.5860678197931449e-03,
-9.7817016367714952e-04,
-1.0811071641902280e-02,
-1.4413042126438086e-01,
-1.4592486118916745e-01,
-3.1461122587825519e-02,
-8.2218891618866217e-03,
-1.9036074273424690e-03,
-4.0958613564429634e-04,
-8.3770421398791966e-05,
1.8072285994288163e-02,
-1.0109784459219111e+00,
-1.0613392587177526e+00,
-2.6104646964653328e-02,
5.5514284745594973e-03,
2.5530511242012220e-03,
9.6827119204849466e-04,
0.0000000000000000e+00,
1.8087242155778220e-02,
-1.0113115090991665e+00,
-1.0619550693743465e+00,
-2.6097506426342364e-02,
5.5531518089268119e-03,
2.5540359903442529e-03,
9.6872046085822209e-04,
0.0000000000000000e+00,
-1.0798684284370003e-02,
-1.4411654362567816e-01,
-1.4591034591634372e-01,
-3.1452370738152415e-02,
-8.2167447194424707e-03,
-1.9005246980666915e-03,
-4.0780866701239715e-04,
-8.2953519901477518e-05,
-1.4363521350025501e-02,
-3.8178035693048437e-02,
-3.9026844259912818e-02,
-2.6441465169095128e-02,
-1.1533849831630029e-02,
-5.7305008612420450e-03,
-2.5838152045786992e-03,
-9.7712192874092191e-04,
-1.4969790114165311e-02,
-2.1233588991251016e-02,
-2.1639292699525432e-02,
-1.9012387624251184e-02,
-1.1805079894524322e-02,
-6.7240193891510390e-03,
-3.3089002156489592e-03,
-1.3068380815219635e-03,

64,1
-9.4173425236647110e-03,
-1.4374698729283274e-02,
-1.6881799289849477e-02,
-1.1539636987805522e-02,
-5.7342826151239971e-03,
-2.5860678197931449e-03,
-9.7817016367714952e-04,
0.0000000000000000e+00,
7.1195747472767076e-03,
-1.0811071641902280e-02,
-1.9020559192909452e-02,
-8.2218891618866217e-03,
-1.9036074273424690e-03,
-4.0958613564429634e-04,
-8.3770421398791966e-05,
0.0000000000000000e+00,
6.2498232134093328e-02,
1.8072285994288163e-02,
-2.6104646964653328e-02,
8.8663013621791565e-03,
8.8663013621791565e-03,
5.5514284745594973e-03,
2.5530511242012220e-03,
9.6827119204849466e-04,
3.1819618780885095e-01,
6.1116588514670978e-01,
2.1181207195489749e-01,
1.6840053693294774e-01,
3.3094144092216074e-02,
1.0632872879719030e-02,
4.0834957089515012e-03,
1.4566275484152048e-03,
3.1819618780885095e-01,
6.1116588514670978e-01,
2.1181207195489749e-01,
1.6840053693294774e-01,
3.3094144092216074e-02,
1.0632872879719030e-02,
4.0834957089515012e-03,
1.4566275484152048e-03,
6.2507733668873119e-02,
1.8087242155778220e-02,
-2.6097506426342364e-02,
8.8691658088664235e-03,
8.8691658088664235e-03,
5.5531518089268119e-03,
2.5540359903442529e-03,
9.6872046085822209e-04,
7.1312763054668920e-03,
-1.0798684284370003e-02,
-1.9012387624251184e-02,
-8.2167447194424707e-03,
-1.9005246980666915e-03,
-4.0780866701239715e-04,
-8.2953519901477518e-05,
0.0000000000000000e+00,
-9.4059892428273572e-03,
-1.4363521350025501e-02,
-1.6873796182827579e-02,
-1.1533849831630029e-02,
-5.7305008612420450e-03,
-2.5838152045786992e-03,
-9.7712192874092191e-04,
0.0000000000000000e+00,

