1
1
2
4
(64 0
((0,0) (15,15) (0,0))
((16,0) (31,15) (0,0))
((32,0) (47,15) (0,0))
((48,0) (63,15) (0,0))
((64,0) (79,15) (0,0))
((80,0) (95,15) (0,0))
((96,0) (111,15) (0,0))
((112,0) (127,15) (0,0))
((0,16) (15,31) (0,0))
((16,16) (31,31) (0,0))
((32,16) (47,31) (0,0))
((48,16) (63,31) (0,0))
((64,16) (79,31) (0,0))
((80,16) (95,31) (0,0))
((96,16) (111,31) (0,0))
((112,16) (127,31) (0,0))
((0,32) (15,47) (0,0))
((16,32) (31,47) (0,0))
((32,32) (47,47) (0,0))
((48,32) (63,47) (0,0))
((64,32) (79,47) (0,0))
((80,32) (95,47) (0,0))
((96,32) (111,47) (0,0))
((112,32) (127,47) (0,0))
((0,48) (15,63) (0,0))
((16,48) (31,63) (0,0))
((32,48) (47,63) (0,0))
((48,48) (63,63) (0,0))
((64,48) (79,63) (0,0))
((80,48) (95,63) (0,0))
((96,48) (111,63) (0,0))
((112,48) (127,63) (0,0))
((0,64) (15,79) (0,0))
((16,64) (31,79) (0,0))
((32,64) (47,79) (0,0))
((48,64) (63,79) (0,0))
((64,64) (79,79) (0,0))
((80,64) (95,79) (0,0))
((96,64) (111,79) (0,0))
((112,64) (127,79) (0,0))
((0,80) (15,95) (0,0))
((16,80) (31,95) (0,0))
((32,80) (47,95) (0,0))
((48,80) (63,95) (0,0))
((64,80) (79,95) (0,0))
((80,80) (95,95) (0,0))
((96,80) (111,95) (0,0))
((112,80) (127,95) (0,0))
((0,96) (15,111) (0,0))
((16,96) (31,111) (0,0))
((32,96) (47,111) (0,0))
((48,96) (63,111) (0,0))
((64,96) (79,111) (0,0))
((80,96) (95,111) (0,0))
((96,96) (111,111) (0,0))
((112,96) (127,111) (0,0))
((0,112) (15,127) (0,0))
((16,112) (31,127) (0,0))
((32,112) (47,127) (0,0))
((48,112) (63,127) (0,0))
((64,112) (79,127) (0,0))
((80,112) (95,127) (0,0))
((96,112) (111,127) (0,0))
((112,112) (127,127) (0,0))
)
64
FabOnDisk: SD_2_Old_MF_D_00000 0
FabOnDisk: SD_2_Old_MF_D_00000 9300
FabOnDisk: SD_2_Old_MF_D_00000 18600
FabOnDisk: SD_2_Old_MF_D_00000 27900
FabOnDisk: SD_2_Old_MF_D_00000 37200
FabOnDisk: SD_2_Old_MF_D_00000 46500
FabOnDisk: SD_2_Old_MF_D_00000 55800
FabOnDisk: SD_2_Old_MF_D_00000 65101
FabOnDisk: SD_2_Old_MF_D_00000 74403
FabOnDisk: SD_2_Old_MF_D_00000 83703
FabOnDisk: SD_2_Old_MF_D_00000 93003
FabOnDisk: SD_2_Old_MF_D_00000 102303
FabOnDisk: SD_2_Old_MF_D_00000 111603
FabOnDisk: SD_2_Old_MF_D_00000 120903
FabOnDisk: SD_2_Old_MF_D_00000 130203
FabOnDisk: SD_2_Old_MF_D_00000 139504
FabOnDisk: SD_2_Old_MF_D_00000 148806
FabOnDisk: SD_2_Old_MF_D_00000 158106
FabOnDisk: SD_2_Old_MF_D_00000 167406
FabOnDisk: SD_2_Old_MF_D_00000 176706
FabOnDisk: SD_2_Old_MF_D_00000 186006
FabOnDisk: SD_2_Old_MF_D_00000 195306
FabOnDisk: SD_2_Old_MF_D_00000 204606
FabOnDisk: SD_2_Old_MF_D_00000 213907
FabOnDisk: SD_2_Old_MF_D_00000 223209
FabOnDisk: SD_2_Old_MF_D_00000 232509
FabOnDisk: SD_2_Old_MF_D_00000 241809
FabOnDisk: SD_2_Old_MF_D_00000 251109
FabOnDisk: SD_2_Old_MF_D_00000 260409
FabOnDisk: SD_2_Old_MF_D_00000 269709
FabOnDisk: SD_2_Old_MF_D_00000 279009
FabOnDisk: SD_2_Old_MF_D_00000 288310
FabOnDisk: SD_2_Old_MF_D_00000 297612
FabOnDisk: SD_2_Old_MF_D_00000 306912
FabOnDisk: SD_2_Old_MF_D_00000 316212
FabOnDisk: SD_2_Old_MF_D_00000 325512
FabOnDisk: SD_2_Old_MF_D_00000 334812
FabOnDisk: SD_2_Old_MF_D_00000 344112
FabOnDisk: SD_2_Old_MF_D_00000 353412
FabOnDisk: SD_2_Old_MF_D_00000 362713
FabOnDisk: SD_2_Old_MF_D_00000 372015
FabOnDisk: SD_2_Old_MF_D_00000 381315
FabOnDisk: SD_2_Old_MF_D_00000 390615
FabOnDisk: SD_2_Old_MF_D_00000 399915
FabOnDisk: SD_2_Old_MF_D_00000 409215
FabOnDisk: SD_2_Old_MF_D_00000 418515
FabOnDisk: SD_2_Old_MF_D_00000 427815
FabOnDisk: SD_2_Old_MF_D_00000 437116
FabOnDisk: SD_2_Old_MF_D_00000 446418
FabOnDisk: SD_2_Old_MF_D_00000 455719
FabOnDisk: SD_2_Old_MF_D_00000 465020
FabOnDisk: SD_2_Old_MF_D_00000 474321
FabOnDisk: SD_2_Old_MF_D_00000 483622
FabOnDisk: SD_2_Old_MF_D_00000 492923
FabOnDisk: SD_2_Old_MF_D_00000 502224
FabOnDisk: SD_2_Old_MF_D_00000 511526
FabOnDisk: SD_2_Old_MF_D_00000 520829
FabOnDisk: SD_2_Old_MF_D_00000 530131
FabOnDisk: SD_2_Old_MF_D_00000 539433
FabOnDisk: SD_2_Old_MF_D_00000 548735
FabOnDisk: SD_2_Old_MF_D_00000 558037
FabOnDisk: SD_2_Old_MF_D_00000 567339
FabOnDisk: SD_2_Old_MF_D_00000 576641
FabOnDisk: SD_2_Old_MF_D_00000 585944

64,2
-7.9573679035646405e-01,3.9346539241381581e-03,
-8.1951585755785827e-01,-6.5735053425030787e-01,
-2.6114661124900729e-01,-7.1044006811793436e-01,
3.9223248958541534e-01,-4.1364363985137798e-01,
4.3425183281615454e-01,1.0128819632882272e-03,
2.2495740436412967e-01,4.5271712215863586e-03,
1.2115355502118982e-01,2.1561475503840397e-03,
7.2892337934374302e-02,5.1511283118485567e-05,
-3.0540205831234681e+00,1.8199658133218610e-01,
-3.2619672869712537e+00,-3.1762464364253518e+00,
-7.2350771598736774e-01,-3.2695315836958603e+00,
6.7834823380569975e-01,-8.8507361419875097e-01,
3.1087926232234137e-01,1.0549445285043424e-01,
7.3203360375019191e-02,1.5295757171419094e-01,
1.8751300703495816e-02,6.8445372194822857e-02,
6.7860723972076407e-03,1.5971305316462448e-03,
-1.1703371166132994e+01,9.4484392198416434e-01,
-1.9252419259376051e+01,-2.4723847617716263e+01,
-2.7647058516290399e+00,-2.5204099096957119e+01,
2.1867414641566371e-01,-8.8604902053248336e-01,
-3.7779476708683829e-01,5.9969070257687940e-01,
-3.5527973703229865e-01,2.8299660863037496e-01,
-2.0030007341603473e-01,9.4419890361856176e-02,
-1.1043813346662870e-01,1.9811593303680213e-03,
-1.5062928317161299e+01,6.3844799418623366e-01,
-5.0997313695600104e+02,-2.1380055139861847e+02,
-9.0260099225629403e+01,-2.4616736270469045e+02,
-2.7152782602294764e+01,3.1536877867573987e-01,
-4.1614128377620876e+00,3.8424573751677883e-02,
-1.0370056885134284e+00,1.1148598039550190e-02,
-3.7049358400640392e-01,3.4578916643294043e-03,
-1.7562291965893587e-01,7.0887558954553541e-05,
-1.5060573174892786e+01,-4.8956642056061753e+01,
-5.1005422373851815e+02,-4.5936070092107229e+02,
-9.0541841227627771e+01,-1.0585383687365739e+02,
-2.7143953576148757e+01,-3.1315977999462543e+01,
-4.1616102970687212e+00,-2.9994981062733972e+00,
-1.0369921140046010e+00,-7.7511906972019040e-01,
-3.7049472130061795e-01,-2.5621143246056916e-01,
-1.7562414293504577e-01,-8.3590880754153704e-02,
-1.1702606985624072e+01,-9.4109411626171475e+00,
-1.9253299163450521e+01,-6.8567464938549776e+00,
-2.7637206523185265e+00,-2.8168333063533249e+00,
2.1859783445887046e-01,-4.9008413609371324e+00,
-3.7786165416486756e-01,-2.6494371319874626e+00,
-3.5534199954311546e-01,-7.9463841044595773e-01,
-2.0034825231564135e-01,-2.9582870593329819e-01,
-1.1047738260380972e-01,-1.0557267459730985e-01,
-3.0540439277501279e+00,-2.8833549059787495e+00,
-3.2620512263091026e+00,-5.6796540110830662e-01,
-7.2368422356075290e-01,4.8682799926664860e-01,
6.7812047236600337e-01,-7.0122983958694096e-01,
3.1075093135003934e-01,-7.4372025764050798e-01,
7.3113641405717897e-02,-5.5157382843696701e-01,
1.8679625472443305e-02,-2.6887435505463281e-01,
6.7196970336213307e-03,-1.0238978963174297e-01,
-7.9581153184825193e-01,-7.0543789613514574e-01,
-8.1960890554539068e-01,-1.0327018965417251e-01,
-2.6131918861585679e-01,1.2951880121745687e-02,
3.9203563358491306e-01,-7.0277566162300534e-02,
4.3409944963327035e-01,-2.0562642808943810e-01,
2.2484458118112785e-01,-2.0422566940608392e-01,
1.2106154869452387e-01,-1.3815774068960915e-01,
7.2806636352516663e-02,-6.0272925573664295e-02,

64,2
-1.7010757141546796e-02,7.0536848542115627e-01,
-1.5895763355852072e-01,1.0319005007099982e-01,
6.0595284396669646e-01,-1.2952280527149095e-02,
7.6126848002627179e-01,7.0312403176051239e-02,
7.0374733472527784e-01,2.0566706859776093e-01,
4.2482673798453396e-01,2.0426460205360572e-01,
2.5344568323942218e-01,1.3818431090024030e-01,
1.5102475723283212e-01,6.0285625429443761e-02,
-3.7047868705522485e-02,2.8832732653769222e+00,
-3.4958834687075441e-01,5.6776414058798219e-01,
2.1989098640969180e+00,-4.8683829167774240e-01,
2.2035839704099689e+00,7.0135317676880859e-01,
1.0746421196697786e+00,7.4383964766412047e-01,
4.2038542644957921e-01,5.5166408928165156e-01,
2.1014308681819571e-01,2.6892810432385200e-01,
1.1297685350380958e-01,1.0241446689625622e-01,
-1.2275867402891538e-01,9.4109243520874823e+00,
-1.1680540892600237e+00,6.8559296012944477e+00,
1.5764004873074001e+01,2.8176136352182151e+00,
9.3695806353747368e+00,4.9017883114951886e+00,
1.1021081860959645e+00,2.6497121098465106e+00,
2.6266540236859864e-01,7.9476626901791136e-01,
5.2920413614408877e-02,2.9589399875980815e-01,
9.5065788522533910e-03,1.0560048449120184e-01,
5.8983465999834337e+01,4.8959766521724688e+01,
1.2941829927383171e+02,4.5947930010840480e+02,
2.5934668146938816e+02,1.0570322153360547e+02,
1.1718060894380866e+01,3.1310819372702987e+01,
-1.2608274895792729e-01,2.9996955321062604e+00,
-2.2689657043961825e-01,7.7525042414621248e-01,
-1.2119900273441805e-01,2.5628531076232619e-01,
-7.2439874836123505e-02,8.3624375990996161e-02,
5.8983854738756818e+01,-6.3690181282377445e-01,
1.2942336516034101e+02,2.1385993075644009e+02,
2.5931399329940024e+02,2.4628630910143110e+02,
1.1717235171418309e+01,-3.1465471704427950e-01,
-1.2612889378662093e-01,-3.8288373081248335e-02,
-2.2694259019868568e-01,-1.1067125616362972e-02,
-1.2123634491129179e-01,-3.4192806998298536e-03,
-7.2474394460288152e-02,-6.9739640562842546e-05,
-1.2275538965123967e-01,-9.4505215288960198e-01,
-1.1683179396107430e+00,2.4724955109664702e+01,
1.5762717506676493e+01,2.5205132633584434e+01,
9.3684912950600960e+00,8.8606739414680658e-01,
1.1018952203764427e+00,-5.9959429585148538e-01,
2.6254313209824587e-01,-2.8292059020847005e-01,
5.2834324869564284e-02,-9.4384494461431406e-02,
9.4373254809831768e-03,-1.9801059512577260e-03,
-3.7049789499137273e-02,-1.8208184123228738e-01,
-3.4976389093785454e-01,3.1760820380167822e+00,
2.1985602714306562e+00,3.2693823148639862e+00,
2.2032295363846512e+00,8.8510576403538732e-01,
1.0744301125080564e+00,-1.0545521070924725e-01,
4.2023911758446819e-01,-1.5292831787266856e-01,
2.1003292352390843e-01,-6.8430975299161187e-02,
1.1288653413153686e-01,-1.5966924909739638e-03,
-1.7013128132815220e-02,-3.9371244249503286e-03,
-1.5911191951152548e-01,6.5728581561142874e-01,
6.0572948334519605e-01,7.1038394157763329e-01,
7.6105372776010949e-01,4.1363740240466901e-01,
7.0355140055835219e-01,-1.0117280755480738e-03,
4.2467782807271021e-01,-4.5262970566935972e-03,
2.5332803394078490e-01,-2.1557074385737760e-03,
1.5092706744774687e-01,-5.1497857835910147e-05,

