1
1
2
4
(4 0
((80,240) (95,255) (0,0))
((96,240) (111,255) (0,0))
((80,256) (95,271) (0,0))
((96,256) (111,271) (0,0))
)
4
FabOnDisk: SD_2_New_MF_D_00000 0
FabOnDisk: SD_2_New_MF_D_00000 9302
FabOnDisk: SD_2_New_MF_D_00000 18605
FabOnDisk: SD_2_New_MF_D_00000 27907

4,2
-2.0366918518563666e+03,-1.7610404909900376e+03,
-2.0463385864176044e+02,-2.1855346999197400e+03,
-2.0366918518401358e+03,-8.8805355259263115e+02,
-2.0463385864176709e+02,-1.6765308179158931e+03,

4,2
2.8116749293723512e+02,8.8805355259310545e+02,
2.9873342605720591e+03,1.6765308178354328e+03,
2.8116749293723507e+02,1.7610404909900521e+03,
2.9873342605724874e+03,2.1855346999197454e+03,

