1
1
9
0
(64 0
((0,0) (15,15) (0,0))
((16,0) (31,15) (0,0))
((32,0) (47,15) (0,0))
((48,0) (63,15) (0,0))
((64,0) (79,15) (0,0))
((80,0) (95,15) (0,0))
((96,0) (111,15) (0,0))
((112,0) (127,15) (0,0))
((0,16) (15,31) (0,0))
((16,16) (31,31) (0,0))
((32,16) (47,31) (0,0))
((48,16) (63,31) (0,0))
((64,16) (79,31) (0,0))
((80,16) (95,31) (0,0))
((96,16) (111,31) (0,0))
((112,16) (127,31) (0,0))
((0,32) (15,47) (0,0))
((16,32) (31,47) (0,0))
((32,32) (47,47) (0,0))
((48,32) (63,47) (0,0))
((64,32) (79,47) (0,0))
((80,32) (95,47) (0,0))
((96,32) (111,47) (0,0))
((112,32) (127,47) (0,0))
((0,48) (15,63) (0,0))
((16,48) (31,63) (0,0))
((32,48) (47,63) (0,0))
((48,48) (63,63) (0,0))
((64,48) (79,63) (0,0))
((80,48) (95,63) (0,0))
((96,48) (111,63) (0,0))
((112,48) (127,63) (0,0))
((0,64) (15,79) (0,0))
((16,64) (31,79) (0,0))
((32,64) (47,79) (0,0))
((48,64) (63,79) (0,0))
((64,64) (79,79) (0,0))
((80,64) (95,79) (0,0))
((96,64) (111,79) (0,0))
((112,64) (127,79) (0,0))
((0,80) (15,95) (0,0))
((16,80) (31,95) (0,0))
((32,80) (47,95) (0,0))
((48,80) (63,95) (0,0))
((64,80) (79,95) (0,0))
((80,80) (95,95) (0,0))
((96,80) (111,95) (0,0))
((112,80) (127,95) (0,0))
((0,96) (15,111) (0,0))
((16,96) (31,111) (0,0))
((32,96) (47,111) (0,0))
((48,96) (63,111) (0,0))
((64,96) (79,111) (0,0))
((80,96) (95,111) (0,0))
((96,96) (111,111) (0,0))
((112,96) (127,111) (0,0))
((0,112) (15,127) (0,0))
((16,112) (31,127) (0,0))
((32,112) (47,127) (0,0))
((48,112) (63,127) (0,0))
((64,112) (79,127) (0,0))
((80,112) (95,127) (0,0))
((96,112) (111,127) (0,0))
((112,112) (127,127) (0,0))
)
64
FabOnDisk: Cell_D_00000 0
FabOnDisk: Cell_D_00000 18514
FabOnDisk: Cell_D_00000 37029
FabOnDisk: Cell_D_00000 55544
FabOnDisk: Cell_D_00000 74059
FabOnDisk: Cell_D_00000 92574
FabOnDisk: Cell_D_00000 111089
FabOnDisk: Cell_D_00000 129605
FabOnDisk: Cell_D_00000 148122
FabOnDisk: Cell_D_00000 166637
FabOnDisk: Cell_D_00000 185153
FabOnDisk: Cell_D_00000 203669
FabOnDisk: Cell_D_00000 222185
FabOnDisk: Cell_D_00000 240701
FabOnDisk: Cell_D_00000 259217
FabOnDisk: Cell_D_00000 277734
FabOnDisk: Cell_D_00000 296252
FabOnDisk: Cell_D_00000 314767
FabOnDisk: Cell_D_00000 333283
FabOnDisk: Cell_D_00000 351799
FabOnDisk: Cell_D_00000 370315
FabOnDisk: Cell_D_00000 388831
FabOnDisk: Cell_D_00000 407347
FabOnDisk: Cell_D_00000 425864
FabOnDisk: Cell_D_00000 444382
FabOnDisk: Cell_D_00000 462897
FabOnDisk: Cell_D_00000 481413
FabOnDisk: Cell_D_00000 499929
FabOnDisk: Cell_D_00000 518445
FabOnDisk: Cell_D_00000 536961
FabOnDisk: Cell_D_00000 555477
FabOnDisk: Cell_D_00000 573994
FabOnDisk: Cell_D_00000 592512
FabOnDisk: Cell_D_00000 611027
FabOnDisk: Cell_D_00000 629543
FabOnDisk: Cell_D_00000 648059
FabOnDisk: Cell_D_00000 666575
FabOnDisk: Cell_D_00000 685091
FabOnDisk: Cell_D_00000 703607
FabOnDisk: Cell_D_00000 722124
FabOnDisk: Cell_D_00000 740642
FabOnDisk: Cell_D_00000 759157
FabOnDisk: Cell_D_00000 777673
FabOnDisk: Cell_D_00000 796189
FabOnDisk: Cell_D_00000 814705
FabOnDisk: Cell_D_00000 833221
FabOnDisk: Cell_D_00000 851737
FabOnDisk: Cell_D_00000 870254
FabOnDisk: Cell_D_00000 888772
FabOnDisk: Cell_D_00000 907288
FabOnDisk: Cell_D_00000 925805
FabOnDisk: Cell_D_00000 944322
FabOnDisk: Cell_D_00000 962839
FabOnDisk: Cell_D_00000 981356
FabOnDisk: Cell_D_00000 999873
FabOnDisk: Cell_D_00000 1018391
FabOnDisk: Cell_D_00000 1036910
FabOnDisk: Cell_D_00000 1055427
FabOnDisk: Cell_D_00000 1073945
FabOnDisk: Cell_D_00000 1092463
FabOnDisk: Cell_D_00000 1110981
FabOnDisk: Cell_D_00000 1129499
FabOnDisk: Cell_D_00000 1148017
FabOnDisk: Cell_D_00000 1166536

64,9
1.0000034970441265e+00,-5.7887749870829492e-03,9.9999999999998013e-01,8.1448465104152237e-15,-4.8063571735554872e-01,5.4968937316240973e-03,1.8139674883665795e-04,7.1893422342674731e-03,1.0000000000000000e+00,
1.0033711595018462e+00,-4.6969064937342209e-03,9.9999999999998801e-01,3.4402624987978311e-13,-5.1526815572011875e-01,-1.6622129830532117e-01,5.9796772652062971e-05,3.2384975652697814e-03,1.0000000000000000e+00,
1.0054083855665668e+00,-4.5704108302944410e-04,9.9999999999998945e-01,6.8045895160077463e-13,-3.8420086308787527e-01,-1.9515981508060562e-01,7.3563361367061722e-07,7.6801634456862683e-04,1.0000000000000000e+00,
1.0032765618975741e+00,5.2008019512577820e-05,9.9999999999999134e-01,9.8802639538527500e-13,-1.5488324484272267e-01,-1.4877638625892953e-01,4.3679439773241721e-07,1.4838339492861756e-04,1.0000000000000000e+00,
1.0015850527134540e+00,3.9628939094765270e-05,9.9999999999999434e-01,1.2582214474061857e-12,-5.2885080026899692e-02,-5.4430388690937026e-02,7.6330843921056622e-06,3.5264630488304584e-05,1.0000000000000000e+00,
1.0007466674821506e+00,2.1081731665726351e-05,9.9999999999999423e-01,1.4803126985922853e-12,-1.4836772036818241e-02,-1.4827489981884649e-02,4.7334521198483248e-08,1.1919918518411921e-05,1.0000000000000000e+00,
1.0003693235774560e+00,9.4924944432440840e-06,9.9999999999999356e-01,1.6454050972638038e-12,-3.9734009124996784e-03,-3.7351835100720146e-03,1.0553010079835355e-06,4.8264660981452254e-06,1.0000000000000000e+00,
1.0002286119137731e+00,2.3323822486464829e-06,9.9999999999996858e-01,1.7466537409286313e-12,-5.0098638607879113e-03,-9.3832986570756955e-04,3.9526864194515442e-07,1.1175322747651995e-06,1.0000000000000000e+00,
1.0000065080298968e+00,-1.7709700046883138e-02,9.9999999999994182e-01,7.9382161754036985e-15,-1.5772110873445038e+00,1.9686871291003913e-01,2.2244424495679316e-03,8.1641807746936738e-03,1.0000000000000000e+00,
1.0051152576403317e+00,-1.3633920041667351e-02,9.9999999999999378e-01,3.4809911145733651e-13,-1.6024365873536084e+00,-9.2834338616485113e-01,2.3693997230301786e-04,-1.2103956231573102e-03,1.0000000000000000e+00,
1.0060397421228051e+00,-4.3258112155002024e-04,9.9999999999999456e-01,6.8359729558408963e-13,-4.6111092895801964e-01,-9.1766912712787196e-01,2.5937497137064336e-06,-2.2888088829847676e-03,1.0000000000000000e+00,
1.0017167778764098e+00,2.0981304368595873e-03,9.9999999999999523e-01,9.9018423384786083e-13,-1.0546029247433056e-01,-2.8672912634347930e-01,5.2974587296666931e-06,-1.6064050888456253e-03,1.0000000000000000e+00,
1.0004014667655206e+00,1.2808602982182973e-03,9.9999999999999611e-01,1.2596088032029552e-12,-1.7048653639458244e-02,-6.3513796558644239e-02,4.2262967153705588e-07,-4.4676209074929162e-04,1.0000000000000000e+00,
1.0000982017645370e+00,6.5014629860092588e-04,9.9999999999999689e-01,1.4811600628501595e-12,-2.7084958085808117e-03,-1.5573179019821907e-02,2.8632334524159031e-08,-9.8624913415332367e-05,1.0000000000000000e+00,
1.0000277872542831e+00,2.8642309262809422e-04,9.9999999999999611e-01,1.6459136667936986e-12,-7.3861506957135722e-04,-3.8479640278540235e-03,2.2925788924817864e-05,-2.0532596047248768e-05,1.0000000000000000e+00,
1.0000114580912860e+00,6.9873537548963621e-05,9.9999999999999367e-01,1.7469725917780724e-12,-3.3970078360429064e-03,-9.7663499516979389e-04,9.7226397484211080e-08,-3.9466749558813146e-06,1.0000000000000000e+00,
1.0000224018001775e+00,-4.8235778973775088e-02,9.9999999999993838e-01,7.6061186387514510e-15,-8.2392464912724641e+00,4.7914888748879636e-01,6.4720421947828122e-04,1.1411496684276705e-02,1.0000000000000000e+00,
1.0131628777525536e+00,-4.6154090548366604e-02,9.9999999999999334e-01,3.4518135580276603e-13,-9.5599773833347772e+00,-8.8364530638850312e+00,1.2726514236893749e-04,-3.0754845757748086e-02,1.0000000000000000e+00,
9.9830922620734541e-01,2.7205887791618005e-03,9.9999999999999611e-01,6.8500950265705684e-13,-4.1839611284554729e-01,-4.4283302817734391e+00,7.9929893778696304e-05,-2.4441873164631332e-02,1.0000000000000000e+00,
9.9658677696934983e-01,4.5885016713330812e-03,9.9999999999999833e-01,9.9189304462029808e-13,5.7423909467591717e-02,-2.8619723382914691e-01,1.2439375166040101e-05,-3.0146815029993548e-03,1.0000000000000000e+00,
9.9718589306171013e-01,1.9850586836075578e-03,9.9999999999999867e-01,1.2607521671895790e-12,6.6739644343440678e-03,-3.6075052114011699e-02,9.7405457571281273e-06,-5.3027413257492788e-04,1.0000000000000000e+00,
9.9857048960040640e-01,7.9622863638870156e-04,9.9999999999999889e-01,1.4818161473519336e-12,1.3626589690747927e-03,-4.9730435975818789e-03,7.8491358813936873e-05,-1.0716683528144484e-04,1.0000000000000000e+00,
9.9932216201745816e-01,3.1649493630846003e-04,9.9999999999999856e-01,1.6463068870628566e-12,4.4910725901603352e-04,-1.2224015433509256e-03,4.5210098718667310e-05,-2.2841034338664701e-05,1.0000000000000000e+00,
9.9966202718123487e-01,7.4700028657194483e-05,9.9999999999999856e-01,1.7472409141225730e-12,-2.6811113614882997e-04,-4.6639840361775676e-04,1.6357442716953205e-06,-5.3465014458656275e-06,1.0000000000000000e+00,
8.3539319499100273e-01,-1.2348091928169810e-01,9.9999999999994804e-01,7.1247571189458428e-15,-1.5706749054508295e+01,4.7893039444546154e-01,8.1992231844643659e-04,2.3174650126123502e-02,1.0000000000000000e+00,
-1.9661488732866078e-01,-6.8240351972446112e-01,0.0000000000000000e+00,0.0000000000000000e+00,-7.1352089434230891e+02,-4.9421798955272720e+02,0.0000000000000000e+00,-7.3807719851982923e-01,0.0000000000000000e+00,
7.1624542018750459e-01,1.3350111079248894e-03,9.9999999999999767e-01,6.8996703375368501e-13,-3.4831140965259209e+01,-4.9843157462276402e+00,1.1094812983336588e-04,-4.2971053629290948e-02,1.0000000000000000e+00,
9.7625310228640072e-01,2.4251727293323868e-04,9.9999999999999967e-01,9.9539374894894163e-13,-1.1069224009263485e+00,8.6717343528623560e-03,2.2881532273086921e-04,-2.1994187021459506e-03,1.0000000000000000e+00,
9.9337812784420332e-01,7.4920484809209428e-05,9.9999999999999956e-01,1.2623475473406426e-12,-1.1323728455325055e-01,1.1276143740449941e-03,2.7671285142763513e-05,-1.8023979423989657e-04,1.0000000000000000e+00,
9.9751143076424531e-01,2.8287488408495148e-05,9.9999999999999989e-01,1.4826014886083532e-12,-1.6408983094309978e-02,1.7647805424289413e-04,5.8446388315951201e-06,-3.0688301619245810e-05,1.0000000000000000e+00,
9.9893972352863070e-01,1.0971063629572254e-05,9.9999999999999989e-01,1.6467547999679203e-12,-2.3952456935953229e-03,2.5010244286474410e-05,1.8129428307290326e-06,-1.0288617782676287e-05,1.0000000000000000e+00,
9.9949455435858514e-01,2.5695497284871804e-06,9.9999999999999956e-01,1.7475607854411506e-12,-7.7301425978189980e-04,-1.3416978661711263e-04,2.3133905387032541e-07,-4.3293956470508444e-06,1.0000000000000000e+00,
8.3539319499100118e-01,1.4813312413493866e-04,9.9999999999992695e-01,7.1099625626288896e-15,-1.5706749054510933e+01,-4.7154171946825365e+01,8.1992231948171956e-04,2.3174650126114027e-02,1.0000000000000000e+00,
-1.9661488732870466e-01,-5.7931093740442730e-01,0.0000000000000000e+00,0.0000000000000000e+00,-7.1352089434232437e+02,-5.6717748157555820e+02,0.0000000000000000e+00,-7.3807719851981135e-01,0.0000000000000000e+00,
7.1624542018751280e-01,-1.9557128578519087e-01,9.9999999999985734e-01,6.9010330666160692e-13,-3.4831140965257582e+01,-4.9995503887789056e+01,1.1094813106293788e-04,-4.2971053629289137e-02,1.0000000000000000e+00,
9.7625310228640205e-01,-1.7162199239636695e-02,9.9999999999999400e-01,9.9559251421655450e-13,-1.1069224009259186e+00,-9.9425065341253549e-01,2.2881532358639146e-04,-2.1994187021404867e-03,1.0000000000000000e+00,
9.9337812784420298e-01,-5.0058169832685349e-03,9.9999999999999645e-01,1.2625974424671667e-12,-1.1323728455430862e-01,-1.0830289099687516e-01,2.7671283644472005e-05,-1.8023979423758451e-04,1.0000000000000000e+00,
9.9751143076424542e-01,-1.8015443760892671e-03,9.9999999999999722e-01,1.4828937959779907e-12,-1.6408983094933188e-02,-1.6901716773101601e-02,5.8446384095775560e-06,-3.0688301619161587e-05,1.0000000000000000e+00,
9.9893972352863047e-01,-7.2049782528810127e-04,9.9999999999999922e-01,1.6470522545472249e-12,-2.3952456928104772e-03,-2.7708370391254342e-03,1.8129418305050946e-06,-1.0288617783412873e-05,1.0000000000000000e+00,
9.9949455435858481e-01,-2.8365575765807068e-04,1.0000000000000000e+00,1.7478054011013798e-12,-7.7301425864050900e-04,-3.5266452360643939e-04,2.3133894048107408e-07,-4.3293956460666650e-06,1.0000000000000000e+00,
1.0000224018001775e+00,5.5141767843788531e-04,9.9999999999995315e-01,7.3017087290499586e-15,-8.2392464912696930e+00,-5.5999322274082806e+00,6.4720421909525427e-04,1.1411496684262496e-02,1.0000000000000000e+00,
1.0131628777525530e+00,-2.9123688961474180e-02,9.9999999999998246e-01,3.4476322585380991e-13,-9.5599773833369248e+00,-1.6979778688772611e+00,1.2726514177496817e-04,-3.0754845757748017e-02,1.0000000000000000e+00,
9.9830922620734486e-01,-3.3649253630464275e-02,9.9999999999999056e-01,6.8527177949730221e-13,-4.1839611284935518e-01,-4.1030080049694068e-01,7.9929896120226052e-05,-2.4441873164628133e-02,1.0000000000000000e+00,
9.9658677696934650e-01,-1.6312108487930462e-02,9.9999999999999745e-01,9.9226225901184575e-13,5.7423909467497661e-02,-3.8818760352872950e-01,1.2439375522699248e-05,-3.0146815029943085e-03,1.0000000000000000e+00,
9.9718589306170868e-01,-5.3091681248055361e-03,9.9999999999999789e-01,1.2612232366300233e-12,6.6739644337781619e-03,-9.0288928974043114e-02,9.7405415719342692e-06,-5.3027413257090332e-04,1.0000000000000000e+00,
9.9857048960040595e-01,-2.1777579133699094e-03,9.9999999999999811e-01,1.4823721284308143e-12,1.3626589641885661e-03,-1.5938311281714634e-02,7.8491357525731220e-05,-1.0716683527879311e-04,1.0000000000000000e+00,
9.9932216201745738e-01,-9.5172787283106586e-04,9.9999999999999889e-01,1.6469217250895207e-12,4.4910725794281172e-04,-2.6541155898710074e-03,4.5210095857240937e-05,-2.2841034337794500e-05,1.0000000000000000e+00,
9.9966202718123409e-01,-3.9199103149872735e-04,1.0000000000000000e+00,1.7478945076484368e-12,-2.6811113689623211e-04,-3.0907850813769431e-04,1.6357439429869058e-06,-5.3465014445277050e-06,1.0000000000000000e+00,
1.0000065080298963e+00,1.4615358181608042e-04,9.9999999999996980e-01,7.2777825708867270e-15,-1.5772110873453751e+00,-1.6710198333029009e+00,2.2244424482634195e-03,8.1641807746722674e-03,1.0000000000000000e+00,
1.0051152576403273e+00,-1.4050886126954147e-03,9.9999999999998723e-01,3.4719114636022877e-13,-1.6024365873549797e+00,-3.1494558531674888e-01,2.3693997305337250e-04,-1.2103956231584096e-03,1.0000000000000000e+00,
1.0060397421228027e+00,-7.0229827254665025e-03,9.9999999999998967e-01,6.8393807905890924e-13,-4.6111092895608674e-01,1.6714376756230523e-01,2.5937479814983067e-06,-2.2888088829784419e-03,1.0000000000000000e+00,
1.0017167778764082e+00,-6.9074786006798504e-03,9.9999999999999223e-01,9.9066804505351966e-13,-1.0546029247502872e-01,4.7073552722097317e-02,5.2974574428488186e-06,-1.6064050888398762e-03,1.0000000000000000e+00,
1.0004014667655197e+00,-4.2587412866797927e-03,9.9999999999999567e-01,1.2602299238483838e-12,-1.7048653641454234e-02,7.1373079811080445e-03,4.2263074984116855e-07,-4.4676209074437454e-04,1.0000000000000000e+00,
1.0000982017645377e+00,-2.0666247611538170e-03,9.9999999999999800e-01,1.4818876338181205e-12,-2.7084958074813630e-03,1.6602386107506220e-03,2.8630003749696709e-08,-9.8624913411270702e-05,1.0000000000000000e+00,
1.0000277872542847e+00,-9.3906933163500662e-04,9.9999999999999889e-01,1.6467266344174942e-12,-7.3861507580024908e-04,5.6688589631140286e-04,2.2925789383825695e-05,-2.0532596044267497e-05,1.0000000000000000e+00,
1.0000114580912860e+00,-3.9026256007618438e-04,1.0000000000000000e+00,1.7478344961724699e-12,-3.3970078366187088e-03,9.1657475879742737e-05,9.7224898965020401e-08,-3.9466749545670541e-06,1.0000000000000000e+00,
1.0000034970441267e+00,3.4966147989645954e-06,9.9999999999986100e-01,7.2198943886596984e-15,-4.8063571735551386e-01,-4.4270026991294054e-01,1.8139673796215353e-04,7.1893422342548035e-03,1.0000000000000000e+00,
1.0033711595018693e+00,3.0314674897131851e-05,9.9999999999990130e-01,3.4609414223242651e-13,-5.1526815572076279e-01,-1.5544824944537253e-01,5.9796765496675577e-05,3.2384975652651497e-03,1.0000000000000000e+00,
1.0054083855665714e+00,-1.9364808568486530e-03,9.9999999999996503e-01,6.8301693469354178e-13,-3.8420086308134593e-01,3.8496587343190419e-03,7.3563156993868006e-07,7.6801634457328923e-04,1.0000000000000000e+00,
1.0032765618975741e+00,-2.1579274717662819e-03,9.9999999999998868e-01,9.8987225142683444e-13,-1.5488324484319005e-01,2.1397706379370782e-03,4.3679490711228189e-07,1.4838339493708605e-04,1.0000000000000000e+00,
1.0015850527134547e+00,-1.9153958681980968e-03,9.9999999999999545e-01,1.2596870062108537e-12,-5.2885080030866054e-02,6.7077802197708456e-04,7.6330867209827707e-06,3.5264630493637137e-05,1.0000000000000000e+00,
1.0007466674821512e+00,-1.1621615983616329e-03,9.9999999999999900e-01,1.4815785786092879e-12,-1.4836772035678295e-02,1.7826095622012426e-04,4.7336726747594648e-08,1.1919918520924097e-05,1.0000000000000000e+00,
1.0003693235774587e+00,-5.8805826039864972e-04,9.9999999999999800e-01,1.6465688874922731e-12,-3.9734009155976309e-03,4.4561115831235319e-05,1.0553004069777452e-06,4.8264660970941405e-06,1.0000000000000000e+00,
1.0002286119137760e+00,-2.5644414154722559e-04,9.9999999999999589e-01,1.7477620343815935e-12,-5.0098638607805213e-03,3.1592352858227377e-06,3.9526971802936314e-07,1.1175322748181015e-06,1.0000000000000000e+00,

64,9
1.0045070555628262e+00,-3.4966147988587862e-06,1.0000000000000415e+00,3.3192789661594417e-13,-1.1597532069066710e-02,4.4270026991470635e-01,2.7858880163876489e+00,1.0714272363575958e-02,1.0000000000000000e+00,
1.0077595719391039e+00,-3.0314674897617191e-05,1.0000000000000540e+00,6.6659704434096836e-13,-3.0575983787540112e-01,1.5544824944734226e-01,1.7349912889087944e-03,7.7410475753642641e-03,1.0000000000000000e+00,
1.0077583946622681e+00,1.9364808568465175e-03,1.0000000000000484e+00,9.7356582515798329e-13,-1.2369515480002960e-01,-3.8496587338295246e-03,1.4485856801743548e-03,3.7046110322534222e-03,1.0000000000000000e+00,
1.0057928899318416e+00,2.1579274717650025e-03,1.0000000000000249e+00,1.2449110961929804e-12,-2.3726430828295321e-02,-2.1397706379707856e-03,2.3518204606026716e-03,1.3893756270409131e-03,1.0000000000000000e+00,
1.0034075650583780e+00,1.9153958681969315e-03,1.0000000000000298e+00,1.4693802978381799e-12,-4.3954656078931545e-03,-6.7077802113199776e-04,2.9523979446777204e-04,4.1721515081958070e-04,1.0000000000000000e+00,
1.0018441900368693e+00,1.1621615983613992e-03,1.0000000000000433e+00,1.6377120273022937e-12,-1.1413247456267506e-03,-1.7826095522814432e-04,2.6603074337140436e-04,1.1485691526479694e-04,1.0000000000000000e+00,
1.0009275219977587e+00,5.8805826039822037e-04,1.0000000000000639e+00,1.7427850812392467e-12,-4.2625635164726862e-04,-4.4561114879330206e-05,1.8066120933856638e-04,3.2456129871986824e-05,1.0000000000000000e+00,
1.0004777107291787e+00,2.5644414154699069e-04,1.0000000000001126e+00,1.7798491842413012e-12,2.9098865221965052e-04,-3.1592357634791856e-06,3.1896506016318698e-03,9.8623574280769021e-06,1.0000000000000000e+00,
1.0114146828096036e+00,-1.4615358181560629e-04,1.0000000000000229e+00,3.2589511640622217e-13,-2.1373966809785840e-02,1.6710198333002542e+00,8.1101100802178383e+00,2.0056629748306118e-02,1.0000000000000000e+00,
1.0168791947034534e+00,1.4050886126945707e-03,1.0000000000000020e+00,6.6470633917228122e-13,-4.0380901511873674e-01,3.1494558531528527e-01,1.2306386861453064e-02,1.0127526191556433e-02,1.0000000000000000e+00,
1.0153814475671843e+00,7.0229827254656828e-03,9.9999999999999967e-01,9.7356164716526869e-13,1.6438963083610794e-01,-1.6714376756398330e-01,1.3569205006575685e-02,2.8826417452329648e-03,1.0000000000000000e+00,
1.0062994414334094e+00,6.9074786006795971e-03,9.9999999999999900e-01,1.2451560888442017e-12,1.5906075724705579e-01,-4.7073552720103350e-02,5.7955529495432034e-03,5.9777494049186226e-04,1.0000000000000000e+00,
1.0030938403899710e+00,4.2587412866798638e-03,9.9999999999999944e-01,1.4695242089735697e-12,6.4712825932739748e-02,-7.1373079788038703e-03,4.1627617727371669e-04,9.9596763087236954e-05,1.0000000000000000e+00,
1.0014663547857034e+00,2.0666247611534172e-03,9.9999999999999944e-01,1.6377953533235868e-12,1.5272787253602756e-02,-1.6602386111706203e-03,1.1913034509546810e-04,2.3266587564808650e-05,1.0000000000000000e+00,
1.0006845795639638e+00,9.3906933163516036e-04,9.9999999999999944e-01,1.7428764265494679e-12,3.2567218705842316e-03,-5.6688589586420621e-04,8.3361865892053050e-05,8.8757239012301911e-06,1.0000000000000000e+00,
1.0003393446423516e+00,3.9026256007589685e-04,1.0000000000000029e+00,1.7799951954515638e-12,7.1002516098078814e-04,-9.1657476080549583e-05,4.7852153466886142e-03,3.9744160351598328e-06,1.0000000000000000e+00,
1.0299474927005963e+00,-5.5141767843771530e-04,1.0000000000000280e+00,3.2547309784953927e-13,-7.2444462058201403e-02,5.5999322274044987e+00,1.6224137801276388e+01,5.2833789159904859e-02,1.0000000000000000e+00,
1.0627326295484592e+00,2.9123688961473042e-02,1.0000000000000064e+00,6.6896164364174289e-13,3.2371144425565581e+00,1.6979778688775373e+00,2.1937015431127554e-01,1.5878302934441559e-02,1.0000000000000000e+00,
1.0373558674349708e+00,3.3649253630465926e-02,1.0000000000000062e+00,9.7710203258794112e-13,3.7856151188450995e+00,4.1030080049675405e-01,1.9424413979261534e-01,-1.9068884605720517e-03,1.0000000000000000e+00,
1.0060605724108656e+00,1.6312108487930802e-02,1.0000000000000044e+00,1.2468224362319036e-12,6.3554870241842110e-01,3.8818760352959492e-01,8.0019991610807972e-03,-2.7206208604730096e-04,1.0000000000000000e+00,
1.0013870392405253e+00,5.3091681248061745e-03,1.0000000000000000e+00,1.4703433684362444e-12,8.8249730390077732e-02,9.0288928974783578e-02,2.2131196480472404e-03,-4.4755677665775336e-05,1.0000000000000000e+00,
1.0002666461625973e+00,2.1777579133700005e-03,1.0000000000000000e+00,1.6382658344347066e-12,1.6807499428140239e-02,1.5938311281459429e-02,4.4631538869115833e-04,-1.2788885819038064e-05,1.0000000000000000e+00,
1.0000420384511368e+00,9.5172787283138625e-04,1.0000000000000000e+00,1.7431979680491233e-12,3.4717150909248967e-03,2.6541155897570031e-03,1.2634381951655282e-04,-4.7432098773569065e-06,1.0000000000000000e+00,
1.0000018176805221e+00,3.9199103149930789e-04,1.0000000000000044e+00,1.7802807324443216e-12,3.4095308191610502e-03,3.0907850811254614e-04,4.7967164597317001e-03,-6.4363198509220904e-08,1.0000000000000000e+00,
1.0309468374824236e+00,-1.4813312413590284e-04,1.0000000000002154e+00,3.2193484431500459e-13,5.5747863370798314e+01,4.7154171946825784e+01,1.6294067004628399e+01,2.4362718082629592e-01,1.0000000000000000e+00,
1.5897741414124409e+00,5.7931093740444140e-01,1.0000000000001492e+00,7.1006238307951154e-13,4.8269606850776250e+02,5.6717748157549863e+02,2.2344904403622595e+03,4.8632966101873798e-01,1.0000000000000000e+00,
1.0424595068923170e+00,1.9557128578520014e-01,1.0000000000001306e+00,9.8061992462385625e-13,2.8023327038692994e+01,4.9995503887795451e+01,5.6754567643688269e+01,9.7173089301072116e-02,1.0000000000000000e+00,
9.9671440417851731e-01,1.7162199239637670e-02,1.0000000000000075e+00,1.2478788844587078e-12,5.9893122960277301e-01,9.9425065341385588e-01,3.9726790521435462e-02,4.7376270977813346e-03,1.0000000000000000e+00,
9.9838698085370670e-01,5.0058169832690042e-03,1.0000000000000029e+00,1.4708369109402937e-12,3.9395215364842591e-02,1.0830289099634488e-01,2.6205648547151378e-03,5.7721697890835387e-04,1.0000000000000000e+00,
9.9924643164814764e-01,1.8015443760902351e-03,1.0000000000000000e+00,1.6385808342944685e-12,4.1611252962743383e-03,1.6901716772795738e-02,4.5272282052175733e-04,8.1461770660042494e-05,1.0000000000000000e+00,
9.9962918804026157e-01,7.2049782528838370e-04,1.0000000000000000e+00,1.7434544559324248e-12,9.4328312655826804e-04,2.7708370390671869e-03,1.2149148597741244e-04,7.7909194127824983e-06,1.0000000000000000e+00,
9.9977102426882614e-01,2.8365575765885482e-04,1.0000000000000051e+00,1.7805202519233097e-12,4.8489693891931368e-03,3.5266452253081130e-04,3.4238192482587181e-03,-1.1163737632502540e-06,1.0000000000000000e+00,
1.0309468374824193e+00,1.2348091928169849e-01,1.0000000000002955e+00,3.2141071473676393e-13,5.5747863370798711e+01,-4.7893039444452390e-01,1.6294067004629358e+01,2.4362718082629609e-01,1.0000000000000000e+00,
1.5897741414124502e+00,6.8240351972444091e-01,1.0000000000005502e+00,7.2483018298543972e-13,4.8269606850770992e+02,4.9421798955271305e+02,2.2344904403623300e+03,4.8632966101874198e-01,1.0000000000000000e+00,
1.0424595068923099e+00,-1.3350111079235968e-03,1.0000000000000762e+00,9.8062410409923313e-13,2.8023327038690212e+01,4.9843157462281864e+00,5.6754567643678740e+01,9.7173089301072241e-02,1.0000000000000000e+00,
9.9671440417851509e-01,-2.4251727293220012e-04,1.0000000000000029e+00,1.2478851998988577e-12,5.9893122960054179e-01,-8.6717343520175891e-03,3.9726790522270905e-02,4.7376270977818958e-03,1.0000000000000000e+00,
9.9838698085370547e-01,-7.4920484808384269e-05,1.0000000000000002e+00,1.4708600338510635e-12,3.9395215364834264e-02,-1.1276143743215198e-03,2.6205648550371025e-03,5.7721697890828849e-04,1.0000000000000000e+00,
9.9924643164814708e-01,-2.8287488407856065e-05,1.0000000000000002e+00,1.6386357575932968e-12,4.1611252958631455e-03,-1.7647805505843642e-04,4.5272282143404841e-04,8.1461770660227811e-05,1.0000000000000000e+00,
9.9962918804026157e-01,-1.0971063628251214e-05,1.0000000000000000e+00,1.7435640877106255e-12,9.4328313141000305e-04,-2.5010243518604485e-05,1.2149148568433091e-04,7.7909194127595403e-06,1.0000000000000000e+00,
9.9977102426882680e-01,-2.5695497280170208e-06,1.0000000000000049e+00,1.7806499617180418e-12,4.8489693895985234e-03,1.3416978621052641e-04,3.4238192479591097e-03,-1.1163737633370133e-06,1.0000000000000000e+00,
1.0299474927005925e+00,4.8235778973774013e-02,1.0000000000002720e+00,3.2438735784263190e-13,-7.2444462054974817e-02,-4.7914888748862405e-01,1.6224137801277543e+01,5.2833789159891099e-02,1.0000000000000000e+00,
1.0627326295484529e+00,4.6154090548365709e-02,9.9999999999999623e-01,6.6911386542016412e-13,3.2371144425591436e+00,8.8364530638872321e+00,2.1937015431230389e-01,1.5878302934432677e-02,1.0000000000000000e+00,
1.0373558674349659e+00,-2.7205887791627824e-03,1.0000000000000020e+00,9.7730504001851027e-13,3.7856151188435492e+00,4.4283302817724834e+00,1.9424413978851862e-01,-1.9068884605670377e-03,1.0000000000000000e+00,
1.0060605724108636e+00,-4.5885016713328080e-03,9.9999999999999989e-01,1.2470868184846938e-12,6.3554870241837780e-01,2.8619723382793627e-01,8.0019991610669194e-03,-2.7206208604399761e-04,1.0000000000000000e+00,
1.0013870392405253e+00,-1.9850586836069601e-03,9.9999999999999944e-01,1.4706547291430976e-12,8.8249730389884110e-02,3.6075052115419455e-02,2.2131196473977599e-03,-4.4755677665079807e-05,1.0000000000000000e+00,
1.0002666461625980e+00,-7.9622863638784092e-04,9.9999999999999978e-01,1.6386083258233721e-12,1.6807499430448441e-02,4.9730435977802202e-03,4.4631538948514127e-04,-1.2788885819526041e-05,1.0000000000000000e+00,
1.0000420384511353e+00,-3.1649493630798309e-04,1.0000000000000000e+00,1.7435723400411983e-12,3.4717150900905368e-03,1.2224015430901585e-03,1.2634381950744553e-04,-4.7432098769208404e-06,1.0000000000000000e+00,
1.0000018176805245e+00,-7.4700028657234517e-05,1.0000000000000044e+00,1.7806805661719589e-12,3.4095308187499559e-03,4.6639840444827991e-04,4.7967164601100650e-03,-6.4363198373515373e-08,1.0000000000000000e+00,
1.0114146828096018e+00,1.7709700046885338e-02,1.0000000000001621e+00,3.2442497188596987e-13,-2.1373966808728353e-02,-1.9686871290772470e-01,8.1101100802183126e+00,2.0056629748272877e-02,1.0000000000000000e+00,
1.0168791947034517e+00,1.3633920041668340e-02,9.9999999999999611e-01,6.6496589084843357e-13,-4.0380901511743217e-01,9.2834338616560541e-01,1.2306386861478738e-02,1.0127526191543394e-02,1.0000000000000000e+00,
1.0153814475671816e+00,4.3258112154936863e-04,9.9999999999999856e-01,9.7393490032909962e-13,1.6438963083609037e-01,9.1766912712709048e-01,1.3569205006892793e-02,2.8826417452306602e-03,1.0000000000000000e+00,
1.0062994414334101e+00,-2.0981304368608072e-03,9.9999999999999811e-01,1.2456336781204027e-12,1.5906075724984153e-01,2.8672912634113967e-01,5.7955529480770152e-03,5.9777494049788056e-04,1.0000000000000000e+00,
1.0030938403899703e+00,-1.2808602982186071e-03,9.9999999999999900e-01,1.4700853097943617e-12,6.4712825932001602e-02,6.3513796559763233e-02,4.1627617868092437e-04,9.9596763095390235e-05,1.0000000000000000e+00,
1.0014663547857037e+00,-6.5014629860158225e-04,9.9999999999999989e-01,1.6384231756852537e-12,1.5272787256414512e-02,1.5573179019730867e-02,1.1913034626848812e-04,2.3266587569333876e-05,1.0000000000000000e+00,
1.0006845795639649e+00,-2.8642309262861648e-04,1.0000000000000000e+00,1.7435418432318143e-12,3.2567218698713167e-03,3.8479640284770811e-03,8.3361865268159752e-05,8.8757239026219764e-06,1.0000000000000000e+00,
1.0003393446423543e+00,-6.9873537548167139e-05,1.0000000000000033e+00,1.7806786890829540e-12,7.1002515958391507e-04,9.7663499397479861e-04,4.7852153464177701e-03,3.9744160348945193e-06,1.0000000000000000e+00,
1.0045070555628253e+00,5.7887749870857456e-03,1.0000000000005234e+00,3.2484961832184978e-13,-1.1597532074515042e-02,-5.4968937323955722e-03,2.7858880163879243e+00,1.0714272363540008e-02,1.0000000000000000e+00,
1.0077595719391008e+00,4.6969064937364153e-03,1.0000000000004958e+00,6.6394381995248996e-13,-3.0575983787913552e-01,1.6622129830466600e-01,1.7349912864735029e-03,7.7410475753463704e-03,1.0000000000000000e+00,
1.0077583946622641e+00,4.5704108302889272e-04,1.0000000000002189e+00,9.7240838312370602e-13,-1.2369515479981373e-01,1.9515981507997890e-01,1.4485856794321100e-03,3.7046110322444610e-03,1.0000000000000000e+00,
1.0057928899318407e+00,-5.2008019512919791e-05,1.0000000000000631e+00,1.2446363948442765e-12,-2.3726430829824809e-02,1.4877638625771505e-01,2.3518204598775572e-03,1.3893756270418210e-03,1.0000000000000000e+00,
1.0034075650583791e+00,-3.9628939094821242e-05,1.0000000000000115e+00,1.4695904500891366e-12,-4.3954656105155213e-03,5.4430388690995202e-02,2.9523979571521169e-04,4.1721515082551557e-04,1.0000000000000000e+00,
1.0018441900368691e+00,-2.1081731665841764e-05,1.0000000000000178e+00,1.6382169265293428e-12,-1.1413247454815402e-03,1.4827489981328360e-02,2.6603074326225231e-04,1.1485691526537023e-04,1.0000000000000000e+00,
1.0009275219977567e+00,-9.4924944438192380e-06,1.0000000000000253e+00,1.7434807412881101e-12,-4.2625634525338824e-04,3.7351835100056401e-03,1.8066121201929691e-04,3.2456129874304862e-05,1.0000000000000000e+00,
1.0004777107291722e+00,-2.3323822476303640e-06,1.0000000000000255e+00,1.7806597700536846e-12,2.9098865272220750e-04,9.3832986589616142e-04,3.1896506033452887e-03,9.8623574237448385e-06,1.0000000000000000e+00,

