1
1
9
0
(4 0
((32,112) (47,127) (0,0))
((48,112) (63,127) (0,0))
((32,128) (47,143) (0,0))
((48,128) (63,143) (0,0))
)
4
FabOnDisk: Cell_D_00000 0
FabOnDisk: Cell_D_00000 18518
FabOnDisk: Cell_D_00000 37036
FabOnDisk: Cell_D_00000 55554

4,9
0.0000000000000000e+00,-7.4455306893343032e-01,0.0000000000000000e+00,-7.8289040404375213e-13,-7.7760091939824690e+02,-4.6129063101064747e+02,0.0000000000000000e+00,-7.1549098513110265e-01,0.0000000000000000e+00,
-5.8197300191283352e-01,-6.0569814660369348e-01,0.0000000000000000e+00,0.0000000000000000e+00,-4.3326492597124815e+02,-4.8532071696111137e+02,0.0000000000000000e+00,-9.1424394253309671e-01,0.0000000000000000e+00,
0.0000000000000000e+00,0.0000000000000000e+00,0.0000000000000000e+00,-8.4727388721660643e-13,-7.7760091939826611e+02,-5.4349213407722470e+02,0.0000000000000000e+00,-7.1549098513111486e-01,0.0000000000000000e+00,
-5.8197300191291812e-01,-7.6347261461214788e-01,0.0000000000000000e+00,0.0000000000000000e+00,-4.3326492597117237e+02,-5.4952964723760499e+02,0.0000000000000000e+00,-9.1424394253304431e-01,0.0000000000000000e+00,

4,9
1.5222118715379924e+00,0.0000000000000000e+00,1.0000000000002176e+00,8.1545685620129544e-13,1.6298858669332708e+02,5.4349213407716309e+02,3.4104728084410281e+03,5.9151863372621760e-01,1.0000000000000000e+00,
1.5322663046757357e+00,7.6347261461215221e-01,1.0000000000002760e+00,4.2704501220193834e-13,8.5024621747256640e+02,5.4952964723767570e+02,3.0733413938511217e+03,1.2209682170635627e-01,1.0000000000000000e+00,
1.5222118715379509e+00,7.4455306893340989e-01,1.0000000000003104e+00,8.4762860678139013e-13,1.6298858669336227e+02,4.6129063101065736e+02,3.4104728084406843e+03,5.9151863372622993e-01,1.0000000000000000e+00,
1.5322663046757272e+00,6.0569814660370347e-01,1.0000000000002593e+00,4.3991052811344006e-13,8.5024621747238029e+02,4.8532071696100724e+02,3.0733413938510716e+03,1.2209682170635663e-01,1.0000000000000000e+00,

