1
1
2
4
(64 0
((0,0) (15,15) (0,0))
((16,0) (31,15) (0,0))
((32,0) (47,15) (0,0))
((48,0) (63,15) (0,0))
((64,0) (79,15) (0,0))
((80,0) (95,15) (0,0))
((96,0) (111,15) (0,0))
((112,0) (127,15) (0,0))
((0,16) (15,31) (0,0))
((16,16) (31,31) (0,0))
((32,16) (47,31) (0,0))
((48,16) (63,31) (0,0))
((64,16) (79,31) (0,0))
((80,16) (95,31) (0,0))
((96,16) (111,31) (0,0))
((112,16) (127,31) (0,0))
((0,32) (15,47) (0,0))
((16,32) (31,47) (0,0))
((32,32) (47,47) (0,0))
((48,32) (63,47) (0,0))
((64,32) (79,47) (0,0))
((80,32) (95,47) (0,0))
((96,32) (111,47) (0,0))
((112,32) (127,47) (0,0))
((0,48) (15,63) (0,0))
((16,48) (31,63) (0,0))
((32,48) (47,63) (0,0))
((48,48) (63,63) (0,0))
((64,48) (79,63) (0,0))
((80,48) (95,63) (0,0))
((96,48) (111,63) (0,0))
((112,48) (127,63) (0,0))
((0,64) (15,79) (0,0))
((16,64) (31,79) (0,0))
((32,64) (47,79) (0,0))
((48,64) (63,79) (0,0))
((64,64) (79,79) (0,0))
((80,64) (95,79) (0,0))
((96,64) (111,79) (0,0))
((112,64) (127,79) (0,0))
((0,80) (15,95) (0,0))
((16,80) (31,95) (0,0))
((32,80) (47,95) (0,0))
((48,80) (63,95) (0,0))
((64,80) (79,95) (0,0))
((80,80) (95,95) (0,0))
((96,80) (111,95) (0,0))
((112,80) (127,95) (0,0))
((0,96) (15,111) (0,0))
((16,96) (31,111) (0,0))
((32,96) (47,111) (0,0))
((48,96) (63,111) (0,0))
((64,96) (79,111) (0,0))
((80,96) (95,111) (0,0))
((96,96) (111,111) (0,0))
((112,96) (127,111) (0,0))
((0,112) (15,127) (0,0))
((16,112) (31,127) (0,0))
((32,112) (47,127) (0,0))
((48,112) (63,127) (0,0))
((64,112) (79,127) (0,0))
((80,112) (95,127) (0,0))
((96,112) (111,127) (0,0))
((112,112) (127,127) (0,0))
)
64
FabOnDisk: SD_2_Old_MF_D_00000 0
FabOnDisk: SD_2_Old_MF_D_00000 9300
FabOnDisk: SD_2_Old_MF_D_00000 18600
FabOnDisk: SD_2_Old_MF_D_00000 27900
FabOnDisk: SD_2_Old_MF_D_00000 37200
FabOnDisk: SD_2_Old_MF_D_00000 46500
FabOnDisk: SD_2_Old_MF_D_00000 55800
FabOnDisk: SD_2_Old_MF_D_00000 65101
FabOnDisk: SD_2_Old_MF_D_00000 74403
FabOnDisk: SD_2_Old_MF_D_00000 83703
FabOnDisk: SD_2_Old_MF_D_00000 93003
FabOnDisk: SD_2_Old_MF_D_00000 102303
FabOnDisk: SD_2_Old_MF_D_00000 111603
FabOnDisk: SD_2_Old_MF_D_00000 120903
FabOnDisk: SD_2_Old_MF_D_00000 130203
FabOnDisk: SD_2_Old_MF_D_00000 139504
FabOnDisk: SD_2_Old_MF_D_00000 148806
FabOnDisk: SD_2_Old_MF_D_00000 158106
FabOnDisk: SD_2_Old_MF_D_00000 167406
FabOnDisk: SD_2_Old_MF_D_00000 176706
FabOnDisk: SD_2_Old_MF_D_00000 186006
FabOnDisk: SD_2_Old_MF_D_00000 195306
FabOnDisk: SD_2_Old_MF_D_00000 204606
FabOnDisk: SD_2_Old_MF_D_00000 213907
FabOnDisk: SD_2_Old_MF_D_00000 223209
FabOnDisk: SD_2_Old_MF_D_00000 232509
FabOnDisk: SD_2_Old_MF_D_00000 241809
FabOnDisk: SD_2_Old_MF_D_00000 251109
FabOnDisk: SD_2_Old_MF_D_00000 260409
FabOnDisk: SD_2_Old_MF_D_00000 269709
FabOnDisk: SD_2_Old_MF_D_00000 279009
FabOnDisk: SD_2_Old_MF_D_00000 288310
FabOnDisk: SD_2_Old_MF_D_00000 297612
FabOnDisk: SD_2_Old_MF_D_00000 306912
FabOnDisk: SD_2_Old_MF_D_00000 316212
FabOnDisk: SD_2_Old_MF_D_00000 325512
FabOnDisk: SD_2_Old_MF_D_00000 334812
FabOnDisk: SD_2_Old_MF_D_00000 344112
FabOnDisk: SD_2_Old_MF_D_00000 353412
FabOnDisk: SD_2_Old_MF_D_00000 362713
FabOnDisk: SD_2_Old_MF_D_00000 372015
FabOnDisk: SD_2_Old_MF_D_00000 381315
FabOnDisk: SD_2_Old_MF_D_00000 390615
FabOnDisk: SD_2_Old_MF_D_00000 399915
FabOnDisk: SD_2_Old_MF_D_00000 409215
FabOnDisk: SD_2_Old_MF_D_00000 418515
FabOnDisk: SD_2_Old_MF_D_00000 427815
FabOnDisk: SD_2_Old_MF_D_00000 437116
FabOnDisk: SD_2_Old_MF_D_00000 446418
FabOnDisk: SD_2_Old_MF_D_00000 455719
FabOnDisk: SD_2_Old_MF_D_00000 465020
FabOnDisk: SD_2_Old_MF_D_00000 474321
FabOnDisk: SD_2_Old_MF_D_00000 483622
FabOnDisk: SD_2_Old_MF_D_00000 492923
FabOnDisk: SD_2_Old_MF_D_00000 502224
FabOnDisk: SD_2_Old_MF_D_00000 511526
FabOnDisk: SD_2_Old_MF_D_00000 520829
FabOnDisk: SD_2_Old_MF_D_00000 530131
FabOnDisk: SD_2_Old_MF_D_00000 539433
FabOnDisk: SD_2_Old_MF_D_00000 548735
FabOnDisk: SD_2_Old_MF_D_00000 558037
FabOnDisk: SD_2_Old_MF_D_00000 567339
FabOnDisk: SD_2_Old_MF_D_00000 576641
FabOnDisk: SD_2_Old_MF_D_00000 585944

64,2
-7.9305879055740192e-01,1.1700974955272496e-02,
-9.0719533850323630e-01,-1.5714169952001228e-01,
-7.9564141952524670e-01,-2.7199862748252934e-01,
-4.4477106487452167e-01,-2.5960374682129311e-01,
-2.3772733521350387e-01,-1.5736614083815639e-01,
-1.1532827040534582e-01,-7.7205117278339563e-02,
-5.5472808091052088e-02,-3.4773306891612898e-02,
-2.9660271019533686e-02,-1.3090025739737981e-02,
-2.2460334439748579e+00,4.2272886529063186e-01,
-2.3446822929602487e+00,-1.0325076695349849e+00,
-1.1867396014623472e+00,-1.0699168354440629e+00,
-4.1831844924513384e-01,-6.4260197958987419e-01,
-1.8453110666868611e-01,-2.6955456126100186e-01,
-8.2740028856641085e-02,-1.1781461105241546e-01,
-3.8763329926075049e-02,-5.1329329320247211e-02,
-2.0546442933490991e-02,-1.9132780617880828e-02,
-9.9606975245044591e+00,1.0921124008380738e+00,
-1.1916714903254379e+01,-8.8333352290396565e+00,
-1.2133301154498422e+00,-5.2235428993013686e+00,
-1.3223772935332512e-01,-7.4625094261272618e-01,
-8.4930462659068319e-03,-2.7327365973188444e-01,
6.5500534618385302e-04,-1.1808594559418595e-01,
6.5365957467535289e-04,-5.1377466236450030e-02,
5.0360616735313263e-04,-1.9142436977027152e-02,
-1.7516877781158456e+01,6.0989702342990271e-01,
-1.3168953647033495e+03,-1.3184612268696092e+03,
-2.2770749900750825e+01,-6.0624590070117357e+00,
2.1818511813564112e-01,-4.2161263390265458e-01,
9.2097871495024103e-02,-1.7955882284266639e-01,
4.2692837440911222e-02,-8.1738025766573810e-02,
2.2305348654408936e-02,-3.5703629175881477e-02,
1.6512723742323814e-02,-1.3275953284651143e-02,
-1.7516877781158048e+01,-5.7349514818756944e+01,
-1.3168953647033554e+03,-6.3805084191139542e+02,
-2.2770749900749919e+01,-2.5236203359075205e+01,
2.1818511813539329e-01,-1.6587056095447167e-01,
9.2097871495089953e-02,2.9874083055523660e-03,
4.2692837440797438e-02,1.3398878552325260e-03,
2.2305348654396723e-02,5.0999916382375070e-04,
1.6512723742998642e-02,1.4245786752106297e-05,
-9.9606975245033365e+00,-7.6617368318084793e+00,
-1.1916714903254281e+01,-3.5807936421991386e+00,
-1.2133301154490503e+00,5.3494079593103838e-01,
-1.3223772935306838e-01,2.0110123534052332e-01,
-8.4930462659508332e-03,9.0428732110408458e-02,
6.5500534604738504e-04,3.9574703240002597e-02,
6.5365957248358008e-04,1.5026920980378146e-02,
5.0360616843246663e-04,4.1907383553363767e-04,
-2.2460334439750156e+00,-2.5406132800810153e+00,
-2.3446822929603566e+00,-8.5318746475265150e-01,
-1.1867396014619751e+00,1.9984231389893176e-01,
-4.1831844924527556e-01,1.7387395624121446e-01,
-1.8453110666840655e-01,8.5309519743127157e-02,
-8.2740028856501280e-02,3.8542508115247266e-02,
-3.8763329926500126e-02,1.4820194002305047e-02,
-2.0546442932345647e-02,4.1215288573556963e-04,
-7.9305879055747552e-01,-7.4972483392023137e-01,
-9.0719533850256018e-01,-3.5361210164830092e-01,
-7.9564141952406486e-01,3.5094761098652255e-03,
-4.4477106487445733e-01,5.3447395692381508e-03,
-2.3772733521416517e-01,2.7979621123425721e-03,
-1.1532827040578297e-01,1.2918100454897439e-03,
-5.5472808090191082e-02,4.9995548801468461e-04,
-2.9660271019590789e-02,1.3906436605091408e-05,

64,2
-4.3336526763531648e-02,7.4972483391982059e-01,
-5.4963558086483355e-01,3.5361210164855211e-01,
-4.4365790239075453e-01,-3.5094761104628378e-03,
-2.0099535242735628e-01,-5.3447395696641989e-03,
-9.0832047266095131e-02,-2.7979621118904598e-03,
-4.2529946164296249e-02,-1.2918100455730215e-03,
-2.2276273101634211e-02,-4.9995548782085365e-04,
-1.6507928840506086e-02,-1.3906436084285746e-05,
-7.6793927536077805e-02,2.5406132800809553e+00,
-8.3894907262565122e-01,8.5318746475198037e-01,
-1.9211447974632012e-01,-1.9984231389853779e-01,
-2.5582462317928465e-02,-1.7387395624124524e-01,
-5.8049785575916757e-03,-8.5309519742973572e-02,
-1.9404201843809255e-03,-3.8542508115167969e-02,
-8.5732685205437134e-04,-1.4820194002798865e-02,
-5.9600368416513698e-04,-4.1215288557552615e-04,
-2.4767054799261468e-01,7.6617368318084100e+00,
1.3213414812671755e+00,3.5807936421986319e+00,
2.1451598275020558e+00,-5.3494079593078780e-01,
6.6063742712182050e-01,-2.0110123534039331e-01,
1.9646390550405829e-01,-9.0428732110610227e-02,
8.3379166691566808e-02,-3.9574703239987949e-02,
3.8816209246032969e-02,-1.5026920980415954e-02,
2.0552970101667324e-02,-4.1907383576520211e-04,
7.2274223727431831e+01,5.7349514818757179e+01,
1.4422723573415119e+03,6.3805084191134438e+02,
1.7296675708994307e+01,2.5236203359075279e+01,
7.6433334354784144e-01,1.6587056095406194e-01,
2.5136315079776672e-01,-2.9874083055774978e-03,
1.1986842899931960e-01,-1.3398878552349329e-03,
5.6471820067215642e-02,-5.0999916384661653e-04,
2.9874993106704550e-02,-1.4245786496893068e-05,
7.2274223727431803e+01,-6.0989702343078189e-01,
1.4422723573415562e+03,1.3184612268696083e+03,
1.7296675708993167e+01,6.0624590070113289e+00,
7.6433334354805249e-01,4.2161263390251214e-01,
2.5136315079774169e-01,1.7955882284293825e-01,
1.1986842899927151e-01,8.1738025766492667e-02,
5.6471820067234675e-02,3.5703629175902529e-02,
2.9874993107231341e-02,1.3275953284590272e-02,
-2.4767054799294425e-01,-1.0921124008382683e+00,
1.3213414812660289e+00,8.8333352290396032e+00,
2.1451598275018364e+00,5.2235428993012292e+00,
6.6063742712134588e-01,7.4625094261265312e-01,
1.9646390550389109e-01,2.7327365973198314e-01,
8.3379166691649020e-02,1.1808594559400561e-01,
3.8816209245887842e-02,5.1377466235906756e-02,
2.0552970101544353e-02,1.9142436976831607e-02,
-7.6793927535554959e-02,-4.2272886529040893e-01,
-8.3894907262409890e-01,1.0325076695349296e+00,
-1.9211447974622001e-01,1.0699168354446655e+00,
-2.5582462317865307e-02,6.4260197958990717e-01,
-5.8049785575556229e-03,2.6955456126124472e-01,
-1.9404201844701304e-03,1.1781461105240459e-01,
-8.5732685316992040e-04,5.1329329320606090e-02,
-5.9600368248449709e-04,1.9132780618379117e-02,
-4.3336526763367543e-02,-1.1700974954334531e-02,
-5.4963558086378872e-01,1.5714169952061491e-01,
-4.4365790239081099e-01,2.7199862748204046e-01,
-2.0099535242721178e-01,2.5960374682138654e-01,
-9.0832047266093938e-02,1.5736614083796052e-01,
-4.2529946164484599e-02,7.7205117278098270e-02,
-2.2276273101903471e-02,3.4773306891753071e-02,
-1.6507928840366674e-02,1.3090025739878438e-02,

