1
1
9
0
(14 0
((144,200) (159,215) (0,0))
((144,216) (159,231) (0,0))
((144,232) (159,239) (0,0))
((56,224) (71,239) (0,0))
((80,232) (95,247) (0,0))
((96,232) (111,247) (0,0))
((80,248) (95,263) (0,0))
((96,248) (111,263) (0,0))
((80,264) (95,279) (0,0))
((96,264) (111,279) (0,0))
((144,272) (159,287) (0,0))
((56,280) (71,295) (0,0))
((120,280) (127,287) (0,0))
((144,296) (151,311) (0,0))
)
14
FabOnDisk: Cell_D_00000 0
FabOnDisk: Cell_D_00001 0
FabOnDisk: Cell_D_00001 18520
FabOnDisk: Cell_D_00002 0
FabOnDisk: Cell_D_00002 18518
FabOnDisk: Cell_D_00000 18520
FabOnDisk: Cell_D_00002 37036
FabOnDisk: Cell_D_00000 37039
FabOnDisk: Cell_D_00003 0
FabOnDisk: Cell_D_00003 18518
FabOnDisk: Cell_D_00003 37037
FabOnDisk: Cell_D_00001 27824
FabOnDisk: Cell_D_00003 55557
FabOnDisk: Cell_D_00003 60253

14,9
4.5183090674307463e-01,-2.0339680453408832e-01,9.9999738651052716e-01,2.0330732627453364e-12,5.1653233399856617e+03,-9.1027569866190883e+04,7.0454522251935714e-02,-3.4167365461091663e+02,1.0000000000000000e+00,
4.7017736458001985e-01,-6.3495107088926273e-01,9.9704197023741570e-01,2.0439009004033450e-12,8.6016305513371306e+04,-2.2201723843446598e+04,1.4207614716833632e+00,-3.6326318537044318e+02,1.0000000000000000e+00,
1.1873131438466953e+00,-4.5463800376041147e-01,9.9999719400821852e-01,2.0570972006775063e-12,3.4144672686055492e+04,-8.5687909494054751e+04,7.4986041327989597e+00,-3.6172141720533784e+02,1.0000000000000000e+00,
6.9957276108991762e-01,-4.3819688090545950e-01,9.9999993060404657e-01,7.7018916379322751e-13,-2.6554614482468969e+04,-1.1919656937987675e+05,4.8398049785623698e-01,-7.1500777990235292e+01,1.0000000000000000e+00,
0.0000000000000000e+00,-1.0565425401830397e+00,0.0000000000000000e+00,0.0000000000000000e+00,-5.6048224733840470e+03,-9.6293940845503850e+04,0.0000000000000000e+00,-1.8650089897262652e+02,0.0000000000000000e+00,
0.0000000000000000e+00,-1.7746439997300656e-01,0.0000000000000000e+00,0.0000000000000000e+00,-3.6309878152967940e+03,-2.2882768867170216e+04,0.0000000000000000e+00,-3.8420144410586801e+01,0.0000000000000000e+00,
-5.2950248400727401e-02,-1.1307818991836671e+00,0.0000000000000000e+00,0.0000000000000000e+00,-1.0307800119609579e+04,-3.3294595985470733e+04,0.0000000000000000e+00,-1.4580105560956920e+02,0.0000000000000000e+00,
-5.7817725076037385e-02,-1.2979473757897564e+00,0.0000000000000000e+00,0.0000000000000000e+00,-1.5258835075002273e+04,-2.2551666874181956e+04,0.0000000000000000e+00,0.0000000000000000e+00,0.0000000000000000e+00,
0.0000000000000000e+00,-3.0769124207478671e-01,0.0000000000000000e+00,0.0000000000000000e+00,0.0000000000000000e+00,-1.4244067177199759e+04,0.0000000000000000e+00,-2.0414009643944777e+02,0.0000000000000000e+00,
0.0000000000000000e+00,-1.3278053929426856e+00,0.0000000000000000e+00,0.0000000000000000e+00,0.0000000000000000e+00,-8.8966047664356476e+04,0.0000000000000000e+00,-6.0425980987809027e+01,0.0000000000000000e+00,
9.0656787411291639e-01,-9.5760623059482719e-01,9.9905333545276653e-01,2.0621594127277613e-12,3.9004674799261920e+03,-8.0958044517047703e+04,3.5881779921453472e+00,-2.9779918759299483e+02,1.0000000000000000e+00,
6.1657775914740742e-01,-4.5888396793888503e-01,9.9999999999692590e-01,7.8156745709957438e-13,3.9464155805853807e+03,-7.6203279869909049e+04,1.4644897862189055e-01,-5.8142073670570909e+01,1.0000000000000000e+00,
3.7050974930621849e-01,-1.0123230560576786e+00,9.9997641845153351e-01,1.7488933999224114e-12,-1.0459753246696014e+05,-1.3354647691212237e+05,2.3964994154064584e+01,-1.5947511762782781e+01,1.0000000000000000e+00,
4.0115986689995220e-01,-1.2307744220347752e+00,9.9999768206450457e-01,2.0532765460180583e-12,2.0390834589721817e+04,-3.7050857764190092e+04,6.5498477434002211e+00,-2.1535992676942143e+02,1.0000000000000000e+00,

14,9
1.0982548451654619e+00,1.3662499905230243e+00,1.0000003082107600e+00,2.2306496721084502e-12,1.2696740891850022e+05,6.6311969413639046e+04,3.5446313438745819e+03,-1.1617684436259924e+02,1.0000000000000000e+00,
1.4049844833529843e+00,8.7296187908402356e-01,1.0013358968263941e+00,2.2396640720669420e-12,1.3447886198153248e+05,3.9563351200358738e+03,3.8407214204786223e+03,-1.1766754600762758e+02,1.0000000000000000e+00,
1.7610187216401245e+00,4.7682023300339638e-01,1.0000000538762419e+00,2.2437896675335333e-12,1.3808339780327969e+05,9.5278962545533606e+04,3.2174216569209393e+03,-1.4905364482810683e+02,1.0000000000000000e+00,
1.6445578738616495e+00,3.7001780867580758e-01,1.0000112279438065e+00,9.9246472002443783e-13,9.2918958804585782e+04,3.8992575579571712e+04,4.4773183609761636e+03,5.5998738739776684e+01,1.0000000000000000e+00,
2.4398372291476922e+00,2.3061419227958296e-01,1.0000314926248994e+00,1.3602555634336970e-12,6.0000879249686113e+04,8.4060240797355582e+03,5.8169694967390069e+03,0.0000000000000000e+00,1.0000000000000000e+00,
2.5128023930381240e+00,1.2757588394358947e+00,1.0000009564507053e+00,1.7045841274355422e-12,7.8212231992378482e+04,1.0130687644191158e+05,8.9327973710766855e+03,4.4738371416728640e+01,1.0000000000000000e+00,
7.0962575249877313e-01,1.2073924479956140e+00,1.0000701316165190e+00,1.0729921027923837e-12,2.9541755150732955e+04,2.5016545950983127e+04,5.1852297830139523e+03,0.0000000000000000e+00,1.0000000000000000e+00,
7.2954127250471856e-01,1.2150267082681152e+00,1.0000000005218850e+00,1.7435460446448979e-12,2.4898091351098825e+04,2.2058734451715281e+04,6.7770576435209414e+03,3.7979866493320465e+01,1.0000000000000000e+00,
2.3910633948791498e+00,1.1467464361570223e+00,1.0000000010627215e+00,1.3679379807188311e-12,7.4122795085571677e+04,1.1767613127135247e+05,6.0695904063762864e+03,0.0000000000000000e+00,1.0000000000000000e+00,
2.4701875706830161e+00,1.8430193078463958e-01,1.0000000014845076e+00,1.7083669869044964e-12,8.2559584523283134e+04,2.0758853401075794e+04,8.8538128223100248e+03,5.1733621577455551e+01,1.0000000000000000e+00,
1.8435802360887839e+00,6.8205143784440703e-01,1.0011436878401589e+00,2.2504901103756654e-12,1.1822830132384278e+05,8.5650721073587367e+04,3.5419147680731944e+03,-1.4331181945816874e+02,1.0000000000000000e+00,
1.7254666337669626e+00,4.7810421550186855e-01,1.0000000000007743e+00,1.0088946592681236e-12,9.4873258151322807e+04,1.3477802875850938e+05,5.0748396697343378e+03,8.4725809886392312e+01,1.0000000000000000e+00,
1.8499176974767937e+00,-2.6052789611087745e-01,1.0000025601581093e+00,1.8517535740313110e-12,8.2874543211151336e+04,5.8558498260411718e+04,4.3464768017152674e+03,5.2056628208716162e+01,1.0000000000000000e+00,
1.2120173112554866e+00,1.2426738080060376e-01,1.0000007096765593e+00,2.1470144994563221e-12,1.4793312197604211e+05,6.7948593754320056e+04,2.9891358104716255e+03,-1.0248311562593231e+02,1.0000000000000000e+00,

