1
1
4
4
(64 0
((0,0) (15,15) (0,0))
((16,0) (31,15) (0,0))
((32,0) (47,15) (0,0))
((48,0) (63,15) (0,0))
((64,0) (79,15) (0,0))
((80,0) (95,15) (0,0))
((96,0) (111,15) (0,0))
((112,0) (127,15) (0,0))
((0,16) (15,31) (0,0))
((16,16) (31,31) (0,0))
((32,16) (47,31) (0,0))
((48,16) (63,31) (0,0))
((64,16) (79,31) (0,0))
((80,16) (95,31) (0,0))
((96,16) (111,31) (0,0))
((112,16) (127,31) (0,0))
((0,32) (15,47) (0,0))
((16,32) (31,47) (0,0))
((32,32) (47,47) (0,0))
((48,32) (63,47) (0,0))
((64,32) (79,47) (0,0))
((80,32) (95,47) (0,0))
((96,32) (111,47) (0,0))
((112,32) (127,47) (0,0))
((0,48) (15,63) (0,0))
((16,48) (31,63) (0,0))
((32,48) (47,63) (0,0))
((48,48) (63,63) (0,0))
((64,48) (79,63) (0,0))
((80,48) (95,63) (0,0))
((96,48) (111,63) (0,0))
((112,48) (127,63) (0,0))
((0,64) (15,79) (0,0))
((16,64) (31,79) (0,0))
((32,64) (47,79) (0,0))
((48,64) (63,79) (0,0))
((64,64) (79,79) (0,0))
((80,64) (95,79) (0,0))
((96,64) (111,79) (0,0))
((112,64) (127,79) (0,0))
((0,80) (15,95) (0,0))
((16,80) (31,95) (0,0))
((32,80) (47,95) (0,0))
((48,80) (63,95) (0,0))
((64,80) (79,95) (0,0))
((80,80) (95,95) (0,0))
((96,80) (111,95) (0,0))
((112,80) (127,95) (0,0))
((0,96) (15,111) (0,0))
((16,96) (31,111) (0,0))
((32,96) (47,111) (0,0))
((48,96) (63,111) (0,0))
((64,96) (79,111) (0,0))
((80,96) (95,111) (0,0))
((96,96) (111,111) (0,0))
((112,96) (127,111) (0,0))
((0,112) (15,127) (0,0))
((16,112) (31,127) (0,0))
((32,112) (47,127) (0,0))
((48,112) (63,127) (0,0))
((64,112) (79,127) (0,0))
((80,112) (95,127) (0,0))
((96,112) (111,127) (0,0))
((112,112) (127,127) (0,0))
)
64
FabOnDisk: SD_0_Old_MF_D_00000 0
FabOnDisk: SD_0_Old_MF_D_00000 18516
FabOnDisk: SD_0_Old_MF_D_00000 37032
FabOnDisk: SD_0_Old_MF_D_00000 55548
FabOnDisk: SD_0_Old_MF_D_00000 74064
FabOnDisk: SD_0_Old_MF_D_00000 92580
FabOnDisk: SD_0_Old_MF_D_00000 111096
FabOnDisk: SD_0_Old_MF_D_00000 129613
FabOnDisk: SD_0_Old_MF_D_00000 148131
FabOnDisk: SD_0_Old_MF_D_00000 166647
FabOnDisk: SD_0_Old_MF_D_00000 185163
FabOnDisk: SD_0_Old_MF_D_00000 203679
FabOnDisk: SD_0_Old_MF_D_00000 222195
FabOnDisk: SD_0_Old_MF_D_00000 240711
FabOnDisk: SD_0_Old_MF_D_00000 259227
FabOnDisk: SD_0_Old_MF_D_00000 277744
FabOnDisk: SD_0_Old_MF_D_00000 296262
FabOnDisk: SD_0_Old_MF_D_00000 314778
FabOnDisk: SD_0_Old_MF_D_00000 333294
FabOnDisk: SD_0_Old_MF_D_00000 351810
FabOnDisk: SD_0_Old_MF_D_00000 370326
FabOnDisk: SD_0_Old_MF_D_00000 388842
FabOnDisk: SD_0_Old_MF_D_00000 407358
FabOnDisk: SD_0_Old_MF_D_00000 425875
FabOnDisk: SD_0_Old_MF_D_00000 444393
FabOnDisk: SD_0_Old_MF_D_00000 462909
FabOnDisk: SD_0_Old_MF_D_00000 481425
FabOnDisk: SD_0_Old_MF_D_00000 499941
FabOnDisk: SD_0_Old_MF_D_00000 518457
FabOnDisk: SD_0_Old_MF_D_00000 536973
FabOnDisk: SD_0_Old_MF_D_00000 555489
FabOnDisk: SD_0_Old_MF_D_00000 574006
FabOnDisk: SD_0_Old_MF_D_00000 592524
FabOnDisk: SD_0_Old_MF_D_00000 611040
FabOnDisk: SD_0_Old_MF_D_00000 629556
FabOnDisk: SD_0_Old_MF_D_00000 648072
FabOnDisk: SD_0_Old_MF_D_00000 666588
FabOnDisk: SD_0_Old_MF_D_00000 685104
FabOnDisk: SD_0_Old_MF_D_00000 703620
FabOnDisk: SD_0_Old_MF_D_00000 722137
FabOnDisk: SD_0_Old_MF_D_00000 740655
FabOnDisk: SD_0_Old_MF_D_00000 759171
FabOnDisk: SD_0_Old_MF_D_00000 777687
FabOnDisk: SD_0_Old_MF_D_00000 796203
FabOnDisk: SD_0_Old_MF_D_00000 814719
FabOnDisk: SD_0_Old_MF_D_00000 833235
FabOnDisk: SD_0_Old_MF_D_00000 851751
FabOnDisk: SD_0_Old_MF_D_00000 870268
FabOnDisk: SD_0_Old_MF_D_00000 888786
FabOnDisk: SD_0_Old_MF_D_00000 907303
FabOnDisk: SD_0_Old_MF_D_00000 925820
FabOnDisk: SD_0_Old_MF_D_00000 944337
FabOnDisk: SD_0_Old_MF_D_00000 962854
FabOnDisk: SD_0_Old_MF_D_00000 981371
FabOnDisk: SD_0_Old_MF_D_00000 999888
FabOnDisk: SD_0_Old_MF_D_00000 1018406
FabOnDisk: SD_0_Old_MF_D_00000 1036925
FabOnDisk: SD_0_Old_MF_D_00000 1055443
FabOnDisk: SD_0_Old_MF_D_00000 1073961
FabOnDisk: SD_0_Old_MF_D_00000 1092479
FabOnDisk: SD_0_Old_MF_D_00000 1110997
FabOnDisk: SD_0_Old_MF_D_00000 1129515
FabOnDisk: SD_0_Old_MF_D_00000 1148033
FabOnDisk: SD_0_Old_MF_D_00000 1166552

64,4
1.0000042315907973e+00,-7.0323682871636616e-03,9.9999999999996436e-01,1.8236745622479659e-15,
1.0025276734468387e+00,-7.0237863471864000e-03,9.9999999999991029e-01,5.8377925645596382e-14,
1.0069603621250383e+00,-1.7389481898327122e-03,9.9999999999991118e-01,1.1524804928686141e-13,
1.0045628031945892e+00,5.3135611747196409e-05,9.9999999999997247e-01,1.6795977591585895e-13,
1.0022289504413098e+00,5.3825738694707651e-05,9.9999999999999667e-01,2.1418955531939507e-13,
1.0010443565964589e+00,2.9646828175066195e-05,9.9999999999998046e-01,2.5214791233556756e-13,
1.0004972831256678e+00,1.4162764399118109e-05,9.9999999999993661e-01,2.8035084071694089e-13,
1.0002677102645674e+00,5.1557776774515643e-06,9.9999999999981959e-01,2.9764613578721414e-13,
1.0000079439496006e+00,-2.1868783165219018e-02,9.9999999999993539e-01,1.8214459441380574e-15,
1.0042471052680391e+00,-2.1771130857411010e-02,9.9999999999999356e-01,6.0063004608430128e-14,
1.0081575041430229e+00,-1.9907299889645757e-03,1.0000000000000011e+00,1.1650439606355387e-13,
1.0027068767617606e+00,2.4234146545771980e-03,1.0000000000000038e+00,1.6876074981690128e-13,
1.0006333017880433e+00,1.7606283005505883e-03,1.0000000000000027e+00,2.1468204907717236e-13,
1.0001524988607806e+00,9.1917163097869799e-04,1.0000000000000016e+00,2.5244327103794285e-13,
1.0000411286233992e+00,4.2811535815779711e-04,1.0000000000000011e+00,2.8052578412101779e-13,
1.0000136875342158e+00,1.5443751749085990e-04,1.0000000000000000e+00,2.9775128889739286e-13,
1.0000266775822049e+00,-7.1383498729583064e-02,9.9999999999993638e-01,1.7969129386434299e-15,
1.0131290832010595e+00,-7.1224889227215621e-02,9.9999999999997335e-01,5.9481967198936352e-14,
1.0000770762167603e+00,1.3212683641421476e-04,9.9999999999998623e-01,1.1673901648623217e-13,
9.9569854393892543e-01,6.3797319597583774e-03,9.9999999999999178e-01,1.6904363914675253e-13,
9.9616987291840708e-01,2.8932564571043035e-03,9.9999999999999745e-01,2.1486501987156709e-13,
9.9799444231772494e-01,1.1542485346626209e-03,9.9999999999999822e-01,2.5254219563527634e-13,
9.9905320346337267e-01,4.7704223848764202e-04,1.0000000000000000e+00,2.8057571528935834e-13,
9.9954710816745196e-01,1.6502338780251358e-04,9.9999999999999833e-01,2.9777857652461777e-13,
8.3455847221075097e-01,-1.4117863065647976e-01,9.9999999999961198e-01,1.7522026418274324e-15,
-8.0554666588525603e-01,-6.5827907844977640e-01,9.9999999999950895e-01,-1.1963423318059486e-12,
1.2756980988243108e-01,2.3772480244865593e-03,9.9999999999982947e-01,7.1066825192412973e-14,
9.6153058027402871e-01,3.7719154723896039e-04,9.9999999999998024e-01,1.6962808451950996e-13,
9.9015152876244861e-01,1.1086014228121530e-04,9.9999999999999500e-01,2.1511991659298433e-13,
9.9640818643436524e-01,4.1253529191069593e-05,9.9999999999999778e-01,2.5265391857864616e-13,
9.9850143167611105e-01,1.6568843435662242e-05,1.0000000000000000e+00,2.8062875161671499e-13,
9.9931876718704649e-01,5.6759617407336102e-06,9.9999999999999944e-01,2.9780707484321696e-13,
8.3455847221075308e-01,1.6282959201565633e-04,9.9999999999944278e-01,1.7522414753745287e-15,
-8.0554666588517798e-01,-7.8012988004650252e-01,9.9999999999930023e-01,-1.2444785364319799e-12,
1.2756980988243913e-01,-5.8023581630121601e-01,9.9999999999994227e-01,6.7868794564604696e-14,
9.6153058027402838e-01,-2.7375973403156922e-02,9.9999999999999012e-01,1.6962791369087244e-13,
9.9015152876244827e-01,-7.4823039311262976e-03,9.9999999999999412e-01,2.1511997104177099e-13,
9.9640818643436557e-01,-2.6273864537193336e-03,9.9999999999999722e-01,2.5265399287107008e-13,
9.9850143167611194e-01,-1.0456981840725247e-03,9.9999999999999978e-01,2.8062853567798642e-13,
9.9931876718704660e-01,-4.3028876421147619e-04,9.9999999999999922e-01,2.9780782691612014e-13,
1.0000266775822049e+00,6.6764722279355211e-04,9.9999999999943778e-01,1.7969955117536250e-15,
1.0131290832010635e+00,-2.8157163127183072e-02,1.0000000000000058e+00,5.9473310285782453e-14,
1.0000770762167661e+00,-4.3504292390868289e-02,9.9999999999999134e-01,1.1673908446306948e-13,
9.9569854393892809e-01,-2.4680212267281277e-02,9.9999999999999756e-01,1.6904334758311774e-13,
9.9616987291841219e-01,-7.7864035665840487e-03,1.0000000000000011e+00,2.1486563839608652e-13,
9.9799444231772627e-01,-3.1190875981895660e-03,1.0000000000000007e+00,2.5254137551813686e-13,
9.9905320346337323e-01,-1.3672477049642470e-03,9.9999999999999989e-01,2.8057610850748391e-13,
9.9954710816745174e-01,-5.9244617025839489e-04,9.9999999999999833e-01,2.9777857528311039e-13,
1.0000079439496008e+00,1.7766990623764223e-04,9.9999999999955669e-01,1.8215686561017831e-15,
1.0042471052680477e+00,1.6214622280506556e-03,1.0000000000000118e+00,6.0061236788842569e-14,
1.0081575041430340e+00,-8.8151203893607546e-03,1.0000000000000056e+00,1.1650453257954895e-13,
1.0027068767617666e+00,-8.8182215813646520e-03,1.0000000000000069e+00,1.6876055194808258e-13,
1.0006333017880453e+00,-5.9071628042581485e-03,1.0000000000000056e+00,2.1468185453082840e-13,
1.0001524988607831e+00,-2.9201295081527630e-03,1.0000000000000033e+00,2.5244343252346489e-13,
1.0000411286233977e+00,-1.3451191343300923e-03,1.0000000000000000e+00,2.8052540178827637e-13,
1.0000136875342138e+00,-5.8951324681450943e-04,9.9999999999999512e-01,2.9775065609647645e-13,
1.0000042315907980e+00,4.2310276150935325e-06,9.9999999999869860e-01,1.8238927140189584e-15,
1.0025276734467652e+00,7.3104130356402346e-05,9.9999999999872125e-01,5.9869829491271788e-14,
1.0069603621249690e+00,-2.0765618866255991e-03,9.9999999999948264e-01,1.1632078238408254e-13,
1.0045628031945915e+00,-2.6703523662285557e-03,9.9999999999982858e-01,1.6860619071767449e-13,
1.0022289504413107e+00,-2.5066949955478268e-03,9.9999999999994749e-01,2.1457566558402089e-13,
1.0010443565964584e+00,-1.5985800746686173e-03,9.9999999999994316e-01,2.5238002011022242e-13,
1.0004972831256644e+00,-8.3253547529395786e-04,9.9999999999994249e-01,2.8049016368580561e-13,
1.0002677102645603e+00,-3.8590365391708031e-04,9.9999999999994449e-01,2.9772978973735711e-13,

64,4
1.0034409475440742e+00,-4.2310276145698230e-06,1.0000000000000502e+00,5.7423514243939049e-14,
1.0094295751389379e+00,-7.3104130355493811e-05,1.0000000000000224e+00,1.1375658198107035e-13,
1.0096167969136056e+00,2.0765618866313879e-03,1.0000000000000242e+00,1.6602409533221763e-13,
1.0078106212412785e+00,2.6703523662287942e-03,1.0000000000000111e+00,2.1223590383444639e-13,
1.0046227847129423e+00,2.5066949955488958e-03,1.0000000000000144e+00,2.5047413974783873e-13,
1.0025531842473272e+00,1.5985800746708739e-03,1.0000000000000042e+00,2.7915286701901568e-13,
1.0012850825835544e+00,8.3253547529501572e-04,1.0000000000000095e+00,2.9705431216652166e-13,
1.0006372389736946e+00,3.8590365391717100e-04,1.0000000000000309e+00,3.0336744269687260e-13,
1.0106568597076080e+00,-1.7766990623726227e-04,1.0000000000001092e+00,5.6468129600227849e-14,
1.0219690831209933e+00,-1.6214622280492368e-03,1.0000000000000082e+00,1.1327592205387527e-13,
1.0211697752620661e+00,8.8151203893596496e-03,1.0000000000000122e+00,1.6591943957151084e-13,
1.0094187263445875e+00,8.8182215813639615e-03,1.0000000000000071e+00,2.1220872620894484e-13,
1.0043296001218782e+00,5.9071628042577729e-03,1.0000000000000062e+00,2.5044720803804567e-13,
1.0020669073730097e+00,2.9201295081513158e-03,1.0000000000000056e+00,2.7912686371035481e-13,
1.0009577213406313e+00,1.3451191343290801e-03,1.0000000000000062e+00,2.9703597463144672e-13,
1.0004550715493454e+00,5.8951324681393068e-04,1.0000000000000102e+00,3.0336282715399013e-13,
1.0327207423449680e+00,-6.6764722279354495e-04,1.0000000000001075e+00,5.6449852787847948e-14,
1.0844359914412844e+00,2.8157163127182822e-02,1.0000000000000102e+00,1.1393097818314045e-13,
1.0624706028745690e+00,4.3504292390865056e-02,1.0000000000000151e+00,1.6651115603130569e-13,
1.0093976016869042e+00,2.4680212267279039e-02,1.0000000000000060e+00,2.1247537310193594e-13,
1.0022345003970798e+00,7.7864035665828777e-03,1.0000000000000047e+00,2.5056717643625403e-13,
1.0004385511195881e+00,3.1190875981886340e-03,1.0000000000000033e+00,2.7918267138602014e-13,
1.0000726382882741e+00,1.3672477049625036e-03,1.0000000000000022e+00,2.9706599920232791e-13,
1.0000058463364563e+00,5.9244617025704203e-04,1.0000000000000020e+00,3.0338520919350610e-13,
1.0341614990639365e+00,-1.6282959201600344e-04,1.0000000000001588e+00,1.7752368952106431e-12,
1.4590160326570734e+00,7.8012988004651185e-01,1.0000000000000000e+40,1.6692597019315491e-12,
1.1033343595501524e+00,5.8023581630121468e-01,1.0000000000001308e+00,1.6710460965097803e-13,
9.9708782238233573e-01,2.7375973403155927e-02,1.0000000000000042e+00,2.1263515178111413e-13,
9.9772861470806384e-01,7.4823039311237138e-03,1.0000000000000011e+00,2.5062573889130156e-13,
9.9894465664166066e-01,2.6273864537170099e-03,1.0000000000000000e+00,2.7920894383977235e-13,
9.9950035500098933e-01,1.0456981840701891e-03,1.0000000000000000e+00,2.9707962605098650e-13,
9.9973183735812210e-01,4.3028876421012365e-04,1.0000000000000011e+00,3.0339502856006036e-13,
1.0341614990639416e+00,1.4117863065649372e-01,1.0000000000002185e+00,1.8895967586575365e-12,
1.4590160326570742e+00,6.5827907844976707e-01,1.0000000000000000e+40,1.7535027808189508e-12,
1.1033343595501568e+00,-2.3772480244922678e-03,1.0000000000001281e+00,1.6766408530960161e-13,
9.9708782238234461e-01,-3.7719154724380694e-04,1.0000000000000033e+00,2.1263421752554084e-13,
9.9772861470806540e-01,-1.1086014228390165e-04,1.0000000000000031e+00,2.5062593876152575e-13,
9.9894465664166066e-01,-4.1253529193078890e-05,1.0000000000000024e+00,2.7920950825963630e-13,
9.9950035500098888e-01,-1.6568843437881618e-05,1.0000000000000000e+00,2.9707905288143862e-13,
9.9973183735812166e-01,-5.6759617406202154e-06,1.0000000000000000e+00,3.0339521049049851e-13,
1.0327207423449740e+00,7.1383498729589726e-02,1.0000000000001843e+00,5.6450579888137629e-14,
1.0844359914412909e+00,7.1224889227221977e-02,1.0000000000000553e+00,1.1392784201313076e-13,
1.0624706028745776e+00,-1.3212683641395257e-04,1.0000000000000284e+00,1.6651165303426616e-13,
1.0093976016869100e+00,-6.3797319597590522e-03,1.0000000000000075e+00,2.1247567906893114e-13,
1.0022345003970849e+00,-2.8932564571067022e-03,1.0000000000000073e+00,2.5056676098200040e-13,
1.0004385511195910e+00,-1.1542485346645308e-03,1.0000000000000056e+00,2.7918324869728296e-13,
1.0000726382882759e+00,-4.7704223848943735e-04,1.0000000000000047e+00,2.9706550083931619e-13,
1.0000058463364572e+00,-1.6502338780324813e-04,1.0000000000000000e+00,3.0338517542574611e-13,
1.0106568597076144e+00,2.1868783165219063e-02,1.0000000000001150e+00,5.6469257763001583e-14,
1.0219690831209989e+00,2.1771130857410614e-02,1.0000000000000369e+00,1.1327609418759471e-13,
1.0211697752620781e+00,1.9907299889667701e-03,1.0000000000000242e+00,1.6592003588279737e-13,
1.0094187263445911e+00,-2.4234146545712887e-03,1.0000000000000211e+00,2.1220798758454078e-13,
1.0043296001218802e+00,-1.7606283005486621e-03,1.0000000000000122e+00,2.5044802774243713e-13,
1.0020669073730102e+00,-9.1917163097782206e-04,1.0000000000000082e+00,2.7912630002292582e-13,
1.0009577213406291e+00,-4.2811535815839489e-04,1.0000000000000058e+00,2.9703634446526033e-13,
1.0004550715493425e+00,-1.5443751749188203e-04,1.0000000000000000e+00,3.0336239250749419e-13,
1.0034409475440784e+00,7.0323682871515905e-03,1.0000000000002409e+00,5.6703670420705064e-14,
1.0094295751389466e+00,7.0237863471748407e-03,1.0000000000002334e+00,1.1321656090264457e-13,
1.0096167969136158e+00,1.7389481898367649e-03,1.0000000000001044e+00,1.6569773425406489e-13,
1.0078106212412867e+00,-5.3135611746768183e-05,1.0000000000000442e+00,2.1204060841359353e-13,
1.0046227847129308e+00,-5.3825738694419293e-05,1.0000000000000131e+00,2.5035715744592018e-13,
1.0025531842473212e+00,-2.9646828174163657e-05,1.0000000000000078e+00,2.7908209911634892e-13,
1.0012850825835582e+00,-1.4162764399150789e-05,1.0000000000000062e+00,2.9701203870626751e-13,
1.0006372389736975e+00,-5.1557776767083556e-06,1.0000000000000067e+00,3.0334230308910646e-13,

