1
1
2
4
(64 0
((0,0) (15,15) (0,0))
((16,0) (31,15) (0,0))
((32,0) (47,15) (0,0))
((48,0) (63,15) (0,0))
((64,0) (79,15) (0,0))
((80,0) (95,15) (0,0))
((96,0) (111,15) (0,0))
((112,0) (127,15) (0,0))
((0,16) (15,31) (0,0))
((16,16) (31,31) (0,0))
((32,16) (47,31) (0,0))
((48,16) (63,31) (0,0))
((64,16) (79,31) (0,0))
((80,16) (95,31) (0,0))
((96,16) (111,31) (0,0))
((112,16) (127,31) (0,0))
((0,32) (15,47) (0,0))
((16,32) (31,47) (0,0))
((32,32) (47,47) (0,0))
((48,32) (63,47) (0,0))
((64,32) (79,47) (0,0))
((80,32) (95,47) (0,0))
((96,32) (111,47) (0,0))
((112,32) (127,47) (0,0))
((0,48) (15,63) (0,0))
((16,48) (31,63) (0,0))
((32,48) (47,63) (0,0))
((48,48) (63,63) (0,0))
((64,48) (79,63) (0,0))
((80,48) (95,63) (0,0))
((96,48) (111,63) (0,0))
((112,48) (127,63) (0,0))
((0,64) (15,79) (0,0))
((16,64) (31,79) (0,0))
((32,64) (47,79) (0,0))
((48,64) (63,79) (0,0))
((64,64) (79,79) (0,0))
((80,64) (95,79) (0,0))
((96,64) (111,79) (0,0))
((112,64) (127,79) (0,0))
((0,80) (15,95) (0,0))
((16,80) (31,95) (0,0))
((32,80) (47,95) (0,0))
((48,80) (63,95) (0,0))
((64,80) (79,95) (0,0))
((80,80) (95,95) (0,0))
((96,80) (111,95) (0,0))
((112,80) (127,95) (0,0))
((0,96) (15,111) (0,0))
((16,96) (31,111) (0,0))
((32,96) (47,111) (0,0))
((48,96) (63,111) (0,0))
((64,96) (79,111) (0,0))
((80,96) (95,111) (0,0))
((96,96) (111,111) (0,0))
((112,96) (127,111) (0,0))
((0,112) (15,127) (0,0))
((16,112) (31,127) (0,0))
((32,112) (47,127) (0,0))
((48,112) (63,127) (0,0))
((64,112) (79,127) (0,0))
((80,112) (95,127) (0,0))
((96,112) (111,127) (0,0))
((112,112) (127,127) (0,0))
)
64
FabOnDisk: SD_2_New_MF_D_00000 0
FabOnDisk: SD_2_New_MF_D_00000 9300
FabOnDisk: SD_2_New_MF_D_00000 18600
FabOnDisk: SD_2_New_MF_D_00000 27900
FabOnDisk: SD_2_New_MF_D_00000 37200
FabOnDisk: SD_2_New_MF_D_00000 46500
FabOnDisk: SD_2_New_MF_D_00000 55800
FabOnDisk: SD_2_New_MF_D_00000 65101
FabOnDisk: SD_2_New_MF_D_00000 74403
FabOnDisk: SD_2_New_MF_D_00000 83703
FabOnDisk: SD_2_New_MF_D_00000 93003
FabOnDisk: SD_2_New_MF_D_00000 102303
FabOnDisk: SD_2_New_MF_D_00000 111603
FabOnDisk: SD_2_New_MF_D_00000 120903
FabOnDisk: SD_2_New_MF_D_00000 130203
FabOnDisk: SD_2_New_MF_D_00000 139504
FabOnDisk: SD_2_New_MF_D_00000 148806
FabOnDisk: SD_2_New_MF_D_00000 158106
FabOnDisk: SD_2_New_MF_D_00000 167406
FabOnDisk: SD_2_New_MF_D_00000 176706
FabOnDisk: SD_2_New_MF_D_00000 186006
FabOnDisk: SD_2_New_MF_D_00000 195306
FabOnDisk: SD_2_New_MF_D_00000 204606
FabOnDisk: SD_2_New_MF_D_00000 213907
FabOnDisk: SD_2_New_MF_D_00000 223209
FabOnDisk: SD_2_New_MF_D_00000 232509
FabOnDisk: SD_2_New_MF_D_00000 241809
FabOnDisk: SD_2_New_MF_D_00000 251109
FabOnDisk: SD_2_New_MF_D_00000 260409
FabOnDisk: SD_2_New_MF_D_00000 269709
FabOnDisk: SD_2_New_MF_D_00000 279009
FabOnDisk: SD_2_New_MF_D_00000 288310
FabOnDisk: SD_2_New_MF_D_00000 297612
FabOnDisk: SD_2_New_MF_D_00000 306912
FabOnDisk: SD_2_New_MF_D_00000 316212
FabOnDisk: SD_2_New_MF_D_00000 325512
FabOnDisk: SD_2_New_MF_D_00000 334812
FabOnDisk: SD_2_New_MF_D_00000 344112
FabOnDisk: SD_2_New_MF_D_00000 353412
FabOnDisk: SD_2_New_MF_D_00000 362713
FabOnDisk: SD_2_New_MF_D_00000 372015
FabOnDisk: SD_2_New_MF_D_00000 381315
FabOnDisk: SD_2_New_MF_D_00000 390615
FabOnDisk: SD_2_New_MF_D_00000 399915
FabOnDisk: SD_2_New_MF_D_00000 409215
FabOnDisk: SD_2_New_MF_D_00000 418515
FabOnDisk: SD_2_New_MF_D_00000 427815
FabOnDisk: SD_2_New_MF_D_00000 437116
FabOnDisk: SD_2_New_MF_D_00000 446418
FabOnDisk: SD_2_New_MF_D_00000 455719
FabOnDisk: SD_2_New_MF_D_00000 465020
FabOnDisk: SD_2_New_MF_D_00000 474321
FabOnDisk: SD_2_New_MF_D_00000 483622
FabOnDisk: SD_2_New_MF_D_00000 492923
FabOnDisk: SD_2_New_MF_D_00000 502224
FabOnDisk: SD_2_New_MF_D_00000 511526
FabOnDisk: SD_2_New_MF_D_00000 520829
FabOnDisk: SD_2_New_MF_D_00000 530131
FabOnDisk: SD_2_New_MF_D_00000 539433
FabOnDisk: SD_2_New_MF_D_00000 548735
FabOnDisk: SD_2_New_MF_D_00000 558037
FabOnDisk: SD_2_New_MF_D_00000 567339
FabOnDisk: SD_2_New_MF_D_00000 576641
FabOnDisk: SD_2_New_MF_D_00000 585944

64,2
-5.6474107467900114e-01,5.9824974390991492e-03,
-5.9907939222236117e-01,-2.2842321774638014e-01,
-4.0559377091743265e-01,-2.6198104334240158e-01,
-1.2850277906670660e-01,-1.8499830702006886e-01,
-1.2133033764135437e-02,-4.7006145421756546e-02,
1.4203236722494052e-02,-2.2383202176085287e-03,
7.9894183801551191e-03,1.0667457064746475e-04,
-1.5353703084984693e-03,-3.1799678936004095e-05,
-1.9041283823409034e+00,2.1756917237891749e-01,
-1.9280642575557192e+00,-1.2747065582431116e+00,
-5.2730737701410368e-01,-1.2618629666391472e+00,
-5.1962435069355134e-02,-3.5285836831118900e-01,
2.8095989031607271e-02,-4.8518131228780424e-02,
8.2208456765938444e-03,1.2327185518683503e-03,
1.9493168323310903e-03,3.7267044844952997e-03,
-9.2859947577194572e-04,-3.7389817239633392e-05,
-9.4610443973530103e+00,5.9102514590186828e-01,
-1.1614599462235407e+01,-1.1587500179821300e+01,
-4.8285328704781266e-01,-7.7919553148115952e+00,
4.7337956333642683e-02,-3.3294678553584800e-01,
-2.0347827237872866e-02,2.8887456742304557e-02,
-2.0268349266041666e-02,1.8798125834287839e-02,
-1.2795407250204702e-02,6.7425753534633088e-03,
-7.3037040109883615e-03,-3.3296734207154940e-05,
-1.5908883621037399e+01,5.2280084736089083e-01,
-6.3465806361092677e+02,-4.2863809544531790e+02,
-3.9225370901279135e+01,-1.9605008409608825e+01,
-2.6549783712149395e+00,2.1247183121217341e-02,
-3.4469265893502887e-01,3.5944018104026518e-03,
-8.2364818307728183e-02,9.0449719802361420e-04,
-2.7495456966323766e-02,2.5526953669381691e-04,
-1.2352248765533402e-02,-1.3844763218517165e-05,
-1.5908883621034134e+01,-4.8232555898142287e+01,
-6.3465806361094258e+02,-5.2977576282854852e+02,
-3.9225370901280399e+01,-1.7694903550137550e+02,
-2.6549783712160324e+00,-2.2507991448334317e+00,
-3.4469265893512779e-01,-2.8701879429828198e-01,
-8.2364818307339049e-02,-6.7048109397742875e-02,
-2.7495456966773357e-02,-1.9907910429711462e-02,
-1.2352248765693588e-02,-5.9671344551474308e-03,
-9.4610443973577816e+00,-6.5586170884301129e+00,
-1.1614599462235466e+01,-2.8302601591523633e+00,
-4.8285328705246527e-01,-9.2170788600729570e-01,
4.7337956334121772e-02,-9.0439668464599265e-01,
-2.0347827236567324e-02,-2.6418153830810132e-01,
-2.0268349267969301e-02,-6.7591412736119294e-02,
-1.2795407252840715e-02,-2.1669501556722981e-02,
-7.3037040108732557e-03,-7.0626192375593238e-03,
-1.9041283823392250e+00,-1.9737805827469006e+00,
-1.9280642575550371e+00,-3.8509921219141352e-01,
-5.2730737701143082e-01,2.0994383673437453e-01,
-5.1962435066068263e-02,-1.1241778613649972e-02,
2.8095989031676465e-02,-3.6913296248734816e-02,
8.2208456791741068e-03,-3.3100939111980768e-02,
1.9493168332873742e-03,-1.7188110875221676e-02,
-9.2859947335566240e-04,-6.4976674667400394e-03,
-5.6474107467834533e-01,-5.1691994590553414e-01,
-5.9907939222008588e-01,-1.6839410622684903e-01,
-4.0559377091587651e-01,5.3791629270934921e-03,
-1.2850277906275054e-01,2.1179200755470917e-03,
-1.2133033763951903e-02,2.4833237893557430e-04,
1.4203236720479651e-02,-6.2092955029124305e-03,
7.9894183810303668e-03,-6.1264866319114784e-03,
-1.5353703064493237e-03,-3.2606972914503347e-03,

64,2
-1.3292086461617891e-02,5.1691994590393819e-01,
-3.3708783689693317e-01,1.6839410622671164e-01,
-7.6683564222659428e-02,-5.3791629271490032e-03,
2.9787694552990150e-02,-2.1179200752823729e-03,
3.3040413369959727e-02,-2.4833238014035060e-04,
2.5971615619298862e-02,6.2092955035069463e-03,
1.4083975187040141e-02,6.1264866328062315e-03,
9.3977423895625512e-03,3.2606972920950984e-03,
-2.5147158049676488e-02,1.9737805827446944e+00,
-4.4457504512245805e-01,3.8509921218969900e-01,
3.6243938243957158e-01,-2.0994383673470646e-01,
3.5178058546568702e-01,1.1241778613929276e-02,
1.3995118472453091e-01,3.6913296247005803e-02,
3.5355908675365519e-02,3.3100939111940744e-02,
1.3876298876660016e-02,1.7188110876830302e-02,
7.5204603472234528e-03,6.4976674672835794e-03,
-8.4964116734140283e-02,6.5586170884308226e+00,
3.5249653625996866e+00,2.8302601591537271e+00,
5.5501487540137573e+00,9.2170788600646270e-01,
1.1758209266083319e+00,9.0439668464774614e-01,
1.5533078729720115e-01,2.6418153830707508e-01,
3.2568193316493348e-02,6.7591412736526413e-02,
6.5971284619834557e-03,2.1669501556518742e-02,
1.2703255799801213e-03,7.0626192378635353e-03,
5.7025053785418095e+01,4.8232555898141094e+01,
1.0000000000000000e+40,1.0000000000000000e+40,
2.8750177821671502e+02,1.7694903550140259e+02,
1.1214064479142420e+00,2.2507991448328313e+00,
8.7758131821895208e-03,2.8701879429786731e-01,
-1.4839347310673556e-02,6.7048109398364100e-02,
-8.0753126430739303e-03,1.9907910428721191e-02,
1.1806490307876413e-03,5.9671344555202897e-03,
5.7025053785419303e+01,-5.2280084736040089e-01,
1.0000000000000000e+40,1.0000000000000000e+40,
2.8750177821669547e+02,1.9605008409606288e+01,
1.1214064479149861e+00,-2.1247183121827704e-02,
8.7758131840715708e-03,-3.5944018111110695e-03,
-1.4839347310633941e-02,-9.0449719830447677e-04,
-8.0753126421688505e-03,-2.5526953656730136e-04,
1.1806490306553894e-03,1.3844763662433242e-05,
-8.4964116728135364e-02,-5.9102514590347255e-01,
3.5249653626001614e+00,1.1587500179822603e+01,
5.5501487540102019e+00,7.7919553148104272e+00,
1.1758209266116915e+00,3.3294678553630630e-01,
1.5533078729512778e-01,-2.8887456741169493e-02,
3.2568193315594719e-02,-1.8798125834150879e-02,
6.5971284637056562e-03,-6.7425753528461479e-03,
1.2703255789249836e-03,3.3296734173644392e-05,
-2.5147158042659878e-02,-2.1756917237832837e-01,
-4.4457504511735346e-01,1.2747065582418795e+00,
3.6243938244097385e-01,1.2618629666378725e+00,
3.5178058546682783e-01,3.5285836831086248e-01,
1.3995118472951912e-01,4.8518131229405514e-02,
3.5355908674328480e-02,-1.2327185506853175e-03,
1.3876298875563896e-02,-3.7267044813288261e-03,
7.5204603424799017e-03,3.7389815665591226e-05,
-1.3292086452484225e-02,-5.9824974386092633e-03,
-3.3708783689824945e-01,2.2842321774475052e-01,
-7.6683564222593426e-02,2.6198104334409017e-01,
2.9787694553261940e-02,1.8499830701726425e-01,
3.3040413367572907e-02,4.7006145422552312e-02,
2.5971615617160104e-02,2.2383202188492619e-03,
1.4083975187100306e-02,-1.0667456898343261e-04,
9.3977423871706746e-03,3.1799679983939705e-05,

