1
1
4
2
(4 0
((248,224) (255,239) (0,0))
((224,240) (255,255) (0,0))
((0,248) (127,255) (0,0))
((128,248) (223,255) (0,0))
)
4
FabOnDisk: SD_0_New_MF_D_00000 0
FabOnDisk: SD_0_New_MF_D_00000 7768
FabOnDisk: SD_0_New_MF_D_00000 30896
FabOnDisk: SD_0_New_MF_D_00000 81671

4,4
-1.7160584376354338e-01,-6.2996225533736494e-01,9.9999990233234182e-01,0.0000000000000000e+00,
-7.9385344290376150e-02,-6.4323989352360411e-01,9.9659420077695537e-01,0.0000000000000000e+00,
-8.0809251016821571e-02,3.8820184471499407e-05,9.9999999999826894e-01,0.0000000000000000e+00,
3.7482565938656004e-01,-4.4256161030180097e-06,9.9999602769748897e-01,0.0000000000000000e+00,

4,4
4.0695177553033463e-04,-2.7110374601192221e-02,1.0000000003351464e+00,0.0000000000000000e+00,
9.5924971039930285e-01,2.8640862309321332e-02,1.0034270723401479e+00,0.0000000000000000e+00,
9.5216516645855731e-01,2.4046107654475529e-01,1.0000000000042291e+00,0.0000000000000000e+00,
9.5929539869553160e-01,6.3648331371146628e-03,1.0000404001317671e+00,0.0000000000000000e+00,

