1
1
2
1
(4 0
((248,224) (255,239) (0,0))
((224,240) (255,255) (0,0))
((0,248) (127,255) (0,0))
((128,248) (223,255) (0,0))
)
4
FabOnDisk: SD_2_New_MF_D_00000 0
FabOnDisk: SD_2_New_MF_D_00000 2968
FabOnDisk: SD_2_New_MF_D_00000 12848
FabOnDisk: SD_2_New_MF_D_00000 33735

4,2
-6.9066407764718241e-01,-4.6584053022742067e-01,
-6.9079064481242192e-01,-1.2190536228649185e-01,
-9.0687034649682374e-01,-4.0404142146847882e+01,
-5.7470452379308901e-01,-4.5486519592071062e-02,

4,2
2.7896328947679301e+00,2.2740721145855671e+00,
9.3888271148602627e+01,8.0290663118472253e+01,
5.4566287978253285e+01,2.0706734553060738e+01,
3.9875944510667560e-02,7.6335926408771115e-01,

