1
1
4
2
(2 0
((104,96) (127,127) (0,0))
((0,120) (103,127) (0,0))
)
2
FabOnDisk: SD_0_New_MF_D_00000 0
FabOnDisk: SD_0_New_MF_D_00000 32343

2,4
-3.2705520940919880e-01,-6.6631002469484368e-01,9.9807293931766283e-01,0.0000000000000000e+00,
-7.3238539703305142e-02,1.4249238149414363e-04,9.9999998653440159e-01,0.0000000000000000e+00,

2,4
9.4008073407533543e-01,1.1131591668848437e-01,1.0016953348553395e+00,0.0000000000000000e+00,
9.3988903482196207e-01,1.9915429529205025e-01,1.0001686304665900e+00,0.0000000000000000e+00,

