1
1
4
2
(3 0
((120,88) (127,95) (0,0))
((112,96) (127,111) (0,0))
((0,112) (127,127) (0,0))
)
3
FabOnDisk: SD_0_Old_MF_D_00000 0
FabOnDisk: SD_0_Old_MF_D_00000 4694
FabOnDisk: SD_0_Old_MF_D_00000 17581

3,4
-1.6574689605378609e-01,-5.2925204911207513e-01,9.9999999999868594e-01,0.0000000000000000e+00,
-1.5713516732286759e-01,-6.5844450719035041e-01,9.9993836264145319e-01,0.0000000000000000e+00,
-7.4745298178730657e-02,-6.6759187691403987e-01,9.9999998636100385e-01,0.0000000000000000e+00,

3,4
-1.1358873630242267e-03,-1.2280577030370915e-02,9.9999999999999833e-01,0.0000000000000000e+00,
8.5472046351305481e-02,-4.2372174336487912e-02,1.0002120638151364e+00,0.0000000000000000e+00,
9.4156493829189347e-01,1.9930644636135436e-01,1.0000000027695590e+00,0.0000000000000000e+00,

