1
1
4
2
(3 0
((120,88) (127,95) (0,0))
((112,96) (127,111) (0,0))
((0,112) (127,127) (0,0))
)
3
FabOnDisk: SD_0_New_MF_D_00000 0
FabOnDisk: SD_0_New_MF_D_00000 4694
FabOnDisk: SD_0_New_MF_D_00000 17581

3,4
-1.6545169708851362e-01,-5.3036784163459538e-01,9.9999999999891698e-01,0.0000000000000000e+00,
-1.5699788646609961e-01,-6.5845135209253103e-01,9.9993845870376785e-01,0.0000000000000000e+00,
-7.4768171726352556e-02,-6.6757426494117988e-01,9.9999998447806104e-01,0.0000000000000000e+00,

3,4
1.0130607153145915e-04,-1.4424875000007211e-02,1.0000000000000180e+00,0.0000000000000000e+00,
8.5634578385776539e-02,-4.2613960026731797e-02,1.0002149509132814e+00,0.0000000000000000e+00,
9.4155241305345638e-01,1.9929318793133871e-01,1.0000000027428249e+00,0.0000000000000000e+00,

