1
1
2
1
(3 0
((120,88) (127,95) (0,0))
((112,96) (127,111) (0,0))
((0,112) (127,127) (0,0))
)
3
FabOnDisk: SD_2_New_MF_D_00000 0
FabOnDisk: SD_2_New_MF_D_00000 1686
FabOnDisk: SD_2_New_MF_D_00000 6957

3,2
-1.3434330439097200e-01,-4.1156319077147940e-01,
-1.3538472240229310e-01,-3.2150343928693204e-01,
-2.4001563283115915e-01,-9.6029175111913077e+00,

3,2
8.3679194203124330e-01,-1.0846678498398576e-01,
7.9399385584455395e-01,8.7768946038982687e-01,
3.4847753281160358e+01,3.0110536900454576e+01,

