CheckPointVersion_1.0
2
1.1236302535829226
2
2
(0 (0,0)(0.015625,0.015625) 1)
(RealBox 0 1 0 1 )((0,0) (63,63) (0,0))P(0,0) (0 (0,0)(0.0078125,0.0078125) 1)
(RealBox 0 1 0 1 )((0,0) (127,127) (0,0))P(0,0) (0 (0,0)(0.00390625,0.00390625) 1)
(RealBox 0 1 0 1 )((0,0) (255,255) (0,0))P(0,0) 
(2,2) (2,2) 
0.0026866049925061016 0.0013433024962530508 0.0006716512481265254 
0.0029552654917567121 0.001477632745878356 0.00073881637293917802 
1 2 2 
200 400 800 
8 8 16 
0
(0 (0,0)(0.015625,0.015625) 1)
(RealBox 0 1 0 1 )((0,0) (63,63) (0,0))P(0,0)
(1 0
((0,0) (63,63) (0,0))
)3
((0,0) (63,63) (0,0))
(1 0
((0,0) (63,63) (0,0))
)1.1209436485904165
1.1209436485904165
1.1236302535829226
1.1236302535829226
2
Level_0/SD_0_New_MF
Level_0/SD_0_Old_MF
((0,0) (64,64) (1,1))
(1 0
((0,0) (64,64) (1,1))
)1.1182345910044962
1.1209436485904165
1.1209436485904165
1.1236302535829226
2
Level_0/SD_1_New_MF
Level_0/SD_1_Old_MF
((0,0) (63,63) (0,0))
(1 0
((0,0) (63,63) (0,0))
)1.1182345910044962
1.1209436485904165
1.1209436485904165
1.1236302535829226
2
Level_0/SD_2_New_MF
Level_0/SD_2_Old_MF
1
(0 (0,0)(0.0078125,0.0078125) 1)
(RealBox 0 1 0 1 )((0,0) (127,127) (0,0))P(0,0)
(5 0
((96,24) (127,63) (0,0))
((88,64) (127,127) (0,0))
((80,96) (87,111) (0,0))
((0,104) (47,127) (0,0))
((48,112) (87,127) (0,0))
)3
((0,0) (127,127) (0,0))
(5 0
((96,24) (127,63) (0,0))
((88,64) (127,127) (0,0))
((80,96) (87,111) (0,0))
((0,104) (47,127) (0,0))
((48,112) (87,127) (0,0))
)1.1222869510866695
1.1222869510866695
1.1236302535829226
1.1236302535829226
2
Level_1/SD_0_New_MF
Level_1/SD_0_Old_MF
((0,0) (128,128) (1,1))
(5 0
((96,24) (128,64) (1,1))
((88,64) (128,128) (1,1))
((80,96) (88,112) (1,1))
((0,104) (48,128) (1,1))
((48,112) (88,128) (1,1))
)1.1209436485904165
1.1222869510866695
1.1222869510866695
1.1236302535829226
2
Level_1/SD_1_New_MF
Level_1/SD_1_Old_MF
((0,0) (127,127) (0,0))
(5 0
((96,24) (127,63) (0,0))
((88,64) (127,127) (0,0))
((80,96) (87,111) (0,0))
((0,104) (47,127) (0,0))
((48,112) (87,127) (0,0))
)1.1209436485904165
1.1222869510866695
1.1222869510866695
1.1236302535829226
2
Level_1/SD_2_New_MF
Level_1/SD_2_Old_MF
2
(0 (0,0)(0.00390625,0.00390625) 1)
(RealBox 0 1 0 1 )((0,0) (255,255) (0,0))P(0,0)
(17 0
((240,72) (247,79) (0,0))
((200,96) (207,119) (0,0))
((224,136) (255,143) (0,0))
((240,144) (255,159) (0,0))
((240,200) (255,215) (0,0))
((168,208) (199,231) (0,0))
((232,208) (239,215) (0,0))
((224,216) (247,231) (0,0))
((248,224) (255,231) (0,0))
((8,224) (15,239) (0,0))
((184,232) (199,239) (0,0))
((224,232) (255,255) (0,0))
((16,240) (63,255) (0,0))
((200,240) (215,247) (0,0))
((0,248) (15,255) (0,0))
((64,248) (159,255) (0,0))
((160,248) (223,255) (0,0))
)3
((0,0) (255,255) (0,0))
(17 0
((240,72) (247,79) (0,0))
((200,96) (207,119) (0,0))
((224,136) (255,143) (0,0))
((240,144) (255,159) (0,0))
((240,200) (255,215) (0,0))
((168,208) (199,231) (0,0))
((232,208) (239,215) (0,0))
((224,216) (247,231) (0,0))
((248,224) (255,231) (0,0))
((8,224) (15,239) (0,0))
((184,232) (199,239) (0,0))
((224,232) (255,255) (0,0))
((16,240) (63,255) (0,0))
((200,240) (215,247) (0,0))
((0,248) (15,255) (0,0))
((64,248) (159,255) (0,0))
((160,248) (223,255) (0,0))
)1.1229586023347964
1.1229586023347964
1.1236302535829226
1.1236302535829226
2
Level_2/SD_0_New_MF
Level_2/SD_0_Old_MF
((0,0) (256,256) (1,1))
(17 0
((240,72) (248,80) (1,1))
((200,96) (208,120) (1,1))
((224,136) (256,144) (1,1))
((240,144) (256,160) (1,1))
((240,200) (256,216) (1,1))
((168,208) (200,232) (1,1))
((232,208) (240,216) (1,1))
((224,216) (248,232) (1,1))
((248,224) (256,232) (1,1))
((8,224) (16,240) (1,1))
((184,232) (200,240) (1,1))
((224,232) (256,256) (1,1))
((16,240) (64,256) (1,1))
((200,240) (216,248) (1,1))
((0,248) (16,256) (1,1))
((64,248) (160,256) (1,1))
((160,248) (224,256) (1,1))
)1.1222869510866698
1.1229586023347964
1.1229586023347964
1.1236302535829226
2
Level_2/SD_1_New_MF
Level_2/SD_1_Old_MF
((0,0) (255,255) (0,0))
(17 0
((240,72) (247,79) (0,0))
((200,96) (207,119) (0,0))
((224,136) (255,143) (0,0))
((240,144) (255,159) (0,0))
((240,200) (255,215) (0,0))
((168,208) (199,231) (0,0))
((232,208) (239,215) (0,0))
((224,216) (247,231) (0,0))
((248,224) (255,231) (0,0))
((8,224) (15,239) (0,0))
((184,232) (199,239) (0,0))
((224,232) (255,255) (0,0))
((16,240) (63,255) (0,0))
((200,240) (215,247) (0,0))
((0,248) (15,255) (0,0))
((64,248) (159,255) (0,0))
((160,248) (223,255) (0,0))
)1.1222869510866698
1.1229586023347964
1.1229586023347964
1.1236302535829226
2
Level_2/SD_2_New_MF
Level_2/SD_2_Old_MF
