1
1
9
0
(64 0
((0,0) (15,15) (0,0))
((16,0) (31,15) (0,0))
((32,0) (47,15) (0,0))
((48,0) (63,15) (0,0))
((64,0) (79,15) (0,0))
((80,0) (95,15) (0,0))
((96,0) (111,15) (0,0))
((112,0) (127,15) (0,0))
((0,16) (15,31) (0,0))
((16,16) (31,31) (0,0))
((32,16) (47,31) (0,0))
((48,16) (63,31) (0,0))
((64,16) (79,31) (0,0))
((80,16) (95,31) (0,0))
((96,16) (111,31) (0,0))
((112,16) (127,31) (0,0))
((0,32) (15,47) (0,0))
((16,32) (31,47) (0,0))
((32,32) (47,47) (0,0))
((48,32) (63,47) (0,0))
((64,32) (79,47) (0,0))
((80,32) (95,47) (0,0))
((96,32) (111,47) (0,0))
((112,32) (127,47) (0,0))
((0,48) (15,63) (0,0))
((16,48) (31,63) (0,0))
((32,48) (47,63) (0,0))
((48,48) (63,63) (0,0))
((64,48) (79,63) (0,0))
((80,48) (95,63) (0,0))
((96,48) (111,63) (0,0))
((112,48) (127,63) (0,0))
((0,64) (15,79) (0,0))
((16,64) (31,79) (0,0))
((32,64) (47,79) (0,0))
((48,64) (63,79) (0,0))
((64,64) (79,79) (0,0))
((80,64) (95,79) (0,0))
((96,64) (111,79) (0,0))
((112,64) (127,79) (0,0))
((0,80) (15,95) (0,0))
((16,80) (31,95) (0,0))
((32,80) (47,95) (0,0))
((48,80) (63,95) (0,0))
((64,80) (79,95) (0,0))
((80,80) (95,95) (0,0))
((96,80) (111,95) (0,0))
((112,80) (127,95) (0,0))
((0,96) (15,111) (0,0))
((16,96) (31,111) (0,0))
((32,96) (47,111) (0,0))
((48,96) (63,111) (0,0))
((64,96) (79,111) (0,0))
((80,96) (95,111) (0,0))
((96,96) (111,111) (0,0))
((112,96) (127,111) (0,0))
((0,112) (15,127) (0,0))
((16,112) (31,127) (0,0))
((32,112) (47,127) (0,0))
((48,112) (63,127) (0,0))
((64,112) (79,127) (0,0))
((80,112) (95,127) (0,0))
((96,112) (111,127) (0,0))
((112,112) (127,127) (0,0))
)
64
FabOnDisk: Cell_D_00000 0
FabOnDisk: Cell_D_00000 18514
FabOnDisk: Cell_D_00000 37029
FabOnDisk: Cell_D_00000 55544
FabOnDisk: Cell_D_00000 74059
FabOnDisk: Cell_D_00000 92574
FabOnDisk: Cell_D_00000 111089
FabOnDisk: Cell_D_00000 129605
FabOnDisk: Cell_D_00000 148122
FabOnDisk: Cell_D_00000 166637
FabOnDisk: Cell_D_00000 185153
FabOnDisk: Cell_D_00000 203669
FabOnDisk: Cell_D_00000 222185
FabOnDisk: Cell_D_00000 240701
FabOnDisk: Cell_D_00000 259217
FabOnDisk: Cell_D_00000 277734
FabOnDisk: Cell_D_00000 296252
FabOnDisk: Cell_D_00000 314767
FabOnDisk: Cell_D_00000 333283
FabOnDisk: Cell_D_00000 351799
FabOnDisk: Cell_D_00000 370315
FabOnDisk: Cell_D_00000 388831
FabOnDisk: Cell_D_00000 407347
FabOnDisk: Cell_D_00000 425864
FabOnDisk: Cell_D_00000 444382
FabOnDisk: Cell_D_00000 462897
FabOnDisk: Cell_D_00000 481413
FabOnDisk: Cell_D_00000 499929
FabOnDisk: Cell_D_00000 518445
FabOnDisk: Cell_D_00000 536961
FabOnDisk: Cell_D_00000 555477
FabOnDisk: Cell_D_00000 573994
FabOnDisk: Cell_D_00000 592512
FabOnDisk: Cell_D_00000 611027
FabOnDisk: Cell_D_00000 629543
FabOnDisk: Cell_D_00000 648059
FabOnDisk: Cell_D_00000 666575
FabOnDisk: Cell_D_00000 685091
FabOnDisk: Cell_D_00000 703607
FabOnDisk: Cell_D_00000 722124
FabOnDisk: Cell_D_00000 740642
FabOnDisk: Cell_D_00000 759157
FabOnDisk: Cell_D_00000 777673
FabOnDisk: Cell_D_00000 796189
FabOnDisk: Cell_D_00000 814705
FabOnDisk: Cell_D_00000 833221
FabOnDisk: Cell_D_00000 851737
FabOnDisk: Cell_D_00000 870254
FabOnDisk: Cell_D_00000 888772
FabOnDisk: Cell_D_00000 907288
FabOnDisk: Cell_D_00000 925805
FabOnDisk: Cell_D_00000 944322
FabOnDisk: Cell_D_00000 962839
FabOnDisk: Cell_D_00000 981356
FabOnDisk: Cell_D_00000 999873
FabOnDisk: Cell_D_00000 1018391
FabOnDisk: Cell_D_00000 1036910
FabOnDisk: Cell_D_00000 1055427
FabOnDisk: Cell_D_00000 1073945
FabOnDisk: Cell_D_00000 1092463
FabOnDisk: Cell_D_00000 1110981
FabOnDisk: Cell_D_00000 1129499
FabOnDisk: Cell_D_00000 1148017
FabOnDisk: Cell_D_00000 1166536

64,9
1.0000042438235230e+00,-3.7623320022206162e-03,9.9999999999999512e-01,-3.6250450504708215e-15,-6.1020340889762470e-01,3.8708979250563161e-03,1.0145181209946598e-02,-3.3815496633150767e-03,1.0000000000000000e+00,
1.0019352047598051e+00,-5.6587646310157797e-03,9.9999999999997824e-01,-6.6617305371714865e-14,-6.2723663733785706e-01,-4.0725081416805242e-01,1.2382964537823468e-02,-7.9918646138750285e-03,1.0000000000000000e+00,
1.0057720939595256e+00,-5.3971257310071602e-03,9.9999999999992717e-01,-1.0154160372055255e-13,-2.4266444683434099e-01,-4.2586586567004042e-01,6.2118221392799388e-06,-8.6047206021558926e-03,1.0000000000000000e+00,
1.0062161827163905e+00,1.6337107256108874e-05,9.9999999999990086e-01,-3.6723864722383236e-14,1.2454881172302945e-01,-2.2663974394757447e-01,2.6339405229808266e-06,-7.6541338289814473e-03,1.0000000000000000e+00,
1.0031912011332742e+00,7.0344468232056348e-05,9.9999999999990341e-01,-1.2799656004254603e-14,1.7551317772040465e-01,1.1124764281084977e-04,2.5900495646651034e-06,-4.6464770399400092e-03,1.0000000000000000e+00,
1.0014872530619809e+00,4.1915922786754827e-05,9.9999999999993372e-01,-3.9095565454618956e-15,8.9411364226491971e-02,1.8289185427581005e-03,1.3137737929231480e-06,-2.6178665225408829e-03,1.0000000000000000e+00,
1.0006651499610710e+00,2.2019762087241756e-05,9.9999999999992806e-01,8.0764558771479147e-16,4.7959641421565120e-02,8.5892535535768183e-04,8.1393538398999779e-06,-1.2735980828508997e-03,1.0000000000000000e+00,
1.0002642678358595e+00,1.1600452906841641e-05,9.9999999999987632e-01,3.6289693194073426e-15,2.2585503184011452e-02,1.6248718683227429e-05,4.8855052497823789e-06,-4.9311437707656790e-04,1.0000000000000000e+00,
1.0000090843515024e+00,-1.5050149698508840e-02,9.9999999999999367e-01,-4.2717744057119600e-15,-2.3547622091912870e+00,1.5447912693508431e-01,4.5323794955700725e-01,-2.6565601583448300e-03,1.0000000000000000e+00,
1.0039381979537829e+00,-1.5236741101665119e-02,9.9999999999996081e-01,-5.0018400627622560e-14,-2.4278928801849777e+00,-2.0731814367532189e+00,4.2987704692944717e-01,-1.8154251755687120e-02,1.0000000000000000e+00,
1.0096486881505091e+00,-1.1382378010001150e-02,9.9999999999999456e-01,-6.5710277125236729e-14,-3.1707496545280961e-01,-2.0464359845492162e+00,1.0181949464116435e-05,-1.8481729681486384e-02,1.0000000000000000e+00,
1.0048797509509897e+00,1.4406868970355613e-03,9.9999999999999833e-01,-1.2010220715230050e-14,2.9044629545083939e-01,-3.7092043826479276e-01,4.8072875333260434e-07,-1.0892400664267205e-02,1.0000000000000000e+00,
1.0011511257194952e+00,2.3717677933038929e-03,9.9999999999999956e-01,3.7587369582909807e-15,1.1813514456405463e-01,4.0879668173125813e-02,4.1943129084481834e-06,-4.5335787497657347e-03,1.0000000000000000e+00,
1.0002701368132190e+00,1.3169562193735091e-03,1.0000000000000018e+00,6.0891679469469835e-15,2.7459162874417027e-02,6.1553020039357489e-02,5.3691376191919438e-05,-2.1856913204743832e-03,1.0000000000000000e+00,
1.0000675181817540e+00,6.6882268830089557e-04,1.0000000000000007e+00,6.7835895241131976e-15,7.0898411148144682e-03,2.7158326208588129e-02,9.3834617098925016e-05,-9.7019733377364155e-04,1.0000000000000000e+00,
1.0000147537744637e+00,3.4790611768729989e-04,9.9999999999999811e-01,7.2045350328602765e-15,2.0172927293792184e-03,5.0038141686054450e-04,4.6091103801703184e-05,-3.5966902645615716e-04,1.0000000000000000e+00,
1.0000320496198065e+00,-6.6153708101456724e-02,9.9999999999999589e-01,-4.3999244560810549e-15,-1.0669722377807014e+01,6.0037309043799147e-01,1.8519579463529958e+00,5.4284501542623985e-04,1.0000000000000000e+00,
1.0147447924926991e+00,-7.1828420809026836e-02,9.9999999999996336e-01,-6.4802930962991816e-14,-1.4979225366391551e+01,-1.7174486261684777e+01,1.6230287842134095e+00,-8.3687250705311633e-02,1.0000000000000000e+00,
1.0101181918056736e+00,-1.1888452442381644e-02,9.9999999999998768e-01,-7.0381046314845659e-14,-1.9051117299870415e-01,-1.5272869385023856e+01,2.6634654437529548e-05,-8.0087535886851316e-02,1.0000000000000000e+00,
9.9504700669980606e-01,8.8116644039198909e-03,9.9999999999999223e-01,-1.5408775902319144e-14,-3.7265568663945550e-02,-3.1411930060069276e-01,1.5950435773570693e-05,-1.1694532860772683e-02,1.0000000000000000e+00,
9.9510425990755491e-01,4.5082730994420303e-03,9.9999999999999223e-01,3.3688071566855766e-15,-1.6724379419322960e-01,2.4277805074184355e-01,9.8520058124731968e-04,-2.9142160831973829e-03,1.0000000000000000e+00,
9.9715091566390435e-01,1.7598643839266295e-03,9.9999999999999567e-01,6.0978584161146868e-15,-1.4631180235258748e-01,1.0881868629059932e-01,5.2720166988512451e-04,-6.0227384361424461e-04,1.0000000000000000e+00,
9.9865519899617272e-01,7.6197758419524074e-04,9.9999999999999512e-01,6.7999443736558992e-15,-7.9137616865797469e-02,3.6578036757481863e-02,1.8941499788736188e-04,-1.1056931683864383e-04,1.0000000000000000e+00,
9.9939936896698489e-01,3.7383489861596622e-04,9.9999999999999512e-01,7.2112929790928343e-15,-4.3531883611940284e-02,6.0321967457377282e-04,3.0545994194599788e-05,-1.6769129099088148e-05,1.0000000000000000e+00,
8.2711106747703722e-01,-1.4262597139939776e-01,1.0000000000000000e+00,-1.3348802814466446e-13,-1.5746037297890343e+01,5.7696377947833377e-01,4.3114174356704482e-01,2.3102652106427403e-02,1.0000000000000000e+00,
-1.0778087267174070e+00,-6.3895940119901806e-01,0.0000000000000000e+00,-5.8358722193980789e-14,-5.7048394212504729e+02,-3.0677979518736521e+02,0.0000000000000000e+00,-1.0836095643584551e+00,0.0000000000000000e+00,
-9.7732155486398153e-01,5.1109801605209622e-03,9.9999999999978606e-01,-1.0535368402954470e-13,-4.5566641971332054e+01,-2.5576429347421382e+02,4.3776339575529732e-04,-8.5693072844519602e-01,1.0000000000000000e+00,
9.2279249226638294e-01,7.4414274779349330e-04,9.9999999999994471e-01,-5.9687471326428589e-14,-9.6200864811336668e+00,7.5208079779827491e-02,6.1636646217361202e-04,-3.4278320277500631e-03,1.0000000000000000e+00,
9.8369420888217340e-01,1.7956747419230320e-04,9.9999999999997946e-01,2.3815610372307166e-15,-1.3515010133252796e+00,1.4330622564042871e-02,3.1224361612220905e-05,2.3379939462322497e-03,1.0000000000000000e+00,
9.9450874055451866e-01,6.3847385528417960e-05,9.9999999999999456e-01,6.1133342151192729e-15,-3.7788510692312272e-01,4.1867045935740140e-03,2.8182231788124795e-05,1.0566693435740922e-03,1.0000000000000000e+00,
9.9780797204806160e-01,2.6603392600141988e-05,9.9999999999999489e-01,6.8010544092232997e-15,-1.4275751531723069e-01,1.3231948183188198e-03,7.0802716929999326e-06,4.0198441405509845e-04,1.0000000000000000e+00,
9.9908316479911174e-01,1.2874702684832185e-05,9.9999999999999512e-01,7.2140145801303512e-15,-6.8700796870178951e-02,2.1304738080765761e-05,9.7072479620378049e-07,6.9574209137597339e-06,1.0000000000000000e+00,
8.2711106747703100e-01,1.8008747957522705e-04,1.0000000000000000e+00,-1.3707564497850351e-13,-1.5746037297890339e+01,-4.8560233766453059e+01,4.3114174356600676e-01,2.3102652106430366e-02,1.0000000000000000e+00,
-1.0778087267175247e+00,-1.9632346006500886e-01,0.0000000000000000e+00,-6.2383668796467585e-14,-5.7048394212490848e+02,-5.0045080868914943e+02,0.0000000000000000e+00,-1.0836095643583650e+00,0.0000000000000000e+00,
-9.7732155486407779e-01,-5.9277297382851302e-01,9.9999999999986655e-01,-1.1082828722240632e-13,-4.5566641971336104e+01,-1.5176869038375429e+02,4.3776339391787822e-04,-8.5693072844513074e-01,1.0000000000000000e+00,
9.2279249226636706e-01,-5.3140413340603002e-02,9.9999999999997558e-01,-6.1205578020605198e-14,-9.6200864811338036e+00,-7.7983930998766793e+00,6.1636646201748690e-04,-3.4278320277509010e-03,1.0000000000000000e+00,
9.8369420888217363e-01,-1.2361978584506897e-02,9.9999999999999190e-01,2.3619492899932594e-15,-1.3515010133254322e+00,-1.0507649350607957e+00,3.1224363650390885e-05,2.3379939462325429e-03,1.0000000000000000e+00,
9.9450874055451899e-01,-4.0997690945094884e-03,9.9999999999999845e-01,6.1194306672203737e-15,-3.7788510692305055e-01,-2.9125577523792484e-01,2.8182232489191604e-05,1.0566693435743357e-03,1.0000000000000000e+00,
9.9780797204806193e-01,-1.5971392262945064e-03,9.9999999999999878e-01,6.8077143693926003e-15,-1.4275751531722114e-01,-9.8463604014132844e-02,7.0802705210451468e-06,4.0198441405506322e-04,1.0000000000000000e+00,
9.9908316479911152e-01,-6.9305238835825397e-04,9.9999999999999867e-01,7.2172936180306430e-15,-6.8700796869980221e-02,-3.2368936685351235e-02,9.7072409681612983e-07,6.9574209138319189e-06,1.0000000000000000e+00,
1.0000320496198061e+00,7.7536711352958797e-04,9.9999999999998823e-01,-5.3237921213152979e-15,-1.0669722377808391e+01,-7.7517526426044894e+00,1.8519579463529587e+00,5.4284501542992234e-04,1.0000000000000000e+00,
1.0147447924926967e+00,-3.2534870564764107e-05,9.9999999999965927e-01,-7.1732094818392616e-14,-1.4979225366387697e+01,-4.4361589364018856e+00,1.6230287842103093e+00,-8.3687250705305166e-02,1.0000000000000000e+00,
1.0101181918056796e+00,-5.5040312313189288e-02,1.0000000000000029e+00,-8.1985834891235252e-14,-1.9051117299836656e-01,-2.6984798015946523e+00,2.6634653954582532e-05,-8.0087535886846015e-02,1.0000000000000000e+00,
9.9504700669981117e-01,-4.0500005925326724e-02,9.9999999999999634e-01,-1.8121956316436520e-14,-3.7265568663916657e-02,-2.7455037273174097e+00,1.5950436453582295e-05,-1.1694532860771949e-02,1.0000000000000000e+00,
9.9510425990756013e-01,-1.2481135531413515e-02,9.9999999999999678e-01,3.2242184586186324e-15,-1.6724379419226260e-01,-1.0063182969995368e+00,9.8520058142773093e-04,-2.9142160831974332e-03,1.0000000000000000e+00,
9.9715091566390657e-01,-4.6763886001905475e-03,1.0000000000000013e+00,6.1210925095313730e-15,-1.4631180235292940e-01,-3.0416487218743832e-01,5.2720167018488473e-04,-6.0227384361373731e-04,1.0000000000000000e+00,
9.9865519899617372e-01,-2.0380984696698381e-03,1.0000000000000007e+00,6.8138727278000893e-15,-7.9137616865936636e-02,-1.1553088372806122e-01,1.8941499714238488e-04,-1.1056931683895118e-04,1.0000000000000000e+00,
9.9939936896698600e-01,-9.4487426676844225e-04,9.9999999999999967e-01,7.2202066909237029e-15,-4.3531883610845083e-02,-4.1275804211976484e-02,3.0545994077202376e-05,-1.6769129099656527e-05,1.0000000000000000e+00,
1.0000090843515019e+00,1.8968490527295094e-04,9.9999999999997036e-01,-5.3102523877487868e-15,-2.3547622091907239e+00,-2.2864451133562036e+00,4.5323794955797719e-01,-2.6565601583403179e-03,1.0000000000000000e+00,
1.0039381979537809e+00,3.6952294471947148e-03,9.9999999999972733e-01,-6.3328671116407735e-14,-2.4278928801851927e+00,-3.2278622278104235e-01,4.2987704692840528e-01,-1.8154251755683262e-02,1.0000000000000000e+00,
1.0096486881505113e+00,-8.9347066845711885e-03,9.9999999999999301e-01,-8.4625194270334033e-14,-3.1707496545322600e-01,2.6635217385608939e-01,1.0181948856269329e-05,-1.8481729681482213e-02,1.0000000000000000e+00,
1.0048797509509944e+00,-1.0137374432760726e-02,9.9999999999999734e-01,-1.5481737085216463e-14,2.9044629544895817e-01,-3.2106374218086259e-01,4.8072832173340352e-07,-1.0892400664266215e-02,1.0000000000000000e+00,
1.0011511257194958e+00,-8.1163758346849881e-03,9.9999999999999845e-01,3.4397990952155730e-15,1.1813514456454789e-01,-3.2650906075706498e-01,4.1943163553437302e-06,-4.5335787497652290e-03,1.0000000000000000e+00,
1.0002701368132190e+00,-4.2136446766013400e-03,9.9999999999999989e-01,6.1269205723467133e-15,2.7459162874238989e-02,-2.2335541768603862e-01,5.3691377158160414e-05,-2.1856913204758499e-03,1.0000000000000000e+00,
1.0000675181817533e+00,-1.9884397263412561e-03,1.0000000000000018e+00,6.8174877271884633e-15,7.0898411142976394e-03,-1.0644116258080406e-01,9.3834618380798929e-05,-9.7019733377398361e-04,1.0000000000000000e+00,
1.0000147537744628e+00,-9.3882521659879111e-04,1.0000000000000000e+00,7.2234527670321441e-15,2.0172927297802635e-03,-4.0198542267286509e-02,4.6091102257452346e-05,-3.5966902645646003e-04,1.0000000000000000e+00,
1.0000042438235228e+00,4.2409678413566994e-06,9.9999999999988542e-01,-5.1502605345791980e-15,-6.1020340889725555e-01,-5.5162819697257603e-01,1.0145181211207537e-02,-3.3815496633112919e-03,1.0000000000000000e+00,
1.0019352047598145e+00,9.6796344130742172e-05,9.9999999999937983e-01,-6.4814145084333063e-14,-6.2723663733753154e-01,-9.7022416487249893e-02,1.2382964544240383e-02,-7.9918646138715070e-03,1.0000000000000000e+00,
1.0057720939595092e+00,-9.7071713569356300e-04,9.9999999999940192e-01,-8.9583802199871547e-14,-2.4266444683456972e-01,7.5588166371646408e-03,6.2118202385813732e-06,-8.6047206021529991e-03,1.0000000000000000e+00,
1.0062161827163834e+00,-2.9648410428996064e-03,9.9999999999991529e-01,-1.7166043106845571e-14,1.2454881173207337e-01,-2.4184299710924895e-02,2.6339468285271894e-06,-7.6541338289793110e-03,1.0000000000000000e+00,
1.0031912011332746e+00,-2.9610559168947079e-03,9.9999999999997113e-01,2.1077761313033832e-15,1.7551317772282388e-01,-8.4643785210781530e-02,2.5900492294297917e-06,-4.6464770399406398e-03,1.0000000000000000e+00,
1.0014872530619803e+00,-2.1569403155740734e-03,9.9999999999994704e-01,5.3405787742680183e-15,8.9411364226459317e-02,-8.3881371623495793e-02,1.3137739485712119e-06,-2.6178665225411084e-03,1.0000000000000000e+00,
1.0006651499610697e+00,-1.1954214800107487e-03,9.9999999999993938e-01,6.3462443055499721e-15,4.7959641421359320e-02,-5.5580002883839554e-02,8.1393546104858300e-06,-1.2735980828512384e-03,1.0000000000000000e+00,
1.0002642678358589e+00,-6.0831681012670478e-04,9.9999999999994171e-01,6.9484693246075046e-15,2.2585503183263696e-02,-2.3910107558071901e-02,4.8855097323403669e-06,-4.9311437707570270e-04,1.0000000000000000e+00,

64,9
1.0033114049474097e+00,-4.2409678412541500e-06,1.0000000000000386e+00,2.1513336250668407e-14,-1.3450773362450822e-02,5.5162819697200016e-01,5.4503874415723452e-01,7.2943777748582311e-04,1.0000000000000000e+00,
1.0087413415342439e+00,-9.6796344131997380e-05,1.0000000000000533e+00,8.0332145347396706e-14,-1.9387880043479577e-01,9.7022416487355628e-02,2.1362176219104896e+00,-3.1337288707944393e-03,1.0000000000000000e+00,
1.0107141214799620e+00,9.7071713569358122e-04,1.0000000000000302e+00,5.8744675526485082e-14,2.5118701748248651e-01,-7.5588166361948003e-03,2.5040601990390998e-01,-6.4133869639919384e-03,1.0000000000000000e+00,
1.0099785323669526e+00,2.9648410429016945e-03,1.0000000000000322e+00,2.1012228967486728e-14,3.2444061729842633e-01,2.4184299710870230e-02,2.6823486257879919e-03,-4.7422527064230257e-03,1.0000000000000000e+00,
1.0061204703041804e+00,2.9610559168967480e-03,1.0000000000000309e+00,1.2452444774810010e-14,2.9290310966946653e-01,8.4643785210928676e-02,2.2926240977074602e-03,-2.3488615403216293e-03,1.0000000000000000e+00,
1.0035212276631595e+00,2.1569403155748588e-03,1.0000000000000218e+00,1.1071322840532966e-14,1.7161398164909758e-01,8.3881371623616183e-02,3.6401856040368182e-04,-1.0607737997510574e-03,1.0000000000000000e+00,
1.0017902352453973e+00,1.1954214800107481e-03,1.0000000000000238e+00,9.7646984811389422e-15,1.0131780324820695e-01,5.5580002884009133e-02,3.0115961772950606e-04,-4.0456135992943668e-04,1.0000000000000000e+00,
1.0008354967409125e+00,6.0831681012700977e-04,1.0000000000000426e+00,8.9913720943890300e-15,6.0014348264164533e-02,2.3910107557940801e-02,4.5081639030000991e-03,-7.0579697450035777e-06,1.0000000000000000e+00,
1.0122103145256227e+00,-1.8968490527286261e-04,1.0000000000000053e+00,2.3529764649480120e-14,-2.8818627699077077e-02,2.2864451133557084e+00,2.2554164307492011e+00,1.3130109822495410e-02,1.0000000000000000e+00,
1.0266031218501248e+00,-3.6952294471993461e-03,1.0000000000000715e+00,7.7170152427535031e-14,-2.9447520558646334e-01,3.2278622278122215e-01,5.6486970256107796e+00,-1.3008875827453042e-03,1.0000000000000000e+00,
1.0270941098044295e+00,8.9347066845718946e-03,1.0000000000000062e+00,4.6710565698863062e-14,1.1370439169253064e+00,-2.6635217385575349e-01,7.8469064474187133e-01,-7.9770691832065505e-03,1.0000000000000000e+00,
1.0157411014661573e+00,1.0137374432761517e-02,1.0000000000000053e+00,1.0510554951549544e-14,1.1062240839022790e+00,3.2106374218139572e-01,1.2401278264694005e-02,-3.4118472790852566e-03,1.0000000000000000e+00,
1.0061024514847723e+00,8.1163758346851425e-03,1.0000000000000075e+00,6.1643818601729229e-15,4.3566723765355331e-01,3.2650906075690755e-01,1.9433676755456486e-03,-8.1546860829705375e-04,1.0000000000000000e+00,
1.0029766223120040e+00,4.2136446766018161e-03,1.0000000000000075e+00,6.7998656789901655e-15,1.6937164715559175e-01,2.2335541768585751e-01,1.1188234285544607e-03,-1.9416887823107539e-04,1.0000000000000000e+00,
1.0013658258821381e+00,1.9884397263412517e-03,1.0000000000000071e+00,7.2145217838567347e-15,8.3394216716173072e-02,1.0644116258069682e-01,4.7333911934940853e-04,-4.6296404481256220e-05,1.0000000000000000e+00,
1.0006046806981714e+00,9.3882521659764304e-04,1.0000000000000064e+00,7.3628253846457224e-15,4.4697357122703105e-02,4.0198542267293760e-02,6.7663894478847686e-03,-6.3040397793100574e-07,1.0000000000000000e+00,
1.0369594515430616e+00,-7.7536711352950373e-04,1.0000000000000231e+00,2.8057156654114094e-14,-1.0163980659366051e-01,7.7517526426041865e+00,6.9014608241411795e+00,5.7426576283527181e-02,1.0000000000000000e+00,
1.1227144864205296e+00,3.2534870565649168e-05,1.0000000000000719e+00,9.0926526754185323e-14,2.7478582580676334e+00,4.4361589364024496e+00,1.3177660478814493e+01,1.2256969699220747e-02,1.0000000000000000e+00,
1.1122094229509072e+00,5.5040312313193250e-02,1.0000000000000200e+00,6.0054315525920369e-14,1.0158880659400525e+01,2.6984798015950986e+00,3.9605880484776561e+00,-7.4917777062241597e-03,1.0000000000000000e+00,
1.0170922396334643e+00,4.0500005925327522e-02,1.0000000000000109e+00,1.4970089173319700e-14,3.1863638569149324e+00,2.7455037273177361e+00,2.5296935648722041e-02,3.5786701258952074e-03,1.0000000000000000e+00,
1.0041864366560964e+00,1.2481135531412217e-02,1.0000000000000047e+00,6.1506572090585846e-15,4.3717551898800017e-01,1.0063182969996287e+00,1.1367914668909684e-02,3.5351628401171331e-03,1.0000000000000000e+00,
1.0008548921003555e+00,4.6763886001905440e-03,1.0000000000000036e+00,6.7713413722110839e-15,9.8478259081324598e-02,3.0416487218744342e-01,2.9613287774232777e-03,2.0476711084977612e-03,1.0000000000000000e+00,
1.0001518759094037e+00,2.0380984696699053e-03,1.0000000000000013e+00,7.2012731627347250e-15,1.9497133690148404e-02,1.1553088372784782e-01,6.6634461620227597e-04,9.3932037631679261e-04,1.0000000000000000e+00,
1.0000192164257080e+00,9.4487426676790199e-04,1.0000000000000007e+00,7.3596632502821412e-15,3.4632226070371902e-03,4.1275804212005905e-02,6.7831150590600721e-03,3.5195810898285787e-04,1.0000000000000000e+00,
1.0375165772420893e+00,-1.8008747957560671e-04,1.0000000000000977e+00,8.4291608737231512e-14,5.8470593904191070e+01,4.8560233766453258e+01,7.7274154573909692e+00,2.7758762131529313e-01,1.0000000000000000e+00,
1.5407151258584675e+00,1.9632346006500584e-01,1.0000000000004738e+00,1.2499698390317522e-13,2.4284734969854327e+02,5.0045080868987208e+02,2.4581876559836487e+03,5.1800479726375137e-01,1.0000000000000000e+00,
1.4693390696609285e+00,5.9277297382855398e-01,1.0000000000001115e+00,1.0253994019477627e-13,4.0697194228419414e+02,1.5176869038371387e+02,1.0981556477381455e+03,2.1268155851727250e-01,1.0000000000000000e+00,
1.0042851648812821e+00,5.3140413340602523e-02,1.0000000000000770e+00,4.7378712880549445e-14,3.1586922886953861e+00,7.7983930998763134e+00,5.6110010353661437e+00,4.9927448535556279e-02,1.0000000000000000e+00,
9.9674355494921452e-01,1.2361978584505127e-02,9.9999999999999822e-01,6.3038149245086391e-15,-1.5491364966094312e-01,1.0507649350606525e+00,8.8399629371503641e-02,1.1292412146112769e-02,1.0000000000000000e+00,
9.9849268807734670e-01,4.0997690945084138e-03,9.9999999999999900e-01,6.7747423197361139e-15,-8.9401867398907847e-02,2.9125577523812857e-01,2.8643684347740006e-03,3.9025838252359432e-03,1.0000000000000000e+00,
9.9933049669006802e-01,1.5971392262937843e-03,9.9999999999999867e-01,7.2034661841238266e-15,-4.7718105857291269e-02,9.8463604013996398e-02,6.2875366826538326e-04,1.5305203480717308e-03,1.0000000000000000e+00,
9.9973516430971809e-01,6.9305238835727070e-04,1.0000000000000009e+00,7.3642239389139654e-15,-2.2263746924031151e-02,3.2368936685321863e-02,4.8428459138383662e-03,5.4192221285987384e-04,1.0000000000000000e+00,
1.0375165772420860e+00,1.4262597139939476e-01,1.0000000000001052e+00,8.9512648059877539e-14,5.8470593904193393e+01,-5.7696377947703681e-01,7.7274154573906264e+00,2.7758762131529474e-01,1.0000000000000000e+00,
1.5407151258584915e+00,6.3895940119901629e-01,1.0000000000002194e+00,1.3205115716239038e-13,2.4284734969851203e+02,3.0677979518732809e+02,2.4581876559836210e+03,5.1800479726374749e-01,1.0000000000000000e+00,
1.4693390696609325e+00,-5.1109801605248627e-03,1.0000000000001517e+00,1.0572071109332869e-13,4.0697194228418249e+02,2.5576429347418224e+02,1.0981556477380780e+03,2.1268155851727755e-01,1.0000000000000000e+00,
1.0042851648812892e+00,-7.4414274779572892e-04,1.0000000000000786e+00,4.7112416479024041e-14,3.1586922886951441e+00,-7.5208079780094778e-02,5.6110010353375221e+00,4.9927448535556404e-02,1.0000000000000000e+00,
9.9674355494921696e-01,-1.7956747419413713e-04,1.0000000000000109e+00,6.3066731735031291e-15,-1.5491364966055560e-01,-1.4330622564057139e-02,8.8399629371985547e-02,1.1292412146112627e-02,1.0000000000000000e+00,
9.9849268807734837e-01,-6.3847385530320166e-05,1.0000000000000069e+00,6.7792469766036055e-15,-8.9401867398592710e-02,-4.1867045935767080e-03,2.8643684356718935e-03,3.9025838252360013e-03,1.0000000000000000e+00,
9.9933049669006890e-01,-2.6603392601713698e-05,1.0000000000000033e+00,7.2069322294234943e-15,-4.7718105857731022e-02,-1.3231948181929669e-03,6.2875366893273138e-04,1.5305203480717904e-03,1.0000000000000000e+00,
9.9973516430971854e-01,-1.2874702686222776e-05,1.0000000000000013e+00,7.3671452617802956e-15,-2.2263746924262140e-02,-2.1304738216995001e-05,4.8428459135747316e-03,5.4192221285996535e-04,1.0000000000000000e+00,
1.0369594515430576e+00,6.6153708101452074e-02,1.0000000000000666e+00,3.0657376896756274e-14,-1.0163980658678268e-01,-6.0037309043815390e-01,6.9014608241409539e+00,5.7426576283534446e-02,1.0000000000000000e+00,
1.1227144864205272e+00,7.1828420809037966e-02,1.0000000000000833e+00,9.9374682539559452e-14,2.7478582580672790e+00,1.7174486261684535e+01,1.3177660478814310e+01,1.2256969699223741e-02,1.0000000000000000e+00,
1.1122094229509054e+00,1.1888452442381041e-02,1.0000000000000433e+00,6.5017777880966878e-14,1.0158880659399822e+01,1.5272869385023540e+01,3.9605880484758993e+00,-7.4917777062248926e-03,1.0000000000000000e+00,
1.0170922396334678e+00,-8.8116644039199360e-03,1.0000000000000113e+00,1.5567531992265275e-14,3.1863638569146087e+00,3.1411930060054993e-01,2.5296935648216889e-02,3.5786701258946393e-03,1.0000000000000000e+00,
1.0041864366560984e+00,-4.5082730994431821e-03,1.0000000000000053e+00,6.2062152436856388e-15,4.3717551898874502e-01,-2.4277805074202632e-01,1.1367914668992951e-02,3.5351628401169332e-03,1.0000000000000000e+00,
1.0008548921003566e+00,-1.7598643839273303e-03,1.0000000000000051e+00,6.7870332023254637e-15,9.8478259081479322e-02,-1.0881868629077052e-01,2.9613287777202624e-03,2.0476711084980786e-03,1.0000000000000000e+00,
1.0001518759094050e+00,-7.6197758419626748e-04,1.0000000000000040e+00,7.2104134540706151e-15,1.9497133690392448e-02,-3.6578036757273544e-02,6.6634461594952676e-04,9.3932037631686992e-04,1.0000000000000000e+00,
1.0000192164257076e+00,-3.7383489861691333e-04,1.0000000000000020e+00,7.3677201510370536e-15,3.4632226070706613e-03,-6.0321967433096932e-04,6.7831150591943397e-03,3.5195810898289880e-04,1.0000000000000000e+00,
1.0122103145256205e+00,1.5050149698508665e-02,1.0000000000000324e+00,2.8376111284852470e-14,-2.8818627698268068e-02,-1.5447912693438495e-01,2.2554164307492681e+00,1.3130109822502730e-02,1.0000000000000000e+00,
1.0266031218501268e+00,1.5236741101666238e-02,1.0000000000000391e+00,9.7078876326138551e-14,-2.9447520558605922e-01,2.0731814367531474e+00,5.6486970256085263e+00,-1.3008875827411736e-03,1.0000000000000000e+00,
1.0270941098044306e+00,1.1382378010000301e-02,1.0000000000000133e+00,5.6785995047162957e-14,1.1370439169256481e+00,2.0464359845487801e+00,7.8469064474319805e-01,-7.9770691832042537e-03,1.0000000000000000e+00,
1.0157411014661593e+00,-1.4406868970339238e-03,1.0000000000000082e+00,1.1791211884653206e-14,1.1062240839004085e+00,3.7092043826470189e-01,1.2401278266940818e-02,-3.4118472790849765e-03,1.0000000000000000e+00,
1.0061024514847754e+00,-2.3717677933028092e-03,1.0000000000000078e+00,6.1968389648217783e-15,4.3566723765362825e-01,-4.0879668173204403e-02,1.9433676756899776e-03,-8.1546860829690804e-04,1.0000000000000000e+00,
1.0029766223120034e+00,-1.3169562193728207e-03,1.0000000000000056e+00,6.7900867294400252e-15,1.6937164715495728e-01,-6.1553020039241367e-02,1.1188234280097575e-03,-1.9416887823165590e-04,1.0000000000000000e+00,
1.0013658258821383e+00,-6.6882268830029243e-04,1.0000000000000058e+00,7.2159459870610364e-15,8.3394216715922037e-02,-2.7158326208474706e-02,4.7333912005509404e-04,-4.6296404481721248e-05,1.0000000000000000e+00,
1.0006046806981708e+00,-3.4790611768756053e-04,1.0000000000000042e+00,7.3719034623681185e-15,4.4697357122983956e-02,-5.0038141687985035e-04,6.7663894482996277e-03,-6.3040397805633241e-07,1.0000000000000000e+00,
1.0033114049474088e+00,3.7623320022232751e-03,1.0000000000003402e+00,2.8610546722233291e-14,-1.3450773362133368e-02,-3.8708979259793625e-03,5.4503874415786013e-01,7.2943777748941604e-04,1.0000000000000000e+00,
1.0087413415342457e+00,5.6587646310108505e-03,1.0000000000003648e+00,1.0449053455016885e-13,-1.9387880044999831e-01,4.0725081416792391e-01,2.1362176219110194e+00,-3.1337288707900344e-03,1.0000000000000000e+00,
1.0107141214799649e+00,5.3971257310031591e-03,1.0000000000001052e+00,6.3187602433202028e-14,2.5118701748314159e-01,4.2586586566974266e-01,2.5040601990492173e-01,-6.4133869639890441e-03,1.0000000000000000e+00,
1.0099785323669586e+00,-1.6337107255777078e-05,1.0000000000000442e+00,1.5562627288529015e-14,3.2444061729829909e-01,2.2663974394734457e-01,2.6823486244893779e-03,-4.7422527064225183e-03,1.0000000000000000e+00,
1.0061204703041853e+00,-7.0344468231640854e-05,1.0000000000000355e+00,8.1743366571707914e-15,2.9290310966850325e-01,-1.1124764297019496e-04,2.2926240964279282e-03,-2.3488615403226840e-03,1.0000000000000000e+00,
1.0035212276631602e+00,-4.1915922787700366e-05,1.0000000000000091e+00,7.7882958257686889e-15,1.7161398164855315e-01,-1.8289185420765060e-03,3.6401855932288404e-04,-1.0607737997513260e-03,1.0000000000000000e+00,
1.0017902352453991e+00,-2.2019762087486382e-05,1.0000000000000089e+00,7.8039091956084354e-15,1.0131780324333216e-01,-8.5892535540471105e-04,3.0115962015285513e-04,-4.0456135992959097e-04,1.0000000000000000e+00,
1.0008354967409121e+00,-1.1600452905738059e-05,1.0000000000000060e+00,7.8016085445818237e-15,6.0014348262412379e-02,-1.6248720069201732e-05,4.5081639035300138e-03,-7.0579697447699050e-06,1.0000000000000000e+00,

