1
1
1
1
(9 0
((216,72) (240,88) (1,1))
((224,136) (240,144) (1,1))
((200,200) (224,216) (1,1))
((200,216) (208,224) (1,1))
((248,208) (256,240) (1,1))
((8,232) (16,240) (1,1))
((184,240) (256,256) (1,1))
((0,248) (96,256) (1,1))
((96,248) (176,256) (1,1))
)
9
FabOnDisk: SD_1_Old_MF_D_00000 0
FabOnDisk: SD_1_Old_MF_D_00000 4190
FabOnDisk: SD_1_Old_MF_D_00000 5950
FabOnDisk: SD_1_Old_MF_D_00000 10142
FabOnDisk: SD_1_Old_MF_D_00000 11198
FabOnDisk: SD_1_Old_MF_D_00000 14366
FabOnDisk: SD_1_Old_MF_D_00000 15419
FabOnDisk: SD_1_Old_MF_D_00000 26907
FabOnDisk: SD_1_Old_MF_D_00000 35705

9,1
-5.8085450612793110e-01,
-7.0996160267531905e-01,
-2.7063132852041933e+00,
-1.9243432609300786e+00,
-7.0354722063626776e+00,
2.2319186346640882e+00,
-7.2111869970669273e+00,
5.8356413539054608e-01,
-1.8579606010948171e+00,

9,1
1.5777195874376977e+00,
-4.5808684039906344e-03,
-1.3090540044860286e+00,
-1.1801236263350641e+00,
-3.2933312377582320e+00,
2.6126266009162369e+00,
2.1754068321837741e+00,
3.1993197020790420e+00,
5.9634327917122676e-01,

