1
1
1
1
(9 0
((216,72) (240,88) (1,1))
((224,136) (240,144) (1,1))
((200,200) (224,216) (1,1))
((200,216) (208,224) (1,1))
((248,208) (256,240) (1,1))
((8,232) (16,240) (1,1))
((184,240) (256,256) (1,1))
((0,248) (96,256) (1,1))
((96,248) (176,256) (1,1))
)
9
FabOnDisk: SD_1_New_MF_D_00000 0
FabOnDisk: SD_1_New_MF_D_00000 4190
FabOnDisk: SD_1_New_MF_D_00000 5950
FabOnDisk: SD_1_New_MF_D_00000 10142
FabOnDisk: SD_1_New_MF_D_00000 11198
FabOnDisk: SD_1_New_MF_D_00000 14366
FabOnDisk: SD_1_New_MF_D_00000 15419
FabOnDisk: SD_1_New_MF_D_00000 26907
FabOnDisk: SD_1_New_MF_D_00000 35705

9,1
-7.3770843043512102e-01,
-7.9318497307957847e-01,
-8.5660413099102217e-02,
-8.2647451788552928e-02,
1.3779610731147260e+00,
-1.3312223530676035e+00,
-2.0959005835907760e+00,
-2.4258485956021856e+00,
-9.2442959633451993e-01,

9,1
4.0339947881372751e-01,
2.3851543324024371e-01,
3.9052134755443635e-01,
6.0627853149251165e-01,
3.1981657218514057e+00,
-5.7047114254432385e-01,
4.0389360942749706e+00,
-1.3849907797747807e-01,
8.6579558166353610e-01,

