1
1
2
1
(9 0
((216,72) (239,87) (0,0))
((224,136) (239,143) (0,0))
((200,200) (223,215) (0,0))
((200,216) (207,223) (0,0))
((248,208) (255,239) (0,0))
((8,232) (15,239) (0,0))
((184,240) (255,255) (0,0))
((0,248) (95,255) (0,0))
((96,248) (175,255) (0,0))
)
9
FabOnDisk: SD_2_New_MF_D_00000 0
FabOnDisk: SD_2_New_MF_D_00000 7574
FabOnDisk: SD_2_New_MF_D_00000 10542
FabOnDisk: SD_2_New_MF_D_00000 18118
FabOnDisk: SD_2_New_MF_D_00000 19806
FabOnDisk: SD_2_New_MF_D_00000 25334
FabOnDisk: SD_2_New_MF_D_00000 27019
FabOnDisk: SD_2_New_MF_D_00000 48419
FabOnDisk: SD_2_New_MF_D_00000 64185

9,2
-2.7914150198714111e+01,-2.5736817830188983e+01,
-1.6205634905257270e+01,-9.9609618138822498e+01,
-1.3078073800736036e+01,-2.8704487410472026e+01,
-8.6004612918178225e-01,-4.3891260052392767e+00,
-5.0578832682260099e+01,3.1038805753303222e-01,
-1.5812944746444259e+01,-3.4533959545682308e+01,
-2.0823123044894714e+01,-3.4870506859894604e+01,
-6.8555478221128396e+00,-4.3392173188881372e+01,
-2.0149438177817984e+01,-2.1619612496925640e+01,

9,2
1.9094893772988655e+01,2.8921791654376534e+00,
3.0624206153523403e+01,4.4736252724931092e+00,
1.8114718807934310e+01,1.4323970884161653e+01,
2.1209252044496836e+01,1.5745005326526154e+01,
1.9708266342532625e+01,5.5792360500303346e+01,
2.3105917058953366e+01,3.1234374858129001e+01,
1.0598675953939920e+02,8.2781973840312617e+01,
5.9269445777556371e+01,2.3950523964697425e+01,
5.0132383538766874e+01,6.1413562747839137e+01,

