1
1
1
1
(64 0
((0,0) (16,16) (1,1))
((16,0) (32,16) (1,1))
((32,0) (48,16) (1,1))
((48,0) (64,16) (1,1))
((64,0) (80,16) (1,1))
((80,0) (96,16) (1,1))
((96,0) (112,16) (1,1))
((112,0) (128,16) (1,1))
((0,16) (16,32) (1,1))
((16,16) (32,32) (1,1))
((32,16) (48,32) (1,1))
((48,16) (64,32) (1,1))
((64,16) (80,32) (1,1))
((80,16) (96,32) (1,1))
((96,16) (112,32) (1,1))
((112,16) (128,32) (1,1))
((0,32) (16,48) (1,1))
((16,32) (32,48) (1,1))
((32,32) (48,48) (1,1))
((48,32) (64,48) (1,1))
((64,32) (80,48) (1,1))
((80,32) (96,48) (1,1))
((96,32) (112,48) (1,1))
((112,32) (128,48) (1,1))
((0,48) (16,64) (1,1))
((16,48) (32,64) (1,1))
((32,48) (48,64) (1,1))
((48,48) (64,64) (1,1))
((64,48) (80,64) (1,1))
((80,48) (96,64) (1,1))
((96,48) (112,64) (1,1))
((112,48) (128,64) (1,1))
((0,64) (16,80) (1,1))
((16,64) (32,80) (1,1))
((32,64) (48,80) (1,1))
((48,64) (64,80) (1,1))
((64,64) (80,80) (1,1))
((80,64) (96,80) (1,1))
((96,64) (112,80) (1,1))
((112,64) (128,80) (1,1))
((0,80) (16,96) (1,1))
((16,80) (32,96) (1,1))
((32,80) (48,96) (1,1))
((48,80) (64,96) (1,1))
((64,80) (80,96) (1,1))
((80,80) (96,96) (1,1))
((96,80) (112,96) (1,1))
((112,80) (128,96) (1,1))
((0,96) (16,112) (1,1))
((16,96) (32,112) (1,1))
((32,96) (48,112) (1,1))
((48,96) (64,112) (1,1))
((64,96) (80,112) (1,1))
((80,96) (96,112) (1,1))
((96,96) (112,112) (1,1))
((112,96) (128,112) (1,1))
((0,112) (16,128) (1,1))
((16,112) (32,128) (1,1))
((32,112) (48,128) (1,1))
((48,112) (64,128) (1,1))
((64,112) (80,128) (1,1))
((80,112) (96,128) (1,1))
((96,112) (112,128) (1,1))
((112,112) (128,128) (1,1))
)
64
FabOnDisk: SD_1_Old_MF_D_00002 0
FabOnDisk: SD_1_Old_MF_D_00002 2972
FabOnDisk: SD_1_Old_MF_D_00002 5944
FabOnDisk: SD_1_Old_MF_D_00002 8916
FabOnDisk: SD_1_Old_MF_D_00003 0
FabOnDisk: SD_1_Old_MF_D_00003 2972
FabOnDisk: SD_1_Old_MF_D_00003 5944
FabOnDisk: SD_1_Old_MF_D_00003 8917
FabOnDisk: SD_1_Old_MF_D_00002 11888
FabOnDisk: SD_1_Old_MF_D_00002 14860
FabOnDisk: SD_1_Old_MF_D_00002 17832
FabOnDisk: SD_1_Old_MF_D_00002 20804
FabOnDisk: SD_1_Old_MF_D_00003 11891
FabOnDisk: SD_1_Old_MF_D_00003 14863
FabOnDisk: SD_1_Old_MF_D_00003 17835
FabOnDisk: SD_1_Old_MF_D_00003 20808
FabOnDisk: SD_1_Old_MF_D_00002 23776
FabOnDisk: SD_1_Old_MF_D_00002 26748
FabOnDisk: SD_1_Old_MF_D_00002 29720
FabOnDisk: SD_1_Old_MF_D_00002 32692
FabOnDisk: SD_1_Old_MF_D_00003 23782
FabOnDisk: SD_1_Old_MF_D_00003 26754
FabOnDisk: SD_1_Old_MF_D_00003 29726
FabOnDisk: SD_1_Old_MF_D_00003 32699
FabOnDisk: SD_1_Old_MF_D_00002 35664
FabOnDisk: SD_1_Old_MF_D_00002 38636
FabOnDisk: SD_1_Old_MF_D_00002 41608
FabOnDisk: SD_1_Old_MF_D_00002 44580
FabOnDisk: SD_1_Old_MF_D_00003 35673
FabOnDisk: SD_1_Old_MF_D_00003 38645
FabOnDisk: SD_1_Old_MF_D_00003 41617
FabOnDisk: SD_1_Old_MF_D_00003 44590
FabOnDisk: SD_1_Old_MF_D_00000 0
FabOnDisk: SD_1_Old_MF_D_00000 2972
FabOnDisk: SD_1_Old_MF_D_00000 5944
FabOnDisk: SD_1_Old_MF_D_00000 8916
FabOnDisk: SD_1_Old_MF_D_00001 0
FabOnDisk: SD_1_Old_MF_D_00001 2972
FabOnDisk: SD_1_Old_MF_D_00001 5944
FabOnDisk: SD_1_Old_MF_D_00001 8917
FabOnDisk: SD_1_Old_MF_D_00000 11888
FabOnDisk: SD_1_Old_MF_D_00000 14860
FabOnDisk: SD_1_Old_MF_D_00000 17832
FabOnDisk: SD_1_Old_MF_D_00000 20804
FabOnDisk: SD_1_Old_MF_D_00001 11891
FabOnDisk: SD_1_Old_MF_D_00001 14863
FabOnDisk: SD_1_Old_MF_D_00001 17835
FabOnDisk: SD_1_Old_MF_D_00001 20808
FabOnDisk: SD_1_Old_MF_D_00000 23776
FabOnDisk: SD_1_Old_MF_D_00000 26749
FabOnDisk: SD_1_Old_MF_D_00000 29722
FabOnDisk: SD_1_Old_MF_D_00000 32695
FabOnDisk: SD_1_Old_MF_D_00001 23782
FabOnDisk: SD_1_Old_MF_D_00001 26755
FabOnDisk: SD_1_Old_MF_D_00001 29728
FabOnDisk: SD_1_Old_MF_D_00001 32702
FabOnDisk: SD_1_Old_MF_D_00000 35668
FabOnDisk: SD_1_Old_MF_D_00000 38642
FabOnDisk: SD_1_Old_MF_D_00000 41616
FabOnDisk: SD_1_Old_MF_D_00000 44590
FabOnDisk: SD_1_Old_MF_D_00001 35677
FabOnDisk: SD_1_Old_MF_D_00001 38651
FabOnDisk: SD_1_Old_MF_D_00001 41625
FabOnDisk: SD_1_Old_MF_D_00001 44600

64,1
-1.4873556161542241e-02,
-2.1120856799882286e-02,
-2.1525666896978296e-02,
-1.8911111481972304e-02,
-1.1740856020250615e-02,
-6.6858278806661434e-03,
-3.2897559729880227e-03,
-1.2991664510581249e-03,
-1.4268496825611455e-02,
-3.8011784988627652e-02,
-3.8851464819881894e-02,
-2.6294630266153536e-02,
-1.1469220667160763e-02,
-5.6972686198930684e-03,
-2.5687201694176548e-03,
-9.7138309110800952e-04,
-1.0717315876808037e-02,
-1.4364622874631935e-01,
-1.4544972328211764e-01,
-3.1233328972278689e-02,
-8.1646284476947738e-03,
-1.8879566155581074e-03,
-4.0539789664780060e-04,
-8.2586727869355701e-05,
1.8069075973423596e-02,
-1.0127543748473442e+00,
-1.0622196127210359e+00,
-2.5816161791683567e-02,
5.5190102801446440e-03,
2.5379127288490157e-03,
9.6254661475575259e-04,
0.0000000000000000e+00,
1.8065205282387576e-02,
-1.0124387401542143e+00,
-1.0616959946203088e+00,
-2.5824808250720744e-02,
5.5177778079914678e-03,
2.5372478637335689e-03,
9.6225092407958260e-04,
0.0000000000000000e+00,
-1.0721402649694484e-02,
-1.4365194504984324e-01,
-1.4545689695309252e-01,
-3.1241187004880350e-02,
-8.1681557416162717e-03,
-1.8900017620611727e-03,
-4.0655211745691688e-04,
-8.3111821619654620e-05,
-1.4272839591732315e-02,
-3.8017173452312376e-02,
-3.8857220177038979e-02,
-2.6300372361287509e-02,
-1.1472658707518063e-02,
-5.6995981422281270e-03,
-2.5701266002155186e-03,
-9.7204086187495256e-04,
-1.4877913822021027e-02,
-2.1125473513759558e-02,
-2.1530312176197327e-02,
-1.8915524648610880e-02,
-1.1744204648622459e-02,
-6.6882091944457699e-03,
-3.2912333878180934e-03,
-1.2998657106086909e-03,

64,1
-9.3219735450551650e-03,
-1.4268496825611455e-02,
-1.6782375165414313e-02,
-1.1469220667160763e-02,
-5.6972686198930684e-03,
-2.5687201694176548e-03,
-9.7138309110800952e-04,
0.0000000000000000e+00,
7.1824752607401662e-03,
-1.0717315876808037e-02,
-1.8911111481972304e-02,
-8.1646284476947738e-03,
-1.8879566155581074e-03,
-4.0539789664780060e-04,
-8.2586727869355701e-05,
0.0000000000000000e+00,
6.2479729996856803e-02,
1.8069075973423596e-02,
-2.5816161791683567e-02,
8.8264494000583338e-03,
8.8264494000583338e-03,
5.5190102801446440e-03,
2.5379127288490157e-03,
9.6254661475575259e-04,
3.1804891270339525e-01,
6.1107630971351978e-01,
2.1159176122544390e-01,
1.6744028221168869e-01,
3.2826510529356166e-02,
1.0541443850653667e-02,
4.0573191503462469e-03,
1.4473790969439730e-03,
3.1804891270339525e-01,
6.1107630971351978e-01,
2.1159176122544390e-01,
1.6744028221168869e-01,
3.2826510529356166e-02,
1.0541443850653667e-02,
4.0573191503462469e-03,
1.4473790969439730e-03,
6.2476131137812557e-02,
1.8065205282387576e-02,
-2.5824808250720744e-02,
8.8241110931276626e-03,
8.8241110931276626e-03,
5.5177778079914678e-03,
2.5372478637335689e-03,
9.6225092407958260e-04,
7.1784899389951279e-03,
-1.0721402649694484e-02,
-1.8915524648610880e-02,
-8.1681557416162717e-03,
-1.8900017620611727e-03,
-4.0655211745691688e-04,
-8.3111821619654620e-05,
0.0000000000000000e+00,
-9.3262049583665886e-03,
-1.4272839591732315e-02,
-1.6786493719020478e-02,
-1.1472658707518063e-02,
-5.6995981422281270e-03,
-2.5701266002155186e-03,
-9.7204086187495256e-04,
0.0000000000000000e+00,

