1
1
2
1
(4 0
((120,88) (127,95) (0,0))
((112,96) (127,111) (0,0))
((0,112) (63,127) (0,0))
((64,112) (127,127) (0,0))
)
4
FabOnDisk: SD_2_Old_MF_D_00003 0
FabOnDisk: SD_2_Old_MF_D_00002 0
FabOnDisk: SD_2_Old_MF_D_00000 0
FabOnDisk: SD_2_Old_MF_D_00001 0

4,2
-1.2536860876201045e-01,-3.9934516328073155e-01,
-1.3054193742353670e-01,-2.8989539751801519e-01,
-6.5016891293763868e-02,-9.6048652018426868e+00,
-2.3976265631610616e-01,1.3448576851833316e-03,

4,2
8.2177711950313526e-01,-9.2362415929548608e-02,
7.6515650554328141e-01,8.7448771915557266e-01,
1.3277913145045314e+01,7.8100877996077127e+00,
3.4847937953105934e+01,3.0110274812624425e+01,

