1
1
9
0
(6 0
((32,112) (47,127) (0,0))
((48,112) (63,127) (0,0))
((64,112) (71,127) (0,0))
((32,128) (47,143) (0,0))
((48,128) (63,143) (0,0))
((64,128) (71,143) (0,0))
)
6
FabOnDisk: Cell_D_00000 0
FabOnDisk: Cell_D_00000 18518
FabOnDisk: Cell_D_00000 37036
FabOnDisk: Cell_D_00000 46338
FabOnDisk: Cell_D_00000 64856
FabOnDisk: Cell_D_00000 83374

6,9
0.0000000000000000e+00,-7.3786810672110692e-01,0.0000000000000000e+00,-2.3135634620866388e-12,-7.3286423143703155e+02,-3.8779620796605047e+02,0.0000000000000000e+00,-6.4415144205909103e-01,0.0000000000000000e+00,
-8.6801183891876210e-01,-6.8879566895092725e-01,0.0000000000000000e+00,-7.3583053296448324e-14,-5.5583496139880651e+02,-5.0587652636220503e+02,0.0000000000000000e+00,-1.0872037982317748e+00,0.0000000000000000e+00,
-1.1658409543350720e-02,1.9359825481666447e-02,9.9999999999982248e-01,6.2083877780139324e-14,-4.4281213550374467e+01,-2.7278627010014265e+01,2.9476316724386109e-02,-1.7227883565778856e-01,1.0000000000000000e+00,
0.0000000000000000e+00,0.0000000000000000e+00,0.0000000000000000e+00,-2.4359818118903890e-12,-7.3286423143721561e+02,-5.2977576282854989e+02,0.0000000000000000e+00,-6.4415144205918629e-01,0.0000000000000000e+00,
-8.6801183891867972e-01,-8.1124112022840433e-01,0.0000000000000000e+00,-8.3037038757901379e-14,-5.5583496139882902e+02,-5.3763783358798469e+02,0.0000000000000000e+00,-1.0872037982317448e+00,0.0000000000000000e+00,
-1.1658409543337356e-02,-6.5020359754511814e-01,9.9999999999994060e-01,5.7947216249955757e-14,-4.4281213550375767e+01,-2.1198934861493063e+02,2.9476316705556727e-02,-1.7227883565776614e-01,1.0000000000000000e+00,

6,9
1.4605135343036664e+00,0.0000000000000000e+00,1.0000000000000389e+00,1.4857917656590616e-12,1.6012956791184502e+02,5.2977576282842608e+02,3.2842892011236063e+03,5.9108270220110759e-01,1.0000000000000000e+00,
1.4999570038547945e+00,8.1124112022844319e-01,1.0000000000002378e+00,6.0453174406324523e-13,8.5902417830832815e+02,5.3763783358798980e+02,2.5301024849041487e+03,0.0000000000000000e+00,1.0000000000000000e+00,
1.1160705276915577e+00,6.5020359754512425e-01,1.0000000000001419e+00,1.2866185429646187e-13,3.7599354633669373e+02,2.1198934861495133e+02,2.7433248752713774e+02,1.5949993914754587e-01,1.0000000000000000e+00,
1.4605135343036906e+00,7.3786810672105496e-01,1.0000000000001801e+00,1.5444740845548946e-12,1.6012956791185294e+02,3.8779620796610749e+02,3.2842892011234690e+03,5.9108270220111692e-01,1.0000000000000000e+00,
1.4999570038547685e+00,6.8879566895099753e-01,1.0000000000002167e+00,6.2908683951699903e-13,8.5902417830833781e+02,5.0587652636226068e+02,2.5301024849042492e+03,0.0000000000000000e+00,1.0000000000000000e+00,
1.1160705276915537e+00,-1.9359825481677535e-02,1.0000000000001381e+00,1.2874258922458203e-13,3.7599354633669304e+02,2.7278627009999806e+01,2.7433248752706947e+02,1.5949993914754840e-01,1.0000000000000000e+00,

