1
1
4
4
(64 0
((0,0) (15,15) (0,0))
((16,0) (31,15) (0,0))
((32,0) (47,15) (0,0))
((48,0) (63,15) (0,0))
((64,0) (79,15) (0,0))
((80,0) (95,15) (0,0))
((96,0) (111,15) (0,0))
((112,0) (127,15) (0,0))
((0,16) (15,31) (0,0))
((16,16) (31,31) (0,0))
((32,16) (47,31) (0,0))
((48,16) (63,31) (0,0))
((64,16) (79,31) (0,0))
((80,16) (95,31) (0,0))
((96,16) (111,31) (0,0))
((112,16) (127,31) (0,0))
((0,32) (15,47) (0,0))
((16,32) (31,47) (0,0))
((32,32) (47,47) (0,0))
((48,32) (63,47) (0,0))
((64,32) (79,47) (0,0))
((80,32) (95,47) (0,0))
((96,32) (111,47) (0,0))
((112,32) (127,47) (0,0))
((0,48) (15,63) (0,0))
((16,48) (31,63) (0,0))
((32,48) (47,63) (0,0))
((48,48) (63,63) (0,0))
((64,48) (79,63) (0,0))
((80,48) (95,63) (0,0))
((96,48) (111,63) (0,0))
((112,48) (127,63) (0,0))
((0,64) (15,79) (0,0))
((16,64) (31,79) (0,0))
((32,64) (47,79) (0,0))
((48,64) (63,79) (0,0))
((64,64) (79,79) (0,0))
((80,64) (95,79) (0,0))
((96,64) (111,79) (0,0))
((112,64) (127,79) (0,0))
((0,80) (15,95) (0,0))
((16,80) (31,95) (0,0))
((32,80) (47,95) (0,0))
((48,80) (63,95) (0,0))
((64,80) (79,95) (0,0))
((80,80) (95,95) (0,0))
((96,80) (111,95) (0,0))
((112,80) (127,95) (0,0))
((0,96) (15,111) (0,0))
((16,96) (31,111) (0,0))
((32,96) (47,111) (0,0))
((48,96) (63,111) (0,0))
((64,96) (79,111) (0,0))
((80,96) (95,111) (0,0))
((96,96) (111,111) (0,0))
((112,96) (127,111) (0,0))
((0,112) (15,127) (0,0))
((16,112) (31,127) (0,0))
((32,112) (47,127) (0,0))
((48,112) (63,127) (0,0))
((64,112) (79,127) (0,0))
((80,112) (95,127) (0,0))
((96,112) (111,127) (0,0))
((112,112) (127,127) (0,0))
)
64
FabOnDisk: SD_0_Old_MF_D_00000 0
FabOnDisk: SD_0_Old_MF_D_00000 18516
FabOnDisk: SD_0_Old_MF_D_00000 37032
FabOnDisk: SD_0_Old_MF_D_00000 55548
FabOnDisk: SD_0_Old_MF_D_00000 74064
FabOnDisk: SD_0_Old_MF_D_00000 92580
FabOnDisk: SD_0_Old_MF_D_00000 111096
FabOnDisk: SD_0_Old_MF_D_00000 129613
FabOnDisk: SD_0_Old_MF_D_00000 148131
FabOnDisk: SD_0_Old_MF_D_00000 166647
FabOnDisk: SD_0_Old_MF_D_00000 185163
FabOnDisk: SD_0_Old_MF_D_00000 203679
FabOnDisk: SD_0_Old_MF_D_00000 222195
FabOnDisk: SD_0_Old_MF_D_00000 240711
FabOnDisk: SD_0_Old_MF_D_00000 259227
FabOnDisk: SD_0_Old_MF_D_00000 277744
FabOnDisk: SD_0_Old_MF_D_00000 296262
FabOnDisk: SD_0_Old_MF_D_00000 314778
FabOnDisk: SD_0_Old_MF_D_00000 333294
FabOnDisk: SD_0_Old_MF_D_00000 351810
FabOnDisk: SD_0_Old_MF_D_00000 370326
FabOnDisk: SD_0_Old_MF_D_00000 388842
FabOnDisk: SD_0_Old_MF_D_00000 407358
FabOnDisk: SD_0_Old_MF_D_00000 425875
FabOnDisk: SD_0_Old_MF_D_00000 444393
FabOnDisk: SD_0_Old_MF_D_00000 462909
FabOnDisk: SD_0_Old_MF_D_00000 481425
FabOnDisk: SD_0_Old_MF_D_00000 499941
FabOnDisk: SD_0_Old_MF_D_00000 518457
FabOnDisk: SD_0_Old_MF_D_00000 536973
FabOnDisk: SD_0_Old_MF_D_00000 555489
FabOnDisk: SD_0_Old_MF_D_00000 574006
FabOnDisk: SD_0_Old_MF_D_00000 592524
FabOnDisk: SD_0_Old_MF_D_00000 611040
FabOnDisk: SD_0_Old_MF_D_00000 629556
FabOnDisk: SD_0_Old_MF_D_00000 648072
FabOnDisk: SD_0_Old_MF_D_00000 666588
FabOnDisk: SD_0_Old_MF_D_00000 685104
FabOnDisk: SD_0_Old_MF_D_00000 703620
FabOnDisk: SD_0_Old_MF_D_00000 722137
FabOnDisk: SD_0_Old_MF_D_00000 740655
FabOnDisk: SD_0_Old_MF_D_00000 759171
FabOnDisk: SD_0_Old_MF_D_00000 777687
FabOnDisk: SD_0_Old_MF_D_00000 796203
FabOnDisk: SD_0_Old_MF_D_00000 814719
FabOnDisk: SD_0_Old_MF_D_00000 833235
FabOnDisk: SD_0_Old_MF_D_00000 851751
FabOnDisk: SD_0_Old_MF_D_00000 870268
FabOnDisk: SD_0_Old_MF_D_00000 888786
FabOnDisk: SD_0_Old_MF_D_00000 907303
FabOnDisk: SD_0_Old_MF_D_00000 925820
FabOnDisk: SD_0_Old_MF_D_00000 944337
FabOnDisk: SD_0_Old_MF_D_00000 962854
FabOnDisk: SD_0_Old_MF_D_00000 981371
FabOnDisk: SD_0_Old_MF_D_00000 999888
FabOnDisk: SD_0_Old_MF_D_00000 1018406
FabOnDisk: SD_0_Old_MF_D_00000 1036925
FabOnDisk: SD_0_Old_MF_D_00000 1055443
FabOnDisk: SD_0_Old_MF_D_00000 1073961
FabOnDisk: SD_0_Old_MF_D_00000 1092479
FabOnDisk: SD_0_Old_MF_D_00000 1110997
FabOnDisk: SD_0_Old_MF_D_00000 1129515
FabOnDisk: SD_0_Old_MF_D_00000 1148033
FabOnDisk: SD_0_Old_MF_D_00000 1166552

64,4
9.5353667107556839e-01,1.3551527613840564e-03,9.9999999999614064e-01,2.1473443599497269e-14,
9.0388573075129386e-01,1.4447167599606256e-03,9.9999999999711131e-01,7.0691086973202945e-13,
8.4638902412562167e-01,1.6890021262390171e-03,9.9999999999744060e-01,1.3690692658499204e-12,
7.8679142986019301e-01,1.4229293607820089e-03,9.9999999999871902e-01,1.9798164482044917e-12,
7.5103255726527440e-01,8.3545650243171748e-04,9.9999999999785882e-01,2.5140911872350038e-12,
7.3578014171475270e-01,3.9794845368538675e-04,9.9999999999869393e-01,2.9513013888023326e-12,
7.2944202661886381e-01,1.5805044160545814e-04,9.9999999999825895e-01,3.2751336268918296e-12,
7.2750807295095432e-01,9.5497712402170127e-06,9.9999999999037481e-01,3.4732176629009119e-12,
9.5749173525910036e-01,4.2422788438061652e-02,9.9999999998874356e-01,2.1441000960210229e-14,
9.0810222701436893e-01,4.6815592913436586e-02,9.9999999999927613e-01,7.0688093317825822e-13,
8.4089194088015007e-01,5.6672508061897532e-02,9.9999999999917932e-01,1.3698934903709704e-12,
7.4314931581200305e-01,4.8606747645154574e-02,9.9999999999930056e-01,1.9811280233927264e-12,
7.2268642432036312e-01,2.6206212780735934e-02,9.9999999999952793e-01,2.5154589107545948e-12,
7.2295919785033280e-01,1.1905883926759701e-02,9.9999999999948008e-01,2.9526359809440802e-12,
7.2295250660320676e-01,4.7049325362126916e-03,9.9999999999938993e-01,3.2765394389078878e-12,
7.2263445914975510e-01,2.8584250173549112e-04,9.9999999999930211e-01,3.4747086346945570e-12,
1.3251788726836164e-01,-9.9786541641869997e-01,9.9987424014709714e-01,2.1103267456107462e-14,
4.7958380868626754e-01,-5.4307696350035406e-01,9.9999942077710802e-01,7.0048583888662612e-13,
9.9015065261139582e-02,-2.0565680819447052e-01,9.9998851633436603e-01,1.3723046380048556e-12,
-8.5342327773146653e-02,-5.4924819854416040e-01,9.9996732531670018e-01,1.9848955849605317e-12,
5.9838442637892264e-01,-3.5785946626791965e-02,9.9999999999974054e-01,2.5189956912559642e-12,
7.0151866964174858e-01,1.2913256395271643e-02,9.9999999999989964e-01,2.9561213862400801e-12,
7.1254771398253913e-01,5.7633764545679481e-03,9.9999999999997791e-01,3.2803322093374475e-12,
7.1614910839853541e-01,3.3960403801179697e-04,9.9999999999998068e-01,3.4787677750338050e-12,
-1.8814356924995534e-01,-4.9056537462654420e-01,9.9995280750301685e-01,2.0463356687210426e-14,
-3.5923740545713750e-01,-4.6785058377991223e-01,9.9990085224677783e-01,0.0000000000000000e+00,
-6.8752119174259413e-02,-5.3808084893449948e-01,9.9996139674208351e-01,1.3809074576162341e-12,
4.0685516903947214e-02,-7.7018697613405529e-01,9.9995385626555522e-01,1.9912129334383110e-12,
6.4721730088043472e-01,-5.1878558763990112e-02,1.0000000000000280e+00,2.5233324848534386e-12,
7.0136326153939799e-01,6.6389011501102411e-03,1.0000000000000588e+00,2.9610148789709986e-12,
7.0648217447218242e-01,2.8009655997914889e-03,1.0000000000000118e+00,3.2858975655936633e-12,
7.1161012703969162e-01,1.0286043106742428e-04,9.9999999999997757e-01,3.4847646188397699e-12,
-1.5980430110654598e-01,-7.3427641344182482e-01,9.9995330987868269e-01,2.0465800429986041e-14,
-4.6224759001255805e-01,-8.6821207441885295e-01,9.9996278066972477e-01,0.0000000000000000e+00,
-5.2342546622171617e-02,-1.1363432594119587e+00,9.9998877031516331e-01,1.3864482907844477e-12,
-1.7231274513165400e-02,-6.5903073132196199e-01,9.9999944599382184e-01,1.9989180018989181e-12,
6.3524318155410597e-01,1.5468269327903292e-03,9.9999999999978950e-01,2.5285544956354053e-12,
6.8474221119964040e-01,-2.5829790771003613e-03,9.9999999999986466e-01,2.9668265795572658e-12,
7.0379420756602085e-01,-2.4188616269813427e-03,9.9999999999993094e-01,3.2924715281539986e-12,
7.1047158734492222e-01,-1.0928655651912009e-03,9.9999999999995104e-01,3.4918017727170340e-12,
-5.0201227812058172e-02,-9.8258246945699501e-01,9.9996583024402252e-01,2.1196979873495765e-14,
4.7825892341463200e-01,-4.2517693286284547e-01,9.9999724836791326e-01,7.0358845462570167e-13,
1.7214455667250500e-01,-5.5662057055759229e-01,9.9998625223886162e-01,1.3823209562656086e-12,
1.9694058969149275e-01,-5.3759151761397361e-01,9.9999634135639048e-01,1.9988030390404079e-12,
5.4379701506074862e-01,-1.5522104189464242e-01,9.9999999999953593e-01,2.5333516577390469e-12,
6.8302196732839993e-01,-3.4138976886470294e-02,9.9999999999963740e-01,2.9728741567073249e-12,
7.0393516630933783e-01,-1.1840922804939192e-02,9.9999999999978562e-01,3.2991317915486477e-12,
7.1070968437048276e-01,-4.0279443273139731e-03,9.9999999999995293e-01,3.4988247168263462e-12,
9.5857450862573579e-01,-1.5475935570095861e-01,9.9999999999430211e-01,2.1599494793637067e-14,
9.1853372028848979e-01,-9.1648639442319740e-02,9.9999999999766565e-01,7.1214182582444823e-13,
8.5920555006024524e-01,-1.4254321125087682e-01,9.9999999999786426e-01,1.3823518011595550e-12,
7.0994776829803008e-01,-1.9497720501830063e-01,9.9999999999857914e-01,1.9993772640724784e-12,
6.8993859624740750e-01,-1.4534072096190856e-01,9.9999999999912548e-01,2.5376173323799317e-12,
7.0220669657442414e-01,-3.7299017140525539e-02,9.9999999999944023e-01,2.9781197133630035e-12,
7.1148716555625935e-01,-1.3029685949915904e-02,9.9999999999966405e-01,3.3048093107684035e-12,
7.1423605440196580e-01,-4.3531132415274574e-03,9.9999999999992151e-01,3.5047519722392289e-12,
9.5657580679643217e-01,-6.2899055546417268e-02,9.9999999997687827e-01,2.1685088157162680e-14,
9.1141041235786280e-01,-4.8060697614538156e-02,9.9999999997919964e-01,7.1398945356960550e-13,
8.5514996809453725e-01,-6.2112225457859466e-02,9.9999999999196620e-01,1.3831602429524930e-12,
7.8501060564124148e-01,-6.4107554822950580e-02,9.9999999999739086e-01,2.0003469951598443e-12,
7.3976098098161247e-01,-5.5342726066653462e-02,9.9999999999905431e-01,2.5399479462298197e-12,
7.2461841705421659e-01,-2.7106001989127271e-02,9.9999999999949984e-01,2.9814419733418516e-12,
7.1960578758600180e-01,-1.0427356003521340e-02,9.9999999999934308e-01,3.3085394678116313e-12,
7.1824360463951020e-01,-3.5038330257473722e-03,9.9999999999687239e-01,3.5086633106286707e-12,

64,4
9.9795619457463480e-01,6.5073303255174089e-02,1.0000000000083193e+00,6.6462635409499436e-13,
9.5423578499670891e-01,5.2599522940509277e-02,1.0000000000142286e+00,1.3296018956324038e-12,
9.0405860546999495e-01,5.7395654510094180e-02,1.0000000000135632e+00,1.9447892952582387e-12,
8.4442161432319796e-01,5.7057890230775274e-02,1.0000000000047700e+00,2.4845654119492463e-12,
7.9292305476304281e-01,4.4210943906501460e-02,1.0000000000009799e+00,2.9283277471458575e-12,
7.5795487927004879e-01,2.3676680953688769e-02,1.0000000000023983e+00,3.2597079992152913e-12,
7.3970433534705671e-01,1.0747722289324425e-02,1.0000000000079363e+00,3.4660119722419270e-12,
7.3166726510107760e-01,4.1676831715215003e-03,1.0000000000243550e+00,3.5387711686157160e-12,
9.9882718629077993e-01,1.3665621887737589e-01,1.0000000000025679e+00,6.6468968731157709e-13,
9.7108846640664270e-01,1.0758652644907685e-01,1.0000000000000533e+00,1.3317320122954574e-12,
9.1911753951253172e-01,1.4023774103913744e-01,9.9999999999981315e-01,1.9483798013863799e-12,
8.4209330098105517e-01,1.3898094829098173e-01,9.9999999999979228e-01,2.4880192273135128e-12,
7.8237801691506415e-01,1.0019565550072473e-01,9.9999999999989042e-01,2.9316886694132416e-12,
7.4849913519099787e-01,3.6390990669614522e-02,9.9999999999996247e-01,3.2633478747791692e-12,
7.3462140820553246e-01,1.5768883774864035e-02,1.0000000000000004e+00,3.4699139269143794e-12,
7.2890470625316328e-01,6.2565286763520056e-03,1.0000000000011131e+00,3.5427756206556033e-12,
1.5474279868892895e+00,8.0015063577849554e-01,1.0000741604068362e+00,6.6420747585616395e-13,
1.8237403227724074e+00,3.2943080095496363e-01,1.0000000066744124e+00,1.3388944387856694e-12,
1.5734627914661088e+00,6.3141127066683311e-01,1.0000130711308068e+00,1.9547447870190108e-12,
1.6576855057916209e+00,4.6581229422076836e-01,1.0000231417491012e+00,2.4923328857253201e-12,
7.3199576640304898e-01,1.2084203900291512e-01,1.0000000000001734e+00,2.9364674970180665e-12,
7.2267306885716176e-01,3.6204174813514685e-02,1.0000000000001594e+00,3.2687882419297841e-12,
7.2270287602640826e-01,1.5774576054578243e-02,1.0000000000001383e+00,3.4757954624265675e-12,
7.2247165010095160e-01,6.3021434126559672e-03,1.0000000000010543e+00,3.5488144187490274e-12,
1.7058762520361290e+00,1.0292326352465011e+00,1.0000506855203182e+00,6.5656797648809786e-13,
1.7888467789298070e+00,8.2538469436347861e-01,1.0000000000000000e+40,1.3913998887861011e-12,
1.9367763107163845e+00,1.0498539113591718e+00,1.0000370293151446e+00,1.9632218421758275e-12,
2.1446901772846876e+00,7.0225831713284914e-01,1.0000500775813974e+00,2.4975484966247920e-12,
7.5376886939944121e-01,4.5541056150397864e-02,1.0000000000002347e+00,2.9421835982793124e-12,
7.1167787860778398e-01,1.8243138243143820e-02,1.0000000000001743e+00,3.2752844613385987e-12,
7.1564343249977558e-01,1.2044287236481191e-02,1.0000000000001346e+00,3.4827776289045337e-12,
7.1684731126357804e-01,5.2577810991907845e-03,1.0000000000008447e+00,3.5559651325009237e-12,
1.5622995628557372e+00,6.7342796632767710e-01,1.0000511426288736e+00,6.5931210913355298e-13,
2.0075820651397414e+00,4.2522188245012565e-01,1.0000000000000000e+40,1.3915544469518922e-12,
2.0024777513658636e+00,7.9809264197624674e-01,1.0000114534425883e+00,1.9639643937108458e-12,
2.0901208116975636e+00,6.6283107452144163e-01,1.0000025549321589e+00,2.5022172418142399e-12,
7.2908405262686338e-01,7.6516730743535780e-02,1.0000000000000446e+00,2.9481916911788312e-12,
7.0575521974715161e-01,1.3187727810551187e-02,1.0000000000000606e+00,3.2819385528515618e-12,
7.1120992001459671e-01,5.9113791277632275e-03,1.0000000000000533e+00,3.4898177100889859e-12,
7.1316218095894179e-01,2.4006534891989843e-03,1.0000000000008911e+00,3.5631419268552385e-12,
1.7641589029144851e+00,8.9326907725707727e-01,1.0000304391633550e+00,6.6903405002434209e-13,
1.6181473640922330e+00,2.7509677875885574e-01,1.0000012647275842e+00,1.3446250811567470e-12,
1.5855823883963187e+00,3.1139959669066825e-01,1.0000038507866955e+00,1.9628434752711740e-12,
1.8899229267434141e+00,6.0897068519926445e-01,1.0000005672369390e+00,2.5064664581271500e-12,
6.9842228565377795e-01,7.2391327637367844e-02,9.9999999999990263e-01,2.9534888887775610e-12,
7.1036310421508242e-01,-1.3929409295582687e-03,9.9999999999995803e-01,3.2876876159250976e-12,
7.1381653498721920e-01,-1.4209896515831964e-03,9.9999999999998368e-01,3.4958320090904072e-12,
7.1462642636658180e-01,-1.8474921980040943e-04,1.0000000000009095e+00,3.5692509656397422e-12,
9.9772381288357137e-01,-4.0307595093232639e-02,1.0000000000404667e+00,6.7104001810696951e-13,
9.6360732715931474e-01,-4.1112291275371041e-02,9.9999999999967171e-01,1.3425237570924786e-12,
9.4177475119546405e-01,-5.2040243218785795e-02,9.9999999999989431e-01,1.9637592157807793e-12,
8.7374784485581081e-01,-6.1092583352516015e-02,9.9999999999981426e-01,2.5088168041886863e-12,
7.7924233670219167e-01,-3.0205738139149625e-02,9.9999999999972500e-01,2.9569088650062203e-12,
7.3665701668831096e-01,-1.1592762789289092e-02,9.9999999999983002e-01,3.2915432047076442e-12,
7.2345234482777265e-01,-3.9495135562900244e-03,9.9999999999994726e-01,3.4998830965267365e-12,
7.1916001920093453e-01,-2.5092181769836326e-04,1.0000000000008229e+00,3.5733638390720069e-12,
9.9806036329366454e-01,-1.2671817627985724e-03,1.0000000001242197e+00,6.7144402121982319e-13,
9.5607521600579215e-01,-1.3045653251600264e-03,1.0000000000928224e+00,1.3429122656623515e-12,
9.1458337390944788e-01,-1.5954566645312686e-03,1.0000000000226217e+00,1.9641609498191501e-12,
8.5417504047055703e-01,-1.7185799734410903e-03,1.0000000000060447e+00,2.5095922093714624e-12,
7.9158034649270581e-01,-9.7673353720776289e-04,1.0000000000039453e+00,2.9580947843403453e-12,
7.4954385525980305e-01,-4.0828226985684964e-04,1.0000000000059350e+00,3.2929366747607679e-12,
7.2945513999030387e-01,-1.4163556810275777e-04,1.0000000000064224e+00,3.5013614659423618e-12,
7.2175454020092933e-01,-8.6692000617821443e-06,1.0000000000054203e+00,3.5748664131613261e-12,

