1
1
4
4
(64 0
((0,0) (15,15) (0,0))
((16,0) (31,15) (0,0))
((32,0) (47,15) (0,0))
((48,0) (63,15) (0,0))
((64,0) (79,15) (0,0))
((80,0) (95,15) (0,0))
((96,0) (111,15) (0,0))
((112,0) (127,15) (0,0))
((0,16) (15,31) (0,0))
((16,16) (31,31) (0,0))
((32,16) (47,31) (0,0))
((48,16) (63,31) (0,0))
((64,16) (79,31) (0,0))
((80,16) (95,31) (0,0))
((96,16) (111,31) (0,0))
((112,16) (127,31) (0,0))
((0,32) (15,47) (0,0))
((16,32) (31,47) (0,0))
((32,32) (47,47) (0,0))
((48,32) (63,47) (0,0))
((64,32) (79,47) (0,0))
((80,32) (95,47) (0,0))
((96,32) (111,47) (0,0))
((112,32) (127,47) (0,0))
((0,48) (15,63) (0,0))
((16,48) (31,63) (0,0))
((32,48) (47,63) (0,0))
((48,48) (63,63) (0,0))
((64,48) (79,63) (0,0))
((80,48) (95,63) (0,0))
((96,48) (111,63) (0,0))
((112,48) (127,63) (0,0))
((0,64) (15,79) (0,0))
((16,64) (31,79) (0,0))
((32,64) (47,79) (0,0))
((48,64) (63,79) (0,0))
((64,64) (79,79) (0,0))
((80,64) (95,79) (0,0))
((96,64) (111,79) (0,0))
((112,64) (127,79) (0,0))
((0,80) (15,95) (0,0))
((16,80) (31,95) (0,0))
((32,80) (47,95) (0,0))
((48,80) (63,95) (0,0))
((64,80) (79,95) (0,0))
((80,80) (95,95) (0,0))
((96,80) (111,95) (0,0))
((112,80) (127,95) (0,0))
((0,96) (15,111) (0,0))
((16,96) (31,111) (0,0))
((32,96) (47,111) (0,0))
((48,96) (63,111) (0,0))
((64,96) (79,111) (0,0))
((80,96) (95,111) (0,0))
((96,96) (111,111) (0,0))
((112,96) (127,111) (0,0))
((0,112) (15,127) (0,0))
((16,112) (31,127) (0,0))
((32,112) (47,127) (0,0))
((48,112) (63,127) (0,0))
((64,112) (79,127) (0,0))
((80,112) (95,127) (0,0))
((96,112) (111,127) (0,0))
((112,112) (127,127) (0,0))
)
64
FabOnDisk: SD_0_New_MF_D_00000 0
FabOnDisk: SD_0_New_MF_D_00000 18516
FabOnDisk: SD_0_New_MF_D_00000 37032
FabOnDisk: SD_0_New_MF_D_00000 55548
FabOnDisk: SD_0_New_MF_D_00000 74064
FabOnDisk: SD_0_New_MF_D_00000 92580
FabOnDisk: SD_0_New_MF_D_00000 111096
FabOnDisk: SD_0_New_MF_D_00000 129613
FabOnDisk: SD_0_New_MF_D_00000 148131
FabOnDisk: SD_0_New_MF_D_00000 166647
FabOnDisk: SD_0_New_MF_D_00000 185163
FabOnDisk: SD_0_New_MF_D_00000 203679
FabOnDisk: SD_0_New_MF_D_00000 222195
FabOnDisk: SD_0_New_MF_D_00000 240711
FabOnDisk: SD_0_New_MF_D_00000 259227
FabOnDisk: SD_0_New_MF_D_00000 277744
FabOnDisk: SD_0_New_MF_D_00000 296262
FabOnDisk: SD_0_New_MF_D_00000 314778
FabOnDisk: SD_0_New_MF_D_00000 333294
FabOnDisk: SD_0_New_MF_D_00000 351810
FabOnDisk: SD_0_New_MF_D_00000 370326
FabOnDisk: SD_0_New_MF_D_00000 388842
FabOnDisk: SD_0_New_MF_D_00000 407358
FabOnDisk: SD_0_New_MF_D_00000 425875
FabOnDisk: SD_0_New_MF_D_00000 444393
FabOnDisk: SD_0_New_MF_D_00000 462909
FabOnDisk: SD_0_New_MF_D_00000 481425
FabOnDisk: SD_0_New_MF_D_00000 499941
FabOnDisk: SD_0_New_MF_D_00000 518457
FabOnDisk: SD_0_New_MF_D_00000 536973
FabOnDisk: SD_0_New_MF_D_00000 555489
FabOnDisk: SD_0_New_MF_D_00000 574006
FabOnDisk: SD_0_New_MF_D_00000 592524
FabOnDisk: SD_0_New_MF_D_00000 611040
FabOnDisk: SD_0_New_MF_D_00000 629556
FabOnDisk: SD_0_New_MF_D_00000 648072
FabOnDisk: SD_0_New_MF_D_00000 666588
FabOnDisk: SD_0_New_MF_D_00000 685104
FabOnDisk: SD_0_New_MF_D_00000 703620
FabOnDisk: SD_0_New_MF_D_00000 722137
FabOnDisk: SD_0_New_MF_D_00000 740655
FabOnDisk: SD_0_New_MF_D_00000 759171
FabOnDisk: SD_0_New_MF_D_00000 777687
FabOnDisk: SD_0_New_MF_D_00000 796203
FabOnDisk: SD_0_New_MF_D_00000 814719
FabOnDisk: SD_0_New_MF_D_00000 833235
FabOnDisk: SD_0_New_MF_D_00000 851751
FabOnDisk: SD_0_New_MF_D_00000 870268
FabOnDisk: SD_0_New_MF_D_00000 888786
FabOnDisk: SD_0_New_MF_D_00000 907303
FabOnDisk: SD_0_New_MF_D_00000 925820
FabOnDisk: SD_0_New_MF_D_00000 944337
FabOnDisk: SD_0_New_MF_D_00000 962854
FabOnDisk: SD_0_New_MF_D_00000 981371
FabOnDisk: SD_0_New_MF_D_00000 999888
FabOnDisk: SD_0_New_MF_D_00000 1018406
FabOnDisk: SD_0_New_MF_D_00000 1036925
FabOnDisk: SD_0_New_MF_D_00000 1055443
FabOnDisk: SD_0_New_MF_D_00000 1073961
FabOnDisk: SD_0_New_MF_D_00000 1092479
FabOnDisk: SD_0_New_MF_D_00000 1110997
FabOnDisk: SD_0_New_MF_D_00000 1129515
FabOnDisk: SD_0_New_MF_D_00000 1148033
FabOnDisk: SD_0_New_MF_D_00000 1166552

64,4
9.5127485640601783e-01,1.4310800480739341e-03,9.9999999999605182e-01,2.1443679116797346e-14,
9.0016744525777603e-01,1.5057733111559547e-03,9.9999999999707079e-01,7.0593600371492784e-13,
8.4187978215620585e-01,1.7134506893504277e-03,9.9999999999740274e-01,1.3672018478704864e-12,
7.8342549871648504e-01,1.3919990001175682e-03,9.9999999999862010e-01,1.9771504071529621e-12,
7.4892617964564667e-01,8.0727541362686582e-04,9.9999999999774669e-01,2.5107484283101360e-12,
7.3440019225630482e-01,3.8064230696057690e-04,9.9999999999860034e-01,2.9474194223243264e-12,
7.2841880998239483e-01,1.5020578161764299e-04,9.9999999999824873e-01,3.2708612426068527e-12,
7.2659502636661222e-01,9.3510481602179409e-06,9.9999999999030398e-01,3.4687112049662037e-12,
9.5465686316005294e-01,4.5167637553130205e-02,9.9999999998875111e-01,2.1409555793967478e-14,
9.0373272805788973e-01,4.8947923730087398e-02,9.9999999999927291e-01,7.0589433488583836e-13,
8.3357918414811571e-01,5.7466409223308555e-02,9.9999999999917633e-01,1.3680204429692862e-12,
7.4013313946773363e-01,4.7408108024535149e-02,9.9999999999929901e-01,1.9784538407017028e-12,
7.2112812858179254e-01,2.5243254133725964e-02,9.9999999999952816e-01,2.5121070770333140e-12,
7.2165559971867144e-01,1.1349668684819385e-02,9.9999999999948097e-01,2.9487439617190446e-12,
7.2228509067640512e-01,4.4575721942321598e-03,9.9999999999938927e-01,3.2722562808724729e-12,
7.2202700979193768e-01,2.7956990890208583e-04,9.9999999999929767e-01,3.4701912687233488e-12,
1.0263904252023756e-01,-2.0257463168450682e-01,9.9987642654020858e-01,2.1075977009360389e-14,
5.0837132859908185e-01,-2.4974189637250113e-01,9.9999943431694938e-01,6.9954649424993766e-13,
1.4145224214758578e-01,-3.1416602268488075e-01,9.9998879917624395e-01,1.3704318612863557e-12,
-7.6142988649102392e-02,-5.6940177009265580e-01,9.9996803142030388e-01,1.9822123760826369e-12,
5.9834727475963567e-01,-4.0118805979242889e-02,9.9999999999973921e-01,2.5156251428169024e-12,
7.0154430634306542e-01,1.1853319235079419e-02,9.9999999999989975e-01,2.9522019348903201e-12,
7.1241066710869094e-01,5.3045081997729841e-03,9.9999999999997846e-01,3.2760197074348038e-12,
7.1596406824266134e-01,3.2757381448209971e-04,9.9999999999998002e-01,3.4742209024208323e-12,
-1.5876560192224196e-01,-4.2414115167496763e-01,9.9995305101322896e-01,2.0436654149034413e-14,
-3.7104446145992698e-01,-4.3785034399249034e-01,9.9990165294421085e-01,6.4987914588472250e-13,
-7.9338649141637477e-02,-5.6737377882320572e-01,9.9996237342552108e-01,1.3790265864599336e-12,
4.3047380533236181e-02,-7.5800092345374603e-01,9.9995455587514082e-01,1.9884914765142007e-12,
6.4821395138189197e-01,-5.5797223629515724e-02,1.0000000000000280e+00,2.5199099145571548e-12,
7.0153760619856154e-01,5.8287899780246040e-03,1.0000000000000580e+00,2.9570524714845983e-12,
7.0697739268068649e-01,2.4334020228847786e-03,1.0000000000000104e+00,3.2815424121997802e-12,
7.1186903403771118e-01,9.2643875475203956e-05,9.9999999999997624e-01,3.4801750743600948e-12,
-1.4159118453118416e-01,-6.4039274388665357e-01,9.9995321803450810e-01,2.0439087903446422e-14,
-4.8041264396327338e-01,-8.5602154847564516e-01,9.9996323210116234e-01,6.4999004910925761e-13,
-1.7421611583307850e-02,-1.1403843733668395e+00,9.9998853443404745e-01,1.3845304603077458e-12,
-1.5338855309230221e-02,-5.0452442020953392e-01,9.9999945808510904e-01,1.9961842276286226e-12,
6.3863629467393845e-01,1.0541950913228865e-03,9.9999999999978861e-01,2.5251152666543791e-12,
6.8628765114298129e-01,-2.9821159244068415e-03,9.9999999999986322e-01,2.9628215895238470e-12,
7.0460424117111908e-01,-2.7756519175322295e-03,9.9999999999992983e-01,3.2880698080486055e-12,
7.1095362613795432e-01,-1.2790342723335917e-03,9.9999999999994971e-01,3.4871643302924986e-12,
-6.4749392974099831e-02,-1.0092763669884541e+00,9.9996665217009861e-01,2.1170310021260613e-14,
5.0406600957379899e-01,-4.6002894245945297e-01,9.9999724831032677e-01,7.0262795599591826e-13,
2.1011407646922731e-01,-6.1828377505876631e-01,9.9998655731762642e-01,1.3803739045542851e-12,
2.4062016303790185e-01,-7.6017893572391038e-01,9.9999637771117966e-01,1.9960417560180349e-12,
5.4759084740016517e-01,-1.5281518795359825e-01,9.9999999999953315e-01,2.5298740645224662e-12,
6.8456623751932688e-01,-3.3731215193308947e-02,9.9999999999963440e-01,2.9688341264603526e-12,
7.0477553162327089e-01,-1.1835143228268683e-02,9.9999999999978395e-01,3.2946883610621628e-12,
7.1126555763657595e-01,-4.0742986089439643e-03,9.9999999999995193e-01,3.4941423163897611e-12,
9.5759479674188086e-01,-1.4995173113648996e-01,9.9999999999424338e-01,2.1566838530178973e-14,
9.1688745100523872e-01,-9.2137882630721188e-02,9.9999999999765155e-01,7.1111111379562184e-13,
8.5783560364496503e-01,-1.4087190993636173e-01,9.9999999999784361e-01,1.3803977910525256e-12,
7.1090738136519538e-01,-1.9173603001680506e-01,9.9999999999856681e-01,1.9965860959554679e-12,
6.9118859307762470e-01,-1.4308335347373438e-01,9.9999999999912037e-01,2.5341180450329038e-12,
7.0329786832461305e-01,-3.6812863125700333e-02,9.9999999999943645e-01,2.9740510652107800e-12,
7.1228526374911383e-01,-1.2947984772209263e-02,9.9999999999966205e-01,3.3003336795676070e-12,
7.1487745789710777e-01,-4.3671768958182030e-03,9.9999999999992095e-01,3.5000337784815383e-12,
9.5579804418384007e-01,-6.3460893748305380e-02,9.9999999997667999e-01,2.1652965469469439e-14,
9.1016333975087682e-01,-4.8219161323845031e-02,9.9999999997898459e-01,7.1294634777530089e-13,
8.5411064652246083e-01,-6.1513275763058629e-02,9.9999999999188260e-01,1.3811771365440633e-12,
7.8476212436473913e-01,-6.3312442802487143e-02,9.9999999999736155e-01,1.9975272929232901e-12,
7.4020333277691019e-01,-5.4546964124971412e-02,9.9999999999905220e-01,2.5364240152952114e-12,
7.2522933653166755e-01,-2.6738779835738566e-02,9.9999999999950184e-01,2.9773550945555030e-12,
7.2022704363437640e-01,-1.0329103648663069e-02,9.9999999999932387e-01,3.3040437198611241e-12,
7.1885680630387649e-01,-3.4916978196922509e-03,9.9999999999688416e-01,3.5039223682990858e-12,

64,4
9.9788854066536159e-01,6.7333741384689935e-02,1.0000000000083960e+00,6.6370429747374532e-13,
9.5133034227427804e-01,5.3420821863584107e-02,1.0000000000143507e+00,1.3277828177954932e-12,
8.9971670162558459e-01,5.7233142836263087e-02,1.0000000000136766e+00,1.9421626074608118e-12,
8.4046124056722515e-01,5.6625173213775533e-02,1.0000000000047589e+00,2.4812529776071249e-12,
7.8972031170175627e-01,4.3098516121208505e-02,1.0000000000009825e+00,2.9244663951992981e-12,
7.5573885336960511e-01,2.2799267516612483e-02,1.0000000000023805e+00,3.2554459835031759e-12,
7.3819628195266251e-01,1.0244302209058516e-02,1.0000000000079781e+00,3.4615058537329493e-12,
7.3053634012064972e-01,3.9495022870993700e-03,1.0000000000245539e+00,3.5341800952916143e-12,
9.9885583439571701e-01,1.4142754909502803e-01,1.0000000000025628e+00,6.6376332492838839e-13,
9.6522791649266326e-01,1.0889959833637403e-01,1.0000000000000537e+00,1.3299124156814393e-12,
9.1340066774266093e-01,1.3964989715840107e-01,9.9999999999981204e-01,1.9457437887888741e-12,
8.3754219037516331e-01,1.3797438047807353e-01,9.9999999999979150e-01,2.4846894132181911e-12,
7.7909827004315890e-01,9.6820630999044532e-02,9.9999999999989020e-01,2.9278011904766530e-12,
7.4647821091875111e-01,3.4667648608635901e-02,9.9999999999996236e-01,3.2590576052365996e-12,
7.3329422556545076e-01,1.4859861522702170e-02,1.0000000000000002e+00,3.4653793364286455e-12,
7.2791066066569077e-01,5.8735151934890114e-03,1.0000000000011058e+00,3.5381561353215509e-12,
1.1834966873496664e+00,8.0306837009065557e-01,1.0000726411899337e+00,6.6327851757436736e-13,
1.3453175154803323e+00,5.5503396571039720e-01,1.0000000065031258e+00,1.3370716810929276e-12,
1.7150171559190117e+00,7.9170349948690122e-01,1.0000142228050639e+00,1.9520754630247303e-12,
1.4240845247481515e+00,1.0624424458931447e+00,1.0000224534339541e+00,2.4889515986163966e-12,
7.2932692406611865e-01,1.1650588526738116e-01,1.0000000000001736e+00,2.9325376521157719e-12,
7.2184708487053717e-01,3.4392688969418321e-02,1.0000000000001594e+00,3.2644559131370794e-12,
7.2194982023124876e-01,1.4848413852922352e-02,1.0000000000001374e+00,3.4712188069199482e-12,
7.2183903546791817e-01,5.9028946036219360e-03,1.0000000000010481e+00,3.5441528951629015e-12,
1.3171980366447500e+00,1.0500277642714948e+00,1.0000500990360570e+00,6.5569219936026987e-13,
1.0000000000000000e+40,1.0000000000000000e+40,1.0000000000000000e+40,1.0000000000000000e+40,
1.8127864336655268e+00,8.5841193391491943e-01,1.0000361714869219e+00,1.9605375654504764e-12,
2.1927659583586738e+00,6.8554630713239606e-01,1.0000492309055908e+00,2.4941534915815646e-12,
7.5557626869532402e-01,4.3412978625953051e-02,1.0000000000002347e+00,2.9382112788402177e-12,
7.1159249252564138e-01,1.6294088652359436e-02,1.0000000000001743e+00,3.2709056258932530e-12,
7.1549082448347268e-01,1.1036034144976946e-02,1.0000000000001334e+00,3.4781531993953066e-12,
7.1667825947172081e-01,4.8313486539656907e-03,1.0000000000008435e+00,3.5512554398154503e-12,
1.3698041980648605e+00,5.5580641821128562e-01,1.0000509282500749e+00,6.5841682611497062e-13,
1.0000000000000000e+40,1.0000000000000000e+40,1.0000000000000000e+40,1.0000000000000000e+40,
2.0015543788083967e+00,8.0501518454854615e-01,1.0000111323605463e+00,1.9612692177469021e-12,
2.0682390139683564e+00,6.6508022060996796e-01,1.0000024920056996e+00,2.4987805232157277e-12,
7.3035686552471091e-01,7.5499975723150300e-02,1.0000000000000446e+00,2.9441842916197001e-12,
7.0630547455605985e-01,1.1882056645762589e-02,1.0000000000000606e+00,3.2775178281292375e-12,
7.1150126151598503e-01,5.1563072049487140e-03,1.0000000000000533e+00,3.4851480581830220e-12,
7.1338071044744533e-01,2.0655303122196879e-03,1.0000000000008984e+00,3.5583859237566452e-12,
1.6002978501615470e+00,1.0374528634755514e-01,1.0000300316535016e+00,6.6806570399960612e-13,
1.4352668512992124e+00,2.8108163669562569e-01,1.0000012396455593e+00,1.3427639456371420e-12,
1.2998664705291409e+00,3.7390973454046955e-01,1.0000038618017189e+00,1.9601041045983694e-12,
1.3463141063653037e+00,6.2657378609650083e-01,1.0000005520355031e+00,2.5030104747575025e-12,
6.9958926528917409e-01,7.1661362199498507e-02,9.9999999999990230e-01,2.9494526675997535e-12,
7.1118671100482223e-01,-1.8080037933754557e-03,9.9999999999995770e-01,3.2832342796330895e-12,
7.1446362370789429e-01,-1.6077381863994049e-03,9.9999999999998357e-01,3.4911260216637051e-12,
7.1521800346557851e-01,-1.9088818757241019e-04,1.0000000000009195e+00,3.5644571774641395e-12,
9.9774978829547634e-01,-4.1268105893782159e-02,1.0000000000404594e+00,6.7005786401762525e-13,
9.6056584011440171e-01,-4.1970754425891828e-02,9.9999999999966960e-01,1.3405969975209315e-12,
9.3924924692380118e-01,-5.2161057462742584e-02,9.9999999999989264e-01,1.9609884354370839e-12,
8.7096725714124912e-01,-6.0211136584375546e-02,9.9999999999981304e-01,2.5053334771237024e-12,
7.7907930552730953e-01,-2.9791977616027872e-02,9.9999999999972411e-01,2.9528535439953197e-12,
7.3714575307234509e-01,-1.1481523691516298e-02,9.9999999999982947e-01,3.2870691345540984e-12,
7.2407621763100516e-01,-3.9358416059062304e-03,9.9999999999994704e-01,3.4951535967579292e-12,
7.1978280477547596e-01,-2.5156850021152240e-04,1.0000000000008358e+00,3.5685453773069295e-12,
9.9804470572546400e-01,-1.2932101822063608e-03,1.0000000001253635e+00,6.7046722933255585e-13,
9.5505359914555565e-01,-1.3266096858093395e-03,1.0000000000938605e+00,1.3409864718073059e-12,
9.1297483614648389e-01,-1.5986754145736770e-03,1.0000000000230254e+00,1.9613897457187872e-12,
8.5290068878250791e-01,-1.6954786022564021e-03,1.0000000000061198e+00,2.5061048137622287e-12,
7.9128385112057631e-01,-9.6344482686199656e-04,1.0000000000039402e+00,2.9540333068303861e-12,
7.4982767902891778e-01,-4.0386447955985752e-04,1.0000000000058935e+00,3.2884552155723479e-12,
7.2998929229699705e-01,-1.4077191330227290e-04,1.0000000000064648e+00,3.4966235229081751e-12,
7.2235499150736682e-01,-8.6798216425369120e-06,1.0000000000055258e+00,3.5700390685322149e-12,

