1
1
2
4
(64 0
((0,0) (15,15) (0,0))
((16,0) (31,15) (0,0))
((32,0) (47,15) (0,0))
((48,0) (63,15) (0,0))
((64,0) (79,15) (0,0))
((80,0) (95,15) (0,0))
((96,0) (111,15) (0,0))
((112,0) (127,15) (0,0))
((0,16) (15,31) (0,0))
((16,16) (31,31) (0,0))
((32,16) (47,31) (0,0))
((48,16) (63,31) (0,0))
((64,16) (79,31) (0,0))
((80,16) (95,31) (0,0))
((96,16) (111,31) (0,0))
((112,16) (127,31) (0,0))
((0,32) (15,47) (0,0))
((16,32) (31,47) (0,0))
((32,32) (47,47) (0,0))
((48,32) (63,47) (0,0))
((64,32) (79,47) (0,0))
((80,32) (95,47) (0,0))
((96,32) (111,47) (0,0))
((112,32) (127,47) (0,0))
((0,48) (15,63) (0,0))
((16,48) (31,63) (0,0))
((32,48) (47,63) (0,0))
((48,48) (63,63) (0,0))
((64,48) (79,63) (0,0))
((80,48) (95,63) (0,0))
((96,48) (111,63) (0,0))
((112,48) (127,63) (0,0))
((0,64) (15,79) (0,0))
((16,64) (31,79) (0,0))
((32,64) (47,79) (0,0))
((48,64) (63,79) (0,0))
((64,64) (79,79) (0,0))
((80,64) (95,79) (0,0))
((96,64) (111,79) (0,0))
((112,64) (127,79) (0,0))
((0,80) (15,95) (0,0))
((16,80) (31,95) (0,0))
((32,80) (47,95) (0,0))
((48,80) (63,95) (0,0))
((64,80) (79,95) (0,0))
((80,80) (95,95) (0,0))
((96,80) (111,95) (0,0))
((112,80) (127,95) (0,0))
((0,96) (15,111) (0,0))
((16,96) (31,111) (0,0))
((32,96) (47,111) (0,0))
((48,96) (63,111) (0,0))
((64,96) (79,111) (0,0))
((80,96) (95,111) (0,0))
((96,96) (111,111) (0,0))
((112,96) (127,111) (0,0))
((0,112) (15,127) (0,0))
((16,112) (31,127) (0,0))
((32,112) (47,127) (0,0))
((48,112) (63,127) (0,0))
((64,112) (79,127) (0,0))
((80,112) (95,127) (0,0))
((96,112) (111,127) (0,0))
((112,112) (127,127) (0,0))
)
64
FabOnDisk: SD_2_New_MF_D_00000 0
FabOnDisk: SD_2_New_MF_D_00000 9300
FabOnDisk: SD_2_New_MF_D_00000 18600
FabOnDisk: SD_2_New_MF_D_00000 27900
FabOnDisk: SD_2_New_MF_D_00000 37200
FabOnDisk: SD_2_New_MF_D_00000 46500
FabOnDisk: SD_2_New_MF_D_00000 55800
FabOnDisk: SD_2_New_MF_D_00000 65101
FabOnDisk: SD_2_New_MF_D_00000 74403
FabOnDisk: SD_2_New_MF_D_00000 83703
FabOnDisk: SD_2_New_MF_D_00000 93003
FabOnDisk: SD_2_New_MF_D_00000 102303
FabOnDisk: SD_2_New_MF_D_00000 111603
FabOnDisk: SD_2_New_MF_D_00000 120903
FabOnDisk: SD_2_New_MF_D_00000 130203
FabOnDisk: SD_2_New_MF_D_00000 139504
FabOnDisk: SD_2_New_MF_D_00000 148806
FabOnDisk: SD_2_New_MF_D_00000 158106
FabOnDisk: SD_2_New_MF_D_00000 167406
FabOnDisk: SD_2_New_MF_D_00000 176706
FabOnDisk: SD_2_New_MF_D_00000 186006
FabOnDisk: SD_2_New_MF_D_00000 195306
FabOnDisk: SD_2_New_MF_D_00000 204606
FabOnDisk: SD_2_New_MF_D_00000 213907
FabOnDisk: SD_2_New_MF_D_00000 223209
FabOnDisk: SD_2_New_MF_D_00000 232509
FabOnDisk: SD_2_New_MF_D_00000 241809
FabOnDisk: SD_2_New_MF_D_00000 251109
FabOnDisk: SD_2_New_MF_D_00000 260409
FabOnDisk: SD_2_New_MF_D_00000 269709
FabOnDisk: SD_2_New_MF_D_00000 279009
FabOnDisk: SD_2_New_MF_D_00000 288310
FabOnDisk: SD_2_New_MF_D_00000 297612
FabOnDisk: SD_2_New_MF_D_00000 306912
FabOnDisk: SD_2_New_MF_D_00000 316212
FabOnDisk: SD_2_New_MF_D_00000 325512
FabOnDisk: SD_2_New_MF_D_00000 334812
FabOnDisk: SD_2_New_MF_D_00000 344112
FabOnDisk: SD_2_New_MF_D_00000 353412
FabOnDisk: SD_2_New_MF_D_00000 362713
FabOnDisk: SD_2_New_MF_D_00000 372015
FabOnDisk: SD_2_New_MF_D_00000 381315
FabOnDisk: SD_2_New_MF_D_00000 390615
FabOnDisk: SD_2_New_MF_D_00000 399915
FabOnDisk: SD_2_New_MF_D_00000 409215
FabOnDisk: SD_2_New_MF_D_00000 418515
FabOnDisk: SD_2_New_MF_D_00000 427815
FabOnDisk: SD_2_New_MF_D_00000 437116
FabOnDisk: SD_2_New_MF_D_00000 446418
FabOnDisk: SD_2_New_MF_D_00000 455719
FabOnDisk: SD_2_New_MF_D_00000 465020
FabOnDisk: SD_2_New_MF_D_00000 474321
FabOnDisk: SD_2_New_MF_D_00000 483622
FabOnDisk: SD_2_New_MF_D_00000 492923
FabOnDisk: SD_2_New_MF_D_00000 502224
FabOnDisk: SD_2_New_MF_D_00000 511526
FabOnDisk: SD_2_New_MF_D_00000 520829
FabOnDisk: SD_2_New_MF_D_00000 530131
FabOnDisk: SD_2_New_MF_D_00000 539433
FabOnDisk: SD_2_New_MF_D_00000 548735
FabOnDisk: SD_2_New_MF_D_00000 558037
FabOnDisk: SD_2_New_MF_D_00000 567339
FabOnDisk: SD_2_New_MF_D_00000 576641
FabOnDisk: SD_2_New_MF_D_00000 585944

64,2
2.6334388333270908e+01,-7.7084732532966882e+02,
7.0581549699854804e+02,-5.8664928166544996e+02,
1.1130902607292228e+03,-2.2117534923891071e+02,
9.6403169407349196e+02,3.3966829625569517e+00,
6.2151233252734528e+02,8.3445149200997548e+00,
4.0684011047543027e+02,5.1236496905403328e+00,
3.0139320208709978e+02,2.3254667751643865e+00,
2.6863212094757182e+02,6.7234804544114013e-02,
-1.4880021894350648e+01,-2.1336222977646685e+03,
8.8103400488835177e+02,-1.3635614758262818e+03,
1.3036236816860765e+03,-3.8646122407371877e+02,
8.8578803228992911e+02,1.3851938544430595e+02,
3.9604757890228939e+02,2.8517166268502478e+02,
2.5532242506560578e+02,1.6462536873023055e+02,
1.9638750050326053e+02,7.3300922769976751e+01,
1.7871556060989678e+02,2.1107756629305641e+00,
-1.3085567720826981e+06,-1.6395386552954990e+07,
-6.9548504198543746e+06,-5.6055918724934934e+06,
-6.8993647667806521e+06,-7.0462269715577373e+06,
-3.5534286266881633e+06,-5.1206336976468069e+06,
-4.6607940250651154e+02,5.5851739462050318e+02,
-1.0340545689541614e+01,2.8620236093265703e+02,
3.9623473291794653e+01,1.2368667300779634e+02,
5.4205011614147224e+01,3.5415529360477649e+00,
-4.3888001413700888e+06,-1.4165601563034717e+07,
-7.8967143164821062e+06,-7.0794118978210976e+06,
-1.0844545327178156e+07,-8.0932162633207235e+06,
-2.2328314626024149e+07,-5.8946896718971489e+05,
-1.0158795318708144e+03,4.2710199000212015e+02,
-3.0525689691967273e+02,2.3891629637510050e+02,
-1.4647847730775538e+02,1.0848230154688281e+02,
-7.6540990929061081e+01,3.1650235009635708e+00,
-4.3492213999274401e+06,-3.0531199252090468e+06,
-1.1525314669458332e+07,-4.7721454629826192e+06,
-1.2779967497663483e+07,-7.9959238496095524e+05,
-1.6689837242647901e+07,-2.8211644303298197e+06,
-1.2728882338269614e+03,1.4737197326649039e+02,
-4.5862253604718717e+02,1.0766666550807713e+02,
-2.4591563819430303e+02,5.8072056004039041e+01,
-1.6063886114725028e+02,1.7890637036600765e+00,
-2.8387942272919910e+06,-1.2399291949700676e+06,
-5.4448613852218110e+06,-3.3470281868917809e+05,
-2.5871008840691526e+06,-1.3042574472386467e+06,
-3.5382866385852662e+06,-2.3792383519993024e+06,
-1.3264319895482913e+03,-8.0545995685097296e+02,
-4.6160666323303303e+02,-1.2346958829257346e+02,
-2.5449705543433083e+02,-2.8684313012490747e+00,
-1.8858677976613399e+02,5.4569892433846690e-01,
-1.5129728581407107e+03,-1.1488040127114800e+03,
3.1294872020298499e+02,5.2072927566769067e+01,
4.0838171574214357e+02,-4.5043036962306360e+02,
-2.8626939536625287e+02,-9.7765264562367520e+02,
-3.7702409659577825e+02,-6.8252414662492811e+02,
-3.2332833368236606e+02,-1.4805351168579364e+02,
-2.3539609977924556e+02,-3.1460932717891410e+01,
-1.8903819519783428e+02,-3.7942814587040630e+00,
9.5329752824909519e+00,6.7223465801362181e+00,
2.4579012744943611e+02,1.4089815238548908e+00,
3.1061202632299683e+02,-1.7504825333126064e+02,
7.8090970004268456e+01,-2.5243979863007553e+02,
-1.2811066366484738e+02,-2.3641582802083576e+02,
-1.7900866995313845e+02,-1.1036005954956636e+02,
-1.8308847772059380e+02,-2.9940068661744590e+01,
-1.8234762872561987e+02,-4.2025698598990857e+00,

64,2
8.1578923200104327e+02,-1.8571440393498051e+01,
1.2671063630703429e+03,-7.9262635055783903e+00,
1.3531399062598211e+03,1.0576027552378946e+02,
1.3211334614596126e+03,3.2676655973700690e+02,
9.6669522288211738e+02,3.3025514200417092e+02,
6.5414042985794367e+02,2.5982867075617833e+02,
4.4479819152364507e+02,1.4900294303752162e+02,
3.3317912720757886e+02,6.4674511470002471e+01,
1.6737676795550215e+03,-6.5192335132487642e+02,
1.7958996201028640e+03,-2.5779129620677850e+02,
2.1591868291077844e+03,2.0928491465674597e+02,
2.1804443074575829e+03,1.1525830314451014e+03,
9.7087299953673210e+02,1.0018407374449453e+03,
5.9621536698869022e+02,5.2349997693308978e+02,
3.9123465520315222e+02,2.6874584847391816e+02,
2.9277184225275414e+02,1.1342204546581343e+02,
5.3629161957257381e+06,9.5682118544422789e+04,
2.6635845967080509e+06,1.2540147700412038e+06,
3.5436748625596180e+06,1.8956627482192933e+06,
3.2567604791827868e+06,1.2846177016664131e+06,
7.8148960944599821e+02,1.3866474523769284e+03,
3.6112065665074624e+02,5.9876708621413854e+02,
2.3789185218757484e+02,3.0197305355031858e+02,
1.8612878440863278e+02,1.2728158684994924e+02,
8.5668888003174160e+06,1.9470772543550655e+06,
1.0000000000000000e+40,1.0000000000000000e+40,
1.5776121956943674e+06,2.7837551000152873e+06,
3.3705716642059723e+05,4.4481854131541876e+06,
-4.1033218929442228e+01,1.1972255901731842e+03,
2.4368599772962625e+01,5.7731053504539886e+02,
4.4632994676620001e+01,2.9746203224112833e+02,
4.9727595875199768e+01,1.2608411064593383e+02,
6.8710888683287194e+06,1.3907013639291123e+07,
1.0000000000000000e+40,1.0000000000000000e+40,
1.1018215534669023e+06,5.7799012637289762e+06,
1.2782051279046726e+06,1.2057518323237139e+06,
-3.3286692446963571e+02,8.2287087099648488e+02,
-1.6271013732638676e+02,3.9963923670802615e+02,
-8.6115071545733372e+01,2.2268766966390103e+02,
-6.4304659683708451e+01,9.8907023831179686e+01,
2.7730807993024676e+06,1.3854153035668753e+07,
1.6432774384547828e+06,6.3987492992542293e+06,
2.2469526363664428e+06,4.3186376181080593e+06,
3.0599561722687548e+06,4.1621949485151288e+06,
-3.4627784276926832e+02,2.4520543819780869e+02,
-2.4303725423797732e+02,1.2391160456354555e+02,
-1.6708158669280238e+02,9.6781430023474968e+01,
-1.4151634417152673e+02,5.1628017356324563e+01,
8.9350698784910492e+02,1.6789000358803605e+03,
9.0050426073721610e+02,6.8092612604086753e+02,
9.4862544018797053e+02,1.6158729537455656e+02,
9.2218042514105036e+02,-2.0300443943815480e+02,
5.2853869612954441e+01,-1.2431690156518016e+02,
-1.4200956334389048e+02,-1.0500993978166662e+01,
-1.8292601077791187e+02,1.1461420906744024e+01,
-1.7507821803138359e+02,1.1274491910080542e+01,
2.8370584496442461e+02,2.6037728854716988e+02,
4.7407965444945148e+02,2.3301876484329114e+02,
4.8092716533938074e+02,3.4615472835866967e+01,
3.8027326071023708e+02,-5.1909845038608182e+00,
9.1541668758145534e+01,-3.9814829182432732e+00,
-8.0897222159183002e+01,-1.3385319636654458e+00,
-1.5599454656658054e+02,-2.7121122047901736e-01,
-1.7624661689859931e+02,-4.2802285577181465e-03,

