1
1
9
0
(4 0
((32,112) (47,127) (0,0))
((48,112) (63,127) (0,0))
((32,128) (47,143) (0,0))
((48,128) (63,143) (0,0))
)
4
FabOnDisk: Cell_D_00000 0
FabOnDisk: Cell_D_00000 18518
FabOnDisk: Cell_D_00000 37036
FabOnDisk: Cell_D_00000 55554

4,9
0.0000000000000000e+00,-7.5428191679027856e-01,0.0000000000000000e+00,0.0000000000000000e+00,-8.4430358401397166e+02,-5.9157580840942012e+02,0.0000000000000000e+00,-8.5886979907594041e-01,0.0000000000000000e+00,
-2.4688422772772844e-01,-3.9479735844103025e-01,0.0000000000000000e+00,0.0000000000000000e+00,-5.5560103145721733e+01,-5.9664595893976525e+02,0.0000000000000000e+00,-8.8632106894660390e-01,0.0000000000000000e+00,
0.0000000000000000e+00,0.0000000000000000e+00,0.0000000000000000e+00,0.0000000000000000e+00,-8.4430358401409069e+02,-5.6717748157555627e+02,0.0000000000000000e+00,-8.5886979907595806e-01,0.0000000000000000e+00,
-2.4688422772780105e-01,-6.5910402807815882e-01,0.0000000000000000e+00,0.0000000000000000e+00,-5.5560103145726941e+01,-4.1797328912296121e+02,0.0000000000000000e+00,-8.8632106894662011e-01,0.0000000000000000e+00,

4,9
1.6000645062427203e+00,0.0000000000000000e+00,1.0000000000001343e+00,7.1192467463280828e-13,1.6630312897447055e+02,5.6717748157550250e+02,3.7065815760279170e+03,5.7662313565840007e-01,1.0000000000000000e+00,
1.6225121029820466e+00,6.5910402807818746e-01,1.0000000000001761e+00,6.9618242007548125e-13,5.4459885248906005e+02,4.1797328912305221e+02,3.9362013540609964e+03,1.3350685510818291e-01,1.0000000000000000e+00,
1.6000645062427212e+00,7.5428191679023848e-01,1.0000000000001781e+00,7.2743561480950127e-13,1.6630312897447661e+02,5.9157580840943240e+02,3.7065815760280534e+03,5.7662313565840573e-01,1.0000000000000000e+00,
1.6225121029820573e+00,3.9479735844103458e-01,1.0000000000005496e+00,6.9778937319994042e-13,5.4459885248901287e+02,5.9664595893975468e+02,3.9362013540611729e+03,1.3350685510818200e-01,1.0000000000000000e+00,

