1
1
9
0
(64 0
((0,0) (15,15) (0,0))
((16,0) (31,15) (0,0))
((32,0) (47,15) (0,0))
((48,0) (63,15) (0,0))
((64,0) (79,15) (0,0))
((80,0) (95,15) (0,0))
((96,0) (111,15) (0,0))
((112,0) (127,15) (0,0))
((0,16) (15,31) (0,0))
((16,16) (31,31) (0,0))
((32,16) (47,31) (0,0))
((48,16) (63,31) (0,0))
((64,16) (79,31) (0,0))
((80,16) (95,31) (0,0))
((96,16) (111,31) (0,0))
((112,16) (127,31) (0,0))
((0,32) (15,47) (0,0))
((16,32) (31,47) (0,0))
((32,32) (47,47) (0,0))
((48,32) (63,47) (0,0))
((64,32) (79,47) (0,0))
((80,32) (95,47) (0,0))
((96,32) (111,47) (0,0))
((112,32) (127,47) (0,0))
((0,48) (15,63) (0,0))
((16,48) (31,63) (0,0))
((32,48) (47,63) (0,0))
((48,48) (63,63) (0,0))
((64,48) (79,63) (0,0))
((80,48) (95,63) (0,0))
((96,48) (111,63) (0,0))
((112,48) (127,63) (0,0))
((0,64) (15,79) (0,0))
((16,64) (31,79) (0,0))
((32,64) (47,79) (0,0))
((48,64) (63,79) (0,0))
((64,64) (79,79) (0,0))
((80,64) (95,79) (0,0))
((96,64) (111,79) (0,0))
((112,64) (127,79) (0,0))
((0,80) (15,95) (0,0))
((16,80) (31,95) (0,0))
((32,80) (47,95) (0,0))
((48,80) (63,95) (0,0))
((64,80) (79,95) (0,0))
((80,80) (95,95) (0,0))
((96,80) (111,95) (0,0))
((112,80) (127,95) (0,0))
((0,96) (15,111) (0,0))
((16,96) (31,111) (0,0))
((32,96) (47,111) (0,0))
((48,96) (63,111) (0,0))
((64,96) (79,111) (0,0))
((80,96) (95,111) (0,0))
((96,96) (111,111) (0,0))
((112,96) (127,111) (0,0))
((0,112) (15,127) (0,0))
((16,112) (31,127) (0,0))
((32,112) (47,127) (0,0))
((48,112) (63,127) (0,0))
((64,112) (79,127) (0,0))
((80,112) (95,127) (0,0))
((96,112) (111,127) (0,0))
((112,112) (127,127) (0,0))
)
64
FabOnDisk: Cell_D_00000 0
FabOnDisk: Cell_D_00000 18514
FabOnDisk: Cell_D_00000 37029
FabOnDisk: Cell_D_00000 55544
FabOnDisk: Cell_D_00000 74059
FabOnDisk: Cell_D_00000 92574
FabOnDisk: Cell_D_00000 111089
FabOnDisk: Cell_D_00000 129605
FabOnDisk: Cell_D_00000 148122
FabOnDisk: Cell_D_00000 166637
FabOnDisk: Cell_D_00000 185153
FabOnDisk: Cell_D_00000 203669
FabOnDisk: Cell_D_00000 222185
FabOnDisk: Cell_D_00000 240701
FabOnDisk: Cell_D_00000 259217
FabOnDisk: Cell_D_00000 277734
FabOnDisk: Cell_D_00000 296252
FabOnDisk: Cell_D_00000 314767
FabOnDisk: Cell_D_00000 333283
FabOnDisk: Cell_D_00000 351799
FabOnDisk: Cell_D_00000 370315
FabOnDisk: Cell_D_00000 388831
FabOnDisk: Cell_D_00000 407347
FabOnDisk: Cell_D_00000 425864
FabOnDisk: Cell_D_00000 444382
FabOnDisk: Cell_D_00000 462897
FabOnDisk: Cell_D_00000 481413
FabOnDisk: Cell_D_00000 499929
FabOnDisk: Cell_D_00000 518445
FabOnDisk: Cell_D_00000 536961
FabOnDisk: Cell_D_00000 555477
FabOnDisk: Cell_D_00000 573994
FabOnDisk: Cell_D_00000 592512
FabOnDisk: Cell_D_00000 611027
FabOnDisk: Cell_D_00000 629543
FabOnDisk: Cell_D_00000 648059
FabOnDisk: Cell_D_00000 666575
FabOnDisk: Cell_D_00000 685091
FabOnDisk: Cell_D_00000 703607
FabOnDisk: Cell_D_00000 722124
FabOnDisk: Cell_D_00000 740642
FabOnDisk: Cell_D_00000 759157
FabOnDisk: Cell_D_00000 777673
FabOnDisk: Cell_D_00000 796189
FabOnDisk: Cell_D_00000 814705
FabOnDisk: Cell_D_00000 833221
FabOnDisk: Cell_D_00000 851737
FabOnDisk: Cell_D_00000 870254
FabOnDisk: Cell_D_00000 888772
FabOnDisk: Cell_D_00000 907288
FabOnDisk: Cell_D_00000 925805
FabOnDisk: Cell_D_00000 944322
FabOnDisk: Cell_D_00000 962839
FabOnDisk: Cell_D_00000 981356
FabOnDisk: Cell_D_00000 999873
FabOnDisk: Cell_D_00000 1018391
FabOnDisk: Cell_D_00000 1036910
FabOnDisk: Cell_D_00000 1055427
FabOnDisk: Cell_D_00000 1073945
FabOnDisk: Cell_D_00000 1092463
FabOnDisk: Cell_D_00000 1110981
FabOnDisk: Cell_D_00000 1129499
FabOnDisk: Cell_D_00000 1148017
FabOnDisk: Cell_D_00000 1166536

64,9
1.0000043273416985e+00,-6.5089453971648075e-03,9.9999999999993539e-01,4.4940943822150430e-15,-5.7192349601969072e-01,6.8468591990812622e-03,5.3365614315066361e-04,9.0550377377243592e-03,1.0000000000000000e+00,
1.0030592743665194e+00,-5.9111619757967184e-03,9.9999999999988465e-01,1.4474651828010979e-13,-6.2148452798457698e-01,-1.9117593575617847e-01,7.2954004848215653e-05,4.2766630666992191e-03,1.0000000000000000e+00,
1.0062054346484204e+00,-1.0192095231672921e-03,9.9999999999989242e-01,2.8363729994158173e-13,-4.6481357534981588e-01,-2.3364264973414239e-01,1.7218726297216214e-07,1.1111093610852805e-03,1.0000000000000000e+00,
1.0039008442694806e+00,5.3754703991428765e-05,9.9999999999997691e-01,4.1198807644854637e-13,-1.9926403123125400e-01,-1.8518808502144563e-01,2.7421452488025910e-06,2.5398283671843589e-04,1.0000000000000000e+00,
1.0018954585430926e+00,4.6624244174478291e-05,9.9999999999999356e-01,5.2472436062119253e-13,-7.1252055849154450e-02,-7.1081006113556222e-02,9.9656379251231164e-06,7.4292779599454802e-05,1.0000000000000000e+00,
1.0008900006239694e+00,2.5237586006801758e-05,9.9999999999997424e-01,6.1738183901508731e-13,-2.1430920412351388e-02,-2.0476736931506964e-02,1.5974392230007350e-08,2.8214740038230299e-05,1.0000000000000000e+00,
1.0004311304201599e+00,1.1737489542961779e-05,9.9999999999992073e-01,6.8625694469484382e-13,-6.4052817432165565e-03,-5.5930701519150494e-03,8.9926331386805738e-07,1.1296414338262646e-05,1.0000000000000000e+00,
1.0002480319740594e+00,3.6711171453395337e-06,9.9999999999978562e-01,7.2849684571195990e-13,-8.0566762901432033e-03,-1.5375840547289222e-03,2.4622299031747900e-07,1.8143729418593284e-06,1.0000000000000000e+00,
1.0000078219896069e+00,-2.0214590398472117e-02,9.9999999999991751e-01,4.4942067973897601e-15,-1.8198979642625175e+00,2.4776013780728640e-01,2.1368955130164624e-02,1.0275188224213704e-02,1.0000000000000000e+00,
1.0048562203083877e+00,-1.7702734825432550e-02,9.9999999999999312e-01,1.4695425262299593e-13,-1.8711780112480763e+00,-1.0923110661570066e+00,4.1631861391541736e-04,-9.0193089800372325e-04,1.0000000000000000e+00,
1.0070880178700417e+00,-1.0501927497558931e-03,1.0000000000000011e+00,2.8510382940702701e-13,-6.1650404507580814e-01,-1.0899607204732471e+00,5.6930317527889573e-06,-2.5692120776141798e-03,1.0000000000000000e+00,
1.0021733890327029e+00,2.3408476180868825e-03,1.0000000000000033e+00,4.1297836109592648e-13,-1.4294852881327030e-01,-3.8405591605323031e-01,1.0235413940989924e-04,-1.9260895456493818e-03,1.0000000000000000e+00,
1.0005081708020533e+00,1.5156177547528164e-03,1.0000000000000024e+00,5.2535146564395227e-13,-2.6656832553174699e-02,-8.4941723271207220e-02,2.1429797901484360e-07,-5.5274367048973835e-04,1.0000000000000000e+00,
1.0001232863488685e+00,7.8028750740560273e-04,1.0000000000000016e+00,6.1775843672117834e-13,-5.6312092323188134e-03,-2.1888480914737551e-02,5.2398171929840531e-07,-1.2240841788580876e-04,1.0000000000000000e+00,
1.0000339957957189e+00,3.5445257347396385e-04,1.0000000000000009e+00,6.8647561381618018e-13,-1.9446212934439450e-03,-5.8949826400678546e-03,2.4231080103867542e-05,-2.5297197575615077e-05,1.0000000000000000e+00,
1.0000125084218794e+00,1.0996051002882557e-04,9.9999999999999500e-01,7.2862672735062458e-13,-5.5232251985025986e-03,-1.6611259514413171e-03,3.8808753931827977e-08,-4.7752112475616196e-06,1.0000000000000000e+00,
1.0000254440677923e+00,-6.0623968528110167e-02,9.9999999999991818e-01,4.4348869793063833e-15,-8.9041517734189632e+00,6.4393260263838836e-01,1.7151357180916760e-02,1.4483319735239902e-02,1.0000000000000000e+00,
1.0135878332158026e+00,-5.7521016407172353e-02,9.9999999999997002e-01,1.4594129506894216e-13,-1.0787360594235253e+01,-9.9638731938720362e+00,5.9383219770947626e-04,-3.5299477694337028e-02,1.0000000000000000e+00,
9.9893133710730375e-01,1.7113698458460802e-03,9.9999999999998401e-01,2.8567654795841478e-13,-5.9793162779935982e-01,-6.0571487092902085e+00,4.4296846601898920e-05,-3.0422238733564585e-02,1.0000000000000000e+00,
9.9613237180677672e-01,5.4600031671709686e-03,9.9999999999999489e-01,4.1366857844485862e-13,8.2945803547259472e-02,-3.8043781600601051e-01,1.7021616736945244e-05,-4.0001713309564743e-03,1.0000000000000000e+00,
9.9668429624289590e-01,2.4157652052598133e-03,9.9999999999999745e-01,5.2579982065366847e-13,1.1182490960128053e-02,-5.4391036473517174e-02,1.1800695955133111e-06,-6.9575453331183256e-04,1.0000000000000000e+00,
9.9829238371539253e-01,9.6707566084465815e-04,9.9999999999999822e-01,6.1799659656324222e-13,2.8386176629651809e-03,-9.6079549305137391e-03,8.1389908702933500e-05,-1.4355887828127240e-04,1.0000000000000000e+00,
9.9919262897965544e-01,3.9315740881914335e-04,1.0000000000000000e+00,6.8660139742914459e-13,1.0245809091686728e-03,-2.9367924457470848e-03,4.9773986724723981e-05,-3.3777653336770974e-05,1.0000000000000000e+00,
9.9960648881081082e-01,1.1746934095013721e-04,9.9999999999999267e-01,7.2869842191727225e-13,-7.5799115746166866e-05,-1.1280807347272160e-03,5.4078807869718110e-06,-1.0395088715682313e-05,1.0000000000000000e+00,
8.3305558462864948e-01,-1.3200089536381518e-01,9.9999999999946132e-01,-3.9490233073161887e-13,-1.5508909572561821e+01,5.0970049823124697e-01,8.0477363886710673e-02,3.0491223831151531e-02,1.0000000000000000e+00,
-5.0396972872453505e-01,-6.6819966988391422e-01,0.0000000000000000e+00,-5.4311404650540204e-13,-6.6585701845665176e+02,-4.2140502332003615e+02,0.0000000000000000e+00,-8.2463848397266049e-01,0.0000000000000000e+00,
4.8505394565368315e-01,1.7870042419423108e-03,9.9999999999980316e-01,2.8278950457291854e-13,-4.9529329457710247e+01,-9.1271531654172016e+00,2.9147418399599889e-03,-7.2393394512983072e-02,1.0000000000000000e+00,
9.6968233419009842e-01,3.0439686838343728e-04,9.9999999999998479e-01,4.1509667438730253e-13,-1.4475949411771569e+00,1.1129043753756521e-02,3.1786355929046446e-04,-3.1800699309634936e-03,1.0000000000000000e+00,
9.9186540386237232e-01,9.1836136358980971e-05,9.9999999999999678e-01,5.2642240468285177e-13,-1.3629659584322523e-01,1.3524493003564514e-03,3.6215766807451335e-05,-3.1015798102279602e-04,1.0000000000000000e+00,
9.9698680206330570e-01,3.4455344211020467e-05,9.9999999999999800e-01,6.1827386970180686e-13,-1.7273923520223909e-02,1.8631193194599714e-04,7.3282127806208359e-06,-6.9276371739964690e-05,1.0000000000000000e+00,
9.9872990722632449e-01,1.3640688187804481e-05,9.9999999999999989e-01,6.8673029947829553e-13,-1.4776827188039505e-03,1.7215934253460730e-05,2.1816963586372283e-06,-2.5840406298691628e-05,1.0000000000000000e+00,
9.9940985087662493e-01,4.0400925274334693e-06,9.9999999999999245e-01,7.2876961173487673e-13,-6.0616479859309678e-04,-2.4145957920093097e-04,3.7407945229598629e-07,-1.0383429285972477e-05,1.0000000000000000e+00,
8.3305558462865348e-01,1.5846246442108463e-04,9.9999999999921430e-01,-4.3893795989297574e-13,-1.5508909572566420e+01,-4.7816468696440850e+01,8.0477363890085751e-02,3.0491223831148280e-02,1.0000000000000000e+00,
-5.0396972872458734e-01,-6.9549482737969348e-01,0.0000000000000000e+00,-5.8376461169951572e-13,-6.6585701845656649e+02,-5.4349213407722152e+02,0.0000000000000000e+00,-8.2463848397263684e-01,0.0000000000000000e+00,
4.8505394565368948e-01,-3.2549009669812939e-01,9.9999999999992040e-01,2.8214203518859808e-13,-4.9529329457709707e+01,-1.0172762202703734e+02,2.9147418387220903e-03,-7.2393394512991177e-02,1.0000000000000000e+00,
9.6968233419009942e-01,-2.1791082968706740e-02,9.9999999999999101e-01,4.1509998112061990e-13,-1.4475949411759419e+00,-1.3247210525873359e+00,3.1786355939185905e-04,-3.1800699309677011e-03,1.0000000000000000e+00,
9.9186540386237165e-01,-6.1663433384740790e-03,9.9999999999999456e-01,5.2642540073542484e-13,-1.3629659584408460e-01,-1.3454029394791120e-01,3.6215768106791744e-05,-3.1015798102529971e-04,1.0000000000000000e+00,
9.9698680206330603e-01,-2.1930974500998716e-03,9.9999999999999700e-01,6.1827730748214240e-13,-1.7273923519982824e-02,-1.9366200905951599e-02,7.3282126667958709e-06,-6.9276371740735517e-05,1.0000000000000000e+00,
9.9872990722632571e-01,-8.7566564497575572e-04,9.9999999999999978e-01,6.8673578816742777e-13,-1.4776827204343963e-03,-2.6390582958162045e-03,2.1816963726410546e-06,-2.5840406299550289e-05,1.0000000000000000e+00,
9.9940985087662471e-01,-3.5365018242482937e-04,9.9999999999999234e-01,7.2877288701244376e-13,-6.0616479674698107e-04,-1.6606575428007608e-04,3.7408043811697602e-07,-1.0383429287166030e-05,1.0000000000000000e+00,
1.0000254440677923e+00,6.5029301141649181e-04,9.9999999999921418e-01,4.4392011659788318e-15,-8.9041517734181532e+00,-6.2972326553340405e+00,1.7151357182343396e-02,1.4483319735237922e-02,1.0000000000000000e+00,
1.0135878332158093e+00,-2.9753635501128181e-02,1.0000000000000115e+00,1.4594459653927967e-13,-1.0787360594238331e+01,-2.5348153285809403e+00,5.9383219593867054e-04,-3.5299477694341233e-02,1.0000000000000000e+00,
9.9893133710731152e-01,-3.8634126988468562e-02,9.9999999999999156e-01,2.8568056756163603e-13,-5.9793162780072073e-01,-4.3721551185788987e-01,4.4296845463920320e-05,-3.0422238733571052e-02,1.0000000000000000e+00,
9.9613237180678071e-01,-2.0241330412935285e-02,9.9999999999999900e-01,4.1367384942166069e-13,8.2945803543752389e-02,-4.3225558937085717e-01,1.7021614501233628e-05,-4.0001713309623186e-03,1.0000000000000000e+00,
9.9668429624289911e-01,-6.4742792912019405e-03,1.0000000000000013e+00,5.2580601582945607e-13,1.1182490960193180e-02,-1.0777998595008387e-01,1.1800708119014125e-06,-6.9575453331186963e-04,1.0000000000000000e+00,
9.9829238371539408e-01,-2.6277799470629591e-03,1.0000000000000002e+00,6.1800578227117193e-13,2.8386176627212354e-03,-1.7686587177675711e-02,8.1389908622442331e-05,-1.4355887828324616e-04,1.0000000000000000e+00,
9.9919262897965677e-01,-1.1508626084881456e-03,9.9999999999999989e-01,6.8660905685472295e-13,1.0245809051689519e-03,-2.3171568367582325e-03,4.9773984602810226e-05,-3.3777653337336670e-05,1.0000000000000000e+00,
9.9960648881081104e-01,-4.8791107721832304e-04,9.9999999999999167e-01,7.2870782045388825e-13,-7.5799112828966314e-05,3.0074140645131118e-06,5.4078817653124833e-06,-1.0395088716867689e-05,1.0000000000000000e+00,
1.0000078219896067e+00,1.7864155038292524e-04,9.9999999999939448e-01,4.5026378783246201e-15,-1.8198979642624380e+00,-1.9389532006291523e+00,2.1368955127678418e-02,1.0275188224208533e-02,1.0000000000000000e+00,
1.0048562203083995e+00,-1.6767348213076087e-04,1.0000000000000113e+00,1.4694433860331243e-13,-1.8711780112459016e+00,-4.4875781799266246e-01,4.1631861518610230e-04,-9.0193089800995427e-04,1.0000000000000000e+00,
1.0070880178700492e+00,-7.9411338908254494e-03,1.0000000000000058e+00,2.8510849791241881e-13,-6.1650404507577516e-01,2.0767517067129138e-01,5.6930298216947839e-06,-2.5692120776158716e-03,1.0000000000000000e+00,
1.0021733890327078e+00,-7.9030380227220788e-03,1.0000000000000067e+00,4.1298462940077162e-13,-1.4294852880757347e-01,6.8452666103414800e-02,1.0235413747464173e-04,-1.9260895456508821e-03,1.0000000000000000e+00,
1.0005081708020556e+00,-5.0616832859092138e-03,1.0000000000000053e+00,5.2536089838392154e-13,-2.6656832555465138e-02,1.2489979352560335e-02,2.1429897717473168e-07,-5.5274367049164969e-04,1.0000000000000000e+00,
1.0001232863488705e+00,-2.4779816207226150e-03,1.0000000000000029e+00,6.1776801520215669e-13,-5.6312092367329595e-03,3.5571916361110010e-03,5.2398134667980267e-07,-1.2240841788661706e-04,1.0000000000000000e+00,
1.0000339957957203e+00,-1.1341923847956420e-03,1.0000000000000000e+00,6.8648857990523750e-13,-1.9446212919169113e-03,1.2847379436179834e-03,2.4231079177264997e-05,-2.5297197576202860e-05,1.0000000000000000e+00,
1.0000125084218805e+00,-4.8564055040844437e-04,9.9999999999999134e-01,7.2864042726469193e-13,-5.5232251981824762e-03,1.4480786523697126e-04,3.8808759070946275e-08,-4.7752112462559708e-06,1.0000000000000000e+00,
1.0000043273416985e+00,4.3268218945679075e-06,9.9999999999846623e-01,4.5098486807821895e-15,-5.7192349601832737e-01,-5.2690625930752777e-01,5.3365615679001367e-04,9.0550377377234328e-03,1.0000000000000000e+00,
1.0030592743664273e+00,4.9733160953537505e-05,9.9999999999876521e-01,1.4636611728920807e-13,-6.2148452799094822e-01,-1.9801692404842025e-01,7.2954032582237330e-05,4.2766630666929003e-03,1.0000000000000000e+00,
1.0062054346483853e+00,-2.0450151504526944e-03,9.9999999999950917e-01,2.8463085825222532e-13,-4.6481357534654844e-01,4.4207639716953989e-03,1.7218540499658319e-07,1.1111093610883061e-03,1.0000000000000000e+00,
1.0039008442694834e+00,-2.4213728699362226e-03,9.9999999999983591e-01,4.1259113252301588e-13,-1.9926403122248565e-01,2.7448460177292335e-03,2.7421399581995659e-06,2.5398283671754853e-04,1.0000000000000000e+00,
1.0018954585430953e+00,-2.2141726588239827e-03,9.9999999999993583e-01,5.2509153533696280e-13,-7.1252055850223345e-02,9.0258716903461687e-04,9.9656386592147234e-06,7.4292779599772704e-05,1.0000000000000000e+00,
1.0008900006239667e+00,-1.3756421798892505e-03,9.9999999999993561e-01,6.1760721398670068e-13,-2.1430920414813804e-02,2.5632890438866129e-04,1.5970489622603445e-08,2.8214740035949897e-05,1.0000000000000000e+00,
1.0004311304201556e+00,-7.0630464468574895e-04,9.9999999999993650e-01,6.8639830955079912e-13,-6.4052817453920958e-03,6.9469524567947194e-05,8.9925853643960454e-07,1.1296414340946449e-05,1.0000000000000000e+00,
1.0002480319740537e+00,-3.1857383022145788e-04,9.9999999999994071e-01,7.2858799411394875e-13,-8.0566762991289512e-03,4.9342906203612424e-06,2.4622806905384709e-07,1.8143729422229033e-06,1.0000000000000000e+00,

64,9
1.0041319381439819e+00,-4.3268218944219738e-06,1.0000000000000684e+00,1.4151701071730684e-13,-1.3824006418117207e-02,5.2690625930463153e-01,2.4840652647267421e+00,1.3273903558679230e-02,1.0000000000000000e+00,
1.0086641638540459e+00,-4.9733160951889972e-05,1.0000000000000324e+00,2.7856460823311959e-13,-3.6946097197114985e-01,1.9801692404999710e-01,1.8341093283736482e-02,9.7631998568769082e-03,1.0000000000000000e+00,
1.0087167777565371e+00,2.0450151504559822e-03,1.0000000000000313e+00,4.0638744227966585e-13,-1.6525468593300069e-01,-4.4207639705959312e-03,2.5960895599363987e-03,4.7919609881763147e-03,1.0000000000000000e+00,
1.0067921463987271e+00,2.4213728699384492e-03,1.0000000000000151e+00,5.1942978339384516e-13,-3.5311455075458853e-02,-2.7448460169466563e-03,2.9277999455741555e-03,1.8726807607465754e-03,1.0000000000000000e+00,
1.0040054789601751e+00,2.2141726588251480e-03,1.0000000000000158e+00,6.1297722930648109e-13,-7.9452131886741141e-03,-9.0258716940519717e-04,5.8739525417988991e-04,5.9944264344752242e-04,1.0000000000000000e+00,
1.0021886980302779e+00,1.3756421798906389e-03,1.0000000000000042e+00,6.8314010779951479e-13,-2.5470204559905020e-03,-2.5632890333509867e-04,3.0220212718482008e-04,1.8167141537980017e-04,1.0000000000000000e+00,
1.0011004232699765e+00,7.0630464468767850e-04,1.0000000000000102e+00,7.2693852734691707e-13,-1.1060814358870175e-03,-6.9469524235183863e-05,2.1067674601480410e-04,5.7833259979581415e-05,1.0000000000000000e+00,
1.0005549876525712e+00,3.1857383022155063e-04,1.0000000000000622e+00,7.4238115999076667e-13,9.5642568681156802e-05,-4.9342879145637897e-06,3.4372886765555587e-03,1.9084905769851408e-05,1.0000000000000000e+00,
1.0114515830179134e+00,-1.7864155038298355e-04,1.0000000000001605e+00,1.3833856239342963e-13,-2.5020222615485671e-02,1.9389532006299957e+00,7.1178199520444476e+00,2.4241348070012929e-02,1.0000000000000000e+00,
1.0194466980704844e+00,1.6767348213251557e-04,1.0000000000000127e+00,2.7720604876058262e-13,-5.0634670021892125e-01,4.4875781799454806e-01,5.5970671464428134e-02,1.2944377425686040e-02,1.0000000000000000e+00,
1.0182608704945961e+00,7.9411338908260028e-03,1.0000000000000131e+00,4.0602659262811205e-13,1.7288012254928864e-01,-2.0767517067285907e-01,1.4546293472273569e-02,3.8459595231168722e-03,1.0000000000000000e+00,
1.0077342869095041e+00,7.9030380227217076e-03,1.0000000000000075e+00,5.1929720157858485e-13,1.8066129285660107e-01,-6.8452666104173818e-02,8.9089539577917598e-03,8.9213990291674258e-04,1.0000000000000000e+00,
1.0036919443831414e+00,5.0616832859091071e-03,1.0000000000000062e+00,6.1287403490577298e-13,7.9434990152199819e-02,-1.2489979352483707e-02,5.6270874168734553e-04,1.8755951129910113e-04,1.0000000000000000e+00,
1.0017554855895543e+00,2.4779816207209805e-03,1.0000000000000056e+00,6.8305424803202386e-13,1.8992124131971020e-02,-3.5571916359941448e-03,1.4101033220734194e-04,5.6549111739286034e-05,1.0000000000000000e+00,
1.0008160181803749e+00,1.1341923847954210e-03,1.0000000000000060e+00,7.2688061174675166e-13,4.0467205075661716e-03,-1.2847379424005901e-03,9.9945504361542703e-05,2.3131978804594145e-05,1.0000000000000000e+00,
1.0003952517361272e+00,4.8564055040830820e-04,1.0000000000000122e+00,7.4236211790654951e-13,8.6734177921092147e-04,-1.4480786496337168e-04,5.1602567170648756e-03,9.6453816886031481e-06,1.0000000000000000e+00,
1.0321603672326838e+00,-6.5029301141665454e-04,1.0000000000001599e+00,1.3830129934391218e-13,-8.1346113589106372e-02,6.2972326553348514e+00,1.5481691390419428e+01,6.1231449283112450e-02,1.0000000000000000e+00,
1.0734556838952867e+00,2.9753635501123692e-02,1.0000000000000160e+00,2.7897040347775230e-13,3.0168969774938530e+00,2.5348153285812804e+00,2.4478390328704636e-01,2.2175354734796180e-02,1.0000000000000000e+00,
1.0490901132871160e+00,3.8634126988463705e-02,1.0000000000000107e+00,4.0747122586581085e-13,4.2429804882528606e+00,4.3721551185755325e-01,2.3243996649967014e-01,-2.0376969460607916e-03,1.0000000000000000e+00,
1.0076162190296787e+00,2.0241330412934539e-02,1.0000000000000060e+00,5.1995101411790722e-13,8.5935914472486719e-01,4.3225558936969471e-01,1.3226080219855274e-02,-4.2857149671688625e-04,1.0000000000000000e+00,
1.0017751496931611e+00,6.4742792912003402e-03,1.0000000000000049e+00,6.1316543047331879e-13,1.1501718586018771e-01,1.0777998595017271e-01,2.7917035366344101e-03,-8.7227570715117333e-05,1.0000000000000000e+00,
1.0003448196419598e+00,2.6277799470612478e-03,1.0000000000000033e+00,6.8319431175822549e-13,2.1938953311223294e-02,1.7686587177367430e-02,5.7856558981494999e-04,-2.9048489880447497e-05,1.0000000000000000e+00,
1.0000558045542280e+00,1.1508626084867999e-03,1.0000000000000024e+00,7.2695552223868492e-13,4.6562284804644348e-03,2.3171568372648533e-03,1.5654791918730607e-04,-6.1221822714685907e-06,1.0000000000000000e+00,
1.0000035471174871e+00,4.8791107721736293e-04,1.0000000000000020e+00,7.4241968239776863e-13,5.5368129043925282e-03,-3.0074130356974073e-06,5.1730768898686306e-03,-7.7997750607143225e-08,1.0000000000000000e+00,
1.0331585311420910e+00,-1.5846246441968942e-04,1.0000000000001892e+00,1.3704573077865472e-13,5.6505106516804702e+01,4.7816468696436942e+01,1.4967621326721092e+01,2.6183124070234925e-01,1.0000000000000000e+00,
1.5144190778226851e+00,6.9549482737973378e-01,1.0000000000001594e+00,7.9050129574470783e-13,7.1710796614534888e+02,5.4349213407716059e+02,2.4409497899885732e+03,5.0300383873700150e-01,1.0000000000000000e+00,
1.0644299236540586e+00,3.2549009669813800e-01,1.0000000000001306e+00,4.0890081077853119e-13,6.6206911158321716e+01,1.0172762202702827e+02,4.0268499490791669e+01,1.2330495568388666e-01,1.0000000000000000e+00,
9.9661083941049355e-01,2.1791082968702864e-02,1.0000000000000049e+00,5.2034072916257923e-13,8.3672042485433518e-01,1.3247210525866133e+00,5.8200392738878837e-02,5.9315961635064175e-03,1.0000000000000000e+00,
9.9806973436541502e-01,6.1663433384715792e-03,1.0000000000000011e+00,6.1331178364963526e-13,5.9505791405848905e-02,1.3454029394774644e-01,3.6848092306071556e-03,6.3641610102231497e-04,1.0000000000000000e+00,
9.9910122047665473e-01,2.1930974500975358e-03,1.0000000000000000e+00,6.8325890096362849e-13,7.9628577628214677e-03,1.9366200904949275e-02,5.8987054852646659e-04,6.1391399985324127e-05,1.0000000000000000e+00,
9.9956698171840086e-01,8.7566564497349375e-04,1.0000000000000000e+00,7.2698993112778424e-13,2.3100384971215734e-03,2.6390582958393089e-03,1.5149402473055643e-04,-7.9975821499980833e-06,1.0000000000000000e+00,
9.9975156579746360e-01,3.5365018242347460e-04,1.0000000000000013e+00,7.4244584392031747e-13,7.9687068079043015e-03,1.6606575477072093e-04,3.6950121261898746e-03,-1.8156509929034004e-06,1.0000000000000000e+00,
1.0331585311420994e+00,1.3200089536382376e-01,1.0000000000002729e+00,1.3707253943383353e-13,5.6505106516804702e+01,-5.0970049823183194e-01,1.4967621326723274e+01,2.6183124070235020e-01,1.0000000000000000e+00,
1.5144190778226634e+00,6.6819966988390089e-01,1.0000000000002014e+00,8.1372067845587959e-13,7.1710796614527499e+02,4.2140502331999619e+02,2.4409497899884245e+03,5.0300383873700771e-01,1.0000000000000000e+00,
1.0644299236540677e+00,-1.7870042419481712e-03,1.0000000000001159e+00,4.0890058122919860e-13,6.6206911158332346e+01,9.1271531654186902e+00,4.0268499490795442e+01,1.2330495568388758e-01,1.0000000000000000e+00,
9.9661083941049911e-01,-3.0439686838775885e-04,1.0000000000000031e+00,5.2034061030623304e-13,8.3672042485288700e-01,-1.1129043753205529e-02,5.8200392737563222e-02,5.9315961635065502e-03,1.0000000000000000e+00,
9.9806973436541702e-01,-9.1836136361720722e-05,1.0000000000000031e+00,6.1331128641072579e-13,5.9505791404560734e-02,-1.3524492999692828e-03,3.6848092292027235e-03,6.3641610102249690e-04,1.0000000000000000e+00,
9.9910122047665595e-01,-3.4455344213350620e-05,1.0000000000000024e+00,6.8325858878096759e-13,7.9628577642331735e-03,-1.8631193179193201e-04,5.8987054934907246e-04,6.1391399985587453e-05,1.0000000000000000e+00,
9.9956698171840064e-01,-1.3640688189471115e-05,1.0000000000000000e+00,7.2699035089970777e-13,2.3100384967516003e-03,-1.7215935088028063e-05,1.5149402523345276e-04,-7.9975821501536528e-06,1.0000000000000000e+00,
9.9975156579746416e-01,-4.0400925277139499e-06,1.0000000000000000e+00,7.4244649960040323e-13,7.9687068071369015e-03,2.4145957941485927e-04,3.6950121265338378e-03,-1.8156509928777073e-06,1.0000000000000000e+00,
1.0321603672326924e+00,6.0623968528117578e-02,1.0000000000002314e+00,1.3833878257777902e-13,-8.1346113588467647e-02,-6.4393260263841612e-01,1.5481691390415298e+01,6.1231449283118369e-02,1.0000000000000000e+00,
1.0734556838952993e+00,5.7521016407178313e-02,1.0000000000000548e+00,2.7897588286433645e-13,3.0168969774903398e+00,9.9638731938727485e+00,2.4478390328840083e-01,2.2175354734792270e-02,1.0000000000000000e+00,
1.0490901132871273e+00,-1.7113698458451707e-03,1.0000000000000184e+00,4.0747239422759845e-13,4.2429804882526296e+00,6.0571487092907361e+00,2.3243996650012533e-01,-2.0376969460676525e-03,1.0000000000000000e+00,
1.0076162190296811e+00,-5.4600031671721240e-03,1.0000000000000078e+00,5.1995479654101176e-13,8.5935914472503283e-01,3.8043781600709398e-01,1.3226080222755732e-02,-4.2857149671855663e-04,1.0000000000000000e+00,
1.0017751496931659e+00,-2.4157652052618247e-03,1.0000000000000073e+00,6.1317013524228098e-13,1.1501718586119207e-01,5.4391036474813387e-02,2.7917035360348896e-03,-8.7227570716001459e-05,1.0000000000000000e+00,
1.0003448196419626e+00,-9.6707566084681636e-04,1.0000000000000053e+00,6.8319782914170808e-13,2.1938953313377779e-02,9.6079549309292071e-03,5.7856558863048080e-04,-2.9048489881430557e-05,1.0000000000000000e+00,
1.0000558045542296e+00,-3.9315740882063375e-04,1.0000000000000047e+00,7.2696166203536463e-13,4.6562284813907069e-03,2.9367924458773504e-03,1.5654791870991017e-04,-6.1221822704339094e-06,1.0000000000000000e+00,
1.0000035471174882e+00,-1.1746934095060981e-04,1.0000000000000000e+00,7.4242541514606826e-13,5.5368129027297229e-03,1.1280807358992617e-03,5.1730768903116573e-03,-7.7997751005887532e-08,1.0000000000000000e+00,
1.0114515830179214e+00,2.0214590398471115e-02,1.0000000000001523e+00,1.3838398477891424e-13,-2.5020222617239823e-02,-2.4776013780557077e-01,7.1178199520481673e+00,2.4241348070022116e-02,1.0000000000000000e+00,
1.0194466980704908e+00,1.7702734825432005e-02,1.0000000000000362e+00,2.7720967709131116e-13,-5.0634670022078565e-01,1.0923110661566169e+00,5.5970671467037159e-02,1.2944377425683671e-02,1.0000000000000000e+00,
1.0182608704946059e+00,1.0501927497607436e-03,1.0000000000000315e+00,4.0603077874455326e-13,1.7288012255024404e-01,1.0899607204718644e+00,1.4546293474807653e-02,3.8459595231111702e-03,1.0000000000000000e+00,
1.0077342869095107e+00,-2.3408476180843494e-03,1.0000000000000209e+00,5.1930443845072229e-13,1.8066129285356691e-01,3.8405591605272771e-01,8.9089539570000320e-03,8.9213990292182305e-04,1.0000000000000000e+00,
1.0036919443831451e+00,-1.5156177547516044e-03,1.0000000000000122e+00,6.1288053624395766e-13,7.9434990155187485e-02,8.4941723271226927e-02,5.6270874253874781e-04,1.8755951129711528e-04,1.0000000000000000e+00,
1.0017554855895563e+00,-7.8028750740334444e-04,1.0000000000000082e+00,6.8306382108580013e-13,1.8992124131139067e-02,2.1888480913986971e-02,1.4101033120328399e-04,5.6549111737619452e-05,1.0000000000000000e+00,
1.0008160181803722e+00,-3.5445257347388481e-04,1.0000000000000060e+00,7.2688885218752961e-13,4.0467205082405566e-03,5.8949826388344072e-03,9.9945503004815472e-05,2.3131978802629306e-05,1.0000000000000000e+00,
1.0003952517361270e+00,-1.0996051002904989e-04,1.0000000000000000e+00,7.4237197187976419e-13,8.6734178144787135e-04,1.6611259499964737e-03,5.1602567161834192e-03,9.6453816896059843e-06,1.0000000000000000e+00,
1.0041319381439955e+00,6.5089453971532516e-03,1.0000000000002969e+00,1.3869207795594097e-13,-1.3824006417957613e-02,-6.8468592009384571e-03,2.4840652647256634e+00,1.3273903558678727e-02,1.0000000000000000e+00,
1.0086641638540592e+00,5.9111619757905758e-03,1.0000000000002562e+00,2.7679055903767277e-13,-3.6946097196862981e-01,1.9117593575413999e-01,1.8341093284263144e-02,9.7631998568735827e-03,1.0000000000000000e+00,
1.0087167777565496e+00,1.0192095231723660e-03,1.0000000000001001e+00,4.0537103625409365e-13,-1.6525468593254317e-01,2.3364264973437687e-01,2.5960895576142111e-03,4.7919609881709249e-03,1.0000000000000000e+00,
1.0067921463987330e+00,-5.3754703990119347e-05,1.0000000000000380e+00,5.1885889505720370e-13,-3.5311455076113357e-02,1.8518808502176387e-01,2.9277999460747967e-03,1.8726807607471847e-03,1.0000000000000000e+00,
1.0040054789601618e+00,-4.6624244174242911e-05,1.0000000000000133e+00,6.1264008200263555e-13,-7.9452131912482824e-03,7.1081006114033590e-02,5.8739525105183654e-04,5.9944264344603977e-04,1.0000000000000000e+00,
1.0021886980302728e+00,-2.5237586006974637e-05,1.0000000000000073e+00,6.8293928595117338e-13,-2.5470204597882184e-03,2.0476736931561747e-02,3.0220212666382841e-04,1.8167141537818197e-04,1.0000000000000000e+00,
1.0011004232699776e+00,-1.1737489542502479e-05,1.0000000000000060e+00,7.2682189244851442e-13,-1.1060814345183589e-03,5.5930701520382833e-03,2.1067674322473450e-04,5.7833259979943051e-05,1.0000000000000000e+00,
1.0005549876525761e+00,-3.6711171462506684e-06,1.0000000000000233e+00,7.4231993088467462e-13,9.5642570355660003e-05,1.5375840572014183e-03,3.4372886734282209e-03,1.9084905769667436e-05,1.0000000000000000e+00,

