1
1
8
0
(5 0
((112,96) (127,111) (0,0))
((0,112) (31,127) (0,0))
((32,112) (63,127) (0,0))
((64,112) (95,127) (0,0))
((96,112) (127,127) (0,0))
)
5
FabOnDisk: Cell_D_00002 0
FabOnDisk: Cell_D_00003 0
FabOnDisk: Cell_D_00001 0
FabOnDisk: Cell_D_00000 0
FabOnDisk: Cell_D_00002 16471

5,8
-2.4806925133643265e-01,-6.5357597640549991e-01,9.9958637070189937e-01,0.0000000000000000e+00,-3.8229562449431265e-01,-6.9548859186600087e-01,1.6267980258155212e-01,-7.5531866176451273e-02,
-7.9191788733904728e-02,8.3840929576627196e-04,9.9999999999804878e-01,0.0000000000000000e+00,-4.9600683783455357e-01,-1.1275696644132472e+01,5.3467689229291793e-04,-1.9813299176170474e-01,
-4.7864972784441864e-02,-3.3223080285425467e-03,9.9999999999881828e-01,0.0000000000000000e+00,-1.3331755155924416e-01,-1.3113419483755454e-01,1.9636393228267579e-01,-7.8323179508734287e-03,
-2.7357143933609187e-02,-3.9034141254341639e-03,9.9999989841872372e-01,0.0000000000000000e+00,-1.4639916213421778e+00,-4.5335442148955407e-01,6.1826516248347874e-01,-4.0579427356992270e-02,
-6.4183838327991113e-02,-6.7585937675216701e-01,9.9998028416372908e-01,0.0000000000000000e+00,-3.3088087380554926e-01,-8.1653877030677735e-01,7.4547296296844001e-01,-5.8647458008040484e-02,

5,8
8.2682590982336282e-02,-2.7167580003122839e-02,1.0004713499833375e+00,0.0000000000000000e+00,1.0204307749499284e+00,7.4167169093145957e-01,2.7456191333294029e+01,3.6797411867645347e-03,
8.7782073806196426e-01,2.0784183914008020e-01,1.0000000000052141e+00,0.0000000000000000e+00,3.2294230082783756e+01,2.4098801318726890e+00,7.5669672267145117e+01,-1.3991442093023595e-03,
9.1615181174711313e-01,5.8999943811185715e-02,1.0000000000008564e+00,0.0000000000000000e+00,4.0792482815101283e-01,4.6695040861403092e-01,2.6666434203247665e+01,-1.8057989111123032e-03,
9.4207031590097179e-01,8.2378135329401359e-02,1.0000000000425597e+00,0.0000000000000000e+00,7.5264439849803888e-01,2.1974825371967027e-01,1.9492808437970734e+01,-7.0474971543526641e-03,
9.4362340897880037e-01,7.9398546291588851e-02,1.0007630955510434e+00,0.0000000000000000e+00,6.2091182653568083e+01,3.5291639348572943e+01,7.0426440635880994e+01,9.3853681986689541e-01,

