1
1
1
1
(64 0
((0,64) (16,80) (1,1))
((16,64) (32,80) (1,1))
((32,64) (48,80) (1,1))
((48,64) (64,80) (1,1))
((64,64) (80,80) (1,1))
((80,64) (96,80) (1,1))
((96,64) (112,80) (1,1))
((112,64) (128,80) (1,1))
((0,80) (16,96) (1,1))
((16,80) (32,96) (1,1))
((32,80) (48,96) (1,1))
((48,80) (64,96) (1,1))
((64,80) (80,96) (1,1))
((80,80) (96,96) (1,1))
((96,80) (112,96) (1,1))
((112,80) (128,96) (1,1))
((0,96) (16,112) (1,1))
((16,96) (32,112) (1,1))
((32,96) (48,112) (1,1))
((48,96) (64,112) (1,1))
((64,96) (80,112) (1,1))
((80,96) (96,112) (1,1))
((96,96) (112,112) (1,1))
((112,96) (128,112) (1,1))
((0,112) (16,128) (1,1))
((16,112) (32,128) (1,1))
((32,112) (48,128) (1,1))
((48,112) (64,128) (1,1))
((64,112) (80,128) (1,1))
((80,112) (96,128) (1,1))
((96,112) (112,128) (1,1))
((112,112) (128,128) (1,1))
((0,128) (16,144) (1,1))
((16,128) (32,144) (1,1))
((32,128) (48,144) (1,1))
((48,128) (64,144) (1,1))
((64,128) (80,144) (1,1))
((80,128) (96,144) (1,1))
((96,128) (112,144) (1,1))
((112,128) (128,144) (1,1))
((0,144) (16,160) (1,1))
((16,144) (32,160) (1,1))
((32,144) (48,160) (1,1))
((48,144) (64,160) (1,1))
((64,144) (80,160) (1,1))
((80,144) (96,160) (1,1))
((96,144) (112,160) (1,1))
((112,144) (128,160) (1,1))
((0,160) (16,176) (1,1))
((16,160) (32,176) (1,1))
((32,160) (48,176) (1,1))
((48,160) (64,176) (1,1))
((64,160) (80,176) (1,1))
((80,160) (96,176) (1,1))
((96,160) (112,176) (1,1))
((112,160) (128,176) (1,1))
((0,176) (16,192) (1,1))
((16,176) (32,192) (1,1))
((32,176) (48,192) (1,1))
((48,176) (64,192) (1,1))
((64,176) (80,192) (1,1))
((80,176) (96,192) (1,1))
((96,176) (112,192) (1,1))
((112,176) (128,192) (1,1))
)
64
FabOnDisk: SD_1_New_MF_D_00000 0
FabOnDisk: SD_1_New_MF_D_00000 2972
FabOnDisk: SD_1_New_MF_D_00000 5944
FabOnDisk: SD_1_New_MF_D_00000 8916
FabOnDisk: SD_1_New_MF_D_00000 11888
FabOnDisk: SD_1_New_MF_D_00000 14860
FabOnDisk: SD_1_New_MF_D_00000 17832
FabOnDisk: SD_1_New_MF_D_00000 20805
FabOnDisk: SD_1_New_MF_D_00000 23779
FabOnDisk: SD_1_New_MF_D_00000 26751
FabOnDisk: SD_1_New_MF_D_00000 29723
FabOnDisk: SD_1_New_MF_D_00000 32695
FabOnDisk: SD_1_New_MF_D_00000 35667
FabOnDisk: SD_1_New_MF_D_00000 38639
FabOnDisk: SD_1_New_MF_D_00000 41611
FabOnDisk: SD_1_New_MF_D_00000 44584
FabOnDisk: SD_1_New_MF_D_00000 47558
FabOnDisk: SD_1_New_MF_D_00000 50531
FabOnDisk: SD_1_New_MF_D_00000 53504
FabOnDisk: SD_1_New_MF_D_00000 56477
FabOnDisk: SD_1_New_MF_D_00000 59450
FabOnDisk: SD_1_New_MF_D_00000 62423
FabOnDisk: SD_1_New_MF_D_00000 65396
FabOnDisk: SD_1_New_MF_D_00000 68370
FabOnDisk: SD_1_New_MF_D_00000 71345
FabOnDisk: SD_1_New_MF_D_00000 74319
FabOnDisk: SD_1_New_MF_D_00000 77293
FabOnDisk: SD_1_New_MF_D_00000 80267
FabOnDisk: SD_1_New_MF_D_00000 83241
FabOnDisk: SD_1_New_MF_D_00000 86215
FabOnDisk: SD_1_New_MF_D_00000 89189
FabOnDisk: SD_1_New_MF_D_00000 92164
FabOnDisk: SD_1_New_MF_D_00000 95140
FabOnDisk: SD_1_New_MF_D_00000 98114
FabOnDisk: SD_1_New_MF_D_00000 101088
FabOnDisk: SD_1_New_MF_D_00000 104062
FabOnDisk: SD_1_New_MF_D_00000 107036
FabOnDisk: SD_1_New_MF_D_00000 110010
FabOnDisk: SD_1_New_MF_D_00000 112984
FabOnDisk: SD_1_New_MF_D_00000 115959
FabOnDisk: SD_1_New_MF_D_00000 118935
FabOnDisk: SD_1_New_MF_D_00000 121909
FabOnDisk: SD_1_New_MF_D_00000 124883
FabOnDisk: SD_1_New_MF_D_00000 127857
FabOnDisk: SD_1_New_MF_D_00000 130831
FabOnDisk: SD_1_New_MF_D_00000 133805
FabOnDisk: SD_1_New_MF_D_00000 136779
FabOnDisk: SD_1_New_MF_D_00000 139754
FabOnDisk: SD_1_New_MF_D_00000 142730
FabOnDisk: SD_1_New_MF_D_00000 145704
FabOnDisk: SD_1_New_MF_D_00000 148678
FabOnDisk: SD_1_New_MF_D_00000 151652
FabOnDisk: SD_1_New_MF_D_00000 154626
FabOnDisk: SD_1_New_MF_D_00000 157600
FabOnDisk: SD_1_New_MF_D_00000 160574
FabOnDisk: SD_1_New_MF_D_00000 163549
FabOnDisk: SD_1_New_MF_D_00000 166525
FabOnDisk: SD_1_New_MF_D_00000 169499
FabOnDisk: SD_1_New_MF_D_00000 172473
FabOnDisk: SD_1_New_MF_D_00000 175447
FabOnDisk: SD_1_New_MF_D_00000 178421
FabOnDisk: SD_1_New_MF_D_00000 181395
FabOnDisk: SD_1_New_MF_D_00000 184369
FabOnDisk: SD_1_New_MF_D_00000 187344

64,1
-6.7807524666199515e+02,
-6.7700390994062354e+02,
-7.1869280894315216e+02,
-6.3545336170754763e+02,
-3.9947842835964229e+02,
-4.0173689013092689e+02,
-3.5521895963020233e+02,
-3.0916147320527762e+02,
-9.5090171544265922e+02,
-1.0243686124035971e+03,
-9.5894862761599734e+02,
-9.3784448691191437e+02,
-7.0186459880334314e+02,
-7.2900853824998785e+02,
-7.2900853824998785e+02,
-3.0916147320527762e+02,
-1.4979346402886322e+03,
-1.2432377377222115e+03,
-1.0969958615318337e+03,
-1.0384077049568668e+03,
-7.7378068401178189e+02,
-8.2865063664469881e+02,
-7.4074612884074349e+02,
-4.1326979099426535e+02,
-2.0116614720240777e+03,
-1.3896779155466379e+03,
-5.1833947132407957e+03,
-4.4613128773770650e+03,
-7.9249911311297456e+02,
-9.9809575315494976e+02,
-6.0074787002555968e+02,
-4.1437914171845978e+02,
-2.0962620544907973e+03,
-1.3543123906402379e+03,
-5.1877016815986344e+03,
-4.3340057481834210e+03,
-7.1152260761009302e+02,
-1.0107543058273504e+03,
-5.9278460594146463e+02,
-1.7074113206081029e+02,
-2.0105090595672623e+03,
-1.2576882742930234e+03,
-1.2288269934351229e+03,
-1.1287271647664629e+03,
-8.1848614443884526e+02,
-6.5999510397828817e+02,
-5.7482672312178420e+02,
-2.2105816119205974e+02,
-1.8997631841929017e+03,
-1.3286917499732972e+03,
-8.8875137335491763e+02,
-8.4552016916770981e+02,
-7.7379453117950834e+02,
-6.0153941727184247e+02,
-3.6630536660149892e+02,
-4.0189056017936218e+02,
-1.5263212231792277e+03,
-1.0409028115156466e+03,
-6.7270724940621221e+02,
-6.3709074296841754e+02,
-5.7685940704983659e+02,
-4.8970295776496141e+02,
-2.7890849884228282e+02,
-4.3897049730121762e+02,

64,1
-1.0256609132066660e+02,
-9.7985430730748249e+01,
-8.7501057106657299e+01,
-1.9117376568943200e+01,
-3.1170026744679490e+01,
-5.4305336608443213e+01,
-4.0730716138486059e+01,
2.6349850523391069e+01,
-5.6169737802131021e+02,
-5.3156127512327612e+02,
-5.7394819076185604e+02,
-3.3457432856915966e+02,
-2.6125438288984651e+02,
-2.6125438288984651e+02,
-5.5317180161168380e+01,
2.5406024814219563e+01,
-8.5155204724279838e+02,
-7.0291859712174937e+02,
-8.5442803902810783e+02,
-4.2238830483459196e+02,
-3.9277902939213527e+02,
-4.7554237801906356e+02,
-8.3325243531102842e+01,
1.4185676297987538e+02,
-1.2432377377222115e+03,
-1.0969958615318337e+03,
0.0000000000000000e+00,
0.0000000000000000e+00,
-3.6123302742945771e+02,
-3.6879605017418226e+02,
-1.0212322724847854e+02,
1.7492656900908105e+02,
-1.1204016480085938e+03,
-9.6813770435092056e+02,
0.0000000000000000e+00,
0.0000000000000000e+00,
-3.7266036959348821e+02,
-3.5369084014572809e+02,
1.5050005627226165e+02,
2.5492333585105825e+02,
-1.0926901399624949e+03,
-8.2648262621203912e+02,
-6.5859023635222866e+02,
-4.3494663491480151e+02,
-5.2147956817569502e+02,
-3.3744734671465312e+02,
2.9643106424714642e+02,
3.1169227455214968e+02,
-1.0409028115156466e+03,
-5.3242567150449713e+02,
-5.3242567150449713e+02,
-5.7685940704983659e+02,
-4.7229574615702359e+02,
-2.5224519224657297e+02,
2.0066327198688441e+02,
2.7882328874201539e+02,
-1.2443313550183939e+02,
-8.8952920745833580e+01,
-6.5157837685842878e+01,
-4.8327559446475334e+01,
-3.3572136206278174e+01,
-1.8551561632231824e+01,
-8.3266422343581326e+00,
-1.2997393699797612e+00,

