1
1
2
4
(6 0
((32,112) (47,127) (0,0))
((48,112) (63,127) (0,0))
((64,112) (71,127) (0,0))
((32,128) (47,143) (0,0))
((48,128) (63,143) (0,0))
((64,128) (71,143) (0,0))
)
6
FabOnDisk: SD_2_Old_MF_D_00001 0
FabOnDisk: SD_2_Old_MF_D_00003 0
FabOnDisk: SD_2_Old_MF_D_00003 9302
FabOnDisk: SD_2_Old_MF_D_00000 0
FabOnDisk: SD_2_Old_MF_D_00002 0
FabOnDisk: SD_2_Old_MF_D_00002 9302

6,2
-7.3277608951197442e+02,-3.8894125128766950e+02,
-5.5668147699981591e+02,-5.1153701492151527e+02,
-4.3327801415995260e+01,-2.6367344421830417e+01,
-7.3277608951328307e+02,-5.2993552270183397e+02,
-5.5668147699981523e+02,-5.4190755709283030e+02,
-4.3327801416001620e+01,-2.0854922476473379e+02,

6,2
1.6017555031390924e+02,5.2993552270147518e+02,
8.7148891555452224e+02,5.4190755709306188e+02,
3.6546721663624936e+02,2.0854922476492141e+02,
1.6017555031391026e+02,3.8894125128782571e+02,
8.7148891555462524e+02,5.1153701492159985e+02,
3.6546721663611851e+02,2.6367344421808401e+01,

