1
1
9
0
(9 0
((80,232) (95,247) (0,0))
((96,232) (111,247) (0,0))
((112,232) (119,247) (0,0))
((80,248) (95,263) (0,0))
((96,248) (111,263) (0,0))
((112,248) (119,263) (0,0))
((80,264) (95,279) (0,0))
((96,264) (111,279) (0,0))
((112,264) (119,279) (0,0))
)
9
FabOnDisk: Cell_D_00000 0
FabOnDisk: Cell_D_00000 18518
FabOnDisk: Cell_D_00000 37037
FabOnDisk: Cell_D_00000 46341
FabOnDisk: Cell_D_00000 64859
FabOnDisk: Cell_D_00000 83378
FabOnDisk: Cell_D_00000 92682
FabOnDisk: Cell_D_00000 111200
FabOnDisk: Cell_D_00000 129719

9,9
-2.4284654925456645e-01,-7.5385689714844673e-01,0.0000000000000000e+00,-1.8287821181837629e-13,-1.2461933384073852e+03,-5.7306909033271666e+02,0.0000000000000000e+00,-3.8128987423788896e+00,0.0000000000000000e+00,
-1.2027992155339541e-01,-6.2191552747603063e-01,0.0000000000000000e+00,0.0000000000000000e+00,-5.9810631799932730e+02,-4.7379422600463386e+02,0.0000000000000000e+00,-1.4065048565153289e+00,0.0000000000000000e+00,
4.7631004458740862e-02,-3.7726280960143888e-01,9.9999999999982825e-01,2.2110723519563862e-13,-4.0217689345477828e+02,-5.4699572814426710e+02,1.2145257776907670e-02,-9.4098597794155969e-01,1.0000000000000000e+00,
0.0000000000000000e+00,-6.6400206938246054e-01,0.0000000000000000e+00,0.0000000000000000e+00,-5.7694993302820421e+02,-5.5760915143197371e+02,0.0000000000000000e+00,0.0000000000000000e+00,0.0000000000000000e+00,
-3.2341839934517941e-01,-6.5954548327212792e-01,0.0000000000000000e+00,0.0000000000000000e+00,-5.9566423978099806e+02,-6.6135429222078176e+02,0.0000000000000000e+00,-7.9853161781690662e-01,0.0000000000000000e+00,
-6.0353418143799953e-01,-6.8074114972165911e-01,9.9999999999974953e-01,2.5959320131831717e-13,-3.2379420495363468e+02,-5.5258607420623844e+02,1.0618538092117242e+02,-9.0734797131251921e-01,1.0000000000000000e+00,
-2.4284654925477464e-01,-2.1708762681585148e-01,0.0000000000000000e+00,-2.0774135818455377e-13,-1.2461933383278740e+03,-4.4451938681506567e+02,0.0000000000000000e+00,-3.8128987418369236e+00,0.0000000000000000e+00,
-1.2027992155338668e-01,-2.8549585231898805e-01,0.0000000000000000e+00,0.0000000000000000e+00,-5.9810631813452642e+02,-3.4446698187866673e+02,0.0000000000000000e+00,-1.4065048562952689e+00,0.0000000000000000e+00,
4.7631004458784772e-02,-7.7667666542431946e-01,9.9999999999971645e-01,2.1934869748872414e-13,-4.0217689345463509e+02,-1.2430994795035133e+02,1.2145257736406734e-02,-9.4098597794150862e-01,1.0000000000000000e+00,

9,9
1.5309001760658767e+00,2.1708762681711627e-01,1.0000000000002203e+00,8.2424365906754188e-13,1.2563483336687170e+01,4.4451938681446683e+02,1.1726784561236038e+04,2.8330262573736753e-01,1.0000000000000000e+00,
1.5482343017976590e+00,2.8549585231896107e-01,1.0000000000002360e+00,4.5061701402239875e-13,2.3119992794663668e+02,3.4446698175562142e+02,3.8741029136606580e+03,2.1457226514611083e+00,1.0000000000000000e+00,
1.4744894211499160e+00,7.7667666542434599e-01,1.0000000000003180e+00,2.7290547313443560e-13,8.7143129326271514e+02,1.2430994795044192e+02,2.5692798556415087e+03,-2.0671977610726636e-01,1.0000000000000000e+00,
5.6739268741170445e-01,6.6400206938245787e-01,1.0000000000000584e+00,5.9623883596133453e-13,1.2625341768394129e+02,5.5760915143187901e+02,2.2498719075195604e+03,6.1956257106091073e-01,1.0000000000000000e+00,
0.0000000000000000e+00,6.5954548327218332e-01,1.0000000000002482e+00,2.6681956167070334e-13,3.5251463789059744e+02,6.6135429222078267e+02,2.2314216899374842e+03,2.6244537426572538e+00,1.0000000000000000e+00,
2.8583832619500121e-01,6.8074114972167010e-01,1.0000000000003251e+00,2.7883660796533233e-13,8.4792236496562555e+02,5.5258607420623139e+02,2.4191264146960348e+03,-2.2078238318327112e-01,1.0000000000000000e+00,
1.5309001760658367e+00,7.5385689714844428e-01,1.0000000000003673e+00,8.5669779078232558e-13,1.2563483336661179e+01,5.7306909033267493e+02,1.1726784561210859e+04,2.8330262573736592e-01,1.0000000000000000e+00,
1.5482343017976223e+00,6.2191552747604451e-01,1.0000000000003790e+00,4.6420160721763299e-13,2.3119992794660456e+02,4.7379422600464306e+02,3.8741029136603893e+03,2.1457226522531889e+00,1.0000000000000000e+00,
1.4744894211498911e+00,3.7726280960141584e-01,1.0000000000002585e+00,2.7322444093476158e-13,8.7143129326255780e+02,5.4699572814414239e+02,2.5692798556414677e+03,-2.0671977610728273e-01,1.0000000000000000e+00,

