1
1
4
4
(64 0
((0,0) (15,15) (0,0))
((16,0) (31,15) (0,0))
((32,0) (47,15) (0,0))
((48,0) (63,15) (0,0))
((64,0) (79,15) (0,0))
((80,0) (95,15) (0,0))
((96,0) (111,15) (0,0))
((112,0) (127,15) (0,0))
((0,16) (15,31) (0,0))
((16,16) (31,31) (0,0))
((32,16) (47,31) (0,0))
((48,16) (63,31) (0,0))
((64,16) (79,31) (0,0))
((80,16) (95,31) (0,0))
((96,16) (111,31) (0,0))
((112,16) (127,31) (0,0))
((0,32) (15,47) (0,0))
((16,32) (31,47) (0,0))
((32,32) (47,47) (0,0))
((48,32) (63,47) (0,0))
((64,32) (79,47) (0,0))
((80,32) (95,47) (0,0))
((96,32) (111,47) (0,0))
((112,32) (127,47) (0,0))
((0,48) (15,63) (0,0))
((16,48) (31,63) (0,0))
((32,48) (47,63) (0,0))
((48,48) (63,63) (0,0))
((64,48) (79,63) (0,0))
((80,48) (95,63) (0,0))
((96,48) (111,63) (0,0))
((112,48) (127,63) (0,0))
((0,64) (15,79) (0,0))
((16,64) (31,79) (0,0))
((32,64) (47,79) (0,0))
((48,64) (63,79) (0,0))
((64,64) (79,79) (0,0))
((80,64) (95,79) (0,0))
((96,64) (111,79) (0,0))
((112,64) (127,79) (0,0))
((0,80) (15,95) (0,0))
((16,80) (31,95) (0,0))
((32,80) (47,95) (0,0))
((48,80) (63,95) (0,0))
((64,80) (79,95) (0,0))
((80,80) (95,95) (0,0))
((96,80) (111,95) (0,0))
((112,80) (127,95) (0,0))
((0,96) (15,111) (0,0))
((16,96) (31,111) (0,0))
((32,96) (47,111) (0,0))
((48,96) (63,111) (0,0))
((64,96) (79,111) (0,0))
((80,96) (95,111) (0,0))
((96,96) (111,111) (0,0))
((112,96) (127,111) (0,0))
((0,112) (15,127) (0,0))
((16,112) (31,127) (0,0))
((32,112) (47,127) (0,0))
((48,112) (63,127) (0,0))
((64,112) (79,127) (0,0))
((80,112) (95,127) (0,0))
((96,112) (111,127) (0,0))
((112,112) (127,127) (0,0))
)
64
FabOnDisk: SD_0_Old_MF_D_00000 0
FabOnDisk: SD_0_Old_MF_D_00000 18516
FabOnDisk: SD_0_Old_MF_D_00000 37032
FabOnDisk: SD_0_Old_MF_D_00000 55548
FabOnDisk: SD_0_Old_MF_D_00000 74064
FabOnDisk: SD_0_Old_MF_D_00000 92580
FabOnDisk: SD_0_Old_MF_D_00000 111096
FabOnDisk: SD_0_Old_MF_D_00000 129613
FabOnDisk: SD_0_Old_MF_D_00000 148131
FabOnDisk: SD_0_Old_MF_D_00000 166647
FabOnDisk: SD_0_Old_MF_D_00000 185163
FabOnDisk: SD_0_Old_MF_D_00000 203679
FabOnDisk: SD_0_Old_MF_D_00000 222195
FabOnDisk: SD_0_Old_MF_D_00000 240711
FabOnDisk: SD_0_Old_MF_D_00000 259227
FabOnDisk: SD_0_Old_MF_D_00000 277744
FabOnDisk: SD_0_Old_MF_D_00000 296262
FabOnDisk: SD_0_Old_MF_D_00000 314778
FabOnDisk: SD_0_Old_MF_D_00000 333294
FabOnDisk: SD_0_Old_MF_D_00000 351810
FabOnDisk: SD_0_Old_MF_D_00000 370326
FabOnDisk: SD_0_Old_MF_D_00000 388842
FabOnDisk: SD_0_Old_MF_D_00000 407358
FabOnDisk: SD_0_Old_MF_D_00000 425875
FabOnDisk: SD_0_Old_MF_D_00000 444393
FabOnDisk: SD_0_Old_MF_D_00000 462909
FabOnDisk: SD_0_Old_MF_D_00000 481425
FabOnDisk: SD_0_Old_MF_D_00000 499941
FabOnDisk: SD_0_Old_MF_D_00000 518457
FabOnDisk: SD_0_Old_MF_D_00000 536973
FabOnDisk: SD_0_Old_MF_D_00000 555489
FabOnDisk: SD_0_Old_MF_D_00000 574006
FabOnDisk: SD_0_Old_MF_D_00000 592524
FabOnDisk: SD_0_Old_MF_D_00000 611040
FabOnDisk: SD_0_Old_MF_D_00000 629556
FabOnDisk: SD_0_Old_MF_D_00000 648072
FabOnDisk: SD_0_Old_MF_D_00000 666588
FabOnDisk: SD_0_Old_MF_D_00000 685104
FabOnDisk: SD_0_Old_MF_D_00000 703620
FabOnDisk: SD_0_Old_MF_D_00000 722137
FabOnDisk: SD_0_Old_MF_D_00000 740655
FabOnDisk: SD_0_Old_MF_D_00000 759171
FabOnDisk: SD_0_Old_MF_D_00000 777687
FabOnDisk: SD_0_Old_MF_D_00000 796203
FabOnDisk: SD_0_Old_MF_D_00000 814719
FabOnDisk: SD_0_Old_MF_D_00000 833235
FabOnDisk: SD_0_Old_MF_D_00000 851751
FabOnDisk: SD_0_Old_MF_D_00000 870268
FabOnDisk: SD_0_Old_MF_D_00000 888786
FabOnDisk: SD_0_Old_MF_D_00000 907303
FabOnDisk: SD_0_Old_MF_D_00000 925820
FabOnDisk: SD_0_Old_MF_D_00000 944337
FabOnDisk: SD_0_Old_MF_D_00000 962854
FabOnDisk: SD_0_Old_MF_D_00000 981371
FabOnDisk: SD_0_Old_MF_D_00000 999888
FabOnDisk: SD_0_Old_MF_D_00000 1018406
FabOnDisk: SD_0_Old_MF_D_00000 1036925
FabOnDisk: SD_0_Old_MF_D_00000 1055443
FabOnDisk: SD_0_Old_MF_D_00000 1073961
FabOnDisk: SD_0_Old_MF_D_00000 1092479
FabOnDisk: SD_0_Old_MF_D_00000 1110997
FabOnDisk: SD_0_Old_MF_D_00000 1129515
FabOnDisk: SD_0_Old_MF_D_00000 1148033
FabOnDisk: SD_0_Old_MF_D_00000 1166552

64,4
-4.7615680192951931e-01,-8.0932384831120041e-01,9.9999999999999967e-01,-3.8910948169455286e-11,
2.8068271525082977e-01,-6.4308206024951597e-01,9.9999999999999944e-01,1.7464300812514297e-11,
6.0688016879841034e-01,-8.6586862924992458e-02,9.9999999999999944e-01,1.1144926661795255e-11,
3.6994517349444872e-01,5.6313076488964872e-03,9.9999999999999967e-01,6.8453380346858210e-12,
1.7787789508425336e-01,4.5049566625865569e-03,1.0000000000000000e+00,4.1797259538166619e-12,
8.2296627072852707e-02,2.4402124335731667e-03,1.0000000000000000e+00,2.5520765156690931e-12,
3.7598653130483613e-02,1.2026183449650647e-03,9.9999999999999989e-01,1.5861500981106693e-12,
1.7133626225855562e-02,2.6998918096511111e-04,9.9999999999999944e-01,1.2554705717051434e-12,
-8.6174172837379015e-01,-2.6291440635282211e+00,9.9999999999999978e-01,-4.1866771958606006e-11,
5.0885339686054321e-01,-1.8387648876170211e+00,1.0000000000000000e+00,1.7987231773282731e-11,
6.8674061951505205e-01,-8.5896620970412091e-02,1.0000000000000000e+00,1.1471122733766403e-11,
1.9161436071123511e-01,2.3774414813253025e-01,1.0000000000000000e+00,7.0417356361353303e-12,
4.4624064907408632e-02,1.4553233486218825e-01,1.0000000000000000e+00,4.2974472087820607e-12,
1.0856827260530022e-02,7.5151119633306396e-02,1.0000000000000000e+00,2.6226319669136088e-12,
2.8964855285439329e-03,3.6221217520407321e-02,1.0000000000000000e+00,1.6292396621165923e-12,
6.6600436720506832e-04,8.0932875077181082e-03,9.9999999999999989e-01,1.2904147541921763e-12,
-9.7706927541921507e-01,-7.0141086174651983e+00,9.9999999999999956e-01,-4.4611767102550673e-11,
1.6385980993100044e+00,-5.9652759714388477e+00,1.0000000000000000e+00,1.9186658180141294e-11,
-2.4902238976110355e-01,3.2632466607897709e-01,9.9999999999999989e-01,1.2218979597342684e-11,
-4.0050578254914770e-01,5.2014122058773349e-01,1.0000000000000000e+00,7.4927386149626316e-12,
-3.1992225610073910e-01,2.2359068377902133e-01,1.0000000000000000e+00,4.5677859132419401e-12,
-1.6044650167872385e-01,9.1369604404554008e-02,1.0000000000000000e+00,2.7846776240512897e-12,
-7.4547542613551093e-02,3.9693366117779252e-02,1.0000000000000000e+00,1.7279814816322414e-12,
-3.4068068781822849e-02,8.6759408640809648e-03,9.9999999999999989e-01,1.3678851456614114e-12,
-2.2674003107980845e+01,-1.7974995142244889e+01,9.9999999999999800e-01,-4.7070973870469111e-11,
-2.7955495642207120e+44,-2.7955495642207120e+44,9.9999999999999956e-01,0.0000000000000000e+00,
-2.5687015822883751e+01,1.3914925550782575e-01,9.9999999999999967e-01,1.2945398269440159e-11,
-2.5820134689994050e+00,2.6765212151743923e-02,9.9999999999999989e-01,7.9382410404039130e-12,
-7.3844371953843446e-01,8.4073870387261964e-03,1.0000000000000000e+00,4.8352315769550437e-12,
-2.7820384893624611e-01,3.2398163223773284e-03,1.0000000000000000e+00,2.9448131777022190e-12,
-1.1661242937689384e-01,1.3733147660327611e-03,1.0000000000000000e+00,1.8256116802108021e-12,
-5.1016778032237191e-02,2.9862054534655013e-04,1.0000000000000000e+00,1.4444549589788953e-12,
-2.2674003107983474e+01,-3.4346885280206472e+01,9.9999999999999634e-01,-4.9213726318856971e-11,
-2.7955495642207120e+44,-2.7955495642207120e+44,9.9999999999999978e-01,0.0000000000000000e+00,
-2.5687015822883986e+01,-1.6013352051788996e+01,9.9999999999999989e-01,1.3587795243573385e-11,
-2.5820134689993992e+00,-1.8955885611354630e+00,1.0000000000000000e+00,8.3394689328058304e-12,
-7.3844371953836729e-01,-5.5941712252327935e-01,1.0000000000000000e+00,5.0758425235899577e-12,
-2.7820384893632799e-01,-2.0297023692571231e-01,1.0000000000000000e+00,3.0887781857223314e-12,
-1.1661242937689933e-01,-8.2853422004160113e-02,1.0000000000000000e+00,1.9133412515778732e-12,
-5.1016778034884983e-02,-3.6004567300174949e-02,1.0000000000000000e+00,1.5131727667981568e-12,
-9.7706927541961786e-01,-3.3747975449726574e+01,9.9999999999999634e-01,-5.0947061102073628e-11,
1.6385980993094837e+00,-3.9422830484418965e+00,1.0000000000000000e+00,2.2330117193651481e-11,
-2.4902238976137100e-01,-4.2291749434015333e+00,1.0000000000000000e+00,1.4193172572935180e-11,
-4.0050578254983593e-01,-1.8255450404954672e+00,1.0000000000000000e+00,8.6858478434155795e-12,
-3.1992225610164432e-01,-5.9620330724997606e-01,1.0000000000000000e+00,5.2819179596907777e-12,
-1.6044650167868793e-01,-2.4636434091602452e-01,1.0000000000000000e+00,3.2119127691400415e-12,
-7.4547542613592963e-02,-1.0981966425725995e-01,1.0000000000000000e+00,1.9882637454420296e-12,
-3.4068068781660257e-02,-4.9952421124653749e-02,1.0000000000000000e+00,1.5718785194986884e-12,
-8.6174172837384710e-01,-1.7867799309134007e+01,9.9999999999999711e-01,-5.2226071271220952e-11,
5.0885339686057440e-01,-1.5878899207436278e-01,1.0000000000000000e+00,2.3108600668202167e-11,
6.8674061951510879e-01,-8.2242857742035769e-01,1.0000000000000000e+00,1.4667835330573116e-11,
1.9161436071117902e-01,-7.9568502367923866e-01,1.0000000000000000e+00,8.9644164928865156e-12,
4.4624064907344899e-02,-4.8275043545111451e-01,1.0000000000000000e+00,5.4475550941188229e-12,
1.0856827264076423e-02,-2.3424917096250766e-01,1.0000000000000000e+00,3.3107654110732744e-12,
2.8964855299054783e-03,-1.0844391720409172e-01,1.0000000000000000e+00,2.0484046562885694e-12,
6.6600436699399660e-04,-4.9761326640737832e-02,1.0000000000000000e+00,1.6189406031315853e-12,
-4.7615680192948373e-01,-6.5481703939065099e+00,9.9999999999999589e-01,-5.3028675851511343e-11,
2.8068271524675115e-01,4.9531281225835503e-03,9.9999999999999711e-01,2.3636354556549887e-11,
6.0688016879860174e-01,-2.1476395035181584e-01,9.9999999999999911e-01,1.4996998423737724e-11,
3.6994517349436218e-01,-2.4396634115614124e-01,9.9999999999999956e-01,9.1613178543995592e-12,
1.7787789508423202e-01,-2.1700866630620330e-01,9.9999999999999956e-01,5.5649359877895783e-12,
8.2296627072892592e-02,-1.3211080370130740e-01,9.9999999999999967e-01,3.3808416728759001e-12,
3.7598653130361190e-02,-6.8144586552597891e-02,9.9999999999999978e-01,2.0909682530442312e-12,
1.7133626225695635e-02,-3.2834984021186543e-02,9.9999999999999989e-01,1.6523133454329791e-12,

64,4
4.2630918669976814e-01,6.5481703939066271e+00,1.0000000000000002e+00,2.0725125003910618e-11,
8.7709082276438532e-01,-4.9531281228517377e-03,1.0000000000000000e+00,2.1685198909037167e-11,
8.7809178246877395e-01,2.1476395035183232e-01,1.0000000000000000e+00,1.7478055266941917e-11,
6.5770803286752466e-01,2.4396634115634447e-01,1.0000000000000000e+00,1.1091189798258929e-11,
3.8405326048675331e-01,2.1700866630619053e-01,1.0000000000000000e+00,6.8038232194061881e-12,
2.0686720851628038e-01,1.3211080370157691e-01,1.0000000000000000e+00,4.1520348532535477e-12,
1.0193468675740221e-01,6.8144586552577768e-02,1.0000000000000000e+00,2.5345291892674863e-12,
4.8097423535165364e-02,3.2834984021043040e-02,1.0000000000000002e+00,1.5804034686971455e-12,
1.3986411825027654e+00,1.7867799309133957e+01,1.0000000000000007e+00,2.2138364349836233e-11,
2.0592162146666833e+00,1.5878899207454775e-01,1.0000000000000000e+00,2.3157561040693617e-11,
1.8333252804784681e+00,8.2242857742005115e-01,1.0000000000000000e+00,1.8637244875387728e-11,
7.1838104410897752e-01,7.9568502367988880e-01,1.0000000000000000e+00,1.1810416729196649e-11,
3.4920969008710978e-01,4.8275043545090135e-01,1.0000000000000000e+00,7.2371270397968982e-12,
1.6445622429532408e-01,2.3424917096262893e-01,1.0000000000000000e+00,4.4117240962410207e-12,
7.5290013599731379e-02,1.0844391720373905e-01,1.0000000000000000e+00,2.6902038506069213e-12,
3.4212387703066373e-02,4.9761326640104277e-02,1.0000000000000000e+00,1.6756441878289787e-12,
4.3581031430499317e+00,3.3747975449726795e+01,1.0000000000000011e+00,2.3568642580183303e-11,
8.1330261325396780e+00,3.9422830484423765e+00,1.0000000000000000e+00,2.4632038957886526e-11,
4.0481229214573524e+00,4.2291749434010546e+00,1.0000000000000000e+00,1.9739714861232679e-11,
6.8575931336020179e-01,1.8255450404956903e+00,1.0000000000000000e+00,1.2520766231359233e-11,
1.5422245856273856e-01,5.9620330724979065e-01,1.0000000000000000e+00,7.6708609744346055e-12,
2.9506932355291671e-02,2.4636434091612389e-01,1.0000000000000000e+00,4.6719879374345059e-12,
4.6650696213745933e-03,1.0981966425732363e-01,1.0000000000000000e+00,2.8461127680312645e-12,
2.4495681684750159e-04,4.9952421125666994e-02,1.0000000000000000e+00,1.7710155150658946e-12,
4.7200942575888520e+00,3.4346885280205179e+01,1.0000000000000011e+00,2.5452384014785495e-11,
1.1647674186761681e+02,1.4268033274068948e+03,1.0000000000000000e+40,2.8218952335734561e-11,
4.2617115328248198e+00,1.6013352051788647e+01,1.0000000000000000e+00,2.0066967165281280e-11,
-3.7309242221911176e-01,1.8955885611353986e+00,1.0000000000000000e+00,1.3150717346580015e-11,
-1.8106707573821504e-01,5.5941712252284204e-01,1.0000000000000000e+00,8.0625510201491794e-12,
-8.3063805712963540e-02,2.0297023692575730e-01,1.0000000000000000e+00,4.9068090065717266e-12,
-3.7756899671263514e-02,8.2853422004067534e-02,1.0000000000000000e+00,2.9866808743656390e-12,
-1.7142054306240447e-02,3.6004567299686874e-02,1.0000000000000000e+00,1.8569863979846577e-12,
4.7200942575937894e+00,1.7974995142244882e+01,1.0000000000000007e+00,2.5964849763996232e-11,
1.1647674186761571e+02,1.5889172509962841e+03,1.0000000000000000e+40,2.8404894755851599e-11,
4.2617115328249291e+00,-1.3914925550802235e-01,1.0000000000000002e+00,2.1709790843916932e-11,
-3.7309242221916650e-01,-2.6765212151830468e-02,1.0000000000000000e+00,1.3737747822319722e-11,
-1.8106707573821917e-01,-8.4073870386801898e-03,1.0000000000000000e+00,8.4014768364826887e-12,
-8.3063805712988964e-02,-3.2398163224463526e-03,1.0000000000000000e+00,5.1086248599184255e-12,
-3.7756899670513579e-02,-1.3733147663729341e-03,1.0000000000000000e+00,3.1072505373171559e-12,
-1.7142054306292884e-02,-2.9862054560034679e-04,1.0000000000000000e+00,1.9307086913730248e-12,
4.3581031430497656e+00,7.0141086174646716e+00,1.0000000000000004e+00,2.6793010777445084e-11,
8.1330261325405075e+00,5.9652759714383183e+00,1.0000000000000002e+00,2.8013570626644623e-11,
4.0481229214563470e+00,-3.2632466607877691e-01,1.0000000000000000e+00,2.2492059476810849e-11,
6.8575931336022466e-01,-5.2014122058787049e-01,1.0000000000000000e+00,1.4205138629830172e-11,
1.5422245856280548e-01,-2.2359068377899571e-01,1.0000000000000000e+00,8.6755095728345278e-12,
2.9506932355327486e-02,-9.1369604404673455e-02,1.0000000000000000e+00,5.2716272993149942e-12,
4.6650696222294485e-03,-3.9693366117801901e-02,1.0000000000000000e+00,3.2045708780164902e-12,
2.4495681595663809e-04,-8.6759408640922162e-03,1.0000000000000000e+00,1.9900961764479118e-12,
1.3986411825029146e+00,2.6291440635277130e+00,1.0000000000000004e+00,2.7430313910763028e-11,
2.0592162146681652e+00,1.8387648876178182e+00,1.0000000000000002e+00,2.8678616631390242e-11,
1.8333252804791784e+00,8.5896620969754867e-02,1.0000000000000000e+00,2.3021352376959259e-11,
7.1838104410929571e-01,-2.3774414813278888e-01,1.0000000000000000e+00,1.4533539016211016e-11,
3.4920969008676639e-01,-1.4553233486213238e-01,1.0000000000000000e+00,8.8717743872061744e-12,
1.6445622429519030e-01,-7.5151119633314722e-02,1.0000000000000000e+00,5.3885782377828964e-12,
7.5290013599775982e-02,-3.6221217520286217e-02,1.0000000000000000e+00,3.2744057947740130e-12,
3.4212387703152845e-02,-8.0932875076922817e-03,1.0000000000000000e+00,2.0326770720897392e-12,
4.2630918669973972e-01,8.0932384831074733e-01,1.0000000000000009e+00,2.7657664065864560e-11,
8.7709082276303119e-01,6.4308206024935444e-01,1.0000000000000007e+00,2.8921381592905406e-11,
8.7809178246863695e-01,8.6586862925383395e-02,1.0000000000000002e+00,2.3216209187708598e-11,
6.5770803286746204e-01,-5.6313076489978853e-03,1.0000000000000000e+00,1.4654381750206181e-11,
3.8405326048751109e-01,-4.5049566630423433e-03,1.0000000000000000e+00,8.9441365371855251e-12,
2.0686720851661364e-01,-2.4402124341091889e-03,1.0000000000000000e+00,5.4317312053269529e-12,
1.0193468675687532e-01,-1.2026183451571992e-03,1.0000000000000000e+00,3.3001743072248161e-12,
4.8097423534479516e-02,-2.6998918147311192e-04,1.0000000000000002e+00,2.0484279894232854e-12,

