1
1
8
0
(5 0
((112,96) (127,111) (0,0))
((0,112) (31,127) (0,0))
((32,112) (63,127) (0,0))
((64,112) (95,127) (0,0))
((96,112) (127,127) (0,0))
)
5
FabOnDisk: Cell_D_00003 0
FabOnDisk: Cell_D_00000 0
FabOnDisk: Cell_D_00001 0
FabOnDisk: Cell_D_00002 0
FabOnDisk: Cell_D_00003 16471

5,8
-2.4818434203713177e-01,-6.5361282503139895e-01,9.9953051727642661e-01,0.0000000000000000e+00,-3.8231491423199404e-01,-6.9584887833210751e-01,1.6302970617190038e-01,-7.5533209950438773e-02,
-7.9184806625625465e-02,8.3863971850226167e-04,9.9999999999806921e-01,0.0000000000000000e+00,-4.9595967660104978e-01,-1.1275606295934766e+01,1.5020824884990347e-03,-1.9810970495946614e-01,
-4.7904450023590867e-02,-3.3213175982917398e-03,9.9999999999857447e-01,0.0000000000000000e+00,-1.3337930025712380e-01,-1.3112453045591649e-01,1.9678498770853858e-01,-7.8384389475791814e-03,
-2.7381577740635068e-02,-3.9022433647074115e-03,9.9999986993276868e-01,0.0000000000000000e+00,-1.4637469692619038e+00,-4.5324497509605088e-01,6.1796908792210647e-01,-4.0612885815314623e-02,
-6.4189159285918354e-02,-6.7589504148594581e-01,9.9975935898680734e-01,0.0000000000000000e+00,-3.3073993419589265e-01,-8.1662443118581807e-01,7.4530137618886627e-01,-5.8672199061979499e-02,

5,8
8.2610445264763036e-02,-2.7160848435905730e-02,1.0002948343845783e+00,0.0000000000000000e+00,1.0208777056064475e+00,7.4180152591885273e-01,2.7457570726144645e+01,3.6895618262312285e-03,
8.7783795230106043e-01,2.0784079174264936e-01,1.0000000000048435e+00,0.0000000000000000e+00,3.2294250351137535e+01,2.4098516630073523e+00,7.5669694639718145e+01,-1.3808204128486165e-03,
9.1617305509414615e-01,5.9020252045662157e-02,1.0000000000008222e+00,0.0000000000000000e+00,4.0774134212519580e-01,4.6683390758484572e-01,2.6662634790012191e+01,-1.7963361027773588e-03,
9.4209166308039505e-01,8.2322946951820963e-02,1.0000000000631435e+00,0.0000000000000000e+00,7.5243392318433167e-01,2.1968487371564191e-01,1.9488079548473493e+01,-7.0546707570629894e-03,
9.4364189498590978e-01,7.9336748760047010e-02,1.0008489818915698e+00,0.0000000000000000e+00,6.2091188588089167e+01,3.5291639105714843e+01,7.0426610956992434e+01,9.3857225115299170e-01,

