1
1
8
0
(2 0
((96,104) (127,127) (0,0))
((0,120) (95,127) (0,0))
)
2
FabOnDisk: Cell_D_00000 0
FabOnDisk: Cell_D_00000 49239

2,8
-2.7533517512636763e-01,-6.2018972119840421e-01,9.9982405226584592e-01,0.0000000000000000e+00,-7.4727860476425323e-01,-1.4967004474441357e+00,2.1031962329232101e-04,-4.6365947732465676e-02,
-7.1448458153165709e-02,6.8005842485540326e-05,9.9997487608955760e-01,0.0000000000000000e+00,-1.6188721313637078e-01,-9.5818731570790998e+00,1.8549104357189794e-01,-1.3192550387455934e-01,

2,8
9.1722049258554716e-01,4.6693453866574579e-02,1.0000000000001648e+00,0.0000000000000000e+00,3.4850985026234483e+01,3.0437204562410468e+01,6.6446296229657662e+01,7.1974089494561189e-01,
9.0914135046328992e-01,1.9899336844088975e-01,1.0000001144953614e+00,0.0000000000000000e+00,1.3291550036028546e+01,7.8068093699928127e+00,7.2725897240982405e+01,-7.1704174000403827e-04,

