1
1
8
0
(4 0
((0,0) (31,31) (0,0))
((32,0) (63,31) (0,0))
((0,32) (31,63) (0,0))
((32,32) (63,63) (0,0))
)
4
FabOnDisk: Cell_D_00000 0
FabOnDisk: Cell_D_00001 0
FabOnDisk: Cell_D_00002 0
FabOnDisk: Cell_D_00003 0

4,8
-4.1341611849495565e-02,-2.1770220815927766e-06,9.9999999999977229e-01,0.0000000000000000e+00,-1.5109991351428993e-03,-1.6054756483502602e-02,1.4095268452418708e-07,1.9547578593073480e-03,
-5.4058223229843855e-02,-5.3947724991517912e-02,9.9999999999859346e-01,0.0000000000000000e+00,-8.8784393675999697e-03,-1.6091841750526293e-02,1.6894827105651267e-06,3.5860738974299042e-03,
-6.9203756338429248e-02,1.1765630750612010e-03,9.9999999999934885e-01,0.0000000000000000e+00,-4.0297475411948176e-02,-2.4218566258049492e+00,1.4945928026310895e-05,-7.8929760797783757e-02,
-3.4619925378948496e-01,-6.6039006566469094e-01,9.9965798996427147e-01,0.0000000000000000e+00,-7.4955547031100578e-01,-1.1081786012689145e+00,4.5930289578555161e-05,-8.8440920880392668e-02,

4,8
2.1774074238123593e-06,3.1098867862939382e-02,1.0000000000012566e+00,0.0000000000000000e+00,1.1529694637265738e-02,6.7353479234457270e-04,4.6697864115494297e-01,5.4989505756825423e-03,
2.1235066250801991e-06,1.2496778441741647e-02,1.0000000000026958e+00,0.0000000000000000e+00,2.5582326521459871e-02,1.2326525191697500e-02,6.8290490468128073e-01,9.5555911299683542e-03,
8.3506114252161523e-01,1.6264288305916688e-01,1.0000000000010290e+00,0.0000000000000000e+00,7.1745319859995105e+00,6.4905302261518549e-01,3.7178704767059799e+01,3.1329365556235912e-03,
8.8482765552213771e-01,1.6864667974851461e-01,1.0006782252695343e+00,0.0000000000000000e+00,2.2263201937883498e+01,1.5087165824280323e+01,3.3997530537715676e+01,6.2035903773543211e-01,

