1
1
1
1
(6 0
((32,112) (48,128) (1,1))
((48,112) (64,128) (1,1))
((64,112) (72,128) (1,1))
((32,128) (48,144) (1,1))
((48,128) (64,144) (1,1))
((64,128) (72,144) (1,1))
)
6
FabOnDisk: SD_1_Old_MF_D_00000 0
FabOnDisk: SD_1_Old_MF_D_00000 2974
FabOnDisk: SD_1_Old_MF_D_00000 5948
FabOnDisk: SD_1_Old_MF_D_00000 7706
FabOnDisk: SD_1_Old_MF_D_00000 10680
FabOnDisk: SD_1_Old_MF_D_00000 13654

6,1
-7.9937858596469502e-01,
-1.1282251537227723e+00,
-2.0847908689201583e-01,
-7.9937858596480760e-01,
-1.1282251537227412e+00,
-2.0847908689198244e-01,

6,1
6.2445437273535576e-01,
5.5783026690846851e-02,
1.6583819918429402e-01,
6.2445437273535576e-01,
5.5783026690846851e-02,
1.6583819918429402e-01,

