1
1
2
4
(6 0
((32,112) (47,127) (0,0))
((48,112) (63,127) (0,0))
((64,112) (71,127) (0,0))
((32,128) (47,143) (0,0))
((48,128) (63,143) (0,0))
((64,128) (71,143) (0,0))
)
6
FabOnDisk: SD_2_New_MF_D_00000 0
FabOnDisk: SD_2_New_MF_D_00000 9302
FabOnDisk: SD_2_New_MF_D_00000 18604
FabOnDisk: SD_2_New_MF_D_00000 24834
FabOnDisk: SD_2_New_MF_D_00000 34136
FabOnDisk: SD_2_New_MF_D_00000 43438

6,2
-7.3286423143703155e+02,-3.8779620796605047e+02,
-5.5583496139880651e+02,-5.0587652636220503e+02,
-4.4281213550374467e+01,-2.7278627010014265e+01,
-7.3286423143721561e+02,-5.2977576282854989e+02,
-5.5583496139882902e+02,-5.3763783358798469e+02,
-4.4281213550375767e+01,-2.1198934861493063e+02,

6,2
1.0000000000000000e+40,1.0000000000000000e+40,
1.0000000000000000e+40,1.0000000000000000e+40,
3.7599354633669373e+02,2.1198934861495133e+02,
1.0000000000000000e+40,1.0000000000000000e+40,
1.0000000000000000e+40,1.0000000000000000e+40,
3.7599354633669304e+02,2.7278627009999806e+01,

