1
1
4
2
(4 0
((248,200) (255,231) (0,0))
((232,232) (255,255) (0,0))
((0,248) (63,255) (0,0))
((64,248) (127,255) (0,0))
)
4
FabOnDisk: SD_0_Old_MF_D_00003 0
FabOnDisk: SD_0_Old_MF_D_00002 0
FabOnDisk: SD_0_Old_MF_D_00001 0
FabOnDisk: SD_0_Old_MF_D_00000 0

4,4
-6.6632851976123522e-02,-6.7826462920476416e-01,9.9999999998002465e-01,0.0000000000000000e+00,
-4.2086818492875724e-02,-6.7723816621423205e-01,9.9999999999779587e-01,0.0000000000000000e+00,
-8.1918717770832650e-02,2.8111329823647245e-04,9.9999999999920142e-01,0.0000000000000000e+00,
2.8074528584253000e-01,-9.3434587438702627e-04,9.9999999999909206e-01,0.0000000000000000e+00,

4,4
-4.1865565492488189e-04,-3.3203529228385542e-02,1.0000000000080969e+00,0.0000000000000000e+00,
9.4187613844980422e-01,3.4046510285523786e-04,1.0000000000072713e+00,0.0000000000000000e+00,
9.3863919170205901e-01,2.4077799712046993e-01,1.0000000000031226e+00,0.0000000000000000e+00,
9.5892339992285902e-01,2.1603255082058813e-02,1.0000000000005274e+00,0.0000000000000000e+00,

