1
1
9
0
(9 0
((80,232) (95,247) (0,0))
((96,232) (111,247) (0,0))
((112,232) (127,247) (0,0))
((80,248) (95,263) (0,0))
((96,248) (111,263) (0,0))
((112,248) (127,263) (0,0))
((80,264) (95,279) (0,0))
((96,264) (111,279) (0,0))
((112,264) (127,279) (0,0))
)
9
FabOnDisk: Cell_D_00000 0
FabOnDisk: Cell_D_00000 18518
FabOnDisk: Cell_D_00000 37037
FabOnDisk: Cell_D_00000 55557
FabOnDisk: Cell_D_00000 74075
FabOnDisk: Cell_D_00000 92594
FabOnDisk: Cell_D_00000 111114
FabOnDisk: Cell_D_00000 129632
FabOnDisk: Cell_D_00000 148151

9,9
-2.4575805139604937e-01,-7.4737632270856458e-01,0.0000000000000000e+00,-7.7911705622847496e-13,-1.1920308072475038e+03,-7.7917566065343863e+02,0.0000000000000000e+00,-3.5743524798096833e+00,0.0000000000000000e+00,
-8.7280347999197483e-02,-6.8256135775626281e-01,0.0000000000000000e+00,0.0000000000000000e+00,-4.7767795275825443e+02,-3.6411616314902739e+02,0.0000000000000000e+00,-1.9957208184920856e+00,0.0000000000000000e+00,
5.9930933960067073e-02,-6.2660962857526836e-01,9.9999999999978639e-01,3.0950930517736537e-14,-5.6976289917205384e+02,-5.2974656633459142e+02,6.0666260618624790e-02,-1.1249778729525415e+00,1.0000000000000000e+00,
0.0000000000000000e+00,-6.5893129130568384e-01,0.0000000000000000e+00,0.0000000000000000e+00,-6.1250867307198996e+02,-5.4497797958296781e+02,0.0000000000000000e+00,-1.7492476181864097e-02,0.0000000000000000e+00,
-3.3473873824705319e-01,-6.9997818313430926e-01,0.0000000000000000e+00,0.0000000000000000e+00,-4.5235431261399344e+02,-4.6757535850232716e+02,0.0000000000000000e+00,-7.2765277905010961e-01,0.0000000000000000e+00,
-8.9305477387375454e-01,-7.3623732120893393e-01,9.9999999999976508e-01,9.7998289356703209e-14,-5.5234214942128654e+02,-5.6856909948592579e+02,7.0576899644533285e+01,-1.1160206779432011e+00,1.0000000000000000e+00,
-2.4575805139580562e-01,-2.2109791105814480e-01,0.0000000000000000e+00,-8.2232504266957384e-13,-1.1920308071730092e+03,-4.5180278840211270e+02,0.0000000000000000e+00,-3.5743524792990251e+00,0.0000000000000000e+00,
-8.7280347999208238e-02,-9.4090995705247690e-02,0.0000000000000000e+00,0.0000000000000000e+00,-4.7767795275832225e+02,-1.5638471073987012e+02,0.0000000000000000e+00,-1.9957208180824377e+00,0.0000000000000000e+00,
5.9930933960120877e-02,-8.1720612802399650e-01,9.9999999999982847e-01,2.6164055129190534e-14,-5.6976289917198710e+02,-1.8703144175989249e+02,6.0666260671204952e-02,-1.1249778729525053e+00,1.0000000000000000e+00,

9,9
1.4761320363805772e+00,2.2109791105964610e-01,1.0000000000000735e+00,1.5113702019468031e-12,8.7096959044681014e+01,4.5180278841204859e+02,1.1488506563244255e+04,4.9833477980686380e-01,1.0000000000000000e+00,
1.4942976578430589e+00,9.4090995705214495e-02,1.0000000000002329e+00,6.5732842315582555e-13,2.2492796748785008e+02,1.5638471068928675e+02,3.5447382182484544e+03,5.9114235736384557e-01,1.0000000000000000e+00,
1.5066681471405690e+00,8.1720612802401926e-01,1.0000000000002405e+00,1.1907164869990776e-13,9.1589155402639369e+02,1.8703144175986461e+02,2.3143035772677908e+03,-1.7589429693405731e-01,1.0000000000000000e+00,
5.6123275334862710e-01,6.5893129130565842e-01,1.0000000000000473e+00,9.1636750417123336e-13,1.2386951437281724e+02,5.4497797958279762e+02,2.2326779664296992e+03,6.1867900336559201e-01,1.0000000000000000e+00,
0.0000000000000000e+00,6.9997818313440607e-01,1.0000000000002298e+00,1.1066929629161207e-13,8.9539228959451904e+01,4.6757535850235587e+02,2.9486674247836067e+03,1.0165187227706489e+00,1.0000000000000000e+00,
3.6996089728103437e-01,7.3623732120891705e-01,1.0000000000000719e+00,1.1924985019617180e-13,9.1429349518707352e+02,5.6856909948597229e+02,2.3627744015409630e+03,2.0516720747860203e-02,1.0000000000000000e+00,
1.4761320363805996e+00,7.4737632270852983e-01,1.0000000000001796e+00,1.5736522479953901e-12,8.7096959044766876e+01,7.7917566065517235e+02,1.1488506563216451e+04,4.9833477973183710e-01,1.0000000000000000e+00,
1.4942976578430158e+00,6.8256135775634763e-01,1.0000000000003459e+00,6.8570184280298902e-13,2.2492796742480243e+02,3.6411616314909736e+02,3.5447382182486294e+03,5.9114235769040713e-01,1.0000000000000000e+00,
1.5066681471405490e+00,6.2660962857525060e-01,1.0000000000001930e+00,1.1913692676719318e-13,9.1589155402661856e+02,5.2974656633464861e+02,2.3143035772677276e+03,-1.7589429693405650e-01,1.0000000000000000e+00,

