1
1
1
1
(5 0
((96,24) (128,64) (1,1))
((88,64) (128,128) (1,1))
((80,96) (88,112) (1,1))
((0,104) (48,128) (1,1))
((48,112) (88,128) (1,1))
)
5
FabOnDisk: SD_1_Old_MF_D_00000 0
FabOnDisk: SD_1_Old_MF_D_00003 0
FabOnDisk: SD_1_Old_MF_D_00003 23134
FabOnDisk: SD_1_Old_MF_D_00001 0
FabOnDisk: SD_1_Old_MF_D_00002 0

5,1
-3.4556844998096370e+00,
-8.2509603658880675e+00,
-1.2512560923166158e+00,
-1.5443086254615468e+00,
-2.5458956275267042e+00,

5,1
2.4917139091582343e+00,
4.7280249397477658e-01,
-8.7593430994265420e-02,
4.1520675668190403e+00,
-4.4624442049262075e-01,

