1
1
4
4
(64 0
((0,0) (15,15) (0,0))
((16,0) (31,15) (0,0))
((32,0) (47,15) (0,0))
((48,0) (63,15) (0,0))
((64,0) (79,15) (0,0))
((80,0) (95,15) (0,0))
((96,0) (111,15) (0,0))
((112,0) (127,15) (0,0))
((0,16) (15,31) (0,0))
((16,16) (31,31) (0,0))
((32,16) (47,31) (0,0))
((48,16) (63,31) (0,0))
((64,16) (79,31) (0,0))
((80,16) (95,31) (0,0))
((96,16) (111,31) (0,0))
((112,16) (127,31) (0,0))
((0,32) (15,47) (0,0))
((16,32) (31,47) (0,0))
((32,32) (47,47) (0,0))
((48,32) (63,47) (0,0))
((64,32) (79,47) (0,0))
((80,32) (95,47) (0,0))
((96,32) (111,47) (0,0))
((112,32) (127,47) (0,0))
((0,48) (15,63) (0,0))
((16,48) (31,63) (0,0))
((32,48) (47,63) (0,0))
((48,48) (63,63) (0,0))
((64,48) (79,63) (0,0))
((80,48) (95,63) (0,0))
((96,48) (111,63) (0,0))
((112,48) (127,63) (0,0))
((0,64) (15,79) (0,0))
((16,64) (31,79) (0,0))
((32,64) (47,79) (0,0))
((48,64) (63,79) (0,0))
((64,64) (79,79) (0,0))
((80,64) (95,79) (0,0))
((96,64) (111,79) (0,0))
((112,64) (127,79) (0,0))
((0,80) (15,95) (0,0))
((16,80) (31,95) (0,0))
((32,80) (47,95) (0,0))
((48,80) (63,95) (0,0))
((64,80) (79,95) (0,0))
((80,80) (95,95) (0,0))
((96,80) (111,95) (0,0))
((112,80) (127,95) (0,0))
((0,96) (15,111) (0,0))
((16,96) (31,111) (0,0))
((32,96) (47,111) (0,0))
((48,96) (63,111) (0,0))
((64,96) (79,111) (0,0))
((80,96) (95,111) (0,0))
((96,96) (111,111) (0,0))
((112,96) (127,111) (0,0))
((0,112) (15,127) (0,0))
((16,112) (31,127) (0,0))
((32,112) (47,127) (0,0))
((48,112) (63,127) (0,0))
((64,112) (79,127) (0,0))
((80,112) (95,127) (0,0))
((96,112) (111,127) (0,0))
((112,112) (127,127) (0,0))
)
64
FabOnDisk: SD_0_Old_MF_D_00000 0
FabOnDisk: SD_0_Old_MF_D_00000 18516
FabOnDisk: SD_0_Old_MF_D_00000 37032
FabOnDisk: SD_0_Old_MF_D_00000 55548
FabOnDisk: SD_0_Old_MF_D_00000 74064
FabOnDisk: SD_0_Old_MF_D_00000 92580
FabOnDisk: SD_0_Old_MF_D_00000 111096
FabOnDisk: SD_0_Old_MF_D_00000 129613
FabOnDisk: SD_0_Old_MF_D_00000 148131
FabOnDisk: SD_0_Old_MF_D_00000 166647
FabOnDisk: SD_0_Old_MF_D_00000 185163
FabOnDisk: SD_0_Old_MF_D_00000 203679
FabOnDisk: SD_0_Old_MF_D_00000 222195
FabOnDisk: SD_0_Old_MF_D_00000 240711
FabOnDisk: SD_0_Old_MF_D_00000 259227
FabOnDisk: SD_0_Old_MF_D_00000 277744
FabOnDisk: SD_0_Old_MF_D_00000 296262
FabOnDisk: SD_0_Old_MF_D_00000 314778
FabOnDisk: SD_0_Old_MF_D_00000 333294
FabOnDisk: SD_0_Old_MF_D_00000 351810
FabOnDisk: SD_0_Old_MF_D_00000 370326
FabOnDisk: SD_0_Old_MF_D_00000 388842
FabOnDisk: SD_0_Old_MF_D_00000 407358
FabOnDisk: SD_0_Old_MF_D_00000 425875
FabOnDisk: SD_0_Old_MF_D_00000 444393
FabOnDisk: SD_0_Old_MF_D_00000 462909
FabOnDisk: SD_0_Old_MF_D_00000 481425
FabOnDisk: SD_0_Old_MF_D_00000 499941
FabOnDisk: SD_0_Old_MF_D_00000 518457
FabOnDisk: SD_0_Old_MF_D_00000 536973
FabOnDisk: SD_0_Old_MF_D_00000 555489
FabOnDisk: SD_0_Old_MF_D_00000 574006
FabOnDisk: SD_0_Old_MF_D_00000 592524
FabOnDisk: SD_0_Old_MF_D_00000 611040
FabOnDisk: SD_0_Old_MF_D_00000 629556
FabOnDisk: SD_0_Old_MF_D_00000 648072
FabOnDisk: SD_0_Old_MF_D_00000 666588
FabOnDisk: SD_0_Old_MF_D_00000 685104
FabOnDisk: SD_0_Old_MF_D_00000 703620
FabOnDisk: SD_0_Old_MF_D_00000 722137
FabOnDisk: SD_0_Old_MF_D_00000 740655
FabOnDisk: SD_0_Old_MF_D_00000 759171
FabOnDisk: SD_0_Old_MF_D_00000 777687
FabOnDisk: SD_0_Old_MF_D_00000 796203
FabOnDisk: SD_0_Old_MF_D_00000 814719
FabOnDisk: SD_0_Old_MF_D_00000 833235
FabOnDisk: SD_0_Old_MF_D_00000 851751
FabOnDisk: SD_0_Old_MF_D_00000 870268
FabOnDisk: SD_0_Old_MF_D_00000 888786
FabOnDisk: SD_0_Old_MF_D_00000 907303
FabOnDisk: SD_0_Old_MF_D_00000 925820
FabOnDisk: SD_0_Old_MF_D_00000 944337
FabOnDisk: SD_0_Old_MF_D_00000 962854
FabOnDisk: SD_0_Old_MF_D_00000 981371
FabOnDisk: SD_0_Old_MF_D_00000 999888
FabOnDisk: SD_0_Old_MF_D_00000 1018406
FabOnDisk: SD_0_Old_MF_D_00000 1036925
FabOnDisk: SD_0_Old_MF_D_00000 1055443
FabOnDisk: SD_0_Old_MF_D_00000 1073961
FabOnDisk: SD_0_Old_MF_D_00000 1092479
FabOnDisk: SD_0_Old_MF_D_00000 1110997
FabOnDisk: SD_0_Old_MF_D_00000 1129515
FabOnDisk: SD_0_Old_MF_D_00000 1148033
FabOnDisk: SD_0_Old_MF_D_00000 1166552

64,4
9.8258061874661617e-01,3.2098336819990454e-04,9.9999999999762379e-01,2.0390177485403989e-14,
9.4770405256503742e-01,6.9678281796042309e-04,9.9999999999723854e-01,6.7150406402529928e-13,
8.8025078186106109e-01,1.6423015228745059e-03,9.9999999999733147e-01,1.3011943852814202e-12,
7.7989379890342925e-01,2.6765354103099109e-03,9.9999999999721723e-01,1.8828578886692185e-12,
6.8497541626991132e-01,1.9307299648372021e-03,9.9999999999521794e-01,2.3923245493352871e-12,
6.5215284874380530e-01,8.6053555236682584e-04,9.9999999999559164e-01,2.8095538471297169e-12,
6.4036665939330040e-01,3.1588285380519318e-04,9.9999999999817435e-01,3.1188134298595743e-12,
6.3692247221245135e-01,1.6896492272103305e-05,9.9999999999139733e-01,3.3081281179639537e-12,
9.9611338417721007e-01,-4.2402831904508838e-02,9.9999999999205902e-01,2.0348470671219726e-14,
9.6540705621217515e-01,2.0805391580768651e-02,9.9999999999960443e-01,6.7121211749899750e-13,
8.9762625260285123e-01,5.3089435357855298e-02,9.9999999999944322e-01,1.3017476483528983e-12,
7.5144816309590945e-01,9.2198049615421343e-02,9.9999999999956346e-01,1.8838247028091007e-12,
5.4567556479699586e-01,6.1663719214838937e-02,9.9999999999968769e-01,2.3933460608861058e-12,
6.0816707063230913e-01,2.4895890386414765e-02,9.9999999999964306e-01,2.8104803485651730e-12,
6.2570979043244068e-01,9.0978782422309820e-03,9.9999999999958888e-01,3.1198011036343318e-12,
6.2790374950537331e-01,4.9750892363186817e-04,9.9999999999956657e-01,3.3092173117244955e-12,
1.9897569307467892e-02,-8.6728018477910740e-01,9.9998798770867459e-01,2.0057437505705347e-14,
3.8139323313905010e-01,-6.2080709783726840e-01,9.9995215567541040e-01,6.6574378448888871e-13,
2.3101084189872795e-01,-4.1315375251557418e-01,9.9993524286594182e-01,1.3037026275141311e-12,
1.9029079402229677e-02,-5.8979781126341657e-01,9.9996626008032363e-01,1.8865820943748586e-12,
2.3003778254733045e-01,-2.6926131240283635e-01,9.9999999999979250e-01,2.3957713199723041e-12,
5.8260972016326418e-01,1.4759973775811383e-02,9.9999999999995715e-01,2.8127760817670154e-12,
6.0891122702394251e-01,8.6460868511300960e-03,1.0000000000000078e+00,3.1224671306814429e-12,
6.1679739300296432e-01,5.2303965098488556e-04,1.0000000000000158e+00,3.3122070527392247e-12,
-9.9501512636238507e-02,-5.9617501550032281e-01,9.9996827134311794e-01,1.9471662527044930e-14,
-5.8078736161649314e-01,-5.4621813832236354e-01,9.9992996441053072e-01,0.0000000000000000e+00,
1.0439877147898925e-01,-7.2832728601708407e-01,9.9960483260314026e-01,1.3120933419441030e-12,
3.6729660066642134e-01,-8.4410116055947604e-01,9.9999253404954869e-01,1.8920520933314745e-12,
5.1290574755030438e-01,-2.7195730880903596e-01,9.9999999999993749e-01,2.3984162443817364e-12,
5.9288045379280141e-01,7.5688630699137322e-03,1.0000000000000371e+00,2.8160339455194913e-12,
6.0139932753226755e-01,2.7378061622940829e-03,9.9999999999999345e-01,3.1264906825313675e-12,
6.1080122057224373e-01,1.0089425518786415e-04,9.9999999999994715e-01,3.3167129896226024e-12,
-1.3475964706931107e-01,-9.7215090337660559e-01,9.9996959450533740e-01,1.9478971171618758e-14,
-6.5165977557253141e-01,-7.0295629465467613e-01,9.9996308943676981e-01,0.0000000000000000e+00,
1.4094562451813961e-01,-8.5795319916035440e-01,9.9970041092583639e-01,1.3165240168826927e-12,
8.8453097778979445e-02,-8.7885841163797807e-01,9.9997824852973127e-01,1.8982720184304557e-12,
4.7280313895431975e-01,-7.3057112237974184e-03,9.9999999999976952e-01,2.4027483048309834e-12,
5.6184638901837436e-01,-1.1183454927053884e-02,9.9999999999989297e-01,2.8204664249075092e-12,
5.9802501816386011e-01,-9.5701258096776449e-03,9.9999999999993605e-01,3.1315369982600366e-12,
6.1012435343496685e-01,-4.4035860504041870e-03,9.9999999999991607e-01,3.3221650348409856e-12,
9.0773743152349817e-02,-5.2376328810392281e-01,9.9998617398828527e-01,2.0128161399292750e-14,
3.4207158357953327e-01,-4.1413946908967619e-01,9.9999220361214103e-01,6.6814197349492039e-13,
2.7149982774065368e-01,-9.0952025906874534e-01,9.9996729752871671e-01,1.3120302987643674e-12,
3.0184240604172179e-02,-1.0258341455014339e+00,9.9998794637941357e-01,1.8980092286920664e-12,
2.7236096412041849e-01,-5.2335403558993132e-01,9.9999999999960787e-01,2.4064806514510388e-12,
5.6038196851144972e-01,-7.4288639562101563e-02,9.9999999999970235e-01,2.8255058976154299e-12,
5.9897820819870562e-01,-2.7140709509511318e-02,9.9999999999980749e-01,3.1369701499772321e-12,
6.1176636108506488e-01,-9.6371405165466845e-03,9.9999999999991873e-01,3.3277882493802225e-12,
8.9918683518309384e-01,-2.3016310849004737e-01,9.9999999999393629e-01,2.0482749686275438e-14,
9.2981533792577442e-01,-7.1393927149549424e-02,9.9999999999791900e-01,6.7566790070107211e-13,
8.7652806318014453e-01,-1.3697287523702112e-01,9.9999999999805889e-01,1.3120470142603233e-12,
7.4604154868535433e-01,-5.4045819020263997e-01,9.9999999999873157e-01,1.8985102992357848e-12,
5.3960785645654530e-01,-5.1954912201408165e-01,9.9999999999924849e-01,2.4108032069879730e-12,
5.9929688017743710e-01,-8.0505072779308573e-02,9.9999999999953071e-01,2.8303155441310343e-12,
6.1654164849242765e-01,-2.8849849581399797e-02,9.9999999999970102e-01,3.1418254410137049e-12,
6.2086652269159615e-01,-1.0020123711023694e-02,9.9999999999989453e-01,3.3326636043468997e-12,
9.5460496430103814e-01,-7.6283901242560723e-02,9.9999999998024125e-01,2.0565044748340283e-14,
9.1804328883136155e-01,-4.1378945036736794e-02,9.9999999998139844e-01,6.7730518420346808e-13,
8.5952855417027674e-01,-7.1142587328237125e-02,9.9999999999163391e-01,1.3127375026764153e-12,
7.7285245774022970e-01,-9.5788399430717902e-02,9.9999999999242239e-01,1.8995149050759884e-12,
6.7796962976863273e-01,-9.5134040832529160e-02,9.9999999999221567e-01,2.4130581297278768e-12,
6.4430919715088952e-01,-5.5295338408309691e-02,9.9999999999653200e-01,2.8334112820439466e-12,
6.3291616231072612e-01,-2.2336786983090891e-02,9.9999999999906242e-01,3.1450859035686013e-12,
6.2977392147639855e-01,-7.7543852663012067e-03,9.9999999999814604e-01,3.3359340611311779e-12,

64,4
9.9896102908721252e-01,3.5566370711315430e-02,1.0000000000054130e+00,6.3118850854216534e-13,
9.9382969182896974e-01,4.7942529739795202e-02,1.0000000000123641e+00,1.2634335739620851e-12,
9.6030036337470204e-01,8.4032135879004793e-02,1.0000000000123188e+00,1.8492251972089232e-12,
8.8952338031479739e-01,1.0301400930940302e-01,1.0000000000041596e+00,2.3639099228520512e-12,
7.8133957469149917e-01,1.0048148443965620e-01,1.0000000000008826e+00,2.7873189060620824e-12,
7.0276066496110901e-01,5.5308989552830472e-02,1.0000000000012399e+00,3.1037609698102812e-12,
6.6169415365286610e-01,2.2435210991837793e-02,1.0000000000056983e+00,3.3009407006696272e-12,
6.4500549755208103e-01,8.0637917259153303e-03,1.0000000000209293e+00,3.3705196182175837e-12,
1.0662762752896424e+00,4.9282742129236411e-02,1.0000000000024079e+00,6.3118859798892386e-13,
1.0473525503543319e+00,8.4776201671277321e-02,1.0000000000001632e+00,1.2651306390669883e-12,
1.0105946904947021e+00,1.8547950575509126e-01,9.9999999999982891e-01,1.8518738433767689e-12,
9.4931395212760672e-01,5.1723709699751996e-01,9.9999999999981748e-01,2.3663116389722825e-12,
7.7044458045456798e-01,5.2542779518676486e-01,9.9999999999995237e-01,2.7895373646275061e-12,
6.7860740053979962e-01,7.7778810344455468e-02,1.0000000000000184e+00,3.1063083354805478e-12,
6.4969054683091798e-01,2.9317749565124271e-02,1.0000000000000593e+00,3.3038066899904384e-12,
6.3933244959594326e-01,1.1025627340911450e-02,1.0000000000005933e+00,3.3735103530940344e-12,
1.9681024808273617e+00,6.4673414117559502e-01,1.0000219776318211e+00,6.3067755361936461e-13,
1.9312626199461342e+00,8.3149472722329620e-01,1.0000151928702319e+00,1.2721732406960854e-12,
1.6760397052262395e+00,8.0179662013991171e-01,1.0000086022832211e+00,1.8573934821027338e-12,
1.9082030134552328e+00,9.1287220325205420e-01,1.0000405912923342e+00,2.3688764066137899e-12,
6.1873618059764712e-01,5.0686025395115053e-01,1.0000000000002145e+00,2.7926726737883577e-12,
6.2373872932857910e-01,6.9508076325798765e-02,1.0000000000001490e+00,3.1102149854892253e-12,
6.2704907131353105e-01,2.8248090586943102e-02,1.0000000000001266e+00,3.3082120924842055e-12,
6.2740831744360459e-01,1.0967083170476974e-02,1.0000000000005587e+00,3.3780913536408078e-12,
1.8039405403188784e+00,8.9221222351212337e-01,1.0000323818247354e+00,6.2404460841021536e-13,
1.9439845901841903e+00,5.6820373065751117e-01,1.0000000000000000e+40,1.3219180826332021e-12,
2.0541923128079014e+00,7.2034059292899533e-01,1.0002375836025155e+00,1.8652291064732008e-12,
2.5551574910550214e+00,6.1886176680805505e-01,1.0000100009797073e+00,2.3732709075637579e-12,
8.7732796737878438e-01,2.9667417452289047e-01,1.0000000000003195e+00,2.7970081674086321e-12,
6.0761236145593611e-01,2.3526751078351785e-02,1.0000000000001590e+00,3.1151769523153172e-12,
6.1595007737863461e-01,1.6915232173232542e-02,1.0000000000001261e+00,3.3136078248317039e-12,
6.1861152426598698e-01,7.7987745022561833e-03,1.0000000000003575e+00,3.3836383005984956e-12,
2.0623245057081041e+00,1.2994070042321433e+00,1.0000328943667343e+00,6.2615111391090815e-13,
2.0338663740661467e+00,6.8903594228079934e-01,1.0000000000000000e+40,1.3220693352172976e-12,
2.4637413259154508e+00,5.6668447144605727e-01,1.0001772452544211e+00,1.8657057651736962e-12,
2.0465623921076754e+00,4.9327630366216479e-01,1.0000177995357966e+00,2.3768506718574042e-12,
5.9087312297135863e-01,1.8604468054721776e-01,1.0000000000000946e+00,2.8019842989035481e-12,
6.0018721642206896e-01,2.3446943115949109e-02,1.0000000000000508e+00,3.1205936555064071e-12,
6.1099669516770738e-01,6.3543192584818468e-03,1.0000000000000453e+00,3.3192378295688411e-12,
6.1477568574816110e-01,2.1410126372983871e-03,1.0000000000005558e+00,3.3893425257292344e-12,
1.7925544516881440e+00,8.7258112804926213e-01,1.0000245993633883e+00,6.3475532967210415e-13,
2.0090709044309620e+00,6.9005401763491314e-01,1.0000072871980956e+00,1.2767201864217014e-12,
1.5314269370570206e+00,3.9439647767081970e-01,1.0000520711361456e+00,1.8638734630715703e-12,
2.1764219286870996e+00,4.2563231404402230e-01,1.0000082060869526e+00,2.3810819312584203e-12,
5.9125300597895558e-01,9.5762251008419591e-02,9.9999999999996603e-01,2.8068451126579611e-12,
6.1426432730343150e-01,-1.1255258744392599e-02,9.9999999999995715e-01,3.1255150999129899e-12,
6.1996724752601451e-01,-5.1725712659734585e-03,9.9999999999998312e-01,3.3241857352998686e-12,
6.2118766581047147e-01,-3.9513454844062592e-04,1.0000000000008227e+00,3.3943005012075545e-12,
1.0023758737696875e+00,-9.4276310264239278e-03,1.0000000000311995e+00,6.3654227141171204e-13,
9.8202013790806275e-01,-5.0178523818369698e-03,9.9999999999971645e-01,1.2741287880110567e-12,
9.7710612281871212e-01,-4.5262762224865041e-02,9.9999999999987788e-01,1.8647075880845064e-12,
9.2585710147274791e-01,-7.8098710574890193e-02,9.9999999999984301e-01,2.3834289391014478e-12,
7.6435961155727106e-01,-6.1679441937451895e-02,9.9999999999974576e-01,2.8100509777925564e-12,
6.7156995099143246e-01,-2.4827368399286492e-02,9.9999999999984002e-01,3.1288954824164783e-12,
6.4181651587129751e-01,-8.7496018021943345e-03,9.9999999999994749e-01,3.3275772631302396e-12,
6.3192075044355356e-01,-4.7677595404943779e-04,1.0000000000009184e+00,3.3976857173278778e-12,
9.9779463935844470e-01,-1.1320941744737069e-03,1.0000000001087768e+00,6.3696371295906754e-13,
9.5474476498159389e-01,-1.1281386101129362e-03,1.0000000000862479e+00,1.2745207177299424e-12,
9.2596936067159141e-01,-1.4701129427091802e-03,1.0000000000252920e+00,1.8651042557634950e-12,
8.6963833244913225e-01,-2.3285800101709138e-03,1.0000000000063183e+00,2.3841153256170944e-12,
7.7046619603263045e-01,-1.9003441514506242e-03,1.0000000000031226e+00,2.8111266734776921e-12,
6.9481052467648530e-01,-8.5662740665069770e-04,1.0000000000038956e+00,3.1301201701737567e-12,
6.5401963724002421e-01,-3.0822395207230423e-04,1.0000000000064868e+00,3.3288237772453104e-12,
6.3754117833380064e-01,-1.6392490222793221e-05,1.0000000000065037e+00,3.3989307886137175e-12,

