1
1
1
1
(64 0
((0,0) (16,16) (1,1))
((16,0) (32,16) (1,1))
((32,0) (48,16) (1,1))
((48,0) (64,16) (1,1))
((64,0) (80,16) (1,1))
((80,0) (96,16) (1,1))
((96,0) (112,16) (1,1))
((112,0) (128,16) (1,1))
((0,16) (16,32) (1,1))
((16,16) (32,32) (1,1))
((32,16) (48,32) (1,1))
((48,16) (64,32) (1,1))
((64,16) (80,32) (1,1))
((80,16) (96,32) (1,1))
((96,16) (112,32) (1,1))
((112,16) (128,32) (1,1))
((0,32) (16,48) (1,1))
((16,32) (32,48) (1,1))
((32,32) (48,48) (1,1))
((48,32) (64,48) (1,1))
((64,32) (80,48) (1,1))
((80,32) (96,48) (1,1))
((96,32) (112,48) (1,1))
((112,32) (128,48) (1,1))
((0,48) (16,64) (1,1))
((16,48) (32,64) (1,1))
((32,48) (48,64) (1,1))
((48,48) (64,64) (1,1))
((64,48) (80,64) (1,1))
((80,48) (96,64) (1,1))
((96,48) (112,64) (1,1))
((112,48) (128,64) (1,1))
((0,64) (16,80) (1,1))
((16,64) (32,80) (1,1))
((32,64) (48,80) (1,1))
((48,64) (64,80) (1,1))
((64,64) (80,80) (1,1))
((80,64) (96,80) (1,1))
((96,64) (112,80) (1,1))
((112,64) (128,80) (1,1))
((0,80) (16,96) (1,1))
((16,80) (32,96) (1,1))
((32,80) (48,96) (1,1))
((48,80) (64,96) (1,1))
((64,80) (80,96) (1,1))
((80,80) (96,96) (1,1))
((96,80) (112,96) (1,1))
((112,80) (128,96) (1,1))
((0,96) (16,112) (1,1))
((16,96) (32,112) (1,1))
((32,96) (48,112) (1,1))
((48,96) (64,112) (1,1))
((64,96) (80,112) (1,1))
((80,96) (96,112) (1,1))
((96,96) (112,112) (1,1))
((112,96) (128,112) (1,1))
((0,112) (16,128) (1,1))
((16,112) (32,128) (1,1))
((32,112) (48,128) (1,1))
((48,112) (64,128) (1,1))
((64,112) (80,128) (1,1))
((80,112) (96,128) (1,1))
((96,112) (112,128) (1,1))
((112,112) (128,128) (1,1))
)
64
FabOnDisk: SD_1_Old_MF_D_00000 0
FabOnDisk: SD_1_Old_MF_D_00000 2972
FabOnDisk: SD_1_Old_MF_D_00000 5944
FabOnDisk: SD_1_Old_MF_D_00000 8916
FabOnDisk: SD_1_Old_MF_D_00000 11888
FabOnDisk: SD_1_Old_MF_D_00000 14860
FabOnDisk: SD_1_Old_MF_D_00000 17832
FabOnDisk: SD_1_Old_MF_D_00000 20805
FabOnDisk: SD_1_Old_MF_D_00000 23779
FabOnDisk: SD_1_Old_MF_D_00000 26751
FabOnDisk: SD_1_Old_MF_D_00000 29723
FabOnDisk: SD_1_Old_MF_D_00000 32695
FabOnDisk: SD_1_Old_MF_D_00000 35667
FabOnDisk: SD_1_Old_MF_D_00000 38639
FabOnDisk: SD_1_Old_MF_D_00000 41611
FabOnDisk: SD_1_Old_MF_D_00000 44584
FabOnDisk: SD_1_Old_MF_D_00000 47558
FabOnDisk: SD_1_Old_MF_D_00000 50530
FabOnDisk: SD_1_Old_MF_D_00000 53502
FabOnDisk: SD_1_Old_MF_D_00000 56474
FabOnDisk: SD_1_Old_MF_D_00000 59446
FabOnDisk: SD_1_Old_MF_D_00000 62418
FabOnDisk: SD_1_Old_MF_D_00000 65390
FabOnDisk: SD_1_Old_MF_D_00000 68363
FabOnDisk: SD_1_Old_MF_D_00000 71337
FabOnDisk: SD_1_Old_MF_D_00000 74309
FabOnDisk: SD_1_Old_MF_D_00000 77281
FabOnDisk: SD_1_Old_MF_D_00000 80253
FabOnDisk: SD_1_Old_MF_D_00000 83225
FabOnDisk: SD_1_Old_MF_D_00000 86197
FabOnDisk: SD_1_Old_MF_D_00000 89169
FabOnDisk: SD_1_Old_MF_D_00000 92142
FabOnDisk: SD_1_Old_MF_D_00000 95116
FabOnDisk: SD_1_Old_MF_D_00000 98088
FabOnDisk: SD_1_Old_MF_D_00000 101060
FabOnDisk: SD_1_Old_MF_D_00000 104032
FabOnDisk: SD_1_Old_MF_D_00000 107004
FabOnDisk: SD_1_Old_MF_D_00000 109976
FabOnDisk: SD_1_Old_MF_D_00000 112948
FabOnDisk: SD_1_Old_MF_D_00000 115921
FabOnDisk: SD_1_Old_MF_D_00000 118895
FabOnDisk: SD_1_Old_MF_D_00000 121867
FabOnDisk: SD_1_Old_MF_D_00000 124839
FabOnDisk: SD_1_Old_MF_D_00000 127811
FabOnDisk: SD_1_Old_MF_D_00000 130783
FabOnDisk: SD_1_Old_MF_D_00000 133755
FabOnDisk: SD_1_Old_MF_D_00000 136727
FabOnDisk: SD_1_Old_MF_D_00000 139700
FabOnDisk: SD_1_Old_MF_D_00000 142674
FabOnDisk: SD_1_Old_MF_D_00000 145647
FabOnDisk: SD_1_Old_MF_D_00000 148620
FabOnDisk: SD_1_Old_MF_D_00000 151593
FabOnDisk: SD_1_Old_MF_D_00000 154566
FabOnDisk: SD_1_Old_MF_D_00000 157539
FabOnDisk: SD_1_Old_MF_D_00000 160512
FabOnDisk: SD_1_Old_MF_D_00000 163486
FabOnDisk: SD_1_Old_MF_D_00000 166461
FabOnDisk: SD_1_Old_MF_D_00000 169435
FabOnDisk: SD_1_Old_MF_D_00000 172409
FabOnDisk: SD_1_Old_MF_D_00000 175383
FabOnDisk: SD_1_Old_MF_D_00000 178357
FabOnDisk: SD_1_Old_MF_D_00000 181331
FabOnDisk: SD_1_Old_MF_D_00000 184305
FabOnDisk: SD_1_Old_MF_D_00000 187280

64,1
-1.6785580743723228e+03,
-1.6440843417117915e+03,
-1.5130307673519303e+03,
-1.3124806011313253e+03,
-1.0707535724147017e+03,
-8.1107372151324284e+02,
-5.4415962447944798e+02,
-2.7302239063192860e+02,
-1.8484271182550408e+03,
-1.8106870478193805e+03,
-1.6116224172690638e+03,
-1.3766618817264605e+03,
-1.0931182181348195e+03,
-8.2264954787414354e+02,
-5.5074775471946191e+02,
-2.7586021176003476e+02,
-1.8484271182550408e+03,
-1.8106870478193805e+03,
-1.6843390099864014e+03,
-1.4592327728044284e+03,
-1.1079931257897383e+03,
-8.4130238023568381e+02,
-5.5994175593746058e+02,
-2.7950539098192712e+02,
-1.3408383445545351e+03,
-4.2178596641048880e+03,
-1.3257850695355114e+03,
-1.4034915734840947e+03,
-1.2176084603017489e+03,
-8.6186617761113507e+02,
-5.6718968737489467e+02,
-2.8222734837486348e+02,
-1.4256583575995519e+03,
-4.2178596641048880e+03,
-1.3158692092797687e+03,
-1.3636025945059500e+03,
-1.2190201118095069e+03,
-8.6257620032429145e+02,
-5.6810959259279593e+02,
-2.8277696558556772e+02,
-2.1836277198459175e+03,
-1.9855046393481807e+03,
-1.6864084378904306e+03,
-1.3849720361431373e+03,
-1.1593511059138395e+03,
-8.5613776138483195e+02,
-5.6723636667349251e+02,
-2.8266180973322412e+02,
-2.1836277198459175e+03,
-1.9855046393481807e+03,
-1.6864084378904306e+03,
-1.3849720361431373e+03,
-1.1185801245755952e+03,
-8.4356388880948089e+02,
-5.6279155877275957e+02,
-2.8134130277958116e+02,
-1.9088165807012281e+03,
-1.8220242824226352e+03,
-1.6180628302249670e+03,
-1.3674632763815850e+03,
-1.1041151807858894e+03,
-8.3440370625109745e+02,
-5.5856027069207516e+02,
-2.7980089274178920e+02,

64,1
-1.6006602771417511e+03,
-1.4792874087248515e+03,
-1.2912455836737890e+03,
-1.0601882929795345e+03,
-8.0630392609668024e+02,
-5.4173067924253564e+02,
-2.7197167096313137e+02,
0.0000000000000000e+00,
-1.6440843417117915e+03,
-1.5130307673519303e+03,
-1.3124806011313253e+03,
-1.0707535724147017e+03,
-8.1107372151324284e+02,
-5.4415962447944798e+02,
-2.7302239063192860e+02,
0.0000000000000000e+00,
-9.7673247445038396e+02,
-1.0211531460638539e+03,
-1.1393409326410278e+03,
-8.2842696868074881e+02,
-8.2264954787414354e+02,
-5.5074775471946191e+02,
-2.7586021176003476e+02,
0.0000000000000000e+00,
-9.2660812883744165e+02,
0.0000000000000000e+00,
-9.2874506433468332e+02,
-8.7273676744788327e+02,
-8.4130238023568381e+02,
-5.5994175593746058e+02,
-2.7950539098192712e+02,
0.0000000000000000e+00,
-6.0941617461320220e+02,
0.0000000000000000e+00,
-8.9197266655569729e+02,
-8.1496582669622649e+02,
-8.5613776138483195e+02,
-5.6718968737489467e+02,
-2.8222734837486348e+02,
0.0000000000000000e+00,
-9.9599076670372415e+02,
-9.9599076670372415e+02,
-9.9376801201729677e+02,
-6.8583784660268066e+02,
-8.4356388880948089e+02,
-5.6279155877275957e+02,
-2.8134130277958116e+02,
0.0000000000000000e+00,
-1.8220242824226352e+03,
-1.6180628302249670e+03,
-1.3674632763815850e+03,
-1.1041151807858894e+03,
-8.3440370625109745e+02,
-5.5856027069207516e+02,
-2.7980089274178920e+02,
0.0000000000000000e+00,
-1.7666357374250742e+03,
-1.5909554396186425e+03,
-1.3573121517626414e+03,
-1.0995506775634265e+03,
-8.3133871182939765e+02,
-5.5694759320712683e+02,
-2.7916612808977197e+02,
0.0000000000000000e+00,

