1
1
2
4
(64 0
((0,0) (15,15) (0,0))
((16,0) (31,15) (0,0))
((32,0) (47,15) (0,0))
((48,0) (63,15) (0,0))
((64,0) (79,15) (0,0))
((80,0) (95,15) (0,0))
((96,0) (111,15) (0,0))
((112,0) (127,15) (0,0))
((0,16) (15,31) (0,0))
((16,16) (31,31) (0,0))
((32,16) (47,31) (0,0))
((48,16) (63,31) (0,0))
((64,16) (79,31) (0,0))
((80,16) (95,31) (0,0))
((96,16) (111,31) (0,0))
((112,16) (127,31) (0,0))
((0,32) (15,47) (0,0))
((16,32) (31,47) (0,0))
((32,32) (47,47) (0,0))
((48,32) (63,47) (0,0))
((64,32) (79,47) (0,0))
((80,32) (95,47) (0,0))
((96,32) (111,47) (0,0))
((112,32) (127,47) (0,0))
((0,48) (15,63) (0,0))
((16,48) (31,63) (0,0))
((32,48) (47,63) (0,0))
((48,48) (63,63) (0,0))
((64,48) (79,63) (0,0))
((80,48) (95,63) (0,0))
((96,48) (111,63) (0,0))
((112,48) (127,63) (0,0))
((0,64) (15,79) (0,0))
((16,64) (31,79) (0,0))
((32,64) (47,79) (0,0))
((48,64) (63,79) (0,0))
((64,64) (79,79) (0,0))
((80,64) (95,79) (0,0))
((96,64) (111,79) (0,0))
((112,64) (127,79) (0,0))
((0,80) (15,95) (0,0))
((16,80) (31,95) (0,0))
((32,80) (47,95) (0,0))
((48,80) (63,95) (0,0))
((64,80) (79,95) (0,0))
((80,80) (95,95) (0,0))
((96,80) (111,95) (0,0))
((112,80) (127,95) (0,0))
((0,96) (15,111) (0,0))
((16,96) (31,111) (0,0))
((32,96) (47,111) (0,0))
((48,96) (63,111) (0,0))
((64,96) (79,111) (0,0))
((80,96) (95,111) (0,0))
((96,96) (111,111) (0,0))
((112,96) (127,111) (0,0))
((0,112) (15,127) (0,0))
((16,112) (31,127) (0,0))
((32,112) (47,127) (0,0))
((48,112) (63,127) (0,0))
((64,112) (79,127) (0,0))
((80,112) (95,127) (0,0))
((96,112) (111,127) (0,0))
((112,112) (127,127) (0,0))
)
64
FabOnDisk: SD_2_Old_MF_D_00000 0
FabOnDisk: SD_2_Old_MF_D_00000 9300
FabOnDisk: SD_2_Old_MF_D_00000 18600
FabOnDisk: SD_2_Old_MF_D_00000 27900
FabOnDisk: SD_2_Old_MF_D_00000 37200
FabOnDisk: SD_2_Old_MF_D_00000 46500
FabOnDisk: SD_2_Old_MF_D_00000 55800
FabOnDisk: SD_2_Old_MF_D_00000 65101
FabOnDisk: SD_2_Old_MF_D_00000 74403
FabOnDisk: SD_2_Old_MF_D_00000 83703
FabOnDisk: SD_2_Old_MF_D_00000 93003
FabOnDisk: SD_2_Old_MF_D_00000 102303
FabOnDisk: SD_2_Old_MF_D_00000 111603
FabOnDisk: SD_2_Old_MF_D_00000 120903
FabOnDisk: SD_2_Old_MF_D_00000 130203
FabOnDisk: SD_2_Old_MF_D_00000 139504
FabOnDisk: SD_2_Old_MF_D_00000 148806
FabOnDisk: SD_2_Old_MF_D_00000 158106
FabOnDisk: SD_2_Old_MF_D_00000 167406
FabOnDisk: SD_2_Old_MF_D_00000 176706
FabOnDisk: SD_2_Old_MF_D_00000 186006
FabOnDisk: SD_2_Old_MF_D_00000 195306
FabOnDisk: SD_2_Old_MF_D_00000 204606
FabOnDisk: SD_2_Old_MF_D_00000 213907
FabOnDisk: SD_2_Old_MF_D_00000 223209
FabOnDisk: SD_2_Old_MF_D_00000 232509
FabOnDisk: SD_2_Old_MF_D_00000 241809
FabOnDisk: SD_2_Old_MF_D_00000 251109
FabOnDisk: SD_2_Old_MF_D_00000 260409
FabOnDisk: SD_2_Old_MF_D_00000 269709
FabOnDisk: SD_2_Old_MF_D_00000 279009
FabOnDisk: SD_2_Old_MF_D_00000 288310
FabOnDisk: SD_2_Old_MF_D_00000 297612
FabOnDisk: SD_2_Old_MF_D_00000 306912
FabOnDisk: SD_2_Old_MF_D_00000 316212
FabOnDisk: SD_2_Old_MF_D_00000 325512
FabOnDisk: SD_2_Old_MF_D_00000 334812
FabOnDisk: SD_2_Old_MF_D_00000 344112
FabOnDisk: SD_2_Old_MF_D_00000 353412
FabOnDisk: SD_2_Old_MF_D_00000 362713
FabOnDisk: SD_2_Old_MF_D_00000 372015
FabOnDisk: SD_2_Old_MF_D_00000 381315
FabOnDisk: SD_2_Old_MF_D_00000 390615
FabOnDisk: SD_2_Old_MF_D_00000 399915
FabOnDisk: SD_2_Old_MF_D_00000 409215
FabOnDisk: SD_2_Old_MF_D_00000 418515
FabOnDisk: SD_2_Old_MF_D_00000 427815
FabOnDisk: SD_2_Old_MF_D_00000 437116
FabOnDisk: SD_2_Old_MF_D_00000 446418
FabOnDisk: SD_2_Old_MF_D_00000 455719
FabOnDisk: SD_2_Old_MF_D_00000 465020
FabOnDisk: SD_2_Old_MF_D_00000 474321
FabOnDisk: SD_2_Old_MF_D_00000 483622
FabOnDisk: SD_2_Old_MF_D_00000 492923
FabOnDisk: SD_2_Old_MF_D_00000 502224
FabOnDisk: SD_2_Old_MF_D_00000 511526
FabOnDisk: SD_2_Old_MF_D_00000 520829
FabOnDisk: SD_2_Old_MF_D_00000 530131
FabOnDisk: SD_2_Old_MF_D_00000 539433
FabOnDisk: SD_2_Old_MF_D_00000 548735
FabOnDisk: SD_2_Old_MF_D_00000 558037
FabOnDisk: SD_2_Old_MF_D_00000 567339
FabOnDisk: SD_2_Old_MF_D_00000 576641
FabOnDisk: SD_2_Old_MF_D_00000 585944

64,2
1.5231774699477683e+02,-8.7501559589745739e+03,
8.3960384356325449e+03,-8.7329382776662897e+03,
1.6069745966205483e+04,-6.4615323365365839e+03,
2.1473217767614915e+04,-4.0280902494057955e+03,
2.4595456219653352e+04,-1.9111551937856348e+03,
2.6084980569700747e+04,-8.5926924372251960e+02,
2.6793566031111448e+04,-4.4891757305458668e+02,
2.7133537923179887e+04,-1.9223889609957041e+02,
-4.6938235698657991e+04,-4.0840044114704324e+04,
8.6068804509730398e+03,-2.5091321518430959e+04,
1.7504898399987360e+04,-1.2164997932233382e+04,
2.2693355159943530e+04,-8.8409825397826353e+03,
2.5510426157323855e+04,-2.4113479127257960e+03,
2.6432397780827341e+04,-1.3473738231652533e+03,
2.6968804380943046e+04,-7.9746066780826368e+02,
2.7255142860282154e+04,-3.3213919604850162e+02,
-4.0882019362967275e+06,-3.3022723267447357e+06,
-4.7334277368417289e+06,-3.5818956260035867e+06,
-4.3503629736887394e+06,-3.9154855740928911e+06,
-7.9759020866872752e+06,-3.3052317367043849e+06,
1.2428672004222608e+04,-4.9345807241337752e+03,
2.6973744442116185e+04,-2.4001238876813659e+03,
2.7413634926314262e+04,-9.3427666826082714e+02,
2.7573280288688155e+04,-3.5901055481299409e+02,
-4.0805061016406799e+06,-4.3971006328573870e+06,
-3.5211417563061621e+06,-5.3213332547212364e+06,
-7.4023166344255051e+06,-3.5714791439553415e+06,
-7.3685606138535924e+06,-1.6974643139889224e+06,
1.0708248817522690e+04,-2.4376273171648427e+04,
2.8096584627775519e+04,-2.5185378411348211e+03,
2.7997317118314102e+04,-9.1077184515306726e+02,
2.7945457135043049e+04,-3.3559796457366247e+02,
-6.9869902674854472e+06,-3.2754173676619278e+06,
-5.3968166113897841e+06,-3.7330192216268284e+06,
-5.5482577243333142e+06,-1.9273114839857542e+06,
-1.2863605780419018e+07,-1.5480075669085437e+06,
2.4684194533686241e+04,-5.9489917372775380e+02,
2.8662891602787386e+04,-5.9423412827054563e+02,
2.8314326290803736e+04,-3.5583193976290204e+02,
2.8190365379063274e+04,-1.5309215217021119e+02,
-4.6922662622872554e+06,-6.2327260028737911e+05,
-4.3900263108353512e+06,-1.6052218448002120e+06,
-3.1613503464650959e+06,-5.6150019814092177e+05,
-8.6391725011574887e+06,-1.8015691888765828e+06,
2.4596542968677022e+04,-2.4118993508964195e+02,
2.8000086155433382e+04,3.4069526922030491e+02,
2.8148346177025174e+04,7.7500920327656786e+01,
2.8134859711160309e+04,1.6085580551816747e+00,
5.9696863717508677e+02,1.1780913099851205e+04,
1.6680438684642650e+04,5.5009902128995236e+03,
2.3785455046989773e+04,1.5280224360136344e+03,
2.2410411847184150e+04,-1.8023304172795179e+03,
2.5928555567790318e+04,6.4409442984670022e+02,
2.7367914739316257e+04,3.3039041769388859e+02,
2.7789182693115348e+04,1.2880094472147903e+02,
2.7956929471814197e+04,3.4829873195064920e+00,
4.4319333531075245e+02,3.4724613412945473e+02,
1.3363673245258724e+04,1.8006300020460912e+02,
2.1394864448538101e+04,7.1785654800623888e+01,
2.5015538402517996e+04,3.0967661081740516e+01,
2.6433603807588770e+04,1.9455567548357067e+01,
2.7200680353998905e+04,1.0582988869282417e+01,
2.7659803290897529e+04,4.3025303502872703e+00,
2.7878112175148686e+04,1.1815221066058257e-01,

64,2
7.8990538628084323e+03,-2.4631765923350031e+02,
1.6902522528612644e+04,-2.1244048877397290e+02,
2.2290902514732625e+04,-1.3575199972838163e+02,
2.5297192061342685e+04,-7.0521811885009811e+01,
2.6351482900216070e+04,-3.2306194026750745e+01,
2.6922585847542359e+04,-1.6001332994801487e+01,
2.7229551889439979e+04,-6.9688869095443806e+00,
2.7325627097113858e+04,-2.0015365549284070e-01,
1.4294735751632288e+04,3.3097731935222691e+04,
2.1923365263582855e+04,-7.0641227630305366e+03,
2.4459973032441121e+04,-4.4308365454913655e+03,
3.0425320362619095e+04,-3.7366037075844361e+02,
2.8161493152768526e+04,-9.4005381320639572e+02,
2.7360377380840146e+04,-4.9511023127233784e+02,
2.7543215430241617e+04,-2.1782765186453616e+02,
2.7589078371294265e+04,-6.2428740873485822e+00,
1.1898880837118647e+06,1.1972355582031850e+06,
1.9840572352754774e+06,2.1548140883302072e+05,
1.2772273019304131e+06,7.2148491054842842e+05,
2.3663125048984573e+06,2.3843509952837075e+06,
5.7736624016588015e+04,4.0404340516892262e+03,
2.8130030855437872e+04,-8.5070418210652861e+02,
2.8087415028601026e+04,-3.6220139750248563e+02,
2.7965421441180391e+04,-1.0104869378665171e+01,
3.4691063569464651e+06,1.3198457078871254e+06,
3.0411677612580718e+06,3.0565504526368733e+06,
5.0746086341146764e+05,3.0730214043679400e+06,
1.2772753888308876e+06,1.0802825138282115e+06,
8.5430016095931569e+04,1.2359373326980858e+02,
3.0456182170928514e+04,-4.2500222401013161e+02,
2.8750169771773653e+04,-1.8012147797589932e+02,
2.8287316155840104e+04,-5.1551529119137740e+00,
1.6577137047453837e+06,5.5937854476383030e+06,
2.4447656438424182e+06,4.4446066069336170e+06,
1.8188894387316697e+06,3.1594824073805306e+06,
9.6007977892247890e+05,1.7363021523071420e+06,
8.4979890824501490e+04,8.6445209333927778e+03,
3.0471634819929386e+04,1.1713098449326935e+03,
2.8798298763563624e+04,2.8460306672441220e+02,
2.8344183442796573e+04,5.8853412768803537e+01,
1.5008300240234311e+06,5.0718498183361134e+06,
1.7417669167574912e+06,4.4227202493576836e+06,
1.6378300684663102e+06,7.7230035232039709e+06,
3.0350412726629386e+06,3.5509487963530086e+06,
6.1474790214725363e+04,4.7210010593069455e+03,
2.9075484557123855e+04,1.2460563830889441e+03,
2.8606841431304019e+04,4.8175907918539451e+02,
2.8315972738335768e+04,1.6067555318350060e+02,
3.1651839228343124e+04,4.1326858361321501e+04,
3.0851837698476265e+04,1.8675531898313966e+04,
3.0928444271642729e+04,7.5273602417810253e+03,
3.0761255218957376e+04,2.5276980164984707e+03,
2.7916137865645396e+04,3.0561862747887062e+03,
2.8123141501465769e+04,1.1410789787838439e+03,
2.8137520052402135e+04,4.7826910025560210e+02,
2.8133716899230523e+04,1.6223185255585122e+02,
1.5523088474538417e+04,1.5007150501151955e+04,
2.3227364836352172e+04,1.0623412904892029e+04,
2.5948784654089832e+04,4.9424671986287649e+03,
2.6559522911683780e+04,1.7308070105813385e+03,
2.7308391866573766e+04,8.3216418784741109e+02,
2.7756356483614756e+04,5.8471825961896684e+02,
2.7941749956908374e+04,2.9758493738136167e+02,
2.7991417579192756e+04,1.1362301846570517e+02,

