1
1
2
4
(64 0
((0,0) (15,15) (0,0))
((16,0) (31,15) (0,0))
((32,0) (47,15) (0,0))
((48,0) (63,15) (0,0))
((64,0) (79,15) (0,0))
((80,0) (95,15) (0,0))
((96,0) (111,15) (0,0))
((112,0) (127,15) (0,0))
((0,16) (15,31) (0,0))
((16,16) (31,31) (0,0))
((32,16) (47,31) (0,0))
((48,16) (63,31) (0,0))
((64,16) (79,31) (0,0))
((80,16) (95,31) (0,0))
((96,16) (111,31) (0,0))
((112,16) (127,31) (0,0))
((0,32) (15,47) (0,0))
((16,32) (31,47) (0,0))
((32,32) (47,47) (0,0))
((48,32) (63,47) (0,0))
((64,32) (79,47) (0,0))
((80,32) (95,47) (0,0))
((96,32) (111,47) (0,0))
((112,32) (127,47) (0,0))
((0,48) (15,63) (0,0))
((16,48) (31,63) (0,0))
((32,48) (47,63) (0,0))
((48,48) (63,63) (0,0))
((64,48) (79,63) (0,0))
((80,48) (95,63) (0,0))
((96,48) (111,63) (0,0))
((112,48) (127,63) (0,0))
((0,64) (15,79) (0,0))
((16,64) (31,79) (0,0))
((32,64) (47,79) (0,0))
((48,64) (63,79) (0,0))
((64,64) (79,79) (0,0))
((80,64) (95,79) (0,0))
((96,64) (111,79) (0,0))
((112,64) (127,79) (0,0))
((0,80) (15,95) (0,0))
((16,80) (31,95) (0,0))
((32,80) (47,95) (0,0))
((48,80) (63,95) (0,0))
((64,80) (79,95) (0,0))
((80,80) (95,95) (0,0))
((96,80) (111,95) (0,0))
((112,80) (127,95) (0,0))
((0,96) (15,111) (0,0))
((16,96) (31,111) (0,0))
((32,96) (47,111) (0,0))
((48,96) (63,111) (0,0))
((64,96) (79,111) (0,0))
((80,96) (95,111) (0,0))
((96,96) (111,111) (0,0))
((112,96) (127,111) (0,0))
((0,112) (15,127) (0,0))
((16,112) (31,127) (0,0))
((32,112) (47,127) (0,0))
((48,112) (63,127) (0,0))
((64,112) (79,127) (0,0))
((80,112) (95,127) (0,0))
((96,112) (111,127) (0,0))
((112,112) (127,127) (0,0))
)
64
FabOnDisk: SD_2_Old_MF_D_00002 0
FabOnDisk: SD_2_Old_MF_D_00002 9300
FabOnDisk: SD_2_Old_MF_D_00002 18600
FabOnDisk: SD_2_Old_MF_D_00002 27900
FabOnDisk: SD_2_Old_MF_D_00003 0
FabOnDisk: SD_2_Old_MF_D_00003 9300
FabOnDisk: SD_2_Old_MF_D_00003 18600
FabOnDisk: SD_2_Old_MF_D_00003 27901
FabOnDisk: SD_2_Old_MF_D_00002 37200
FabOnDisk: SD_2_Old_MF_D_00002 46500
FabOnDisk: SD_2_Old_MF_D_00002 55800
FabOnDisk: SD_2_Old_MF_D_00002 65100
FabOnDisk: SD_2_Old_MF_D_00003 37203
FabOnDisk: SD_2_Old_MF_D_00003 46503
FabOnDisk: SD_2_Old_MF_D_00003 55803
FabOnDisk: SD_2_Old_MF_D_00003 65104
FabOnDisk: SD_2_Old_MF_D_00002 74400
FabOnDisk: SD_2_Old_MF_D_00002 83700
FabOnDisk: SD_2_Old_MF_D_00002 93000
FabOnDisk: SD_2_Old_MF_D_00002 102300
FabOnDisk: SD_2_Old_MF_D_00003 74406
FabOnDisk: SD_2_Old_MF_D_00003 83706
FabOnDisk: SD_2_Old_MF_D_00003 93006
FabOnDisk: SD_2_Old_MF_D_00003 102307
FabOnDisk: SD_2_Old_MF_D_00002 111600
FabOnDisk: SD_2_Old_MF_D_00002 120900
FabOnDisk: SD_2_Old_MF_D_00002 130200
FabOnDisk: SD_2_Old_MF_D_00002 139500
FabOnDisk: SD_2_Old_MF_D_00003 111609
FabOnDisk: SD_2_Old_MF_D_00003 120909
FabOnDisk: SD_2_Old_MF_D_00003 130209
FabOnDisk: SD_2_Old_MF_D_00003 139510
FabOnDisk: SD_2_Old_MF_D_00000 0
FabOnDisk: SD_2_Old_MF_D_00000 9300
FabOnDisk: SD_2_Old_MF_D_00000 18600
FabOnDisk: SD_2_Old_MF_D_00000 27900
FabOnDisk: SD_2_Old_MF_D_00001 0
FabOnDisk: SD_2_Old_MF_D_00001 9300
FabOnDisk: SD_2_Old_MF_D_00001 18600
FabOnDisk: SD_2_Old_MF_D_00001 27901
FabOnDisk: SD_2_Old_MF_D_00000 37200
FabOnDisk: SD_2_Old_MF_D_00000 46500
FabOnDisk: SD_2_Old_MF_D_00000 55800
FabOnDisk: SD_2_Old_MF_D_00000 65100
FabOnDisk: SD_2_Old_MF_D_00001 37203
FabOnDisk: SD_2_Old_MF_D_00001 46503
FabOnDisk: SD_2_Old_MF_D_00001 55803
FabOnDisk: SD_2_Old_MF_D_00001 65104
FabOnDisk: SD_2_Old_MF_D_00000 74400
FabOnDisk: SD_2_Old_MF_D_00000 83701
FabOnDisk: SD_2_Old_MF_D_00000 93002
FabOnDisk: SD_2_Old_MF_D_00000 102303
FabOnDisk: SD_2_Old_MF_D_00001 74406
FabOnDisk: SD_2_Old_MF_D_00001 83707
FabOnDisk: SD_2_Old_MF_D_00001 93008
FabOnDisk: SD_2_Old_MF_D_00001 102310
FabOnDisk: SD_2_Old_MF_D_00000 111604
FabOnDisk: SD_2_Old_MF_D_00000 120906
FabOnDisk: SD_2_Old_MF_D_00000 130208
FabOnDisk: SD_2_Old_MF_D_00000 139510
FabOnDisk: SD_2_Old_MF_D_00001 111613
FabOnDisk: SD_2_Old_MF_D_00001 120915
FabOnDisk: SD_2_Old_MF_D_00001 130217
FabOnDisk: SD_2_Old_MF_D_00001 139520

64,2
-7.9558194268336591e-01,3.9323233406778242e-03,
-8.1933851247108125e-01,-6.5728004477069379e-01,
-2.6095174944053762e-01,-7.1031989102553383e-01,
3.9222357001490654e-01,-4.1351725463137484e-01,
4.3416316953062178e-01,1.0170143705143806e-03,
2.2490647385830376e-01,4.5263031329489060e-03,
1.2112326119982145e-01,2.1557000079055195e-03,
7.2835386724559623e-02,5.1494514868467432e-05,
-3.0537133504518001e+00,1.8189722055056745e-01,
-3.2615274606348597e+00,-3.1759147561542953e+00,
-7.2296393891356758e-01,-3.2690708411309468e+00,
6.7830336088590448e-01,-8.8455649871606123e-01,
3.1079898053872845e-01,1.0549670495751007e-01,
7.3183142594736614e-02,1.5292688017180819e-01,
1.8742305563761559e-02,6.8430843286995224e-02,
6.7636728295849321e-03,1.5964395278238806e-03,
-1.1703899517048908e+01,9.4442375146375268e-01,
-1.9251269506910955e+01,-2.4722026155039455e+01,
-2.7617842176093346e+00,-2.5200883631110656e+01,
2.1828987715771789e-01,-8.8574321870391126e-01,
-3.7752101938886179e-01,5.9955832631325856e-01,
-3.5516432872386750e-01,2.8293838382528391e-01,
-2.0025963895644100e-01,9.4398582696461966e-02,
-1.1042146490841255e-01,1.9791556584634281e-03,
-1.5064525188280440e+01,6.3900038174605633e-01,
-5.1001775122494325e+02,-2.1401792195797054e+02,
-8.9538928105696598e+01,-2.4613501670458515e+02,
-2.7144543433123687e+01,3.1343800502624541e-01,
-4.1574530393218332e+00,3.4841290961089899e-02,
-1.0030934991296685e+00,1.1134064598460166e-02,
-3.7043500548941860e-01,3.4524360813508407e-03,
-1.7559212138437924e-01,7.0645620595205676e-05,
-1.5060084296705377e+01,-4.8955781931638455e+01,
-5.0990110725055428e+02,-4.5954902042382946e+02,
-8.9461987640875137e+01,-1.0562602696362578e+02,
-2.7193527023292010e+01,-3.1307131823363594e+01,
-4.1570910666775047e+00,-2.9992479851644633e+00,
-1.0030996076439949e+00,-7.7496599186343840e-01,
-3.7043606718251554e-01,-2.5617726741630586e-01,
-1.7559302627541884e-01,-8.3579392848173631e-02,
-1.1702010775410887e+01,-9.4105130841091356e+00,
-1.9251203572291008e+01,-6.8563186588184646e+00,
-2.7666727032173033e+00,-2.8171081133864746e+00,
2.1825065396941692e-01,-4.9008752595498821e+00,
-3.7756338578430271e-01,-2.6487215971451690e+00,
-3.5520599699243333e-01,-7.9460747632197881e-01,
-2.0029409000741469e-01,-2.9573438333460411e-01,
-1.1045088306673000e-01,-1.0555575687445166e-01,
-3.0538430357583395e+00,-2.8832536614336095e+00,
-3.2618479291834852e+00,-5.6801059093621487e-01,
-7.2387357339766811e-01,4.8678175851427136e-01,
6.7795345600905543e-01,-7.0098909555252908e-01,
3.1070907326018821e-01,-7.4349348722088038e-01,
7.3115104373438961e-02,-5.5145735854976441e-01,
1.8686752847347530e-02,-2.6882340256139275e-01,
6.7125428404409540e-03,-1.0237157869384887e-01,
-7.9579539976926628e-01,-7.0543570056371241e-01,
-8.1959841273908707e-01,-1.0331190680571439e-01,
-2.6136728637896672e-01,1.2950662681728486e-02,
3.9191206300289794e-01,-7.0255038662408661e-02,
4.3401413452733206e-01,-2.0560290630106570e-01,
2.2481224440253411e-01,-2.0417478735381342e-01,
1.2104906363910284e-01,-1.3812954272668421e-01,
7.2767765023467920e-02,-6.0261111104752768e-02,

64,2
-1.7006866504086417e-02,7.0523081044566904e-01,
-1.5885283691981478e-01,1.0310677146367032e-01,
6.0592528962673209e-01,-1.2948827696154883e-02,
7.6114888700062866e-01,7.0341960182207869e-02,
7.0362504395585723e-01,2.0565739880688244e-01,
4.2474499442761832e-01,2.0422537071201061e-01,
2.5339035201735993e-01,1.3815658515879756e-01,
1.5098859433326034e-01,6.0272797782527344e-02,
-3.7042458275936357e-02,2.8829357041426684e+00,
-3.4940560099494289e-01,5.6737167418110923e-01,
2.1986151484386740e+00,-4.8669480015751126e-01,
2.2033369369620082e+00,7.0117027481061467e-01,
1.0742544366973110e+00,7.4364072272084103e-01,
4.2029801109480408e-01,5.5154377002416466e-01,
2.1009498361942022e-01,2.6887035901077561e-01,
1.1294819758354520e-01,1.0239233401451453e-01,
-1.2275417464854016e-01,9.4103954864490049e+00,
-1.1673290137126948e+00,6.8546724539483606e+00,
1.5760184498166037e+01,2.8179405330889669e+00,
9.3661138335505605e+00,4.9008066068099154e+00,
1.1018702907200293e+00,2.6488227780416453e+00,
2.6259691056695672e-01,7.9469957765346566e-01,
5.2904624101539122e-02,2.9578686330086829e-01,
9.5020317851283401e-03,1.0557846308601720e-01,
5.8983651883309157e+01,4.8961378004874064e+01,
1.2943660585679999e+02,4.5935859580469395e+02,
2.5904591234753929e+02,1.0588552557736709e+02,
1.1713859582994971e+01,3.1325560179304219e+01,
-1.2669925958558870e-01,2.9993323570482437e+00,
-2.2684957087348837e-01,7.7505822336313224e-01,
-1.2118017320307009e-01,2.5623327469008550e-01,
-7.2394263574833528e-02,8.3605149412363217e-02,
5.8984383693587368e+01,-6.3632527602112821e-01,
1.2940808506256599e+02,2.1389054609688006e+02,
2.5910051980263762e+02,2.4604094952625857e+02,
1.1715612448786139e+01,-3.1417773744792882e-01,
-1.2675744760129432e-01,-3.4741486822079420e-02,
-2.2688232395926561e-01,-1.1073821255765018e-02,
-1.2120806741399259e-01,-3.4236039435056689e-03,
-7.2420224863030583e-02,-6.9794527012132803e-05,
-1.2274793949953490e-01,-9.4508315698730272e-01,
-1.1683373217592092e+00,2.4720115893670133e+01,
1.5760737315448516e+01,2.5200105083656737e+01,
9.3675146646011136e+00,8.8616473557027775e-01,
1.1017697623688310e+00,-5.9946744703964361e-01,
2.6251192919696681e-01,-2.8288056479909712e-01,
5.2839561449358932e-02,-9.4371267006966630e-02,
9.4484187702850234e-03,-1.9783518516065008e-03,
-3.7048613435063105e-02,-1.8212125756875766e-01,
-3.4983015989407079e-01,3.1756532004798945e+00,
2.1982005967121143e+00,3.2689530364232886e+00,
2.2029640035699503e+00,8.8493210093023811e-01,
1.0741275465239535e+00,-1.0540566367418533e-01,
4.2016862120017162e-01,-1.5289704459923295e-01,
2.1000368214695428e-01,-6.8417606232209216e-02,
1.1287560474993782e-01,-1.5960558106181903e-03,
-1.7013387517522075e-02,-3.9383377584444219e-03,
-1.5917871319312571e-01,6.5719688800971476e-01,
6.0557023364802476e-01,7.1028727573646311e-01,
7.6088762985249792e-01,4.1360020120088947e-01,
7.0341740379785578e-01,-1.0142822826166888e-03,
4.2460602928820174e-01,-4.5253479556517252e-03,
2.5328869344449773e-01,-2.1552780159845297e-03,
1.5090869223750636e-01,-5.1482298542032437e-05,

