1
1
8
0
(17 0
((240,72) (247,79) (0,0))
((200,96) (207,119) (0,0))
((224,136) (255,143) (0,0))
((240,144) (255,159) (0,0))
((240,200) (255,215) (0,0))
((168,208) (199,231) (0,0))
((232,208) (239,215) (0,0))
((224,216) (247,231) (0,0))
((248,224) (255,231) (0,0))
((8,224) (15,239) (0,0))
((184,232) (199,239) (0,0))
((224,232) (255,255) (0,0))
((16,240) (63,255) (0,0))
((200,240) (215,247) (0,0))
((0,248) (15,255) (0,0))
((64,248) (159,255) (0,0))
((160,248) (223,255) (0,0))
)
17
FabOnDisk: Cell_D_00000 0
FabOnDisk: Cell_D_00000 4182
FabOnDisk: Cell_D_00000 16557
FabOnDisk: Cell_D_00000 33029
FabOnDisk: Cell_D_00000 49501
FabOnDisk: Cell_D_00000 65973
FabOnDisk: Cell_D_00000 115213
FabOnDisk: Cell_D_00000 119397
FabOnDisk: Cell_D_00000 144061
FabOnDisk: Cell_D_00000 148245
FabOnDisk: Cell_D_00000 156522
FabOnDisk: Cell_D_00000 164802
FabOnDisk: Cell_D_00000 214042
FabOnDisk: Cell_D_00000 263280
FabOnDisk: Cell_D_00000 271560
FabOnDisk: Cell_D_00000 279837
FabOnDisk: Cell_D_00000 329076

17,8
-5.9359181749646578e-02,-2.2647149778385900e-01,9.9999999427475694e-01,0.0000000000000000e+00,-1.0522974910311319e+01,-4.7204075863167304e+01,2.2425324514486089e-01,-1.0299846366363405e+00,
-2.2744718329167807e-01,-1.2960528169085234e-01,9.9997514537979504e-01,0.0000000000000000e+00,-6.1998838535714370e+01,-1.8970786473813334e+01,1.2654996255034945e-01,-7.7358064124141801e-01,
-2.4185963004690053e-01,-3.1590988240432699e-01,9.9963212479296548e-01,0.0000000000000000e+00,-2.4237030842993562e+01,-1.0145770960771756e+02,4.1293620147729859e-02,-2.0529768591769004e+00,
-9.5105392919853080e-02,-3.8391940446546097e-01,9.9946361868706757e-01,0.0000000000000000e+00,6.9470734429988568e-01,-4.9247742093968867e+01,3.1056864055007516e-02,-2.1228318960983996e+00,
-1.5591255260723325e-01,-3.7301670557460687e-01,9.9998260738103562e-01,0.0000000000000000e+00,-9.7958164787220880e+01,-7.2851778428501802e+01,2.1235384076032204e-02,4.1111203097667737e+00,
-4.0469535221463881e-01,-2.0387989047661542e-01,9.9976751564704147e-01,0.0000000000000000e+00,-2.1564923751926969e+01,-2.3776637963910929e+01,7.4368735909047246e-04,2.4816140153794539e-01,
-3.0994256182231378e-01,-4.1300271647672804e-01,9.9992370401657538e-01,0.0000000000000000e+00,-3.3186417095409752e+01,-1.0057903543641112e+02,6.0528010913201546e-01,5.0288670570193768e+00,
-2.1925379075851317e-01,-4.0844650907757901e-01,9.9967007448800072e-01,0.0000000000000000e+00,-5.5885656408114414e+01,-6.3515769521934885e+01,6.4977923390260983e-02,2.0218399283079678e+00,
-1.4611895044950665e-01,-4.5246958416341093e-01,9.9999982538305354e-01,0.0000000000000000e+00,-1.9450683105499252e+01,-6.0499239583553958e+01,9.1579873715908633e-01,4.2286844136535819e+00,
-9.0057613758617788e-02,-1.4424689719316373e-04,9.9801009130533325e-01,0.0000000000000000e+00,-2.1503050327909250e+01,-4.0926718182104707e+01,5.4582132706983311e-02,-3.3895139862810097e+00,
-4.5305785123643832e-02,-1.0359348876827705e-01,9.9983065783592928e-01,0.0000000000000000e+00,-1.0602751212718033e+01,-9.4277800827960831e+01,3.7575773182415695e-01,2.2991689329701553e-02,
-1.3337822151914475e-01,-5.9561342403577433e-01,9.9983672707771598e-01,0.0000000000000000e+00,4.3025583110869547e-01,-2.4671907123647998e+01,4.2773213777360652e-03,1.3736699053060186e+00,
-1.4593335970977905e-01,1.2625088416907132e-05,9.9520597241740472e-01,0.0000000000000000e+00,-9.5306815535714122e+00,-2.2154776614583284e+01,8.3437182768619778e-03,-3.8451763955002352e+00,
8.7252515944709563e-02,-1.1325675251522298e-01,9.9976835338467385e-01,0.0000000000000000e+00,2.4217534164195285e+01,-1.0112894490514309e+02,2.7047537088819595e-01,-1.0114742228406266e+00,
-1.4382622825364097e-01,2.0117777118713381e-03,9.9721422132434878e-01,0.0000000000000000e+00,-1.0570355541053232e+01,-4.4759218969778090e+01,9.3255969271909933e-02,-4.5157608737872792e+00,
2.8482862585082247e-01,-1.4442913837900962e-02,9.9799316253849435e-01,0.0000000000000000e+00,-4.4456055895933844e+00,-2.4263439196386344e+01,1.1450417552175571e+01,-1.6319336918233120e+00,
3.6402208920935275e-01,-1.4481897068147290e-01,9.9983702216615511e-01,0.0000000000000000e+00,-3.2706166660463623e+01,-6.9782738874948791e+01,3.3300233008981550e-02,-9.3416171494328304e-01,

17,8
7.0755108025317676e-02,2.3408472545982838e-02,1.0000000000356459e+00,0.0000000000000000e+00,3.2567799035895717e+01,-5.9495666509737646e+00,1.8312820848017644e+01,-4.2783896137088084e-01,
4.8671544249431646e-02,1.2471841717015306e-01,1.0000272943553794e+00,0.0000000000000000e+00,4.7545293714377692e+00,3.2720078543398898e+01,2.5701630173203110e+01,8.1128542104702583e-01,
2.2136376253866041e-01,9.1629222269690183e-02,1.0004909308121481e+00,0.0000000000000000e+00,7.6317168609914802e+01,-2.4928160186475594e+00,3.7973914769532797e+01,6.2929585677880806e-01,
6.8391255051250321e-02,6.6189585156539665e-02,1.0001374143404007e+00,0.0000000000000000e+00,8.0109492707752764e+01,3.2531470794535778e+01,3.2331894613968295e+01,-3.1985536479431603e-01,
5.6268817547912839e-02,9.7097319359735756e-02,1.0001546763447400e+00,0.0000000000000000e+00,1.8298214260431450e+01,3.6049689198975784e+01,3.1943944235773323e+01,6.4770600227372537e+00,
1.6686316023120717e-01,2.2643001224504616e-01,1.0004246755281920e+00,0.0000000000000000e+00,2.8576909217662106e+01,2.4925177287539050e+01,3.6913200667833117e+01,1.2518719710948003e+00,
1.5023273058506837e-02,-1.6111626112049260e-01,1.0000005649465671e+00,0.0000000000000000e+00,8.2534219954902483e+01,-1.5312443361511441e+01,2.5143688835270108e+01,6.6970214829118344e+00,
9.8404947254322306e-02,-1.6093058630195785e-02,1.0008096482612217e+00,0.0000000000000000e+00,6.6190356457505573e+01,3.6003970845201366e+01,2.1434752126284003e+01,5.0045560103994351e+00,
3.4786936604862435e-02,-1.0437619093205546e-02,1.0000000142233767e+00,0.0000000000000000e+00,3.6674778646268351e+01,-6.0754186350254713e+00,2.8579310526975444e+01,5.3625719350331380e+00,
5.5264677437702851e-03,2.0331605727240101e-01,1.0000174012989631e+00,0.0000000000000000e+00,9.3716148948301452e+00,-1.2346322409775553e+01,2.6928512051225113e+01,-1.6265306819405465e+00,
2.4871724123229647e-01,1.1562037119437502e-01,1.0000209819988630e+00,0.0000000000000000e+00,7.3440917494213139e+01,9.7796412331460090e+00,2.4869907402479001e+01,1.3277380345005625e+00,
9.3888109099712291e-01,-6.6042173575384816e-04,1.0001478167799764e+00,0.0000000000000000e+00,1.1116008424334814e+02,8.3962949013956631e+01,1.3878568412726912e+02,4.3033486634016027e+00,
9.2173051660425709e-01,2.2256404632024621e-01,1.0035425993775160e+00,0.0000000000000000e+00,4.2095366804623978e+01,1.2074816717764372e+02,6.2301932128125763e+01,-1.4445349191767911e+00,
3.4763452938472122e-01,1.2547973824129066e-01,1.0005783504768031e+00,0.0000000000000000e+00,9.6044279706303357e+01,3.0846671698917589e+01,2.5117237060756629e+01,2.5469776164458544e+00,
8.3340830869894200e-01,2.4863900492185123e-01,1.0042483811028740e+00,0.0000000000000000e+00,6.1950679923120788e+01,2.5825183537605085e+01,1.4483601213829908e+02,-3.8807163204802650e+00,
9.5881818910986027e-01,5.7102243858773577e-02,1.0024968841040667e+00,0.0000000000000000e+00,1.4360127202624653e+01,1.0062997286349272e+01,2.8097891021982743e+01,-6.3141497349179010e-01,
9.5292231164531593e-01,1.3026557642803999e-01,1.0000426733261383e+00,0.0000000000000000e+00,7.1976744223437876e+01,6.8799346689460961e+01,6.1631017413869088e+01,2.3184325817319138e+00,

