1
1
9
0
(64 0
((0,0) (15,15) (0,0))
((16,0) (31,15) (0,0))
((32,0) (47,15) (0,0))
((48,0) (63,15) (0,0))
((64,0) (79,15) (0,0))
((80,0) (95,15) (0,0))
((96,0) (111,15) (0,0))
((112,0) (127,15) (0,0))
((0,16) (15,31) (0,0))
((16,16) (31,31) (0,0))
((32,16) (47,31) (0,0))
((48,16) (63,31) (0,0))
((64,16) (79,31) (0,0))
((80,16) (95,31) (0,0))
((96,16) (111,31) (0,0))
((112,16) (127,31) (0,0))
((0,32) (15,47) (0,0))
((16,32) (31,47) (0,0))
((32,32) (47,47) (0,0))
((48,32) (63,47) (0,0))
((64,32) (79,47) (0,0))
((80,32) (95,47) (0,0))
((96,32) (111,47) (0,0))
((112,32) (127,47) (0,0))
((0,48) (15,63) (0,0))
((16,48) (31,63) (0,0))
((32,48) (47,63) (0,0))
((48,48) (63,63) (0,0))
((64,48) (79,63) (0,0))
((80,48) (95,63) (0,0))
((96,48) (111,63) (0,0))
((112,48) (127,63) (0,0))
((0,64) (15,79) (0,0))
((16,64) (31,79) (0,0))
((32,64) (47,79) (0,0))
((48,64) (63,79) (0,0))
((64,64) (79,79) (0,0))
((80,64) (95,79) (0,0))
((96,64) (111,79) (0,0))
((112,64) (127,79) (0,0))
((0,80) (15,95) (0,0))
((16,80) (31,95) (0,0))
((32,80) (47,95) (0,0))
((48,80) (63,95) (0,0))
((64,80) (79,95) (0,0))
((80,80) (95,95) (0,0))
((96,80) (111,95) (0,0))
((112,80) (127,95) (0,0))
((0,96) (15,111) (0,0))
((16,96) (31,111) (0,0))
((32,96) (47,111) (0,0))
((48,96) (63,111) (0,0))
((64,96) (79,111) (0,0))
((80,96) (95,111) (0,0))
((96,96) (111,111) (0,0))
((112,96) (127,111) (0,0))
((0,112) (15,127) (0,0))
((16,112) (31,127) (0,0))
((32,112) (47,127) (0,0))
((48,112) (63,127) (0,0))
((64,112) (79,127) (0,0))
((80,112) (95,127) (0,0))
((96,112) (111,127) (0,0))
((112,112) (127,127) (0,0))
)
64
FabOnDisk: Cell_D_00000 0
FabOnDisk: Cell_D_00000 18514
FabOnDisk: Cell_D_00000 37029
FabOnDisk: Cell_D_00000 55544
FabOnDisk: Cell_D_00000 74059
FabOnDisk: Cell_D_00000 92574
FabOnDisk: Cell_D_00000 111089
FabOnDisk: Cell_D_00000 129605
FabOnDisk: Cell_D_00000 148122
FabOnDisk: Cell_D_00000 166637
FabOnDisk: Cell_D_00000 185153
FabOnDisk: Cell_D_00000 203669
FabOnDisk: Cell_D_00000 222185
FabOnDisk: Cell_D_00000 240701
FabOnDisk: Cell_D_00000 259217
FabOnDisk: Cell_D_00000 277734
FabOnDisk: Cell_D_00000 296252
FabOnDisk: Cell_D_00000 314767
FabOnDisk: Cell_D_00000 333283
FabOnDisk: Cell_D_00000 351799
FabOnDisk: Cell_D_00000 370315
FabOnDisk: Cell_D_00000 388831
FabOnDisk: Cell_D_00000 407347
FabOnDisk: Cell_D_00000 425864
FabOnDisk: Cell_D_00000 444382
FabOnDisk: Cell_D_00000 462897
FabOnDisk: Cell_D_00000 481413
FabOnDisk: Cell_D_00000 499929
FabOnDisk: Cell_D_00000 518445
FabOnDisk: Cell_D_00000 536961
FabOnDisk: Cell_D_00000 555477
FabOnDisk: Cell_D_00000 573994
FabOnDisk: Cell_D_00000 592512
FabOnDisk: Cell_D_00000 611027
FabOnDisk: Cell_D_00000 629543
FabOnDisk: Cell_D_00000 648059
FabOnDisk: Cell_D_00000 666575
FabOnDisk: Cell_D_00000 685091
FabOnDisk: Cell_D_00000 703607
FabOnDisk: Cell_D_00000 722124
FabOnDisk: Cell_D_00000 740642
FabOnDisk: Cell_D_00000 759157
FabOnDisk: Cell_D_00000 777673
FabOnDisk: Cell_D_00000 796189
FabOnDisk: Cell_D_00000 814705
FabOnDisk: Cell_D_00000 833221
FabOnDisk: Cell_D_00000 851737
FabOnDisk: Cell_D_00000 870254
FabOnDisk: Cell_D_00000 888772
FabOnDisk: Cell_D_00000 907288
FabOnDisk: Cell_D_00000 925805
FabOnDisk: Cell_D_00000 944322
FabOnDisk: Cell_D_00000 962839
FabOnDisk: Cell_D_00000 981356
FabOnDisk: Cell_D_00000 999873
FabOnDisk: Cell_D_00000 1018391
FabOnDisk: Cell_D_00000 1036910
FabOnDisk: Cell_D_00000 1055427
FabOnDisk: Cell_D_00000 1073945
FabOnDisk: Cell_D_00000 1092463
FabOnDisk: Cell_D_00000 1110981
FabOnDisk: Cell_D_00000 1129499
FabOnDisk: Cell_D_00000 1148017
FabOnDisk: Cell_D_00000 1166536

64,9
1.0000042423916875e+00,-3.7618245808869193e-03,9.9999999999999512e-01,-3.6259789888463430e-15,-6.0995957368593345e-01,3.8705765875429905e-03,1.0142441133563511e-02,-3.3744928004258261e-03,1.0000000000000000e+00,
1.0019352654943361e+00,-5.6572829872272856e-03,9.9999999999997835e-01,-6.6456486189399309e-14,-6.2703388731139964e-01,-4.0699965654787545e-01,1.2373100078836890e-02,-7.9829158362673212e-03,1.0000000000000000e+00,
1.0057701611050343e+00,-5.3979914018370337e-03,9.9999999999992750e-01,-1.0156776098362244e-13,-2.4267105507335757e-01,-4.2558306790465317e-01,1.0746450591409733e-05,-8.5961216487073777e-03,1.0000000000000000e+00,
1.0062171529915773e+00,1.6280224150810658e-05,9.9999999999990186e-01,-3.6773549120681723e-14,1.2437604290821444e-01,-2.2652612893812535e-01,3.8597160884057402e-08,-7.6470901078685982e-03,1.0000000000000000e+00,
1.0031923283175483e+00,7.0353019160015990e-05,9.9999999999990485e-01,-1.2814359518527573e-14,1.7535344588526963e-01,1.0999002318980980e-04,2.5735888290259745e-07,-4.6422765420461084e-03,1.0000000000000000e+00,
1.0014878579932045e+00,4.1927343681311614e-05,9.9999999999993550e-01,-3.9208710879874454e-15,8.9337337153422250e-02,1.8272016556970670e-03,7.2623780669744953e-07,-2.6156036960920722e-03,1.0000000000000000e+00,
1.0006654551061263e+00,2.2026729563607530e-05,9.9999999999993006e-01,7.9665228297852620e-16,4.7920440120359918e-02,8.5815622297135210e-04,8.0107376364052171e-06,-1.2725204008362440e-03,1.0000000000000000e+00,
1.0002644437241399e+00,1.1603068037901582e-05,9.9999999999987921e-01,3.6183135889867314e-15,2.2552761666549608e-02,1.6225129678021564e-05,4.8082640203759002e-06,-4.9269725933109691e-04,1.0000000000000000e+00,
1.0000090807849833e+00,-1.5047138361669000e-02,9.9999999999999367e-01,-4.2726709220458144e-15,-2.3537135374325278e+00,1.5445508146374023e-01,4.5309540588164682e-01,-2.6495853864495450e-03,1.0000000000000000e+00,
1.0039377538524925e+00,-1.5231668862949261e-02,9.9999999999995992e-01,-5.0075269154016931e-14,-2.4267454230700003e+00,-2.0717175550985423e+00,4.2965321370666620e-01,-1.8138997152598604e-02,1.0000000000000000e+00,
1.0096452862091680e+00,-1.1386924163196838e-02,9.9999999999999434e-01,-6.5794340613434980e-14,-3.1689024982092001e-01,-2.0451348080797422e+00,5.5586941265228784e-05,-1.8466309852473224e-02,1.0000000000000000e+00,
1.0048830661683361e+00,1.4384570871230271e-03,9.9999999999999822e-01,-1.2037042739488270e-14,2.9011450366686409e-01,-3.7075924166168694e-01,3.1272464652565279e-06,-1.0883892175659054e-02,1.0000000000000000e+00,
1.0011521298052843e+00,2.3721692808200976e-03,9.9999999999999956e-01,3.7489918912637258e-15,1.1806165779744543e-01,4.0796271434359883e-02,1.1538075934611203e-05,-4.5297139987084227e-03,1.0000000000000000e+00,
1.0002703675323406e+00,1.3173539490531716e-03,1.0000000000000013e+00,6.0822946938886958e-15,2.7443100013662926e-02,6.1496936627106487e-02,3.9592130494578437e-05,-2.1838813504766012e-03,1.0000000000000000e+00,
1.0000675721431129e+00,6.6904436146218043e-04,1.0000000000000004e+00,6.7748662198801305e-15,7.0858137938493160e-03,2.7134418205251420e-02,9.2600035935842817e-05,-9.6939888984635242e-04,1.0000000000000000e+00,
1.0000147702655626e+00,3.4798613680899214e-04,9.9999999999999778e-01,7.1952974579097991e-15,2.0147388914789513e-03,4.9965084499575525e-04,4.6875800524277117e-05,-3.5937034059717879e-04,1.0000000000000000e+00,
1.0000320384961214e+00,-6.6140123951569790e-02,9.9999999999999567e-01,-4.4017490328590011e-15,-1.0667380705450467e+01,6.0002174721529655e-01,1.8513100687228421e+00,5.4859543790916458e-04,1.0000000000000000e+00,
1.0147418030348012e+00,-7.1805111558305670e-02,9.9999999999996292e-01,-6.4809699722494114e-14,-1.4971923068342763e+01,-1.7162918308841288e+01,1.6233842727447572e+00,-8.3623889124015902e-02,1.0000000000000000e+00,
1.0101452987114714e+00,-1.1895535008674928e-02,9.9999999999998779e-01,-7.0411997798325570e-14,-1.9083424162248974e-01,-1.5256783205495120e+01,2.3098314159974986e-05,-8.0019185231884504e-02,1.0000000000000000e+00,
9.9505132048821854e-01,8.8120994845169373e-03,9.9999999999999256e-01,-1.5449265217432570e-14,-3.6094267205469155e-02,-3.1408900630711761e-01,6.4858287407432158e-06,-1.1686228331887320e-02,1.0000000000000000e+00,
9.9510702422222097e-01,4.5108259219040535e-03,9.9999999999999245e-01,3.3685445029114609e-15,-1.6703853369928723e-01,2.4256167822857591e-01,9.3693621081025746e-04,-2.9123979100027968e-03,1.0000000000000000e+00,
9.9715005558399328e-01,1.7606972169732012e-03,9.9999999999999545e-01,6.0886120983758188e-15,-1.4616551469404304e-01,1.0873340691397267e-01,5.2177608875873804e-04,-6.0195690406134137e-04,1.0000000000000000e+00,
9.9865465579743451e-01,7.6228649080606911e-04,9.9999999999999512e-01,6.7918359699254766e-15,-7.9067970097377233e-02,3.6548296761552114e-02,1.8794226027676539e-04,-1.1052397677019291e-04,1.0000000000000000e+00,
9.9939909058633225e-01,3.7392883470806649e-04,9.9999999999999523e-01,7.2020702941401675e-15,-4.3494891142586950e-02,6.0232097879273181e-04,3.1249054269644888e-05,-1.6766374412617340e-05,1.0000000000000000e+00,
8.2712098296144465e-01,-1.4261559211022329e-01,1.0000000000000000e+00,-1.3349162989474477e-13,-1.5746619739392930e+01,5.7684937423115734e-01,4.3105990698451646e-01,2.3091994288834163e-02,1.0000000000000000e+00,
-1.0750479784633995e+00,-6.3898576102182314e-01,0.0000000000000000e+00,-5.8325129537941533e-14,-5.7056943345061688e+02,-3.0687925262371749e+02,0.0000000000000000e+00,-1.0850704736115362e+00,0.0000000000000000e+00,
-9.7246071973380832e-01,6.3487447674683310e-03,9.9999999999978328e-01,-1.0519289193910848e-13,-4.5111245597696211e+01,-2.5541751827835765e+02,1.9093245306689433e-03,-8.5355145128394661e-01,1.0000000000000000e+00,
9.2180989949200942e-01,7.4543919340211353e-04,9.9999999999993738e-01,-5.7504757840485859e-14,-9.6517986510145448e+00,7.5175613253978132e-02,3.9743170192618749e-04,-3.4322377500056239e-03,1.0000000000000000e+00,
9.8367817123525780e-01,1.7970269693289411e-04,9.9999999999997957e-01,2.3415905690945681e-15,-1.3506635267929941e+00,1.4321498684790355e-02,2.2676797393778730e-05,2.3359141469515947e-03,1.0000000000000000e+00,
9.9450564028088106e-01,6.3880858893110501e-05,9.9999999999999456e-01,6.1125560713281996e-15,-3.7759681286716179e-01,4.1835677120764889e-03,2.8200663523413223e-05,1.0557613028850841e-03,1.0000000000000000e+00,
9.9780691826951773e-01,2.6614668443569030e-05,9.9999999999999500e-01,6.7929235592264604e-15,-1.4264175108221264e-01,1.3221397714013457e-03,7.0601763008446136e-06,4.0163922763276276e-04,1.0000000000000000e+00,
9.9908271402958404e-01,1.2878002280363531e-05,9.9999999999999523e-01,7.2048609245792815e-15,-6.8644188307794118e-02,2.1272883044495939e-05,9.9352946052253931e-07,6.9469638466951880e-06,1.0000000000000000e+00,
8.2712098296143799e-01,1.8005238258276702e-04,1.0000000000000000e+00,-1.3707742806964578e-13,-1.5746619739391978e+01,-4.8558766823914212e+01,4.3105990698341301e-01,2.3091994288838590e-02,1.0000000000000000e+00,
-1.0750479784635227e+00,-1.9678608344770240e-01,0.0000000000000000e+00,-6.2393141660157525e-14,-5.7056943345047262e+02,-5.0057285737392488e+02,0.0000000000000000e+00,-1.0850704736114323e+00,0.0000000000000000e+00,
-9.7246071973391934e-01,-5.9216529879439006e-01,9.9999999999987277e-01,-1.1066998092418079e-13,-4.5111245597698854e+01,-1.4985396406106389e+02,1.9093245330503716e-03,-8.5355145128389465e-01,1.0000000000000000e+00,
9.2180989949199210e-01,-5.3140626376768335e-02,9.9999999999997635e-01,-5.8995568945554673e-14,-9.6517986510143956e+00,-7.7863353803846813e+00,3.9743170316408616e-04,-3.4322377500055172e-03,1.0000000000000000e+00,
9.8367817123525714e-01,-1.2370823675952096e-02,9.9999999999999212e-01,2.3495780277512741e-15,-1.3506635267934044e+00,-1.0500680846046395e+00,2.2676798758745897e-05,2.3359141469511437e-03,1.0000000000000000e+00,
9.9450564028088106e-01,-4.1021259738551943e-03,9.9999999999999845e-01,6.1231389766270230e-15,-3.7759681286735763e-01,-2.9104138172770072e-01,2.8200663386180333e-05,1.0557613028850149e-03,1.0000000000000000e+00,
9.9780691826951706e-01,-1.5978964315825582e-03,9.9999999999999856e-01,6.7993793907520737e-15,-1.4264175108204066e-01,-9.8386574918828032e-02,7.0601752039383021e-06,4.0163922763260100e-04,1.0000000000000000e+00,
9.9908271402958404e-01,-6.9333093864644294e-04,9.9999999999999856e-01,7.2081631276234250e-15,-6.8644188307581053e-02,-3.2342608746648696e-02,9.9352993558333947e-07,6.9469638466558543e-06,1.0000000000000000e+00,
1.0000320384961208e+00,7.7507532004933855e-04,9.9999999999998912e-01,-5.3246053077023349e-15,-1.0667380705450187e+01,-7.7490414867587099e+00,1.8513100687223831e+00,5.4859543791401693e-04,1.0000000000000000e+00,
1.0147418030347977e+00,-4.3482204881443050e-05,9.9999999999965961e-01,-7.1738977826845826e-14,-1.4971923068338249e+01,-4.4323381533472528e+00,1.6233842727399264e+00,-8.3623889124008671e-02,1.0000000000000000e+00,
1.0101452987114781e+00,-5.4985604752383350e-02,1.0000000000000022e+00,-8.2034026395459884e-14,-1.9083424162324925e-01,-2.6945110326646815e+00,2.3098314713004831e-05,-8.0019185231879189e-02,1.0000000000000000e+00,
9.9505132048822453e-01,-4.0482392922063445e-02,9.9999999999999623e-01,-1.8166830730369251e-14,-3.6094267205632038e-02,-2.7415614785271805e+00,6.4858285298008411e-06,-1.1686228331886239e-02,1.0000000000000000e+00,
9.9510702422222630e-01,-1.2488461974531339e-02,9.9999999999999656e-01,3.2236271217423808e-15,-1.6703853369966268e-01,-1.0056014207861568e+00,9.3693620984228176e-04,-2.9123979100033901e-03,1.0000000000000000e+00,
9.9715005558399561e-01,-4.6784580360870439e-03,1.0000000000000016e+00,6.1122187902249429e-15,-1.4616551469395728e-01,-3.0392902535329880e-01,5.2177609027176386e-04,-6.0195690406267168e-04,1.0000000000000000e+00,
9.9865465579743662e-01,-2.0389132494510920e-03,1.0000000000000007e+00,6.8059351462889044e-15,-7.9067970097322693e-02,-1.1543640993230017e-01,1.8794226053584634e-04,-1.1052397676995302e-04,1.0000000000000000e+00,
9.9939909058633325e-01,-9.4522135207382040e-04,9.9999999999999967e-01,7.2111144658228014e-15,-4.3494891142007483e-02,-4.1241238948673486e-02,3.1249054123537803e-05,-1.6766374412921662e-05,1.0000000000000000e+00,
1.0000090807849829e+00,1.8961544561351239e-04,9.9999999999997036e-01,-5.3107957643855470e-15,-2.3537135374329523e+00,-2.2855585944041219e+00,4.5309540588267605e-01,-2.6495853864434769e-03,1.0000000000000000e+00,
1.0039377538524907e+00,3.6933221864966430e-03,9.9999999999972800e-01,-6.3317475585098697e-14,-2.4267454230695309e+00,-3.2258218391399601e-01,4.2965321370584503e-01,-1.8138997152593591e-02,1.0000000000000000e+00,
1.0096452862091707e+00,-8.9272827368312418e-03,9.9999999999999223e-01,-8.4627965109929605e-14,-3.1689024982081671e-01,2.6621300253291608e-01,5.5586942036139897e-05,-1.8466309852468950e-02,1.0000000000000000e+00,
1.0048830661683386e+00,-1.0133442284723175e-02,9.9999999999999678e-01,-1.5514904458798131e-14,2.9011450366660313e-01,-3.2069970278580628e-01,3.1272444384056186e-06,-1.0883892175657663e-02,1.0000000000000000e+00,
1.0011521298052870e+00,-8.1168547862368462e-03,9.9999999999999833e-01,3.4322732541427388e-15,1.1806165779694301e-01,-3.2615734671547647e-01,1.1538078984602018e-05,-4.5297139987091582e-03,1.0000000000000000e+00,
1.0002703675323406e+00,-4.2149734134672278e-03,9.9999999999999989e-01,6.1194396571421257e-15,2.7443100012713856e-02,-2.2315555916960458e-01,3.9592131584331725e-05,-2.1838813504778437e-03,1.0000000000000000e+00,
1.0000675721431125e+00,-1.9891882115200092e-03,1.0000000000000020e+00,6.8092518629501233e-15,7.0858137950056757e-03,-1.0635053152690592e-01,9.2600035152788640e-05,-9.6939888984691057e-04,1.0000000000000000e+00,
1.0000147702655617e+00,-9.3916537834058797e-04,1.0000000000000000e+00,7.2144172988314587e-15,2.0147388913031791e-03,-4.0164418208604967e-02,4.6875800867101844e-05,-3.5937034059717928e-04,1.0000000000000000e+00,
1.0000042423916875e+00,4.2395376097745525e-06,9.9999999999988598e-01,-5.1510316701801901e-15,-6.0995957368521236e-01,-5.5141943841820351e-01,1.0142441134105782e-02,-3.3744928004201739e-03,1.0000000000000000e+00,
1.0019352654943463e+00,9.6754128774842368e-05,9.9999999999939082e-01,-6.4805321075267397e-14,-6.2703388731120524e-01,-9.7029829304839249e-02,1.2373100085375616e-02,-7.9829158362633105e-03,1.0000000000000000e+00,
1.0057701611050192e+00,-9.6859369240937692e-04,9.9999999999941303e-01,-8.9594906614752400e-14,-2.4267105507330489e-01,7.5463112684823284e-03,1.0746450092264737e-05,-8.5961216487047132e-03,1.0000000000000000e+00,
1.0062171529915718e+00,-2.9643922500782261e-03,9.9999999999991962e-01,-1.7219121822542687e-14,1.2437604291906453e-01,-2.4124026329775131e-02,3.8590405523897253e-08,-7.6470901078672928e-03,1.0000000000000000e+00,
1.0031923283175488e+00,-2.9606549949790194e-03,9.9999999999997102e-01,2.0990927064795243e-15,1.7535344588612986e-01,-8.4554776559088204e-02,2.5735850117669656e-07,-4.6422765420465143e-03,1.0000000000000000e+00,
1.0014878579932049e+00,-2.1573196226706498e-03,9.9999999999994560e-01,5.3334041529469243e-15,8.9337337154384730e-02,-8.3795555296988428e-02,7.2623732826071485e-07,-2.6156036960937380e-03,1.0000000000000000e+00,
1.0006654551061263e+00,-1.1957840187601812e-03,9.9999999999993927e-01,6.3377016283916468e-15,4.7920440120469664e-02,-5.5529399094714278e-02,8.0107365484733892e-06,-1.2725204008365552e-03,1.0000000000000000e+00,
1.0002644437241397e+00,-6.0851651375007723e-04,9.9999999999994127e-01,6.9393572016495434e-15,2.2552761667503536e-02,-2.3889021482641094e-02,4.8082685573337322e-06,-4.9269725933110829e-04,1.0000000000000000e+00,

64,9
1.0033111109690731e+00,-4.2395376095658690e-06,1.0000000000000384e+00,2.1511076537297053e-14,-1.3445774856104577e-02,5.5141943841759422e-01,5.4493578319584257e-01,7.3502630976139075e-04,1.0000000000000000e+00,
1.0087380855642587e+00,-9.6754128776177685e-05,1.0000000000000531e+00,8.0319702461877336e-14,-1.9388027583610168e-01,9.7029829304708187e-02,2.1389586908873808e+00,-3.1265870981387316e-03,1.0000000000000000e+00,
1.0107127456207108e+00,9.6859369240987012e-04,1.0000000000000293e+00,5.8733367228153643e-14,2.5088067381057216e-01,-7.5463112679316838e-03,2.5239256877246513e-01,-6.4056888341067998e-03,1.0000000000000000e+00,
1.0099785551582805e+00,2.9643922500807896e-03,1.0000000000000315e+00,2.1010569439200157e-14,3.2411697477575452e-01,2.4124026329498553e-02,2.6288511438900958e-03,-4.7381616161967675e-03,1.0000000000000000e+00,
1.0061218005950643e+00,2.9606549949812212e-03,1.0000000000000311e+00,1.2446237599154048e-14,2.9260807537524830e-01,8.4554776558892569e-02,2.2692335496773963e-03,-2.3469033703004917e-03,1.0000000000000000e+00,
1.0035222521182492e+00,2.1573196226715176e-03,1.0000000000000215e+00,1.1065591445339915e-14,1.7146288897627165e-01,8.3795555297461313e-02,3.6433496633378947e-04,-1.0598974809455399e-03,1.0000000000000000e+00,
1.0017908960076640e+00,1.1957840187609237e-03,1.0000000000000226e+00,9.7570373821105841e-15,1.0123077225964149e-01,5.5529399094417793e-02,3.0135379956606144e-04,-4.0422500972085116e-04,1.0000000000000000e+00,
1.0008358679360023e+00,6.0851651374963910e-04,1.0000000000000409e+00,8.9827019257645516e-15,5.9964333743306231e-02,2.3889021482684302e-02,4.5116099225509312e-03,-7.0477380207967520e-06,1.0000000000000000e+00,
1.0122079659796888e+00,-1.8961544561343368e-04,1.0000000000000051e+00,2.3523948337031696e-14,-2.8806754245856627e-02,2.2855585944038417e+00,2.2547883135307116e+00,1.3130858564358401e-02,1.0000000000000000e+00,
1.0265930752599859e+00,-3.6933221865016190e-03,1.0000000000000719e+00,7.7254484268634199e-14,-2.9447681097877743e-01,3.2258218391415666e-01,5.6516952127085487e+00,-1.2942570633668086e-03,1.0000000000000000e+00,
1.0270848109133364e+00,8.9272827368320380e-03,1.0000000000000058e+00,4.6745053791367820e-14,1.1360025666848466e+00,-2.6621300253293140e-01,7.9106744228232695e-01,-7.9697474446142474e-03,1.0000000000000000e+00,
1.0157433915188667e+00,1.0133442284723617e-02,1.0000000000000047e+00,1.0518406888408898e-14,1.1052484464602526e+00,3.2069970278594717e-01,1.2640998611831988e-02,-3.4095882191943496e-03,1.0000000000000000e+00,
1.0061039699884049e+00,8.1168547862371897e-03,1.0000000000000078e+00,6.1575057869897968e-15,4.3535141206109196e-01,3.2615734671577579e-01,1.8749125891372176e-03,-8.1498092493466128e-04,1.0000000000000000e+00,
1.0029777183730439e+00,4.2149734134673995e-03,1.0000000000000069e+00,6.7912067955760601e-15,1.6922873227960805e-01,2.2315555916935750e-01,1.0955480197381851e-03,-1.9405689248885340e-04,1.0000000000000000e+00,
1.0013663930507317e+00,1.9891882115199806e-03,1.0000000000000067e+00,7.2053300068544785e-15,8.3325630008344406e-02,1.0635053152644192e-01,4.6826534446601370e-04,-4.6269814876851557e-05,1.0000000000000000e+00,
1.0006049631460876e+00,9.3916537834029773e-04,1.0000000000000067e+00,7.3533991609771368e-15,4.4660963298273820e-02,4.0164418208463649e-02,6.7719393731282759e-03,-6.2960590358717234e-07,1.0000000000000000e+00,
1.0369557484571696e+00,-7.7507532004919761e-04,1.0000000000000222e+00,2.8054814577370593e-14,-1.0160379286560245e-01,7.7490414867587125e+00,6.8997817881955275e+00,5.7412273199346928e-02,1.0000000000000000e+00,
1.1226805351019697e+00,4.3482204882809152e-05,1.0000000000000726e+00,9.0981372240172451e-14,2.7539837252601083e+00,4.4323381533477679e+00,1.3179403309906929e+01,1.2250423524574240e-02,1.0000000000000000e+00,
1.1121623374385461e+00,5.4985604752387063e-02,1.0000000000000202e+00,5.9857370421974525e-14,1.0148782631133882e+01,2.6945110326650434e+00,3.9812580208597179e+00,-7.4914432051310705e-03,1.0000000000000000e+00,
1.0170979726410665e+00,4.0482392922063591e-02,1.0000000000000107e+00,1.4707648440852653e-14,3.1835545679107811e+00,2.7415614785269287e+00,2.4827990131195965e-02,3.5742429652550747e-03,1.0000000000000000e+00,
1.0041897242543221e+00,1.2488461974530138e-02,1.0000000000000047e+00,6.1511750130250134e-15,4.3686727892609989e-01,1.0056014207863371e+00,1.1338274690191052e-02,3.5311599082093652e-03,1.0000000000000000e+00,
1.0008557645388654e+00,4.6784580360865078e-03,1.0000000000000038e+00,6.7630328728817870e-15,9.8421075796130991e-02,3.0392902535271887e-01,2.9620388540409215e-03,2.0458307219924201e-03,1.0000000000000000e+00,
1.0001520488897915e+00,2.0389132494507464e-03,1.0000000000000016e+00,7.1920687183046452e-15,1.9487298707859261e-02,1.1543640993229905e-01,6.6357873726614891e-04,9.3850912645499006e-04,1.0000000000000000e+00,
1.0000192461640924e+00,9.4522135207374114e-04,1.0000000000000009e+00,7.3502806029926857e-15,3.4620987042192890e-03,4.1241238948548573e-02,6.7887283852392961e-03,3.5165461170465515e-04,1.0000000000000000e+00,
1.0375133795472307e+00,-1.8005238258325250e-04,1.0000000000000970e+00,8.4276037608364931e-14,5.8466813070763308e+01,4.8558766823915057e+01,7.7257768301715473e+00,2.7753923663007996e-01,1.0000000000000000e+00,
1.5408419400099169e+00,1.9678608344770890e-01,1.0000000000004383e+00,1.2506513469160011e-13,2.4851213349233436e+02,5.0057285737467157e+02,2.4583057516716035e+03,5.1795346320434510e-01,1.0000000000000000e+00,
1.4690815941675195e+00,5.9216529879442581e-01,1.0000000000001028e+00,1.0024918738908149e-13,4.0436288809497341e+02,1.4985396406101674e+02,1.0923035272198345e+03,2.1189209228588518e-01,1.0000000000000000e+00,
1.0043177737587097e+00,5.3140626376767246e-02,1.0000000000000715e+00,4.1702061015683952e-14,3.1560484757558198e+00,7.7863353803846191e+00,5.9631646101022078e+00,4.9957844916532552e-02,1.0000000000000000e+00,
9.9674249923140323e-01,1.2370823675950531e-02,9.9999999999999811e-01,6.3094882953073570e-15,-1.5466010857887866e-01,1.0500680846043744e+00,8.8390607393268317e-02,1.1284195981080783e-02,1.0000000000000000e+00,
9.9849206814623526e-01,4.1021259738543182e-03,9.9999999999999889e-01,6.7664997518871453e-15,-8.9323853287389038e-02,2.9104138172761701e-01,2.8713016016871512e-03,3.8994501926372565e-03,1.0000000000000000e+00,
9.9933018744874580e-01,1.5978964315816254e-03,9.9999999999999889e-01,7.1943737459837217e-15,-4.7677670845691737e-02,9.8386574918785830e-02,6.2739112935451813e-04,1.5292541377325500e-03,1.0000000000000000e+00,
9.9973498739330713e-01,6.9333093864554587e-04,1.0000000000000007e+00,7.3549280604037936e-15,-2.2230284309424603e-02,3.2342608746682600e-02,4.8471103752330963e-03,5.4146532819821132e-04,1.0000000000000000e+00,
1.0375133795472273e+00,1.4261559211021937e-01,1.0000000000001052e+00,8.9498318790416423e-14,5.8466813070765113e+01,-5.7684937422954330e-01,7.7257768301711316e+00,2.7753923663008162e-01,1.0000000000000000e+00,
1.5408419400099387e+00,6.3898576102181914e-01,1.0000000000002216e+00,1.3212726800672195e-13,2.4851213349226967e+02,3.0687925262368435e+02,2.4583057516715708e+03,5.1795346320434166e-01,1.0000000000000000e+00,
1.4690815941675299e+00,-6.3487447674724510e-03,1.0000000000001490e+00,1.0341128406495207e-13,4.0436288809496307e+02,2.5541751827833241e+02,1.0923035272198138e+03,2.1189209228588854e-01,1.0000000000000000e+00,
1.0043177737587166e+00,-7.4543919340499349e-04,1.0000000000000782e+00,4.1287484630198774e-14,3.1560484757560476e+00,-7.5175613253838008e-02,5.9631646100743740e+00,4.9957844916532740e-02,1.0000000000000000e+00,
9.9674249923140623e-01,-1.7970269693516581e-04,1.0000000000000109e+00,6.3123377468138412e-15,-1.5466010857890963e-01,-1.4321498684793118e-02,8.8390607392487691e-02,1.1284195981080821e-02,1.0000000000000000e+00,
9.9849206814623737e-01,-6.3880858895260339e-05,1.0000000000000064e+00,6.7712394319079580e-15,-8.9323853287599897e-02,-4.1835677120935812e-03,2.8713016015452508e-03,3.8994501926373094e-03,1.0000000000000000e+00,
9.9933018744874735e-01,-2.6614668444906299e-05,1.0000000000000033e+00,7.1978637142936625e-15,-4.7677670845672968e-02,-1.3221397715690393e-03,6.2739112940326386e-04,1.5292541377324841e-03,1.0000000000000000e+00,
9.9973498739330657e-01,-1.2878002281538288e-05,1.0000000000000013e+00,7.3579109511112671e-15,-2.2230284309298735e-02,-2.1272883044743697e-05,4.8471103753083399e-03,5.4146532819817890e-04,1.0000000000000000e+00,
1.0369557484571663e+00,6.6140123951564725e-02,1.0000000000000666e+00,3.0655289852036390e-14,-1.0160379285941157e-01,-6.0002174721529555e-01,6.8997817881942254e+00,5.7412273199354366e-02,1.0000000000000000e+00,
1.1226805351019675e+00,7.1805111558317633e-02,1.0000000000000842e+00,9.9367015322312282e-14,2.7539837252588479e+00,1.7162918308840712e+01,1.3179403309906490e+01,1.2250423524578870e-02,1.0000000000000000e+00,
1.1121623374385452e+00,1.1895535008674577e-02,1.0000000000000433e+00,6.4823397092537520e-14,1.0148782631132629e+01,1.5256783205495056e+01,3.9812580208607202e+00,-7.4914432051309213e-03,1.0000000000000000e+00,
1.0170979726410698e+00,-8.8120994845170501e-03,1.0000000000000102e+00,1.5304140074859711e-14,3.1835545679101753e+00,3.1408900630727671e-01,2.4827990131179312e-02,3.5742429652547291e-03,1.0000000000000000e+00,
1.0041897242543252e+00,-4.5108259219050267e-03,1.0000000000000051e+00,6.2040397234371535e-15,4.3686727892629684e-01,-2.4256167822868968e-01,1.1338274691299888e-02,3.5311599082088565e-03,1.0000000000000000e+00,
1.0008557645388680e+00,-1.7606972169738021e-03,1.0000000000000051e+00,6.7789217251681715e-15,9.8421075794930674e-02,-1.0873340691417784e-01,2.9620388550866128e-03,2.0458307219921117e-03,1.0000000000000000e+00,
1.0001520488897917e+00,-7.6228649080687684e-04,1.0000000000000038e+00,7.2013723899804056e-15,1.9487298707167346e-02,-3.6548296761630648e-02,6.6357873746321350e-04,9.3850912645482027e-04,1.0000000000000000e+00,
1.0000192461640924e+00,-3.7392883470905702e-04,1.0000000000000016e+00,7.3585077692119155e-15,3.4620987030731837e-03,-6.0232097879948639e-04,6.7887283856380223e-03,3.5165461170452977e-04,1.0000000000000000e+00,
1.0122079659796877e+00,1.5047138361668834e-02,1.0000000000000324e+00,2.8370201350142768e-14,-2.8806754245373267e-02,-1.5445508146385387e-01,2.2547883135304891e+00,1.3130858564366497e-02,1.0000000000000000e+00,
1.0265930752599877e+00,1.5231668862950035e-02,1.0000000000000395e+00,9.7072102161730669e-14,-2.9447681097825024e-01,2.0717175550986346e+00,5.6516952127077413e+00,-1.2942570633617556e-03,1.0000000000000000e+00,
1.0270848109133384e+00,1.1386924163196000e-02,1.0000000000000133e+00,5.6840199103427619e-14,1.1360025666847204e+00,2.0451348080806242e+00,7.9106744228056303e-01,-7.9697474446124676e-03,1.0000000000000000e+00,
1.0157433915188703e+00,-1.4384570871219208e-03,1.0000000000000084e+00,1.1796948535158724e-14,1.1052484464609267e+00,3.7075924166125651e-01,1.2640998612001297e-02,-3.4095882191946302e-03,1.0000000000000000e+00,
1.0061039699884060e+00,-2.3721692808190923e-03,1.0000000000000080e+00,6.1909759202368478e-15,4.3535141206110822e-01,-4.0796271434353756e-02,1.8749125894834684e-03,-8.1498092493563739e-04,1.0000000000000000e+00,
1.0029777183730451e+00,-1.3173539490527501e-03,1.0000000000000056e+00,6.7817167579622680e-15,1.6922873228097451e-01,-6.1496936626953699e-02,1.0955480215527058e-03,-1.9405689248862683e-04,1.0000000000000000e+00,
1.0013663930507313e+00,-6.6904436146176475e-04,1.0000000000000058e+00,7.2069640692185251e-15,8.3325630007038409e-02,-2.7134418205379696e-02,4.6826534430017414e-04,-4.6269814877202486e-05,1.0000000000000000e+00,
1.0006049631460874e+00,-3.4798613680908885e-04,1.0000000000000044e+00,7.3626889557868800e-15,4.4660963298016637e-02,-4.9965084511440665e-04,6.7719393733253405e-03,-6.2960590353224353e-07,1.0000000000000000e+00,
1.0033111109690713e+00,3.7618245808896957e-03,1.0000000000003373e+00,2.8608954983357373e-14,-1.3445774855761101e-02,-3.8705765878966139e-03,5.4493578319643010e-01,7.3502630976577939e-04,1.0000000000000000e+00,
1.0087380855642598e+00,5.6572829872222254e-03,1.0000000000003624e+00,1.0448627782742157e-13,-1.9388027584977627e-01,4.0699965654810549e-01,2.1389586908869784e+00,-3.1265870981327659e-03,1.0000000000000000e+00,
1.0107127456207148e+00,5.3979914018323135e-03,1.0000000000001035e+00,6.3248871183679134e-14,2.5088067380970613e-01,4.2558306790532113e-01,2.5239256877380156e-01,-6.4056888341022323e-03,1.0000000000000000e+00,
1.0099785551582847e+00,-1.6280224150695153e-05,1.0000000000000440e+00,1.5558379988200048e-14,3.2411697477619850e-01,2.2652612893803942e-01,2.6288511409504334e-03,-4.7381616161973044e-03,1.0000000000000000e+00,
1.0061218005950685e+00,-7.0353019159459794e-05,1.0000000000000362e+00,8.1681362857290417e-15,2.9260807537519623e-01,-1.0999002364753827e-04,2.2692335511744627e-03,-2.3469033703016509e-03,1.0000000000000000e+00,
1.0035222521182487e+00,-4.1927343682157095e-05,1.0000000000000091e+00,7.7803448030561643e-15,1.7146288897505738e-01,-1.8272016555444357e-03,3.6433496808483019e-04,-1.0598974809461809e-03,1.0000000000000000e+00,
1.0017908960076638e+00,-2.2026729563755605e-05,1.0000000000000082e+00,7.7953638236155127e-15,1.0123077225734177e-01,-8.5815622284615863e-04,3.0135379906014018e-04,-4.0422500972082888e-04,1.0000000000000000e+00,
1.0008358679360030e+00,-1.1603068036632913e-05,1.0000000000000067e+00,7.7928200020245558e-15,5.9964333741653511e-02,-1.6225130921627632e-05,4.5116099222259308e-03,-7.0477380210948550e-06,1.0000000000000000e+00,

