1
1
9
0
(4 0
((80,240) (95,255) (0,0))
((96,240) (111,255) (0,0))
((80,256) (95,271) (0,0))
((96,256) (111,271) (0,0))
)
4
FabOnDisk: Cell_D_00000 0
FabOnDisk: Cell_D_00000 18518
FabOnDisk: Cell_D_00000 37037
FabOnDisk: Cell_D_00000 55555

4,9
0.0000000000000000e+00,-1.0552171037288542e+00,0.0000000000000000e+00,0.0000000000000000e+00,-2.0366918518563662e+03,-1.7610404909900360e+03,0.0000000000000000e+00,-9.6851037577841055e+00,0.0000000000000000e+00,
0.0000000000000000e+00,0.0000000000000000e+00,0.0000000000000000e+00,0.0000000000000000e+00,-2.0463385864175484e+02,-2.1855346999197382e+03,0.0000000000000000e+00,-1.5817747011742489e+00,0.0000000000000000e+00,
0.0000000000000000e+00,0.0000000000000000e+00,0.0000000000000000e+00,0.0000000000000000e+00,-2.0366918518401358e+03,-8.8805355259263285e+02,0.0000000000000000e+00,-9.6851037570195206e+00,0.0000000000000000e+00,
0.0000000000000000e+00,-1.0534662402609163e+00,0.0000000000000000e+00,0.0000000000000000e+00,-2.0463385864176777e+02,-1.6765308179159017e+03,0.0000000000000000e+00,-1.5817747011744330e+00,0.0000000000000000e+00,

4,9
1.9656207873426874e+00,0.0000000000000000e+00,1.0000000000000000e+00,2.9441782345429601e-11,2.8116749293723490e+02,8.8805355259310295e+02,3.4854823992127211e+02,8.7821592985958707e-01,1.0000000000000000e+00,
1.9654501837821612e+00,1.0534662402614963e+00,1.0000000000000000e+00,2.5742574738529811e-11,2.9873342605720586e+03,1.6765308178354287e+03,3.4798516093984267e+02,9.8102007035171184e+00,1.0000000000000000e+00,
1.9656207873426883e+00,1.0552171037289924e+00,1.0000000000000000e+00,2.9786173527668325e-11,2.8116749293723535e+02,1.7610404909900537e+03,3.4854823992129201e+02,8.7821592985958641e-01,1.0000000000000000e+00,
1.9654501837821619e+00,0.0000000000000000e+00,1.0000000000000000e+00,2.6299684652286714e-11,2.9873342605724879e+03,2.1855346999197454e+03,3.4798516093984063e+02,9.8102007028218026e+00,1.0000000000000000e+00,

