1
1
9
0
(64 0
((0,0) (15,15) (0,0))
((16,0) (31,15) (0,0))
((32,0) (47,15) (0,0))
((48,0) (63,15) (0,0))
((64,0) (79,15) (0,0))
((80,0) (95,15) (0,0))
((96,0) (111,15) (0,0))
((112,0) (127,15) (0,0))
((0,16) (15,31) (0,0))
((16,16) (31,31) (0,0))
((32,16) (47,31) (0,0))
((48,16) (63,31) (0,0))
((64,16) (79,31) (0,0))
((80,16) (95,31) (0,0))
((96,16) (111,31) (0,0))
((112,16) (127,31) (0,0))
((0,32) (15,47) (0,0))
((16,32) (31,47) (0,0))
((32,32) (47,47) (0,0))
((48,32) (63,47) (0,0))
((64,32) (79,47) (0,0))
((80,32) (95,47) (0,0))
((96,32) (111,47) (0,0))
((112,32) (127,47) (0,0))
((0,48) (15,63) (0,0))
((16,48) (31,63) (0,0))
((32,48) (47,63) (0,0))
((48,48) (63,63) (0,0))
((64,48) (79,63) (0,0))
((80,48) (95,63) (0,0))
((96,48) (111,63) (0,0))
((112,48) (127,63) (0,0))
((0,64) (15,79) (0,0))
((16,64) (31,79) (0,0))
((32,64) (47,79) (0,0))
((48,64) (63,79) (0,0))
((64,64) (79,79) (0,0))
((80,64) (95,79) (0,0))
((96,64) (111,79) (0,0))
((112,64) (127,79) (0,0))
((0,80) (15,95) (0,0))
((16,80) (31,95) (0,0))
((32,80) (47,95) (0,0))
((48,80) (63,95) (0,0))
((64,80) (79,95) (0,0))
((80,80) (95,95) (0,0))
((96,80) (111,95) (0,0))
((112,80) (127,95) (0,0))
((0,96) (15,111) (0,0))
((16,96) (31,111) (0,0))
((32,96) (47,111) (0,0))
((48,96) (63,111) (0,0))
((64,96) (79,111) (0,0))
((80,96) (95,111) (0,0))
((96,96) (111,111) (0,0))
((112,96) (127,111) (0,0))
((0,112) (15,127) (0,0))
((16,112) (31,127) (0,0))
((32,112) (47,127) (0,0))
((48,112) (63,127) (0,0))
((64,112) (79,127) (0,0))
((80,112) (95,127) (0,0))
((96,112) (111,127) (0,0))
((112,112) (127,127) (0,0))
)
64
FabOnDisk: Cell_D_00000 0
FabOnDisk: Cell_D_00000 18514
FabOnDisk: Cell_D_00000 37029
FabOnDisk: Cell_D_00000 55544
FabOnDisk: Cell_D_00000 74059
FabOnDisk: Cell_D_00000 92574
FabOnDisk: Cell_D_00000 111089
FabOnDisk: Cell_D_00000 129605
FabOnDisk: Cell_D_00000 148122
FabOnDisk: Cell_D_00000 166637
FabOnDisk: Cell_D_00000 185153
FabOnDisk: Cell_D_00000 203669
FabOnDisk: Cell_D_00000 222185
FabOnDisk: Cell_D_00000 240701
FabOnDisk: Cell_D_00000 259217
FabOnDisk: Cell_D_00000 277734
FabOnDisk: Cell_D_00000 296252
FabOnDisk: Cell_D_00000 314767
FabOnDisk: Cell_D_00000 333283
FabOnDisk: Cell_D_00000 351799
FabOnDisk: Cell_D_00000 370315
FabOnDisk: Cell_D_00000 388831
FabOnDisk: Cell_D_00000 407347
FabOnDisk: Cell_D_00000 425864
FabOnDisk: Cell_D_00000 444382
FabOnDisk: Cell_D_00000 462897
FabOnDisk: Cell_D_00000 481413
FabOnDisk: Cell_D_00000 499929
FabOnDisk: Cell_D_00000 518445
FabOnDisk: Cell_D_00000 536961
FabOnDisk: Cell_D_00000 555477
FabOnDisk: Cell_D_00000 573994
FabOnDisk: Cell_D_00000 592512
FabOnDisk: Cell_D_00000 611027
FabOnDisk: Cell_D_00000 629543
FabOnDisk: Cell_D_00000 648059
FabOnDisk: Cell_D_00000 666575
FabOnDisk: Cell_D_00000 685091
FabOnDisk: Cell_D_00000 703607
FabOnDisk: Cell_D_00000 722124
FabOnDisk: Cell_D_00000 740642
FabOnDisk: Cell_D_00000 759157
FabOnDisk: Cell_D_00000 777673
FabOnDisk: Cell_D_00000 796189
FabOnDisk: Cell_D_00000 814705
FabOnDisk: Cell_D_00000 833221
FabOnDisk: Cell_D_00000 851737
FabOnDisk: Cell_D_00000 870254
FabOnDisk: Cell_D_00000 888772
FabOnDisk: Cell_D_00000 907288
FabOnDisk: Cell_D_00000 925805
FabOnDisk: Cell_D_00000 944322
FabOnDisk: Cell_D_00000 962839
FabOnDisk: Cell_D_00000 981356
FabOnDisk: Cell_D_00000 999873
FabOnDisk: Cell_D_00000 1018391
FabOnDisk: Cell_D_00000 1036910
FabOnDisk: Cell_D_00000 1055427
FabOnDisk: Cell_D_00000 1073945
FabOnDisk: Cell_D_00000 1092463
FabOnDisk: Cell_D_00000 1110981
FabOnDisk: Cell_D_00000 1129499
FabOnDisk: Cell_D_00000 1148017
FabOnDisk: Cell_D_00000 1166536

64,9
1.0000032237474692e+00,-5.1497462051582716e-03,9.9999999999999578e-01,-7.4537472503056003e-13,-3.6664099229748992e-01,3.5350995530277103e-03,3.6604125462028764e-05,3.8316017300595679e-03,1.0000000000000000e+00,
1.0036512403716711e+00,-3.7231374719443244e-03,9.9999999999998923e-01,7.7117149355505194e-13,-3.8174577126064591e-01,-1.5401651189501839e-01,4.5223139578297539e-05,9.4273421875072237e-04,1.0000000000000000e+00,
1.0048307151677447e+00,-1.2789670479737900e-04,9.9999999999998690e-01,1.5609642668673205e-12,-2.3480279933519504e-01,-1.6420187692267879e-01,8.8149794186037286e-07,-3.6917777794347265e-04,1.0000000000000000e+00,
1.0028319195793343e+00,5.0550448146594096e-05,9.9999999999998734e-01,2.2629028186549322e-12,-7.2372391702131667e-02,-1.0549010142809366e-01,2.1529091131155739e-06,-4.3668987027605433e-04,1.0000000000000000e+00,
1.0013657375305973e+00,3.4579392814038447e-05,9.9999999999999201e-01,2.8751001168968400e-12,-6.2206184171067535e-03,-2.4574242408575610e-02,5.9263317602267773e-06,-3.6140773100255390e-04,1.0000000000000000e+00,
1.0006468111302047e+00,1.8068635880587399e-05,9.9999999999999489e-01,3.3744355258007821e-12,7.6003063409026848e-03,-9.8316132445743052e-04,2.0118948195792241e-08,-1.9168793828429906e-04,1.0000000000000000e+00,
1.0003290736738584e+00,7.7848000255330395e-06,9.9999999999999500e-01,3.7429894947813176e-12,4.1894163422558700e-03,5.9080175772650846e-05,1.1698801824033909e-06,-1.0208392931331085e-04,1.0000000000000000e+00,
1.0002224877216044e+00,1.1324444518942776e-06,9.9999999999998912e-01,3.9678061074436832e-12,1.3940369898948004e-03,7.0620492468745086e-07,3.7243997576605478e-07,-4.1116402765657988e-05,1.0000000000000000e+00,
1.0000061475455566e+00,-1.5220575870113167e-02,9.9999999999999667e-01,-8.2182452432709939e-13,-1.3118296195482382e+00,1.2422899467784436e-01,1.2143488851978912e-04,4.4531517894457247e-03,1.0000000000000000e+00,
1.0053036119906538e+00,-1.0516374251163474e-02,9.9999999999999933e-01,7.8164031447541107e-13,-1.3172286623726819e+00,-8.2702008443306851e-01,7.6488465656100041e-05,-3.0130734963976762e-03,1.0000000000000000e+00,
1.0052808460041243e+00,9.8000834962953263e-06,9.9999999999999956e-01,1.5703114859367721e-12,-2.6136029819734724e-01,-7.8685959521798821e-01,5.8026098620489464e-06,-3.3152704374690943e-03,1.0000000000000000e+00,
1.0014027333539548e+00,1.8610834588059699e-03,1.0000000000000000e+00,2.2698606265648389e-12,-2.2610181843652728e-02,-1.7295991104511801e-01,9.2541019208747244e-05,-1.8921822206763523e-03,1.0000000000000000e+00,
1.0003283564300312e+00,1.1121058025959161e-03,1.0000000000000000e+00,2.8802990904317713e-12,1.5066301990134855e-02,-2.4972755835045962e-02,4.6023485977125800e-07,-5.1284343168777940e-04,1.0000000000000000e+00,
1.0000810357700827e+00,5.5605904255281297e-04,1.0000000000000000e+00,3.3784722403166618e-12,4.1432983564545700e-03,1.1189351043811950e-03,4.2593548132963122e-07,-1.9089805719523959e-04,1.0000000000000000e+00,
1.0000236746679982e+00,2.3478465664626208e-04,1.0000000000000000e+00,3.7463394830746327e-12,9.8470208421911547e-04,2.0413991651144722e-03,2.2055431239068751e-05,-8.5166850802067908e-05,1.0000000000000000e+00,
1.0000112620750172e+00,3.3939979877520583e-05,9.9999999999999800e-01,3.9707649882754790e-12,2.4744699684914171e-04,2.4869657783016771e-05,4.9863560129125191e-06,-3.1430831701717156e-05,1.0000000000000000e+00,
1.0000219687172496e+00,-3.9681994373224075e-02,9.9999999999999556e-01,-8.9656873451019593e-13,-7.6388567473039384e+00,2.6389975026712748e-01,8.8467258804736382e-05,6.3839990049268987e-03,1.0000000000000000e+00,
1.0125672961528680e+00,-3.7630918362862843e-02,9.9999999999999822e-01,7.7510394069505958e-13,-8.5415345098691766e+00,-8.2045121647884098e+00,5.2834982384175611e-04,-3.0381217842245310e-02,1.0000000000000000e+00,
9.9801391183250532e-01,3.3387406432118230e-03,9.9999999999999867e-01,1.5758425236431683e-12,-1.5756614244116157e-01,-3.0963583301722082e+00,1.3106477195212740e-06,-2.1333010198310791e-02,1.0000000000000000e+00,
9.9691732910154907e-01,3.9649079426086102e-03,9.9999999999999956e-01,2.2771116452080889e-12,1.2981027614691278e-02,-1.5457580604269025e-01,1.5229341517042361e-06,-2.3867968853309813e-03,1.0000000000000000e+00,
9.9754941634267069e-01,1.6827161445466770e-03,1.0000000000000000e+00,2.8871473419533566e-12,-1.1884734467141344e-02,2.0407792965206482e-02,3.4124703861271311e-06,-4.9118390356632535e-04,1.0000000000000000e+00,
9.9876717595409203e-01,6.7436640364115655e-04,1.0000000000000000e+00,3.3849279529240768e-12,-1.1541986907457958e-02,1.0026970824920687e-02,5.9426528316308680e-05,-1.0157988552941477e-04,1.0000000000000000e+00,
9.9941226551299644e-01,2.5885528324926557e-04,1.0000000000000000e+00,3.7527114806351846e-12,-6.8433807422085980e-03,3.5662979380515257e-03,4.1157322112667268e-05,-1.9483580374351140e-05,1.0000000000000000e+00,
9.9969784391417960e-01,3.6351577520078775e-05,9.9999999999999922e-01,3.9771865482201932e-12,-3.8398539257348784e-03,4.4447236908419223e-05,1.1543044927710133e-05,-3.2968560347949575e-06,1.0000000000000000e+00,
8.3876778658242712e-01,-1.1627460592143912e-01,9.9999999999997169e-01,-9.7616076363132578e-13,-1.6250679573741600e+01,4.4857422872126818e-01,2.5261260437448030e-03,1.3368085965658551e-02,1.0000000000000000e+00,
-7.1379368179976310e-02,-6.9903829703845410e-01,0.0000000000000000e+00,0.0000000000000000e+00,-7.6774774769488045e+02,-6.4888470932864789e+02,0.0000000000000000e+00,-8.4225899957222272e-01,0.0000000000000000e+00,
7.9837340321964700e-01,1.0457959703407578e-03,9.9999999999999400e-01,1.5906167758179801e-12,-2.9984994576081178e+01,-3.1710598573764743e+00,2.7693580290089059e-05,-3.0004165874908988e-02,1.0000000000000000e+00,
9.8062474782481091e-01,2.0041561535888929e-04,9.9999999999999889e-01,2.2900758727910646e-12,-1.1827022033931558e+00,9.9214755459366318e-03,1.7437192713892075e-04,-8.2672619209565867e-04,1.0000000000000000e+00,
9.9442598780717306e-01,6.3127343154480357e-05,9.9999999999999944e-01,2.8970624477441678e-12,-1.7089721777191433e-01,1.7944581997181314e-03,2.2182333219605051e-05,2.0524440962446127e-04,1.0000000000000000e+00,
9.9787837641284871e-01,2.3902342137539453e-05,1.0000000000000000e+00,3.3940510114311391e-12,-4.2364898982237956e-02,4.6522638297294752e-04,4.8508716816200422e-06,9.3649327776227639e-05,1.0000000000000000e+00,
9.9908527187689022e-01,8.9682286259612680e-06,1.0000000000000000e+00,3.7618621990215180e-12,-1.4343315685192200e-02,1.3416306968243625e-04,1.5713548302332455e-06,3.5524931496600070e-05,1.0000000000000000e+00,
9.9954925775319259e-01,1.2509482098682137e-06,9.9999999999999978e-01,3.9865185906339243e-12,-6.4451842068404897e-03,1.6685787193962276e-06,4.6261339447396376e-07,4.4119560782805883e-07,1.0000000000000000e+00,
8.3876778658242812e-01,1.4656987877460041e-04,9.9999999999996692e-01,-1.0152880482676767e-12,-1.6250679573740825e+01,-4.6736241724851659e+01,2.5261260437448030e-03,1.3368085965655051e-02,1.0000000000000000e+00,
-7.1379368179990951e-02,-5.8216046103114094e-01,0.0000000000000000e+00,0.0000000000000000e+00,-7.6774774769485464e+02,-5.9493116856655502e+02,0.0000000000000000e+00,-8.4225899957223160e-01,0.0000000000000000e+00,
7.9837340321964900e-01,-1.3479326058593447e-01,9.9999999999998523e-01,1.5988608145790415e-12,-2.9984994576079778e+01,-3.4423163842594647e+01,2.7693579310317240e-05,-3.0004165874910404e-02,1.0000000000000000e+00,
9.8062474782481135e-01,-1.4083295231325017e-02,9.9999999999999989e-01,2.3017582106167015e-12,-1.1827022033924273e+00,-9.8571400688755584e-01,1.7437192674132213e-04,-8.2672619209407043e-04,1.0000000000000000e+00,
9.9442598780717284e-01,-4.2009935172393096e-03,9.9999999999999989e-01,2.9064669089994262e-12,-1.7089721777063061e-01,-1.4193460447697814e-01,2.2182332278951247e-05,2.0524440962641172e-04,1.0000000000000000e+00,
9.9787837641284893e-01,-1.5266817651489741e-03,1.0000000000000000e+00,3.4036432724720671e-12,-4.2364898981756376e-02,-3.4319181697180123e-02,4.8508723558474262e-06,9.3649327777256926e-05,1.0000000000000000e+00,
9.9908527187689067e-01,-6.0967570246951068e-04,1.0000000000000000e+00,3.7720534410086960e-12,-1.4343315683925604e-02,-1.0349485956332524e-02,1.5713549643409227e-06,3.5524931495347538e-05,1.0000000000000000e+00,
9.9954925775319303e-01,-2.3071631596118051e-04,9.9999999999999989e-01,3.9971596506587234e-12,-6.4451842060265210e-03,-3.1598261259594695e-03,4.6261321021007760e-07,4.4119560838799499e-07,1.0000000000000000e+00,
1.0000219687172500e+00,5.2785137612692743e-04,9.9999999999996747e-01,-1.0557363852859924e-12,-7.6388567473026461e+00,-4.9340585779212471e+00,8.8467260077329524e-05,6.3839990049256723e-03,1.0000000000000000e+00,
1.0125672961528698e+00,-2.7635718561375925e-02,9.9999999999999811e-01,7.7627211274186439e-13,-8.5415345098707913e+00,-8.1066580565974611e-01,5.2834982324223567e-04,-3.0381217842246958e-02,1.0000000000000000e+00,
9.9801391183250565e-01,-2.9864213607101085e-02,9.9999999999999889e-01,1.5910521536621760e-12,-1.5756614243493688e-01,-6.2431545606295002e-01,1.3106490504011248e-06,-2.1333010198312918e-02,1.0000000000000000e+00,
9.9691732910155018e-01,-1.3581932810927635e-02,1.0000000000000000e+00,2.2990002892443744e-12,1.2981027612537251e-02,-5.3038558121165591e-01,1.5229342599509810e-06,-2.3867968853264216e-03,1.0000000000000000e+00,
9.9754941634267125e-01,-4.4933300526030801e-03,9.9999999999999978e-01,2.9120614653561327e-12,-1.1884734470875066e-02,-1.3451746888440247e-01,3.4124704076377022e-06,-4.9118390356168518e-04,1.0000000000000000e+00,
9.9876717595409248e-01,-1.8602775991564430e-03,1.0000000000000000e+00,3.4117807268282810e-12,-1.1541986911429592e-02,-3.4796316123661748e-02,5.9426527023939690e-05,-1.0157988552738478e-04,1.0000000000000000e+00,
9.9941226551299767e-01,-8.0866232827478933e-04,1.0000000000000000e+00,3.7815744322185570e-12,-6.8433807417014559e-03,-1.1355676281691181e-02,4.1157322741959892e-05,-1.9483580374651325e-05,1.0000000000000000e+00,
9.9969784391418004e-01,-3.1912356344926895e-04,9.9999999999999967e-01,4.0074248828763717e-12,-3.8398539259835033e-03,-3.7727422664385326e-03,1.1543043705011975e-05,-3.2968560366664734e-06,1.0000000000000000e+00,
1.0000061475455571e+00,1.3616356434379155e-04,9.9999999999997424e-01,-1.0891325190587901e-12,-1.3118296195461128e+00,-1.3690592124137537e+00,1.2143488896249055e-04,4.4531517894448817e-03,1.0000000000000000e+00,
1.0053036119906549e+00,-2.2056812437751929e-03,9.9999999999999900e-01,7.8309725985495135e-13,-1.3172286623765554e+00,-1.3961812228216358e-01,7.6488465619063695e-05,-3.0130734963987036e-03,1.0000000000000000e+00,
1.0052808460041229e+00,-6.3559296067903052e-03,9.9999999999999922e-01,1.5902611233154200e-12,-2.6136029819949280e-01,1.2004276781991438e-01,5.8026114427289777e-06,-3.3152704374680387e-03,1.0000000000000000e+00,
1.0014027333539544e+00,-6.1597297724114881e-03,9.9999999999999944e-01,2.2986139435677703e-12,-2.2610181840269614e-02,-1.1557874850689889e-02,9.2541020381767258e-05,-1.8921822206749914e-03,1.0000000000000000e+00,
1.0003283564300331e+00,-3.6838672025592068e-03,9.9999999999999967e-01,2.9150247215014018e-12,1.5066301989765999e-02,-2.1174048072189290e-02,4.6023445280513053e-07,-5.1284343168399879e-04,1.0000000000000000e+00,
1.0000810357700831e+00,-1.7739190458429656e-03,9.9999999999999978e-01,3.4177433678291025e-12,4.1432983567840894e-03,-1.8110048584838688e-02,4.2593703928478499e-07,-1.9089805718989309e-04,1.0000000000000000e+00,
1.0000236746679982e+00,-7.9868793226284132e-04,1.0000000000000000e+00,3.7891514077173627e-12,9.8470208589708443e-04,-9.1818222953383589e-03,2.2055432001479719e-05,-8.5166850802724189e-05,1.0000000000000000e+00,
1.0000112620750179e+00,-3.1775847285303729e-04,9.9999999999999967e-01,4.0158385133452428e-12,2.4744699897547408e-04,-3.4996390030202652e-03,4.9863571050293674e-06,-3.1430831703031846e-05,1.0000000000000000e+00,
1.0000032237474692e+00,3.2233578659892323e-06,9.9999999999995848e-01,-1.1105100118905229e-12,-3.6664099229764746e-01,-3.3770284182655852e-01,3.6604121495540168e-05,3.8316017300558981e-03,1.0000000000000000e+00,
1.0036512403716604e+00,1.5596169565694708e-05,9.9999999999996236e-01,7.8158916758002798e-13,-3.8174577126050635e-01,-9.2867635530209228e-02,4.5223138997680171e-05,9.4273421875132508e-04,1.0000000000000000e+00,
1.0048307151677440e+00,-1.8479462775753358e-03,9.9999999999999356e-01,1.5892412651397631e-12,-2.3480279933168122e-01,3.3910403989626100e-03,8.8149674852240970e-07,-3.6917777793973720e-04,1.0000000000000000e+00,
1.0028319195793349e+00,-1.9723334542788616e-03,9.9999999999999500e-01,2.2981613735016528e-12,-7.2372391699050798e-02,1.1582168009190677e-03,2.1529100082762556e-06,-4.3668987027272062e-04,1.0000000000000000e+00,
1.0013657375305969e+00,-1.6976167666816169e-03,9.9999999999999301e-01,2.9168674237963234e-12,-6.2206184141662671e-03,-7.5704035102143203e-06,5.9263311658129363e-06,-3.6140773099797510e-04,1.0000000000000000e+00,
1.0006468111302038e+00,-1.0086709988394536e-03,9.9999999999999301e-01,3.4214078478225085e-12,7.6003063412646002e-03,-3.4625662311629142e-03,2.0116447656953751e-08,-1.9168793828007197e-04,1.0000000000000000e+00,
1.0003290736738573e+00,-5.0243243384593859e-04,9.9999999999999500e-01,3.7939801580878490e-12,4.1894163420252237e-03,-3.3881070039117173e-03,1.1698783680073183e-06,-1.0208392931433031e-04,1.0000000000000000e+00,
1.0002224877216046e+00,-2.0899403329851455e-04,9.9999999999999778e-01,4.0212801756441702e-12,1.3940369930927183e-03,-1.7909032933864919e-03,3.7243990342808583e-07,-4.1116402773186728e-05,1.0000000000000000e+00,

64,9
1.0047935123540346e+00,-3.2233578660230543e-06,1.0000000000000013e+00,2.6856936669597606e-12,-9.5879155005140770e-03,3.3770284182682558e-01,2.9377730487459806e+00,6.4615009474552751e-03,1.0000000000000000e+00,
1.0070903402055587e+00,-1.5596169565738659e-05,1.0000000000000016e+00,1.5288269882845828e-12,-2.0235359513584580e-01,9.2867635530890363e-02,1.5320145418075241e-03,4.1466271787317750e-03,1.0000000000000000e+00,
1.0070511328414968e+00,1.8479462775754700e-03,1.0000000000000016e+00,2.2299037231120266e-12,-3.7049493159810362e-02,-3.3910403991272136e-03,1.2635598536252235e-03,1.4370521023643872e-03,1.0000000000000000e+00,
1.0050702304223704e+00,1.9723334542786348e-03,1.0000000000000013e+00,2.8450351544402512e-12,1.7404821931763643e-02,-1.1582168009056943e-03,2.2955673592209638e-03,1.1087632907981598e-04,1.0000000000000000e+00,
1.0029792259625518e+00,1.6976167666814205e-03,1.0000000000000011e+00,3.3507098949855046e-12,1.8480325867455377e-02,7.5704028833212516e-06,2.5045046706966868e-04,-1.9139543113252716e-04,1.0000000000000000e+00,
1.0015998727328119e+00,1.0086709988392779e-03,1.0000000000000009e+00,3.7271561594603397e-12,1.3937182455961145e-02,3.4625662292767727e-03,2.3959228825282445e-04,-9.2092530736325573e-05,1.0000000000000000e+00,
1.0008071077564853e+00,5.0243243384595550e-04,1.0000000000000009e+00,3.9608524866088662e-12,7.4892628599932815e-03,3.3881070041240041e-03,1.5962733190306327e-04,-3.5166770619274619e-05,1.0000000000000000e+00,
1.0004279428667009e+00,2.0899403329857605e-04,1.0000000000000033e+00,4.0431713979552007e-12,4.9467962016819678e-03,1.7909032933513200e-03,3.1569777576441723e-03,-4.3563655934212514e-07,1.0000000000000000e+00,
1.0111291739083164e+00,-1.3616356434377618e-04,1.0000000000000084e+00,2.8801703621426011e-12,-1.8829540744965192e-02,1.3690592124152519e+00,8.3822712801441437e+00,1.3889098442424907e-02,1.0000000000000000e+00,
1.0149366189165157e+00,2.2056812437747041e-03,1.0000000000000011e+00,1.5289945250954080e-12,-2.4980304016026422e-01,1.3961812228203366e-01,1.0446577572009730e-02,5.4004633454319811e-03,1.0000000000000000e+00,
1.0132159021729772e+00,6.3559296067904605e-03,1.0000000000000009e+00,2.2350941627074930e-12,2.2689350199482367e-01,-1.2004276781939109e-01,1.0959633475309677e-02,6.8820830774098379e-04,1.0000000000000000e+00,
1.0053286369935233e+00,6.1597297724120970e-03,1.0000000000000009e+00,2.8515596994823823e-12,2.1197083459382074e-01,1.1557874850651292e-02,4.5973939686222431e-03,-3.8992886754429270e-04,1.0000000000000000e+00,
1.0026684536519821e+00,3.6838672025600403e-03,1.0000000000000009e+00,3.3569587411227905e-12,7.2781114919308318e-02,2.1174048072754387e-02,3.3535034068728209e-04,-1.2456816015131731e-04,1.0000000000000000e+00,
1.0012623027806458e+00,1.7739190458425395e-03,1.0000000000000004e+00,3.7333118587460563e-12,1.8283849511222479e-02,1.8110048584595802e-02,1.0558720636641428e-04,-2.7801507139544538e-05,1.0000000000000000e+00,
1.0005931845256462e+00,7.9868793226232340e-04,1.0000000000000007e+00,3.9670432984993517e-12,7.3287676434059361e-03,9.1818222958331905e-03,7.5612428420464978e-05,-6.0955080403329541e-06,1.0000000000000000e+00,
1.0003032830494978e+00,3.1775847285270145e-04,1.0000000000000009e+00,4.0493924562808856e-12,3.9378460756698550e-03,3.4996390039013460e-03,4.7413263516225927e-03,-7.7327186515356777e-08,1.0000000000000000e+00,
1.0277299507790263e+00,-5.2785137612702088e-04,1.0000000000000118e+00,3.0602248980506589e-12,-6.9207064133977939e-02,4.9340585779202257e+00,1.7401571279887101e+01,4.2109185897907922e-02,1.0000000000000000e+00,
1.0545159412695968e+00,2.7635718561376709e-02,1.0000000000000016e+00,1.5419819451725963e-12,3.6737558903292302e+00,8.1066580566080115e-01,2.1978033780120643e-01,7.0853253938950415e-03,1.0000000000000000e+00,
1.0290976849608986e+00,2.9864213607100801e-02,1.0000000000000007e+00,2.2479776216582627e-12,3.8562252860866257e+00,6.2431545606298067e-01,1.7985503812401327e-01,-1.5127663710630282e-03,1.0000000000000000e+00,
1.0049722411307642e+00,1.3581932810926799e-02,1.0000000000000007e+00,2.8614566443603822e-12,5.2370809763652593e-01,5.3038558121286694e-01,5.0865790969134572e-03,2.4567184803906062e-04,1.0000000000000000e+00,
1.0011216936180758e+00,4.4933300526031417e-03,1.0000000000000000e+00,3.3659836598992632e-12,7.7629324921383996e-02,1.3451746888455499e-01,1.5170182023058199e-03,2.5660699475364495e-04,1.0000000000000000e+00,
1.0002135521164550e+00,1.8602775991564595e-03,1.0000000000000000e+00,3.7423302825669812e-12,1.6393672468208109e-02,3.4796316123040134e-02,3.6148237389684035e-04,1.7462084674272696e-04,1.0000000000000000e+00,
1.0000327346069620e+00,8.0866232827510093e-04,1.0000000000000000e+00,3.9762194112160641e-12,3.2907723606188303e-03,1.1355676281417973e-02,1.0740712033377106e-04,8.2243346652669411e-05,1.0000000000000000e+00,
1.0000006282068183e+00,3.1912356344939401e-04,1.0000000000000000e+00,4.0586604537458008e-12,6.3275192983288742e-04,3.7727422661170177e-03,4.7533648108848050e-03,3.0900108836345744e-05,1.0000000000000000e+00,
1.0288377744260060e+00,-1.4656987877426802e-04,1.0000000000000173e+00,3.2164094178181506e-12,5.5095582909229314e+01,4.6736241724849215e+01,1.7913879486986730e+01,2.2337978273647818e-01,1.0000000000000000e+00,
1.6288371163437554e+00,5.8216046103116403e-01,1.0000000000000722e+00,1.6786004607234305e-12,5.0740974825380249e+02,5.9493116856656297e+02,1.9814656736307886e+03,4.6812229655879622e-01,1.0000000000000000e+00,
1.0307313235604534e+00,1.3479326058593383e-01,1.0000000000000480e+00,2.2617820273635018e-12,1.6852670464015858e+01,3.4423163842592452e+01,5.8738612105878829e+00,8.7860896577001274e-02,1.0000000000000000e+00,
9.9714976063437610e-01,1.4083295231324556e-02,1.0000000000000002e+00,2.8710874820411760e-12,4.3637811175154184e-01,9.8571400688742639e-01,2.5783926499495236e-02,6.2241121905182353e-03,1.0000000000000000e+00,
9.9861114203751533e-01,4.2009935172390798e-03,1.0000000000000000e+00,3.3755926669802046e-12,-4.8406544976665250e-03,1.4193460447753134e-01,1.9929868987161869e-03,1.2932078553471651e-03,1.0000000000000000e+00,
9.9934757484204673e-01,1.5266817651487009e-03,1.0000000000000000e+00,3.7524779816415654e-12,-7.9141069289884718e-03,3.4319181698256193e-02,3.6493580991957958e-04,3.9916569492141419e-04,1.0000000000000000e+00,
9.9966970494749252e-01,6.0967570246923703e-04,1.0000000000000000e+00,3.9868207348761381e-12,-4.2450040788210124e-03,1.0349485956765056e-02,1.0142511881099450e-04,1.4580014905730395e-04,1.0000000000000000e+00,
9.9977714733330481e-01,2.3071631596128695e-04,1.0000000000000000e+00,4.0694274852103258e-12,-1.4118259450497882e-03,3.1598261259391390e-03,3.3962664038023095e-03,4.9728945265068926e-05,1.0000000000000000e+00,
1.0288377744260071e+00,1.1627460592144118e-01,1.0000000000000147e+00,3.3629599407207521e-12,5.5095582909229798e+01,-4.4857422872179448e-01,1.7913879486985774e+01,2.2337978273647818e-01,1.0000000000000000e+00,
1.6288371163437620e+00,6.9903829703846532e-01,1.0000000000003519e+00,1.6703121094538470e-12,5.0740974825380289e+02,6.4888470932866846e+02,1.9814656736306617e+03,4.6812229655879639e-01,1.0000000000000000e+00,
1.0307313235604547e+00,-1.0457959703421514e-03,1.0000000000000437e+00,2.2628407036917415e-12,1.6852670464015151e+01,3.1710598573777689e+00,5.8738612105854218e+00,8.7860896577000969e-02,1.0000000000000000e+00,
9.9714976063437621e-01,-2.0041561535915348e-04,1.0000000000000013e+00,2.8766974423255150e-12,4.3637811175059982e-01,-9.9214755464140277e-03,2.5783926500264065e-02,6.2241121905181052e-03,1.0000000000000000e+00,
9.9861114203751555e-01,-6.3127343154938256e-05,1.0000000000000009e+00,3.3837443785233269e-12,-4.8406544989412536e-03,-1.7944581996931540e-03,1.9929868989878446e-03,1.2932078553474025e-03,1.0000000000000000e+00,
9.9934757484204673e-01,-2.3902342137795077e-05,1.0000000000000000e+00,3.7620135916439702e-12,-7.9141069287835663e-03,-4.6522638404441981e-04,3.6493581068979680e-04,3.9916569492151198e-04,1.0000000000000000e+00,
9.9966970494749330e-01,-8.9682286261905750e-06,1.0000000000000000e+00,3.9971233277240133e-12,-4.2450040788169774e-03,-1.3416306989339895e-04,1.0142511756407527e-04,1.4580014905720261e-04,1.0000000000000000e+00,
9.9977714733330503e-01,-1.2509482099199343e-06,1.0000000000000000e+00,4.0799891156261168e-12,-1.4118259468415839e-03,-1.6685775283467781e-06,3.3962664031490829e-03,4.9728945265183668e-05,1.0000000000000000e+00,
1.0277299507790283e+00,3.9681994373224783e-02,1.0000000000000071e+00,3.4787226124646128e-12,-6.9207064136994623e-02,-2.6389975026651369e-01,1.7401571279886568e+01,4.2109185897898603e-02,1.0000000000000000e+00,
1.0545159412695979e+00,3.7630918362862212e-02,1.0000000000000024e+00,1.5504590908466335e-12,3.6737558903282417e+00,8.2045121647886159e+00,2.1978033780515882e-01,7.0853253938915721e-03,1.0000000000000000e+00,
1.0290976849608999e+00,-3.3387406432120442e-03,1.0000000000000011e+00,2.2601481617993784e-12,3.8562252860836597e+00,3.0963583301721571e+00,1.7985503812469050e-01,-1.5127663710593892e-03,1.0000000000000000e+00,
1.0049722411307629e+00,-3.9649079426084541e-03,1.0000000000000009e+00,2.8795019185829767e-12,5.2370809763963311e-01,1.5457580604066190e-01,5.0865790970966440e-03,2.4567184804161863e-04,1.0000000000000000e+00,
1.0011216936180756e+00,-1.6827161445467532e-03,1.0000000000000002e+00,3.3897071909009520e-12,7.7629324924805482e-02,-2.0407792964957233e-02,1.5170182038816427e-03,2.5660699475537572e-04,1.0000000000000000e+00,
1.0002135521164555e+00,-6.7436640364120404e-04,1.0000000000000000e+00,3.7696717860320527e-12,1.6393672467106456e-02,-1.0026970825207645e-02,3.6148237325377836e-04,1.7462084674434262e-04,1.0000000000000000e+00,
1.0000327346069624e+00,-2.5885528324966217e-04,1.0000000000000000e+00,4.0056452387995739e-12,3.2907723559430003e-03,-3.5662979390518536e-03,1.0740711997702518e-04,8.2243346654159159e-05,1.0000000000000000e+00,
1.0000006282068190e+00,-3.6351577519988976e-05,1.0000000000000000e+00,4.0887949850132802e-12,6.3275193030122839e-04,-4.4447238029157579e-05,4.7533648105625315e-03,3.0900108833936796e-05,1.0000000000000000e+00,
1.0111291739083170e+00,1.5220575870112265e-02,1.0000000000000038e+00,3.5632104908293474e-12,-1.8829540742992465e-02,-1.2422899467533742e-01,8.3822712801444510e+00,1.3889098442418594e-02,1.0000000000000000e+00,
1.0149366189165174e+00,1.0516374251163262e-02,1.0000000000000013e+00,1.5440982374921550e-12,-2.4980304016455168e-01,8.2702008443311159e-01,1.0446577571837298e-02,5.4004633454304389e-03,1.0000000000000000e+00,
1.0132159021729774e+00,-9.8000834956410527e-06,1.0000000000000007e+00,2.2571288646367370e-12,2.2689350199089051e-01,7.8685959521878646e-01,1.0959633475537273e-02,6.8820830774122209e-04,1.0000000000000000e+00,
1.0053286369935235e+00,-1.8610834588059265e-03,1.0000000000000007e+00,2.8812673240448956e-12,2.1197083459276239e-01,1.7295991104587910e-01,4.5973939673135678e-03,-3.8992886753965762e-04,1.0000000000000000e+00,
1.0026684536519825e+00,-1.1121058025958370e-03,1.0000000000000007e+00,3.3934207847848935e-12,7.2781114917856327e-02,2.4972755833222247e-02,3.3535034203655001e-04,-1.2456816014878093e-04,1.0000000000000000e+00,
1.0012623027806462e+00,-5.5605904255309388e-04,1.0000000000000002e+00,3.7746310578509940e-12,1.8283849510305490e-02,-1.1189351029665484e-03,1.0558720614454314e-04,-2.7801507139262270e-05,1.0000000000000000e+00,
1.0005931845256457e+00,-2.3478465664620628e-04,1.0000000000000000e+00,4.0112762118489811e-12,7.3287676439176179e-03,-2.0413991646163932e-03,7.5612429190768937e-05,-6.0955080424165298e-06,1.0000000000000000e+00,
1.0003032830494980e+00,-3.3939979877915633e-05,1.0000000000000000e+00,4.0946482373807817e-12,3.9378460697289544e-03,-2.4869658902190657e-05,4.7413263516357176e-03,-7.7327187179835661e-08,1.0000000000000000e+00,
1.0047935123540370e+00,5.1497462051559627e-03,1.0000000000000082e+00,3.6192986765686089e-12,-9.5879154959469838e-03,-3.5350995546181048e-03,2.9377730487475029e+00,6.4615009474496780e-03,1.0000000000000000e+00,
1.0070903402055593e+00,3.7231374719433464e-03,1.0000000000000069e+00,1.5447992469587671e-12,-2.0235359513732221e-01,1.5401651189517424e-01,1.5320145405752199e-03,4.1466271787319918e-03,1.0000000000000000e+00,
1.0070511328414975e+00,1.2789670479834405e-04,1.0000000000000053e+00,2.2575925486051046e-12,-3.7049493161312050e-02,1.6420187692311941e-01,1.2635598538341709e-03,1.4370521023661768e-03,1.0000000000000000e+00,
1.0050702304223702e+00,-5.0550448146447884e-05,1.0000000000000009e+00,2.8824126654108441e-12,1.7404821929754986e-02,1.0549010142931342e-01,2.2955673595467449e-03,1.1087632908302771e-04,1.0000000000000000e+00,
1.0029792259625510e+00,-3.4579392814139996e-05,1.0000000000000004e+00,3.3950236646802032e-12,1.8480325864062997e-02,2.4574242409968142e-02,2.5045046433914888e-04,-1.9139543113120617e-04,1.0000000000000000e+00,
1.0015998727328110e+00,-1.8068635880233865e-05,1.0000000000000002e+00,3.7765758501860951e-12,1.3937182455677011e-02,9.8316132538718700e-04,2.3959228845149907e-04,-9.2092530736690163e-05,1.0000000000000000e+00,
1.0008071077564862e+00,-7.7848000251726287e-06,1.0000000000000000e+00,4.0134106956344973e-12,7.4892628622733153e-03,-5.9080177324153472e-05,1.5962733527096385e-04,-3.5166770618541034e-05,1.0000000000000000e+00,
1.0004279428667020e+00,-1.1324444519328030e-06,1.0000000000000013e+00,4.0968264246745004e-12,4.9467962034294719e-03,-7.0620513210885781e-07,3.1569777550717612e-03,-4.3563656034147452e-07,1.0000000000000000e+00,

