1
1
8
0
(3 0
((248,200) (255,231) (0,0))
((232,232) (255,255) (0,0))
((0,248) (127,255) (0,0))
)
3
FabOnDisk: Cell_D_00000 0
FabOnDisk: Cell_D_00000 16472
FabOnDisk: Cell_D_00000 53424

3,8
-6.6481759232916923e-02,-6.7867113534880052e-01,9.9999999996390632e-01,0.0000000000000000e+00,-5.2361637757107005e-01,-2.1523227006763190e-01,2.7186609132894901e-01,-1.6457835208981936e-02,
-4.2088958615529283e-02,-6.7722468355838950e-01,9.9999999999804945e-01,0.0000000000000000e+00,-2.3584450699352111e-01,-7.0709853252994570e-01,2.3879213882482109e-01,-3.9095926099024132e-03,
-8.2201052809883948e-02,-5.4899609107388414e-03,9.9999999999910238e-01,0.0000000000000000e+00,-7.5586702699998742e-01,-4.0400831542828080e+01,4.2731559861634238e-02,-3.0096652655492379e-01,

3,8
2.9132236882642003e-03,-3.6747722937445521e-02,1.0000000000244571e+00,0.0000000000000000e+00,9.0995467456235168e-01,1.8543567568523702e+00,4.3169182966821310e+01,5.5704029781336879e-02,
9.3580385061729809e-01,5.8634505901222203e-03,1.0000000000165310e+00,0.0000000000000000e+00,9.3894762720424481e+01,8.0273889684747630e+01,1.3706386295707472e+02,1.1955201762391650e+00,
9.5789215896079882e-01,2.4074034721091925e-01,1.0000000000029152e+00,0.0000000000000000e+00,5.4565680980850580e+01,2.0713047561868009e+01,1.4651284758017459e+02,2.8901614653511137e-04,

