1
1
9
0
(64 0
((0,0) (15,15) (0,0))
((16,0) (31,15) (0,0))
((32,0) (47,15) (0,0))
((48,0) (63,15) (0,0))
((64,0) (79,15) (0,0))
((80,0) (95,15) (0,0))
((96,0) (111,15) (0,0))
((112,0) (127,15) (0,0))
((0,16) (15,31) (0,0))
((16,16) (31,31) (0,0))
((32,16) (47,31) (0,0))
((48,16) (63,31) (0,0))
((64,16) (79,31) (0,0))
((80,16) (95,31) (0,0))
((96,16) (111,31) (0,0))
((112,16) (127,31) (0,0))
((0,32) (15,47) (0,0))
((16,32) (31,47) (0,0))
((32,32) (47,47) (0,0))
((48,32) (63,47) (0,0))
((64,32) (79,47) (0,0))
((80,32) (95,47) (0,0))
((96,32) (111,47) (0,0))
((112,32) (127,47) (0,0))
((0,48) (15,63) (0,0))
((16,48) (31,63) (0,0))
((32,48) (47,63) (0,0))
((48,48) (63,63) (0,0))
((64,48) (79,63) (0,0))
((80,48) (95,63) (0,0))
((96,48) (111,63) (0,0))
((112,48) (127,63) (0,0))
((0,64) (15,79) (0,0))
((16,64) (31,79) (0,0))
((32,64) (47,79) (0,0))
((48,64) (63,79) (0,0))
((64,64) (79,79) (0,0))
((80,64) (95,79) (0,0))
((96,64) (111,79) (0,0))
((112,64) (127,79) (0,0))
((0,80) (15,95) (0,0))
((16,80) (31,95) (0,0))
((32,80) (47,95) (0,0))
((48,80) (63,95) (0,0))
((64,80) (79,95) (0,0))
((80,80) (95,95) (0,0))
((96,80) (111,95) (0,0))
((112,80) (127,95) (0,0))
((0,96) (15,111) (0,0))
((16,96) (31,111) (0,0))
((32,96) (47,111) (0,0))
((48,96) (63,111) (0,0))
((64,96) (79,111) (0,0))
((80,96) (95,111) (0,0))
((96,96) (111,111) (0,0))
((112,96) (127,111) (0,0))
((0,112) (15,127) (0,0))
((16,112) (31,127) (0,0))
((32,112) (47,127) (0,0))
((48,112) (63,127) (0,0))
((64,112) (79,127) (0,0))
((80,112) (95,127) (0,0))
((96,112) (111,127) (0,0))
((112,112) (127,127) (0,0))
)
64
FabOnDisk: Cell_D_00000 0
FabOnDisk: Cell_D_00000 18514
FabOnDisk: Cell_D_00000 37029
FabOnDisk: Cell_D_00000 55544
FabOnDisk: Cell_D_00000 74059
FabOnDisk: Cell_D_00000 92574
FabOnDisk: Cell_D_00000 111089
FabOnDisk: Cell_D_00000 129605
FabOnDisk: Cell_D_00000 148122
FabOnDisk: Cell_D_00000 166637
FabOnDisk: Cell_D_00000 185153
FabOnDisk: Cell_D_00000 203669
FabOnDisk: Cell_D_00000 222185
FabOnDisk: Cell_D_00000 240701
FabOnDisk: Cell_D_00000 259217
FabOnDisk: Cell_D_00000 277734
FabOnDisk: Cell_D_00000 296252
FabOnDisk: Cell_D_00000 314767
FabOnDisk: Cell_D_00000 333283
FabOnDisk: Cell_D_00000 351799
FabOnDisk: Cell_D_00000 370315
FabOnDisk: Cell_D_00000 388831
FabOnDisk: Cell_D_00000 407347
FabOnDisk: Cell_D_00000 425864
FabOnDisk: Cell_D_00000 444382
FabOnDisk: Cell_D_00000 462897
FabOnDisk: Cell_D_00000 481413
FabOnDisk: Cell_D_00000 499929
FabOnDisk: Cell_D_00000 518445
FabOnDisk: Cell_D_00000 536961
FabOnDisk: Cell_D_00000 555477
FabOnDisk: Cell_D_00000 573994
FabOnDisk: Cell_D_00000 592512
FabOnDisk: Cell_D_00000 611027
FabOnDisk: Cell_D_00000 629543
FabOnDisk: Cell_D_00000 648059
FabOnDisk: Cell_D_00000 666575
FabOnDisk: Cell_D_00000 685091
FabOnDisk: Cell_D_00000 703607
FabOnDisk: Cell_D_00000 722124
FabOnDisk: Cell_D_00000 740642
FabOnDisk: Cell_D_00000 759157
FabOnDisk: Cell_D_00000 777673
FabOnDisk: Cell_D_00000 796189
FabOnDisk: Cell_D_00000 814705
FabOnDisk: Cell_D_00000 833221
FabOnDisk: Cell_D_00000 851737
FabOnDisk: Cell_D_00000 870254
FabOnDisk: Cell_D_00000 888772
FabOnDisk: Cell_D_00000 907288
FabOnDisk: Cell_D_00000 925805
FabOnDisk: Cell_D_00000 944322
FabOnDisk: Cell_D_00000 962839
FabOnDisk: Cell_D_00000 981356
FabOnDisk: Cell_D_00000 999873
FabOnDisk: Cell_D_00000 1018391
FabOnDisk: Cell_D_00000 1036910
FabOnDisk: Cell_D_00000 1055427
FabOnDisk: Cell_D_00000 1073945
FabOnDisk: Cell_D_00000 1092463
FabOnDisk: Cell_D_00000 1110981
FabOnDisk: Cell_D_00000 1129499
FabOnDisk: Cell_D_00000 1148017
FabOnDisk: Cell_D_00000 1166536

64,9
1.0000032237474694e+00,-5.1497462051584226e-03,9.9999999999999589e-01,-7.4537472503064616e-13,-3.6664099230408864e-01,3.5350995543182578e-03,3.6604122894984964e-05,3.8316017301210465e-03,1.0000000000000000e+00,
1.0036512403716686e+00,-3.7231374719437220e-03,9.9999999999999012e-01,7.7117149355479001e-13,-3.8174577126061598e-01,-1.5401651189430532e-01,4.5223140902119234e-05,9.4273421880864024e-04,1.0000000000000000e+00,
1.0048307151677460e+00,-1.2789670479755293e-04,9.9999999999998712e-01,1.5609642668667695e-12,-2.3480279933368362e-01,-1.6420187692263108e-01,8.8149887103247671e-07,-3.6917777789219190e-04,1.0000000000000000e+00,
1.0028319195793343e+00,5.0550448146475410e-05,9.9999999999998757e-01,2.2629028186540448e-12,-7.2372391705728206e-02,-1.0549010142884511e-01,2.1529099747744085e-06,-4.3668987022699933e-04,1.0000000000000000e+00,
1.0013657375305973e+00,3.4579392814069272e-05,9.9999999999999223e-01,2.8751001168955847e-12,-6.2206184169209299e-03,-2.4574242408519520e-02,5.9263312239261727e-06,-3.6140773096121181e-04,1.0000000000000000e+00,
1.0006468111302045e+00,1.8068635880433829e-05,9.9999999999999534e-01,3.3744355257991705e-12,7.6003063395680944e-03,-9.8316132546317245e-04,2.0117258076393640e-08,-1.9168793825295434e-04,1.0000000000000000e+00,
1.0003290736738581e+00,7.7848000252385143e-06,9.9999999999999556e-01,3.7429894947794136e-12,4.1894163413350345e-03,5.9080176075317572e-05,1.1698798218302744e-06,-1.0208392929303017e-04,1.0000000000000000e+00,
1.0002224877216048e+00,1.1324444518276701e-06,9.9999999999998945e-01,3.9678061074415910e-12,1.3940369872950445e-03,7.0620515159650247e-07,3.7243961328474245e-07,-4.1116402759741794e-05,1.0000000000000000e+00,
1.0000061475455568e+00,-1.5220575870113369e-02,9.9999999999999667e-01,-8.2182452432721945e-13,-1.3118296195461217e+00,1.2422899467629005e-01,1.2143488724025708e-04,4.4531517895118802e-03,1.0000000000000000e+00,
1.0053036119906540e+00,-1.0516374251163248e-02,9.9999999999999956e-01,7.8164031447506867e-13,-1.3172286623773022e+00,-8.2702008443389274e-01,7.6488466372454100e-05,-3.0130734963377389e-03,1.0000000000000000e+00,
1.0052808460041227e+00,9.8000834960868173e-06,9.9999999999999944e-01,1.5703114859362274e-12,-2.6136029819515033e-01,-7.8685959521871884e-01,5.8026101852279299e-06,-3.3152704374123194e-03,1.0000000000000000e+00,
1.0014027333539548e+00,1.8610834588058543e-03,1.0000000000000000e+00,2.2698606265639660e-12,-2.2610181843786180e-02,-1.7295991104576552e-01,9.2541020295378029e-05,-1.8921822206260795e-03,1.0000000000000000e+00,
1.0003283564300312e+00,1.1121058025961273e-03,1.0000000000000000e+00,2.8802990904305285e-12,1.5066301992586793e-02,-2.4972755834972792e-02,4.6023543448514559e-07,-5.1284343164650654e-04,1.0000000000000000e+00,
1.0000810357700829e+00,5.5605904255285222e-04,1.0000000000000000e+00,3.3784722403150620e-12,4.1432983575545061e-03,1.1189351042784242e-03,4.2593536735829884e-07,-1.9089805716318022e-04,1.0000000000000000e+00,
1.0000236746679976e+00,2.3478465664629941e-04,1.0000000000000000e+00,3.7463394830727384e-12,9.8470208126914425e-04,2.0413991646616339e-03,2.2055430034303297e-05,-8.5166850782652734e-05,1.0000000000000000e+00,
1.0000112620750177e+00,3.3939979877652022e-05,9.9999999999999800e-01,3.9707649882733957e-12,2.4744699944801314e-04,2.4869656118464286e-05,4.9863582172039560e-06,-3.1430831692008471e-05,1.0000000000000000e+00,
1.0000219687172494e+00,-3.9681994373224241e-02,9.9999999999999512e-01,-8.9656873451053944e-13,-7.6388567473043905e+00,2.6389975026801082e-01,8.8467261656621776e-05,6.3839990049964351e-03,1.0000000000000000e+00,
1.0125672961528676e+00,-3.7630918362862982e-02,9.9999999999999822e-01,7.7510394069413082e-13,-8.5415345098668762e+00,-8.2045121647870509e+00,5.2834982332272684e-04,-3.0381217842179328e-02,1.0000000000000000e+00,
9.9801391183250499e-01,3.3387406432117462e-03,9.9999999999999878e-01,1.5758425236425654e-12,-1.5756614244118330e-01,-3.0963583301704398e+00,1.3106504728743751e-06,-2.1333010198247782e-02,1.0000000000000000e+00,
9.9691732910154951e-01,3.9649079426086562e-03,9.9999999999999956e-01,2.2771116452072246e-12,1.2981027611055313e-02,-1.5457580604187335e-01,1.5229343917899651e-06,-2.3867968852779469e-03,1.0000000000000000e+00,
9.9754941634267069e-01,1.6827161445467113e-03,1.0000000000000000e+00,2.8871473419521506e-12,-1.1884734470995284e-02,2.0407792962984554e-02,3.4124707254390430e-06,-4.9118390352337652e-04,1.0000000000000000e+00,
9.9876717595409215e-01,6.7436640364118008e-04,1.0000000000000000e+00,3.3849279529225085e-12,-1.1541986910178001e-02,1.0026970825543024e-02,5.9426527058634160e-05,-1.0157988549861479e-04,1.0000000000000000e+00,
9.9941226551299756e-01,2.5885528324929983e-04,1.0000000000000000e+00,3.7527114806333178e-12,-6.8433807430545784e-03,3.5662979387258735e-03,4.1157322992107018e-05,-1.9483580351621804e-05,1.0000000000000000e+00,
9.9969784391417971e-01,3.6351577519763618e-05,9.9999999999999911e-01,3.9771865482181350e-12,-3.8398539285683137e-03,4.4447237794098394e-05,1.1543044511116290e-05,-3.2968560265376559e-06,1.0000000000000000e+00,
8.3876778658242734e-01,-1.1627460592143915e-01,9.9999999999996891e-01,-9.7616076363219335e-13,-1.6250679573741461e+01,4.4857422872057062e-01,2.5261260442333011e-03,1.3368085965728589e-02,1.0000000000000000e+00,
-7.1379368179976241e-02,-6.9903829703845377e-01,0.0000000000000000e+00,0.0000000000000000e+00,-7.6774774769487806e+02,-6.4888470932864891e+02,0.0000000000000000e+00,-8.4225899957214923e-01,0.0000000000000000e+00,
7.9837340321964689e-01,1.0457959703410271e-03,9.9999999999999400e-01,1.5906167758166796e-12,-2.9984994576082158e+01,-3.1710598573759237e+00,2.7693580750831615e-05,-3.0004165874840762e-02,1.0000000000000000e+00,
9.8062474782481091e-01,2.0041561535911703e-04,9.9999999999999878e-01,2.2900758727901849e-12,-1.1827022033948167e+00,9.9214755456617214e-03,1.7437192673221483e-04,-8.2672619204060235e-04,1.0000000000000000e+00,
9.9442598780717339e-01,6.3127343154472144e-05,9.9999999999999944e-01,2.8970624477429912e-12,-1.7089721777028996e-01,1.7944582002085052e-03,2.2182332122327401e-05,2.0524440965834857e-04,1.0000000000000000e+00,
9.9787837641284882e-01,2.3902342137786231e-05,1.0000000000000000e+00,3.3940510114296055e-12,-4.2364898981401847e-02,4.6522638478368577e-04,4.8508719343746736e-06,9.3649327798415755e-05,1.0000000000000000e+00,
9.9908527187689045e-01,8.9682286259396686e-06,1.0000000000000000e+00,3.7618621990196811e-12,-1.4343315683397537e-02,1.3416306929402895e-04,1.5713549269738948e-06,3.5524931507499432e-05,1.0000000000000000e+00,
9.9954925775319281e-01,1.2509482098202907e-06,9.9999999999999978e-01,3.9865185906318918e-12,-6.4451842083856790e-03,1.6685782166988176e-06,4.6261336927744408e-07,4.4119560906157439e-07,1.0000000000000000e+00,
8.3876778658242757e-01,1.4656987877458835e-04,9.9999999999996447e-01,-1.0152880482680852e-12,-1.6250679573741039e+01,-4.6736241724850458e+01,2.5261260437559052e-03,1.3368085965724292e-02,1.0000000000000000e+00,
-7.1379368179990896e-02,-5.8216046103114016e-01,0.0000000000000000e+00,0.0000000000000000e+00,-7.6774774769485589e+02,-5.9493116856655399e+02,0.0000000000000000e+00,-8.4225899957215933e-01,0.0000000000000000e+00,
7.9837340321964823e-01,-1.3479326058593427e-01,9.9999999999998523e-01,1.5988608145779540e-12,-2.9984994576082784e+01,-3.4423163842595834e+01,2.7693580212373448e-05,-3.0004165874842385e-02,1.0000000000000000e+00,
9.8062474782481091e-01,-1.4083295231325366e-02,1.0000000000000000e+00,2.3017582106158133e-12,-1.1827022033951855e+00,-9.8571400688816546e-01,1.7437192748129011e-04,-8.2672619203991193e-04,1.0000000000000000e+00,
9.9442598780717339e-01,-4.2009935172390364e-03,1.0000000000000000e+00,2.9064669089982582e-12,-1.7089721776996786e-01,-1.4193460447749423e-01,2.2182331927854057e-05,2.0524440965837844e-04,1.0000000000000000e+00,
9.9787837641284860e-01,-1.5266817651488007e-03,1.0000000000000000e+00,3.4036432724705569e-12,-4.2364898981832176e-02,-3.4319181698349660e-02,4.8508718547752606e-06,9.3649327797063606e-05,1.0000000000000000e+00,
9.9908527187689056e-01,-6.0967570246956055e-04,1.0000000000000000e+00,3.7720534410068833e-12,-1.4343315685374355e-02,-1.0349485957807065e-02,1.5713551046786967e-06,3.5524931507920177e-05,1.0000000000000000e+00,
9.9954925775319303e-01,-2.3071631596138149e-04,9.9999999999999989e-01,3.9971596506567120e-12,-6.4451842085782992e-03,-3.1598261258431902e-03,4.6261268405591125e-07,4.4119560863927203e-07,1.0000000000000000e+00,
1.0000219687172498e+00,5.2785137612676360e-04,9.9999999999996814e-01,-1.0557363852861176e-12,-7.6388567473030955e+00,-4.9340585779208723e+00,8.8467260057900621e-05,6.3839990049927341e-03,1.0000000000000000e+00,
1.0125672961528689e+00,-2.7635718561375564e-02,9.9999999999999800e-01,7.7627211274074964e-13,-8.5415345098700577e+00,-8.1066580566124635e-01,5.2834982150196108e-04,-3.0381217842179863e-02,1.0000000000000000e+00,
9.9801391183250598e-01,-2.9864213607100270e-02,9.9999999999999889e-01,1.5910521536615491e-12,-1.5756614243612505e-01,-6.2431545606417638e-01,1.3106495402870344e-06,-2.1333010198247817e-02,1.0000000000000000e+00,
9.9691732910155040e-01,-1.3581932810928010e-02,1.0000000000000000e+00,2.2990002892435206e-12,1.2981027611492882e-02,-5.3038558121403712e-01,1.5229337881061955e-06,-2.3867968852774053e-03,1.0000000000000000e+00,
9.9754941634267191e-01,-4.4933300526034366e-03,9.9999999999999989e-01,2.9120614653549683e-12,-1.1884734471346600e-02,-1.3451746888587152e-01,3.4124703562898873e-06,-4.9118390352035312e-04,1.0000000000000000e+00,
9.9876717595409215e-01,-1.8602775991561520e-03,1.0000000000000000e+00,3.4117807268267745e-12,-1.1541986912830808e-02,-3.4796316123446955e-02,5.9426527368629245e-05,-1.0157988549838996e-04,1.0000000000000000e+00,
9.9941226551299733e-01,-8.0866232827498394e-04,1.0000000000000000e+00,3.7815744322167491e-12,-6.8433807436010198e-03,-1.1355676281508645e-02,4.1157322048547551e-05,-1.9483580353429633e-05,1.0000000000000000e+00,
9.9969784391417993e-01,-3.1912356344917120e-04,9.9999999999999967e-01,4.0074248828743675e-12,-3.8398539276015987e-03,-3.7727422663680127e-03,1.1543043835506549e-05,-3.2968560263392050e-06,1.0000000000000000e+00,
1.0000061475455564e+00,1.3616356434366532e-04,9.9999999999997569e-01,-1.0891325190588719e-12,-1.3118296195484906e+00,-1.3690592124152734e+00,1.2143488992838458e-04,4.4531517895084333e-03,1.0000000000000000e+00,
1.0053036119906551e+00,-2.2056812437749400e-03,9.9999999999999900e-01,7.8309725985458189e-13,-1.3172286623766123e+00,-1.3961812228061318e-01,7.6488464698879627e-05,-3.0130734963369284e-03,1.0000000000000000e+00,
1.0052808460041223e+00,-6.3559296067903486e-03,9.9999999999999922e-01,1.5902611233148921e-12,-2.6136029819508949e-01,1.2004276781921289e-01,5.8026113794115708e-06,-3.3152704374107746e-03,1.0000000000000000e+00,
1.0014027333539550e+00,-6.1597297724116156e-03,9.9999999999999933e-01,2.2986139435669323e-12,-2.2610181840726901e-02,-1.1557874851303961e-02,9.2541020027883669e-05,-1.8921822206229696e-03,1.0000000000000000e+00,
1.0003283564300331e+00,-3.6838672025595121e-03,9.9999999999999956e-01,2.9150247215002284e-12,1.5066301986303873e-02,-2.1174048072841446e-02,4.6023613930329388e-07,-5.1284343164505327e-04,1.0000000000000000e+00,
1.0000810357700824e+00,-1.7739190458429977e-03,9.9999999999999967e-01,3.4177433678275786e-12,4.1432983572261949e-03,-1.8110048584078015e-02,4.2593761573339606e-07,-1.9089805716311390e-04,1.0000000000000000e+00,
1.0000236746679978e+00,-7.9868793226259673e-04,1.0000000000000000e+00,3.7891514077155476e-12,9.8470208315709650e-04,-9.1818222948364010e-03,2.2055431737281334e-05,-8.5166850781216274e-05,1.0000000000000000e+00,
1.0000112620750170e+00,-3.1775847285305631e-04,9.9999999999999978e-01,4.0158385133432379e-12,2.4744699811808267e-04,-3.4996390014799331e-03,4.9863579668833584e-06,-3.1430831690489429e-05,1.0000000000000000e+00,
1.0000032237474692e+00,3.2233578661823867e-06,9.9999999999996225e-01,-1.1105100118906014e-12,-3.6664099230026898e-01,-3.3770284182407584e-01,3.6604121023695382e-05,3.8316017301177792e-03,1.0000000000000000e+00,
1.0036512403716609e+00,1.5596169565438121e-05,9.9999999999996614e-01,7.8158916757978160e-13,-3.8174577125752468e-01,-9.2867635529053985e-02,4.5223137938701962e-05,9.4273421880860543e-04,1.0000000000000000e+00,
1.0048307151677431e+00,-1.8479462775758205e-03,9.9999999999999467e-01,1.5892412651392441e-12,-2.3480279933380543e-01,3.3910403997521044e-03,8.8149762876446949e-07,-3.6917777789093861e-04,1.0000000000000000e+00,
1.0028319195793347e+00,-1.9723334542788812e-03,9.9999999999999456e-01,2.2981613735008078e-12,-7.2372391701158667e-02,1.1582168008995629e-03,2.1529113117691595e-06,-4.3668987022725753e-04,1.0000000000000000e+00,
1.0013657375305973e+00,-1.6976167666815345e-03,9.9999999999999278e-01,2.9168674237951307e-12,-6.2206184163021644e-03,-7.5704034392656480e-06,5.9263302640711474e-06,-3.6140773096103845e-04,1.0000000000000000e+00,
1.0006468111302032e+00,-1.0086709988391387e-03,9.9999999999999278e-01,3.4214078478209716e-12,7.6003063427232545e-03,-3.4625662300219046e-03,2.0116353266312614e-08,-1.9168793825307781e-04,1.0000000000000000e+00,
1.0003290736738575e+00,-5.0243243384613841e-04,9.9999999999999512e-01,3.7939801580860233e-12,4.1894163387812839e-03,-3.3881070047790335e-03,1.1698816550968858e-06,-1.0208392929266302e-04,1.0000000000000000e+00,
1.0002224877216050e+00,-2.0899403329832354e-04,9.9999999999999800e-01,4.0212801756421605e-12,1.3940369929869452e-03,-1.7909032933352107e-03,3.7243721180674596e-07,-4.1116402759247161e-05,1.0000000000000000e+00,

64,9
1.0047935123540350e+00,-3.2233578662715132e-06,1.0000000000000016e+00,2.6856936669597218e-12,-9.5879154993631747e-03,3.3770284182415533e-01,2.9377730487464939e+00,6.4615009475205987e-03,1.0000000000000000e+00,
1.0070903402055584e+00,-1.5596169565599627e-05,1.0000000000000013e+00,1.5288269882840537e-12,-2.0235359513253551e-01,9.2867635530296394e-02,1.5320145404805908e-03,4.1466271787962842e-03,1.0000000000000000e+00,
1.0070511328414959e+00,1.8479462775756084e-03,1.0000000000000011e+00,2.2299037231111607e-12,-3.7049493161600014e-02,-3.3910403991559775e-03,1.2635598542233561e-03,1.4370521024222272e-03,1.0000000000000000e+00,
1.0050702304223713e+00,1.9723334542784974e-03,1.0000000000000013e+00,2.8450351544390189e-12,1.7404821929173503e-02,-1.1582168006483344e-03,2.2955673582503860e-03,1.1087632913016506e-04,1.0000000000000000e+00,
1.0029792259625512e+00,1.6976167666815042e-03,1.0000000000000011e+00,3.3507098949839266e-12,1.8480325861435457e-02,7.5704040224666702e-06,2.5045046780652501e-04,-1.9139543110146637e-04,1.0000000000000000e+00,
1.0015998727328113e+00,1.0086709988393863e-03,1.0000000000000009e+00,3.7271561594584616e-12,1.3937182453266628e-02,3.4625662309407646e-03,2.3959228928969035e-04,-9.2092530716552301e-05,1.0000000000000000e+00,
1.0008071077564851e+00,5.0243243384580588e-04,1.0000000000000009e+00,3.9608524866067886e-12,7.4892628597948265e-03,3.3881070054646934e-03,1.5962733141424259e-04,-3.5166770607961044e-05,1.0000000000000000e+00,
1.0004279428667011e+00,2.0899403329851572e-04,1.0000000000000033e+00,4.0431713979530536e-12,4.9467962032408233e-03,1.7909032930192024e-03,3.1569777578462997e-03,-4.3563655852970143e-07,1.0000000000000000e+00,
1.0111291739083159e+00,-1.3616356434366589e-04,1.0000000000000087e+00,2.8801703621425510e-12,-1.8829540741101703e-02,1.3690592124165846e+00,8.3822712801451420e+00,1.3889098442496113e-02,1.0000000000000000e+00,
1.0149366189165174e+00,2.2056812437747050e-03,1.0000000000000011e+00,1.5289945250948284e-12,-2.4980304016674482e-01,1.3961812228256032e-01,1.0446577572327531e-02,5.4004633455000074e-03,1.0000000000000000e+00,
1.0132159021729774e+00,6.3559296067900624e-03,1.0000000000000009e+00,2.2350941627066492e-12,2.2689350199193442e-01,-1.2004276781928808e-01,1.0959633474905833e-02,6.8820830779797964e-04,1.0000000000000000e+00,
1.0053286369935219e+00,6.1597297724115749e-03,1.0000000000000009e+00,2.8515596994811960e-12,2.1197083459543187e-01,1.1557874849028794e-02,4.5973939701064725e-03,-3.8992886750284495e-04,1.0000000000000000e+00,
1.0026684536519819e+00,3.6838672025594735e-03,1.0000000000000009e+00,3.3569587411212408e-12,7.2781114918888709e-02,2.1174048072863570e-02,3.3535034068554737e-04,-1.2456816011797674e-04,1.0000000000000000e+00,
1.0012623027806453e+00,1.7739190458428134e-03,1.0000000000000007e+00,3.7333118587442057e-12,1.8283849507705847e-02,1.8110048583362532e-02,1.0558720495903312e-04,-2.7801507117431730e-05,1.0000000000000000e+00,
1.0005931845256457e+00,7.9868793226242542e-04,1.0000000000000009e+00,3.9670432984972991e-12,7.3287676443051899e-03,9.1818222959283002e-03,7.5612428237885332e-05,-6.0955080315688490e-06,1.0000000000000000e+00,
1.0003032830494982e+00,3.1775847285273057e-04,1.0000000000000009e+00,4.0493924562787586e-12,3.9378460753840923e-03,3.4996390031108741e-03,4.7413263493380651e-03,-7.7327187327504116e-08,1.0000000000000000e+00,
1.0277299507790261e+00,-5.2785137612696711e-04,1.0000000000000135e+00,3.0602248980505030e-12,-6.9207064134369292e-02,4.9340585779203003e+00,1.7401571279887694e+01,4.2109185897980107e-02,1.0000000000000000e+00,
1.0545159412695984e+00,2.7635718561376425e-02,1.0000000000000016e+00,1.5419819451714630e-12,3.6737558903302752e+00,8.1066580566178303e-01,2.1978033780193085e-01,7.0853253939635258e-03,1.0000000000000000e+00,
1.0290976849608979e+00,2.9864213607100579e-02,1.0000000000000007e+00,2.2479776216574004e-12,3.8562252860849249e+00,6.2431545606424166e-01,1.7985503812495141e-01,-1.5127663710071122e-03,1.0000000000000000e+00,
1.0049722411307627e+00,1.3581932810927181e-02,1.0000000000000007e+00,2.8614566443592206e-12,5.2370809763883064e-01,5.3038558121248969e-01,5.0865790971396652e-03,2.4567184808217294e-04,1.0000000000000000e+00,
1.0011216936180756e+00,4.4933300526031270e-03,1.0000000000000000e+00,3.3659836598977494e-12,7.7629324927749099e-02,1.3451746888419233e-01,1.5170182034916768e-03,2.5660699479387926e-04,1.0000000000000000e+00,
1.0002135521164552e+00,1.8602775991564103e-03,1.0000000000000000e+00,3.7423302825651580e-12,1.6393672463975838e-02,3.4796316124663447e-02,3.6148237373759273e-04,1.7462084677587365e-04,1.0000000000000000e+00,
1.0000327346069622e+00,8.0866232827501300e-04,1.0000000000000000e+00,3.9762194112140398e-12,3.2907723625158311e-03,1.1355676280463535e-02,1.0740712062876079e-04,8.2243346673278929e-05,1.0000000000000000e+00,
1.0000006282068177e+00,3.1912356344926824e-04,1.0000000000000000e+00,4.0586604537437006e-12,6.3275193260316762e-04,3.7727422658139290e-03,4.7533648113459274e-03,3.0900108847071634e-05,1.0000000000000000e+00,
1.0288377744260058e+00,-1.4656987877431898e-04,1.0000000000000167e+00,3.2164094178179059e-12,5.5095582909227872e+01,4.6736241724847922e+01,1.7913879486986581e+01,2.2337978273654496e-01,1.0000000000000000e+00,
1.6288371163437552e+00,5.8216046103116359e-01,1.0000000000000719e+00,1.6786004608579540e-12,5.0740974825380107e+02,5.9493116856656400e+02,1.9814656736307873e+03,4.6812229655886511e-01,1.0000000000000000e+00,
1.0307313235604552e+00,1.3479326058593366e-01,1.0000000000000477e+00,2.2617820273626629e-12,1.6852670464009972e+01,3.4423163842593532e+01,5.8738612105878643e+00,8.7860896577075326e-02,1.0000000000000000e+00,
9.9714976063437588e-01,1.4083295231324731e-02,1.0000000000000002e+00,2.8710874820400257e-12,4.3637811175079461e-01,9.8571400688648292e-01,2.5783926500200227e-02,6.2241121905751732e-03,1.0000000000000000e+00,
9.9861114203751478e-01,4.2009935172390407e-03,1.0000000000000000e+00,3.3755926669787134e-12,-4.8406544994435132e-03,1.4193460447681458e-01,1.9929868997244082e-03,1.2932078553891434e-03,1.0000000000000000e+00,
9.9934757484204695e-01,1.5266817651486710e-03,1.0000000000000000e+00,3.7524779816397665e-12,-7.9141069292059663e-03,3.4319181697740037e-02,3.6493580942327519e-04,3.9916569495461018e-04,1.0000000000000000e+00,
9.9966970494749274e-01,6.0967570246933493e-04,1.0000000000000000e+00,3.9868207348741339e-12,-4.2450040755764706e-03,1.0349485958484506e-02,1.0142511740508786e-04,1.4580014907871819e-04,1.0000000000000000e+00,
9.9977714733330492e-01,2.3071631596117306e-04,1.0000000000000000e+00,4.0694274852082457e-12,-1.4118259489970381e-03,3.1598261248727767e-03,3.3962664042461004e-03,4.9728945274921918e-05,1.0000000000000000e+00,
1.0288377744260064e+00,1.1627460592144113e-01,1.0000000000000138e+00,3.3629599407205401e-12,5.5095582909226820e+01,-4.4857422872223351e-01,1.7913879486986900e+01,2.2337978273654518e-01,1.0000000000000000e+00,
1.6288371163437618e+00,6.9903829703846521e-01,1.0000000000003511e+00,1.6703121094696830e-12,5.0740974825380522e+02,6.4888470932866528e+02,1.9814656736306615e+03,4.6812229655886484e-01,1.0000000000000000e+00,
1.0307313235604567e+00,-1.0457959703421438e-03,1.0000000000000440e+00,2.2628407036909058e-12,1.6852670464013443e+01,3.1710598573764770e+00,5.8738612105846997e+00,8.7860896577075367e-02,1.0000000000000000e+00,
9.9714976063437633e-01,-2.0041561535958993e-04,1.0000000000000016e+00,2.8766974423243704e-12,4.3637811175115682e-01,-9.9214755460148019e-03,2.5783926499589604e-02,6.2241121905758090e-03,1.0000000000000000e+00,
9.9861114203751611e-01,-6.3127343155076573e-05,1.0000000000000009e+00,3.3837443785218394e-12,-4.8406544999396754e-03,-1.7944581989132033e-03,1.9929868983727117e-03,1.2932078553890558e-03,1.0000000000000000e+00,
9.9934757484204673e-01,-2.3902342137888342e-05,1.0000000000000000e+00,3.7620135916421801e-12,-7.9141069277304105e-03,-4.6522638285045436e-04,3.6493580928918107e-04,3.9916569495470125e-04,1.0000000000000000e+00,
9.9966970494749241e-01,-8.9682286264159586e-06,1.0000000000000000e+00,3.9971233277220173e-12,-4.2450040787470073e-03,-1.3416306913567648e-04,1.0142511783590644e-04,1.4580014907870613e-04,1.0000000000000000e+00,
9.9977714733330492e-01,-1.2509482096644209e-06,1.0000000000000000e+00,4.0799891156240497e-12,-1.4118259476456705e-03,-1.6685786019814734e-06,3.3962664041534336e-03,4.9728945275174415e-05,1.0000000000000000e+00,
1.0277299507790270e+00,3.9681994373224644e-02,1.0000000000000067e+00,3.4787226124645377e-12,-6.9207064137238872e-02,-2.6389975026758994e-01,1.7401571279886049e+01,4.2109185897972766e-02,1.0000000000000000e+00,
1.0545159412695984e+00,3.7630918362862177e-02,1.0000000000000024e+00,1.5504590908455992e-12,3.6737558903297045e+00,8.2045121647880777e+00,2.1978033780526013e-01,7.0853253939603929e-03,1.0000000000000000e+00,
1.0290976849608990e+00,-3.3387406432117041e-03,1.0000000000000009e+00,2.2601481617984991e-12,3.8562252860856447e+00,3.0963583301727362e+00,1.7985503812343873e-01,-1.5127663710066271e-03,1.0000000000000000e+00,
1.0049722411307636e+00,-3.9649079426087057e-03,1.0000000000000009e+00,2.8795019185818268e-12,5.2370809763636006e-01,1.5457580604286084e-01,5.0865790970480718e-03,2.4567184808313290e-04,1.0000000000000000e+00,
1.0011216936180749e+00,-1.6827161445468473e-03,1.0000000000000002e+00,3.3897071908994519e-12,7.7629324926243387e-02,-2.0407792963297141e-02,1.5170182033799606e-03,2.5660699479618465e-04,1.0000000000000000e+00,
1.0002135521164546e+00,-6.7436640364127462e-04,1.0000000000000000e+00,3.7696717860302554e-12,1.6393672465144442e-02,-1.0026970825553812e-02,3.6148237380420611e-04,1.7462084677519931e-04,1.0000000000000000e+00,
1.0000327346069617e+00,-2.5885528324940901e-04,1.0000000000000000e+00,4.0056452387975779e-12,3.2907723593592736e-03,-3.5662979389006044e-03,1.0740712068678729e-04,8.2243346672936348e-05,1.0000000000000000e+00,
1.0000006282068186e+00,-3.6351577519930564e-05,1.0000000000000000e+00,4.0887949850112123e-12,6.3275193218796774e-04,-4.4447237020566805e-05,4.7533648119094957e-03,3.0900108846483359e-05,1.0000000000000000e+00,
1.0111291739083155e+00,1.5220575870112218e-02,1.0000000000000031e+00,3.5632104908292974e-12,-1.8829540742978587e-02,-1.2422899467714379e-01,8.3822712801445007e+00,1.3889098442488486e-02,1.0000000000000000e+00,
1.0149366189165168e+00,1.0516374251163097e-02,1.0000000000000016e+00,1.5440982374915540e-12,-2.4980304016433313e-01,8.2702008443362773e-01,1.0446577571762011e-02,5.4004633454959889e-03,1.0000000000000000e+00,
1.0132159021729774e+00,-9.8000834956007017e-06,1.0000000000000007e+00,2.2571288646359005e-12,2.2689350199419328e-01,7.8685959521890081e-01,1.0959633475658009e-02,6.8820830779894773e-04,1.0000000000000000e+00,
1.0053286369935222e+00,-1.8610834588057960e-03,1.0000000000000007e+00,2.8812673240437255e-12,2.1197083459890301e-01,1.7295991104518993e-01,4.5973939674745501e-03,-3.8992886750231878e-04,1.0000000000000000e+00,
1.0026684536519823e+00,-1.1121058025956180e-03,1.0000000000000007e+00,3.3934207847833764e-12,7.2781114919147447e-02,2.4972755833859977e-02,3.3535034047668666e-04,-1.2456816011770664e-04,1.0000000000000000e+00,
1.0012623027806462e+00,-5.5605904255303198e-04,1.0000000000000002e+00,3.7746310578491870e-12,1.8283849509689133e-02,-1.1189351039692288e-03,1.0558720541248984e-04,-2.7801507119108954e-05,1.0000000000000000e+00,
1.0005931845256448e+00,-2.3478465664600705e-04,1.0000000000000000e+00,4.0112762118469794e-12,7.3287676457532633e-03,-2.0413991664943029e-03,7.5612428722653807e-05,-6.0955080304781722e-06,1.0000000000000000e+00,
1.0003032830494976e+00,-3.3939979877378492e-05,1.0000000000000000e+00,4.0946482373787113e-12,3.9378460713782142e-03,-2.4869658285262765e-05,4.7413263510300112e-03,-7.7327186911900849e-08,1.0000000000000000e+00,
1.0047935123540377e+00,5.1497462051559957e-03,1.0000000000000071e+00,3.6192986765685733e-12,-9.5879154942672511e-03,-3.5350995548901962e-03,2.9377730487458709e+00,6.4615009475163469e-03,1.0000000000000000e+00,
1.0070903402055584e+00,3.7231374719435589e-03,1.0000000000000062e+00,1.5447992469582679e-12,-2.0235359513649379e-01,1.5401651189420520e-01,1.5320145402051167e-03,4.1466271787934418e-03,1.0000000000000000e+00,
1.0070511328414971e+00,1.2789670479848315e-04,1.0000000000000060e+00,2.2575925486042839e-12,-3.7049493160325547e-02,1.6420187692241353e-01,1.2635598533395579e-03,1.4370521024203819e-03,1.0000000000000000e+00,
1.0050702304223704e+00,-5.0550448146389249e-05,1.0000000000000009e+00,2.8824126654096663e-12,1.7404821929363948e-02,1.0549010142792450e-01,2.2955673603409013e-03,1.1087632913310056e-04,1.0000000000000000e+00,
1.0029792259625501e+00,-3.4579392814143310e-05,1.0000000000000004e+00,3.3950236646786801e-12,1.8480325863041019e-02,2.4574242407740750e-02,2.5045046551703154e-04,-1.9139543110440342e-04,1.0000000000000000e+00,
1.0015998727328113e+00,-1.8068635880344741e-05,1.0000000000000002e+00,3.7765758501842816e-12,1.3937182454444476e-02,9.8316132562144840e-04,2.3959228905383301e-04,-9.2092530715058406e-05,1.0000000000000000e+00,
1.0008071077564840e+00,-7.7848000255302968e-06,1.0000000000000000e+00,4.0134106956324948e-12,7.4892628636286608e-03,-5.9080175549594884e-05,1.5962733176010308e-04,-3.5166770606490195e-05,1.0000000000000000e+00,
1.0004279428667007e+00,-1.1324444519661310e-06,1.0000000000000016e+00,4.0968264246724292e-12,4.9467961993695598e-03,-7.0620617097315769e-07,3.1569777593448895e-03,-4.3563656030842033e-07,1.0000000000000000e+00,

