1
1
4
4
(6 0
((32,112) (47,127) (0,0))
((48,112) (63,127) (0,0))
((64,112) (71,127) (0,0))
((32,128) (47,143) (0,0))
((48,128) (63,143) (0,0))
((64,128) (71,143) (0,0))
)
6
FabOnDisk: SD_0_Old_MF_D_00000 0
FabOnDisk: SD_0_Old_MF_D_00000 18518
FabOnDisk: SD_0_Old_MF_D_00000 37036
FabOnDisk: SD_0_Old_MF_D_00000 49410
FabOnDisk: SD_0_Old_MF_D_00000 67928
FabOnDisk: SD_0_Old_MF_D_00000 86446

6,4
0.0000000000000000e+00,-7.0255076840158703e-01,9.9999999999914457e-01,-2.1445760639855653e-15,
-1.1310130419160054e+00,-5.3156111845737097e-01,9.9999999999976308e-01,-3.1128258299174904e-15,
-1.2106800388456345e+00,-1.2888095748182074e-01,9.9999999999980649e-01,-3.3642913777406801e-16,
0.0000000000000000e+00,0.0000000000000000e+00,9.9999999999928202e-01,-7.8744441319734399e-15,
-1.1307985551145570e+00,-7.6459684820830648e-03,9.9999999999817080e-01,-2.1772727287799452e-15,
-1.2106407218015012e+00,-3.1067322845039969e-01,9.9999999999988176e-01,-3.2855804159931255e-16,

6,4
1.2701783382360152e+00,0.0000000000000000e+00,1.0000000000000000e+40,5.8044924771295481e-16,
1.5697891389166154e+00,7.6846698258022849e-03,1.0000000000000000e+40,1.2758574866659114e-15,
1.5855928929613137e+00,3.1059108137996339e-01,1.0000000000002562e+00,3.0432472543076940e-17,
1.2700892081773381e+00,7.0253602202677634e-01,1.0000000000000000e+40,2.0965176966552459e-15,
1.5698189766766997e+00,5.3148574173406926e-01,1.0000000000000000e+40,8.2970820396105456e-15,
1.5856254128198206e+00,1.2907179136655689e-01,1.0000000000002787e+00,4.4619565956442346e-17,

