1
1
1
1
(6 0
((32,112) (48,128) (1,1))
((48,112) (64,128) (1,1))
((64,112) (72,128) (1,1))
((32,128) (48,144) (1,1))
((48,128) (64,144) (1,1))
((64,128) (72,144) (1,1))
)
6
FabOnDisk: SD_1_New_MF_D_00000 0
FabOnDisk: SD_1_New_MF_D_00000 2974
FabOnDisk: SD_1_New_MF_D_00000 5948
FabOnDisk: SD_1_New_MF_D_00000 7706
FabOnDisk: SD_1_New_MF_D_00000 10680
FabOnDisk: SD_1_New_MF_D_00000 13654

6,1
-4.0651151850598977e-01,
-1.0097463794778714e+00,
-1.0603714023622242e+00,
-4.0722490288436419e-01,
-1.0100993366143158e+00,
-1.0610047258628472e+00,

6,1
6.4303668709633732e-01,
0.0000000000000000e+00,
-4.2290093399008066e-01,
6.4303668709633732e-01,
0.0000000000000000e+00,
-4.2287266504374832e-01,

