1
1
9
0
(6 0
((80,232) (95,247) (0,0))
((96,232) (111,247) (0,0))
((80,248) (95,263) (0,0))
((96,248) (111,263) (0,0))
((80,264) (95,279) (0,0))
((96,264) (111,279) (0,0))
)
6
FabOnDisk: Cell_D_00000 0
FabOnDisk: Cell_D_00000 18518
FabOnDisk: Cell_D_00000 37037
FabOnDisk: Cell_D_00000 55555
FabOnDisk: Cell_D_00000 74074
FabOnDisk: Cell_D_00000 92592

6,9
-2.2597095281601548e-01,-7.8299424872620582e-01,0.0000000000000000e+00,0.0000000000000000e+00,-1.4138957009735286e+03,-8.7408935303733199e+02,0.0000000000000000e+00,-4.6054915253553732e+00,0.0000000000000000e+00,
-9.1964543163124329e-02,-1.1007549766920031e-01,0.0000000000000000e+00,0.0000000000000000e+00,-2.5060837549407893e+02,-9.2221060966125560e+02,0.0000000000000000e+00,-1.2098781596185761e+00,0.0000000000000000e+00,
0.0000000000000000e+00,-6.8020200923473395e-01,0.0000000000000000e+00,0.0000000000000000e+00,-6.3167094154571032e+02,-6.1063470673797963e+02,0.0000000000000000e+00,-4.7336351508454166e-01,0.0000000000000000e+00,
-7.6851915470237689e-02,-5.4792925862840580e-01,0.0000000000000000e+00,0.0000000000000000e+00,0.0000000000000000e+00,-4.4694954810485672e+02,0.0000000000000000e+00,-3.9037033219988393e-01,0.0000000000000000e+00,
-2.2597095281720492e-01,-1.9882786175617551e-01,0.0000000000000000e+00,0.0000000000000000e+00,-1.4138957008747814e+03,-5.0245693757773716e+02,0.0000000000000000e+00,-4.6054915246917751e+00,0.0000000000000000e+00,
-9.1964543163129853e-02,-6.7591539703054415e-01,0.0000000000000000e+00,0.0000000000000000e+00,-2.5060837534643701e+02,-1.0271768917329216e+03,0.0000000000000000e+00,-1.2098781596185857e+00,0.0000000000000000e+00,

6,9
1.7024008393679340e+00,1.9882786175699810e-01,1.0000000000000642e+00,1.1926720511866297e-12,0.0000000000000000e+00,5.0245693757763939e+02,1.2393251454535677e+04,2.3667034601375092e-01,1.0000000000000000e+00,
1.7139717083659460e+00,6.7591539703057002e-01,1.0000000000000260e+00,1.5061340286203400e-12,7.7970949913563368e+02,1.0271768918970276e+03,6.8320288654651613e+03,4.8128516073705709e+00,1.0000000000000000e+00,
5.8799202228820902e-01,6.8020200923475027e-01,1.0000000000000566e+00,9.9082782665016987e-13,1.3184186702489029e+02,6.1063470673797372e+02,2.2960557089507211e+03,5.8940611109728203e-01,1.0000000000000000e+00,
4.5643907012280738e-01,5.4792925862837649e-01,1.0000000000003686e+00,1.7303271005169652e-12,4.0081170111781785e+02,4.4694954810480021e+02,2.3687091685986229e+03,1.6874670104261174e+00,1.0000000000000000e+00,
1.7024008393679417e+00,7.8299424872620305e-01,1.0000000000000560e+00,1.1991091575811211e-12,0.0000000000000000e+00,8.7408935303727799e+02,1.2393251454519599e+04,2.3667034601374862e-01,1.0000000000000000e+00,
1.7139717083659554e+00,1.1007549766920843e-01,1.0000000000001494e+00,1.4967227568199958e-12,7.7970949913557274e+02,9.2221060966124321e+02,6.8320288654655169e+03,4.8128516069295610e+00,1.0000000000000000e+00,

