1
1
8
0
(2 0
((64,104) (127,127) (0,0))
((0,120) (63,127) (0,0))
)
2
FabOnDisk: Cell_D_00000 0
FabOnDisk: Cell_D_00000 98391

2,8
-3.1634991745452357e-01,-5.9003559990397580e-01,9.9862769305864008e-01,0.0000000000000000e+00,-7.1023761881295172e+01,-3.5780284230388986e+01,2.2488115266214581e-03,-4.9527537779437114e-01,
-9.8341333899102767e-02,-3.6889657492198955e-02,9.9986814063773721e-01,0.0000000000000000e+00,-2.3477856553963072e+01,-1.1403307664892343e+02,1.8178370346408492e+00,-4.5165797899113636e-01,

2,8
8.9644717830153620e-01,1.5772360951703687e-01,1.0006684300380986e+00,0.0000000000000000e+00,4.3283019138702429e+02,6.9103814842698762e+02,7.0418425841384945e+01,1.8266638581908083e+00,
8.9722354426056894e-01,2.9405936582420872e-01,1.0002358186613931e+00,0.0000000000000000e+00,3.6673765940381799e+01,1.1953941105206077e+01,7.5990164421137180e+01,1.0227226026994446e-01,

