1
1
4
4
(6 0
((32,112) (47,127) (0,0))
((48,112) (63,127) (0,0))
((64,112) (71,127) (0,0))
((32,128) (47,143) (0,0))
((48,128) (63,143) (0,0))
((64,128) (71,143) (0,0))
)
6
FabOnDisk: SD_0_Old_MF_D_00000 0
FabOnDisk: SD_0_Old_MF_D_00000 18518
FabOnDisk: SD_0_Old_MF_D_00000 37036
FabOnDisk: SD_0_Old_MF_D_00000 49410
FabOnDisk: SD_0_Old_MF_D_00000 67928
FabOnDisk: SD_0_Old_MF_D_00000 86446

6,4
0.0000000000000000e+00,-7.0257124543784655e-01,9.9999999999914857e-01,-2.4031450926816539e-15,
-1.1314836169773093e+00,-5.3185940774234131e-01,9.9999999999975364e-01,-2.9963092456601765e-15,
-1.2104770557376054e+00,-1.2797012155372281e-01,9.9999999999980327e-01,-3.4498593554773823e-16,
0.0000000000000000e+00,0.0000000000000000e+00,9.9999999999929912e-01,-7.8155277185001031e-15,
-1.1312553948843203e+00,-7.6753401044144806e-03,9.9999999999820299e-01,-2.0880698881837894e-15,
-1.2104317695337812e+00,-3.1062310692201006e-01,9.9999999999988154e-01,-3.3671002570287373e-16,

6,4
1.2701759856053487e+00,0.0000000000000000e+00,1.0000000000000000e+40,6.6716345753536586e-16,
1.5697702842146213e+00,7.6561641135069651e-03,1.0000000000000000e+40,1.1443265819025223e-15,
1.5854865646809209e+00,3.1054784303923827e-01,1.0000000000002593e+00,2.3720516248362133e-17,
1.2701835344389529e+00,7.0256687309935106e-01,1.0000000000000000e+40,2.1888523927151413e-15,
1.5698119861468964e+00,5.3186821149802421e-01,1.0000000000000000e+40,7.8981592259969031e-15,
1.5855305215906805e+00,1.2812739557470812e-01,1.0000000000002829e+00,3.6061418031061172e-17,

