1
1
2
4
(6 0
((32,112) (47,127) (0,0))
((48,112) (63,127) (0,0))
((64,112) (71,127) (0,0))
((32,128) (47,143) (0,0))
((48,128) (63,143) (0,0))
((64,128) (71,143) (0,0))
)
6
FabOnDisk: SD_2_New_MF_D_00000 0
FabOnDisk: SD_2_New_MF_D_00000 9302
FabOnDisk: SD_2_New_MF_D_00000 18604
FabOnDisk: SD_2_New_MF_D_00000 24834
FabOnDisk: SD_2_New_MF_D_00000 34136
FabOnDisk: SD_2_New_MF_D_00000 43438

6,2
-5.6487570319999054e+02,-2.2002361319611791e+02,
-3.1929161202088784e+02,-2.2549291649511804e+02,
-1.2097538563135464e+02,-2.5582395147587155e+02,
-5.6489195113878259e+02,-4.5895845230761915e+02,
-3.1921272160081929e+02,-1.7289449534642753e+02,
-1.2115164894407847e+02,-1.1110819525150323e+02,

6,2
1.0000000000000000e+40,1.0000000000000000e+40,
1.0000000000000000e+40,1.0000000000000000e+40,
2.4027887145692841e+02,1.1089907130132485e+02,
1.0000000000000000e+40,1.0000000000000000e+40,
1.0000000000000000e+40,1.0000000000000000e+40,
2.4107944012160931e+02,2.5591714423745896e+02,

