1
1
2
4
(6 0
((32,112) (47,127) (0,0))
((48,112) (63,127) (0,0))
((64,112) (71,127) (0,0))
((32,128) (47,143) (0,0))
((48,128) (63,143) (0,0))
((64,128) (71,143) (0,0))
)
6
FabOnDisk: SD_2_Old_MF_D_00000 0
FabOnDisk: SD_2_Old_MF_D_00000 9302
FabOnDisk: SD_2_Old_MF_D_00000 18604
FabOnDisk: SD_2_Old_MF_D_00000 24834
FabOnDisk: SD_2_Old_MF_D_00000 34136
FabOnDisk: SD_2_Old_MF_D_00000 43438

6,2
-5.6029974412971603e+02,-2.2411197088972008e+02,
-3.1747677854638255e+02,-2.2260918074120406e+02,
-1.1245993855736084e+02,-2.5402315988538007e+02,
-5.6026547908171301e+02,-4.5371976638007806e+02,
-3.1739817519215097e+02,-1.7425646261902060e+02,
-1.1263675762201498e+02,-1.1566841608647026e+02,

6,2
1.5350289435686591e+02,4.5382878446573022e+02,
1.0431201257428751e+02,1.7437208127154113e+02,
2.5821012307833132e+02,1.1547544441686455e+02,
1.5345093598998992e+02,2.2410151240375214e+02,
1.0430216317048924e+02,2.2265867403072090e+02,
2.5909994391841661e+02,2.5411152439237412e+02,

