1
1
1
1
(64 0
((0,0) (16,16) (1,1))
((16,0) (32,16) (1,1))
((32,0) (48,16) (1,1))
((48,0) (64,16) (1,1))
((64,0) (80,16) (1,1))
((80,0) (96,16) (1,1))
((96,0) (112,16) (1,1))
((112,0) (128,16) (1,1))
((0,16) (16,32) (1,1))
((16,16) (32,32) (1,1))
((32,16) (48,32) (1,1))
((48,16) (64,32) (1,1))
((64,16) (80,32) (1,1))
((80,16) (96,32) (1,1))
((96,16) (112,32) (1,1))
((112,16) (128,32) (1,1))
((0,32) (16,48) (1,1))
((16,32) (32,48) (1,1))
((32,32) (48,48) (1,1))
((48,32) (64,48) (1,1))
((64,32) (80,48) (1,1))
((80,32) (96,48) (1,1))
((96,32) (112,48) (1,1))
((112,32) (128,48) (1,1))
((0,48) (16,64) (1,1))
((16,48) (32,64) (1,1))
((32,48) (48,64) (1,1))
((48,48) (64,64) (1,1))
((64,48) (80,64) (1,1))
((80,48) (96,64) (1,1))
((96,48) (112,64) (1,1))
((112,48) (128,64) (1,1))
((0,64) (16,80) (1,1))
((16,64) (32,80) (1,1))
((32,64) (48,80) (1,1))
((48,64) (64,80) (1,1))
((64,64) (80,80) (1,1))
((80,64) (96,80) (1,1))
((96,64) (112,80) (1,1))
((112,64) (128,80) (1,1))
((0,80) (16,96) (1,1))
((16,80) (32,96) (1,1))
((32,80) (48,96) (1,1))
((48,80) (64,96) (1,1))
((64,80) (80,96) (1,1))
((80,80) (96,96) (1,1))
((96,80) (112,96) (1,1))
((112,80) (128,96) (1,1))
((0,96) (16,112) (1,1))
((16,96) (32,112) (1,1))
((32,96) (48,112) (1,1))
((48,96) (64,112) (1,1))
((64,96) (80,112) (1,1))
((80,96) (96,112) (1,1))
((96,96) (112,112) (1,1))
((112,96) (128,112) (1,1))
((0,112) (16,128) (1,1))
((16,112) (32,128) (1,1))
((32,112) (48,128) (1,1))
((48,112) (64,128) (1,1))
((64,112) (80,128) (1,1))
((80,112) (96,128) (1,1))
((96,112) (112,128) (1,1))
((112,112) (128,128) (1,1))
)
64
FabOnDisk: SD_1_Old_MF_D_00000 0
FabOnDisk: SD_1_Old_MF_D_00000 2972
FabOnDisk: SD_1_Old_MF_D_00000 5944
FabOnDisk: SD_1_Old_MF_D_00000 8916
FabOnDisk: SD_1_Old_MF_D_00000 11888
FabOnDisk: SD_1_Old_MF_D_00000 14860
FabOnDisk: SD_1_Old_MF_D_00000 17832
FabOnDisk: SD_1_Old_MF_D_00000 20805
FabOnDisk: SD_1_Old_MF_D_00000 23779
FabOnDisk: SD_1_Old_MF_D_00000 26751
FabOnDisk: SD_1_Old_MF_D_00000 29723
FabOnDisk: SD_1_Old_MF_D_00000 32695
FabOnDisk: SD_1_Old_MF_D_00000 35667
FabOnDisk: SD_1_Old_MF_D_00000 38639
FabOnDisk: SD_1_Old_MF_D_00000 41611
FabOnDisk: SD_1_Old_MF_D_00000 44584
FabOnDisk: SD_1_Old_MF_D_00000 47558
FabOnDisk: SD_1_Old_MF_D_00000 50530
FabOnDisk: SD_1_Old_MF_D_00000 53502
FabOnDisk: SD_1_Old_MF_D_00000 56474
FabOnDisk: SD_1_Old_MF_D_00000 59446
FabOnDisk: SD_1_Old_MF_D_00000 62418
FabOnDisk: SD_1_Old_MF_D_00000 65390
FabOnDisk: SD_1_Old_MF_D_00000 68363
FabOnDisk: SD_1_Old_MF_D_00000 71337
FabOnDisk: SD_1_Old_MF_D_00000 74309
FabOnDisk: SD_1_Old_MF_D_00000 77281
FabOnDisk: SD_1_Old_MF_D_00000 80253
FabOnDisk: SD_1_Old_MF_D_00000 83225
FabOnDisk: SD_1_Old_MF_D_00000 86197
FabOnDisk: SD_1_Old_MF_D_00000 89169
FabOnDisk: SD_1_Old_MF_D_00000 92142
FabOnDisk: SD_1_Old_MF_D_00000 95116
FabOnDisk: SD_1_Old_MF_D_00000 98088
FabOnDisk: SD_1_Old_MF_D_00000 101060
FabOnDisk: SD_1_Old_MF_D_00000 104032
FabOnDisk: SD_1_Old_MF_D_00000 107004
FabOnDisk: SD_1_Old_MF_D_00000 109976
FabOnDisk: SD_1_Old_MF_D_00000 112948
FabOnDisk: SD_1_Old_MF_D_00000 115921
FabOnDisk: SD_1_Old_MF_D_00000 118895
FabOnDisk: SD_1_Old_MF_D_00000 121867
FabOnDisk: SD_1_Old_MF_D_00000 124839
FabOnDisk: SD_1_Old_MF_D_00000 127811
FabOnDisk: SD_1_Old_MF_D_00000 130783
FabOnDisk: SD_1_Old_MF_D_00000 133755
FabOnDisk: SD_1_Old_MF_D_00000 136727
FabOnDisk: SD_1_Old_MF_D_00000 139700
FabOnDisk: SD_1_Old_MF_D_00000 142674
FabOnDisk: SD_1_Old_MF_D_00000 145647
FabOnDisk: SD_1_Old_MF_D_00000 148620
FabOnDisk: SD_1_Old_MF_D_00000 151593
FabOnDisk: SD_1_Old_MF_D_00000 154566
FabOnDisk: SD_1_Old_MF_D_00000 157539
FabOnDisk: SD_1_Old_MF_D_00000 160512
FabOnDisk: SD_1_Old_MF_D_00000 163486
FabOnDisk: SD_1_Old_MF_D_00000 166461
FabOnDisk: SD_1_Old_MF_D_00000 169435
FabOnDisk: SD_1_Old_MF_D_00000 172409
FabOnDisk: SD_1_Old_MF_D_00000 175383
FabOnDisk: SD_1_Old_MF_D_00000 178357
FabOnDisk: SD_1_Old_MF_D_00000 181331
FabOnDisk: SD_1_Old_MF_D_00000 184305
FabOnDisk: SD_1_Old_MF_D_00000 187280

64,1
1.8620353016401962e-02,
1.1586315333701061e-02,
5.3741201787963445e-03,
2.4039831289666921e-03,
1.0792026392799849e-03,
4.7393127542231405e-04,
1.7884820281852489e-04,
0.0000000000000000e+00,
2.0485500677697749e-02,
6.4298460479339254e-03,
7.1845036124835071e-04,
8.8027157440880268e-05,
1.4894577983522480e-05,
2.9166549521155777e-06,
5.9209959243369730e-07,
0.0000000000000000e+00,
2.6976738980609115e-02,
-2.4927916598568124e-02,
-2.3021465828007643e-02,
-6.3378613483083841e-03,
-2.4562443803150874e-03,
-1.0834087977230436e-03,
-4.7448379517996424e-04,
-1.7891943340114533e-04,
4.6436181111769018e-02,
-1.7354757035032478e+00,
-4.9391761203188292e-02,
-7.2333352557189881e-03,
-3.3635546112678475e-03,
-1.5326200023258619e-03,
-6.7279513196083290e-04,
-2.5352870482302968e-04,
4.6436181111769247e-02,
-1.7354757035032475e+00,
-4.9391761203186016e-02,
-7.2333352557190419e-03,
-3.3635546112678475e-03,
-1.5326200023258619e-03,
-6.7279513196083290e-04,
-2.5352870482302968e-04,
2.6976738980610534e-02,
-2.4927916598567385e-02,
-2.3021465828007678e-02,
-6.3378613483081230e-03,
-2.4562443803147383e-03,
-1.0834087977234130e-03,
-4.7448379518023773e-04,
-1.7891943340147396e-04,
2.0485500677698217e-02,
6.4298460479334059e-03,
7.1845036124941952e-04,
8.8027157440913553e-05,
1.4894577982861618e-05,
2.9166549512400628e-06,
5.9209959187859997e-07,
0.0000000000000000e+00,
1.8620353016402681e-02,
1.1586315333701271e-02,
5.3741201787980870e-03,
2.4039831289668851e-03,
1.0792026392789336e-03,
4.7393127542122605e-04,
1.7884820281754583e-04,
0.0000000000000000e+00,

64,1
2.5237969553225194e-02,
2.0485500677697749e-02,
1.2280805847914217e-02,
6.6535886832736176e-03,
3.2393406373664021e-03,
1.5011919408726487e-03,
6.6614933802170448e-04,
2.5221492955404811e-04,
4.0786630581927878e-02,
2.6976738980609115e-02,
1.1586315333701061e-02,
5.3741201787963445e-03,
2.4039831289666921e-03,
1.0792026392799849e-03,
4.7393127542231405e-04,
1.7884820281852489e-04,
8.8235773058367536e-02,
4.6436181111769018e-02,
6.4298460479339254e-03,
7.1845036124835071e-04,
8.8027157440880268e-05,
1.4894577983522480e-05,
2.9166549521155777e-06,
5.9209959243369730e-07,
3.5636667212911927e-01,
8.0295725612500157e-01,
4.1880240407949784e-02,
-2.4562443803150874e-03,
-1.0834087977230436e-03,
-4.7448379517996424e-04,
-1.7891943340114533e-04,
0.0000000000000000e+00,
3.5636667212911927e-01,
8.0295725612500157e-01,
4.1880240407949784e-02,
-2.4562443803147383e-03,
-1.0834087977234130e-03,
-4.7448379518023773e-04,
-1.7891943340147396e-04,
0.0000000000000000e+00,
8.8235773058369257e-02,
4.6436181111769247e-02,
6.4298460479334059e-03,
7.1845036124941952e-04,
8.8027157440913553e-05,
1.4894577982861618e-05,
2.9166549512400628e-06,
5.9209959187859997e-07,
4.0786630581929023e-02,
2.6976738980610534e-02,
1.1586315333701271e-02,
5.3741201787980870e-03,
2.4039831289668851e-03,
1.0792026392789336e-03,
4.7393127542122605e-04,
1.7884820281754583e-04,
2.5237969553226106e-02,
2.0485500677698217e-02,
1.2280805847913351e-02,
6.6535886832762136e-03,
3.2393406373677695e-03,
1.5011919408726181e-03,
6.6614933802024710e-04,
2.5221492955009917e-04,

