1
1
1
1
(6 0
((80,232) (96,248) (1,1))
((96,232) (112,248) (1,1))
((80,248) (96,264) (1,1))
((96,248) (112,264) (1,1))
((80,264) (96,280) (1,1))
((96,264) (112,280) (1,1))
)
6
FabOnDisk: SD_1_Old_MF_D_00001 0
FabOnDisk: SD_1_Old_MF_D_00003 0
FabOnDisk: SD_1_Old_MF_D_00003 2975
FabOnDisk: SD_1_Old_MF_D_00000 0
FabOnDisk: SD_1_Old_MF_D_00002 0
FabOnDisk: SD_1_Old_MF_D_00002 2974

6,1
-7.9236507160476402e+00,
-3.9221458744614962e-01,
0.0000000000000000e+00,
-3.4500494418938132e-01,
-7.4233666637905786e+00,
-3.9206448215625123e-01,

6,1
3.6167995589809978e+00,
5.5022580975328816e+00,
3.6287340990524148e+00,
5.5048118483043202e+00,
3.6287340990524148e+00,
5.5048118483043202e+00,

