1
1
9
0
(64 0
((0,0) (15,15) (0,0))
((16,0) (31,15) (0,0))
((32,0) (47,15) (0,0))
((48,0) (63,15) (0,0))
((64,0) (79,15) (0,0))
((80,0) (95,15) (0,0))
((96,0) (111,15) (0,0))
((112,0) (127,15) (0,0))
((0,16) (15,31) (0,0))
((16,16) (31,31) (0,0))
((32,16) (47,31) (0,0))
((48,16) (63,31) (0,0))
((64,16) (79,31) (0,0))
((80,16) (95,31) (0,0))
((96,16) (111,31) (0,0))
((112,16) (127,31) (0,0))
((0,32) (15,47) (0,0))
((16,32) (31,47) (0,0))
((32,32) (47,47) (0,0))
((48,32) (63,47) (0,0))
((64,32) (79,47) (0,0))
((80,32) (95,47) (0,0))
((96,32) (111,47) (0,0))
((112,32) (127,47) (0,0))
((0,48) (15,63) (0,0))
((16,48) (31,63) (0,0))
((32,48) (47,63) (0,0))
((48,48) (63,63) (0,0))
((64,48) (79,63) (0,0))
((80,48) (95,63) (0,0))
((96,48) (111,63) (0,0))
((112,48) (127,63) (0,0))
((0,64) (15,79) (0,0))
((16,64) (31,79) (0,0))
((32,64) (47,79) (0,0))
((48,64) (63,79) (0,0))
((64,64) (79,79) (0,0))
((80,64) (95,79) (0,0))
((96,64) (111,79) (0,0))
((112,64) (127,79) (0,0))
((0,80) (15,95) (0,0))
((16,80) (31,95) (0,0))
((32,80) (47,95) (0,0))
((48,80) (63,95) (0,0))
((64,80) (79,95) (0,0))
((80,80) (95,95) (0,0))
((96,80) (111,95) (0,0))
((112,80) (127,95) (0,0))
((0,96) (15,111) (0,0))
((16,96) (31,111) (0,0))
((32,96) (47,111) (0,0))
((48,96) (63,111) (0,0))
((64,96) (79,111) (0,0))
((80,96) (95,111) (0,0))
((96,96) (111,111) (0,0))
((112,96) (127,111) (0,0))
((0,112) (15,127) (0,0))
((16,112) (31,127) (0,0))
((32,112) (47,127) (0,0))
((48,112) (63,127) (0,0))
((64,112) (79,127) (0,0))
((80,112) (95,127) (0,0))
((96,112) (111,127) (0,0))
((112,112) (127,127) (0,0))
)
64
FabOnDisk: Cell_D_00000 0
FabOnDisk: Cell_D_00000 18514
FabOnDisk: Cell_D_00000 37029
FabOnDisk: Cell_D_00000 55544
FabOnDisk: Cell_D_00000 74059
FabOnDisk: Cell_D_00000 92574
FabOnDisk: Cell_D_00000 111089
FabOnDisk: Cell_D_00000 129605
FabOnDisk: Cell_D_00000 148122
FabOnDisk: Cell_D_00000 166637
FabOnDisk: Cell_D_00000 185153
FabOnDisk: Cell_D_00000 203669
FabOnDisk: Cell_D_00000 222185
FabOnDisk: Cell_D_00000 240701
FabOnDisk: Cell_D_00000 259217
FabOnDisk: Cell_D_00000 277734
FabOnDisk: Cell_D_00000 296252
FabOnDisk: Cell_D_00000 314767
FabOnDisk: Cell_D_00000 333283
FabOnDisk: Cell_D_00000 351799
FabOnDisk: Cell_D_00000 370315
FabOnDisk: Cell_D_00000 388831
FabOnDisk: Cell_D_00000 407347
FabOnDisk: Cell_D_00000 425864
FabOnDisk: Cell_D_00000 444382
FabOnDisk: Cell_D_00000 462897
FabOnDisk: Cell_D_00000 481413
FabOnDisk: Cell_D_00000 499929
FabOnDisk: Cell_D_00000 518445
FabOnDisk: Cell_D_00000 536961
FabOnDisk: Cell_D_00000 555477
FabOnDisk: Cell_D_00000 573994
FabOnDisk: Cell_D_00000 592512
FabOnDisk: Cell_D_00000 611027
FabOnDisk: Cell_D_00000 629543
FabOnDisk: Cell_D_00000 648059
FabOnDisk: Cell_D_00000 666575
FabOnDisk: Cell_D_00000 685091
FabOnDisk: Cell_D_00000 703607
FabOnDisk: Cell_D_00000 722124
FabOnDisk: Cell_D_00000 740642
FabOnDisk: Cell_D_00000 759157
FabOnDisk: Cell_D_00000 777673
FabOnDisk: Cell_D_00000 796189
FabOnDisk: Cell_D_00000 814705
FabOnDisk: Cell_D_00000 833221
FabOnDisk: Cell_D_00000 851737
FabOnDisk: Cell_D_00000 870254
FabOnDisk: Cell_D_00000 888772
FabOnDisk: Cell_D_00000 907288
FabOnDisk: Cell_D_00000 925805
FabOnDisk: Cell_D_00000 944322
FabOnDisk: Cell_D_00000 962839
FabOnDisk: Cell_D_00000 981356
FabOnDisk: Cell_D_00000 999873
FabOnDisk: Cell_D_00000 1018391
FabOnDisk: Cell_D_00000 1036910
FabOnDisk: Cell_D_00000 1055427
FabOnDisk: Cell_D_00000 1073945
FabOnDisk: Cell_D_00000 1092463
FabOnDisk: Cell_D_00000 1110981
FabOnDisk: Cell_D_00000 1129499
FabOnDisk: Cell_D_00000 1148017
FabOnDisk: Cell_D_00000 1166536

64,9
1.0000047978504376e+00,-4.1223638012799577e-03,9.9999999999999467e-01,-1.2236580199507359e-17,-7.0386485012309219e-01,3.7639985636315522e-03,1.1465480699768837e-02,-9.6761137014436706e-03,1.0000000000000000e+00,
1.0021113265040444e+00,-4.1757240621705842e-03,9.9999999999997458e-01,-5.0465537305593961e-16,-7.2284337987874969e-01,-5.4229963370432743e-01,1.5026823941294417e-02,-1.4996004528421987e-02,1.0000000000000000e+00,
1.0047283644376592e+00,-1.3632853580920262e-03,9.9999999999995548e-01,-2.7006269880585653e-14,-2.4149935982226922e-01,-5.7766153569413448e-01,8.5758712228287438e-03,-1.5489922904410904e-02,1.0000000000000000e+00,
1.0053387964650196e+00,-9.7599935640454571e-04,9.9999999999994471e-01,-2.7152609508649346e-14,2.7818397768594821e-01,-3.2055201490601576e-01,9.6308233388329306e-05,-1.3499159224525664e-02,1.0000000000000000e+00,
1.0031236358667757e+00,5.3276506318789910e-05,9.9999999999990097e-01,-1.6696937283771670e-14,3.1272587679748820e-01,8.4287492033822704e-04,3.3797596305819300e-06,-8.3018677800909459e-03,1.0000000000000000e+00,
1.0014508538744833e+00,4.0240967680332133e-05,9.9999999999990086e-01,-9.9960782306199224e-15,1.5927773179978225e-01,3.2612095794482513e-03,6.3004560733577811e-05,-4.6676305991890559e-03,1.0000000000000000e+00,
1.0005992732855595e+00,2.3536541508412722e-05,9.9999999999992073e-01,-5.9159764439499033e-15,8.5573548535427452e-02,1.5337217608837395e-03,2.4204356360044230e-05,-2.2736899396347439e-03,1.0000000000000000e+00,
1.0001227143324702e+00,1.6093251328350963e-05,9.9999999999989819e-01,-3.4656400302027227e-15,4.5517466077813304e-02,3.2725119332366453e-05,7.1014849091011797e-06,-8.8256128400751241e-04,1.0000000000000000e+00,
1.0000104423539242e+00,-1.7694688843551486e-02,9.9999999999999234e-01,-2.1183121901678834e-17,-2.7279171003667715e+00,1.6364750800679601e-01,5.1754552513827168e-01,-8.9380313810596967e-03,1.0000000000000000e+00,
1.0045748844506364e+00,-1.7932843941259477e-02,9.9999999999999345e-01,-5.5764248869201672e-16,-2.8614269659812903e+00,-2.6746358300814386e+00,5.7167274036264559e-01,-2.8220275791595417e-02,1.0000000000000000e+00,
1.0085570695860429e+00,-1.7904260080180158e-03,9.9999999999995903e-01,-2.3388862215619556e-15,-5.6584599860021323e-01,-2.6952245338744505e+00,2.8353045568527502e-01,-2.8925092110029811e-02,1.0000000000000000e+00,
1.0060279860694963e+00,-9.4104018108408455e-04,9.9999999999998479e-01,-2.4972515008552213e-15,5.1409679892741666e-01,-5.8502043231087564e-01,1.9347801451241597e-05,-1.8367063585359604e-02,1.0000000000000000e+00,
1.0014673467308048e+00,2.1299043865536660e-03,9.9999999999999167e-01,-5.2171328003825529e-17,2.1159088211242186e-01,8.4270972291166091e-02,1.0288201808192343e-05,-8.0178839182366846e-03,1.0000000000000000e+00,
1.0003380899984131e+00,1.2871715445813379e-03,9.9999999999999556e-01,1.0837134731136658e-16,4.9573906403655388e-02,1.0959978682242899e-01,5.3721943124723781e-04,-3.8925181822220597e-03,1.0000000000000000e+00,
1.0000786414425338e+00,7.1921767698098524e-04,1.0000000000000002e+00,1.2803058720371891e-16,1.2812138285086660e-02,4.8513034818242318e-02,2.7305535132996980e-04,-1.7331275070872746e-03,1.0000000000000000e+00,
1.0000083864561373e+00,4.8361537693717734e-04,9.9999999999999545e-01,1.4726542713692542e-16,4.0541249573510865e-03,1.0082087078625657e-03,7.7617930611863922e-05,-6.4416463388764227e-04,1.0000000000000000e+00,
1.0000357638763200e+00,-7.5895331678098005e-02,9.9999999999999334e-01,-3.2672588218935004e-17,-1.1311177975491212e+01,7.6484976594615939e-01,2.1069217340427087e+00,-5.1396132665155869e-03,1.0000000000000000e+00,
1.0171702331387933e+00,-8.6038170594275792e-02,1.0000000000000020e+00,-8.4895521887859041e-16,-1.7325306461981715e+01,-2.1564734037605952e+01,2.2201478236236207e+00,-1.1209084226454386e-01,1.0000000000000000e+00,
1.0191248801764081e+00,-1.2828138121664528e-03,9.9999999999996481e-01,-4.5259759543996920e-15,-5.3432388493189542e-01,-2.1285277238441445e+01,1.2355952918355597e+00,-1.1201611969704392e-01,1.0000000000000000e+00,
9.9655335331276251e-01,4.9495828177794536e-03,9.9999999999998823e-01,-3.0038802345691026e-15,2.5607087982289049e-02,-5.5463801453300787e-01,1.9264794639220484e-03,-2.0159567686617353e-02,1.0000000000000000e+00,
9.9621664435325952e-01,4.4756964700513541e-03,9.9999999999999067e-01,-1.2744955052096549e-15,-2.8384392157497168e-01,4.2907157923268763e-01,4.7648104220275600e-03,-5.1856367043134309e-03,1.0000000000000000e+00,
9.9728064123610771e-01,1.8756922261635254e-03,9.9999999999999112e-01,6.3983570544324321e-17,-2.5679827112986636e-01,1.9572115653377739e-01,1.7070849339884120e-03,-1.0894877702604176e-03,1.0000000000000000e+00,
9.9869471558144274e-01,8.4343040232259694e-04,9.9999999999999223e-01,1.4562052161848552e-16,-1.4112114978777335e-01,6.5702983695320169e-02,5.3931143000358200e-04,-2.0144824475476169e-04,1.0000000000000000e+00,
9.9946531113076864e-01,5.2447611842163823e-04,9.9999999999999112e-01,1.5662961217528317e-16,-7.7703873793423722e-02,1.2184477700742154e-03,1.3565620853046162e-04,-3.0875895855754364e-05,1.0000000000000000e+00,
8.2067768094314408e-01,-1.4955672443605997e-01,1.0000000000000000e+00,-9.6047664233624438e-15,-1.5421930393542306e+01,6.1137096386248291e-01,4.5716284058044121e-01,2.3498101353980748e-02,1.0000000000000000e+00,
-1.0937336379976372e+00,-6.2573579024468529e-01,0.0000000000000000e+00,-6.7238900302305388e-15,-5.3415227479162172e+02,-2.4543922592073835e+02,0.0000000000000000e+00,-1.0354704413171605e+00,0.0000000000000000e+00,
-1.1157873924559549e+00,7.2634454479411237e-03,9.9999999999975120e-01,-4.5504671942261634e-15,-3.4125093150607228e+01,-2.6201404453558524e+02,3.7826100765925297e-01,-1.0397985839643220e+00,1.0000000000000000e+00,
8.4620668717196412e-01,7.9166273556158500e-04,9.9999999999981470e-01,-1.7635970151766354e-14,-2.2147520492569555e+01,1.5193326436208524e-01,1.0147753058259434e-02,-1.0006444232127081e-02,1.0000000000000000e+00,
9.7869225720630770e-01,1.5574174201625482e-04,9.9999999999997391e-01,-1.4923976151359463e-14,-2.5493948284442789e+00,2.6579341462668916e-02,1.1624600148932296e-04,4.1637834378282302e-03,1.0000000000000000e+00,
9.9401130326710452e-01,6.9736871688385682e-05,9.9999999999998002e-01,-1.5324016629182318e-16,-6.8709614384595230e-01,7.5756823248602275e-03,7.9290826951049394e-05,1.8889965955812397e-03,1.0000000000000000e+00,
9.9777236522956536e-01,2.9660194094554736e-05,9.9999999999999245e-01,1.4602613480552250e-16,-2.5654715840709025e-01,2.3817267175212679e-03,2.0015230393398225e-05,7.1995250687707292e-04,1.0000000000000000e+00,
9.9916403435091106e-01,1.8101842324548949e-05,9.9999999999999123e-01,1.5668791862008767e-16,-1.2290452894160835e-01,4.3058010385392111e-05,4.8266294398638214e-06,1.4049463491063015e-05,1.0000000000000000e+00,
8.2067768087119264e-01,1.9087620882993813e-04,1.0000000000000000e+00,-9.6286571104730810e-15,-1.5421930319650723e+01,-4.8777501832790179e+01,4.5716281385913565e-01,2.3498101775856924e-02,1.0000000000000000e+00,
-1.0937336382944354e+00,-1.3163710592114884e-02,0.0000000000000000e+00,-1.7788207978643822e-14,-5.3415229915515090e+02,-4.7444299961126563e+02,0.0000000000000000e+00,-1.0354704413058409e+00,0.0000000000000000e+00,
-1.1157873927185940e+00,-5.1335500198061146e-01,9.9999999999961531e-01,-4.7957282608941682e-15,-3.4125093150211640e+01,-1.2880075120927796e+02,3.7826100843494359e-01,-1.0397985838984878e+00,1.0000000000000000e+00,
8.4620668716384206e-01,-8.2757567146749159e-02,9.9999999999988720e-01,-1.7962622936405471e-14,-2.2147520492005079e+01,-1.7605816952319152e+01,1.0147753633077405e-02,-1.0006444232049549e-02,1.0000000000000000e+00,
9.7869225720413777e-01,-1.4426064076430788e-02,9.9999999999998634e-01,-1.4877977123065337e-14,-2.5493948283485119e+00,-1.9485132167404320e+00,1.1624600530502072e-04,4.1637834476297621e-03,1.0000000000000000e+00,
9.9401130326688647e-01,-4.5403412159130989e-03,9.9999999999999334e-01,-1.0242496602724982e-16,-6.8709614385249851e-01,-5.2750795622441549e-01,7.9290825045293025e-05,1.8889966019423896e-03,1.0000000000000000e+00,
9.9777236522946200e-01,-1.7055112320359816e-03,9.9999999999999845e-01,1.4769254237275432e-16,-2.5654715841785020e-01,-1.7715592936048963e-01,2.0015230406015628e-05,7.1995250996302867e-04,1.0000000000000000e+00,
9.9916403435084344e-01,-7.7304157446840202e-04,9.9999999999999767e-01,1.5856346821921141e-16,-1.2290452895211643e-01,-5.8162372418449668e-02,4.8266285480126668e-06,1.4049463581776813e-05,1.0000000000000000e+00,
1.0000357638763528e+00,8.8124508892458136e-04,9.9999999999999667e-01,-3.6283450137851979e-17,-1.1311177972459801e+01,-8.6601026116216815e+00,2.1069217390203869e+00,-5.1396130519538764e-03,1.0000000000000000e+00,
1.0171702331595549e+00,-2.5394815107540993e-03,9.9999999999990707e-01,-9.1421288746634186e-16,-1.7325306518098238e+01,-5.7533242933598103e+00,2.2201478235852341e+00,-1.1209084224555385e-01,1.0000000000000000e+00,
1.0191248801638841e+00,-7.7118043542472994e-02,9.9999999999968592e-01,-4.7926193366137707e-15,-5.3432389153288451e-01,-3.4326061836484225e+00,1.2355952913094645e+00,-1.1201611968447692e-01,1.0000000000000000e+00,
9.9655335329718964e-01,-4.2848989600309952e-02,9.9999999999999334e-01,-3.3172660839395401e-15,2.5607088157612194e-02,-4.0439030358601595e+00,1.9264793109638467e-03,-2.0159567651545966e-02,1.0000000000000000e+00,
9.9621664434143220e-01,-1.4346683332989427e-02,9.9999999999999123e-01,-1.3148948563687942e-15,-2.8384392188120533e-01,-1.8119245505653832e+00,4.7648104222197674e-03,-5.1856366729765456e-03,1.0000000000000000e+00,
9.9728064123029647e-01,-4.9304123392031989e-03,9.9999999999999256e-01,7.6765724896733861e-17,-2.5679827148647894e-01,-5.4674803348397771e-01,1.7070849359798745e-03,-1.0894877499879909e-03,1.0000000000000000e+00,
9.9869471557836198e-01,-2.1079495395635991e-03,1.0000000000000007e+00,1.4771861404831482e-16,-1.4112115015487270e-01,-2.0681745799094456e-01,5.3931143032450585e-04,-2.0144823263224735e-04,1.0000000000000000e+00,
9.9946531112867432e-01,-1.0407852070452698e-03,9.9999999999999956e-01,1.6076167912637524e-16,-7.7703874121719280e-02,-7.3967388982747545e-02,1.3565620985830570e-04,-3.0875890271627271e-05,1.0000000000000000e+00,
1.0000104423539595e+00,2.1652907146050112e-04,9.9999999999996592e-01,-2.5246002174036455e-17,-2.7279171064239107e+00,-2.6018139237145110e+00,5.1754552706244117e-01,-8.9380312147480118e-03,1.0000000000000000e+00,
1.0045748844563354e+00,1.6663865196674891e-03,9.9999999999989797e-01,-6.8006459434826640e-16,-2.8614269737678901e+00,-4.3387531215078790e-01,5.7167274036596205e-01,-2.8220275673129125e-02,1.0000000000000000e+00,
1.0085570695822819e+00,-8.9261435049642814e-03,9.9999999999975620e-01,-3.0652624395205627e-15,-5.6584600547381736e-01,3.7862827829305634e-01,2.8353045579774833e-01,-2.8925092007965350e-02,1.0000000000000000e+00,
1.0060279860626036e+00,-7.9786013767273716e-03,9.9999999999997213e-01,-3.0931264049606710e-15,5.1409679540157960e-01,-5.4278446367655209e-01,1.9347698980431982e-05,-1.8367063531507216e-02,1.0000000000000000e+00,
1.0014673467235473e+00,-7.3846032775373941e-03,9.9999999999998690e-01,-7.9728638630589301e-17,2.1159088112786148e-01,-5.5896174818134736e-01,1.0288121356227808e-05,-8.0178838720439249e-03,1.0000000000000000e+00,
1.0003380899936229e+00,-4.1620658271539178e-03,9.9999999999999256e-01,1.3340559984584614e-16,4.9573905651092799e-02,-3.9496858371185412e-01,5.3721943389494625e-04,-3.8925181536809388e-03,1.0000000000000000e+00,
1.0000786414389553e+00,-2.0268963271834147e-03,9.9999999999999578e-01,1.4912290611213799e-16,1.2812137661417637e-02,-1.8987648869347895e-01,2.7305535151870772e-04,-1.7331274905269100e-03,1.0000000000000000e+00,
1.0000083864529916e+00,-1.0316359153923875e-03,1.0000000000000011e+00,1.6125183981570560e-16,4.0541243837412212e-03,-7.1965132566597395e-02,7.7617930508734612e-05,-6.4416462636461124e-04,1.0000000000000000e+00,
1.0000047978504645e+00,4.7945248755365040e-06,9.9999999999985389e-01,-1.9687332487798552e-17,-7.0386485346705419e-01,-6.2924920254276395e-01,1.1465480750998989e-02,-9.6761135476739497e-03,1.0000000000000000e+00,
1.0021113265067219e+00,4.7871850469047356e-05,9.9999999999979272e-01,-6.8299452586151672e-16,-7.2284338375807056e-01,-9.5413053265894054e-02,1.5026823945340193e-02,-1.4996004407292372e-02,1.0000000000000000e+00,
1.0047283644390335e+00,-6.0114659028963672e-04,9.9999999999979594e-01,-5.2534431513686672e-15,-2.4149936463439639e-01,1.0254286406199270e-02,8.5758712284308373e-03,-1.5489922798117506e-02,1.0000000000000000e+00,
1.0053387964595808e+00,-2.0737740387648056e-03,9.9999999999987221e-01,-5.2005831370209765e-15,2.7818397430920000e-01,-5.7841177982967125e-02,9.6308231254673641e-05,-1.3499159149316023e-02,1.0000000000000000e+00,
1.0031236358604294e+00,-2.2565333776093390e-03,9.9999999999995348e-01,-1.3484984990360197e-15,3.1272587516640710e-01,-1.5136291025914672e-01,3.3797428949239317e-06,-8.3018677288865077e-03,1.0000000000000000e+00,
1.0014508538692861e+00,-1.9419650822668068e-03,9.9999999999997424e-01,-7.3896204253707795e-16,1.5927773075095680e-01,-1.4968001297104699e-01,6.3004561437897226e-05,-4.6676305675284416e-03,1.0000000000000000e+00,
1.0005992732812556e+00,-1.1714567595828139e-03,9.9999999999997369e-01,-3.8872809946955598e-16,8.5573547700304287e-02,-9.8985914565216035e-02,2.4204354722953160e-05,-2.2736899213741490e-03,1.0000000000000000e+00,
1.0001227143285545e+00,-6.5981555185579360e-04,9.9999999999996281e-01,-1.6273985437899096e-16,4.5517465316829368e-02,-4.2721693946981956e-02,7.1014888701525017e-06,-8.8256127574630580e-04,1.0000000000000000e+00,

64,9
1.0038346035529373e+00,-4.7945248486080832e-06,1.0000000000000504e+00,1.3895188100350838e-16,-1.5196156739585073e-02,6.2924919942646895e-01,6.2216063305931824e-01,-5.0308281031314437e-03,1.0000000000000000e+00,
1.0087687740499687e+00,-4.7871850572780059e-05,1.0000000000001465e+00,1.5747671065740363e-15,-1.6667908092947242e-01,9.5413050974189895e-02,5.4931292443351765e-01,-9.4795470868798901e-03,1.0000000000000000e+00,
1.0089514826564314e+00,6.0114658509496737e-04,1.0000000000001588e+00,1.1974848146447821e-14,4.6140788223249624e-01,-1.0254286377644334e-02,1.7431462321306510e+00,-1.2170958859493545e-02,1.0000000000000000e+00,
1.0081788555869966e+00,2.0737740375035433e-03,1.0000000000000850e+00,1.4431319575065934e-14,5.6631844807835841e-01,5.7841178932273231e-02,1.0938638469194525e-01,-8.3911912780020442e-03,1.0000000000000000e+00,
1.0057609204328413e+00,2.2565333773213046e-03,1.0000000000000473e+00,9.5522120986891485e-15,5.1348757849704441e-01,1.5136291088254672e-01,3.7415144470906436e-03,-4.1821147913929223e-03,1.0000000000000000e+00,
1.0032798359783563e+00,1.9419650828812582e-03,1.0000000000000469e+00,5.7342137533446928e-15,3.0487374542914675e-01,1.4968001353331961e-01,1.2340021349777422e-03,-1.8944728283513228e-03,1.0000000000000000e+00,
1.0016942051349556e+00,1.1714567604545201e-03,1.0000000000000424e+00,3.4820158985251039e-15,1.8050110874574046e-01,9.8985914869914635e-02,5.2441606654563683e-04,-7.2430394620069053e-04,1.0000000000000000e+00,
1.0007305420545274e+00,6.5981555240917668e-04,1.0000000000000500e+00,2.1650838795161575e-15,1.0700171481259708e-01,4.2721694079332330e-02,1.6293410802717487e-03,-1.4224208149316656e-05,1.0000000000000000e+00,
1.0141963506757450e+00,-2.1652907048551884e-04,1.0000000000000042e+00,1.4501184861692676e-16,-3.3086915402228897e-02,2.6018139165511163e+00,2.5737971646273157e+00,9.1327538557165900e-03,1.0000000000000000e+00,
1.0323207921285484e+00,-1.6663865242000759e-03,1.0000000000000195e+00,1.4104239206434715e-15,-3.1501616178706987e-01,4.3387530483670500e-01,2.2869641905032823e+00,-7.3213487278656376e-03,1.0000000000000000e+00,
1.0322680077202020e+00,8.9261434860264909e-03,1.0000000000000528e+00,2.7688115603314768e-15,1.7389290215106117e+00,-3.7862827716875508e-01,4.7149554118201724e+00,-1.4020390452075834e-02,1.0000000000000000e+00,
1.0173313949765015e+00,7.9786013742295849e-03,1.0000000000000027e+00,1.9602641104268563e-15,1.7328204628383346e+00,5.4278446564606764e-01,4.7241742522148300e-01,-6.0411734172801084e-03,1.0000000000000000e+00,
1.0060763089406621e+00,7.3846032777500478e-03,1.0000000000000029e+00,5.4982147946519526e-16,7.5726807310035638e-01,5.5896174991638403e-01,8.2510960195229799e-03,-1.4682177123327583e-03,1.0000000000000000e+00,
1.0029367190199963e+00,4.1620658298266947e-03,1.0000000000000071e+00,1.8561799685944333e-16,2.9986161283607049e-01,3.9496858470740043e-01,4.2532498262561058e-03,-3.5095520670409526e-04,1.0000000000000000e+00,
1.0013354632805167e+00,2.0268963294278121e-03,1.0000000000000067e+00,1.6335618441264425e-16,1.4860695196566984e-01,1.8987648922795680e-01,1.5276986477441232e-03,-8.3812866635165273e-05,1.0000000000000000e+00,
1.0005400213639637e+00,1.0316359166268811e-03,1.0000000000000060e+00,1.6932561893075555e-16,7.9761878999353206e-02,7.1965132801802750e-02,2.5591742606410547e-03,-1.2669140491722144e-06,1.0000000000000000e+00,
1.0385539530971499e+00,-8.8124508667345835e-04,1.0000000000000218e+00,1.5551173853734134e-16,-1.1329114060653241e-01,8.6601025933276929e+00,7.5684467072303212e+00,5.8499668156861938e-02,1.0000000000000000e+00,
1.1539577818701856e+00,2.5394813547688785e-03,1.0000000000000207e+00,1.6350433146083239e-15,-8.0649730083171256e-01,5.7533242484501743e+00,6.9853709104563571e+00,1.1376894406900335e-02,1.0000000000000000e+00,
1.1516076278976386e+00,7.7118043502895778e-02,1.0000000000000560e+00,3.1917562984814249e-15,1.3382150764567193e+01,3.4326061897824931e+00,1.1092623474872015e+01,-1.6773852200708948e-02,1.0000000000000000e+00,
1.0246240690629105e+00,4.2848989599124782e-02,1.0000000000000240e+00,5.4742142941551421e-15,6.1039570301064208e+00,4.0439030404028609e+00,1.9999980017436858e+00,6.0523781284837564e-03,1.0000000000000000e+00,
1.0053852331843798e+00,1.4346683343207867e-02,1.0000000000000022e+00,1.3871667947898094e-15,7.6504762987910224e-01,1.8119245524282412e+00,3.4389237767118441e-02,6.0433753514997001e-03,1.0000000000000000e+00,
1.0011565988145190e+00,4.9304123445903436e-03,1.0000000000000038e+00,2.0235566328650124e-16,1.7718516254624930e-01,5.4674803456122789e-01,9.6091086698883721e-03,3.6435722832413968e-03,1.0000000000000000e+00,
1.0002165880398513e+00,2.1079495424516114e-03,1.0000000000000020e+00,1.6188117032589344e-16,3.5379459579664464e-02,2.0681745858862793e-01,2.2384371724016444e-03,1.6786858335245429e-03,1.0000000000000000e+00,
1.0000335109691492e+00,1.0407852084160089e-03,9.9999999999999956e-01,1.6824956453501553e-16,6.3328026767804444e-03,7.3967389240314943e-02,2.5870490774119147e-03,6.3039840296495579e-04,1.0000000000000000e+00,
1.0386304838449929e+00,-1.9087622255597767e-04,1.0000000000001050e+00,2.7155264080419430e-14,5.8769763907124528e+01,4.8777501940732336e+01,8.3467002794493297e+00,2.8768697298899165e-01,1.0000000000000000e+00,
1.5602959404920915e+00,1.3163710160862058e-02,1.0000000000005178e+00,1.5685276095842030e-14,1.3187839445831443e+02,4.7444299765094223e+02,2.3425125320094003e+03,5.2487758007939722e-01,1.0000000000000000e+00,
1.5554264010794316e+00,5.1335500212258312e-01,1.0000000000002094e+00,8.8820742288652169e-15,2.9836058940449061e+02,1.2880075128177353e+02,1.2550831913321495e+03,2.0943968012366948e-01,1.0000000000000000e+00,
1.0191158351782692e+00,8.2757567202162041e-02,1.0000000000000724e+00,1.8087975778075984e-14,6.4526821048119185e+00,1.7605816950225847e+01,2.3243157076691027e+01,1.0306725198812185e-01,1.0000000000000000e+00,
9.9685104232374044e-01,1.4426064087634223e-02,1.0000000000000726e+00,1.5131588522581284e-14,-2.1504322820014138e-01,1.9485132182765255e+00,2.6065478828101831e+00,2.0721269993138038e-02,1.0000000000000000e+00,
9.9852562443368720e-01,4.5403412230007227e-03,9.9999999999999722e-01,5.0979022854226078e-16,-1.5954303549805135e-01,5.2750795728067035e-01,3.7707963649466575e-02,7.0316913028262637e-03,1.0000000000000000e+00,
9.9939518072305755e-01,1.7055112360889017e-03,9.9999999999999789e-01,1.6471428563329237e-16,-8.5206168879624983e-02,1.7715592999015706e-01,2.0165112533712323e-03,2.7446836471155360e-03,1.0000000000000000e+00,
9.9987687419522853e-01,7.7304157641378132e-04,9.9999999999999845e-01,1.6779590386826983e-16,-4.4958283171401645e-02,5.8162372708699318e-02,1.9259113464152773e-03,9.7199850593922776e-04,1.0000000000000000e+00,
1.0386304838639575e+00,1.4955672447745477e-01,1.0000000000001141e+00,2.8287548689271812e-14,5.8769763945629300e+01,-6.1137091380136233e-01,8.3467002787262796e+00,2.8768697308814944e-01,1.0000000000000000e+00,
1.5602959397381098e+00,6.2573578869447832e-01,1.0000000000002962e+00,1.6025809570399221e-14,1.3187839450224561e+02,2.4543922590551927e+02,2.3425124554492822e+03,5.2487758045137067e-01,1.0000000000000000e+00,
1.5554264004692075e+00,-7.2634451006895967e-03,1.0000000000001628e+00,9.3148345684290110e-15,2.9836058940038964e+02,2.6201404449005173e+02,1.2550831911971306e+03,2.0943968012046255e-01,1.0000000000000000e+00,
1.0191158351300642e+00,-7.9166271059598326e-04,1.0000000000001472e+00,1.8491019214098495e-14,6.4526821079626595e+00,-1.5193326356352882e-01,2.3243157078705334e+01,1.0306725198647057e-01,1.0000000000000000e+00,
9.9685104231786636e-01,-1.5574172435251518e-04,1.0000000000000846e+00,1.5189337528320506e-14,-2.1504322789530483e-01,-2.6579340502059113e-02,2.6065478822782993e+00,2.0721269993428146e-02,1.0000000000000000e+00,
9.9852562443066251e-01,-6.9736866618812964e-05,1.0000000000000160e+00,4.8181436923662446e-16,-1.5954303584265719e-01,-7.5756816678536603e-03,3.7707963646327509e-02,7.0316913031219569e-03,1.0000000000000000e+00,
9.9939518072104183e-01,-2.9660191735018955e-05,1.0000000000000102e+00,1.6301111134165753e-16,-8.5206169189374070e-02,-2.3817263944559816e-03,2.0165112539678037e-03,2.7446836473141840e-03,1.0000000000000000e+00,
9.9987687419352511e-01,-1.8101841970943502e-05,1.0000000000000033e+00,1.6901490452091406e-16,-4.4958283461685802e-02,-4.3058000806764581e-05,1.9259113185302913e-03,9.7199850603377073e-04,1.0000000000000000e+00,
1.0385539531244115e+00,7.5895331775156435e-02,1.0000000000000757e+00,1.8217242565886037e-16,-1.1329114068215160e-01,-7.6484977419942590e-01,7.5684467147702188e+00,5.8499668447194578e-02,1.0000000000000000e+00,
1.1539577819250832e+00,8.6038170689445956e-02,1.0000000000000271e+00,1.8193970631413661e-15,-8.0649731305904104e-01,2.1564734068921361e+01,6.9853709072544508e+00,1.1376894801031486e-02,1.0000000000000000e+00,
1.1516076279000809e+00,1.2828137903576301e-03,1.0000000000000588e+00,3.6195942128134173e-15,1.3382150766910677e+01,2.1285277266630874e+01,1.1092623475727120e+01,-1.6773852198605384e-02,1.0000000000000000e+00,
1.0246240690311612e+00,-4.9495828294030863e-03,1.0000000000000340e+00,5.7854061947546684e-15,6.1039570321736099e+00,5.5463801825978531e-01,1.9999980015746432e+00,6.0523781408585390e-03,1.0000000000000000e+00,
1.0053852331729558e+00,-4.4756964671927180e-03,1.0000000000000029e+00,1.4262173286120442e-15,7.6504762860840203e-01,-4.2907157818094038e-01,3.4389237805537709e-02,6.0433753639205744e-03,1.0000000000000000e+00,
1.0011565988074460e+00,-1.8756922220561068e-03,1.0000000000000036e+00,2.1035899597442193e-16,1.7718516161765638e-01,-1.9572115588269431e-01,9.6091086726708685e-03,3.6435722935049515e-03,1.0000000000000000e+00,
1.0002165880352261e+00,-8.4343040029872369e-04,1.0000000000000036e+00,1.6489230281568281e-16,3.5379458860810863e-02,-6.5702983387423031e-02,2.2384371726687918e-03,1.6786858400633770e-03,1.0000000000000000e+00,
1.0000335109656859e+00,-5.2447611811064286e-04,1.0000000000000024e+00,1.6941701730493900e-16,6.3328020731058636e-03,-1.2184477610993586e-03,2.5870490585086330e-03,6.3039840603842066e-04,1.0000000000000000e+00,
1.0141963506936567e+00,1.7694688854724642e-02,1.0000000000000375e+00,1.8192208859406761e-16,-3.3086915518896337e-02,-1.6364751060357635e-01,2.5737971709226302e+00,9.1327540885801188e-03,1.0000000000000000e+00,
1.0323207921409503e+00,1.7932843950212714e-02,1.0000000000000071e+00,1.7763087827932343e-15,-3.1501616677237132e-01,2.6746358315782808e+00,2.2869641904756350e+00,-7.3213485222132198e-03,1.0000000000000000e+00,
1.0322680077306750e+00,1.7904259960639039e-03,1.0000000000000140e+00,3.5291337675353886e-15,1.7389290179068229e+00,2.6952245357973985e+00,4.7149554115753469e+00,-1.4020390375298685e-02,1.0000000000000000e+00,
1.0173313949645579e+00,9.4104017647190054e-04,1.0000000000000000e+00,2.3875823133608042e-15,1.7328204595328347e+00,5.8502043541112314e-01,4.7241742523320834e-01,-6.0411733838376053e-03,1.0000000000000000e+00,
1.0060763089318856e+00,-2.1299043859232978e-03,9.9999999999999778e-01,6.7811869649832503e-16,7.5726807166629762e-01,-8.4270971302301170e-02,8.2510959705121845e-03,-1.4682176908228887e-03,1.0000000000000000e+00,
1.0029367190136618e+00,-1.2871715436320803e-03,1.0000000000000024e+00,2.0004178767272045e-16,2.9986161141475393e-01,-1.0959978648644715e-01,4.2532498303625432e-03,-3.5095519377799329e-04,1.0000000000000000e+00,
1.0013354632753995e+00,-7.1921767636003078e-04,1.0000000000000047e+00,1.6678633101309002e-16,1.4860695094745469e-01,-4.8513034668818580e-02,1.5276986490496761e-03,-8.3812860514577932e-05,1.0000000000000000e+00,
1.0005400213597271e+00,-4.8361537683059538e-04,1.0000000000000053e+00,1.7150291709618348e-16,7.9761878183097920e-02,-1.0082087037495387e-03,2.5591742417382067e-03,-1.2669138699191317e-06,1.0000000000000000e+00,
1.0038346035580452e+00,4.1223638033582961e-03,1.0000000000004969e+00,1.8573679554500948e-16,-1.5196156833043994e-02,-3.7639986330986405e-03,6.2216063493606999e-01,-5.0308279216411140e-03,1.0000000000000000e+00,
1.0087687740533784e+00,4.1757240637494975e-03,1.0000000000009119e+00,1.8724715843976546e-15,-1.6667908481984628e-01,5.4229963349092558e-01,5.4931292450585911e-01,-9.4795469242680720e-03,1.0000000000000000e+00,
1.0089514826585002e+00,1.3632853534134744e-03,1.0000000000008975e+00,6.6690945729470546e-15,4.6140787846027720e-01,5.7766153598985703e-01,1.7431462320855928e+00,-1.2170958777381349e-02,1.0000000000000000e+00,
1.0081788555830731e+00,9.7599935243601003e-04,1.0000000000001621e+00,6.2649791373288086e-15,5.6631844526110586e-01,3.2055201596445115e-01,1.0938638472437999e-01,-8.3911912298040674e-03,1.0000000000000000e+00,
1.0057609204260871e+00,-5.3276506360871422e-05,1.0000000000001630e+00,3.2603297900780474e-15,5.1348757627894026e-01,-8.4287489193249875e-04,3.7415144693832281e-03,-4.1821147615775257e-03,1.0000000000000000e+00,
1.0032798359724955e+00,-4.0240967654537716e-05,1.0000000000000979e+00,1.8326364037722551e-15,3.0487374387984001e-01,-3.2612095687396272e-03,1.2340021323815550e-03,-1.8944728109452310e-03,1.0000000000000000e+00,
1.0016942051297877e+00,-2.3536541491169374e-05,1.0000000000000158e+00,1.1374932350143218e-15,1.8050110761364674e-01,-1.5337217560108607e-03,5.2441606802813151e-04,-7.2430393807372106e-04,1.0000000000000000e+00,
1.0007305420500634e+00,-1.6093251324244971e-05,1.0000000000000107e+00,7.5075927071343153e-16,1.0700171391030790e-01,-3.2725120741460479e-05,1.6293410731425990e-03,-1.4224207911509177e-05,1.0000000000000000e+00,

