1
1
4
2
(2 0
((0,248) (127,255) (0,0))
((128,248) (255,255) (0,0))
)
2
FabOnDisk: SD_0_Old_MF_D_00000 0
FabOnDisk: SD_0_Old_MF_D_00000 50775

2,4
-1.9656738049788178e+01,3.4270859025471086e-05,9.9999999999996692e-01,0.0000000000000000e+00,
-1.9172146740070858e+01,-4.4700500053516784e+01,9.9999999999999500e-01,0.0000000000000000e+00,

2,4
9.3026957775682234e+01,4.2302140032755027e+01,1.0000000000000138e+00,0.0000000000000000e+00,
9.3026978417871902e+01,-1.3154489105099574e-05,1.0000000000000127e+00,0.0000000000000000e+00,

