1
1
1
1
(64 0
((0,0) (16,16) (1,1))
((16,0) (32,16) (1,1))
((32,0) (48,16) (1,1))
((48,0) (64,16) (1,1))
((64,0) (80,16) (1,1))
((80,0) (96,16) (1,1))
((96,0) (112,16) (1,1))
((112,0) (128,16) (1,1))
((0,16) (16,32) (1,1))
((16,16) (32,32) (1,1))
((32,16) (48,32) (1,1))
((48,16) (64,32) (1,1))
((64,16) (80,32) (1,1))
((80,16) (96,32) (1,1))
((96,16) (112,32) (1,1))
((112,16) (128,32) (1,1))
((0,32) (16,48) (1,1))
((16,32) (32,48) (1,1))
((32,32) (48,48) (1,1))
((48,32) (64,48) (1,1))
((64,32) (80,48) (1,1))
((80,32) (96,48) (1,1))
((96,32) (112,48) (1,1))
((112,32) (128,48) (1,1))
((0,48) (16,64) (1,1))
((16,48) (32,64) (1,1))
((32,48) (48,64) (1,1))
((48,48) (64,64) (1,1))
((64,48) (80,64) (1,1))
((80,48) (96,64) (1,1))
((96,48) (112,64) (1,1))
((112,48) (128,64) (1,1))
((0,64) (16,80) (1,1))
((16,64) (32,80) (1,1))
((32,64) (48,80) (1,1))
((48,64) (64,80) (1,1))
((64,64) (80,80) (1,1))
((80,64) (96,80) (1,1))
((96,64) (112,80) (1,1))
((112,64) (128,80) (1,1))
((0,80) (16,96) (1,1))
((16,80) (32,96) (1,1))
((32,80) (48,96) (1,1))
((48,80) (64,96) (1,1))
((64,80) (80,96) (1,1))
((80,80) (96,96) (1,1))
((96,80) (112,96) (1,1))
((112,80) (128,96) (1,1))
((0,96) (16,112) (1,1))
((16,96) (32,112) (1,1))
((32,96) (48,112) (1,1))
((48,96) (64,112) (1,1))
((64,96) (80,112) (1,1))
((80,96) (96,112) (1,1))
((96,96) (112,112) (1,1))
((112,96) (128,112) (1,1))
((0,112) (16,128) (1,1))
((16,112) (32,128) (1,1))
((32,112) (48,128) (1,1))
((48,112) (64,128) (1,1))
((64,112) (80,128) (1,1))
((80,112) (96,128) (1,1))
((96,112) (112,128) (1,1))
((112,112) (128,128) (1,1))
)
64
FabOnDisk: SD_1_Old_MF_D_00000 0
FabOnDisk: SD_1_Old_MF_D_00000 2972
FabOnDisk: SD_1_Old_MF_D_00000 5944
FabOnDisk: SD_1_Old_MF_D_00000 8916
FabOnDisk: SD_1_Old_MF_D_00000 11888
FabOnDisk: SD_1_Old_MF_D_00000 14860
FabOnDisk: SD_1_Old_MF_D_00000 17832
FabOnDisk: SD_1_Old_MF_D_00000 20805
FabOnDisk: SD_1_Old_MF_D_00000 23779
FabOnDisk: SD_1_Old_MF_D_00000 26751
FabOnDisk: SD_1_Old_MF_D_00000 29723
FabOnDisk: SD_1_Old_MF_D_00000 32695
FabOnDisk: SD_1_Old_MF_D_00000 35667
FabOnDisk: SD_1_Old_MF_D_00000 38639
FabOnDisk: SD_1_Old_MF_D_00000 41611
FabOnDisk: SD_1_Old_MF_D_00000 44584
FabOnDisk: SD_1_Old_MF_D_00000 47558
FabOnDisk: SD_1_Old_MF_D_00000 50530
FabOnDisk: SD_1_Old_MF_D_00000 53502
FabOnDisk: SD_1_Old_MF_D_00000 56474
FabOnDisk: SD_1_Old_MF_D_00000 59446
FabOnDisk: SD_1_Old_MF_D_00000 62418
FabOnDisk: SD_1_Old_MF_D_00000 65390
FabOnDisk: SD_1_Old_MF_D_00000 68363
FabOnDisk: SD_1_Old_MF_D_00000 71337
FabOnDisk: SD_1_Old_MF_D_00000 74309
FabOnDisk: SD_1_Old_MF_D_00000 77281
FabOnDisk: SD_1_Old_MF_D_00000 80253
FabOnDisk: SD_1_Old_MF_D_00000 83225
FabOnDisk: SD_1_Old_MF_D_00000 86197
FabOnDisk: SD_1_Old_MF_D_00000 89169
FabOnDisk: SD_1_Old_MF_D_00000 92142
FabOnDisk: SD_1_Old_MF_D_00000 95116
FabOnDisk: SD_1_Old_MF_D_00000 98088
FabOnDisk: SD_1_Old_MF_D_00000 101060
FabOnDisk: SD_1_Old_MF_D_00000 104032
FabOnDisk: SD_1_Old_MF_D_00000 107004
FabOnDisk: SD_1_Old_MF_D_00000 109976
FabOnDisk: SD_1_Old_MF_D_00000 112948
FabOnDisk: SD_1_Old_MF_D_00000 115921
FabOnDisk: SD_1_Old_MF_D_00000 118895
FabOnDisk: SD_1_Old_MF_D_00000 121867
FabOnDisk: SD_1_Old_MF_D_00000 124839
FabOnDisk: SD_1_Old_MF_D_00000 127811
FabOnDisk: SD_1_Old_MF_D_00000 130783
FabOnDisk: SD_1_Old_MF_D_00000 133755
FabOnDisk: SD_1_Old_MF_D_00000 136727
FabOnDisk: SD_1_Old_MF_D_00000 139700
FabOnDisk: SD_1_Old_MF_D_00000 142674
FabOnDisk: SD_1_Old_MF_D_00000 145647
FabOnDisk: SD_1_Old_MF_D_00000 148620
FabOnDisk: SD_1_Old_MF_D_00000 151593
FabOnDisk: SD_1_Old_MF_D_00000 154566
FabOnDisk: SD_1_Old_MF_D_00000 157539
FabOnDisk: SD_1_Old_MF_D_00000 160512
FabOnDisk: SD_1_Old_MF_D_00000 163486
FabOnDisk: SD_1_Old_MF_D_00000 166461
FabOnDisk: SD_1_Old_MF_D_00000 169435
FabOnDisk: SD_1_Old_MF_D_00000 172409
FabOnDisk: SD_1_Old_MF_D_00000 175383
FabOnDisk: SD_1_Old_MF_D_00000 178357
FabOnDisk: SD_1_Old_MF_D_00000 181331
FabOnDisk: SD_1_Old_MF_D_00000 184305
FabOnDisk: SD_1_Old_MF_D_00000 187280

64,1
6.3120603349922696e-03,
1.6132344786719470e-03,
-6.6550085365912502e-04,
-7.8772232526820845e-04,
-6.7096054342009393e-04,
-3.5743924952597695e-04,
-1.8897797181553438e-04,
-7.6606671635689818e-05,
7.2402106304536003e-03,
-4.8194411415555787e-03,
-5.6211125250643871e-03,
-3.6820124112873854e-03,
-1.0193089285372796e-03,
-3.5743924952597695e-04,
-1.6226895833812955e-04,
-6.0212986199552651e-05,
1.0459044863263656e-02,
-4.8638367818027682e-02,
-4.3533227747849908e-02,
-5.1557260382172308e-03,
-1.0103252870587445e-03,
-2.2209519814566918e-04,
-4.6463807906661505e-05,
-9.1720180622806374e-06,
2.3270451394336075e-02,
-1.0885029405694389e+00,
-2.0402239733644942e-01,
-3.3410392811590336e-03,
3.4036246553244433e-04,
1.5997570691942095e-04,
5.9861827309345510e-05,
-8.5135514969327937e-07,
2.3270451394327249e-02,
-1.0885029405694164e+00,
-2.0402239733641450e-01,
-3.3410392811623443e-03,
3.4036246553221291e-04,
1.5997570692008388e-04,
5.9861827307650075e-05,
-8.5135514969327937e-07,
1.0459044863257801e-02,
-4.8638367818042802e-02,
-4.3533227747863223e-02,
-5.1557260382217081e-03,
-1.0103252870625567e-03,
-2.2209519814757792e-04,
-4.6463807905735603e-05,
-9.1720180617959804e-06,
7.2402106304445303e-03,
-4.8194411415584714e-03,
-5.6211125250749559e-03,
-3.6820124112901527e-03,
-1.0193089285418975e-03,
-3.5743924952883778e-04,
-1.6226895833523598e-04,
-6.0212986194805275e-05,
6.3120603349916789e-03,
1.6132344786655675e-03,
-6.6550085366084923e-04,
-7.8772232526474442e-04,
-6.7096054342156422e-04,
-3.5743924952883778e-04,
-1.8897797180705516e-04,
-7.6606671629909177e-05,

64,1
1.0654986415276881e-02,
7.2402106304536003e-03,
2.6348314297962618e-03,
2.8072428923468415e-04,
-3.3780825084351549e-04,
-1.6226895833812955e-04,
-6.0212986199552651e-05,
1.0689121340815831e-06,
2.2133449025758832e-02,
1.0459044863263656e-02,
1.6132344786719470e-03,
-6.6550085365912502e-04,
-2.2209519814566918e-04,
-4.6463807906661505e-05,
-9.1720180622806374e-06,
6.7936277615459185e-07,
6.1516229749435616e-02,
2.3270451394336075e-02,
-3.3410392811590336e-03,
4.5599952906763140e-04,
4.8114579181574360e-04,
3.4036246553244433e-04,
1.5997570691942095e-04,
5.9861827309345510e-05,
2.8624960418545292e-01,
5.9016743685258743e-01,
1.5880754482526571e-01,
1.3830302739837711e-02,
2.6037022924673171e-03,
7.7475745767913921e-04,
2.7846440481993828e-04,
9.4290973102348097e-05,
2.8624960418545292e-01,
5.9016743685258743e-01,
1.5880754482526571e-01,
1.3830302739837711e-02,
2.6037022924673171e-03,
7.7475745767913921e-04,
2.7846440481993828e-04,
9.4290973102348097e-05,
6.1516229749447537e-02,
2.3270451394327249e-02,
-3.3410392811623443e-03,
4.5599952906539632e-04,
4.8114579181283669e-04,
3.4036246553221291e-04,
1.5997570692008388e-04,
5.9861827307650075e-05,
2.2133449025763183e-02,
1.0459044863257801e-02,
1.6132344786655675e-03,
-6.6550085366084923e-04,
-2.2209519814757792e-04,
-4.6463807905735603e-05,
-9.1720180617959804e-06,
6.7936277374448454e-07,
1.0654986415272153e-02,
7.2402106304445303e-03,
2.6348314297936770e-03,
2.8072428923086494e-04,
-3.3780825084789442e-04,
-1.6226895833523598e-04,
-6.0212986194805275e-05,
1.0689121320228398e-06,

