1
1
2
4
(113 0
((0,152) (15,167) (0,0))
((0,168) (15,175) (0,0))
((24,152) (39,167) (0,0))
((224,152) (239,167) (0,0))
((72,160) (87,167) (0,0))
((184,160) (191,167) (0,0))
((40,168) (55,183) (0,0))
((40,184) (55,191) (0,0))
((56,168) (71,183) (0,0))
((120,168) (127,175) (0,0))
((208,168) (215,175) (0,0))
((136,176) (151,191) (0,0))
((152,176) (167,191) (0,0))
((200,176) (215,191) (0,0))
((168,184) (175,199) (0,0))
((0,192) (15,207) (0,0))
((48,192) (55,199) (0,0))
((96,168) (111,183) (0,0))
((96,184) (111,199) (0,0))
((128,192) (135,207) (0,0))
((160,192) (167,207) (0,0))
((192,192) (207,207) (0,0))
((208,192) (215,207) (0,0))
((224,192) (239,207) (0,0))
((240,192) (247,207) (0,0))
((224,208) (239,223) (0,0))
((240,208) (247,223) (0,0))
((224,224) (239,231) (0,0))
((240,224) (247,231) (0,0))
((32,200) (39,215) (0,0))
((136,200) (143,215) (0,0))
((136,216) (143,231) (0,0))
((112,208) (127,223) (0,0))
((112,224) (127,231) (0,0))
((176,208) (183,223) (0,0))
((184,208) (199,223) (0,0))
((200,208) (215,223) (0,0))
((184,224) (199,231) (0,0))
((200,224) (215,231) (0,0))
((56,216) (71,231) (0,0))
((40,224) (47,231) (0,0))
((160,224) (167,239) (0,0))
((8,232) (15,239) (0,0))
((24,232) (31,239) (0,0))
((80,232) (95,247) (0,0))
((96,232) (111,247) (0,0))
((112,232) (119,247) (0,0))
((80,248) (95,263) (0,0))
((96,248) (111,263) (0,0))
((112,248) (119,263) (0,0))
((184,232) (191,247) (0,0))
((184,248) (191,263) (0,0))
((232,232) (247,239) (0,0))
((24,240) (39,255) (0,0))
((24,256) (39,263) (0,0))
((216,240) (231,247) (0,0))
((8,248) (23,263) (0,0))
((208,248) (223,263) (0,0))
((224,248) (239,263) (0,0))
((16,264) (23,279) (0,0))
((64,264) (79,279) (0,0))
((80,264) (95,279) (0,0))
((96,264) (111,279) (0,0))
((128,264) (135,271) (0,0))
((184,264) (199,271) (0,0))
((192,272) (207,287) (0,0))
((216,272) (231,287) (0,0))
((0,280) (7,295) (0,0))
((96,280) (111,295) (0,0))
((136,280) (151,295) (0,0))
((152,280) (167,295) (0,0))
((136,296) (151,311) (0,0))
((152,296) (167,311) (0,0))
((168,280) (175,287) (0,0))
((16,288) (31,303) (0,0))
((16,304) (31,311) (0,0))
((168,288) (183,303) (0,0))
((192,288) (207,295) (0,0))
((80,296) (95,311) (0,0))
((96,296) (103,311) (0,0))
((80,312) (95,319) (0,0))
((96,312) (103,319) (0,0))
((192,296) (199,303) (0,0))
((200,296) (215,311) (0,0))
((216,296) (223,311) (0,0))
((56,304) (63,319) (0,0))
((56,320) (63,335) (0,0))
((56,336) (63,351) (0,0))
((56,352) (63,359) (0,0))
((184,304) (191,311) (0,0))
((16,312) (31,327) (0,0))
((32,312) (47,327) (0,0))
((48,312) (55,327) (0,0))
((120,312) (135,327) (0,0))
((120,328) (135,335) (0,0))
((184,312) (199,327) (0,0))
((200,312) (207,327) (0,0))
((208,312) (215,319) (0,0))
((136,320) (143,327) (0,0))
((160,320) (167,327) (0,0))
((0,328) (7,335) (0,0))
((8,328) (23,343) (0,0))
((32,328) (47,343) (0,0))
((88,328) (95,343) (0,0))
((136,328) (151,343) (0,0))
((152,328) (167,343) (0,0))
((184,328) (199,343) (0,0))
((208,328) (223,343) (0,0))
((224,328) (231,343) (0,0))
((8,344) (15,351) (0,0))
((16,344) (31,359) (0,0))
((32,344) (39,359) (0,0))
((48,344) (55,359) (0,0))
)
113
FabOnDisk: SD_2_New_MF_D_00000 0
FabOnDisk: SD_2_New_MF_D_00000 9302
FabOnDisk: SD_2_New_MF_D_00000 15532
FabOnDisk: SD_2_New_MF_D_00000 24834
FabOnDisk: SD_2_New_MF_D_00000 34138
FabOnDisk: SD_2_New_MF_D_00000 40368
FabOnDisk: SD_2_New_MF_D_00000 44552
FabOnDisk: SD_2_New_MF_D_00000 53854
FabOnDisk: SD_2_New_MF_D_00000 60084
FabOnDisk: SD_2_New_MF_D_00000 69386
FabOnDisk: SD_2_New_MF_D_00000 73570
FabOnDisk: SD_2_New_MF_D_00000 77754
FabOnDisk: SD_2_New_MF_D_00000 87058
FabOnDisk: SD_2_New_MF_D_00000 96362
FabOnDisk: SD_2_New_MF_D_00000 105666
FabOnDisk: SD_2_New_MF_D_00000 111898
FabOnDisk: SD_2_New_MF_D_00000 121200
FabOnDisk: SD_2_New_MF_D_00000 125382
FabOnDisk: SD_2_New_MF_D_00000 134685
FabOnDisk: SD_2_New_MF_D_00000 143988
FabOnDisk: SD_2_New_MF_D_00000 150220
FabOnDisk: SD_2_New_MF_D_00000 156452
FabOnDisk: SD_2_New_MF_D_00000 165756
FabOnDisk: SD_2_New_MF_D_00000 171988
FabOnDisk: SD_2_New_MF_D_00000 181292
FabOnDisk: SD_2_New_MF_D_00000 187524
FabOnDisk: SD_2_New_MF_D_00000 196828
FabOnDisk: SD_2_New_MF_D_00000 203060
FabOnDisk: SD_2_New_MF_D_00000 209292
FabOnDisk: SD_2_New_MF_D_00000 213476
FabOnDisk: SD_2_New_MF_D_00000 219706
FabOnDisk: SD_2_New_MF_D_00000 225938
FabOnDisk: SD_2_New_MF_D_00000 232170
FabOnDisk: SD_2_New_MF_D_00000 241474
FabOnDisk: SD_2_New_MF_D_00000 247706
FabOnDisk: SD_2_New_MF_D_00000 253938
FabOnDisk: SD_2_New_MF_D_00000 263242
FabOnDisk: SD_2_New_MF_D_00000 272546
FabOnDisk: SD_2_New_MF_D_00000 278778
FabOnDisk: SD_2_New_MF_D_00000 285010
FabOnDisk: SD_2_New_MF_D_00000 294312
FabOnDisk: SD_2_New_MF_D_00000 298494
FabOnDisk: SD_2_New_MF_D_00000 304726
FabOnDisk: SD_2_New_MF_D_00000 308907
FabOnDisk: SD_2_New_MF_D_00000 313089
FabOnDisk: SD_2_New_MF_D_00000 322391
FabOnDisk: SD_2_New_MF_D_00000 331694
FabOnDisk: SD_2_New_MF_D_00000 337926
FabOnDisk: SD_2_New_MF_D_00000 347228
FabOnDisk: SD_2_New_MF_D_00000 356531
FabOnDisk: SD_2_New_MF_D_00000 362763
FabOnDisk: SD_2_New_MF_D_00000 368995
FabOnDisk: SD_2_New_MF_D_00000 375227
FabOnDisk: SD_2_New_MF_D_00000 381459
FabOnDisk: SD_2_New_MF_D_00000 390761
FabOnDisk: SD_2_New_MF_D_00000 396991
FabOnDisk: SD_2_New_MF_D_00000 403223
FabOnDisk: SD_2_New_MF_D_00000 412524
FabOnDisk: SD_2_New_MF_D_00000 421828
FabOnDisk: SD_2_New_MF_D_00000 431132
FabOnDisk: SD_2_New_MF_D_00000 437362
FabOnDisk: SD_2_New_MF_D_00000 446664
FabOnDisk: SD_2_New_MF_D_00000 455966
FabOnDisk: SD_2_New_MF_D_00000 465269
FabOnDisk: SD_2_New_MF_D_00000 469453
FabOnDisk: SD_2_New_MF_D_00000 475685
FabOnDisk: SD_2_New_MF_D_00000 484989
FabOnDisk: SD_2_New_MF_D_00000 494293
FabOnDisk: SD_2_New_MF_D_00000 500523
FabOnDisk: SD_2_New_MF_D_00000 509826
FabOnDisk: SD_2_New_MF_D_00000 519130
FabOnDisk: SD_2_New_MF_D_00000 528434
FabOnDisk: SD_2_New_MF_D_00000 537738
FabOnDisk: SD_2_New_MF_D_00000 547042
FabOnDisk: SD_2_New_MF_D_00000 551226
FabOnDisk: SD_2_New_MF_D_00000 560528
FabOnDisk: SD_2_New_MF_D_00000 566758
FabOnDisk: SD_2_New_MF_D_00000 576062
FabOnDisk: SD_2_New_MF_D_00000 582294
FabOnDisk: SD_2_New_MF_D_00000 591596
FabOnDisk: SD_2_New_MF_D_00000 597827
FabOnDisk: SD_2_New_MF_D_00000 604057
FabOnDisk: SD_2_New_MF_D_00000 608240
FabOnDisk: SD_2_New_MF_D_00000 612424
FabOnDisk: SD_2_New_MF_D_00000 621728
FabOnDisk: SD_2_New_MF_D_00000 627960
FabOnDisk: SD_2_New_MF_D_00000 634190
FabOnDisk: SD_2_New_MF_D_00000 640420
FabOnDisk: SD_2_New_MF_D_00000 646650
FabOnDisk: SD_2_New_MF_D_00000 650832
FabOnDisk: SD_2_New_MF_D_00000 655016
FabOnDisk: SD_2_New_MF_D_00000 664318
FabOnDisk: SD_2_New_MF_D_00000 673620
FabOnDisk: SD_2_New_MF_D_00000 679850
FabOnDisk: SD_2_New_MF_D_00000 689154
FabOnDisk: SD_2_New_MF_D_00000 695386
FabOnDisk: SD_2_New_MF_D_00000 704690
FabOnDisk: SD_2_New_MF_D_00000 710922
FabOnDisk: SD_2_New_MF_D_00000 715106
FabOnDisk: SD_2_New_MF_D_00000 719290
FabOnDisk: SD_2_New_MF_D_00000 723474
FabOnDisk: SD_2_New_MF_D_00000 727656
FabOnDisk: SD_2_New_MF_D_00000 736957
FabOnDisk: SD_2_New_MF_D_00000 746259
FabOnDisk: SD_2_New_MF_D_00000 752489
FabOnDisk: SD_2_New_MF_D_00000 761793
FabOnDisk: SD_2_New_MF_D_00000 771097
FabOnDisk: SD_2_New_MF_D_00000 780401
FabOnDisk: SD_2_New_MF_D_00000 789705
FabOnDisk: SD_2_New_MF_D_00000 795937
FabOnDisk: SD_2_New_MF_D_00000 800118
FabOnDisk: SD_2_New_MF_D_00000 809420
FabOnDisk: SD_2_New_MF_D_00000 815650

113,2
-1.1179600899039360e+04,-7.5072874889698869e+04,
2.5239266280506854e+03,-1.3819257663417957e+05,
-8.6936771377768309e+04,-3.3716350119821873e+05,
-3.3094330781242752e+04,-1.8556031094353093e+05,
-3.4397243325364252e+04,-1.6004196832682937e+05,
5.8375459633462015e+03,-1.0823876072542043e+05,
-2.6088116606391850e+03,-3.0325817248157400e+05,
-1.4148053924793203e+04,-1.6216268278010684e+05,
-6.8901861325072241e+04,-1.5704571525569190e+05,
-2.3226642364515283e+04,-1.6051693683783233e+05,
9.2166762655430648e+04,-6.5822452117665671e+04,
-2.4442275225867343e+04,-1.2098845573996805e+05,
-4.7921958265494322e+04,-1.3258199060765619e+05,
4.5342726503364975e+04,-9.7543665726565814e+04,
-1.0809098778261978e+05,-1.8089878856788855e+05,
-4.6954549037455581e+04,-1.5759027915998013e+05,
7.4699670947053528e+04,-2.2665178321793937e+05,
2.0749902112556447e+04,-2.0910812978337199e+05,
2.5348639800879755e+04,-1.8708141995439219e+05,
1.7697853046319506e+04,-1.5327354215923406e+05,
2.0282274260278791e+04,-4.2684621371624235e+04,
5.5636022569827037e+04,-2.5473999018284667e+04,
1.0349841217842186e+05,-6.0459112876425206e+04,
-5.9557006949125207e+04,-1.6210841405525716e+05,
1.1205918362218654e+04,4.3878093400897342e+03,
1.1552489739483281e+05,-3.7143750249677396e+04,
1.1303906540305470e+05,-2.8507833907206077e+02,
2.0257390519714681e+04,-1.4201433284677914e+05,
1.4562012784685357e+05,8.1878735389764188e+03,
5.0808290280598158e+04,-1.6196107671949139e+05,
-1.6775174874463119e+03,-1.6510766112669226e+05,
4.0821349042991642e+03,-7.4044776851088682e+04,
3.8236184535064967e+04,-2.7294339477160975e+05,
4.0072352240895270e+03,8.2046964962515631e+03,
4.3373482961760601e+02,-1.0959248293907003e+05,
-7.7609341600487824e+03,-1.0345873715083726e+05,
8.9090346876709373e+04,-6.1591586694835860e+04,
3.0904508364023059e+04,-9.2997001597697090e+04,
-2.0796677335741697e+04,-2.4488458764599491e+05,
-6.0137714144511847e+03,-2.1915360084723798e+05,
3.2133318617095938e+04,-1.0681236946981808e+05,
-7.7794154961185995e+03,-7.6616522297592019e+04,
6.3590180343280372e+04,-1.2818257898897864e+05,
1.0683897770090698e+05,-1.4383717200414831e+05,
-1.1317202072219516e+04,-2.7051910242233862e+05,
-2.0655677781278791e+04,1.7998954265043722e+03,
9.9095139093892067e+04,4.6769103700178675e+03,
2.6666396054883758e+03,-1.0584741257373014e+05,
4.5602186247817135e+03,-8.6430129745028622e+04,
1.6915086268709274e+03,-9.2731363202178909e+04,
2.9575660128988966e+05,-7.2208891744122957e+04,
3.3561250099800964e+05,-4.6044115257938392e+04,
-1.2015065334446263e+03,-1.0011614882083813e+05,
6.6374553807331540e+04,-1.4507885018744564e+05,
4.0663800800153695e+04,-6.7127527900530549e+04,
1.8261941562884022e+04,-1.6464762149375310e+05,
2.8075150837234833e+04,-1.2321626297230905e+05,
-8.1449447472770407e+04,-1.1205948410737328e+05,
-8.0255883633940539e+04,-1.0925259561821731e+05,
1.9412059665188863e+05,-8.1421841898740968e+04,
-2.4784793438912311e+04,-2.9458630195877049e+02,
-1.3979415984863590e+04,-2.1423521958412894e+05,
6.7323508849888458e+04,-1.9988778036716976e+05,
1.7585586116532795e+03,-1.3897446070568258e+05,
6.9245290442177793e+04,-2.3296317499822180e+05,
6.2711007878991950e+04,-9.3626770979134017e+04,
4.3064309908355062e+04,-5.2725839183187054e+04,
-1.3709297122735006e+04,-1.5796846268675654e+05,
3.8481283530360088e+04,-9.8276029043362360e+04,
-2.2454941635522118e+04,-2.4591009501293011e+05,
-6.1399216232745675e+04,-6.9179592426773161e+04,
-4.5750296920200344e+04,-3.1169606607327296e+04,
-4.4544189932280278e+04,-1.3461719853530376e+05,
-1.5117608055686287e+04,-1.7769375946675427e+04,
1.1320538686507498e+05,-1.1863712666143692e+05,
1.8641490332323883e+05,-7.7506347545819881e+04,
-2.1488757145628915e+04,-1.9706643004402576e+05,
1.8792268553705799e+05,-7.6793950754743128e+04,
2.7080385949388437e+04,2.3463921875387314e+04,
1.1807758908143442e+05,-4.7172450684431533e+04,
3.4235212485874945e+04,4.6755577956448542e+04,
-2.1827795608260203e+03,-1.0775503525004169e+05,
-2.6132623940939084e+02,-1.6050071961071953e+05,
8.9506139258111943e+03,-2.0971535896226997e+05,
3.7247503639287606e+04,-5.0481289497607213e+04,
8.4978570835231221e+04,-5.9465535512697534e+04,
8.6340536862326553e+04,-1.0822608348095091e+05,
1.2883428404606530e+05,-2.4346075066161575e+04,
7.8178331455371517e+04,-1.2736949852007965e+05,
3.2235999661083042e+04,-1.3866952257710800e+05,
-1.4148795376968337e+02,-1.4406199052581360e+05,
-4.1766266352511593e+04,-1.6315737260001624e+05,
-5.4561299337404489e+04,-1.2671896872668585e+05,
-7.5861123213646351e+03,-1.3425967626461643e+05,
-5.5338204093521927e+04,-1.4660096663327131e+05,
7.6974930329583003e+03,-9.4032620080966444e+04,
5.4408937088264793e+04,-1.9472119383364770e+05,
-2.3405496258463245e+03,-1.4676715639093163e+05,
3.2930717058730079e+04,-9.3927801845730573e+04,
3.6207906790229026e+04,-6.3963216136150004e+04,
-9.1980037414745311e+03,-5.1653649695758941e+04,
9.7642734171437041e+04,-4.2162087111256551e+04,
1.4696413356407720e+04,-1.0099409788122430e+05,
1.1318741552933643e+05,-1.1973349928492244e+05,
-6.1556240972086380e+04,-2.0229925616614200e+05,
-6.0130277254887915e+04,-1.3036483288351592e+05,
4.7669463400483073e+04,-1.2993607083135576e+05,
-5.9603335626758053e+03,-2.5580561122107174e+05,
-2.1502681193436729e+03,-1.7086536890758725e+05,
7.1345638092482113e+04,2.1699500123399775e+04,
-1.2732737844344229e+02,-4.1869347186133382e+04,
5.0842599870281992e+04,-5.2732889328438614e+04,
-6.6314493170692003e+03,-1.3092190964904003e+05,

113,2
1.2737341052854172e+05,4.0213499772241630e+04,
9.4777387399898726e+04,-6.1013506655882520e+04,
1.4385443078158860e+05,1.1064371995909896e+05,
1.5948786081645958e+05,1.6467666787096532e+05,
1.4205216125653533e+05,1.2276352595343196e+05,
1.0355632551313029e+05,6.2287878493417520e+04,
2.5418528399256465e+05,1.3053830191681773e+05,
2.0319842157806270e+05,9.8504448427251191e+04,
1.0446896891927026e+05,1.4678538071359653e+05,
1.3819933005146595e+05,5.5867416913689522e+04,
3.0855825044311787e+05,1.7880962872812961e+05,
1.9768015127045946e+05,1.8103852407666127e+05,
1.0616908111536904e+05,8.7251730549411150e+04,
2.8756676247819414e+05,1.8060243052511360e+05,
6.3696901118493406e+04,7.9075781668027048e+04,
8.0605191169425962e+04,9.1733876856378629e+03,
2.7387256345346686e+05,8.2365386101412878e+04,
2.2615524789291812e+05,5.1191674409662664e+04,
2.2193492477424297e+05,1.0675406939148816e+05,
3.1734949645901506e+05,2.3359303827280237e+05,
1.1294141086833115e+05,7.0883612721262034e+04,
2.4446649242804269e+05,1.3599666602795915e+05,
2.2251694448494673e+05,3.7843356466355908e+04,
1.7332166499347804e+05,9.9394000204952317e+04,
1.4116139392253972e+05,1.2302832099037332e+05,
1.8707845889004675e+05,5.2255451722230646e+03,
1.4470807877408952e+05,3.5760542954830453e+04,
2.4428828851120197e+05,1.4057981623095548e+05,
1.7239209771798924e+05,3.3474775124900043e+04,
2.0613514074613486e+05,1.0279379755661794e+05,
1.4539965510179027e+05,8.8990871417782910e+04,
1.5031659582878783e+05,1.2704751056538371e+05,
3.0646705775367591e+05,2.3835248342651903e+05,
3.6878459037313150e+05,2.7920536828245531e+05,
1.2433639850777545e+05,2.8466700754630438e+04,
1.7568837691124936e+05,1.3206950575335213e+05,
1.7435054202809115e+05,2.4851047901682614e+04,
3.3057582574413536e+05,2.1025786147860781e+05,
2.2511400977839075e+05,8.8505360352063144e+04,
1.9202084413057019e+05,8.2963595119104139e+04,
1.7883954056908260e+05,1.1498765747989964e+05,
1.5997280486947566e+05,5.1038212821922207e+04,
1.7323532297487109e+05,4.0520675395271974e+04,
2.9160896604237641e+05,1.0818627932776726e+05,
1.0000000000000000e+40,1.0000000000000000e+40,
1.0000000000000000e+40,1.0000000000000000e+40,
3.7462527250846179e+05,3.0451237409427995e+05,
1.0000000000000000e+40,1.0000000000000000e+40,
1.0000000000000000e+40,1.0000000000000000e+40,
1.2498128948685335e+05,6.4680259978302638e+04,
4.4551191993613174e+05,5.1870945614929951e+04,
4.3848967668723199e+05,7.6292918669375649e+04,
3.8891893385345466e+05,3.7811476005730510e+05,
3.2863701181614236e+05,1.7449187637549621e+05,
2.1075084824506193e+05,1.9981632687006932e+05,
3.4093543068829167e+05,3.3768376344654680e+05,
3.5488978559673706e+05,2.0054255527979985e+05,
1.5911475369649706e+05,2.3563674588078138e+05,
1.6588344269226218e+05,1.2293478831320972e+05,
3.8556295442082628e+05,1.0339458810396609e+05,
1.1019995206896710e+05,1.6783951435398194e+05,
1.0000000000000000e+40,1.0000000000000000e+40,
1.0000000000000000e+40,1.0000000000000000e+40,
1.2117086477607954e+05,1.4435178299267136e+04,
3.7366710896849108e+05,1.4122036346240930e+05,
3.0508782102016266e+05,1.4218029408425209e+05,
1.6562556333058747e+05,1.2338029694553989e+05,
1.6260476887454570e+05,1.8595693513547594e+05,
3.9627810763851012e+05,2.5070665779479896e+05,
1.6092078428090463e+05,-1.7511408496834338e+04,
3.1704229911236325e+04,6.9964618957880884e+04,
1.8046988513405086e+05,2.0625292896187893e+05,
1.5286853534705588e+05,5.1622209530787950e+04,
1.3717527049928904e+05,1.9241139570196683e+05,
2.7423548313100328e+05,1.1540739163302933e+05,
2.7524283400639542e+05,1.9358523629303090e+04,
1.5615004978862125e+05,1.1654350694426394e+05,
3.2088112689832633e+05,6.2514530122220458e+04,
1.8891586114093079e+05,3.3005964945345622e+05,
3.6936944525095751e+05,3.0404487024030677e+05,
1.7775259359335178e+05,2.0176404029522673e+05,
1.1940664313375310e+05,5.7050737099118123e+04,
1.9739775020328234e+05,1.8280078108930902e+05,
3.2013963493857154e+05,1.1270609444303846e+05,
1.9856946594355832e+05,1.5518600634347677e+05,
3.1057734034391178e+05,2.5468630773792538e+05,
3.0074592336661299e+05,8.1401285764934437e+04,
3.0705705205076811e+05,1.7244748517881671e+05,
2.1273907657339150e+05,2.0917459111560311e+04,
2.3826682710672467e+05,1.5868370185738895e+05,
3.3240569290140702e+05,2.4206785231680115e+05,
1.5779797083331941e+05,1.9114622827384737e+05,
7.8509398706909269e+04,2.7628948049195606e+05,
1.8932462592792290e+05,2.1503028320089070e+05,
1.6594716566859570e+05,1.6877464800268644e+05,
2.3364402144953347e+05,2.4019760215623101e+05,
3.0211411919200036e+05,2.1375818114758440e+05,
2.5547424213082268e+05,2.0842719879689539e+05,
1.9307684150354035e+05,6.7794505430849676e+04,
1.0877619412625645e+05,3.1131991543437471e+04,
1.0366861223756132e+05,1.3827972236000642e+05,
3.3308848642361263e+05,2.2006473093760578e+05,
2.7629848607330641e+05,2.2061003543145634e+05,
2.7508611301255587e+05,1.0796686043351510e+05,
1.9297738651275577e+05,1.4307099259689276e+05,
1.1746560876040458e+05,8.5585975567287824e+04,
2.4080091636835568e+05,6.6631604177731788e+04,
1.9757527764030965e+05,-1.7550062907367828e+04,
1.6458052820306184e+05,6.9049473197721818e+04,
2.4429879960716644e+05,2.2649801142412616e+05,
2.2759619901406113e+05,2.4252213297484850e+05,
2.9068171654700855e+05,2.2809459654694947e+05,
1.6214393316932546e+05,1.6209336964165122e+05,

