1
1
2
4
(113 0
((0,152) (15,167) (0,0))
((0,168) (15,175) (0,0))
((24,152) (39,167) (0,0))
((224,152) (239,167) (0,0))
((72,160) (87,167) (0,0))
((184,160) (191,167) (0,0))
((40,168) (55,183) (0,0))
((40,184) (55,191) (0,0))
((56,168) (71,183) (0,0))
((120,168) (127,175) (0,0))
((208,168) (215,175) (0,0))
((136,176) (151,191) (0,0))
((152,176) (167,191) (0,0))
((200,176) (215,191) (0,0))
((168,184) (175,199) (0,0))
((0,192) (15,207) (0,0))
((48,192) (55,199) (0,0))
((96,168) (111,183) (0,0))
((96,184) (111,199) (0,0))
((128,192) (135,207) (0,0))
((160,192) (167,207) (0,0))
((192,192) (207,207) (0,0))
((208,192) (215,207) (0,0))
((224,192) (239,207) (0,0))
((240,192) (247,207) (0,0))
((224,208) (239,223) (0,0))
((240,208) (247,223) (0,0))
((224,224) (239,231) (0,0))
((240,224) (247,231) (0,0))
((32,200) (39,215) (0,0))
((136,200) (143,215) (0,0))
((136,216) (143,231) (0,0))
((112,208) (127,223) (0,0))
((112,224) (127,231) (0,0))
((176,208) (183,223) (0,0))
((184,208) (199,223) (0,0))
((200,208) (215,223) (0,0))
((184,224) (199,231) (0,0))
((200,224) (215,231) (0,0))
((56,216) (71,231) (0,0))
((40,224) (47,231) (0,0))
((160,224) (167,239) (0,0))
((8,232) (15,239) (0,0))
((24,232) (31,239) (0,0))
((80,232) (95,247) (0,0))
((96,232) (111,247) (0,0))
((112,232) (119,247) (0,0))
((80,248) (95,263) (0,0))
((96,248) (111,263) (0,0))
((112,248) (119,263) (0,0))
((184,232) (191,247) (0,0))
((184,248) (191,263) (0,0))
((232,232) (247,239) (0,0))
((24,240) (39,255) (0,0))
((24,256) (39,263) (0,0))
((216,240) (231,247) (0,0))
((8,248) (23,263) (0,0))
((208,248) (223,263) (0,0))
((224,248) (239,263) (0,0))
((16,264) (23,279) (0,0))
((64,264) (79,279) (0,0))
((80,264) (95,279) (0,0))
((96,264) (111,279) (0,0))
((128,264) (135,271) (0,0))
((184,264) (199,271) (0,0))
((192,272) (207,287) (0,0))
((216,272) (231,287) (0,0))
((0,280) (7,295) (0,0))
((96,280) (111,295) (0,0))
((136,280) (151,295) (0,0))
((152,280) (167,295) (0,0))
((136,296) (151,311) (0,0))
((152,296) (167,311) (0,0))
((168,280) (175,287) (0,0))
((16,288) (31,303) (0,0))
((16,304) (31,311) (0,0))
((168,288) (183,303) (0,0))
((192,288) (207,295) (0,0))
((80,296) (95,311) (0,0))
((96,296) (103,311) (0,0))
((80,312) (95,319) (0,0))
((96,312) (103,319) (0,0))
((192,296) (199,303) (0,0))
((200,296) (215,311) (0,0))
((216,296) (223,311) (0,0))
((56,304) (63,319) (0,0))
((56,320) (63,335) (0,0))
((56,336) (63,351) (0,0))
((56,352) (63,359) (0,0))
((184,304) (191,311) (0,0))
((16,312) (31,327) (0,0))
((32,312) (47,327) (0,0))
((48,312) (55,327) (0,0))
((120,312) (135,327) (0,0))
((120,328) (135,335) (0,0))
((184,312) (199,327) (0,0))
((200,312) (207,327) (0,0))
((208,312) (215,319) (0,0))
((136,320) (143,327) (0,0))
((160,320) (167,327) (0,0))
((0,328) (7,335) (0,0))
((8,328) (23,343) (0,0))
((32,328) (47,343) (0,0))
((88,328) (95,343) (0,0))
((136,328) (151,343) (0,0))
((152,328) (167,343) (0,0))
((184,328) (199,343) (0,0))
((208,328) (223,343) (0,0))
((224,328) (231,343) (0,0))
((8,344) (15,351) (0,0))
((16,344) (31,359) (0,0))
((32,344) (39,359) (0,0))
((48,344) (55,359) (0,0))
)
113
FabOnDisk: SD_2_Old_MF_D_00000 0
FabOnDisk: SD_2_Old_MF_D_00000 9302
FabOnDisk: SD_2_Old_MF_D_00000 15532
FabOnDisk: SD_2_Old_MF_D_00000 24834
FabOnDisk: SD_2_Old_MF_D_00000 34138
FabOnDisk: SD_2_Old_MF_D_00000 40368
FabOnDisk: SD_2_Old_MF_D_00000 44552
FabOnDisk: SD_2_Old_MF_D_00000 53854
FabOnDisk: SD_2_Old_MF_D_00000 60084
FabOnDisk: SD_2_Old_MF_D_00000 69386
FabOnDisk: SD_2_Old_MF_D_00000 73570
FabOnDisk: SD_2_Old_MF_D_00000 77754
FabOnDisk: SD_2_Old_MF_D_00000 87058
FabOnDisk: SD_2_Old_MF_D_00000 96362
FabOnDisk: SD_2_Old_MF_D_00000 105666
FabOnDisk: SD_2_Old_MF_D_00000 111898
FabOnDisk: SD_2_Old_MF_D_00000 121200
FabOnDisk: SD_2_Old_MF_D_00000 125382
FabOnDisk: SD_2_Old_MF_D_00000 134685
FabOnDisk: SD_2_Old_MF_D_00000 143988
FabOnDisk: SD_2_Old_MF_D_00000 150220
FabOnDisk: SD_2_Old_MF_D_00000 156452
FabOnDisk: SD_2_Old_MF_D_00000 165756
FabOnDisk: SD_2_Old_MF_D_00000 171988
FabOnDisk: SD_2_Old_MF_D_00000 181292
FabOnDisk: SD_2_Old_MF_D_00000 187524
FabOnDisk: SD_2_Old_MF_D_00000 196828
FabOnDisk: SD_2_Old_MF_D_00000 203060
FabOnDisk: SD_2_Old_MF_D_00000 209292
FabOnDisk: SD_2_Old_MF_D_00000 213476
FabOnDisk: SD_2_Old_MF_D_00000 219706
FabOnDisk: SD_2_Old_MF_D_00000 225938
FabOnDisk: SD_2_Old_MF_D_00000 232170
FabOnDisk: SD_2_Old_MF_D_00000 241474
FabOnDisk: SD_2_Old_MF_D_00000 247706
FabOnDisk: SD_2_Old_MF_D_00000 253938
FabOnDisk: SD_2_Old_MF_D_00000 263242
FabOnDisk: SD_2_Old_MF_D_00000 272546
FabOnDisk: SD_2_Old_MF_D_00000 278778
FabOnDisk: SD_2_Old_MF_D_00000 285010
FabOnDisk: SD_2_Old_MF_D_00000 294312
FabOnDisk: SD_2_Old_MF_D_00000 298494
FabOnDisk: SD_2_Old_MF_D_00000 304726
FabOnDisk: SD_2_Old_MF_D_00000 308907
FabOnDisk: SD_2_Old_MF_D_00000 313089
FabOnDisk: SD_2_Old_MF_D_00000 322391
FabOnDisk: SD_2_Old_MF_D_00000 331694
FabOnDisk: SD_2_Old_MF_D_00000 337926
FabOnDisk: SD_2_Old_MF_D_00000 347228
FabOnDisk: SD_2_Old_MF_D_00000 356531
FabOnDisk: SD_2_Old_MF_D_00000 362763
FabOnDisk: SD_2_Old_MF_D_00000 368995
FabOnDisk: SD_2_Old_MF_D_00000 375227
FabOnDisk: SD_2_Old_MF_D_00000 381459
FabOnDisk: SD_2_Old_MF_D_00000 390761
FabOnDisk: SD_2_Old_MF_D_00000 396991
FabOnDisk: SD_2_Old_MF_D_00000 403223
FabOnDisk: SD_2_Old_MF_D_00000 412524
FabOnDisk: SD_2_Old_MF_D_00000 421828
FabOnDisk: SD_2_Old_MF_D_00000 431132
FabOnDisk: SD_2_Old_MF_D_00000 437362
FabOnDisk: SD_2_Old_MF_D_00000 446664
FabOnDisk: SD_2_Old_MF_D_00000 455966
FabOnDisk: SD_2_Old_MF_D_00000 465269
FabOnDisk: SD_2_Old_MF_D_00000 469453
FabOnDisk: SD_2_Old_MF_D_00000 475685
FabOnDisk: SD_2_Old_MF_D_00000 484989
FabOnDisk: SD_2_Old_MF_D_00000 494293
FabOnDisk: SD_2_Old_MF_D_00000 500523
FabOnDisk: SD_2_Old_MF_D_00000 509826
FabOnDisk: SD_2_Old_MF_D_00000 519130
FabOnDisk: SD_2_Old_MF_D_00000 528434
FabOnDisk: SD_2_Old_MF_D_00000 537738
FabOnDisk: SD_2_Old_MF_D_00000 547042
FabOnDisk: SD_2_Old_MF_D_00000 551226
FabOnDisk: SD_2_Old_MF_D_00000 560528
FabOnDisk: SD_2_Old_MF_D_00000 566758
FabOnDisk: SD_2_Old_MF_D_00000 576062
FabOnDisk: SD_2_Old_MF_D_00000 582294
FabOnDisk: SD_2_Old_MF_D_00000 591596
FabOnDisk: SD_2_Old_MF_D_00000 597827
FabOnDisk: SD_2_Old_MF_D_00000 604057
FabOnDisk: SD_2_Old_MF_D_00000 608240
FabOnDisk: SD_2_Old_MF_D_00000 612424
FabOnDisk: SD_2_Old_MF_D_00000 621728
FabOnDisk: SD_2_Old_MF_D_00000 627960
FabOnDisk: SD_2_Old_MF_D_00000 634190
FabOnDisk: SD_2_Old_MF_D_00000 640420
FabOnDisk: SD_2_Old_MF_D_00000 646650
FabOnDisk: SD_2_Old_MF_D_00000 650832
FabOnDisk: SD_2_Old_MF_D_00000 655016
FabOnDisk: SD_2_Old_MF_D_00000 664318
FabOnDisk: SD_2_Old_MF_D_00000 673620
FabOnDisk: SD_2_Old_MF_D_00000 679850
FabOnDisk: SD_2_Old_MF_D_00000 689154
FabOnDisk: SD_2_Old_MF_D_00000 695386
FabOnDisk: SD_2_Old_MF_D_00000 704690
FabOnDisk: SD_2_Old_MF_D_00000 710922
FabOnDisk: SD_2_Old_MF_D_00000 715106
FabOnDisk: SD_2_Old_MF_D_00000 719290
FabOnDisk: SD_2_Old_MF_D_00000 723474
FabOnDisk: SD_2_Old_MF_D_00000 727656
FabOnDisk: SD_2_Old_MF_D_00000 736957
FabOnDisk: SD_2_Old_MF_D_00000 746259
FabOnDisk: SD_2_Old_MF_D_00000 752489
FabOnDisk: SD_2_Old_MF_D_00000 761793
FabOnDisk: SD_2_Old_MF_D_00000 771097
FabOnDisk: SD_2_Old_MF_D_00000 780401
FabOnDisk: SD_2_Old_MF_D_00000 789705
FabOnDisk: SD_2_Old_MF_D_00000 795937
FabOnDisk: SD_2_Old_MF_D_00000 800118
FabOnDisk: SD_2_Old_MF_D_00000 809420
FabOnDisk: SD_2_Old_MF_D_00000 815650

113,2
-8.0529762793071859e+04,-2.3656672874017386e+05,
-1.0813683904545178e+05,4.7859723860777740e+04,
-2.2387865456132422e+05,-8.0616479457142123e+04,
-2.9078729057450255e+05,-1.5146389263880992e+05,
-1.4965706806084927e+05,-2.4229280782683054e+05,
-1.0951460843188252e+05,-8.0935373638852616e+04,
-1.7462260490162007e+05,-2.0098921661898639e+05,
-2.9741989078037295e+05,-1.6118321378231631e+05,
-1.5790033185462526e+05,-2.1280800400273583e+05,
-1.5126237973641837e+05,-5.7589696868319879e+04,
-3.4931346587474691e+05,-1.2052571200174280e+05,
-2.1133056229440117e+05,-2.6447370376202452e+05,
-1.4210861986850359e+05,-7.4046933426812757e+04,
-4.0456788226215867e+05,-1.9915926695682283e+05,
-1.0324593785691395e+05,-8.0583359056453628e+04,
-1.1845616867809149e+05,-7.9939870718325255e+04,
-2.8754001394979714e+05,-4.3904429983437876e+04,
-2.3762465322402713e+05,-1.6314098160844442e+05,
-2.5271684479585965e+05,-2.6919544735764939e+05,
-3.7926718270129786e+05,-3.2373950196942751e+05,
-1.1713810536119854e+05,-7.3531488487028400e+04,
-2.6785249360428861e+05,-2.7543494300844468e+05,
-2.1381203730558191e+05,-3.9650274848513072e+04,
-2.2411656613340456e+05,-7.5729628930159379e+03,
-1.8246578401045554e+05,-1.7854635391121265e+05,
-1.8933689684312121e+05,-6.9999022727977717e+03,
-1.5202793879481469e+05,-1.6442292273056228e+04,
-2.2014303413194430e+05,-2.1402866087260336e+05,
-1.8720115093150380e+05,-1.5934258593538834e+04,
-2.1450479638509714e+05,-1.0587171638730651e+05,
-1.4568290790377505e+05,-1.5670353376828280e+05,
-1.5270113644940284e+05,-1.5669420588555076e+05,
-3.2829643188033951e+05,-3.1574024418626650e+05,
-3.3445790932008968e+05,-3.1896325314187561e+05,
-4.3903631488229439e+04,-1.6110784377834061e+05,
-1.3628247234890150e+05,-2.3649862754705100e+05,
-1.9246728954370919e+05,-5.1762921291142993e+04,
-2.8986862948824564e+05,-4.1260750563366892e+05,
-2.3131719129751582e+05,1.7906554187284200e+04,
-1.9504212662946084e+05,-6.7477210766989447e+04,
-1.9498211155486351e+05,-1.1257707085449074e+05,
-1.2647727396538830e+05,-1.6354434047176619e+05,
-3.0404167593355378e+05,-6.5781556215873570e+04,
-3.1737705090820673e+05,-9.6359615693919477e+04,
-2.0005666604310536e+05,0.0000000000000000e+00,
-1.4962405145038036e+05,-3.8945832106734888e+05,
-3.3365512237653602e+05,-3.6463553199206217e+05,
-1.7859120409375464e+05,-1.5446400784339980e+05,
-9.7706381280948524e+04,-1.5478125723983874e+05,
-1.2919225196918997e+05,-9.3474344921110605e+04,
-5.0760731327745016e+05,-3.0087161442541401e+05,
-5.2247202529555216e+05,-6.6552156109636417e+04,
-4.3253449807466823e+05,-4.3435173416963225e+05,
-3.4265485847155505e+05,-2.2922099511349224e+05,
-2.4054906193694333e+05,-3.6452518725881528e+05,
-3.7592081666837039e+05,-4.2011993774272560e+05,
-3.1193338798461336e+05,-3.3499722246914171e+05,
-2.1445377725847793e+05,-2.2602680863280984e+05,
-2.4851092129507888e+05,-1.5042292886382493e+05,
-4.4056490423199139e+05,-2.3910691806908435e+05,
-9.5366401318440330e+04,-2.4581150734418916e+05,
-2.0414599277527831e+05,-2.1472168500463449e+05,
-3.0284150091996125e+05,-1.2364350849524490e+05,
-1.6038160105056450e+05,-8.8953044909403252e+04,
-3.7389393178211030e+05,-2.0858412359525973e+05,
-3.2524874746147543e+05,-2.7522376220934821e+05,
-1.8776149748648168e+05,-2.2234545725821954e+05,
-2.6322366935230384e+05,-2.6800452042335237e+05,
-4.3309781476417411e+05,-2.2274552021205309e+05,
-1.9801032616415760e+05,3.4765774820305523e+03,
-3.9981381859055546e+04,-3.7790337556872691e+04,
-1.5628078620520537e+05,-2.5490407629522670e+05,
-1.8917854378202173e+05,-1.1038031392952544e+05,
-1.5443055821398593e+05,-1.5104954756749939e+05,
-3.1925819692607329e+05,-2.2114364350866090e+05,
-3.2836387837303773e+05,3.7794519037994905e+04,
-1.5437619349914021e+05,-2.0116189955642476e+05,
-3.1680767094391776e+05,-4.9713282544270623e+04,
-2.0802523545268195e+05,-3.1957160279599047e+05,
-3.7896914552218950e+05,-2.9834742681490170e+05,
-2.0546532821293949e+05,-2.0566041953399690e+05,
-1.2613177297361253e+05,-6.2681930490361992e+04,
-2.2071609097951296e+05,-2.8351210301568353e+05,
-4.3409219155970204e+05,-3.2203559781720396e+05,
-1.7134848072889872e+05,-3.3362731202831928e+05,
-2.3731280356557254e+05,-2.4456110093472962e+05,
-3.0873571517130913e+05,-7.5005351507496380e+04,
-3.8033844319282798e+05,-1.4897799409593717e+05,
-2.0018897106058575e+05,-1.4930824722335092e+04,
-2.8336271385054861e+05,-2.7513208750449994e+05,
-3.5789751263503858e+05,-3.3816887396488310e+05,
-1.6045040331118507e+05,-1.5204495819276490e+05,
-1.2718652132132847e+05,-2.1745743787926040e+05,
-2.4802094985120639e+05,-2.5152220669715462e+05,
-2.2160055418627016e+05,-3.1651252576412662e+05,
-2.3698251635741035e+05,-3.2652223342785437e+05,
-2.9617014762633771e+05,-3.1445537196306541e+05,
-3.7335068833124969e+05,-2.3625223916444229e+05,
-2.6750008788346167e+05,-8.7141691351405461e+04,
-1.4995716592034878e+05,-1.1730848913323716e+05,
-1.2001113157089130e+05,-1.5652068429485953e+05,
-3.7031753053599823e+05,-3.3658411057405756e+05,
-3.7841497662020120e+05,-2.5081497949060140e+05,
-2.7930012753293704e+05,-1.5038409779199574e+05,
-2.1488206163455034e+05,-1.4608524684917065e+05,
-1.3553448255143594e+05,-1.4168555273852835e+05,
-2.9524643799550686e+05,-1.0058635959819221e+05,
-1.9183706364521931e+05,-5.9888800886325771e+04,
-1.9244805311914533e+05,-1.5161528948372579e+05,
-2.6287833388464351e+05,-2.6167022826270259e+05,
-3.4800183945938334e+05,-3.3789410832738940e+05,
-3.1792894946888118e+05,-3.2174696604639321e+05,
-2.3422568464941869e+05,-1.6001900408620568e+05,

113,2
2.1067265156285139e+05,1.5496760940473905e+05,
3.7671983273905062e+04,2.2282072366650682e+05,
4.2824890355081880e+04,3.0346809951545583e+05,
-2.7623862756227027e+04,1.7338614357785846e+05,
4.2518331705775927e+04,1.9133835790656740e+05,
-1.2325900523111341e+04,6.4165160437651502e+04,
1.7317483018228086e+04,2.6911822674849682e+05,
-7.7683500613956130e+04,1.3982731665151659e+05,
8.0860546228424937e+04,2.1724738143130526e+05,
-2.3930187043864862e+03,1.5693204687032558e+05,
-9.6414306452902383e+04,8.8909351106229587e+04,
2.8366467253277369e+04,1.2799135362005763e+05,
7.0319752890113159e+04,1.6512813438049343e+05,
-2.1014131130650640e+03,1.7491812283878535e+05,
1.0032167614999489e+05,1.0295661833284394e+05,
1.1611450941346266e+05,1.8230791123979725e+05,
-1.0352251669106772e+05,1.9466581367721374e+05,
2.6339488139191235e+04,2.3701010128111084e+05,
7.7009634070753236e+03,2.4098106774414046e+05,
-3.0521270121527778e+04,1.8570029063425027e+05,
4.0764249510728405e+04,1.0445640497312124e+05,
1.3300552928296383e+05,1.7118700523593579e+05,
-1.2545769564914081e+05,2.0597870605684875e+04,
-6.5733855547446001e+04,1.6875880197927036e+05,
2.5769419522570388e+04,1.0585235955810931e+05,
-1.2147084859143652e+05,4.5769439754400810e+04,
-1.2114440225278959e+05,4.1282271412515547e+04,
-2.6162419318279717e+01,1.8120712347601366e+05,
-1.5331895628530619e+05,1.2555449048249284e+04,
-6.2775728139517014e+04,1.1800371411736851e+05,
4.9191189655174094e+04,1.9318747521419573e+05,
-1.4204159406467807e+04,1.0056670824870525e+05,
-8.1447217159635329e+04,1.5595524368840997e+05,
-3.8461332102247979e+04,-3.4555618948198389e+04,
1.3655946389041492e+05,2.1014402008192701e+05,
1.1830760686330032e+05,1.9857125225980562e+05,
-5.3892686316516483e+04,8.5203853603552852e+04,
1.6779673717450933e+05,1.5890440101325803e+05,
3.7937251703906804e+04,2.0638122192090523e+05,
-3.1679131008534750e+04,2.3736479164188495e+05,
-6.3456175493902992e+04,8.7756216366635635e+04,
5.1980010217754170e+04,8.9428125061794708e+04,
-1.0083325592560286e+05,2.1514030831900454e+05,
-1.6944661076641351e+05,1.5475839950676018e+05,
2.7722100258902356e+04,2.9236158683863760e+05,
3.4308829774614424e+04,2.2937285588559462e+02,
-9.7747566634196846e+04,-5.3143856261725887e+04,
1.2689577358451272e+04,8.4196016353169427e+04,
4.5877130756700353e+04,8.3895716886668743e+02,
1.3160513842225919e+05,1.9659232294978719e+05,
-3.0112145730733173e+05,9.4309210777703265e+04,
-3.7608913915977901e+05,1.9362701830300357e+05,
4.4397041257878300e+03,1.8546060315959476e+05,
-2.3094965837484051e+04,1.6622762246005150e+05,
9.0667619902751176e+04,2.4500065998162609e+05,
-7.0285169338075502e+04,1.6840783551070053e+05,
3.3701355467631947e+04,1.4263557960810722e+05,
-1.2351661268141470e+04,1.1302481149811356e+05,
-5.0533336237286858e+04,8.0203534920293896e+04,
-1.4992485707642481e+05,1.7676428146547696e+05,
1.2494208632957598e+05,1.1576260664554429e+05,
0.0000000000000000e+00,2.3894950780282525e+05,
0.0000000000000000e+00,2.3193327717643988e+05,
3.7006272738167900e+04,1.5837885151345690e+05,
8.9941272481475607e+04,3.7429058074659406e+05,
-1.6855230806795589e+04,1.3507973946525599e+05,
-3.6430011322791688e+04,8.2342175097682048e+04,
1.5079667667956965e+05,3.0550304517669720e+05,
-5.1520930799751659e+04,1.7344316634227725e+05,
-4.1404824420882505e+03,2.2539505974486092e+05,
4.6057438316685148e+04,8.0352395693139988e+04,
3.6620123906726076e+04,1.3712956045093597e+04,
3.5593643150602293e+04,1.2435592943878728e+05,
8.4452767309063347e+03,8.6749417152434762e+04,
-2.5020943037279358e+04,2.5642796943689609e+05,
-2.4065468141005404e+05,1.9406739239986491e+05,
8.6653511709107261e+04,3.2229179489430244e+05,
-1.8275633032090991e+05,1.3373936773720779e+05,
2.9737595686160785e+04,1.1133808453914389e+05,
-1.2904668533716467e+05,4.3321953459465294e+04,
-5.0429387580809998e+04,-4.4558473889910965e+04,
-2.0073628038520110e+04,8.5467412404055358e+04,
2.9665991327154916e+04,2.0694017383594037e+05,
6.6310807725974882e+04,2.6597412664988078e+05,
1.5600001364758500e+05,2.3415508072348457e+05,
-1.1760229478113033e+05,-3.0243005405456643e+03,
-1.0303934410005168e+05,1.1869632274719042e+05,
-1.2928957152750081e+05,1.0524055567058967e+05,
-8.4647016534909199e+04,1.6827480003913370e+05,
1.2009368165317574e+04,2.9220232335869659e+05,
6.9340141579744522e+04,2.0863037860440818e+05,
3.4056481032673037e+04,2.0831175656034029e+05,
-5.8740244112181244e+03,4.8805466310666816e+04,
1.3051900292621576e+04,1.5642460847546463e+05,
6.1301167375170917e+04,1.9219343944977300e+05,
5.6131055612368800e+04,1.6741661357373087e+05,
3.0290720257806242e+03,2.7968539350831998e+05,
-1.1366649651965708e+05,1.9382108158385672e+05,
-4.5417730032154941e+04,1.2584632110938983e+05,
-3.9577196945987816e+04,1.9172829265966720e+04,
1.6403641195079254e+05,2.2752777835609886e+05,
9.0714267011746415e+04,2.2628760659118707e+05,
-1.3194486608071020e+04,2.2906941695455753e+05,
-8.3860244928512839e+04,1.0131501828831824e+05,
6.4343679417957901e+04,2.6925962971110275e+05,
8.6386937624574057e+04,1.1423558774937846e+05,
-3.5939911367290188e+04,9.1760356027557282e+04,
6.1388863369898172e+04,3.0861405410437146e+05,
1.3574786557075277e+04,2.5094085824512877e+05,
4.0553517045783519e+04,7.2635530790290795e+04,
1.0989120241598575e+05,1.5623492329546862e+05,
-1.0030408094836748e+05,9.7217047852481483e+04,
-2.8537829161575064e+04,2.6459976832883985e+05,

