1
1
8
0
(2 0
((96,104) (127,127) (0,0))
((0,120) (95,127) (0,0))
)
2
FabOnDisk: Cell_D_00000 0
FabOnDisk: Cell_D_00000 49239

2,8
-2.7526106592323518e-01,-6.3306519334428202e-01,9.9822566969948845e-01,0.0000000000000000e+00,-7.5817766966557221e-01,-1.5321910712955720e+00,4.6362095406182746e-04,-4.6985667077791567e-02,
-7.7753951782948139e-02,4.7442983012423507e-05,9.9992526651258740e-01,0.0000000000000000e+00,-4.8973166747821911e-01,-1.1254253620586301e+01,1.4025061206773026e-01,-2.0855234974760287e-01,

2,8
9.1705046732586459e-01,4.7488900709646106e-02,1.0025865506968172e+00,0.0000000000000000e+00,6.2083758766041008e+01,3.5285193558430755e+01,7.0085610937839661e+01,8.4945661515494419e-01,
9.0996143501635873e-01,2.0774555743798934e-01,1.0000731471180189e+00,0.0000000000000000e+00,3.2301378482572474e+01,2.4078024528620143e+00,7.5663245985019657e+01,-6.6333986557393369e-04,

