1
1
8
0
(4 0
((0,0) (31,31) (0,0))
((32,0) (63,31) (0,0))
((0,32) (31,63) (0,0))
((32,32) (63,63) (0,0))
)
4
FabOnDisk: Cell_D_00000 0
FabOnDisk: Cell_D_00001 0
FabOnDisk: Cell_D_00002 0
FabOnDisk: Cell_D_00003 0

4,8
-2.4306654305991417e-02,3.2659946331348274e-06,9.9999999999942746e-01,0.0000000000000000e+00,-1.5507114897464983e-03,-1.3624120547706481e-02,5.8267616316887150e-06,-3.3620122148809960e-03,
-2.4749137340131282e-02,-2.5397532758579647e-02,9.9999999999528710e-01,0.0000000000000000e+00,-1.5442490237955755e-03,-6.1628049951449248e-03,2.0390600038722173e-06,3.1074512638536996e-04,
-6.5430288660818625e-02,4.7607705279260448e-04,9.9999999999905076e-01,0.0000000000000000e+00,-1.1771701424603215e-01,-2.3990387699294455e+00,3.3415215594523318e-07,-8.8887004410087816e-02,
-2.6690035435680520e-01,-5.9058115374502651e-01,9.9994984764555794e-01,0.0000000000000000e+00,-7.2744676674510977e-01,-1.4741426397841755e+00,1.8282855603068970e-07,-4.3320927342145849e-02,

4,8
-3.2660232319421334e-06,2.1404436132276460e-02,1.0000000000016411e+00,0.0000000000000000e+00,1.5664244993193022e-02,5.4835190318972731e-04,4.3097910580925958e-01,1.0713061065804521e-03,
-5.4516398230110053e-06,1.3858180868883592e-03,1.0000000000030385e+00,0.0000000000000000e+00,1.8941629034699311e-02,2.0367992369145552e-02,5.1981951874703769e-01,6.8890034673395831e-03,
8.0986634617461117e-01,1.6427450141939515e-01,1.0000000000055702e+00,0.0000000000000000e+00,7.1939377742641009e+00,6.5492499465689691e-01,3.7092691636531143e+01,-4.8913255502131528e-05,
8.3295505730900132e-01,4.4215610083840590e-02,1.0000611053091963e+00,0.0000000000000000e+00,2.2411842975725772e+01,1.5249958692118151e+01,3.3789974634629871e+01,5.3080333331181562e-01,

