1
1
9
0
(6 0
((80,232) (95,247) (0,0))
((96,232) (111,247) (0,0))
((80,248) (95,263) (0,0))
((96,248) (111,263) (0,0))
((80,264) (95,279) (0,0))
((96,264) (111,279) (0,0))
)
6
FabOnDisk: Cell_D_00000 0
FabOnDisk: Cell_D_00000 18518
FabOnDisk: Cell_D_00000 37037
FabOnDisk: Cell_D_00000 55555
FabOnDisk: Cell_D_00000 74074
FabOnDisk: Cell_D_00000 92592

6,9
-2.1446371775978687e-01,-7.2154106118210048e-01,0.0000000000000000e+00,-4.8642561389828410e-15,-8.9513479431875589e+02,-3.7180979780997291e+02,0.0000000000000000e+00,-2.4321251016042140e+00,0.0000000000000000e+00,
-8.6903616293708380e-02,-5.9457896707109270e-01,0.0000000000000000e+00,-6.5336371932511584e-15,-3.3860392998145210e+02,-1.9610411360797056e+02,0.0000000000000000e+00,-4.3577147343601541e-01,0.0000000000000000e+00,
0.0000000000000000e+00,-6.3785310558954900e-01,0.0000000000000000e+00,-1.8086779046892285e-14,-5.0754363486651584e+02,-4.9785749090071045e+02,0.0000000000000000e+00,0.0000000000000000e+00,0.0000000000000000e+00,
-2.4990398368823430e-01,-5.8171802386756521e-01,0.0000000000000000e+00,-7.9061750426248135e-15,-2.9510937881371086e+02,-2.6969063574965145e+02,0.0000000000000000e+00,-4.2480560170204218e-01,0.0000000000000000e+00,
-2.1446363077368336e-01,-1.9218665697645118e-01,0.0000000000000000e+00,-1.8307690990675123e-14,-8.9513232664314319e+02,-4.1548983080449858e+02,0.0000000000000000e+00,-2.4321143508666307e+00,0.0000000000000000e+00,
-8.6903611180482968e-02,-9.9261718673939632e-03,0.0000000000000000e+00,-4.2212375634237758e-15,-3.3860394255032179e+02,-2.6227562365507765e+02,0.0000000000000000e+00,-4.3577146512215664e-01,0.0000000000000000e+00,

6,9
1.3173346872009930e+00,1.9218668513560952e-01,1.0000000000001090e+00,0.0000000000000000e+00,4.4120951683650475e+01,4.1548962942798238e+02,1.0079744106587797e+04,7.6999790953283798e-01,1.0000000000000000e+00,
1.4079514162867810e+00,9.9261687343818895e-03,1.0000000000006630e+00,0.0000000000000000e+00,1.1216054304418137e+02,2.6227562499052419e+02,2.9127018606868905e+03,1.2119652847399605e+00,1.0000000000000000e+00,
5.3841962981783309e-01,6.3785310757543223e-01,1.0000000000000462e+00,0.0000000000000000e+00,1.1832875682265396e+02,4.9785746984342171e+02,2.1491720262374574e+03,8.9904815299006624e-01,1.0000000000000000e+00,
0.0000000000000000e+00,5.8171802180682664e-01,1.0000000000005496e+00,1.2009194162253945e-14,1.3922997392764981e+02,2.6969061325865874e+02,2.1822170938067748e+03,1.4677863980546317e+00,1.0000000000000000e+00,
1.3173346937494557e+00,7.2154106605667612e-01,1.0000000000000628e+00,0.0000000000000000e+00,4.4120756040830202e+01,3.7180884629825260e+02,1.0079742638283371e+04,7.6999893034543654e-01,1.0000000000000000e+00,
1.4079514271782294e+00,5.9457896636800700e-01,1.0000000000011247e+00,8.2278594012968799e-15,1.1216047357282315e+02,1.9610412514923271e+02,2.9127019594359963e+03,1.2119653930207703e+00,1.0000000000000000e+00,

