1
1
2
4
(9 0
((80,232) (95,247) (0,0))
((96,232) (111,247) (0,0))
((112,232) (127,247) (0,0))
((80,248) (95,263) (0,0))
((96,248) (111,263) (0,0))
((112,248) (127,263) (0,0))
((80,264) (95,279) (0,0))
((96,264) (111,279) (0,0))
((112,264) (127,279) (0,0))
)
9
FabOnDisk: SD_2_New_MF_D_00000 0
FabOnDisk: SD_2_New_MF_D_00000 9302
FabOnDisk: SD_2_New_MF_D_00000 18605
FabOnDisk: SD_2_New_MF_D_00000 27909
FabOnDisk: SD_2_New_MF_D_00000 37211
FabOnDisk: SD_2_New_MF_D_00000 46514
FabOnDisk: SD_2_New_MF_D_00000 55818
FabOnDisk: SD_2_New_MF_D_00000 65120
FabOnDisk: SD_2_New_MF_D_00000 74423

9,2
-1.1920514942306631e+03,-7.7876740755937374e+02,
-4.7634150131321996e+02,-3.6399835234777277e+02,
-5.6824533253541529e+02,-5.2927793487592999e+02,
-6.1260658436990434e+02,-5.4496810011178491e+02,
-4.5098026312657214e+02,-4.6741597310654009e+02,
-5.5077751371317834e+02,-5.6728945447878334e+02,
-1.1920514941560255e+03,-4.5184710874493896e+02,
-4.7634150131329028e+02,-1.5659912800213988e+02,
-5.6824533253535458e+02,-1.8768137061313331e+02,

9,2
1.0000000000000000e+40,1.0000000000000000e+40,
1.0000000000000000e+40,1.0000000000000000e+40,
9.1424126234178846e+02,1.8768137061310509e+02,
1.0000000000000000e+40,1.0000000000000000e+40,
1.0000000000000000e+40,1.0000000000000000e+40,
9.1303449483720874e+02,5.6728945447883382e+02,
1.0000000000000000e+40,1.0000000000000000e+40,
1.0000000000000000e+40,1.0000000000000000e+40,
9.1424126234201390e+02,5.2927793487599149e+02,

