1
1
8
0
(4 0
((0,0) (31,31) (0,0))
((32,0) (63,31) (0,0))
((0,32) (31,63) (0,0))
((32,32) (63,63) (0,0))
)
4
FabOnDisk: Cell_D_00000 0
FabOnDisk: Cell_D_00001 0
FabOnDisk: Cell_D_00002 0
FabOnDisk: Cell_D_00003 0

4,8
-2.3154253265346272e-02,1.9305099491356565e-06,9.9999999992001809e-01,0.0000000000000000e+00,1.6283083751413852e-03,-1.7237609892971495e-01,5.4059775496662077e-06,5.0221825011967938e-02,
-2.0121896919700200e-01,-4.8107342402567965e-01,9.9996339855828076e-01,0.0000000000000000e+00,-1.8097592193956723e+02,-1.7009686081448160e+02,3.0999720913027495e-06,-6.3153268906726134e-01,
-1.5224534414466145e-01,-1.5227030363942934e-02,9.9905462700449299e-01,0.0000000000000000e+00,-7.2048929033423136e+01,-8.6350789452943673e+02,8.2253370680129834e-06,-5.7533388930880858e-01,
-3.7076186714003245e-01,-5.8693494216876774e-01,9.9921160775914108e-01,0.0000000000000000e+00,-5.9700063861341209e+02,-1.7959607928084006e+02,7.5835871635177021e-05,-2.0015284948991678e+00,

4,8
-1.9315513686403121e-06,2.4695339601537261e-02,1.0000000002000813e+00,0.0000000000000000e+00,2.1013923983900185e-01,-2.5923214226590829e-03,4.1798048104813212e-01,1.3799132550400978e-01,
1.2985052818223825e-01,1.1617164627401205e-01,1.0000312762113266e+00,0.0000000000000000e+00,2.1818687167606862e+02,5.7812318005341251e+02,1.6833289090968997e+01,3.6785381550020918e-01,
8.3056694662134689e-01,2.8547575414264303e-01,1.0016755430934448e+00,0.0000000000000000e+00,2.5418798165455274e+02,6.3843156527709235e+00,3.8728913475305554e+01,9.5106020385632939e-01,
1.1818501796622791e+00,1.6148021527960246e-01,1.0014076885102901e+00,0.0000000000000000e+00,6.5917455960237044e+02,8.6727080156904458e+02,3.5478014080500643e+01,2.0908573373862027e+00,

