1
1
8
0
(2 0
((104,96) (127,127) (0,0))
((0,120) (103,127) (0,0))
)
2
FabOnDisk: Cell_D_00000 0
FabOnDisk: Cell_D_00000 49239

2,8
-3.2595526273797176e-01,-6.6617462043635423e-01,9.9786476686813763e-01,0.0000000000000000e+00,-7.6206455073859947e-01,-1.3073187250683180e+00,8.2916430322943047e-02,-7.8554105160501320e-02,
-7.3276944171013006e-02,1.3555740166328910e-04,9.9977434093226603e-01,0.0000000000000000e+00,-3.1103088990808014e-01,-9.5947250385576481e+00,1.8949863961744917e-02,-1.2406700677007378e-01,

2,8
9.4011831553498082e-01,1.1088651763429500e-01,1.0011354499174836e+00,0.0000000000000000e+00,3.4821985271159505e+01,3.0122410857747237e+01,6.6849910596208844e+01,7.8272602463154339e-01,
9.3994255777539504e-01,1.9914370736721201e-01,1.0000741967786506e+00,0.0000000000000000e+00,1.3283369097704821e+01,7.8094855601065323e+00,7.2737256313594159e+01,-4.1560885140956988e-03,

