1
1
9
0
(64 0
((0,0) (15,15) (0,0))
((16,0) (31,15) (0,0))
((32,0) (47,15) (0,0))
((48,0) (63,15) (0,0))
((64,0) (79,15) (0,0))
((80,0) (95,15) (0,0))
((96,0) (111,15) (0,0))
((112,0) (127,15) (0,0))
((0,16) (15,31) (0,0))
((16,16) (31,31) (0,0))
((32,16) (47,31) (0,0))
((48,16) (63,31) (0,0))
((64,16) (79,31) (0,0))
((80,16) (95,31) (0,0))
((96,16) (111,31) (0,0))
((112,16) (127,31) (0,0))
((0,32) (15,47) (0,0))
((16,32) (31,47) (0,0))
((32,32) (47,47) (0,0))
((48,32) (63,47) (0,0))
((64,32) (79,47) (0,0))
((80,32) (95,47) (0,0))
((96,32) (111,47) (0,0))
((112,32) (127,47) (0,0))
((0,48) (15,63) (0,0))
((16,48) (31,63) (0,0))
((32,48) (47,63) (0,0))
((48,48) (63,63) (0,0))
((64,48) (79,63) (0,0))
((80,48) (95,63) (0,0))
((96,48) (111,63) (0,0))
((112,48) (127,63) (0,0))
((0,64) (15,79) (0,0))
((16,64) (31,79) (0,0))
((32,64) (47,79) (0,0))
((48,64) (63,79) (0,0))
((64,64) (79,79) (0,0))
((80,64) (95,79) (0,0))
((96,64) (111,79) (0,0))
((112,64) (127,79) (0,0))
((0,80) (15,95) (0,0))
((16,80) (31,95) (0,0))
((32,80) (47,95) (0,0))
((48,80) (63,95) (0,0))
((64,80) (79,95) (0,0))
((80,80) (95,95) (0,0))
((96,80) (111,95) (0,0))
((112,80) (127,95) (0,0))
((0,96) (15,111) (0,0))
((16,96) (31,111) (0,0))
((32,96) (47,111) (0,0))
((48,96) (63,111) (0,0))
((64,96) (79,111) (0,0))
((80,96) (95,111) (0,0))
((96,96) (111,111) (0,0))
((112,96) (127,111) (0,0))
((0,112) (15,127) (0,0))
((16,112) (31,127) (0,0))
((32,112) (47,127) (0,0))
((48,112) (63,127) (0,0))
((64,112) (79,127) (0,0))
((80,112) (95,127) (0,0))
((96,112) (111,127) (0,0))
((112,112) (127,127) (0,0))
)
64
FabOnDisk: Cell_D_00000 0
FabOnDisk: Cell_D_00000 18514
FabOnDisk: Cell_D_00000 37029
FabOnDisk: Cell_D_00000 55544
FabOnDisk: Cell_D_00000 74059
FabOnDisk: Cell_D_00000 92574
FabOnDisk: Cell_D_00000 111089
FabOnDisk: Cell_D_00000 129605
FabOnDisk: Cell_D_00000 148122
FabOnDisk: Cell_D_00000 166637
FabOnDisk: Cell_D_00000 185153
FabOnDisk: Cell_D_00000 203669
FabOnDisk: Cell_D_00000 222185
FabOnDisk: Cell_D_00000 240701
FabOnDisk: Cell_D_00000 259217
FabOnDisk: Cell_D_00000 277734
FabOnDisk: Cell_D_00000 296252
FabOnDisk: Cell_D_00000 314767
FabOnDisk: Cell_D_00000 333283
FabOnDisk: Cell_D_00000 351799
FabOnDisk: Cell_D_00000 370315
FabOnDisk: Cell_D_00000 388831
FabOnDisk: Cell_D_00000 407347
FabOnDisk: Cell_D_00000 425864
FabOnDisk: Cell_D_00000 444382
FabOnDisk: Cell_D_00000 462897
FabOnDisk: Cell_D_00000 481413
FabOnDisk: Cell_D_00000 499929
FabOnDisk: Cell_D_00000 518445
FabOnDisk: Cell_D_00000 536961
FabOnDisk: Cell_D_00000 555477
FabOnDisk: Cell_D_00000 573994
FabOnDisk: Cell_D_00000 592512
FabOnDisk: Cell_D_00000 611027
FabOnDisk: Cell_D_00000 629543
FabOnDisk: Cell_D_00000 648059
FabOnDisk: Cell_D_00000 666575
FabOnDisk: Cell_D_00000 685091
FabOnDisk: Cell_D_00000 703607
FabOnDisk: Cell_D_00000 722124
FabOnDisk: Cell_D_00000 740642
FabOnDisk: Cell_D_00000 759157
FabOnDisk: Cell_D_00000 777673
FabOnDisk: Cell_D_00000 796189
FabOnDisk: Cell_D_00000 814705
FabOnDisk: Cell_D_00000 833221
FabOnDisk: Cell_D_00000 851737
FabOnDisk: Cell_D_00000 870254
FabOnDisk: Cell_D_00000 888772
FabOnDisk: Cell_D_00000 907288
FabOnDisk: Cell_D_00000 925805
FabOnDisk: Cell_D_00000 944322
FabOnDisk: Cell_D_00000 962839
FabOnDisk: Cell_D_00000 981356
FabOnDisk: Cell_D_00000 999873
FabOnDisk: Cell_D_00000 1018391
FabOnDisk: Cell_D_00000 1036910
FabOnDisk: Cell_D_00000 1055427
FabOnDisk: Cell_D_00000 1073945
FabOnDisk: Cell_D_00000 1092463
FabOnDisk: Cell_D_00000 1110981
FabOnDisk: Cell_D_00000 1129499
FabOnDisk: Cell_D_00000 1148017
FabOnDisk: Cell_D_00000 1166536

64,9
1.0000032237474692e+00,-5.1497462051580782e-03,9.9999999999999545e-01,-7.4537472503078823e-13,-3.6664099230290731e-01,3.5350995551402566e-03,3.6604124397602439e-05,3.8316017299793855e-03,1.0000000000000000e+00,
1.0036512403716700e+00,-3.7231374719438703e-03,9.9999999999998934e-01,7.7117149355436178e-13,-3.8174577126120307e-01,-1.5401651189509402e-01,4.5223138570065413e-05,9.4273421868147373e-04,1.0000000000000000e+00,
1.0048307151677447e+00,-1.2789670479730825e-04,9.9999999999998690e-01,1.5609642668659131e-12,-2.3480279933068376e-01,-1.6420187692288304e-01,8.8149872573854357e-07,-3.6917777799865914e-04,1.0000000000000000e+00,
1.0028319195793345e+00,5.0550448146332695e-05,9.9999999999998712e-01,2.2629028186527588e-12,-7.2372391698431016e-02,-1.0549010142834410e-01,2.1529099160323348e-06,-4.3668987032679856e-04,1.0000000000000000e+00,
1.0013657375305971e+00,3.4579392813801196e-05,9.9999999999999190e-01,2.8751001168939040e-12,-6.2206184134983846e-03,-2.4574242409025969e-02,5.9263334451094794e-06,-3.6140773104771510e-04,1.0000000000000000e+00,
1.0006468111302040e+00,1.8068635880002347e-05,9.9999999999999500e-01,3.3744355257971692e-12,7.6003063424187334e-03,-9.8316132483198485e-04,2.0117946436352951e-08,-1.9168793831774141e-04,1.0000000000000000e+00,
1.0003290736738584e+00,7.7848000254500692e-06,9.9999999999999500e-01,3.7429894947771858e-12,4.1894163436372242e-03,5.9080175663126606e-05,1.1698786031436644e-06,-1.0208392933719425e-04,1.0000000000000000e+00,
1.0002224877216053e+00,1.1324444516937170e-06,9.9999999999998901e-01,3.9678061074392331e-12,1.3940369945679074e-03,7.0620488082227209e-07,3.7244034263703065e-07,-4.1116402781887484e-05,1.0000000000000000e+00,
1.0000061475455568e+00,-1.5220575870112328e-02,9.9999999999999678e-01,-8.2182452432731174e-13,-1.3118296195440948e+00,1.2422899467642744e-01,1.2143488862387253e-04,4.4531517893684775e-03,1.0000000000000000e+00,
1.0053036119906535e+00,-1.0516374251163205e-02,9.9999999999999933e-01,7.8164031447475605e-13,-1.3172286623763196e+00,-8.2702008443316710e-01,7.6488465713692860e-05,-3.0130734964648022e-03,1.0000000000000000e+00,
1.0052808460041229e+00,9.8000834962053359e-06,9.9999999999999956e-01,1.5703114859353813e-12,-2.6136029819345885e-01,-7.8685959521886750e-01,5.8026110711512091e-06,-3.3152704375364796e-03,1.0000000000000000e+00,
1.0014027333539550e+00,1.8610834588060829e-03,1.0000000000000000e+00,2.2698606265626990e-12,-2.2610181841367722e-02,-1.7295991104568031e-01,9.2541018873251724e-05,-1.8921822207345173e-03,1.0000000000000000e+00,
1.0003283564300318e+00,1.1121058025960217e-03,1.0000000000000000e+00,2.8802990904288717e-12,1.5066301992987755e-02,-2.4972755834640582e-02,4.6023543188306038e-07,-5.1284343173393747e-04,1.0000000000000000e+00,
1.0000810357700827e+00,5.5605904255329923e-04,1.0000000000000000e+00,3.3784722403130788e-12,4.1432983596178981e-03,1.1189351043365023e-03,4.2593605257407186e-07,-1.9089805722708516e-04,1.0000000000000000e+00,
1.0000236746679974e+00,2.3478465664622238e-04,1.0000000000000000e+00,3.7463394830705210e-12,9.8470208384275506e-04,2.0413991647546823e-03,2.2055431704842005e-05,-8.5166850827828158e-05,1.0000000000000000e+00,
1.0000112620750174e+00,3.3939979877579916e-05,9.9999999999999811e-01,3.9707649882710410e-12,2.4744699613875798e-04,2.4869658005542128e-05,4.9863554315524722e-06,-3.1430831713716808e-05,1.0000000000000000e+00,
1.0000219687172494e+00,-3.9681994373224325e-02,9.9999999999999545e-01,-8.9656873451034436e-13,-7.6388567473016673e+00,2.6389975026646917e-01,8.8467260668523284e-05,6.3839990048491137e-03,1.0000000000000000e+00,
1.0125672961528678e+00,-3.7630918362862434e-02,9.9999999999999833e-01,7.7510394069450221e-13,-8.5415345098684039e+00,-8.2045121647860420e+00,5.2834982408322961e-04,-3.0381217842315674e-02,1.0000000000000000e+00,
9.9801391183250476e-01,3.3387406432117731e-03,9.9999999999999878e-01,1.5758425236418166e-12,-1.5756614244050657e-01,-3.0963583301699624e+00,1.3106485424740910e-06,-2.1333010198378979e-02,1.0000000000000000e+00,
9.9691732910154940e-01,3.9649079426082173e-03,9.9999999999999944e-01,2.2771116452060032e-12,1.2981027614176894e-02,-1.5457580604329668e-01,1.5229334376920534e-06,-2.3867968853872033e-03,1.0000000000000000e+00,
9.9754941634267058e-01,1.6827161445467280e-03,1.0000000000000000e+00,2.8871473419505354e-12,-1.1884734467910406e-02,2.0407792963842552e-02,3.4124717003536365e-06,-4.9118390361179939e-04,1.0000000000000000e+00,
9.9876717595409215e-01,6.7436640364127885e-04,1.0000000000000000e+00,3.3849279529205629e-12,-1.1541986911464599e-02,1.0026970826356552e-02,5.9426527630745962e-05,-1.0157988556221074e-04,1.0000000000000000e+00,
9.9941226551299711e-01,2.5885528324920409e-04,1.0000000000000000e+00,3.7527114806311214e-12,-6.8433807392559937e-03,3.5662979395128230e-03,4.1157323324068039e-05,-1.9483580398565915e-05,1.0000000000000000e+00,
9.9969784391417893e-01,3.6351577520104457e-05,9.9999999999999922e-01,3.9771865482157900e-12,-3.8398539272412177e-03,4.4447236739259350e-05,1.1543043974371163e-05,-3.2968560481588911e-06,1.0000000000000000e+00,
8.3876778658242701e-01,-1.1627460592143950e-01,9.9999999999997180e-01,-9.7616076363157479e-13,-1.6250679573740694e+01,4.4857422872128500e-01,2.5261260433673272e-03,1.3368085965577868e-02,1.0000000000000000e+00,
-7.1379368179976296e-02,-6.9903829703845366e-01,0.0000000000000000e+00,0.0000000000000000e+00,-7.6774774769487840e+02,-6.4888470932864902e+02,0.0000000000000000e+00,-8.4225899957229078e-01,0.0000000000000000e+00,
7.9837340321964712e-01,1.0457959703409018e-03,9.9999999999999412e-01,1.5906167758168420e-12,-2.9984994576080219e+01,-3.1710598573754396e+00,2.7693580417764707e-05,-3.0004165874976264e-02,1.0000000000000000e+00,
9.8062474782481079e-01,2.0041561535879681e-04,9.9999999999999878e-01,2.2900758727890467e-12,-1.1827022033928511e+00,9.9214755459480150e-03,1.7437192737273979e-04,-8.2672619215188280e-04,1.0000000000000000e+00,
9.9442598780717295e-01,6.3127343154623349e-05,9.9999999999999944e-01,2.8970624477414205e-12,-1.7089721776649605e-01,1.7944581989430461e-03,2.2182331803685803e-05,2.0524440959026865e-04,1.0000000000000000e+00,
9.9787837641284893e-01,2.3902342137482763e-05,1.0000000000000000e+00,3.3940510114276971e-12,-4.2364898980410078e-02,4.6522638316114198e-04,4.8508708005079101e-06,9.3649327751685544e-05,1.0000000000000000e+00,
9.9908527187689022e-01,8.9682286258009009e-06,1.0000000000000000e+00,3.7618621990175089e-12,-1.4343315681506113e-02,1.3416306960808202e-04,1.5713550626997438e-06,3.5524931483405377e-05,1.0000000000000000e+00,
9.9954925775319281e-01,1.2509482096296019e-06,9.9999999999999978e-01,3.9865185906295638e-12,-6.4451842045414797e-03,1.6685779914161328e-06,4.6261255988731863e-07,4.4119560738814920e-07,1.0000000000000000e+00,
8.3876778658242757e-01,1.4656987877466495e-04,9.9999999999996669e-01,-1.0152880482677298e-12,-1.6250679573743547e+01,-4.6736241724850480e+01,2.5261260442888123e-03,1.3368085965572665e-02,1.0000000000000000e+00,
-7.1379368179990979e-02,-5.8216046103114050e-01,0.0000000000000000e+00,0.0000000000000000e+00,-7.6774774769485714e+02,-5.9493116856655774e+02,0.0000000000000000e+00,-8.4225899957230776e-01,0.0000000000000000e+00,
7.9837340321964856e-01,-1.3479326058593427e-01,9.9999999999998546e-01,1.5988608145781453e-12,-2.9984994576079472e+01,-3.4423163842595130e+01,2.7693580831322784e-05,-3.0004165874980695e-02,1.0000000000000000e+00,
9.8062474782481079e-01,-1.4083295231325187e-02,9.9999999999999989e-01,2.3017582106147696e-12,-1.1827022033926440e+00,-9.8571400688881861e-01,1.7437192715017476e-04,-8.2672619215038367e-04,1.0000000000000000e+00,
9.9442598780717317e-01,-4.2009935172392611e-03,9.9999999999999989e-01,2.9064669089967218e-12,-1.7089721776884112e-01,-1.4193460447728945e-01,2.2182332454613683e-05,2.0524440959299449e-04,1.0000000000000000e+00,
9.9787837641284860e-01,-1.5266817651488304e-03,1.0000000000000000e+00,3.4036432724686735e-12,-4.2364898978145368e-02,-3.4319181697192190e-02,4.8508714441147143e-06,9.3649327753067874e-05,1.0000000000000000e+00,
9.9908527187689000e-01,-6.0967570246936551e-04,1.0000000000000000e+00,3.7720534410047273e-12,-1.4343315681883210e-02,-1.0349485956632506e-02,1.5713545367031256e-06,3.5524931482877953e-05,1.0000000000000000e+00,
9.9954925775319270e-01,-2.3071631596158324e-04,9.9999999999999989e-01,3.9971596506543985e-12,-6.4451842059661908e-03,-3.1598261261653162e-03,4.6261352809273356e-07,4.4119560747450770e-07,1.0000000000000000e+00,
1.0000219687172500e+00,5.2785137612691702e-04,9.9999999999996736e-01,-1.0557363852861481e-12,-7.6388567473027251e+00,-4.9340585779200037e+00,8.8467259423685718e-05,6.3839990048456998e-03,1.0000000000000000e+00,
1.0125672961528700e+00,-2.7635718561375863e-02,9.9999999999999800e-01,7.7627211274150270e-13,-8.5415345098696260e+00,-8.1066580566056889e-01,5.2834982218752380e-04,-3.0381217842320656e-02,1.0000000000000000e+00,
9.9801391183250543e-01,-2.9864213607101030e-02,9.9999999999999900e-01,1.5910521536609540e-12,-1.5756614243722472e-01,-6.2431545606342520e-01,1.3106480067914816e-06,-2.1333010198382220e-02,1.0000000000000000e+00,
9.9691732910155006e-01,-1.3581932810927665e-02,1.0000000000000000e+00,2.2990002892423994e-12,1.2981027616485173e-02,-5.3038558121327473e-01,1.5229318570120220e-06,-2.3867968853853606e-03,1.0000000000000000e+00,
9.9754941634267136e-01,-4.4933300526033707e-03,9.9999999999999989e-01,2.9120614653534428e-12,-1.1884734467102741e-02,-1.3451746888421320e-01,3.4124713547967200e-06,-4.9118390360860262e-04,1.0000000000000000e+00,
9.9876717595409192e-01,-1.8602775991563294e-03,1.0000000000000000e+00,3.4117807268248968e-12,-1.1541986911857078e-02,-3.4796316124017505e-02,5.9426527019602882e-05,-1.0157988556130267e-04,1.0000000000000000e+00,
9.9941226551299767e-01,-8.0866232827487986e-04,1.0000000000000000e+00,3.7815744322145988e-12,-6.8433807409951052e-03,-1.1355676281134352e-02,4.1157322331350846e-05,-1.9483580393872038e-05,1.0000000000000000e+00,
9.9969784391417937e-01,-3.1912356344937932e-04,9.9999999999999967e-01,4.0074248828720661e-12,-3.8398539259230390e-03,-3.7727422652749248e-03,1.1543043302903074e-05,-3.2968560472264357e-06,1.0000000000000000e+00,
1.0000061475455573e+00,1.3616356434363006e-04,9.9999999999997369e-01,-1.0891325190589934e-12,-1.3118296195453849e+00,-1.3690592124133290e+00,1.2143488810206771e-04,4.4531517893617277e-03,1.0000000000000000e+00,
1.0053036119906549e+00,-2.2056812437748130e-03,9.9999999999999900e-01,7.8309725985440922e-13,-1.3172286623762071e+00,-1.3961812228130352e-01,7.6488465651069343e-05,-3.0130734964689933e-03,1.0000000000000000e+00,
1.0052808460041232e+00,-6.3559296067903998e-03,9.9999999999999900e-01,1.5902611233141306e-12,-2.6136029819453838e-01,1.2004276782010487e-01,5.8026106957570489e-06,-3.3152704375369454e-03,1.0000000000000000e+00,
1.0014027333539550e+00,-6.1597297724115688e-03,9.9999999999999944e-01,2.2986139435657513e-12,-2.2610181842306162e-02,-1.1557874849926470e-02,9.2541020962205733e-05,-1.8921822207323958e-03,1.0000000000000000e+00,
1.0003283564300318e+00,-3.6838672025596808e-03,9.9999999999999967e-01,2.9150247214986803e-12,1.5066301988156687e-02,-2.1174048071930712e-02,4.6023407741097033e-07,-5.1284343173167843e-04,1.0000000000000000e+00,
1.0000810357700831e+00,-1.7739190458429090e-03,9.9999999999999967e-01,3.4177433678256835e-12,4.1432983631504664e-03,-1.8110048584052355e-02,4.2593749430275274e-07,-1.9089805722818343e-04,1.0000000000000000e+00,
1.0000236746679978e+00,-7.9868793226271165e-04,1.0000000000000000e+00,3.7891514077133973e-12,9.8470208737030571e-04,-9.1818222959731272e-03,2.2055431610993464e-05,-8.5166850823058170e-05,1.0000000000000000e+00,
1.0000112620750161e+00,-3.1775847285272791e-04,9.9999999999999956e-01,4.0158385133409445e-12,2.4744699740964236e-04,-3.4996390035498650e-03,4.9863580623473597e-06,-3.1430831713012625e-05,1.0000000000000000e+00,
1.0000032237474690e+00,3.2233578659772133e-06,9.9999999999995826e-01,-1.1105100118907291e-12,-3.6664099230327063e-01,-3.3770284182715443e-01,3.6604121432786546e-05,3.8316017299715914e-03,1.0000000000000000e+00,
1.0036512403716611e+00,1.5596169565668829e-05,9.9999999999996225e-01,7.8158916757939295e-13,-3.8174577125672282e-01,-9.2867635529102294e-02,4.5223138590838726e-05,9.4273421868149292e-04,1.0000000000000000e+00,
1.0048307151677431e+00,-1.8479462775756223e-03,9.9999999999999356e-01,1.5892412651384490e-12,-2.3480279933337844e-01,3.3910403999326023e-03,8.8149752288128533e-07,-3.6917777799786231e-04,1.0000000000000000e+00,
1.0028319195793336e+00,-1.9723334542788478e-03,9.9999999999999500e-01,2.2981613734995957e-12,-7.2372391700481556e-02,1.1582167995191784e-03,2.1529103741944888e-06,-4.3668987032460230e-04,1.0000000000000000e+00,
1.0013657375305987e+00,-1.6976167666814827e-03,9.9999999999999278e-01,2.9168674237935417e-12,-6.2206184080916679e-03,-7.5704024035088812e-06,5.9263322952805494e-06,-3.6140773104528318e-04,1.0000000000000000e+00,
1.0006468111302032e+00,-1.0086709988396283e-03,9.9999999999999301e-01,3.4214078478190495e-12,7.6003063422527169e-03,-3.4625662298159994e-03,2.0116524787096302e-08,-1.9168793831632200e-04,1.0000000000000000e+00,
1.0003290736738581e+00,-5.0243243384565052e-04,9.9999999999999523e-01,3.7939801580838681e-12,4.1894163399628405e-03,-3.3881070045096071e-03,1.1698806590999811e-06,-1.0208392933109685e-04,1.0000000000000000e+00,
1.0002224877216035e+00,-2.0899403329867743e-04,9.9999999999999778e-01,4.0212801756398712e-12,1.3940369935383976e-03,-1.7909032909163047e-03,3.7243849660122813e-07,-4.1116402780803160e-05,1.0000000000000000e+00,

64,9
1.0047935123540346e+00,-3.2233578660555528e-06,1.0000000000000016e+00,2.6856936669596564e-12,-9.5879154956229375e-03,3.3770284182600524e-01,2.9377730487465739e+00,6.4615009473603796e-03,1.0000000000000000e+00,
1.0070903402055582e+00,-1.5596169565591814e-05,1.0000000000000016e+00,1.5288269882832239e-12,-2.0235359513389747e-01,9.2867635528769837e-02,1.5320145416216485e-03,4.1466271786530905e-03,1.0000000000000000e+00,
1.0070511328414962e+00,1.8479462775759638e-03,1.0000000000000013e+00,2.2299037231099009e-12,-3.7049493160460141e-02,-3.3910403996945983e-03,1.2635598542688059e-03,1.4370521022978419e-03,1.0000000000000000e+00,
1.0050702304223698e+00,1.9723334542791978e-03,1.0000000000000013e+00,2.8450351544373609e-12,1.7404821933541818e-02,-1.1582168006997393e-03,2.2955673619026729e-03,1.1087632902502940e-04,1.0000000000000000e+00,
1.0029792259625521e+00,1.6976167666810701e-03,1.0000000000000011e+00,3.3507098949819568e-12,1.8480325865040954e-02,7.5704039597646565e-06,2.5045046688886171e-04,-1.9139543117028659e-04,1.0000000000000000e+00,
1.0015998727328130e+00,1.0086709988393276e-03,1.0000000000000009e+00,3.7271561594562539e-12,1.3937182457273050e-02,3.4625662309824170e-03,2.3959229046406020e-04,-9.2092530762669748e-05,1.0000000000000000e+00,
1.0008071077564862e+00,5.0243243384595995e-04,1.0000000000000009e+00,3.9608524866044411e-12,7.4892628629116944e-03,3.3881070051626932e-03,1.5962733828232454e-04,-3.5166770631437565e-05,1.0000000000000000e+00,
1.0004279428667016e+00,2.0899403329873310e-04,1.0000000000000036e+00,4.0431713979506584e-12,4.9467962016814292e-03,1.7909032938588196e-03,3.1569777572351188e-03,-4.3563656080247109e-07,1.0000000000000000e+00,
1.0111291739083159e+00,-1.3616356434372463e-04,1.0000000000000084e+00,2.8801703621425037e-12,-1.8829540741611885e-02,1.3690592124148411e+00,8.3822712801424064e+00,1.3889098442333839e-02,1.0000000000000000e+00,
1.0149366189165170e+00,2.2056812437747306e-03,1.0000000000000011e+00,1.5289945250940972e-12,-2.4980304016442362e-01,1.3961812228166337e-01,1.0446577575634261e-02,5.4004633453544979e-03,1.0000000000000000e+00,
1.0132159021729770e+00,6.3559296067901621e-03,1.0000000000000009e+00,2.2350941627054477e-12,2.2689350199419814e-01,-1.2004276782038348e-01,1.0959633474051655e-02,6.8820830767243413e-04,1.0000000000000000e+00,
1.0053286369935226e+00,6.1597297724120354e-03,1.0000000000000009e+00,2.8515596994796015e-12,2.1197083459414842e-01,1.1557874849349795e-02,4.5973939680858666e-03,-3.8992886759107716e-04,1.0000000000000000e+00,
1.0026684536519825e+00,3.6838672025599007e-03,1.0000000000000009e+00,3.3569587411193101e-12,7.2781114921025722e-02,2.1174048073082402e-02,3.3535034082120274e-04,-1.2456816018485554e-04,1.0000000000000000e+00,
1.0012623027806453e+00,1.7739190458427125e-03,1.0000000000000004e+00,3.7333118587420190e-12,1.8283849510638338e-02,1.8110048584830288e-02,1.0558720546487849e-04,-2.7801507165637680e-05,1.0000000000000000e+00,
1.0005931845256457e+00,7.9868793226248473e-04,1.0000000000000009e+00,3.9670432984949605e-12,7.3287676453614344e-03,9.1818222949065706e-03,7.5612429822034810e-05,-6.0955080528668411e-06,1.0000000000000000e+00,
1.0003032830494980e+00,3.1775847285260355e-04,1.0000000000000009e+00,4.0493924562763716e-12,3.9378460759835468e-03,3.4996390026633337e-03,4.7413263502705718e-03,-7.7327186293361869e-08,1.0000000000000000e+00,
1.0277299507790270e+00,-5.2785137612683505e-04,1.0000000000000118e+00,3.0602248980505975e-12,-6.9207064131876661e-02,4.9340585779209887e+00,1.7401571279886856e+01,4.2109185897815135e-02,1.0000000000000000e+00,
1.0545159412695975e+00,2.7635718561376470e-02,1.0000000000000018e+00,1.5419819451715747e-12,3.6737558903291867e+00,8.1066580566002311e-01,2.1978033780238881e-01,7.0853253938155947e-03,1.0000000000000000e+00,
1.0290976849608984e+00,2.9864213607100946e-02,1.0000000000000007e+00,2.2479776216562917e-12,3.8562252860848791e+00,6.2431545606306538e-01,1.7985503812467662e-01,-1.5127663711206780e-03,1.0000000000000000e+00,
1.0049722411307638e+00,1.3581932810926955e-02,1.0000000000000007e+00,2.8614566443576693e-12,5.2370809764232618e-01,5.3038558121269141e-01,5.0865790977003278e-03,2.4567184799203487e-04,1.0000000000000000e+00,
1.0011216936180753e+00,4.4933300526029674e-03,1.0000000000000000e+00,3.3659836598958576e-12,7.7629324929119364e-02,1.3451746888410765e-01,1.5170182029199120e-03,2.5660699470903090e-04,1.0000000000000000e+00,
1.0002135521164550e+00,1.8602775991561707e-03,1.0000000000000000e+00,3.7423302825629972e-12,1.6393672469397557e-02,3.4796316123740623e-02,3.6148237445021714e-04,1.7462084670814173e-04,1.0000000000000000e+00,
1.0000327346069624e+00,8.0866232827492344e-04,1.0000000000000000e+00,3.9762194112117173e-12,3.2907723647092211e-03,1.1355676281744893e-02,1.0740711969704081e-04,8.2243346629203468e-05,1.0000000000000000e+00,
1.0000006282068175e+00,3.1912356344946665e-04,1.0000000000000000e+00,4.0586604537413248e-12,6.3275193242088093e-04,3.7727422650747997e-03,4.7533648116472923e-03,3.0900108822431513e-05,1.0000000000000000e+00,
1.0288377744260058e+00,-1.4656987877425349e-04,1.0000000000000171e+00,3.2164094178180973e-12,5.5095582909229115e+01,4.6736241724853230e+01,1.7913879486985479e+01,2.2337978273639436e-01,1.0000000000000000e+00,
1.6288371163437552e+00,5.8216046103116414e-01,1.0000000000000722e+00,1.6786004607536107e-12,5.0740974825379976e+02,5.9493116856656286e+02,1.9814656736307879e+03,4.6812229655871745e-01,1.0000000000000000e+00,
1.0307313235604532e+00,1.3479326058593380e-01,1.0000000000000480e+00,2.2617820273617041e-12,1.6852670464015883e+01,3.4423163842595301e+01,5.8738612105871502e+00,8.7860896576937214e-02,1.0000000000000000e+00,
9.9714976063437599e-01,1.4083295231324499e-02,1.0000000000000002e+00,2.8710874820385115e-12,4.3637811175339053e-01,9.8571400688696720e-01,2.5783926499590992e-02,6.2241121904630329e-03,1.0000000000000000e+00,
9.9861114203751555e-01,4.2009935172389089e-03,1.0000000000000000e+00,3.3755926669768498e-12,-4.8406544950330109e-03,1.4193460447648309e-01,1.9929868991130917e-03,1.2932078552998108e-03,1.0000000000000000e+00,
9.9934757484204662e-01,1.5266817651487579e-03,1.0000000000000000e+00,3.7524779816376258e-12,-7.9141069260240116e-03,3.4319181698696959e-02,3.6493580924234353e-04,3.9916569489129044e-04,1.0000000000000000e+00,
9.9966970494749319e-01,6.0967570246936030e-04,1.0000000000000000e+00,3.9868207348718252e-12,-4.2450040772302917e-03,1.0349485957334533e-02,1.0142511783781463e-04,1.4580014903288496e-04,1.0000000000000000e+00,
9.9977714733330492e-01,2.3071631596113977e-04,1.0000000000000000e+00,4.0694274852058830e-12,-1.4118259436420775e-03,3.1598261273467071e-03,3.3962664043023921e-03,4.9728945251318335e-05,1.0000000000000000e+00,
1.0288377744260062e+00,1.1627460592144089e-01,1.0000000000000142e+00,3.3629599407207335e-12,5.5095582909228987e+01,-4.4857422872246444e-01,1.7913879486984623e+01,2.2337978273639369e-01,1.0000000000000000e+00,
1.6288371163437618e+00,6.9903829703846543e-01,1.0000000000003502e+00,1.6703121094101250e-12,5.0740974825380664e+02,6.4888470932866528e+02,1.9814656736306608e+03,4.6812229655871751e-01,1.0000000000000000e+00,
1.0307313235604552e+00,-1.0457959703422560e-03,1.0000000000000444e+00,2.2628407036899401e-12,1.6852670464016164e+01,3.1710598573766764e+00,5.8738612105856927e+00,8.7860896576936756e-02,1.0000000000000000e+00,
9.9714976063437677e-01,-2.0041561535963102e-04,1.0000000000000013e+00,2.8766974423228695e-12,4.3637811175177788e-01,-9.9214755458713194e-03,2.5783926500329291e-02,6.2241121904629357e-03,1.0000000000000000e+00,
9.9861114203751578e-01,-6.3127343154768199e-05,1.0000000000000009e+00,3.3837443785199827e-12,-4.8406544973944752e-03,-1.7944581997631310e-03,1.9929868994090355e-03,1.2932078552999669e-03,1.0000000000000000e+00,
9.9934757484204695e-01,-2.3902342137764147e-05,1.0000000000000000e+00,3.7620135916400475e-12,-7.9141069257049924e-03,-4.6522638359807275e-04,3.6493580958807392e-04,3.9916569489119780e-04,1.0000000000000000e+00,
9.9966970494749297e-01,-8.9682286261184908e-06,1.0000000000000000e+00,3.9971233277197215e-12,-4.2450040747601088e-03,-1.3416306914854564e-04,1.0142511785099853e-04,1.4580014903276136e-04,1.0000000000000000e+00,
9.9977714733330469e-01,-1.2509482095685389e-06,1.0000000000000000e+00,4.0799891156216974e-12,-1.4118259439184248e-03,-1.6685784074437340e-06,3.3962664038075241e-03,4.9728945251366887e-05,1.0000000000000000e+00,
1.0277299507790270e+00,3.9681994373224345e-02,1.0000000000000073e+00,3.4787226124645401e-12,-6.9207064133305560e-02,-2.6389975026635459e-01,1.7401571279885157e+01,4.2109185897804914e-02,1.0000000000000000e+00,
1.0545159412695981e+00,3.7630918362862371e-02,1.0000000000000022e+00,1.5504590908457680e-12,3.6737558903294509e+00,8.2045121647890777e+00,2.1978033780364892e-01,7.0853253938087746e-03,1.0000000000000000e+00,
1.0290976849608997e+00,-3.3387406432121083e-03,1.0000000000000011e+00,2.2601481617974902e-12,3.8562252860888950e+00,3.0963583301721487e+00,1.7985503812522896e-01,-1.5127663711180937e-03,1.0000000000000000e+00,
1.0049722411307633e+00,-3.9649079426084715e-03,1.0000000000000009e+00,2.8795019185803057e-12,5.2370809763994941e-01,1.5457580604123627e-01,5.0865790980819670e-03,2.4567184799333396e-04,1.0000000000000000e+00,
1.0011216936180749e+00,-1.6827161445467857e-03,1.0000000000000002e+00,3.3897071908975790e-12,7.7629324930179669e-02,-2.0407792963482895e-02,1.5170182037754776e-03,2.5660699471065194e-04,1.0000000000000000e+00,
1.0002135521164555e+00,-6.7436640364121943e-04,1.0000000000000000e+00,3.7696717860281188e-12,1.6393672467507787e-02,-1.0026970824744737e-02,3.6148237447190118e-04,1.7462084671184783e-04,1.0000000000000000e+00,
1.0000327346069633e+00,-2.5885528324941405e-04,1.0000000000000000e+00,4.0056452387952870e-12,3.2907723623777944e-03,-3.5662979389371684e-03,1.0740711954195653e-04,8.2243346630452631e-05,1.0000000000000000e+00,
1.0000006282068181e+00,-3.6351577520192088e-05,1.0000000000000000e+00,4.0887949850088729e-12,6.3275193322631998e-04,-4.4447237145353393e-05,4.7533648116493080e-03,3.0900108823432517e-05,1.0000000000000000e+00,
1.0111291739083168e+00,1.5220575870112510e-02,1.0000000000000036e+00,3.5632104908292554e-12,-1.8829540748939097e-02,-1.2422899467670004e-01,8.3822712801445576e+00,1.3889098442321720e-02,1.0000000000000000e+00,
1.0149366189165168e+00,1.0516374251163028e-02,1.0000000000000011e+00,1.5440982374909746e-12,-2.4980304015853977e-01,8.2702008443312891e-01,1.0446577572816029e-02,5.4004633453505852e-03,1.0000000000000000e+00,
1.0132159021729779e+00,-9.8000834955077534e-06,1.0000000000000007e+00,2.2571288646348040e-12,2.2689350199663891e-01,7.8685959521956861e-01,1.0959633475295799e-02,6.8820830767289936e-04,1.0000000000000000e+00,
1.0053286369935219e+00,-1.8610834588059730e-03,1.0000000000000007e+00,2.8812673240421632e-12,2.1197083459524982e-01,1.7295991104504338e-01,4.5973939687492249e-03,-3.8992886758792332e-04,1.0000000000000000e+00,
1.0026684536519821e+00,-1.1121058025957717e-03,1.0000000000000007e+00,3.3934207847814753e-12,7.2781114921036158e-02,2.4972755833759699e-02,3.3535034087150972e-04,-1.2456816018214590e-04,1.0000000000000000e+00,
1.0012623027806442e+00,-5.5605904255300075e-04,1.0000000000000002e+00,3.7746310578470423e-12,1.8283849509599243e-02,-1.1189351034848389e-03,1.0558720688249451e-04,-2.7801507161295314e-05,1.0000000000000000e+00,
1.0005931845256453e+00,-2.3478465664599843e-04,1.0000000000000000e+00,4.0112762118446925e-12,7.3287676462141689e-03,-2.0413991649718189e-03,7.5612429603980069e-05,-6.0955080532518159e-06,1.0000000000000000e+00,
1.0003032830494973e+00,-3.3939979877628888e-05,1.0000000000000000e+00,4.0946482373763768e-12,3.9378460767204460e-03,-2.4869657311266620e-05,4.7413263511880341e-03,-7.7327186690513251e-08,1.0000000000000000e+00,
1.0047935123540377e+00,5.1497462051559913e-03,1.0000000000000082e+00,3.6192986765685196e-12,-9.5879154954306434e-03,-3.5350995551031335e-03,2.9377730487463136e+00,6.4615009473566430e-03,1.0000000000000000e+00,
1.0070903402055589e+00,3.7231374719433894e-03,1.0000000000000069e+00,1.5447992469574985e-12,-2.0235359513452617e-01,1.5401651189385029e-01,1.5320145420438802e-03,4.1466271786476314e-03,1.0000000000000000e+00,
1.0070511328414975e+00,1.2789670479807064e-04,1.0000000000000053e+00,2.2575925486030924e-12,-3.7049493159913210e-02,1.6420187692157653e-01,1.2635598529483344e-03,1.4370521022960261e-03,1.0000000000000000e+00,
1.0050702304223704e+00,-5.0550448146325132e-05,1.0000000000000007e+00,2.8824126654080802e-12,1.7404821932404040e-02,1.0549010142820256e-01,2.2955673610328825e-03,1.1087632902419151e-04,1.0000000000000000e+00,
1.0029792259625503e+00,-3.4579392813862284e-05,1.0000000000000004e+00,3.3950236646767653e-12,1.8480325866794572e-02,2.4574242409335791e-02,2.5045046600981769e-04,-1.9139543116817605e-04,1.0000000000000000e+00,
1.0015998727328115e+00,-1.8068635880128626e-05,1.0000000000000002e+00,3.7765758501821321e-12,1.3937182456735461e-02,9.8316132611758647e-04,2.3959229005251874e-04,-9.2092530757041438e-05,1.0000000000000000e+00,
1.0008071077564844e+00,-7.7848000257197103e-06,1.0000000000000000e+00,4.0134106956302104e-12,7.4892628639133246e-03,-5.9080175176132636e-05,1.5962733274933456e-04,-3.5166770628587197e-05,1.0000000000000000e+00,
1.0004279428667011e+00,-1.1324444516579821e-06,1.0000000000000016e+00,4.0968264246700979e-12,4.9467962060072762e-03,-7.0620439491091635e-07,3.1569777591522376e-03,-4.3563656048074918e-07,1.0000000000000000e+00,

