1
1
8
0
(4 0
((0,0) (31,31) (0,0))
((32,0) (63,31) (0,0))
((0,32) (31,63) (0,0))
((32,32) (63,63) (0,0))
)
4
FabOnDisk: Cell_D_00000 0
FabOnDisk: Cell_D_00001 0
FabOnDisk: Cell_D_00002 0
FabOnDisk: Cell_D_00003 0

4,8
-2.1457217714786463e-02,4.8364287544983797e-06,9.9999999999952693e-01,0.0000000000000000e+00,-1.4238039691012484e-03,-1.6914821608083046e-02,4.1876450714711799e-06,-4.8408531488512490e-03,
-2.1653681994259315e-02,-2.1881220585104715e-02,9.9999999999587275e-01,0.0000000000000000e+00,-1.2079642019680367e-03,-4.8421492922165049e-03,4.5435310997432587e-06,1.2552592946670274e-04,
-6.9656576291662831e-02,2.7772455412522999e-04,9.9999999994577027e-01,0.0000000000000000e+00,-1.3584817543844360e-01,-3.6551807830352319e+00,5.7991028035164760e-08,-1.5299753058204218e-01,
-2.5506102359741478e-01,-5.5890723709337220e-01,9.9879418522812102e-01,0.0000000000000000e+00,-6.9370481325660871e-01,-1.3597567574554361e+00,5.1405110440549961e-07,-2.6959168848492115e-02,

4,8
-7.3967966443364425e-06,1.9383926954679113e-02,1.0000000000014782e+00,0.0000000000000000e+00,1.9278308771619693e-02,4.7439187639572076e-04,4.3082007741184969e-01,6.7660577916937967e-04,
-9.2887395468225967e-06,6.8122787161805146e-04,1.0000000000027627e+00,0.0000000000000000e+00,2.1181003981266176e-02,2.2847566694116639e-02,4.9046537674637669e-01,7.4280937496820371e-03,
7.9266275668157993e-01,1.7816638193215575e-01,1.0000000025794635e+00,0.0000000000000000e+00,1.2317598691951329e+01,1.2523150866464301e+00,3.7951817997446604e+01,-2.7147773333740903e-04,
8.0649202495822703e-01,2.5859694387901179e-02,1.0007691277077830e+00,0.0000000000000000e+00,2.9193323549915778e+01,2.1572976929280117e+01,3.4730275736384783e+01,6.1550481604064300e-01,

