1
1
4
4
(145 0
((0,168) (15,183) (0,0))
((16,168) (31,183) (0,0))
((32,168) (39,183) (0,0))
((0,184) (15,199) (0,0))
((16,184) (31,199) (0,0))
((32,184) (39,199) (0,0))
((192,168) (207,183) (0,0))
((208,168) (215,183) (0,0))
((40,184) (47,199) (0,0))
((144,184) (151,191) (0,0))
((176,184) (191,199) (0,0))
((192,184) (207,199) (0,0))
((176,200) (191,207) (0,0))
((192,200) (207,207) (0,0))
((72,192) (79,207) (0,0))
((120,184) (135,199) (0,0))
((48,200) (63,215) (0,0))
((96,192) (111,207) (0,0))
((96,208) (111,215) (0,0))
((112,200) (119,207) (0,0))
((152,200) (167,207) (0,0))
((88,208) (95,215) (0,0))
((112,208) (127,215) (0,0))
((24,200) (39,215) (0,0))
((24,216) (39,231) (0,0))
((40,216) (47,231) (0,0))
((56,216) (71,231) (0,0))
((72,216) (87,231) (0,0))
((88,216) (103,231) (0,0))
((104,216) (111,231) (0,0))
((56,232) (71,247) (0,0))
((72,232) (87,247) (0,0))
((88,232) (103,247) (0,0))
((104,232) (111,247) (0,0))
((56,248) (71,255) (0,0))
((72,248) (87,255) (0,0))
((88,248) (103,255) (0,0))
((104,248) (111,255) (0,0))
((112,216) (119,231) (0,0))
((120,216) (127,223) (0,0))
((144,208) (159,223) (0,0))
((160,208) (175,223) (0,0))
((176,208) (191,223) (0,0))
((192,208) (207,223) (0,0))
((208,208) (215,223) (0,0))
((144,224) (159,231) (0,0))
((160,224) (175,231) (0,0))
((176,224) (191,231) (0,0))
((192,224) (207,231) (0,0))
((208,224) (215,231) (0,0))
((128,224) (143,231) (0,0))
((16,232) (31,247) (0,0))
((32,232) (39,247) (0,0))
((16,248) (31,255) (0,0))
((32,248) (39,255) (0,0))
((112,232) (127,247) (0,0))
((128,232) (135,247) (0,0))
((136,232) (143,239) (0,0))
((152,232) (159,239) (0,0))
((160,232) (175,247) (0,0))
((176,232) (191,247) (0,0))
((192,232) (207,247) (0,0))
((208,232) (223,247) (0,0))
((224,232) (231,247) (0,0))
((160,248) (175,255) (0,0))
((176,248) (191,255) (0,0))
((192,248) (207,255) (0,0))
((208,248) (223,255) (0,0))
((224,248) (231,255) (0,0))
((40,248) (55,255) (0,0))
((40,256) (55,271) (0,0))
((56,256) (71,271) (0,0))
((72,256) (87,271) (0,0))
((88,256) (103,271) (0,0))
((104,256) (111,271) (0,0))
((40,272) (55,279) (0,0))
((56,272) (71,279) (0,0))
((72,272) (87,279) (0,0))
((88,272) (103,279) (0,0))
((104,272) (111,279) (0,0))
((120,256) (127,263) (0,0))
((144,240) (159,255) (0,0))
((144,256) (159,271) (0,0))
((160,256) (175,271) (0,0))
((176,256) (191,271) (0,0))
((192,256) (207,271) (0,0))
((208,256) (215,271) (0,0))
((160,272) (175,287) (0,0))
((176,272) (191,287) (0,0))
((192,272) (207,287) (0,0))
((208,272) (215,287) (0,0))
((160,288) (175,303) (0,0))
((176,288) (191,303) (0,0))
((192,288) (207,303) (0,0))
((208,288) (215,303) (0,0))
((160,304) (175,311) (0,0))
((176,304) (191,311) (0,0))
((192,304) (207,311) (0,0))
((208,304) (215,311) (0,0))
((8,264) (23,279) (0,0))
((24,264) (39,279) (0,0))
((8,280) (23,295) (0,0))
((24,280) (39,295) (0,0))
((8,296) (23,311) (0,0))
((24,296) (39,311) (0,0))
((128,264) (135,271) (0,0))
((112,272) (127,287) (0,0))
((128,272) (143,287) (0,0))
((64,280) (79,295) (0,0))
((80,280) (95,295) (0,0))
((64,296) (79,311) (0,0))
((80,296) (95,311) (0,0))
((104,280) (111,295) (0,0))
((104,296) (111,311) (0,0))
((128,288) (143,303) (0,0))
((144,288) (151,303) (0,0))
((128,304) (143,311) (0,0))
((144,304) (151,311) (0,0))
((40,296) (55,311) (0,0))
((56,296) (63,311) (0,0))
((112,304) (127,311) (0,0))
((24,312) (39,327) (0,0))
((40,312) (47,327) (0,0))
((56,312) (71,327) (0,0))
((72,312) (87,327) (0,0))
((56,328) (71,335) (0,0))
((72,328) (87,335) (0,0))
((104,312) (119,319) (0,0))
((120,312) (127,319) (0,0))
((136,312) (151,327) (0,0))
((152,312) (159,327) (0,0))
((136,328) (151,335) (0,0))
((152,328) (159,335) (0,0))
((184,320) (199,335) (0,0))
((200,320) (215,335) (0,0))
((216,320) (223,335) (0,0))
((184,336) (199,343) (0,0))
((200,336) (215,343) (0,0))
((216,336) (223,343) (0,0))
((0,328) (15,343) (0,0))
((16,328) (31,343) (0,0))
((32,328) (39,343) (0,0))
((0,344) (15,359) (0,0))
((16,344) (31,359) (0,0))
((32,344) (39,359) (0,0))
)
145
FabOnDisk: SD_0_New_MF_D_00000 0
FabOnDisk: SD_0_New_MF_D_00000 18518
FabOnDisk: SD_0_New_MF_D_00000 37036
FabOnDisk: SD_0_New_MF_D_00000 49410
FabOnDisk: SD_0_New_MF_D_00000 67928
FabOnDisk: SD_0_New_MF_D_00000 86446
FabOnDisk: SD_0_New_MF_D_00000 98820
FabOnDisk: SD_0_New_MF_D_00000 117340
FabOnDisk: SD_0_New_MF_D_00000 129716
FabOnDisk: SD_0_New_MF_D_00000 142090
FabOnDisk: SD_0_New_MF_D_00000 150370
FabOnDisk: SD_0_New_MF_D_00000 168890
FabOnDisk: SD_0_New_MF_D_00000 187410
FabOnDisk: SD_0_New_MF_D_00000 199786
FabOnDisk: SD_0_New_MF_D_00000 212162
FabOnDisk: SD_0_New_MF_D_00000 224536
FabOnDisk: SD_0_New_MF_D_00000 243056
FabOnDisk: SD_0_New_MF_D_00000 261574
FabOnDisk: SD_0_New_MF_D_00000 280093
FabOnDisk: SD_0_New_MF_D_00000 292468
FabOnDisk: SD_0_New_MF_D_00000 300748
FabOnDisk: SD_0_New_MF_D_00000 313124
FabOnDisk: SD_0_New_MF_D_00000 321402
FabOnDisk: SD_0_New_MF_D_00000 333778
FabOnDisk: SD_0_New_MF_D_00000 352296
FabOnDisk: SD_0_New_MF_D_00000 370814
FabOnDisk: SD_0_New_MF_D_00000 383188
FabOnDisk: SD_0_New_MF_D_00000 401706
FabOnDisk: SD_0_New_MF_D_00000 420224
FabOnDisk: SD_0_New_MF_D_00000 438743
FabOnDisk: SD_0_New_MF_D_00000 451119
FabOnDisk: SD_0_New_MF_D_00000 469637
FabOnDisk: SD_0_New_MF_D_00000 488155
FabOnDisk: SD_0_New_MF_D_00000 506674
FabOnDisk: SD_0_New_MF_D_00000 519050
FabOnDisk: SD_0_New_MF_D_00000 531424
FabOnDisk: SD_0_New_MF_D_00000 543798
FabOnDisk: SD_0_New_MF_D_00000 556173
FabOnDisk: SD_0_New_MF_D_00000 564453
FabOnDisk: SD_0_New_MF_D_00000 576829
FabOnDisk: SD_0_New_MF_D_00000 585109
FabOnDisk: SD_0_New_MF_D_00000 603629
FabOnDisk: SD_0_New_MF_D_00000 622149
FabOnDisk: SD_0_New_MF_D_00000 640669
FabOnDisk: SD_0_New_MF_D_00000 659189
FabOnDisk: SD_0_New_MF_D_00000 671565
FabOnDisk: SD_0_New_MF_D_00000 683941
FabOnDisk: SD_0_New_MF_D_00000 696317
FabOnDisk: SD_0_New_MF_D_00000 708693
FabOnDisk: SD_0_New_MF_D_00000 721069
FabOnDisk: SD_0_New_MF_D_00000 729349
FabOnDisk: SD_0_New_MF_D_00000 741725
FabOnDisk: SD_0_New_MF_D_00000 760243
FabOnDisk: SD_0_New_MF_D_00000 772617
FabOnDisk: SD_0_New_MF_D_00000 784991
FabOnDisk: SD_0_New_MF_D_00000 793269
FabOnDisk: SD_0_New_MF_D_00000 811789
FabOnDisk: SD_0_New_MF_D_00000 824165
FabOnDisk: SD_0_New_MF_D_00000 832445
FabOnDisk: SD_0_New_MF_D_00000 840725
FabOnDisk: SD_0_New_MF_D_00000 859245
FabOnDisk: SD_0_New_MF_D_00000 877765
FabOnDisk: SD_0_New_MF_D_00000 896285
FabOnDisk: SD_0_New_MF_D_00000 914805
FabOnDisk: SD_0_New_MF_D_00000 927181
FabOnDisk: SD_0_New_MF_D_00000 939557
FabOnDisk: SD_0_New_MF_D_00000 951933
FabOnDisk: SD_0_New_MF_D_00000 964309
FabOnDisk: SD_0_New_MF_D_00000 976685
FabOnDisk: SD_0_New_MF_D_00000 984965
FabOnDisk: SD_0_New_MF_D_00000 997339
FabOnDisk: SD_0_New_MF_D_00000 1015857
FabOnDisk: SD_0_New_MF_D_00000 1034375
FabOnDisk: SD_0_New_MF_D_00000 1052893
FabOnDisk: SD_0_New_MF_D_00000 1071412
FabOnDisk: SD_0_New_MF_D_00000 1083788
FabOnDisk: SD_0_New_MF_D_00000 1096162
FabOnDisk: SD_0_New_MF_D_00000 1108536
FabOnDisk: SD_0_New_MF_D_00000 1120910
FabOnDisk: SD_0_New_MF_D_00000 1133285
FabOnDisk: SD_0_New_MF_D_00000 1141565
FabOnDisk: SD_0_New_MF_D_00000 1149845
FabOnDisk: SD_0_New_MF_D_00000 1168365
FabOnDisk: SD_0_New_MF_D_00000 1186885
FabOnDisk: SD_0_New_MF_D_00000 1205405
FabOnDisk: SD_0_New_MF_D_00000 1223925
FabOnDisk: SD_0_New_MF_D_00000 1242445
FabOnDisk: SD_0_New_MF_D_00000 1254821
FabOnDisk: SD_0_New_MF_D_00000 1273341
FabOnDisk: SD_0_New_MF_D_00000 1291861
FabOnDisk: SD_0_New_MF_D_00000 1310381
FabOnDisk: SD_0_New_MF_D_00000 1322757
FabOnDisk: SD_0_New_MF_D_00000 1341277
FabOnDisk: SD_0_New_MF_D_00000 1359797
FabOnDisk: SD_0_New_MF_D_00000 1378317
FabOnDisk: SD_0_New_MF_D_00000 1390693
FabOnDisk: SD_0_New_MF_D_00000 1403069
FabOnDisk: SD_0_New_MF_D_00000 1415445
FabOnDisk: SD_0_New_MF_D_00000 1427821
FabOnDisk: SD_0_New_MF_D_00000 1436101
FabOnDisk: SD_0_New_MF_D_00000 1454618
FabOnDisk: SD_0_New_MF_D_00000 1473136
FabOnDisk: SD_0_New_MF_D_00000 1491653
FabOnDisk: SD_0_New_MF_D_00000 1510171
FabOnDisk: SD_0_New_MF_D_00000 1528688
FabOnDisk: SD_0_New_MF_D_00000 1547206
FabOnDisk: SD_0_New_MF_D_00000 1555486
FabOnDisk: SD_0_New_MF_D_00000 1574006
FabOnDisk: SD_0_New_MF_D_00000 1592526
FabOnDisk: SD_0_New_MF_D_00000 1611044
FabOnDisk: SD_0_New_MF_D_00000 1629562
FabOnDisk: SD_0_New_MF_D_00000 1648080
FabOnDisk: SD_0_New_MF_D_00000 1666598
FabOnDisk: SD_0_New_MF_D_00000 1678974
FabOnDisk: SD_0_New_MF_D_00000 1691350
FabOnDisk: SD_0_New_MF_D_00000 1709870
FabOnDisk: SD_0_New_MF_D_00000 1722246
FabOnDisk: SD_0_New_MF_D_00000 1734622
FabOnDisk: SD_0_New_MF_D_00000 1742902
FabOnDisk: SD_0_New_MF_D_00000 1761420
FabOnDisk: SD_0_New_MF_D_00000 1773794
FabOnDisk: SD_0_New_MF_D_00000 1786170
FabOnDisk: SD_0_New_MF_D_00000 1804688
FabOnDisk: SD_0_New_MF_D_00000 1817062
FabOnDisk: SD_0_New_MF_D_00000 1835580
FabOnDisk: SD_0_New_MF_D_00000 1854098
FabOnDisk: SD_0_New_MF_D_00000 1866472
FabOnDisk: SD_0_New_MF_D_00000 1878846
FabOnDisk: SD_0_New_MF_D_00000 1891222
FabOnDisk: SD_0_New_MF_D_00000 1899502
FabOnDisk: SD_0_New_MF_D_00000 1918022
FabOnDisk: SD_0_New_MF_D_00000 1930398
FabOnDisk: SD_0_New_MF_D_00000 1942774
FabOnDisk: SD_0_New_MF_D_00000 1951054
FabOnDisk: SD_0_New_MF_D_00000 1969574
FabOnDisk: SD_0_New_MF_D_00000 1988094
FabOnDisk: SD_0_New_MF_D_00000 2000470
FabOnDisk: SD_0_New_MF_D_00000 2012846
FabOnDisk: SD_0_New_MF_D_00000 2025222
FabOnDisk: SD_0_New_MF_D_00000 2033502
FabOnDisk: SD_0_New_MF_D_00000 2052020
FabOnDisk: SD_0_New_MF_D_00000 2070538
FabOnDisk: SD_0_New_MF_D_00000 2082912
FabOnDisk: SD_0_New_MF_D_00000 2101430
FabOnDisk: SD_0_New_MF_D_00000 2119948

145,4
6.1997905046074575e-01,-1.0543393270096908e+00,9.9999994462386654e-01,5.2846919451161353e-15,
-3.7672212154851864e-01,-3.7491812671125246e-01,9.9993455450917412e-01,1.7453329263671382e-13,
2.5599305110444859e-01,-1.1730548927952288e-01,9.9999984284463905e-01,3.4412814165050964e-13,
3.0110543046180943e-01,-3.8472566237427563e-01,9.9999999948811835e-01,5.2415891401500644e-15,
-2.8194746636441098e-01,-6.2448156829483910e-02,9.9939590624254959e-01,1.7321314056637867e-13,
-2.9711433034677259e-01,-6.8260633895300585e-02,9.9999937992697030e-01,3.4150115719310103e-13,
-2.6741896919142077e-01,-5.7098870957613690e-01,9.9985124606048681e-01,1.9720842135756182e-12,
5.9552020384466040e-02,-6.2397022321301865e-01,9.9996382259482297e-01,2.1137292884878420e-12,
2.1717068999732256e-01,1.4910055209599857e-02,9.9998276750107751e-01,4.2582667452826553e-13,
3.0651397059077812e-01,-2.4832328486605065e-01,9.9994786640532407e-01,1.5215824364667416e-12,
-1.5029335754272560e-01,-2.9123420596389826e-01,9.9991640043741403e-01,1.8278124085288107e-12,
-7.6971166681645009e-01,-6.7622573709292233e-01,9.9986199020207756e-01,1.9738782774294540e-12,
2.1731454896274585e-01,-3.6234777514498479e-01,9.9994958916537502e-01,1.8306183618154030e-12,
4.0166677345729329e-01,-6.8459875624514455e-01,9.9999877619242161e-01,1.9759603831906930e-12,
-1.1657375474206669e-01,-1.7787570335714081e-01,9.9998198736846222e-01,7.6343364136001206e-13,
6.8242711300128961e-03,-4.8924454090827857e-01,9.9999998379946453e-01,1.2792709113820381e-12,
-1.2838270263101839e-01,-5.9321071450553486e-03,9.9997387310934061e-01,5.0459871237979542e-13,
-2.9123373066075281e-01,-6.8688956002853785e-01,9.9994891763889882e-01,1.0272231756855202e-12,
2.4407156737336905e-01,-5.9468238843796262e-01,9.9998766131625316e-01,1.0275284198789841e-12,
4.0148203069009986e-01,-3.7761024853100950e-01,9.9992392302039923e-01,1.1996295440253776e-12,
-2.9812159870697474e-01,-1.1372340164106873e-01,9.9992584198246515e-01,1.6040705192992996e-12,
4.2949060853346083e-01,-5.5754594076533392e-01,9.9996567066228603e-01,9.3647633662288075e-13,
3.4690463601761901e-01,-5.2610372109757086e-01,9.9986491037482572e-01,1.2026800176423463e-12,
-8.3653379635443681e-01,-1.4274056916502217e-01,9.9974040289953592e-01,2.5477288899104989e-13,
-9.2872689606926151e-01,-5.5874189666923435e-01,9.9996929648938049e-01,2.5205849577646702e-13,
2.6869716956666262e-01,-4.6400823225118293e-01,9.9990190349048103e-01,4.1565450274846952e-13,
2.5897113911127534e-01,-3.0474378712963074e-01,9.9995621869920692e-01,5.7772097458617366e-13,
3.8622516670378781e-01,-5.5350675320943310e-01,9.9998413279428788e-01,7.4093329708668083e-13,
1.4410299125613610e-01,-5.3320479783481345e-01,9.9985369977247707e-01,9.2344563707123102e-13,
5.0631667990140261e-01,-6.2922968363422038e-01,9.9999642901099417e-01,1.1188172764769333e-12,
-6.8853196660230681e-02,-7.9717470839553239e-01,9.9993183959478171e-01,5.6709945592429225e-13,
-4.2119458383328406e-01,-8.3885931002165814e-01,9.9996315805953773e-01,7.0917146862464209e-13,
-4.3045365951148501e-01,-3.0995168797674416e-01,9.9998003659200319e-01,8.6091405159998917e-13,
-5.1611872323467778e-01,-4.8535468755164446e-01,9.9999149958051725e-01,1.1345117891333477e-12,
-6.1448319053664069e-01,-5.6685652216937388e-01,9.9984881916220547e-01,5.6520628803258491e-13,
-1.5943201876851915e-01,-7.2295301630532394e-01,9.9986887432788718e-01,7.0024462534050468e-13,
1.0000000000000000e+40,1.0000000000000000e+40,1.0000000000000000e+40,1.0000000000000000e+40,
-3.2905597094086642e-01,-4.5294900760646306e-01,9.9999906566866148e-01,1.2467270300116088e-12,
-1.4301657117375535e-02,-5.3220085231576564e-01,9.9972277128664688e-01,1.2073623352810260e-12,
7.2852478079724364e-02,-6.0230373622266020e-01,9.9991250612726901e-01,1.2925781415855019e-12,
-1.5986392196888985e-01,3.0698335026776179e-02,9.9996471581729607e-01,1.5291945898585107e-12,
5.4571027604221528e-02,-7.0797000398964360e-01,9.9958389225481425e-01,1.6829676108194155e-12,
-4.2060115869571107e-01,-7.3467288539456099e-01,9.9996440490746097e-01,1.8321748758288364e-12,
-4.8535018953214359e-01,-8.7668933133604365e-01,9.9999335337472628e-01,1.9770816985928225e-12,
-8.5269624324364607e-02,-7.4134627568079969e-01,9.9999612160979889e-01,2.1175525795417380e-12,
3.7471124298018360e-01,-1.3568594787115909e-01,9.9980859732247285e-01,1.5369021599440718e-12,
6.9931310120607793e-01,-5.2691833151928413e-01,9.9995978160579690e-01,1.6878225470796106e-12,
2.0926523345753650e-02,-6.5007264009411392e-01,9.9999853258994564e-01,1.8353621485324729e-12,
1.0085319749759740e+00,-8.6264821059820951e-01,9.9999999929068173e-01,1.9793357605649308e-12,
3.0369396877039073e-01,-4.6597797465506119e-01,9.9999975209493974e-01,2.1193385214398450e-12,
6.1138909884232162e-01,-3.4045773111060479e-01,9.9994636328279807e-01,1.3813295961867938e-12,
2.4222161078913673e-02,-2.2548353315548689e-01,9.9999064978449648e-01,1.6869438252523398e-13,
-8.6398162765973840e-01,-5.4840074240574554e-01,9.9994674868790079e-01,3.3119276671153299e-13,
-3.8146616289673563e-01,-3.6098808683601702e-01,9.9999931599554182e-01,1.6854538833018774e-13,
2.8266893297059986e-01,-8.2986654109689140e-02,9.9998466375622697e-01,3.3080750473442776e-13,
-3.0873336010518213e-02,-4.6648332007977178e-01,9.9993924650526700e-01,1.2279900664720748e-12,
-1.7820190956758775e-01,-3.9434408258701115e-01,9.9998025963429871e-01,1.3896087376171564e-12,
8.2061310359634584e-02,-2.0307303056619083e-01,9.9999518861357894e-01,1.4658769471957453e-12,
1.6202764810516951e-01,-5.4801208583179617e-01,9.9995405914700797e-01,1.6159840609236749e-12,
8.8337561404198106e-01,-6.3611259797870723e-01,9.9995149142451889e-01,1.6902274244456279e-12,
3.3898289773228268e-01,-7.4219120166509311e-01,9.9997704438507773e-01,1.8368602421330431e-12,
-9.0508599278674939e-01,-6.5407364372065768e-01,9.9991268256454280e-01,1.9804066918353482e-12,
7.6289102915325591e-01,-5.7134073246049255e-01,9.9963343526438408e-01,2.1202214194794152e-12,
8.2763593662774393e-01,-5.5330028266396902e-01,9.9999999999407285e-01,2.2557118337989772e-12,
9.2496566682463932e-01,-4.5626601587105614e-01,9.9996430953619819e-01,1.6938823630537635e-12,
6.9663193454683781e-01,-7.0618327119721802e-01,9.9993993753372490e-01,1.8392175284339778e-12,
2.9888000026342237e-01,-5.7273281958903155e-01,9.9991450979807428e-01,1.9822300045699682e-12,
-2.8500965935417101e-02,-7.1319434091796541e-01,9.9999999344011903e-01,2.1218048429779960e-12,
3.2313201530092828e-01,-1.5481674159644847e-03,1.0000000000000058e+00,2.2571611231334091e-12,
-6.2522648225203969e-01,-3.9798315641659010e-01,9.9985122247449021e-01,4.1074138440219676e-13,
-3.4552786285265230e-01,-5.8309922377120127e-01,9.9977990881038137e-01,4.1075807158086000e-13,
-3.0295250868870760e-01,-2.6585988388264231e-01,9.9997984344849822e-01,5.6522863315599359e-13,
-1.4984113348848541e-01,-1.8114507513708533e-01,9.9994864583546439e-01,7.0028057742082994e-13,
-5.2414951157562317e-01,-3.3678719818658409e-01,9.9999915307829057e-01,8.6216582305395569e-13,
-5.5510979364896385e-01,-1.0788239105369215e+00,9.9999918129260768e-01,1.1613595212158577e-12,
-1.8042387071816973e-02,-6.9870786404520868e-01,9.9992203954602576e-01,4.1361654275963179e-13,
6.5862495266060667e-02,-4.0183904187560621e-01,9.9995761190341659e-01,5.7255845282390136e-13,
4.0228589026485317e-01,-5.1765170648685732e-01,9.9997619796344772e-01,7.2701075067880739e-13,
9.5042347705567554e-01,-5.3500792306658740e-01,9.9998410158399686e-01,9.0370100353403622e-13,
6.0758712248858660e-01,-2.4445322553726007e-01,9.9999263492767443e-01,1.1365337152283625e-12,
-1.4643241766351223e-01,-3.7764795049792699e-01,9.9999554102787114e-01,1.3422782087566103e-12,
2.4960050578336940e-01,-5.9322084506842532e-01,9.9996241559549814e-01,1.5452307647815545e-12,
-1.9519818084935159e-01,-1.0687942752826145e+00,9.9996083434853522e-01,1.5466843943056195e-12,
1.4544478235087135e-01,-7.7158305361704405e-01,9.9997407513725967e-01,1.6940025153685544e-12,
9.9842624705361871e-03,-4.0188210992396711e-01,9.9993824707935908e-01,1.8398834411157466e-12,
-8.5298183312033427e-01,-6.0158338022434155e-01,9.9995317151757879e-01,1.9828576204774233e-12,
1.4914719744287774e-01,-1.9459708288408126e-01,9.9999999800730388e-01,2.1224256917811001e-12,
-2.3604974045514013e-01,-9.9144182760671218e-01,9.9997788845649305e-01,1.6911696125130294e-12,
1.2370159661763284e-01,-7.2877260954027567e-01,9.9999288256573038e-01,1.8390649069310522e-12,
-5.4849301814438645e-01,-5.5387738335201675e-01,9.9999995263766583e-01,1.9834006237171856e-12,
5.6252876125282436e-01,-8.6264052098139116e-02,9.9999999999955225e-01,2.1232328940991618e-12,
1.6865400044309511e-01,-1.5020430203164943e+00,9.9995534842946177e-01,1.6880229299348999e-12,
5.0619092559015111e-01,-3.9034246519236709e-01,9.9998756313597259e-01,1.8376998388402217e-12,
-1.1343671920583007e+00,-8.9760219480188885e-01,9.9999858502066075e-01,1.9830628406992675e-12,
2.5901442891490750e-01,3.2347437360767367e-02,1.0000000000001488e+00,2.1236699753277881e-12,
1.6716421366317374e-02,-9.8532523460073740e-01,9.9988538287570505e-01,1.6866441222585818e-12,
1.6257501832863780e-01,-4.5196014607300006e-01,9.9997560007027342e-01,1.8370413724682231e-12,
1.8835636112579895e-01,-8.1263709173560728e-01,9.9999999999810962e-01,1.9828779837109564e-12,
6.8741620798521141e-01,-1.7222305600832797e-02,1.0000000000000497e+00,2.1239786575697685e-12,
2.9868044253476189e-01,-7.8669110215268068e-01,9.9997159696764382e-01,8.6972375643705768e-14,
-4.3179645541889050e-01,-6.1397826885486340e-01,9.9989026081162502e-01,2.5032070519175755e-13,
-9.1122918975029621e-01,-1.0397153080871029e+00,9.9999215260810259e-01,8.7602663955393513e-14,
-7.7840134153550622e-03,-4.3330403612129587e-01,9.9998030714791153e-01,2.5241330226461334e-13,
-1.0246228428049184e+00,-9.4713565869703364e-01,9.9985929705493903e-01,8.8545132076973341e-14,
-7.7274641263724719e-01,-1.0125649619791275e+00,9.9993371146502463e-01,2.5541435118159000e-13,
6.1083022333072845e-01,-8.0220407194070897e-01,9.9998709107033190e-01,1.4002468589029583e-12,
1.1272980620200845e-01,-7.2293469138439892e-01,9.9983685319424587e-01,1.2175199317661878e-12,
1.2212522842252149e-01,-1.1827243986661509e+00,9.9994845639017294e-01,1.3840747430604126e-12,
-5.1244482479761967e-02,-1.0181708526320916e+00,9.9987080669458228e-01,6.5988948791435603e-13,
2.2721492690823963e-01,-5.7036937812440691e-01,9.9997105105897177e-01,8.2927923204217108e-13,
3.7405437130637381e-01,-7.8604786630633960e-01,9.9994566524156470e-01,6.7475860169748614e-13,
-7.1181660022003351e-02,-9.6050687241769783e-01,9.9981618980012310e-01,8.4893464465471592e-13,
2.2275455993781532e-01,-3.3817009247109536e-01,9.9993482176535919e-01,1.1217910336281253e-12,
5.2483933764917001e-01,-6.1316569589770242e-01,9.9997108457788830e-01,1.1181617233002411e-12,
2.3562597473014618e-01,-6.4022456637142899e-01,9.9996161988336574e-01,1.3739770504005780e-12,
-1.4350748130300175e-01,-7.5026616817647129e-01,9.9997483587096470e-01,1.5338125368255307e-12,
3.9945014697805842e-01,-7.7045614294886877e-01,9.9999901805464819e-01,1.3709695106168200e-12,
4.1850122738010670e-03,-6.0167098603173819e-01,9.9996057019720141e-01,1.5315383837488511e-12,
-6.3395445364000558e-01,-8.5235974340683196e-01,9.9995573275620075e-01,4.2239198055009556e-13,
1.6028944612163121e-01,-6.1454648362743092e-01,9.9996207338826426e-01,5.9000217543946661e-13,
5.3716744893739954e-01,-7.7185247927872969e-01,9.9996380454385225e-01,1.2039997755434165e-12,
-9.1596950514370579e-01,-1.0581567788401491e+00,9.9980541281654423e-01,2.5831658759008004e-13,
5.1385209440354118e-01,-1.0979003581265059e+00,9.9990342408500466e-01,4.2750272019389415e-13,
2.5409562648215167e-01,-8.8424378727706143e-01,9.9990775768827633e-01,5.9758677040596998e-13,
1.6081676279735424e-01,-7.0523881457789517e-01,9.9996991982302885e-01,7.6959111774798398e-13,
-1.6832725995720613e-01,-9.3226590757133265e-01,9.9998677887269616e-01,6.0237220214596273e-13,
4.8134790440961278e-01,-2.4668566243610540e-01,9.9999999980159848e-01,7.7419242042958199e-13,
-2.7926567079423623e-02,-6.6187262520293288e-01,9.9999619612553370e-01,1.1175158890993706e-12,
7.5272057746180676e-01,-3.3356516604142833e-01,9.9999994760907374e-01,1.2863916279883994e-12,
-6.2162762823522710e-01,-8.8121597293277421e-01,9.9991189023982652e-01,1.4485797261413666e-12,
4.5798018659141446e-02,-9.0167254372686134e-01,9.9996043772260956e-01,1.6071268945376840e-12,
2.3666233683302826e-01,-4.8736466631161263e-01,9.9999999985367327e-01,1.4475971927086705e-12,
4.3601980022187314e-01,-5.2924896002377053e-01,9.9999999999360167e-01,1.6062761538342312e-12,
-9.8262386635209087e-02,-8.8602958041499102e-01,9.9996631196233510e-01,1.9096441882782254e-12,
-3.9414045557280375e-01,-7.7780719712094182e-01,9.9999990281741968e-01,2.0540861450825021e-12,
5.5132258090888375e-01,-5.1619057454250805e-01,9.9999994521171076e-01,2.1932271779388398e-12,
5.2529350668716046e-01,-6.6129242129606858e-01,9.9999999999604672e-01,1.9094933079554972e-12,
1.0726945647272178e-01,-6.6087777057048636e-01,9.9999999999844691e-01,2.0542070139985563e-12,
4.8180121993848263e-01,-2.1248221017340133e-01,9.9999999999939182e-01,2.1938394608224656e-12,
5.5112096899914098e-01,-8.8827919199389194e-01,9.9999999954921737e-01,5.3101376809442109e-15,
-4.2565084596871627e-01,-1.2487340700122336e+00,9.9997412960403598e-01,1.7540043119360779e-13,
-1.0268545863142123e-01,-1.2561590179192568e+00,9.9999508467846143e-01,3.4585055525669175e-13,
5.4144882455379706e-01,-7.6289534904604017e-01,9.9999999998104894e-01,5.3450841343132695e-15,
-2.5520441993036891e-01,-7.4851099349269223e-01,9.9999538215511286e-01,1.7653436750614349e-13,
4.5393946189984175e-01,-3.7879152101137897e-01,9.9999999992430777e-01,3.4796175721886676e-13,

145,4
1.1701267380853420e+00,7.1362784416121128e-01,1.0000191395856755e+00,1.6483931034172876e-13,
9.9848614639955935e-01,9.6344351734594880e-01,1.0000002143455859e+00,3.3525006338490836e-13,
9.3352408222925198e-01,8.3268343526541633e-01,1.0000060508775535e+00,4.2055949538208580e-13,
1.1115910009213674e+00,1.1797108002885257e+00,1.0000002203661835e+00,1.6387746647255135e-13,
1.2263761939382964e+00,8.8679785532779454e-01,1.0007807080664766e+00,3.3337915523912981e-13,
1.0623690487040789e+00,8.1686807215939705e-01,1.0000089942625434e+00,4.1829167118940615e-13,
7.7433518391759937e-01,7.2666195153261093e-01,1.0001790571266105e+00,2.1063569380500531e-12,
1.2498124304438245e+00,6.2822631981429056e-01,1.0000011951245775e+00,2.1752882091071635e-12,
1.4015916583758874e+00,1.4827628162672157e+00,1.0000078757981683e+00,5.0337037105006063e-13,
1.3272906793942296e+00,9.3676308604067327e-01,1.0000389323329386e+00,1.5918369660382995e-12,
1.0007402923637878e+00,8.4924003677719395e-01,1.0000108409694266e+00,1.9668695683087262e-12,
1.1249933368661751e+00,6.0924095991573279e-01,1.0000516783831375e+00,2.1079455094079920e-12,
7.7239721409894468e-01,6.8065806248650318e-01,1.0000154707124307e+00,1.9680075531183861e-12,
1.2861653986325150e+00,4.2171214016380310e-01,1.0000025197463431e+00,2.1087946424565121e-12,
1.2954869281446968e+00,9.7967778790042881e-01,1.0000282960042692e+00,8.4403268150320201e-13,
1.2342380548483105e+00,5.4621921734109857e-01,1.0000112309458271e+00,1.4364661624741107e-12,
1.0918028390970373e+00,1.4419417750671482e+00,1.0000357101156652e+00,6.6961427648620087e-13,
1.2037637183678129e+00,5.7972334905976808e-01,1.0000464959633699e+00,1.1915071074932739e-12,
1.0172929930527006e+00,2.7089657463427969e-02,1.0000226539893977e+00,1.1957860296377618e-12,
1.6172080481915043e+00,5.9253791519719223e-01,1.0000251287754516e+00,1.2763398596579230e-12,
6.7517841865719075e-01,7.2356498903010713e-01,1.0000958616825453e+00,1.7485321450113235e-12,
1.0880208226063786e+00,4.8553248123611609e-01,1.0000641890644748e+00,1.0164285563467655e-12,
1.4132368805987165e+00,8.0483320510387313e-01,1.0000401261611116e+00,1.3639174260366565e-12,
6.8768735145302518e-01,5.8272228105014912e-01,1.0001243260621311e+00,4.1503627020846864e-13,
1.0500956953964140e+00,4.8753366704619305e-01,1.0000012325047709e+00,4.1048623516480208e-13,
1.0941038531524145e+00,7.6831129882502869e-01,1.0000383853852755e+00,4.9373756385710408e-13,
1.3922349091496540e+00,1.1646459316211977e+00,1.0000317094029956e+00,7.4710707527920967e-13,
1.3282344159256303e+00,1.1688986566125579e+00,1.0000388692192972e+00,9.2467772594403861e-13,
1.4495360006371099e+00,3.0223670249374701e-01,1.0000552067091590e+00,1.1201659629763352e-12,
1.1622936819276064e+00,7.9674041427104353e-02,1.0000069555544633e+00,1.2148802059820449e-12,
9.0379442270085719e-01,5.8341686015584082e-01,1.0000405028532455e+00,7.2892584586358039e-13,
1.0000000000000000e+40,1.0000000000000000e+40,1.0000000000000000e+40,1.0000000000000000e+40,
1.0000000000000000e+40,1.0000000000000000e+40,1.0000000000000000e+40,1.0000000000000000e+40,
1.0000000000000000e+40,1.0000000000000000e+40,1.0000000000000000e+40,1.0000000000000000e+40,
6.5723043628622724e-01,3.8691154630048552e-01,1.0001130558221063e+00,6.9936972597921041e-13,
1.0000000000000000e+40,1.0000000000000000e+40,1.0000000000000000e+40,1.0000000000000000e+40,
1.0000000000000000e+40,1.0000000000000000e+40,1.0000000000000000e+40,1.0000000000000000e+40,
1.0000000000000000e+40,1.0000000000000000e+40,1.0000000000000000e+40,1.0000000000000000e+40,
1.5023121735105673e+00,6.2081434628128906e-01,1.0001291567171162e+00,1.2995616132083218e-12,
1.9455031931007660e+00,6.5466841864201297e-01,1.0001299893031002e+00,1.3704148430376985e-12,
1.5012294425850563e+00,1.0307821671099267e+00,1.0001556259933035e+00,1.6781761870241234e-12,
1.3156241432653799e+00,9.4790769102237571e-01,1.0000825039763210e+00,1.8260419230823664e-12,
1.4490564656722322e+00,1.1022057795943021e+00,1.0001059260202898e+00,1.9703097205636112e-12,
1.6063045585870903e+00,4.5616330313394221e-01,1.0000015766310575e+00,2.1106004728931550e-12,
1.3543923736361416e+00,3.6717974341036541e-01,1.0000006166629041e+00,2.1791155945934510e-12,
1.5452705326263212e+00,7.8042388160324827e-01,1.0002090139150341e+00,1.6806796459033796e-12,
1.8638801626793746e+00,4.9253936918883578e-01,1.0000794544156086e+00,1.8275937985189509e-12,
1.9723702448341729e+00,7.7262055866507284e-01,1.0000289007527101e+00,1.9714064834261205e-12,
1.8763012181060992e+00,5.6088335413336843e-01,1.0000001370421239e+00,2.1114951946719072e-12,
1.1900125859305437e+00,8.0048764461014288e-01,1.0000006528413228e+00,2.1799556250685912e-12,
2.1889421715463335e+00,9.3544315812172329e-01,1.0000438268601148e+00,1.5312765956006251e-12,
7.9379112565622312e-01,1.0647639418793347e+00,1.0000134472077384e+00,3.2357887249212094e-13,
7.7624357814999634e-01,4.8679955542612457e-01,1.0000453656875110e+00,4.0514659342498557e-13,
8.0183776705702037e-01,5.0153332525410588e-01,1.0000009929418194e+00,3.2101709207628850e-13,
8.6448156563979939e-01,5.8693157362986781e-01,1.0000009364665710e+00,4.0125231416962696e-13,
1.2160147085708763e+00,8.1132504569777597e-01,1.0000149658086279e+00,1.3975373513483773e-12,
1.1826495252498290e+00,8.7948587366701347e-01,1.0000092953889879e+00,1.4671402994738506e-12,
1.1052575563393459e+00,9.2635646342063049e-01,1.0000008786349448e+00,1.5355538608970371e-12,
1.3732074136166026e+00,9.7595605209492098e-01,1.0000579261708693e+00,1.6829114529924222e-12,
1.7145570437050828e+00,4.1194004074292218e-01,1.0000136045460144e+00,1.8300760403501509e-12,
2.2330639275519801e+00,7.0318989361446771e-01,1.0000493325314226e+00,1.9732878772903471e-12,
2.0277037115105694e+00,9.9782056467667168e-01,1.0000329680617150e+00,2.1131104757834086e-12,
2.4505979958775881e+00,1.2597789371759727e+00,1.0002475675346856e+00,2.2487558819373068e-12,
1.8713612725781628e+00,5.9199074639360183e-01,1.0000000000048876e+00,2.3148095143463548e-12,
1.4365617048400625e+00,1.9917637898306423e-01,1.0000241045279052e+00,1.8307970882015241e-12,
1.4678195730353762e+00,3.7557717502507104e-01,1.0000547940744036e+00,1.9739463074594089e-12,
1.5947218025959247e+00,8.0771577269905448e-01,1.0000547789208085e+00,2.1137506658442790e-12,
1.3728724155282184e+00,8.2905448209841193e-01,1.0000022083834501e+00,2.2493968853662197e-12,
1.1362832994947303e+00,6.4922256114468246e-01,1.0000000000004126e+00,2.3154302760082650e-12,
7.7721350918369037e-01,7.2884091314108979e-01,1.0000675842608955e+00,5.5725246217477755e-13,
1.0581547300599996e+00,6.6466313814603872e-01,1.0000603800738435e+00,5.6207862723594218e-13,
6.0589426812042402e-01,2.9664622593251716e-01,1.0000705060614286e+00,7.1534587581838305e-13,
1.0000000000000000e+40,1.0000000000000000e+40,1.0000000000000000e+40,1.0000000000000000e+40,
1.0000000000000000e+40,1.0000000000000000e+40,1.0000000000000000e+40,1.0000000000000000e+40,
1.0000000000000000e+40,1.0000000000000000e+40,1.0000000000000000e+40,1.0000000000000000e+40,
1.0522783109478413e+00,1.3269944367083400e-01,1.0002535520566127e+00,5.6791441021312457e-13,
8.4172020167436046e-01,4.0860660710963259e-01,1.0000257806993671e+00,7.3029181433140640e-13,
1.3603204864320568e+00,4.3084312109483019e-01,1.0000287332615347e+00,9.1079516426513431e-13,
1.7368474561177047e+00,5.0115469926922018e-01,1.0000065841703030e+00,1.1430719770488523e-12,
1.3532653818166913e+00,9.3337517549179927e-01,1.0000004545290648e+00,1.2383826911435401e-12,
1.0334372454060443e+00,2.3949238056853470e-01,1.0000310867235118e+00,1.4019322417557040e-12,
1.6080415957460508e+00,7.6786819266283557e-01,1.0000391028854718e+00,1.6855174723302152e-12,
1.6101712756166313e+00,1.5728156830512310e-01,1.0000440302789317e+00,1.6856561178391573e-12,
1.3908526563992307e+00,6.3001653985615047e-01,1.0000415186949476e+00,1.8311129185180006e-12,
1.2743126955161159e+00,3.6499109088775400e-01,1.0000053403802565e+00,1.9745840068544008e-12,
1.4294569669070496e+00,8.9307566560575191e-01,1.0000248512030649e+00,2.1145835057508820e-12,
7.9892401793671353e-01,8.4152129062409675e-01,1.0000017466062683e+00,2.1830126980755820e-12,
2.1610314899108998e+00,8.4737549657454192e-01,1.0000911685216300e+00,1.8309641558890369e-12,
1.6172730269392743e+00,8.9882272646284878e-01,1.0000114685350741e+00,1.9746175280687978e-12,
1.3652847970245223e+00,9.5114730581750206e-01,1.0000000428624498e+00,2.1150108688232121e-12,
1.7217077132912235e+00,8.9366385089444655e-01,1.0000000000022227e+00,2.1836138484622091e-12,
1.6560506168366307e+00,8.1142083228667816e-01,1.0000647186376095e+00,1.8298340136997431e-12,
1.4781218055875744e+00,1.0523813829403714e+00,1.0000036657447917e+00,1.9744720690324837e-12,
1.8354606174983190e+00,7.3309325550143389e-01,1.0000374893481909e+00,2.1152920534273125e-12,
1.1937375742536687e+00,6.6629719211023608e-01,1.0000000000021689e+00,2.1841250734125135e-12,
1.0983520997501730e+00,3.7146942651211678e-01,1.0000239929696284e+00,1.8283818667748381e-12,
1.0809749575573235e+00,6.2220769880874849e-01,1.0000763380680364e+00,1.9740777776137974e-12,
1.0626053735349508e+00,4.6556658529362666e-01,1.0000000359196974e+00,2.1154142001692063e-12,
1.1261638204520632e+00,6.4909223518123849e-01,1.0000000000019862e+00,2.1843809249734791e-12,
1.0201096875261859e+00,4.2474202740612543e-01,1.0000448399181925e+00,2.4196750298676486e-13,
8.3852382363961309e-01,4.1358524302046645e-01,1.0000177352915800e+00,4.0579758202370106e-13,
1.1816175051354387e+00,4.0657679195571289e-01,1.0000436366903940e+00,2.4479989356733719e-13,
9.9891640229497980e-01,3.8839990586620649e-01,1.0000833842631180e+00,4.1159795885661955e-13,
9.2826052421735306e-01,9.6180491133245949e-02,1.0001423278888053e+00,2.4759751937015868e-13,
8.8320263699468982e-01,4.5769007718521976e-01,1.0001135248511575e+00,4.1664101477088766e-13,
1.0712869189642993e+00,2.8185869364131599e-01,1.0000438500129480e+00,1.4678987776814440e-12,
1.7927297665746391e+00,9.3034006678772740e-01,1.0002361207286103e+00,1.3900110708999927e-12,
1.7440514745320317e+00,4.8911586926211464e-01,1.0000348777746173e+00,1.5370944365645678e-12,
9.7444195643308074e-01,3.6787911266412432e-01,1.0000545063681701e+00,8.3706579683177848e-13,
1.2373723738167275e+00,4.2209733626026591e-01,1.0000199435609312e+00,1.0190422321675054e-12,
1.3103392047443880e+00,1.3162564186365414e-01,1.0001029086651945e+00,8.4527796084587227e-13,
1.2148760110498860e+00,4.5532550235375008e-01,1.0000337588029271e+00,1.0202594843944021e-12,
1.3568632261216589e+00,8.7803866486519622e-01,1.0000044298658524e+00,1.2169491005767962e-12,
1.3433525571292477e+00,5.6752815148732827e-01,1.0000685646191110e+00,1.1989470881324715e-12,
1.3020434359304911e+00,3.4291518731984544e-01,1.0000135397019441e+00,1.5298904515041628e-12,
1.4282934604510238e+00,3.1909889903002214e-01,1.0000268332736864e+00,1.6062181930910092e-12,
1.3026972969246515e+00,2.1394143124340037e-01,1.0000046872425719e+00,1.5236831735089236e-12,
8.4740106295895923e-01,3.5839213451666080e-01,1.0000017764550391e+00,1.6016259833139362e-12,
1.3943515939374966e+00,5.0496427297008417e-01,1.0001384215384017e+00,5.8653654877630853e-13,
1.6699303164279389e+00,4.2297317163685094e-01,1.0000058453125196e+00,6.7214383908912422e-13,
1.6220145759905404e+00,6.7459021296996224e-01,1.0000001129594560e+00,1.3633213599387704e-12,
6.4385171643984573e-01,4.6591897368487528e-01,1.0000642511319295e+00,4.2032737120666047e-13,
1.1225151035684142e+00,3.9862737826208794e-01,1.0000975559678527e+00,5.0579949314094045e-13,
1.3565353721801530e+00,5.4769998873527337e-01,1.0000190176898858e+00,7.6321021175086775e-13,
1.0848524890767060e+00,2.2556351229104185e-01,1.0001176481241647e+00,9.3538826297901525e-13,
9.6213320493102283e-01,2.1311133847828850e-01,1.0000007232865600e+00,7.6482959866963029e-13,
1.0521504996460058e+00,2.3963762185180826e-01,1.0000000002375677e+00,9.3635765364093252e-13,
1.3061297305615729e+00,4.9867396218382365e-01,1.0000010101554293e+00,1.2775844004601303e-12,
1.5182023952740216e+00,4.2410032666096231e-01,1.0000001931120974e+00,1.3604176036953761e-12,
8.9691600704022567e-01,4.0862407106967413e-01,1.0002138320043821e+00,1.5998095127714010e-12,
1.1328108135744632e+00,1.5193635316143092e-01,1.0000008115134962e+00,1.6769390851304793e-12,
1.5061058769048830e+00,4.0980166781489397e-01,1.0000000001025957e+00,1.5972302536295223e-12,
9.0384510152504938e-01,1.6890190930680854e-01,1.0000000000232898e+00,1.6748671216890554e-12,
1.1765214576270759e+00,5.9509330764650747e-01,1.0000040904270706e+00,2.0453034478335814e-12,
1.5277146252366816e+00,6.8269284330656876e-01,1.0000000000028915e+00,2.1852232920457268e-12,
1.6190265673494848e+00,9.9599107108577167e-01,1.0000081305231432e+00,2.2532463287006318e-12,
9.5861016573560831e-01,2.4435596087969091e-01,1.0000000000018754e+00,2.0454023479577524e-12,
1.0449851099298948e+00,5.3232168269692715e-01,1.0000000000009130e+00,2.1855366599030674e-12,
8.2385947702619633e-01,3.9831553064603775e-01,1.0000000000004894e+00,2.2536516523882594e-12,
1.1178304426171488e+00,2.2351454367763363e-01,1.0000000000698144e+00,1.6577185987616520e-13,
1.1296936277330751e+00,4.9227702642491056e-01,1.0000140403991324e+00,3.3713247652900344e-13,
8.8616617259389685e-01,-5.0122015061516478e-02,1.0000364784109095e+00,4.2291065744525603e-13,
1.4460419755782448e+00,7.5211947128138723e-01,1.0000000000424012e+00,1.6651227278405273e-13,
1.2550619977648825e+00,2.5683991254727184e-01,1.0000137431952674e+00,3.3859320543913915e-13,
8.9822280779407826e-01,9.0282854277262764e-02,1.0000000014598689e+00,4.2464834180134001e-13,

