1
1
2
4
(64 0
((0,0) (15,15) (0,0))
((16,0) (31,15) (0,0))
((32,0) (47,15) (0,0))
((48,0) (63,15) (0,0))
((64,0) (79,15) (0,0))
((80,0) (95,15) (0,0))
((96,0) (111,15) (0,0))
((112,0) (127,15) (0,0))
((0,16) (15,31) (0,0))
((16,16) (31,31) (0,0))
((32,16) (47,31) (0,0))
((48,16) (63,31) (0,0))
((64,16) (79,31) (0,0))
((80,16) (95,31) (0,0))
((96,16) (111,31) (0,0))
((112,16) (127,31) (0,0))
((0,32) (15,47) (0,0))
((16,32) (31,47) (0,0))
((32,32) (47,47) (0,0))
((48,32) (63,47) (0,0))
((64,32) (79,47) (0,0))
((80,32) (95,47) (0,0))
((96,32) (111,47) (0,0))
((112,32) (127,47) (0,0))
((0,48) (15,63) (0,0))
((16,48) (31,63) (0,0))
((32,48) (47,63) (0,0))
((48,48) (63,63) (0,0))
((64,48) (79,63) (0,0))
((80,48) (95,63) (0,0))
((96,48) (111,63) (0,0))
((112,48) (127,63) (0,0))
((0,64) (15,79) (0,0))
((16,64) (31,79) (0,0))
((32,64) (47,79) (0,0))
((48,64) (63,79) (0,0))
((64,64) (79,79) (0,0))
((80,64) (95,79) (0,0))
((96,64) (111,79) (0,0))
((112,64) (127,79) (0,0))
((0,80) (15,95) (0,0))
((16,80) (31,95) (0,0))
((32,80) (47,95) (0,0))
((48,80) (63,95) (0,0))
((64,80) (79,95) (0,0))
((80,80) (95,95) (0,0))
((96,80) (111,95) (0,0))
((112,80) (127,95) (0,0))
((0,96) (15,111) (0,0))
((16,96) (31,111) (0,0))
((32,96) (47,111) (0,0))
((48,96) (63,111) (0,0))
((64,96) (79,111) (0,0))
((80,96) (95,111) (0,0))
((96,96) (111,111) (0,0))
((112,96) (127,111) (0,0))
((0,112) (15,127) (0,0))
((16,112) (31,127) (0,0))
((32,112) (47,127) (0,0))
((48,112) (63,127) (0,0))
((64,112) (79,127) (0,0))
((80,112) (95,127) (0,0))
((96,112) (111,127) (0,0))
((112,112) (127,127) (0,0))
)
64
FabOnDisk: SD_2_Old_MF_D_00000 0
FabOnDisk: SD_2_Old_MF_D_00000 9300
FabOnDisk: SD_2_Old_MF_D_00000 18600
FabOnDisk: SD_2_Old_MF_D_00000 27900
FabOnDisk: SD_2_Old_MF_D_00000 37200
FabOnDisk: SD_2_Old_MF_D_00000 46500
FabOnDisk: SD_2_Old_MF_D_00000 55800
FabOnDisk: SD_2_Old_MF_D_00000 65101
FabOnDisk: SD_2_Old_MF_D_00000 74403
FabOnDisk: SD_2_Old_MF_D_00000 83703
FabOnDisk: SD_2_Old_MF_D_00000 93003
FabOnDisk: SD_2_Old_MF_D_00000 102303
FabOnDisk: SD_2_Old_MF_D_00000 111603
FabOnDisk: SD_2_Old_MF_D_00000 120903
FabOnDisk: SD_2_Old_MF_D_00000 130203
FabOnDisk: SD_2_Old_MF_D_00000 139504
FabOnDisk: SD_2_Old_MF_D_00000 148806
FabOnDisk: SD_2_Old_MF_D_00000 158106
FabOnDisk: SD_2_Old_MF_D_00000 167406
FabOnDisk: SD_2_Old_MF_D_00000 176706
FabOnDisk: SD_2_Old_MF_D_00000 186006
FabOnDisk: SD_2_Old_MF_D_00000 195306
FabOnDisk: SD_2_Old_MF_D_00000 204606
FabOnDisk: SD_2_Old_MF_D_00000 213907
FabOnDisk: SD_2_Old_MF_D_00000 223209
FabOnDisk: SD_2_Old_MF_D_00000 232509
FabOnDisk: SD_2_Old_MF_D_00000 241809
FabOnDisk: SD_2_Old_MF_D_00000 251109
FabOnDisk: SD_2_Old_MF_D_00000 260409
FabOnDisk: SD_2_Old_MF_D_00000 269709
FabOnDisk: SD_2_Old_MF_D_00000 279009
FabOnDisk: SD_2_Old_MF_D_00000 288310
FabOnDisk: SD_2_Old_MF_D_00000 297612
FabOnDisk: SD_2_Old_MF_D_00000 306912
FabOnDisk: SD_2_Old_MF_D_00000 316212
FabOnDisk: SD_2_Old_MF_D_00000 325512
FabOnDisk: SD_2_Old_MF_D_00000 334812
FabOnDisk: SD_2_Old_MF_D_00000 344112
FabOnDisk: SD_2_Old_MF_D_00000 353412
FabOnDisk: SD_2_Old_MF_D_00000 362713
FabOnDisk: SD_2_Old_MF_D_00000 372015
FabOnDisk: SD_2_Old_MF_D_00000 381315
FabOnDisk: SD_2_Old_MF_D_00000 390615
FabOnDisk: SD_2_Old_MF_D_00000 399915
FabOnDisk: SD_2_Old_MF_D_00000 409215
FabOnDisk: SD_2_Old_MF_D_00000 418515
FabOnDisk: SD_2_Old_MF_D_00000 427815
FabOnDisk: SD_2_Old_MF_D_00000 437116
FabOnDisk: SD_2_Old_MF_D_00000 446418
FabOnDisk: SD_2_Old_MF_D_00000 455719
FabOnDisk: SD_2_Old_MF_D_00000 465020
FabOnDisk: SD_2_Old_MF_D_00000 474321
FabOnDisk: SD_2_Old_MF_D_00000 483622
FabOnDisk: SD_2_Old_MF_D_00000 492923
FabOnDisk: SD_2_Old_MF_D_00000 502224
FabOnDisk: SD_2_Old_MF_D_00000 511526
FabOnDisk: SD_2_Old_MF_D_00000 520829
FabOnDisk: SD_2_Old_MF_D_00000 530131
FabOnDisk: SD_2_Old_MF_D_00000 539433
FabOnDisk: SD_2_Old_MF_D_00000 548735
FabOnDisk: SD_2_Old_MF_D_00000 558037
FabOnDisk: SD_2_Old_MF_D_00000 567339
FabOnDisk: SD_2_Old_MF_D_00000 576641
FabOnDisk: SD_2_Old_MF_D_00000 585944

64,2
-7.9305879055758444e-01,1.1700974955291404e-02,
-9.0719533850326661e-01,-1.5714169952053703e-01,
-7.9564141952408529e-01,-2.7199862748265796e-01,
-4.4477106487430162e-01,-2.5960374682115689e-01,
-2.3772733521321929e-01,-1.5736614083818515e-01,
-1.1532827040528976e-01,-7.7205117278364849e-02,
-5.5472808090540934e-02,-3.4773306891656239e-02,
-2.9660271019134685e-02,-1.3090025739638165e-02,
-2.2460334439748171e+00,4.2272886529099996e-01,
-2.3446822929617626e+00,-1.0325076695349515e+00,
-1.1867396014622957e+00,-1.0699168354442250e+00,
-4.1831844924502631e-01,-6.4260197958921184e-01,
-1.8453110666855027e-01,-2.6955456126104849e-01,
-8.2740028856613176e-02,-1.1781461105243531e-01,
-3.8763329926443775e-02,-5.1329329320871329e-02,
-2.0546442933611565e-02,-1.9132780618527186e-02,
-9.9606975245045000e+00,1.0921124008382268e+00,
-1.1916714903254398e+01,-8.8333352290396494e+00,
-1.2133301154492342e+00,-5.2235428993014299e+00,
-1.3223772935344616e-01,-7.4625094261272396e-01,
-8.4930462658335901e-03,-2.7327365973195800e-01,
6.5500534632512153e-04,-1.1808594559422206e-01,
6.5365957231004735e-04,-5.1377466236369060e-02,
5.0360616851930862e-04,-1.9142436977032686e-02,
-1.7516877781158495e+01,6.0989702342992769e-01,
-1.3168953647033479e+03,-1.3184612268696092e+03,
-2.2770749900750445e+01,-6.0624590070120421e+00,
2.1818511813588129e-01,-4.2161263390228232e-01,
9.2097871494469893e-02,-1.7955882284256913e-01,
4.2692837440755041e-02,-8.1738025766455072e-02,
2.2305348654402059e-02,-3.5703629175814572e-02,
1.6512723742411736e-02,-1.3275953284497915e-02,
-1.7516877781158271e+01,-5.7349514818756923e+01,
-1.3168953647033570e+03,-6.3805084191139633e+02,
-2.2770749900749880e+01,-2.5236203359075315e+01,
2.1818511813517422e-01,-1.6587056095452804e-01,
9.2097871494988118e-02,2.9874083055171511e-03,
4.2692837440839466e-02,1.3398878552358436e-03,
2.2305348653180606e-02,5.0999916402153899e-04,
1.6512723742239565e-02,1.4245786757111245e-05,
-9.9606975245033329e+00,-7.6617368318080512e+00,
-1.1916714903253903e+01,-3.5807936421993913e+00,
-1.2133301154481453e+00,5.3494079593104193e-01,
-1.3223772935324124e-01,2.0110123534086280e-01,
-8.4930462659207895e-03,9.0428732110366561e-02,
6.5500534630645244e-04,3.9574703239965210e-02,
6.5365957238327696e-04,1.5026920980126649e-02,
5.0360616841988804e-04,4.1907383571205468e-04,
-2.2460334439748997e+00,-2.5406132800814838e+00,
-2.3446822929618336e+00,-8.5318746475287766e-01,
-1.1867396014603515e+00,1.9984231389770998e-01,
-4.1831844924511496e-01,1.7387395624145635e-01,
-1.8453110666820213e-01,8.5309519742903198e-02,
-8.2740028856687908e-02,3.8542508115070408e-02,
-3.8763329926372860e-02,1.4820194002526295e-02,
-2.0546442933714423e-02,4.1215288557604250e-04,
-7.9305879055843564e-01,-7.4972483392013556e-01,
-9.0719533850301859e-01,-3.5361210164943180e-01,
-7.9564141952455192e-01,3.5094761098666133e-03,
-4.4477106487436285e-01,5.3447395692567123e-03,
-2.3772733521414918e-01,2.7979621123976279e-03,
-1.1532827040558806e-01,1.2918100454724292e-03,
-5.5472808089990576e-02,4.9995548802261554e-04,
-2.9660271019461601e-02,1.3906436605682806e-05,

64,2
-4.3336526763542403e-02,7.4972483391987299e-01,
-5.4963558086488806e-01,3.5361210164857360e-01,
-4.4365790239050318e-01,-3.5094761104846953e-03,
-2.0099535242727826e-01,-5.3447395696829773e-03,
-9.0832047266084612e-02,-2.7979621118990683e-03,
-4.2529946164296596e-02,-1.2918100449184127e-03,
-2.2276273101605095e-02,-4.9995548789717877e-04,
-1.6507928840182148e-02,-1.3906436096876213e-05,
-7.6793927536018824e-02,2.5406132800812773e+00,
-8.3894907262631579e-01,8.5318746475225438e-01,
-1.9211447974761175e-01,-1.9984231389848611e-01,
-2.5582462317862410e-02,-1.7387395624133234e-01,
-5.8049785574392047e-03,-8.5309519743016052e-02,
-1.9404201834508780e-03,-3.8542508115022370e-02,
-8.5732685333546853e-04,-1.4820194002420031e-02,
-5.9600368251903403e-04,-4.1215288572020686e-04,
-2.4767054799277982e-01,7.6617368318089616e+00,
1.3213414812671704e+00,3.5807936421994184e+00,
2.1451598275020882e+00,-5.3494079593081290e-01,
6.6063742712117912e-01,-2.0110123534042990e-01,
1.9646390550415563e-01,-9.0428732110467314e-02,
8.3379166692062245e-02,-3.9574703239881617e-02,
3.8816209245921655e-02,-1.5026920980091289e-02,
2.0552970101547507e-02,-4.1907383574201629e-04,
7.2274223727433025e+01,5.7349514818757328e+01,
1.4422723573415087e+03,6.3805084191134370e+02,
1.7296675708994687e+01,2.5236203359075429e+01,
7.6433334354851046e-01,1.6587056095434052e-01,
2.5136315079788130e-01,-2.9874083056168109e-03,
1.1986842899921590e-01,-1.3398878552334909e-03,
5.6471820067268627e-02,-5.0999916370473783e-04,
2.9874993108672254e-02,-1.4245786489001431e-05,
7.2274223727432471e+01,-6.0989702343073604e-01,
1.4422723573415558e+03,1.3184612268696094e+03,
1.7296675708993298e+01,6.0624590070110962e+00,
7.6433334354811122e-01,4.2161263390255688e-01,
2.5136315079780841e-01,1.7955882284296834e-01,
1.1986842899923755e-01,8.1738025766480982e-02,
5.6471820067288618e-02,3.5703629175932693e-02,
2.9874993108143920e-02,1.3275953284711683e-02,
-2.4767054799548702e-01,-1.0921124008381533e+00,
1.3213414812665716e+00,8.8333352290396618e+00,
2.1451598275020913e+00,5.2235428993010871e+00,
6.6063742712150630e-01,7.4625094261269365e-01,
1.9646390550477874e-01,2.7327365973203116e-01,
8.3379166691592690e-02,1.1808594559408560e-01,
3.8816209245956829e-02,5.1377466236183687e-02,
2.0552970102037025e-02,1.9142436976843504e-02,
-7.6793927536092904e-02,-4.2272886529104542e-01,
-8.3894907262644669e-01,1.0325076695350601e+00,
-1.9211447974754564e-01,1.0699168354441924e+00,
-2.5582462317838117e-02,6.4260197958929366e-01,
-5.8049785573317317e-03,2.6955456126120192e-01,
-1.9404201834184894e-03,1.1781461105233547e-01,
-8.5732685333654774e-04,5.1329329320700411e-02,
-5.9600368250564912e-04,1.9132780618364934e-02,
-4.3336526763209336e-02,-1.1700974954770814e-02,
-5.4963558086308650e-01,1.5714169952070114e-01,
-4.4365790239061076e-01,2.7199862748220566e-01,
-2.0099535242715749e-01,2.5960374682129217e-01,
-9.0832047266053831e-02,1.5736614083802480e-01,
-4.2529946163976276e-02,7.7205117278188282e-02,
-2.2276273101541535e-02,3.4773306891648773e-02,
-1.6507928840419798e-02,1.3090025739944278e-02,

