1
1
4
2
(3 0
((248,200) (255,231) (0,0))
((232,232) (255,255) (0,0))
((0,248) (127,255) (0,0))
)
3
FabOnDisk: SD_0_New_MF_D_00000 0
FabOnDisk: SD_0_New_MF_D_00000 13912
FabOnDisk: SD_0_New_MF_D_00000 39088

3,4
-6.6468667189671052e-02,-6.7864676128432466e-01,9.9999999998006750e-01,0.0000000000000000e+00,
-4.2088328330904652e-02,-6.7720845544101260e-01,9.9999999999779465e-01,0.0000000000000000e+00,
-8.2201257697247704e-02,-5.4905253474235704e-03,9.9999999999910616e-01,0.0000000000000000e+00,

3,4
2.9135202610256258e-03,-3.6748386889565755e-02,1.0000000000080160e+00,0.0000000000000000e+00,
9.3580787249918684e-01,5.8633557295495976e-03,1.0000000000070346e+00,0.0000000000000000e+00,
9.5788975752848493e-01,2.4074037236360696e-01,1.0000000000031184e+00,0.0000000000000000e+00,

