1
1
2
1
(3 0
((248,200) (255,231) (0,0))
((232,232) (255,255) (0,0))
((0,248) (127,255) (0,0))
)
3
FabOnDisk: SD_2_Old_MF_D_00000 0
FabOnDisk: SD_2_Old_MF_D_00000 5528
FabOnDisk: SD_2_Old_MF_D_00000 16432

3,2
-2.3278917999889259e-01,-4.2590052130051981e-01,
-2.2764494354931131e-01,-7.8453597509959394e-02,
-1.7822076862940395e-01,-4.0398586387462188e+01,

3,2
8.4971948626692573e-01,1.8107216175987233e+00,
9.3893801523069229e+01,8.0275677570558585e+01,
5.4568498891166911e+01,2.0713033703487820e+01,

