1
1
8
0
(4 0
((0,0) (31,31) (0,0))
((32,0) (63,31) (0,0))
((0,32) (31,63) (0,0))
((32,32) (63,63) (0,0))
)
4
FabOnDisk: Cell_D_00000 0
FabOnDisk: Cell_D_00001 0
FabOnDisk: Cell_D_00002 0
FabOnDisk: Cell_D_00003 0

4,8
-5.3282516132034399e-02,-1.8803425202653431e-06,9.9999999999975542e-01,0.0000000000000000e+00,-1.5158944530423626e-03,-2.2475953603874908e-02,1.8843247112931838e-06,3.2759906118902870e-03,
-7.8611046933661055e-02,-7.2975095814547558e-02,9.9999999999823874e-01,0.0000000000000000e+00,-1.9496161324179306e-02,-2.3098256309041942e-02,9.5744020314758593e-07,5.1818390239125791e-03,
-6.9787170990775471e-02,1.2488277318839997e-03,9.9999999999952049e-01,0.0000000000000000e+00,-5.0004956173754438e-02,-2.4248001739726961e+00,7.1935993806171439e-07,-7.8074062182880086e-02,
-3.5822497604738202e-01,-6.5620455839554026e-01,9.9986078269065892e-01,0.0000000000000000e+00,-6.7816410557605633e-01,-9.2639171320043812e-01,2.0342623485714029e-06,-9.0635554887953010e-02,

4,8
1.8808002733479244e-06,3.6584165227602432e-02,1.0000000000012510e+00,0.0000000000000000e+00,1.4269454177732526e-02,7.6849777442751250e-04,5.2023590658212793e-01,7.4792295249736908e-03,
7.9586297051993855e-04,2.0798911291081315e-02,1.0000000000032232e+00,0.0000000000000000e+00,2.9770974704296578e-02,7.5986957667056806e-03,5.4338835989940082e-01,1.0778876114571552e-02,
8.3595702581219256e-01,1.6248439503987580e-01,1.0000000000012703e+00,0.0000000000000000e+00,7.1724273143304638e+00,6.4893057963474887e-01,3.7187850964705667e+01,4.5784381094169362e-03,
8.8273003492118585e-01,2.0025124714848191e-01,1.0001718592733202e+00,0.0000000000000000e+00,2.2297776329147212e+01,1.5113241945568458e+01,3.4060057871393411e+01,6.3079286803785306e-01,

