CheckPointVersion_1.0
2
2.8124740055577222
1
1
(0 (0,0)(0.015625,0.015625) 1)
(RealBox 0 1 0 1 )((0,0) (63,63) (0,0))P(0,0) (0 (0,0)(0.0078125,0.0078125) 1)
(RealBox 0 1 0 1 )((0,0) (127,127) (0,0))P(0,0) 
(2,2) 
0.0140625 0.0070312500000000002 
0.0140625 0.0070312500000000002 
1 2 
200 400 
4 8 
0
(0 (0,0)(0.015625,0.015625) 1)
(RealBox 0 1 0 1 )((0,0) (63,63) (0,0))P(0,0)
(4 0
((0,0) (31,31) (0,0))
((32,0) (63,31) (0,0))
((0,32) (31,63) (0,0))
((32,32) (63,63) (0,0))
)3
((0,0) (63,63) (0,0))
(4 0
((0,0) (31,31) (0,0))
((32,0) (63,31) (0,0))
((0,32) (31,63) (0,0))
((32,32) (63,63) (0,0))
)2.7984115055577221
2.7984115055577221
2.8124740055577222
2.8124740055577222
2
Level_0/SD_0_New_MF
Level_0/SD_0_Old_MF
((0,0) (64,64) (1,1))
(4 0
((0,0) (32,32) (1,1))
((32,0) (64,32) (1,1))
((0,32) (32,64) (1,1))
((32,32) (64,64) (1,1))
)2.784349005557722
2.7984115055577221
2.7984115055577221
2.8124740055577222
2
Level_0/SD_1_New_MF
Level_0/SD_1_Old_MF
((0,0) (63,63) (0,0))
(4 0
((0,0) (31,31) (0,0))
((32,0) (63,31) (0,0))
((0,32) (31,63) (0,0))
((32,32) (63,63) (0,0))
)2.784349005557722
2.7984115055577221
2.7984115055577221
2.8124740055577222
2
Level_0/SD_2_New_MF
Level_0/SD_2_Old_MF
1
(0 (0,0)(0.0078125,0.0078125) 1)
(RealBox 0 1 0 1 )((0,0) (127,127) (0,0))P(0,0)
(4 0
((120,88) (127,95) (0,0))
((112,96) (127,111) (0,0))
((0,112) (63,127) (0,0))
((64,112) (127,127) (0,0))
)3
((0,0) (127,127) (0,0))
(4 0
((120,88) (127,95) (0,0))
((112,96) (127,111) (0,0))
((0,112) (63,127) (0,0))
((64,112) (127,127) (0,0))
)2.8054427555577219
2.8054427555577219
2.8124740055577222
2.8124740055577222
2
Level_1/SD_0_New_MF
Level_1/SD_0_Old_MF
((0,0) (128,128) (1,1))
(4 0
((120,88) (128,96) (1,1))
((112,96) (128,112) (1,1))
((0,112) (64,128) (1,1))
((64,112) (128,128) (1,1))
)2.7984115055577221
2.8054427555577219
2.8054427555577219
2.8124740055577222
2
Level_1/SD_1_New_MF
Level_1/SD_1_Old_MF
((0,0) (127,127) (0,0))
(4 0
((120,88) (127,95) (0,0))
((112,96) (127,111) (0,0))
((0,112) (63,127) (0,0))
((64,112) (127,127) (0,0))
)2.7984115055577221
2.8054427555577219
2.8054427555577219
2.8124740055577222
2
Level_1/SD_2_New_MF
Level_1/SD_2_Old_MF
