1
1
9
0
(6 0
((80,232) (95,247) (0,0))
((96,232) (111,247) (0,0))
((80,248) (95,263) (0,0))
((96,248) (111,263) (0,0))
((80,264) (95,279) (0,0))
((96,264) (111,279) (0,0))
)
6
FabOnDisk: Cell_D_00000 0
FabOnDisk: Cell_D_00000 18518
FabOnDisk: Cell_D_00000 37037
FabOnDisk: Cell_D_00000 55555
FabOnDisk: Cell_D_00000 74074
FabOnDisk: Cell_D_00000 92592

6,9
-2.1446371378318477e-01,-7.2154106137330265e-01,0.0000000000000000e+00,-4.8642586751450172e-15,-8.9513468177511618e+02,-3.7180975440873584e+02,0.0000000000000000e+00,-2.4321246112385508e+00,0.0000000000000000e+00,
-8.6903616078829404e-02,-5.9457896706621138e-01,0.0000000000000000e+00,-6.5336376148528812e-15,-3.3860393057475073e+02,-1.9610411410447915e+02,0.0000000000000000e+00,-4.3577147293863333e-01,0.0000000000000000e+00,
0.0000000000000000e+00,-6.3785310563821018e-01,0.0000000000000000e+00,-1.8086775803958045e-14,-5.0754363513418974e+02,-4.9785749108179516e+02,0.0000000000000000e+00,0.0000000000000000e+00,0.0000000000000000e+00,
-2.4990398363265875e-01,-5.8171802380018889e-01,0.0000000000000000e+00,-7.9061756225388007e-15,-2.9510937884306230e+02,-2.6969063585842741e+02,0.0000000000000000e+00,-4.2480560122059585e-01,0.0000000000000000e+00,
-2.1446363019558878e-01,-1.9218665678305008e-01,0.0000000000000000e+00,-1.8307687770784545e-14,-8.9513231050934201e+02,-4.1548983211980578e+02,0.0000000000000000e+00,-2.4321142805203602e+00,0.0000000000000000e+00,
-8.6903611165505018e-02,-9.9261718837957199e-03,0.0000000000000000e+00,-4.2212372082265433e-15,-3.3860394265518266e+02,-2.6227562371739214e+02,0.0000000000000000e+00,-4.3577146494974156e-01,0.0000000000000000e+00,

6,9
1.3173346874668401e+00,1.9218668384209497e-01,1.0000000000001104e+00,0.0000000000000000e+00,4.4120942752089007e+01,4.1548963861165032e+02,1.0079744039155663e+04,7.6999795597999454e-01,1.0000000000000000e+00,
1.4079514167701406e+00,9.9261688732720683e-03,1.0000000000006637e+00,0.0000000000000000e+00,1.1216053987396198e+02,2.6227562499806993e+02,2.9127018651251183e+03,1.2119652900828033e+00,1.0000000000000000e+00,
5.3841962980726821e-01,6.3785310754644864e-01,1.0000000000000488e+00,0.0000000000000000e+00,1.1832875681540891e+02,4.9785747084728911e+02,2.1491720261752316e+03,8.9904815969638996e-01,1.0000000000000000e+00,
0.0000000000000000e+00,5.8171802182002541e-01,1.0000000000005491e+00,1.2009195023362544e-14,1.3922997399612768e+02,2.6969061424598436e+02,2.1822170936180964e+03,1.4677863984301063e+00,1.0000000000000000e+00,
1.3173346937591428e+00,7.2154106605736179e-01,1.0000000000000651e+00,0.0000000000000000e+00,4.4120754753541163e+01,3.7180884007524008e+02,1.0079742628216238e+04,7.6999893690592858e-01,1.0000000000000000e+00,
1.4079514272357758e+00,5.9457896639062013e-01,1.0000000000011275e+00,8.2278599814530837e-15,1.1216047311736267e+02,1.9610412519413512e+02,2.9127019600147660e+03,1.2119653941482493e+00,1.0000000000000000e+00,

