1
1
2
4
(64 0
((0,0) (15,15) (0,0))
((16,0) (31,15) (0,0))
((32,0) (47,15) (0,0))
((48,0) (63,15) (0,0))
((64,0) (79,15) (0,0))
((80,0) (95,15) (0,0))
((96,0) (111,15) (0,0))
((112,0) (127,15) (0,0))
((0,16) (15,31) (0,0))
((16,16) (31,31) (0,0))
((32,16) (47,31) (0,0))
((48,16) (63,31) (0,0))
((64,16) (79,31) (0,0))
((80,16) (95,31) (0,0))
((96,16) (111,31) (0,0))
((112,16) (127,31) (0,0))
((0,32) (15,47) (0,0))
((16,32) (31,47) (0,0))
((32,32) (47,47) (0,0))
((48,32) (63,47) (0,0))
((64,32) (79,47) (0,0))
((80,32) (95,47) (0,0))
((96,32) (111,47) (0,0))
((112,32) (127,47) (0,0))
((0,48) (15,63) (0,0))
((16,48) (31,63) (0,0))
((32,48) (47,63) (0,0))
((48,48) (63,63) (0,0))
((64,48) (79,63) (0,0))
((80,48) (95,63) (0,0))
((96,48) (111,63) (0,0))
((112,48) (127,63) (0,0))
((0,64) (15,79) (0,0))
((16,64) (31,79) (0,0))
((32,64) (47,79) (0,0))
((48,64) (63,79) (0,0))
((64,64) (79,79) (0,0))
((80,64) (95,79) (0,0))
((96,64) (111,79) (0,0))
((112,64) (127,79) (0,0))
((0,80) (15,95) (0,0))
((16,80) (31,95) (0,0))
((32,80) (47,95) (0,0))
((48,80) (63,95) (0,0))
((64,80) (79,95) (0,0))
((80,80) (95,95) (0,0))
((96,80) (111,95) (0,0))
((112,80) (127,95) (0,0))
((0,96) (15,111) (0,0))
((16,96) (31,111) (0,0))
((32,96) (47,111) (0,0))
((48,96) (63,111) (0,0))
((64,96) (79,111) (0,0))
((80,96) (95,111) (0,0))
((96,96) (111,111) (0,0))
((112,96) (127,111) (0,0))
((0,112) (15,127) (0,0))
((16,112) (31,127) (0,0))
((32,112) (47,127) (0,0))
((48,112) (63,127) (0,0))
((64,112) (79,127) (0,0))
((80,112) (95,127) (0,0))
((96,112) (111,127) (0,0))
((112,112) (127,127) (0,0))
)
64
FabOnDisk: SD_2_Old_MF_D_00000 0
FabOnDisk: SD_2_Old_MF_D_00000 9300
FabOnDisk: SD_2_Old_MF_D_00000 18600
FabOnDisk: SD_2_Old_MF_D_00000 27900
FabOnDisk: SD_2_Old_MF_D_00000 37200
FabOnDisk: SD_2_Old_MF_D_00000 46500
FabOnDisk: SD_2_Old_MF_D_00000 55800
FabOnDisk: SD_2_Old_MF_D_00000 65101
FabOnDisk: SD_2_Old_MF_D_00000 74403
FabOnDisk: SD_2_Old_MF_D_00000 83703
FabOnDisk: SD_2_Old_MF_D_00000 93003
FabOnDisk: SD_2_Old_MF_D_00000 102303
FabOnDisk: SD_2_Old_MF_D_00000 111603
FabOnDisk: SD_2_Old_MF_D_00000 120903
FabOnDisk: SD_2_Old_MF_D_00000 130203
FabOnDisk: SD_2_Old_MF_D_00000 139504
FabOnDisk: SD_2_Old_MF_D_00000 148806
FabOnDisk: SD_2_Old_MF_D_00000 158106
FabOnDisk: SD_2_Old_MF_D_00000 167406
FabOnDisk: SD_2_Old_MF_D_00000 176706
FabOnDisk: SD_2_Old_MF_D_00000 186006
FabOnDisk: SD_2_Old_MF_D_00000 195306
FabOnDisk: SD_2_Old_MF_D_00000 204606
FabOnDisk: SD_2_Old_MF_D_00000 213907
FabOnDisk: SD_2_Old_MF_D_00000 223209
FabOnDisk: SD_2_Old_MF_D_00000 232509
FabOnDisk: SD_2_Old_MF_D_00000 241809
FabOnDisk: SD_2_Old_MF_D_00000 251109
FabOnDisk: SD_2_Old_MF_D_00000 260409
FabOnDisk: SD_2_Old_MF_D_00000 269709
FabOnDisk: SD_2_Old_MF_D_00000 279009
FabOnDisk: SD_2_Old_MF_D_00000 288310
FabOnDisk: SD_2_Old_MF_D_00000 297612
FabOnDisk: SD_2_Old_MF_D_00000 306912
FabOnDisk: SD_2_Old_MF_D_00000 316212
FabOnDisk: SD_2_Old_MF_D_00000 325512
FabOnDisk: SD_2_Old_MF_D_00000 334812
FabOnDisk: SD_2_Old_MF_D_00000 344112
FabOnDisk: SD_2_Old_MF_D_00000 353412
FabOnDisk: SD_2_Old_MF_D_00000 362713
FabOnDisk: SD_2_Old_MF_D_00000 372015
FabOnDisk: SD_2_Old_MF_D_00000 381315
FabOnDisk: SD_2_Old_MF_D_00000 390615
FabOnDisk: SD_2_Old_MF_D_00000 399915
FabOnDisk: SD_2_Old_MF_D_00000 409215
FabOnDisk: SD_2_Old_MF_D_00000 418515
FabOnDisk: SD_2_Old_MF_D_00000 427815
FabOnDisk: SD_2_Old_MF_D_00000 437116
FabOnDisk: SD_2_Old_MF_D_00000 446418
FabOnDisk: SD_2_Old_MF_D_00000 455719
FabOnDisk: SD_2_Old_MF_D_00000 465020
FabOnDisk: SD_2_Old_MF_D_00000 474321
FabOnDisk: SD_2_Old_MF_D_00000 483622
FabOnDisk: SD_2_Old_MF_D_00000 492923
FabOnDisk: SD_2_Old_MF_D_00000 502224
FabOnDisk: SD_2_Old_MF_D_00000 511526
FabOnDisk: SD_2_Old_MF_D_00000 520829
FabOnDisk: SD_2_Old_MF_D_00000 530131
FabOnDisk: SD_2_Old_MF_D_00000 539433
FabOnDisk: SD_2_Old_MF_D_00000 548735
FabOnDisk: SD_2_Old_MF_D_00000 558037
FabOnDisk: SD_2_Old_MF_D_00000 567339
FabOnDisk: SD_2_Old_MF_D_00000 576641
FabOnDisk: SD_2_Old_MF_D_00000 585944

64,2
-7.9305879055735151e-01,1.1700974955421335e-02,
-9.0719533850322154e-01,-1.5714169951995174e-01,
-7.9564141952517720e-01,-2.7199862748252962e-01,
-4.4477106487441420e-01,-2.5960374682128817e-01,
-2.3772733521361689e-01,-1.5736614083804173e-01,
-1.1532827040540279e-01,-7.7205117278287216e-02,
-5.5472808090297282e-02,-3.4773306891766144e-02,
-2.9660271019647105e-02,-1.3090025739695980e-02,
-2.2460334439747704e+00,4.2272886529063269e-01,
-2.3446822929602544e+00,-1.0325076695351747e+00,
-1.1867396014623157e+00,-1.0699168354442550e+00,
-4.1831844924513750e-01,-6.4260197958981780e-01,
-1.8453110666874550e-01,-2.6955456126103261e-01,
-8.2740028856650535e-02,-1.1781461105243719e-01,
-3.8763329926463787e-02,-5.1329329320270255e-02,
-2.0546442932320018e-02,-1.9132780617856962e-02,
-9.9606975245043898e+00,1.0921124008379981e+00,
-1.1916714903252268e+01,-8.8333352290395233e+00,
-1.2133301154490650e+00,-5.2235428993016111e+00,
-1.3223772935328215e-01,-7.4625094261271574e-01,
-8.4930462658415404e-03,-2.7327365973193568e-01,
6.5500534612189412e-04,-1.1808594559428261e-01,
6.5365957466048436e-04,-5.1377466236454131e-02,
5.0360616730283953e-04,-1.9142436976976221e-02,
-1.7516877781158620e+01,6.0989702343001650e-01,
-1.3168953647033461e+03,-1.3184612268696085e+03,
-2.2770749900750236e+01,-6.0624590070118911e+00,
2.1818511813583999e-01,-4.2161263390250048e-01,
9.2097871495028599e-02,-1.7955882284265173e-01,
4.2692837440826407e-02,-8.1738025766624284e-02,
2.2305348653810588e-02,-3.5703629175870388e-02,
1.6512723743073915e-02,-1.3275953284776969e-02,
-1.7516877781157881e+01,-5.7349514818756880e+01,
-1.3168953647033557e+03,-6.3805084191139485e+02,
-2.2770749900749809e+01,-2.5236203359075127e+01,
2.1818511813540631e-01,-1.6587056095456776e-01,
9.2097871494920491e-02,2.9874083056242052e-03,
4.2692837440765942e-02,1.3398878552010516e-03,
2.2305348654996570e-02,5.0999916385523593e-04,
1.6512723742202664e-02,1.4245786504945471e-05,
-9.9606975245026579e+00,-7.6617368318081178e+00,
-1.1916714903253661e+01,-3.5807936421988331e+00,
-1.2133301154492189e+00,5.3494079593079191e-01,
-1.3223772935313016e-01,2.0110123534042634e-01,
-8.4930462658925846e-03,9.0428732110341720e-02,
6.5500534604399018e-04,3.9574703239987262e-02,
6.5365957249586962e-04,1.5026920980323098e-02,
5.0360616843125254e-04,4.1907383572573867e-04,
-2.2460334439749179e+00,-2.5406132800809185e+00,
-2.3446822929617697e+00,-8.5318746475280016e-01,
-1.1867396014639446e+00,1.9984231389832946e-01,
-4.1831844924560163e-01,1.7387395624186880e-01,
-1.8453110666851436e-01,8.5309519743079570e-02,
-8.2740028856527759e-02,3.8542508115171403e-02,
-3.8763329926486248e-02,1.4820194002334815e-02,
-2.0546442932341910e-02,4.1215288578984159e-04,
-7.9305879055882356e-01,-7.4972483391965961e-01,
-9.0719533850280254e-01,-3.5361210164896251e-01,
-7.9564141952426126e-01,3.5094761098777155e-03,
-4.4477106487436052e-01,5.3447395697499376e-03,
-2.3772733521390460e-01,2.7979621123362837e-03,
-1.1532827040568668e-01,1.2918100454702283e-03,
-5.5472808090059729e-02,4.9995548801060258e-04,
-2.9660271019588527e-02,1.3906436604944024e-05,

64,2
-4.3336526763549689e-02,7.4972483391964051e-01,
-5.4963558086573661e-01,3.5361210164853785e-01,
-4.4365790239075847e-01,-3.5094761104670011e-03,
-2.0099535242801381e-01,-5.3447395696608162e-03,
-9.0832047266095270e-02,-2.7979621118628777e-03,
-4.2529946164341768e-02,-1.2918100449519038e-03,
-2.2276273101992296e-02,-4.9995548790680107e-04,
-1.6507928840442668e-02,-1.3906436081108017e-05,
-7.6793927536147721e-02,2.5406132800802501e+00,
-8.3894907262552498e-01,8.5318746475189988e-01,
-1.9211447974631260e-01,-1.9984231389842036e-01,
-2.5582462317865720e-02,-1.7387395624171659e-01,
-5.8049785576499797e-03,-8.5309519742916423e-02,
-1.9404201842390420e-03,-3.8542508115123719e-02,
-8.5732685207249074e-04,-1.4820194002249343e-02,
-5.9600368416093928e-04,-4.1215288581249209e-04,
-2.4767054799207933e-01,7.6617368318090939e+00,
1.3213414812674047e+00,3.5807936421992110e+00,
2.1451598275020727e+00,-5.3494079593103161e-01,
6.6063742712142970e-01,-2.0110123533999325e-01,
1.9646390550334455e-01,-9.0428732110639246e-02,
8.3379166691508952e-02,-3.9574703239884164e-02,
3.8816209246027945e-02,-1.5026920980263255e-02,
2.0552970101573666e-02,-4.1907383553952917e-04,
7.2274223727431860e+01,5.7349514818756987e+01,
1.4422723573415105e+03,6.3805084191134483e+02,
1.7296675708994371e+01,2.5236203359075422e+01,
7.6433334354818638e-01,1.6587056095443853e-01,
2.5136315079771077e-01,-2.9874083055234178e-03,
1.1986842899935050e-01,-1.3398878553811809e-03,
5.6471820067207745e-02,-5.0999916390993935e-04,
2.9874993107232732e-02,-1.4245786487439502e-05,
7.2274223727431760e+01,-6.0989702343035790e-01,
1.4422723573415558e+03,1.3184612268696085e+03,
1.7296675708993245e+01,6.0624590070117064e+00,
7.6433334354794891e-01,4.2161263390277298e-01,
2.5136315079770988e-01,1.7955882284290281e-01,
1.1986842899931063e-01,8.1738025766805625e-02,
5.6471820067231324e-02,3.5703629175902737e-02,
2.9874993107768290e-02,1.3275953284571512e-02,
-2.4767054799307020e-01,-1.0921124008381140e+00,
1.3213414812659994e+00,8.8333352290395357e+00,
2.1451598275019048e+00,5.2235428993009254e+00,
6.6063742712179552e-01,7.4625094261255143e-01,
1.9646390550395385e-01,2.7327365973205281e-01,
8.3379166691826045e-02,1.1808594559393588e-01,
3.8816209245868538e-02,5.1377466236007259e-02,
2.0552970101690850e-02,1.9142436976737065e-02,
-7.6793927536366810e-02,-4.2272886529043702e-01,
-8.3894907262548901e-01,1.0325076695354429e+00,
-1.9211447974628079e-01,1.0699168354445689e+00,
-2.5582462317821679e-02,6.4260197958987508e-01,
-5.8049785574938156e-03,2.6955456126124949e-01,
-1.9404201846743058e-03,1.1781461105231715e-01,
-8.5732685318643887e-04,5.1329329320710937e-02,
-5.9600368253141453e-04,1.9132780618290116e-02,
-4.3336526763297460e-02,-1.1700974954317704e-02,
-5.4963558086366238e-01,1.5714169952090584e-01,
-4.4365790239093555e-01,2.7199862748198583e-01,
-2.0099535242784083e-01,2.5960374682136794e-01,
-9.0832047266119709e-02,1.5736614083796163e-01,
-4.2529946164467418e-02,7.7205117278076926e-02,
-2.2276273101902923e-02,3.4773306891683911e-02,
-1.6507928840400164e-02,1.3090025739907144e-02,

