1
1
4
4
(6 0
((80,232) (95,247) (0,0))
((96,232) (111,247) (0,0))
((80,248) (95,263) (0,0))
((96,248) (111,263) (0,0))
((80,264) (95,279) (0,0))
((96,264) (111,279) (0,0))
)
6
FabOnDisk: SD_0_New_MF_D_00000 0
FabOnDisk: SD_0_New_MF_D_00000 18518
FabOnDisk: SD_0_New_MF_D_00000 37037
FabOnDisk: SD_0_New_MF_D_00000 55555
FabOnDisk: SD_0_New_MF_D_00000 74074
FabOnDisk: SD_0_New_MF_D_00000 92592

6,4
-2.0431010990229154e-01,-7.1295808801511573e-01,9.9999999999952172e-01,-8.1009923920749547e-16,
-1.0156147760371721e-01,-5.1998736087218456e-01,9.9999999999973577e-01,-2.4792871975041859e-15,
1.9463036139768471e-02,-6.3049990190454686e-01,9.9999999999908673e-01,-8.3463420078909357e-15,
-2.0585021651367502e-01,-4.9533854326157639e-01,9.9999999999980205e-01,-3.0468064548545279e-15,
-2.0638812793590178e-01,-1.8673750107776180e-01,9.9999999999932165e-01,-8.4854847552549203e-15,
-1.0171115268839048e-01,-7.7990285421518073e-03,9.9999999999767208e-01,-2.6091420665267776e-15,

6,4
1.0000000000000000e+40,1.0000000000000000e+40,1.0000000000000000e+40,1.0000000000000000e+40,
1.0000000000000000e+40,1.0000000000000000e+40,1.0000000000000000e+40,1.0000000000000000e+40,
1.0000000000000000e+40,1.0000000000000000e+40,1.0000000000000000e+40,1.0000000000000000e+40,
1.0000000000000000e+40,1.0000000000000000e+40,1.0000000000000000e+40,1.0000000000000000e+40,
1.0000000000000000e+40,1.0000000000000000e+40,1.0000000000000000e+40,1.0000000000000000e+40,
1.0000000000000000e+40,1.0000000000000000e+40,1.0000000000000000e+40,1.0000000000000000e+40,

