1
1
2
4
(6 0
((80,232) (95,247) (0,0))
((96,232) (111,247) (0,0))
((80,248) (95,263) (0,0))
((96,248) (111,263) (0,0))
((80,264) (95,279) (0,0))
((96,264) (111,279) (0,0))
)
6
FabOnDisk: SD_2_New_MF_D_00000 0
FabOnDisk: SD_2_New_MF_D_00000 9302
FabOnDisk: SD_2_New_MF_D_00000 18605
FabOnDisk: SD_2_New_MF_D_00000 27907
FabOnDisk: SD_2_New_MF_D_00000 37210
FabOnDisk: SD_2_New_MF_D_00000 46512

6,2
-9.0048617582704105e+02,-4.0163270571859852e+02,
-3.1696096103886396e+02,-1.5623940018777347e+02,
-4.9150291585266592e+02,-4.8783078018266690e+02,
-3.8029960151110049e+02,-1.9873371279972014e+02,
-8.2930563046135933e+02,-4.0918266350644137e+02,
-3.1718536315206586e+02,-2.5173660488089479e+02,

6,2
1.0000000000000000e+40,1.0000000000000000e+40,
1.0000000000000000e+40,1.0000000000000000e+40,
1.0000000000000000e+40,1.0000000000000000e+40,
1.0000000000000000e+40,1.0000000000000000e+40,
1.0000000000000000e+40,1.0000000000000000e+40,
1.0000000000000000e+40,1.0000000000000000e+40,

