1
1
2
4
(64 0
((0,0) (15,15) (0,0))
((16,0) (31,15) (0,0))
((32,0) (47,15) (0,0))
((48,0) (63,15) (0,0))
((64,0) (79,15) (0,0))
((80,0) (95,15) (0,0))
((96,0) (111,15) (0,0))
((112,0) (127,15) (0,0))
((0,16) (15,31) (0,0))
((16,16) (31,31) (0,0))
((32,16) (47,31) (0,0))
((48,16) (63,31) (0,0))
((64,16) (79,31) (0,0))
((80,16) (95,31) (0,0))
((96,16) (111,31) (0,0))
((112,16) (127,31) (0,0))
((0,32) (15,47) (0,0))
((16,32) (31,47) (0,0))
((32,32) (47,47) (0,0))
((48,32) (63,47) (0,0))
((64,32) (79,47) (0,0))
((80,32) (95,47) (0,0))
((96,32) (111,47) (0,0))
((112,32) (127,47) (0,0))
((0,48) (15,63) (0,0))
((16,48) (31,63) (0,0))
((32,48) (47,63) (0,0))
((48,48) (63,63) (0,0))
((64,48) (79,63) (0,0))
((80,48) (95,63) (0,0))
((96,48) (111,63) (0,0))
((112,48) (127,63) (0,0))
((0,64) (15,79) (0,0))
((16,64) (31,79) (0,0))
((32,64) (47,79) (0,0))
((48,64) (63,79) (0,0))
((64,64) (79,79) (0,0))
((80,64) (95,79) (0,0))
((96,64) (111,79) (0,0))
((112,64) (127,79) (0,0))
((0,80) (15,95) (0,0))
((16,80) (31,95) (0,0))
((32,80) (47,95) (0,0))
((48,80) (63,95) (0,0))
((64,80) (79,95) (0,0))
((80,80) (95,95) (0,0))
((96,80) (111,95) (0,0))
((112,80) (127,95) (0,0))
((0,96) (15,111) (0,0))
((16,96) (31,111) (0,0))
((32,96) (47,111) (0,0))
((48,96) (63,111) (0,0))
((64,96) (79,111) (0,0))
((80,96) (95,111) (0,0))
((96,96) (111,111) (0,0))
((112,96) (127,111) (0,0))
((0,112) (15,127) (0,0))
((16,112) (31,127) (0,0))
((32,112) (47,127) (0,0))
((48,112) (63,127) (0,0))
((64,112) (79,127) (0,0))
((80,112) (95,127) (0,0))
((96,112) (111,127) (0,0))
((112,112) (127,127) (0,0))
)
64
FabOnDisk: SD_2_Old_MF_D_00000 0
FabOnDisk: SD_2_Old_MF_D_00000 9300
FabOnDisk: SD_2_Old_MF_D_00000 18600
FabOnDisk: SD_2_Old_MF_D_00000 27900
FabOnDisk: SD_2_Old_MF_D_00000 37200
FabOnDisk: SD_2_Old_MF_D_00000 46500
FabOnDisk: SD_2_Old_MF_D_00000 55800
FabOnDisk: SD_2_Old_MF_D_00000 65101
FabOnDisk: SD_2_Old_MF_D_00000 74403
FabOnDisk: SD_2_Old_MF_D_00000 83703
FabOnDisk: SD_2_Old_MF_D_00000 93003
FabOnDisk: SD_2_Old_MF_D_00000 102303
FabOnDisk: SD_2_Old_MF_D_00000 111603
FabOnDisk: SD_2_Old_MF_D_00000 120903
FabOnDisk: SD_2_Old_MF_D_00000 130203
FabOnDisk: SD_2_Old_MF_D_00000 139504
FabOnDisk: SD_2_Old_MF_D_00000 148806
FabOnDisk: SD_2_Old_MF_D_00000 158106
FabOnDisk: SD_2_Old_MF_D_00000 167406
FabOnDisk: SD_2_Old_MF_D_00000 176706
FabOnDisk: SD_2_Old_MF_D_00000 186006
FabOnDisk: SD_2_Old_MF_D_00000 195306
FabOnDisk: SD_2_Old_MF_D_00000 204606
FabOnDisk: SD_2_Old_MF_D_00000 213907
FabOnDisk: SD_2_Old_MF_D_00000 223209
FabOnDisk: SD_2_Old_MF_D_00000 232509
FabOnDisk: SD_2_Old_MF_D_00000 241809
FabOnDisk: SD_2_Old_MF_D_00000 251109
FabOnDisk: SD_2_Old_MF_D_00000 260409
FabOnDisk: SD_2_Old_MF_D_00000 269709
FabOnDisk: SD_2_Old_MF_D_00000 279009
FabOnDisk: SD_2_Old_MF_D_00000 288310
FabOnDisk: SD_2_Old_MF_D_00000 297612
FabOnDisk: SD_2_Old_MF_D_00000 306912
FabOnDisk: SD_2_Old_MF_D_00000 316212
FabOnDisk: SD_2_Old_MF_D_00000 325512
FabOnDisk: SD_2_Old_MF_D_00000 334812
FabOnDisk: SD_2_Old_MF_D_00000 344112
FabOnDisk: SD_2_Old_MF_D_00000 353412
FabOnDisk: SD_2_Old_MF_D_00000 362713
FabOnDisk: SD_2_Old_MF_D_00000 372015
FabOnDisk: SD_2_Old_MF_D_00000 381315
FabOnDisk: SD_2_Old_MF_D_00000 390615
FabOnDisk: SD_2_Old_MF_D_00000 399915
FabOnDisk: SD_2_Old_MF_D_00000 409215
FabOnDisk: SD_2_Old_MF_D_00000 418515
FabOnDisk: SD_2_Old_MF_D_00000 427815
FabOnDisk: SD_2_Old_MF_D_00000 437116
FabOnDisk: SD_2_Old_MF_D_00000 446418
FabOnDisk: SD_2_Old_MF_D_00000 455719
FabOnDisk: SD_2_Old_MF_D_00000 465020
FabOnDisk: SD_2_Old_MF_D_00000 474321
FabOnDisk: SD_2_Old_MF_D_00000 483622
FabOnDisk: SD_2_Old_MF_D_00000 492923
FabOnDisk: SD_2_Old_MF_D_00000 502224
FabOnDisk: SD_2_Old_MF_D_00000 511526
FabOnDisk: SD_2_Old_MF_D_00000 520829
FabOnDisk: SD_2_Old_MF_D_00000 530131
FabOnDisk: SD_2_Old_MF_D_00000 539433
FabOnDisk: SD_2_Old_MF_D_00000 548735
FabOnDisk: SD_2_Old_MF_D_00000 558037
FabOnDisk: SD_2_Old_MF_D_00000 567339
FabOnDisk: SD_2_Old_MF_D_00000 576641
FabOnDisk: SD_2_Old_MF_D_00000 585944

64,2
-7.9305879055736028e-01,1.1700974955426366e-02,
-9.0719533850320677e-01,-1.5714169951999354e-01,
-7.9564141952516887e-01,-2.7199862748249926e-01,
-4.4477106487461671e-01,-2.5960374682124038e-01,
-2.3772733521347561e-01,-1.5736614083813055e-01,
-1.1532827040533099e-01,-7.7205117278385568e-02,
-5.5472808090633707e-02,-3.4773306891696880e-02,
-2.9660271019578282e-02,-1.3090025739831477e-02,
-2.2460334439747869e+00,4.2272886529058706e-01,
-2.3446822929602482e+00,-1.0325076695350721e+00,
-1.1867396014621654e+00,-1.0699168354441733e+00,
-4.1831844924515954e-01,-6.4260197958973375e-01,
-1.8453110666847303e-01,-2.6955456126104160e-01,
-8.2740028856735537e-02,-1.1781461105229117e-01,
-3.8763329926352438e-02,-5.1329329320273891e-02,
-2.0546442933458461e-02,-1.9132780617697027e-02,
-9.9606975245044946e+00,1.0921124008380101e+00,
-1.1916714903254418e+01,-8.8333352290395695e+00,
-1.2133301154498819e+00,-5.2235428993016315e+00,
-1.3223772935329267e-01,-7.4625094261271940e-01,
-8.4930462658410113e-03,-2.7327365973195500e-01,
6.5500534607075642e-04,-1.1808594559396818e-01,
6.5365957479109375e-04,-5.1377466236457052e-02,
5.0360616748220191e-04,-1.9142436976841804e-02,
-1.7516877781158520e+01,6.0989702342991936e-01,
-1.3168953647033461e+03,-1.3184612268696098e+03,
-2.2770749900749994e+01,-6.0624590070119506e+00,
2.1818511813566333e-01,-4.2161263390247417e-01,
9.2097871495074909e-02,-1.7955882284268920e-01,
4.2692837440218852e-02,-8.1738025766685499e-02,
2.2305348653828619e-02,-3.5703629175547133e-02,
1.6512723742355111e-02,-1.3275953284759470e-02,
-1.7516877781158307e+01,-5.7349514818756866e+01,
-1.3168953647033566e+03,-6.3805084191139531e+02,
-2.2770749900749941e+01,-2.5236203359075027e+01,
2.1818511813545727e-01,-1.6587056095452787e-01,
9.2097871494995778e-02,2.9874083055994637e-03,
4.2692837440761924e-02,1.3398878552027863e-03,
2.2305348654411177e-02,5.0999916425339021e-04,
1.6512723742249609e-02,1.4245786482753377e-05,
-9.9606975245036811e+00,-7.6617368318081605e+00,
-1.1916714903254514e+01,-3.5807936421991227e+00,
-1.2133301154475800e+00,5.3494079593077770e-01,
-1.3223772935322520e-01,2.0110123534051699e-01,
-8.4930462659223906e-03,9.0428732110372861e-02,
6.5500534609444212e-04,3.9574703239972947e-02,
6.5365957250328416e-04,1.5026920979916460e-02,
5.0360616853252634e-04,4.1907383570244697e-04,
-2.2460334439747260e+00,-2.5406132800808701e+00,
-2.3446822929617293e+00,-8.5318746475272489e-01,
-1.1867396014606690e+00,1.9984231389898380e-01,
-4.1831844924550243e-01,1.7387395624196794e-01,
-1.8453110666840111e-01,8.5309519743048179e-02,
-8.2740028856541539e-02,3.8542508115024784e-02,
-3.8763329926403564e-02,1.4820194002305789e-02,
-2.0546442932426773e-02,4.1215288553425632e-04,
-7.9305879055737061e-01,-7.4972483391985179e-01,
-9.0719533850314538e-01,-3.5361210164865980e-01,
-7.9564141952429523e-01,3.5094761107029235e-03,
-4.4477106487434548e-01,5.3447395697608230e-03,
-2.3772733521397954e-01,2.7979621123361102e-03,
-1.1532827040573503e-01,1.2918100456044634e-03,
-5.5472808089242528e-02,4.9995548802739688e-04,
-2.9660271019548722e-02,1.3906436604828997e-05,

64,2
-4.3336526763482555e-02,7.4972483391999445e-01,
-5.4963558086573938e-01,3.5361210164848184e-01,
-4.4365790239075853e-01,-3.5094761104666541e-03,
-2.0099535242728236e-01,-5.3447395696693597e-03,
-9.0832047266173027e-02,-2.7979621118763651e-03,
-4.2529946163984186e-02,-1.2918100449415496e-03,
-2.2276273101483134e-02,-4.9995548789822774e-04,
-1.6507928840563232e-02,-1.3906436096370026e-05,
-7.6793927536232195e-02,2.5406132800801289e+00,
-8.3894907262552820e-01,8.5318746475187457e-01,
-1.9211447974621904e-01,-1.9984231389847223e-01,
-2.5582462317839474e-02,-1.7387395624133467e-01,
-5.8049785575904813e-03,-8.5309519743016121e-02,
-1.9404201842367933e-03,-3.8542508115123233e-02,
-8.5732685199966857e-04,-1.4820194002758897e-02,
-5.9600368401856326e-04,-4.1215288581834120e-04,
-2.4767054799213969e-01,7.6617368318082448e+00,
1.3213414812673978e+00,3.5807936421986666e+00,
2.1451598275020496e+00,-5.3494079593077082e-01,
6.6063742712164775e-01,-2.0110123534038835e-01,
1.9646390550411238e-01,-9.0428732110695381e-02,
8.3379166691558482e-02,-3.9574703239878842e-02,
3.8816209246387026e-02,-1.5026920980206748e-02,
2.0552970101613555e-02,-4.1907383572709848e-04,
7.2274223727432940e+01,5.7349514818757029e+01,
1.4422723573415126e+03,6.3805084191134381e+02,
1.7296675708994623e+01,2.5236203359075500e+01,
7.6433334354849913e-01,1.6587056095447306e-01,
2.5136315079774496e-01,-2.9874083055532116e-03,
1.1986842899932193e-01,-1.3398878552750592e-03,
5.6471820067230588e-02,-5.0999916395059693e-04,
2.9874993107939278e-02,-1.4245786496498689e-05,
7.2274223727432428e+01,-6.0989702343043561e-01,
1.4422723573415560e+03,1.3184612268696085e+03,
1.7296675708993515e+01,6.0624590070111264e+00,
7.6433334354811344e-01,4.2161263390273218e-01,
2.5136315079774763e-01,1.7955882284294750e-01,
1.1986842899930969e-01,8.1738025766875000e-02,
5.6471820067269494e-02,3.5703629175942962e-02,
2.9874993107344743e-02,1.3275953284237394e-02,
-2.4767054799332763e-01,-1.0921124008382732e+00,
1.3213414812666233e+00,8.8333352290396068e+00,
2.1451598275019141e+00,5.2235428993011315e+00,
6.6063742712199380e-01,7.4625094261266633e-01,
1.9646390550396436e-01,2.7327365973202999e-01,
8.3379166691935583e-02,1.1808594559389946e-01,
3.8816209245917492e-02,5.1377466236022129e-02,
2.0552970102391377e-02,1.9142436976810614e-02,
-7.6793927536283196e-02,-4.2272886529133008e-01,
-8.3894907262427576e-01,1.0325076695348165e+00,
-1.9211447974752355e-01,1.0699168354448734e+00,
-2.5582462317855510e-02,6.4260197958927578e-01,
-5.8049785574684140e-03,2.6955456126123989e-01,
-1.9404201844979508e-03,1.1781461105226960e-01,
-8.5732685315866464e-04,5.1329329320626900e-02,
-5.9600368254432640e-04,1.9132780618369500e-02,
-4.3336526767194516e-02,-1.1700974954445380e-02,
-5.4963558086370046e-01,1.5714169952062307e-01,
-4.4365790239073150e-01,2.7199862748208081e-01,
-2.0099535242778160e-01,2.5960374682131931e-01,
-9.0832047266119764e-02,1.5736614083800501e-01,
-4.2529946164289560e-02,7.7205117278038443e-02,
-2.2276273101949556e-02,3.4773306891644352e-02,
-1.6507928840270997e-02,1.3090025739925123e-02,

