1
1
4
2
(3 0
((120,88) (127,95) (0,0))
((112,96) (127,111) (0,0))
((0,112) (127,127) (0,0))
)
3
FabOnDisk: SD_0_New_MF_D_00000 0
FabOnDisk: SD_0_New_MF_D_00000 4694
FabOnDisk: SD_0_New_MF_D_00000 17581

3,4
-1.6537225175393605e-01,-5.3040467435312522e-01,9.9999999999936173e-01,0.0000000000000000e+00,
-1.5684798241328543e-01,-6.5841658601106190e-01,9.9993828240109128e-01,0.0000000000000000e+00,
-7.4768586472806209e-02,-6.6754700690590785e-01,9.9999997361361614e-01,0.0000000000000000e+00,

3,4
1.0232632723361006e-04,-1.4447516435096175e-02,1.0000000000001097e+00,0.0000000000000000e+00,
8.5608347061566226e-02,-4.2644147566549398e-02,1.0002155571438471e+00,0.0000000000000000e+00,
9.4153176697459617e-01,1.9929324601869070e-01,1.0000000049316575e+00,0.0000000000000000e+00,

