1
1
2
1
(3 0
((120,88) (127,95) (0,0))
((112,96) (127,111) (0,0))
((0,112) (127,127) (0,0))
)
3
FabOnDisk: SD_2_New_MF_D_00000 0
FabOnDisk: SD_2_New_MF_D_00000 1686
FabOnDisk: SD_2_New_MF_D_00000 6957

3,2
-1.3428346434407537e-01,-4.1130263610287171e-01,
-1.3531379840097102e-01,-3.2062844608961055e-01,
-2.3944751177991197e-01,-9.6029170532359878e+00,

3,2
8.3627647152316897e-01,-1.0842194540751207e-01,
7.9304604995103223e-01,8.7755956602156304e-01,
3.4847753870959146e+01,3.0110656342975297e+01,

