1
1
2
1
(3 0
((120,88) (127,95) (0,0))
((112,96) (127,111) (0,0))
((0,112) (127,127) (0,0))
)
3
FabOnDisk: SD_2_Old_MF_D_00000 0
FabOnDisk: SD_2_Old_MF_D_00000 1686
FabOnDisk: SD_2_Old_MF_D_00000 6957

3,2
-1.2530649567702790e-01,-3.9911985615754864e-01,
-1.3046097938567502e-01,-2.8938217510964948e-01,
-2.3918562524692932e-01,-9.6048647345522227e+00,

3,2
8.2129314687012456e-01,-9.2346973391612269e-02,
7.6441864413141536e-01,8.7435144712226165e-01,
3.4847938712540959e+01,3.0110394128520454e+01,

