1
1
9
0
(64 0
((0,0) (15,15) (0,0))
((16,0) (31,15) (0,0))
((32,0) (47,15) (0,0))
((48,0) (63,15) (0,0))
((64,0) (79,15) (0,0))
((80,0) (95,15) (0,0))
((96,0) (111,15) (0,0))
((112,0) (127,15) (0,0))
((0,16) (15,31) (0,0))
((16,16) (31,31) (0,0))
((32,16) (47,31) (0,0))
((48,16) (63,31) (0,0))
((64,16) (79,31) (0,0))
((80,16) (95,31) (0,0))
((96,16) (111,31) (0,0))
((112,16) (127,31) (0,0))
((0,32) (15,47) (0,0))
((16,32) (31,47) (0,0))
((32,32) (47,47) (0,0))
((48,32) (63,47) (0,0))
((64,32) (79,47) (0,0))
((80,32) (95,47) (0,0))
((96,32) (111,47) (0,0))
((112,32) (127,47) (0,0))
((0,48) (15,63) (0,0))
((16,48) (31,63) (0,0))
((32,48) (47,63) (0,0))
((48,48) (63,63) (0,0))
((64,48) (79,63) (0,0))
((80,48) (95,63) (0,0))
((96,48) (111,63) (0,0))
((112,48) (127,63) (0,0))
((0,64) (15,79) (0,0))
((16,64) (31,79) (0,0))
((32,64) (47,79) (0,0))
((48,64) (63,79) (0,0))
((64,64) (79,79) (0,0))
((80,64) (95,79) (0,0))
((96,64) (111,79) (0,0))
((112,64) (127,79) (0,0))
((0,80) (15,95) (0,0))
((16,80) (31,95) (0,0))
((32,80) (47,95) (0,0))
((48,80) (63,95) (0,0))
((64,80) (79,95) (0,0))
((80,80) (95,95) (0,0))
((96,80) (111,95) (0,0))
((112,80) (127,95) (0,0))
((0,96) (15,111) (0,0))
((16,96) (31,111) (0,0))
((32,96) (47,111) (0,0))
((48,96) (63,111) (0,0))
((64,96) (79,111) (0,0))
((80,96) (95,111) (0,0))
((96,96) (111,111) (0,0))
((112,96) (127,111) (0,0))
((0,112) (15,127) (0,0))
((16,112) (31,127) (0,0))
((32,112) (47,127) (0,0))
((48,112) (63,127) (0,0))
((64,112) (79,127) (0,0))
((80,112) (95,127) (0,0))
((96,112) (111,127) (0,0))
((112,112) (127,127) (0,0))
)
64
FabOnDisk: Cell_D_00000 0
FabOnDisk: Cell_D_00000 18514
FabOnDisk: Cell_D_00000 37029
FabOnDisk: Cell_D_00000 55544
FabOnDisk: Cell_D_00000 74059
FabOnDisk: Cell_D_00000 92574
FabOnDisk: Cell_D_00000 111089
FabOnDisk: Cell_D_00000 129605
FabOnDisk: Cell_D_00000 148122
FabOnDisk: Cell_D_00000 166637
FabOnDisk: Cell_D_00000 185153
FabOnDisk: Cell_D_00000 203669
FabOnDisk: Cell_D_00000 222185
FabOnDisk: Cell_D_00000 240701
FabOnDisk: Cell_D_00000 259217
FabOnDisk: Cell_D_00000 277734
FabOnDisk: Cell_D_00000 296252
FabOnDisk: Cell_D_00000 314767
FabOnDisk: Cell_D_00000 333283
FabOnDisk: Cell_D_00000 351799
FabOnDisk: Cell_D_00000 370315
FabOnDisk: Cell_D_00000 388831
FabOnDisk: Cell_D_00000 407347
FabOnDisk: Cell_D_00000 425864
FabOnDisk: Cell_D_00000 444382
FabOnDisk: Cell_D_00000 462897
FabOnDisk: Cell_D_00000 481413
FabOnDisk: Cell_D_00000 499929
FabOnDisk: Cell_D_00000 518445
FabOnDisk: Cell_D_00000 536961
FabOnDisk: Cell_D_00000 555477
FabOnDisk: Cell_D_00000 573994
FabOnDisk: Cell_D_00000 592512
FabOnDisk: Cell_D_00000 611027
FabOnDisk: Cell_D_00000 629543
FabOnDisk: Cell_D_00000 648059
FabOnDisk: Cell_D_00000 666575
FabOnDisk: Cell_D_00000 685091
FabOnDisk: Cell_D_00000 703607
FabOnDisk: Cell_D_00000 722124
FabOnDisk: Cell_D_00000 740642
FabOnDisk: Cell_D_00000 759157
FabOnDisk: Cell_D_00000 777673
FabOnDisk: Cell_D_00000 796189
FabOnDisk: Cell_D_00000 814705
FabOnDisk: Cell_D_00000 833221
FabOnDisk: Cell_D_00000 851737
FabOnDisk: Cell_D_00000 870254
FabOnDisk: Cell_D_00000 888772
FabOnDisk: Cell_D_00000 907288
FabOnDisk: Cell_D_00000 925805
FabOnDisk: Cell_D_00000 944322
FabOnDisk: Cell_D_00000 962839
FabOnDisk: Cell_D_00000 981356
FabOnDisk: Cell_D_00000 999873
FabOnDisk: Cell_D_00000 1018391
FabOnDisk: Cell_D_00000 1036910
FabOnDisk: Cell_D_00000 1055427
FabOnDisk: Cell_D_00000 1073945
FabOnDisk: Cell_D_00000 1092463
FabOnDisk: Cell_D_00000 1110981
FabOnDisk: Cell_D_00000 1129499
FabOnDisk: Cell_D_00000 1148017
FabOnDisk: Cell_D_00000 1166536

64,9
1.0000043273287680e+00,-6.5091878975675416e-03,9.9999999999993539e-01,4.4940116261955735e-15,-5.7194062691191305e-01,6.8466572120621377e-03,5.3369178055120287e-04,9.0538231239342994e-03,1.0000000000000000e+00,
1.0030593945295820e+00,-5.9113874886574623e-03,9.9999999999988365e-01,1.4474376552354577e-13,-6.2149621276807421e-01,-1.9120592191705627e-01,7.2941114172015570e-05,4.2753599540215183e-03,1.0000000000000000e+00,
1.0062056458438444e+00,-1.0192260186448305e-03,9.9999999999989042e-01,2.8363198825467903e-13,-4.6479519729908403e-01,-2.3366825244226463e-01,1.7355951112060786e-07,1.1101284885987901e-03,1.0000000000000000e+00,
1.0039009540021782e+00,5.3757212588638269e-05,9.9999999999997513e-01,4.1198040344725269e-13,-1.9923085253572481e-01,-1.8519659398164942e-01,2.7843483256431018e-06,2.5343417912875770e-04,1.0000000000000000e+00,
1.0018955068562274e+00,4.6625698487538826e-05,9.9999999999999334e-01,5.2471460880086136e-13,-7.1220212236149494e-02,-7.1070256908002755e-02,9.9641871999928133e-06,7.4027803239179530e-05,1.0000000000000000e+00,
1.0008900222297548e+00,2.5238298732244197e-05,9.9999999999997358e-01,6.1737037591546926e-13,-2.1409954464531769e-02,-2.0465400680572336e-02,1.6521787301986002e-08,2.8095878379840263e-05,1.0000000000000000e+00,
1.0004311401205812e+00,1.1737822771105722e-05,9.9999999999991973e-01,6.8624420851726360e-13,-6.3935296595536741e-03,-5.5863737495230482e-03,8.9969933750278994e-07,1.1250925957141839e-05,1.0000000000000000e+00,
1.0002480361766781e+00,3.6712674049864417e-06,9.9999999999978428e-01,7.2848332866851496e-13,-8.0516075340424445e-03,-1.5347853547335974e-03,2.4629855519193219e-07,1.8131921137765953e-06,1.0000000000000000e+00,
1.0000078221666706e+00,-2.0215325740788413e-02,9.9999999999991773e-01,4.4941241175857557e-15,-1.8200031498674722e+00,2.4775450169485444e-01,2.1369612047777292e-02,1.0273941669400141e-02,1.0000000000000000e+00,
1.0048564186371642e+00,-1.7703423218234982e-02,9.9999999999999289e-01,1.4695154211153156e-13,-1.8712878029347833e+00,-1.0924562150089006e+00,4.1638993257785140e-04,-9.0395373729941085e-04,1.0000000000000000e+00,
1.0070882523137565e+00,-1.0502062372425717e-03,1.0000000000000009e+00,2.8509854061743171e-13,-6.1648075812808079e-01,-1.0901046216798753e+00,5.6425334269555316e-06,-2.5708431641531292e-03,1.0000000000000000e+00,
1.0021734132204183e+00,2.3409549286942531e-03,1.0000000000000036e+00,4.1297069994496296e-13,-1.4290118764173301e-01,-3.8405879571402263e-01,1.0313517294080476e-04,-1.9271328046280120e-03,1.0000000000000000e+00,
1.0005081740493611e+00,1.5156630852773217e-03,1.0000000000000027e+00,5.2534172030804521e-13,-2.6620359135914654e-02,-8.4919586032738165e-02,5.2257942313727046e-07,-5.5303433085833009e-04,1.0000000000000000e+00,
1.0001232872384826e+00,7.8030886665390571e-04,1.0000000000000016e+00,6.1774697752695108e-13,-5.6119872051970995e-03,-2.1873747624909561e-02,5.4079212254143361e-07,-1.2247718402625578e-04,1.0000000000000000e+00,
1.0000339961229425e+00,3.5446245774056821e-04,1.0000000000000011e+00,6.8646288004213842e-13,-1.9353033616260652e-03,-5.8866807780439522e-03,2.4237442638238432e-05,-2.5313605350206966e-05,1.0000000000000000e+00,
1.0000125084433800e+00,1.0996500239063578e-04,9.9999999999999467e-01,7.2861321173184638e-13,-5.5196122543878946e-03,-1.6575894982765887e-03,3.9648969545925949e-08,-4.7791242417237700e-06,1.0000000000000000e+00,
1.0000254451167894e+00,-6.0626002787442491e-02,9.9999999999991795e-01,4.4348055334462296e-15,-8.9045358937461394e+00,6.4394221502791016e-01,1.7143674843134171e-02,1.4482048495428352e-02,1.0000000000000000e+00,
1.0135883550549556e+00,-5.7523207717250370e-02,9.9999999999996947e-01,1.4593861337586642e-13,-1.0788090160060950e+01,-9.9649855067164221e+00,5.4595872718832261e-04,-3.5306023583222317e-02,1.0000000000000000e+00,
9.9893085307951857e-01,1.7115286091987116e-03,9.9999999999998412e-01,2.8567124834409750e-13,-5.9790218330946532e-01,-6.0584534239069470e+00,4.5170126970750513e-05,-3.0429030276140148e-02,1.0000000000000000e+00,
9.9613214339180767e-01,5.4601705671378032e-03,9.9999999999999489e-01,4.1366090464497708e-13,8.2937553827699961e-02,-3.8043478321071583e-01,1.4796168822106548e-05,-4.0008913824674877e-03,1.0000000000000000e+00,
9.9668417571586065e-01,2.4158131807302196e-03,9.9999999999999745e-01,5.2579006722850301e-13,1.1165873886240643e-02,-5.4346240562802919e-02,1.7105312055676336e-06,-6.9581149043193265e-04,1.0000000000000000e+00,
9.9829233879830725e-01,9.6709732983195893e-04,9.9999999999999822e-01,6.1798513300177617e-13,2.8294262784935515e-03,-9.5815723979166371e-03,8.1456874157816161e-05,-1.4352317584878109e-04,1.0000000000000000e+00,
9.9919260934238951e-01,3.9316739071741820e-04,1.0000000000000000e+00,6.8658866136754879e-13,1.0248817961325252e-03,-2.9246184897291326e-03,4.9781844008861542e-05,-3.3731738628637697e-05,1.0000000000000000e+00,
9.9960648002626573e-01,1.1747409626063266e-04,9.9999999999999267e-01,7.2868490499180274e-13,-7.9607241900793652e-05,-1.1234960006792773e-03,5.4070278707532560e-06,-1.0355172551091261e-05,1.0000000000000000e+00,
8.3305354839477463e-01,-1.3200265204759246e-01,9.9999999999946110e-01,-3.9491307957482243e-13,-1.5509002233738517e+01,5.0971651376336757e-01,8.0359597611834310e-02,3.0491394073684168e-02,1.0000000000000000e+00,
-5.0321730827945665e-01,-6.6819470467297781e-01,0.0000000000000000e+00,-5.4310446908580265e-13,-6.6583979602634133e+02,-4.2117624068422833e+02,0.0000000000000000e+00,-8.2427195433212752e-01,0.0000000000000000e+00,
4.8433771406717996e-01,1.7869217928655134e-03,9.9999999999980704e-01,2.8278410244781436e-13,-4.9823282531737405e+01,-9.1312452886699660e+00,2.8669687196669624e-03,-7.2426211475843189e-02,1.0000000000000000e+00,
9.6968259463733786e-01,3.0439799818440317e-04,9.9999999999998512e-01,4.1508897607068975e-13,-1.4482526003402294e+00,1.1135184538191420e-02,3.1818068458493512e-04,-3.1801335959581152e-03,1.0000000000000000e+00,
9.9186528985264311e-01,9.1837595620841909e-05,9.9999999999999689e-01,5.2641263998528918e-13,-1.3640925109881627e-01,1.3538121796444354e-03,3.6232106266707430e-05,-3.0969969269657439e-04,1.0000000000000000e+00,
9.9698674143556754e-01,3.4456066622091568e-05,9.9999999999999778e-01,6.1826240113054254e-13,-1.7311113626340767e-02,1.8674441868423786e-04,7.3293470092747597e-06,-6.9029535539485092e-05,1.0000000000000000e+00,
9.9872987909986544e-01,1.3641025971132968e-05,1.0000000000000000e+00,6.8671756097391289e-13,-1.4928854209856693e-03,1.7358680350429293e-05,2.1818046878966909e-06,-2.5728196322191351e-05,1.0000000000000000e+00,
9.9940983819229157e-01,4.0402557012053346e-06,9.9999999999999256e-01,7.2875609338178243e-13,-6.1188261905045717e-04,-2.4116410518692193e-04,3.7405612785871537e-07,-1.0341251041007365e-05,1.0000000000000000e+00,
8.3305354839477819e-01,1.5846639218324425e-04,9.9999999999921196e-01,-4.3894946778832091e-13,-1.5509002233744921e+01,-4.7816755593554277e+01,8.0359597614776401e-02,3.0491394073679217e-02,1.0000000000000000e+00,
-5.0321730827950961e-01,-6.9523549662658068e-01,0.0000000000000000e+00,-5.8375256999712722e-13,-6.6583979602625595e+02,-5.4348295674054259e+02,0.0000000000000000e+00,-8.2427195433210687e-01,0.0000000000000000e+00,
4.8433771406718507e-01,-3.2564904294428454e-01,9.9999999999992051e-01,2.8212636900548194e-13,-4.9823282531734847e+01,-1.0227448241863542e+02,2.8669687172772074e-03,-7.2426211475854901e-02,1.0000000000000000e+00,
9.6968259463733819e-01,-2.1791449002960338e-02,9.9999999999999034e-01,4.1509228310004256e-13,-1.4482526003411174e+00,-1.3252794850837533e+00,3.1818068542328361e-04,-3.1801335959608457e-03,1.0000000000000000e+00,
9.9186528985264233e-01,-6.1664459797678289e-03,9.9999999999999412e-01,5.2641563579745116e-13,-1.3640925109835619e-01,-1.3463042470447972e-01,3.6232107246240725e-05,-3.0969969269822618e-04,1.0000000000000000e+00,
9.9698674143556720e-01,-2.1931405701424381e-03,9.9999999999999722e-01,6.1826583859613444e-13,-1.7311113626294363e-02,-1.9392170876706964e-02,7.3293466575378909e-06,-6.9029535540729119e-05,1.0000000000000000e+00,
9.9872987909986655e-01,-8.7568526579333197e-04,9.9999999999999978e-01,6.8672304927509057e-13,-1.4928854207978438e-03,-2.6480227252234341e-03,2.1818051523390860e-06,-2.5728196322502839e-05,1.0000000000000000e+00,
9.9940983819229179e-01,-3.5365924537498361e-04,9.9999999999999234e-01,7.2875936823154583e-13,-6.1188262053800358e-04,-1.6843841261018639e-04,3.7405644221500376e-07,-1.0341251040808941e-05,1.0000000000000000e+00,
1.0000254451167891e+00,6.5031174698479053e-04,9.9999999999921174e-01,4.4391197235422311e-15,-8.9045358937473491e+00,-6.2975434446760525e+00,1.7143674844627421e-02,1.4482048495426230e-02,1.0000000000000000e+00,
1.0135883550549645e+00,-2.9755264262460182e-02,1.0000000000000115e+00,1.4594191826585867e-13,-1.0788090160060488e+01,-2.5351980200017161e+00,5.4595872252538591e-04,-3.5306023583228846e-02,1.0000000000000000e+00,
9.9893085307952456e-01,-3.8636785685773167e-02,9.9999999999999190e-01,2.8567526778124038e-13,-5.9790218331008294e-01,-4.3748042561642098e-01,4.5170126410087885e-05,-3.0429030276149148e-02,1.0000000000000000e+00,
9.9613214339181311e-01,-2.0241941005218176e-02,9.9999999999999911e-01,4.1366617531937361e-13,8.2937553827000743e-02,-4.3251760638862935e-01,1.4796169170439022e-05,-4.0008913824714516e-03,1.0000000000000000e+00,
9.9668417571586465e-01,-6.4744208365759663e-03,1.0000000000000011e+00,5.2579626191015843e-13,1.1165873886864826e-02,-1.0787274255769934e-01,1.7105337014877708e-06,-6.9581149043453484e-04,1.0000000000000000e+00,
9.9829233879830870e-01,-2.6278418471419630e-03,1.0000000000000004e+00,6.1799431809488219e-13,2.8294262774187333e-03,-1.7716458242433005e-02,8.1456872337570818e-05,-1.4352317585124015e-04,1.0000000000000000e+00,
9.9919260934239063e-01,-1.1508910741412782e-03,9.9999999999999989e-01,6.8659632005908321e-13,1.0248817953569577e-03,-2.3279896799182406e-03,4.9781843010528182e-05,-3.3731738627882076e-05,1.0000000000000000e+00,
9.9960648002626784e-01,-4.8792415886795529e-04,9.9999999999999167e-01,7.2869430273483607e-13,-7.9607241608433332e-05,-6.9060321268316766e-07,5.4070269621484673e-06,-1.0355172550799197e-05,1.0000000000000000e+00,
1.0000078221666706e+00,1.7864304805355390e-04,9.9999999999939326e-01,4.5025551924059583e-15,-1.8200031498652269e+00,-1.9390377053587102e+00,2.1369612045781666e-02,1.0273941669390930e-02,1.0000000000000000e+00,
1.0048564186371773e+00,-1.6775393211647497e-04,1.0000000000000118e+00,1.4694163354325282e-13,-1.8712878029400928e+00,-4.4875342381792455e-01,4.1638993449281264e-04,-9.0395373730525134e-04,1.0000000000000000e+00,
1.0070882523137645e+00,-7.9415018886794808e-03,1.0000000000000056e+00,2.8510320899622307e-13,-6.1648075812621539e-01,2.0768618976710113e-01,5.6425340660276602e-06,-2.5708431641539979e-03,1.0000000000000000e+00,
1.0021734132204230e+00,-7.9033861514954205e-03,1.0000000000000067e+00,4.1297696780253715e-13,-1.4290118764139043e-01,6.8410655731445447e-02,1.0313517236799907e-04,-1.9271328046277492e-03,1.0000000000000000e+00,
1.0005081740493627e+00,-5.0618384247299369e-03,1.0000000000000053e+00,5.2535115239180025e-13,-2.6620359137232725e-02,1.2463335066609687e-02,5.2257967814162143e-07,-5.5303433086162260e-04,1.0000000000000000e+00,
1.0001232872384855e+00,-2.4780461872402886e-03,1.0000000000000031e+00,6.1775655516945404e-13,-5.6119872066734671e-03,3.5445618273926907e-03,5.4079593442279972e-07,-1.2247718402954053e-04,1.0000000000000000e+00,
1.0000339961229425e+00,-1.1342210172185839e-03,1.0000000000000000e+00,6.8647584516280383e-13,-1.9353033610452859e-03,1.2798397789065062e-03,2.4237442202475895e-05,-2.5313605348121598e-05,1.0000000000000000e+00,
1.0000125084433813e+00,-4.8565365426367043e-04,9.9999999999999123e-01,7.2862691062089680e-13,-5.5196122541233718e-03,1.4472279783540800e-04,3.9647912253651385e-08,-4.7791242407050731e-06,1.0000000000000000e+00,
1.0000043273287680e+00,4.3268089175176208e-06,9.9999999999845968e-01,4.5097658709997825e-15,-5.7194062691239145e-01,-5.2692066145658201e-01,5.3369178852136819e-04,9.0538231239287344e-03,1.0000000000000000e+00,
1.0030593945294894e+00,4.9734489703026666e-05,9.9999999999876110e-01,1.4636340485743401e-13,-6.2149621276453815e-01,-1.9800929822310387e-01,7.2941141722026454e-05,4.2753599540153115e-03,1.0000000000000000e+00,
1.0062056458438093e+00,-2.0451112096922441e-03,9.9999999999950873e-01,2.8462556693671946e-13,-4.6479519729725971e-01,4.4215074329860202e-03,1.7355811249980535e-07,1.1101284886024492e-03,1.0000000000000000e+00,
1.0039009540021804e+00,-2.4214701471951035e-03,9.9999999999983746e-01,4.1258347140222476e-13,-1.9923085253806477e-01,2.7446028860742336e-03,2.7843427535811927e-06,2.5343417912516823e-04,1.0000000000000000e+00,
1.0018955068562283e+00,-2.2142509664093458e-03,9.9999999999993405e-01,5.2508179019482028e-13,-7.1220212242236985e-02,9.0224186849636751e-04,9.9641856346434007e-06,7.4027803236322617e-05,1.0000000000000000e+00,
1.0008900222297530e+00,-1.3756832013454949e-03,9.9999999999993416e-01,6.1759575441020117e-13,-2.1409954461878645e-02,2.5610081214391678e-04,1.6518190569698998e-08,2.8095878380435148e-05,1.0000000000000000e+00,
1.0004311401205781e+00,-7.0632399842953080e-04,9.9999999999993516e-01,6.8638557500935439e-13,-6.3935296600423578e-03,6.9367443134043432e-05,8.9969601112715666e-07,1.1250925962520295e-05,1.0000000000000000e+00,
1.0002480361766730e+00,-3.1858279531858842e-04,9.9999999999994049e-01,7.2857447752990560e-13,-8.0516075342996814e-03,4.9315165233899206e-06,2.4630428867257123e-07,1.8131921129290772e-06,1.0000000000000000e+00,

64,9
1.0041321076512824e+00,-4.3268089173595221e-06,1.0000000000000684e+00,1.4151451781777407e-13,-1.3824402204292568e-02,5.2692066145599292e-01,2.4841038301445302e+00,1.3272769082224384e-02,1.0000000000000000e+00,
1.0086644942416212e+00,-4.9734489701721511e-05,1.0000000000000329e+00,2.7855951145111802e-13,-3.6946354044028568e-01,1.9800929822488650e-01,1.8343206854183614e-02,9.7619461577548340e-03,1.0000000000000000e+00,
1.0087171058742928e+00,2.0451112096966121e-03,1.0000000000000318e+00,4.0637994579108841e-13,-1.6520974704599070e-01,-4.4215074327448936e-03,2.5958338140228028e-03,4.7907944808225147e-03,1.0000000000000000e+00,
1.0067923695447150e+00,2.4214701471971835e-03,1.0000000000000144e+00,5.1942017319542130e-13,-3.5274378280581192e-02,-2.7446028838036540e-03,2.9273900268238229e-03,1.8717697669002544e-03,1.0000000000000000e+00,
1.0040056000692137e+00,2.2142509664102384e-03,1.0000000000000149e+00,6.1296587398989595e-13,-7.9248799672772628e-03,-9.0224186918214707e-04,5.8733147615952497e-04,5.9887123656622338e-04,1.0000000000000000e+00,
1.0021887580591973e+00,1.3756832013465052e-03,1.0000000000000042e+00,6.8312744502049830e-13,-2.5369778452239760e-03,-2.5610081168818324e-04,3.0221316957997047e-04,1.8136581092615523e-04,1.0000000000000000e+00,
1.0011004512316075e+00,7.0632399843003214e-04,1.0000000000000102e+00,7.2692504858967309e-13,-1.1007458357516868e-03,-6.9367443693798040e-05,2.1068297445557072e-04,5.7687848572672489e-05,1.0000000000000000e+00,
1.0005550003577623e+00,3.1858279531912212e-04,1.0000000000000622e+00,7.4236739263039832e-13,9.9660440358288575e-05,-4.9315172850273778e-06,3.4373673461690147e-03,1.9028781809674655e-05,1.0000000000000000e+00,
1.0114520269199649e+00,-1.7864304805405957e-04,1.0000000000001610e+00,1.3833602172158634e-13,-2.5021390960279152e-02,1.9390377053584000e+00,7.1179614171476491e+00,2.4240626177146857e-02,1.0000000000000000e+00,
1.0194475000042178e+00,1.6775393211850546e-04,1.0000000000000129e+00,2.7720090647512534e-13,-5.0633432370385156e-01,4.4875342381718863e-01,5.5979076879647538e-02,1.2943034519838234e-02,1.0000000000000000e+00,
1.0182616130394442e+00,7.9415018886804922e-03,1.0000000000000135e+00,4.0601906058822014e-13,1.7299750137650993e-01,-2.0768618976932376e-01,1.4545642065988407e-02,3.8446460150896849e-03,1.0000000000000000e+00,
1.0077344988932291e+00,7.9033861514949018e-03,1.0000000000000073e+00,5.1928756871062361e-13,1.8077652146865056e-01,-6.8410655730445011e-02,8.9063697682460752e-03,8.9118180067443832e-04,1.0000000000000000e+00,
1.0036920459976859e+00,5.0618384247301702e-03,1.0000000000000064e+00,6.1286266640533474e-13,7.9475829752237298e-02,-1.2463335067880015e-02,5.6231142177981530e-04,1.8704074173445174e-04,1.0000000000000000e+00,
1.0017555296109595e+00,2.4780461872388536e-03,1.0000000000000056e+00,6.8304157774687313e-13,1.9002098907398780e-02,-3.5445618277424847e-03,1.4111254816769059e-04,5.6303920252587572e-05,1.0000000000000000e+00,
1.0008160377837012e+00,1.1342210172183879e-03,1.0000000000000064e+00,7.2686712853266683e-13,4.0490325591185945e-03,-1.2798397776076892e-03,9.9962872238817946e-05,2.3023573307358319e-05,1.0000000000000000e+00,
1.0003952605178033e+00,4.8565365426297491e-04,1.0000000000000124e+00,7.4234834751544723e-13,8.6795098953276165e-04,-1.4472279856576098e-04,5.1603681301086403e-03,9.6049742844875105e-06,1.0000000000000000e+00,
1.0321609373001044e+00,-6.5031174698477892e-04,1.0000000000001601e+00,1.3829876011528898e-13,-8.1350462314162125e-02,6.2975434446742504e+00,1.5481609907109405e+01,6.1232391816790153e-02,1.0000000000000000e+00,
1.0734587966204885e+00,2.9755264262455693e-02,1.0000000000000162e+00,2.7896521929264971e-13,3.0170621558601560e+00,2.5351980200007564e+00,2.4470649422672908e-01,2.2175001701625882e-02,1.0000000000000000e+00,
1.0490929153196662e+00,3.8636785685767921e-02,1.0000000000000111e+00,4.0746366901267221e-13,4.2437547459433009e+00,4.3748042561523054e-01,2.3244131650711486e-01,-2.0398026632883954e-03,1.0000000000000000e+00,
1.0076164012716573e+00,2.0241941005217038e-02,1.0000000000000062e+00,5.1994136945983374e-13,8.5960856891187842e-01,4.3251760638763670e-01,1.3209506612305022e-02,-4.2816544589044863e-04,1.0000000000000000e+00,
1.0017751621565929e+00,6.4744208365743339e-03,1.0000000000000047e+00,6.1315405663835098e-13,1.1504574203389595e-01,1.0787274255796382e-01,2.7945719089358945e-03,-8.6988936620450348e-05,1.0000000000000000e+00,
1.0003448192594528e+00,2.6278418471405692e-03,1.0000000000000033e+00,6.8318163888332857e-13,2.1942697724093903e-02,1.7716458242341891e-02,5.7883574703168628e-04,-2.8937293299036789e-05,1.0000000000000000e+00,
1.0000558039738547e+00,1.1508910741405613e-03,1.0000000000000022e+00,7.2694203756696053e-13,4.6552261326637248e-03,2.3279896805893834e-03,1.5657152798191284e-04,-6.1234124625058957e-06,1.0000000000000000e+00,
1.0000035467981725e+00,4.8792415886759355e-04,1.0000000000000022e+00,7.4240591084404361e-13,5.5332320623977232e-03,6.9060340745206485e-07,5.1731876107058601e-03,-7.8010417871059248e-08,1.0000000000000000e+00,
1.0331588774401246e+00,-1.5846639218179109e-04,1.0000000000001896e+00,1.3704322650618397e-13,5.6505677635170727e+01,4.7816755593548436e+01,1.4967479223774921e+01,2.6183702822681726e-01,1.0000000000000000e+00,
1.5143931911848720e+00,6.9523549662662043e-01,1.0000000000001557e+00,7.9049764022733147e-13,7.1637249980857428e+02,5.4348295674048154e+02,2.4409879348783002e+03,5.0301007800532294e-01,1.0000000000000000e+00,
1.0644365497289365e+00,3.2564904294429253e-01,1.0000000000001303e+00,4.0889325397764519e-13,6.6259030125604298e+01,1.0227448241862569e+02,4.1586143358922918e+01,1.2360648409899008e-01,1.0000000000000000e+00,
9.9661031393833366e-01,2.1791449002957212e-02,1.0000000000000042e+00,5.2033107728814826e-13,8.3695909365750609e-01,1.3252794850822542e+00,5.8270384242994910e-02,5.9354774927996845e-03,1.0000000000000000e+00,
9.9806968477314273e-01,6.1664459797651228e-03,1.0000000000000011e+00,6.1330040709273514e-13,5.9487284811840430e-02,1.3463042470405095e-01,3.6885856829184382e-03,6.3749033896212963e-04,1.0000000000000000e+00,
9.9910119880538650e-01,2.1931405701398647e-03,1.0000000000000000e+00,6.8324622679911246e-13,7.9447408429636976e-03,1.9392170874985612e-02,5.9013744237584875e-04,6.1801649573191067e-05,1.0000000000000000e+00,
9.9956697201607569e-01,8.7568526579114047e-04,1.0000000000000000e+00,7.2697644564338236e-13,2.3005524501042247e-03,2.6480227266138258e-03,1.5151646753320744e-04,-7.8300064722306066e-06,1.0000000000000000e+00,
9.9975156160656897e-01,3.5365924537327057e-04,1.0000000000000013e+00,7.4243207172051199e-13,7.9633335692532899e-03,1.6843841371612953e-04,3.6950865134750517e-03,-1.8144703500344564e-06,1.0000000000000000e+00,
1.0331588774401324e+00,1.3200265204760073e-01,1.0000000000002698e+00,1.3707003920238618e-13,5.6505677635170834e+01,-5.0971651376184179e-01,1.4967479223773550e+01,2.6183702822681681e-01,1.0000000000000000e+00,
1.5143931911848512e+00,6.6819470467296449e-01,1.0000000000002041e+00,8.1371761305073126e-13,7.1637249980850584e+02,4.2117624068419224e+02,2.4409879348781528e+03,5.0301007800532882e-01,1.0000000000000000e+00,
1.0644365497289443e+00,-1.7869217928710708e-03,1.0000000000001132e+00,4.0889302490681386e-13,6.6259030125612284e+01,9.1312452886722273e+00,4.1586143358928041e+01,1.2360648409899025e-01,1.0000000000000000e+00,
9.9661031393833910e-01,-3.0439799818876762e-04,1.0000000000000033e+00,5.2033095847937909e-13,8.3695909365913712e-01,-1.1135184539222799e-02,5.8270384240387274e-02,5.9354774927995431e-03,1.0000000000000000e+00,
9.9806968477314406e-01,-9.1837595623149470e-05,1.0000000000000031e+00,6.1329990982914818e-13,5.9487284813664269e-02,-1.3538121803141037e-03,3.6885856811302853e-03,6.3749033896203454e-04,1.0000000000000000e+00,
9.9910119880538639e-01,-3.4456066623965957e-05,1.0000000000000024e+00,6.8324591460328816e-13,7.9447408407878114e-03,-1.8674441997143520e-04,5.9013744345172425e-04,6.1801649573430093e-05,1.0000000000000000e+00,
9.9956697201607669e-01,-1.3641025972844134e-05,1.0000000000000000e+00,7.2697686540629182e-13,2.3005524502823539e-03,-1.7358681083724011e-05,1.5151646703100499e-04,-7.8300064725110558e-06,1.0000000000000000e+00,
9.9975156160657008e-01,-4.0402557021468651e-06,1.0000000000000000e+00,7.4243272738817590e-13,7.9633335701678465e-03,2.4116410612004644e-04,3.6950865130817791e-03,-1.8144703495193990e-06,1.0000000000000000e+00,
1.0321609373001137e+00,6.0626002787450096e-02,1.0000000000002260e+00,1.3833624821162878e-13,-8.1350462312788918e-02,-6.4394221502700599e-01,1.5481609907109389e+01,6.1232391816795934e-02,1.0000000000000000e+00,
1.0734587966205020e+00,5.7523207717256629e-02,1.0000000000000551e+00,2.7897069222052423e-13,3.0170621558603767e+00,9.9649855067161468e+00,2.4470649422219659e-01,2.2175001701619929e-02,1.0000000000000000e+00,
1.0490929153196757e+00,-1.7115286091969758e-03,1.0000000000000187e+00,4.0746483780541284e-13,4.2437547459444369e+00,6.0584534239085652e+00,2.3244131651095068e-01,-2.0398026632944214e-03,1.0000000000000000e+00,
1.0076164012716624e+00,-5.4601705671382082e-03,1.0000000000000080e+00,5.1994515160827463e-13,8.5960856891279036e-01,3.8043478321244778e-01,1.3209506611336352e-02,-4.2816544589251035e-04,1.0000000000000000e+00,
1.0017751621565991e+00,-2.4158131807324101e-03,1.0000000000000073e+00,6.1315876106502347e-13,1.1504574203309129e-01,5.4346240560767867e-02,2.7945719097727251e-03,-8.6988936621460432e-05,1.0000000000000000e+00,
1.0003448192594562e+00,-9.6709732983390182e-04,1.0000000000000056e+00,6.8318515584778976e-13,2.1942697725992354e-02,9.5815723972638000e-03,5.7883574618271261e-04,-2.8937293298878448e-05,1.0000000000000000e+00,
1.0000558039738563e+00,-3.9316739071896216e-04,1.0000000000000047e+00,7.2694817690783292e-13,4.6552261318908942e-03,2.9246184898620783e-03,1.5657152724933912e-04,-6.1234124620821582e-06,1.0000000000000000e+00,
1.0000035467981732e+00,-1.1747409626061015e-04,1.0000000000000000e+00,7.4241164313060318e-13,5.5332320601030639e-03,1.1234959999326835e-03,5.1731876120319044e-03,-7.8010418117631703e-08,1.0000000000000000e+00,
1.0114520269199714e+00,2.0215325740787306e-02,1.0000000000001463e+00,1.3838145004910344e-13,-2.5021390957345735e-02,-2.4775450169597230e-01,7.1179614171485452e+00,2.4240626177154691e-02,1.0000000000000000e+00,
1.0194475000042289e+00,1.7703423218234152e-02,1.0000000000000366e+00,2.7720453472612819e-13,-5.0633432370062703e-01,1.0924562150084549e+00,5.5979076878537315e-02,1.2943034519835910e-02,1.0000000000000000e+00,
1.0182616130394517e+00,1.0502062372465509e-03,1.0000000000000318e+00,4.0602324636241916e-13,1.7299750137820710e-01,1.0901046216790553e+00,1.4545642064117681e-02,3.8446460150833349e-03,1.0000000000000000e+00,
1.0077344988932340e+00,-2.3409549286911397e-03,1.0000000000000211e+00,5.1929480510819727e-13,1.8077652146871429e-01,3.8405879571473273e-01,8.9063697677700671e-03,8.9118180067934282e-04,1.0000000000000000e+00,
1.0036920459976906e+00,-1.5156630852767462e-03,1.0000000000000122e+00,6.1286916709042822e-13,7.9475829753269112e-02,8.4919586032619926e-02,5.6231142185822480e-04,1.8704074173103960e-04,1.0000000000000000e+00,
1.0017555296109613e+00,-7.8030886665251317e-04,1.0000000000000082e+00,6.8305115007569234e-13,1.9002098911165183e-02,2.1873747623754471e-02,1.4111255024276681e-04,5.6303920248193152e-05,1.0000000000000000e+00,
1.0008160377837005e+00,-3.5446245773942242e-04,1.0000000000000060e+00,7.2687536816784042e-13,4.0490325568328265e-03,5.8866807782918060e-03,9.9962872811797110e-05,2.3023573308568967e-05,1.0000000000000000e+00,
1.0003952605178010e+00,-1.0996500238978961e-04,1.0000000000000000e+00,7.4235820065887667e-13,8.6795099059710124e-04,1.6575895002087725e-03,5.1603681311779672e-03,9.6049742899627620e-06,1.0000000000000000e+00,
1.0041321076512932e+00,6.5091878975558834e-03,1.0000000000002962e+00,1.3868955218793718e-13,-1.3824402198733474e-02,-6.8466572120822605e-03,2.4841038301431340e+00,1.3272769082225671e-02,1.0000000000000000e+00,
1.0086644942416338e+00,5.9113874886504471e-03,1.0000000000002567e+00,2.7678543319341780e-13,-3.6946354043721158e-01,1.9120592191910810e-01,1.8343206854377903e-02,9.7619461577462541e-03,1.0000000000000000e+00,
1.0087171058743054e+00,1.0192260186498638e-03,1.0000000000001001e+00,4.0536351583413519e-13,-1.6520974704740704e-01,2.3366825244493056e-01,2.5958338122827017e-03,4.7907944808217098e-03,1.0000000000000000e+00,
1.0067923695447245e+00,-5.3757212587175200e-05,1.0000000000000382e+00,5.1884926961602300e-13,-3.5274378281306133e-02,1.8519659398110896e-01,2.9273900250880586e-03,1.8717697669017241e-03,1.0000000000000000e+00,
1.0040056000692004e+00,-4.6625698487337321e-05,1.0000000000000135e+00,6.1262871705980248e-13,-7.9248799703060691e-03,7.1070256908318474e-02,5.8733147559244386e-04,5.9887123656606693e-04,1.0000000000000000e+00,
1.0021887580591915e+00,-2.5238298732330822e-05,1.0000000000000078e+00,6.8292661700846550e-13,-2.5369778457054321e-03,2.0465400681588097e-02,3.0221317245216839e-04,1.8136581092567536e-04,1.0000000000000000e+00,
1.0011004512316073e+00,-1.1737822770925483e-05,1.0000000000000062e+00,7.2680840954428496e-13,-1.1007458335384507e-03,5.5863737491080433e-03,2.1068297108987107e-04,5.7687848574001863e-05,1.0000000000000000e+00,
1.0005550003577668e+00,-3.6712674049638932e-06,1.0000000000000231e+00,7.4230616048015793e-13,9.9660438064724148e-05,1.5347853555728618e-03,3.4373673479092025e-03,1.9028781812721727e-05,1.0000000000000000e+00,

