1
1
9
0
(4 0
((32,112) (47,127) (0,0))
((48,112) (63,127) (0,0))
((32,128) (47,143) (0,0))
((48,128) (63,143) (0,0))
)
4
FabOnDisk: Cell_D_00000 0
FabOnDisk: Cell_D_00000 18518
FabOnDisk: Cell_D_00000 37036
FabOnDisk: Cell_D_00000 55554

4,9
0.0000000000000000e+00,-7.4455306893343032e-01,0.0000000000000000e+00,-7.8289040272199718e-13,-7.7760091939824201e+02,-4.6129063101064975e+02,0.0000000000000000e+00,-7.1549098513117793e-01,0.0000000000000000e+00,
-5.8197300191283352e-01,-6.0569814660369403e-01,0.0000000000000000e+00,0.0000000000000000e+00,-4.3326492597124815e+02,-4.8532071696111257e+02,0.0000000000000000e+00,-9.1424394253316266e-01,0.0000000000000000e+00,
0.0000000000000000e+00,0.0000000000000000e+00,0.0000000000000000e+00,-8.4727388638741462e-13,-7.7760091939826316e+02,-5.4349213407722004e+02,0.0000000000000000e+00,-7.1549098513118881e-01,0.0000000000000000e+00,
-5.8197300191291779e-01,-7.6347261461214799e-01,0.0000000000000000e+00,0.0000000000000000e+00,-4.3326492597116982e+02,-5.4952964723760476e+02,0.0000000000000000e+00,-9.1424394253311014e-01,0.0000000000000000e+00,

4,9
1.5222118715379904e+00,0.0000000000000000e+00,1.0000000000002158e+00,8.1545685538985529e-13,1.6298858669332603e+02,5.4349213407715752e+02,3.4104728084410285e+03,5.9151863372612989e-01,1.0000000000000000e+00,
1.5322663046757350e+00,7.6347261461215177e-01,1.0000000000002762e+00,4.2704501187178847e-13,8.5024621747256913e+02,5.4952964723767695e+02,3.0733413938511189e+03,1.2209682170629270e-01,1.0000000000000000e+00,
1.5222118715379505e+00,7.4455306893340978e-01,1.0000000000003042e+00,8.4762860630919168e-13,1.6298858669336249e+02,4.6129063101065822e+02,3.4104728084406888e+03,5.9151863372614288e-01,1.0000000000000000e+00,
1.5322663046757261e+00,6.0569814660370325e-01,1.0000000000002536e+00,4.3991052794709850e-13,8.5024621747238052e+02,4.8532071696100684e+02,3.0733413938510776e+03,1.2209682170629288e-01,1.0000000000000000e+00,

