1
1
2
1
(3 0
((248,200) (255,231) (0,0))
((232,232) (255,255) (0,0))
((0,248) (127,255) (0,0))
)
3
FabOnDisk: SD_2_New_MF_D_00000 0
FabOnDisk: SD_2_New_MF_D_00000 5528
FabOnDisk: SD_2_New_MF_D_00000 16432

3,2
-5.2361637757107005e-01,-2.1523227006763190e-01,
-2.3584450699352111e-01,-7.0709853252994570e-01,
-7.5586702699998742e-01,-4.0400831542828080e+01,

3,2
9.0995467456235168e-01,1.8543567568523702e+00,
9.3894762720424481e+01,8.0273889684747630e+01,
5.4565680980850580e+01,2.0713047561868009e+01,

