1
1
4
4
(64 0
((0,0) (15,15) (0,0))
((16,0) (31,15) (0,0))
((32,0) (47,15) (0,0))
((48,0) (63,15) (0,0))
((64,0) (79,15) (0,0))
((80,0) (95,15) (0,0))
((96,0) (111,15) (0,0))
((112,0) (127,15) (0,0))
((0,16) (15,31) (0,0))
((16,16) (31,31) (0,0))
((32,16) (47,31) (0,0))
((48,16) (63,31) (0,0))
((64,16) (79,31) (0,0))
((80,16) (95,31) (0,0))
((96,16) (111,31) (0,0))
((112,16) (127,31) (0,0))
((0,32) (15,47) (0,0))
((16,32) (31,47) (0,0))
((32,32) (47,47) (0,0))
((48,32) (63,47) (0,0))
((64,32) (79,47) (0,0))
((80,32) (95,47) (0,0))
((96,32) (111,47) (0,0))
((112,32) (127,47) (0,0))
((0,48) (15,63) (0,0))
((16,48) (31,63) (0,0))
((32,48) (47,63) (0,0))
((48,48) (63,63) (0,0))
((64,48) (79,63) (0,0))
((80,48) (95,63) (0,0))
((96,48) (111,63) (0,0))
((112,48) (127,63) (0,0))
((0,64) (15,79) (0,0))
((16,64) (31,79) (0,0))
((32,64) (47,79) (0,0))
((48,64) (63,79) (0,0))
((64,64) (79,79) (0,0))
((80,64) (95,79) (0,0))
((96,64) (111,79) (0,0))
((112,64) (127,79) (0,0))
((0,80) (15,95) (0,0))
((16,80) (31,95) (0,0))
((32,80) (47,95) (0,0))
((48,80) (63,95) (0,0))
((64,80) (79,95) (0,0))
((80,80) (95,95) (0,0))
((96,80) (111,95) (0,0))
((112,80) (127,95) (0,0))
((0,96) (15,111) (0,0))
((16,96) (31,111) (0,0))
((32,96) (47,111) (0,0))
((48,96) (63,111) (0,0))
((64,96) (79,111) (0,0))
((80,96) (95,111) (0,0))
((96,96) (111,111) (0,0))
((112,96) (127,111) (0,0))
((0,112) (15,127) (0,0))
((16,112) (31,127) (0,0))
((32,112) (47,127) (0,0))
((48,112) (63,127) (0,0))
((64,112) (79,127) (0,0))
((80,112) (95,127) (0,0))
((96,112) (111,127) (0,0))
((112,112) (127,127) (0,0))
)
64
FabOnDisk: SD_0_New_MF_D_00000 0
FabOnDisk: SD_0_New_MF_D_00000 18516
FabOnDisk: SD_0_New_MF_D_00000 37032
FabOnDisk: SD_0_New_MF_D_00000 55548
FabOnDisk: SD_0_New_MF_D_00000 74064
FabOnDisk: SD_0_New_MF_D_00000 92580
FabOnDisk: SD_0_New_MF_D_00000 111096
FabOnDisk: SD_0_New_MF_D_00000 129613
FabOnDisk: SD_0_New_MF_D_00000 148131
FabOnDisk: SD_0_New_MF_D_00000 166647
FabOnDisk: SD_0_New_MF_D_00000 185163
FabOnDisk: SD_0_New_MF_D_00000 203679
FabOnDisk: SD_0_New_MF_D_00000 222195
FabOnDisk: SD_0_New_MF_D_00000 240711
FabOnDisk: SD_0_New_MF_D_00000 259227
FabOnDisk: SD_0_New_MF_D_00000 277744
FabOnDisk: SD_0_New_MF_D_00000 296262
FabOnDisk: SD_0_New_MF_D_00000 314778
FabOnDisk: SD_0_New_MF_D_00000 333294
FabOnDisk: SD_0_New_MF_D_00000 351810
FabOnDisk: SD_0_New_MF_D_00000 370326
FabOnDisk: SD_0_New_MF_D_00000 388842
FabOnDisk: SD_0_New_MF_D_00000 407358
FabOnDisk: SD_0_New_MF_D_00000 425875
FabOnDisk: SD_0_New_MF_D_00000 444393
FabOnDisk: SD_0_New_MF_D_00000 462909
FabOnDisk: SD_0_New_MF_D_00000 481425
FabOnDisk: SD_0_New_MF_D_00000 499941
FabOnDisk: SD_0_New_MF_D_00000 518457
FabOnDisk: SD_0_New_MF_D_00000 536973
FabOnDisk: SD_0_New_MF_D_00000 555489
FabOnDisk: SD_0_New_MF_D_00000 574006
FabOnDisk: SD_0_New_MF_D_00000 592524
FabOnDisk: SD_0_New_MF_D_00000 611040
FabOnDisk: SD_0_New_MF_D_00000 629556
FabOnDisk: SD_0_New_MF_D_00000 648072
FabOnDisk: SD_0_New_MF_D_00000 666588
FabOnDisk: SD_0_New_MF_D_00000 685104
FabOnDisk: SD_0_New_MF_D_00000 703620
FabOnDisk: SD_0_New_MF_D_00000 722137
FabOnDisk: SD_0_New_MF_D_00000 740655
FabOnDisk: SD_0_New_MF_D_00000 759171
FabOnDisk: SD_0_New_MF_D_00000 777687
FabOnDisk: SD_0_New_MF_D_00000 796203
FabOnDisk: SD_0_New_MF_D_00000 814719
FabOnDisk: SD_0_New_MF_D_00000 833235
FabOnDisk: SD_0_New_MF_D_00000 851751
FabOnDisk: SD_0_New_MF_D_00000 870268
FabOnDisk: SD_0_New_MF_D_00000 888786
FabOnDisk: SD_0_New_MF_D_00000 907303
FabOnDisk: SD_0_New_MF_D_00000 925820
FabOnDisk: SD_0_New_MF_D_00000 944337
FabOnDisk: SD_0_New_MF_D_00000 962854
FabOnDisk: SD_0_New_MF_D_00000 981371
FabOnDisk: SD_0_New_MF_D_00000 999888
FabOnDisk: SD_0_New_MF_D_00000 1018406
FabOnDisk: SD_0_New_MF_D_00000 1036925
FabOnDisk: SD_0_New_MF_D_00000 1055443
FabOnDisk: SD_0_New_MF_D_00000 1073961
FabOnDisk: SD_0_New_MF_D_00000 1092479
FabOnDisk: SD_0_New_MF_D_00000 1110997
FabOnDisk: SD_0_New_MF_D_00000 1129515
FabOnDisk: SD_0_New_MF_D_00000 1148033
FabOnDisk: SD_0_New_MF_D_00000 1166552

64,4
9.5127485640601928e-01,1.4310800480877306e-03,9.9999999999605105e-01,2.1443679116773216e-14,
9.0016744525777304e-01,1.5057733111462481e-03,9.9999999999706879e-01,7.0593600371413438e-13,
8.4187978215619208e-01,1.7134506893467373e-03,9.9999999999740297e-01,1.3672018478689549e-12,
7.8342549871646572e-01,1.3919990001132971e-03,9.9999999999862110e-01,1.9771504071507580e-12,
7.4892617964561814e-01,8.0727541362630691e-04,9.9999999999774780e-01,2.5107484283073527e-12,
7.3440019225627817e-01,3.8064230696000255e-04,9.9999999999860123e-01,2.9474194223210763e-12,
7.2841880998236996e-01,1.5020578161791057e-04,9.9999999999824851e-01,3.2708612426032629e-12,
7.2659502636658824e-01,9.3510481599226584e-06,9.9999999999030353e-01,3.4687112049624083e-12,
9.5465686316005460e-01,4.5167637553113850e-02,9.9999999998875011e-01,2.1409555793943677e-14,
9.0373272805787785e-01,4.8947923730070460e-02,9.9999999999927214e-01,7.0589433488505430e-13,
8.3357918414808652e-01,5.7466409223316375e-02,9.9999999999917621e-01,1.3680204429677583e-12,
7.4013313946774073e-01,4.7408108024543649e-02,9.9999999999929923e-01,1.9784538406995044e-12,
7.2112812858178577e-01,2.5243254133727126e-02,9.9999999999952804e-01,2.5121070770305372e-12,
7.2165559971864768e-01,1.1349668684828949e-02,9.9999999999948064e-01,2.9487439617158034e-12,
7.2228509067637869e-01,4.4575721942351600e-03,9.9999999999938927e-01,3.2722562808688932e-12,
7.2202700979191126e-01,2.7956990890211532e-04,9.9999999999929723e-01,3.4701912687195643e-12,
1.0263904252007175e-01,-2.0257463168528947e-01,9.9987642654017150e-01,2.1075977009337262e-14,
5.0837132859928191e-01,-2.4974189637271435e-01,9.9999943431670502e-01,6.9954649424917086e-13,
1.4145224214779803e-01,-3.1416602268499083e-01,9.9998879917633843e-01,1.3704318612848391e-12,
-7.6142988648961879e-02,-5.6940177009231852e-01,9.9996803142031543e-01,1.9822123760804542e-12,
5.9834727475960647e-01,-4.0118805979181833e-02,9.9999999999973987e-01,2.5156251428141474e-12,
7.0154430634303666e-01,1.1853319235090240e-02,9.9999999999990019e-01,2.9522019348871043e-12,
7.1241066710866641e-01,5.3045081997697393e-03,9.9999999999997824e-01,3.2760197074312519e-12,
7.1596406824263770e-01,3.2757381448233737e-04,9.9999999999997968e-01,3.4742209024170765e-12,
-1.5876560192223252e-01,-4.2414115167553090e-01,9.9995305101127852e-01,2.0436654149012362e-14,
-3.7104446145993419e-01,-4.3785034399243605e-01,9.9990165294365541e-01,6.4987914588402194e-13,
-7.9338649141565756e-02,-5.6737377882324369e-01,9.9996237342558647e-01,1.3790265864584288e-12,
4.3047380532961747e-02,-7.5800092345373971e-01,9.9995455587512938e-01,1.9884914765120419e-12,
6.4821395138182214e-01,-5.5797223629459117e-02,1.0000000000000266e+00,2.5199099145544326e-12,
7.0153760619852457e-01,5.8287899780203947e-03,1.0000000000000582e+00,2.9570524714814205e-12,
7.0697739268066095e-01,2.4334020228860887e-03,1.0000000000000104e+00,3.2815424121962688e-12,
7.1186903403768309e-01,9.2643875475044457e-05,9.9999999999997624e-01,3.4801750743563830e-12,
-1.4159118453077196e-01,-6.4039274388629119e-01,9.9995321803283588e-01,2.0439087903424391e-14,
-4.8041264396338557e-01,-8.5602154847561118e-01,9.9996323210125693e-01,6.4999004910855796e-13,
-1.7421611583202632e-02,-1.1403843733664745e+00,9.9998853443350566e-01,1.3845304603062819e-12,
-1.5338855309428356e-02,-5.0452442020986821e-01,9.9999945808497781e-01,1.9961842276264892e-12,
6.3863629467388561e-01,1.0541950913087179e-03,9.9999999999978839e-01,2.5251152666516952e-12,
6.8628765114295265e-01,-2.9821159244231539e-03,9.9999999999986333e-01,2.9628215895207136e-12,
7.0460424117109477e-01,-2.7756519175403177e-03,9.9999999999992972e-01,3.2880698080451421e-12,
7.1095362613793001e-01,-1.2790342723376072e-03,9.9999999999994960e-01,3.4871643302888369e-12,
-6.4749392974415371e-02,-1.0092763669884217e+00,9.9996665217008607e-01,2.1170310021238175e-14,
5.0406600957366043e-01,-4.6002894245953541e-01,9.9999724831018977e-01,7.0262795599517469e-13,
2.1011407646927463e-01,-6.1828377505862941e-01,9.9998655731810704e-01,1.3803739045528442e-12,
2.4062016303832778e-01,-7.6017893572403139e-01,9.9999637771123961e-01,1.9960417560159435e-12,
5.4759084740013952e-01,-1.5281518795363239e-01,9.9999999999953337e-01,2.5298740645198179e-12,
6.8456623751930112e-01,-3.3731215193311744e-02,9.9999999999963451e-01,2.9688341264572607e-12,
7.0477553162324558e-01,-1.1835143228271802e-02,9.9999999999978384e-01,3.2946883610587467e-12,
7.1126555763655352e-01,-4.0742986089464988e-03,9.9999999999995193e-01,3.4941423163861487e-12,
9.5759479674187853e-01,-1.4995173113645804e-01,9.9999999999424327e-01,2.1566838530156409e-14,
9.1688745100523739e-01,-9.2137882630749401e-02,9.9999999999765121e-01,7.1111111379487867e-13,
8.5783560364496869e-01,-1.4087190993636964e-01,9.9999999999784273e-01,1.3803977910510862e-12,
7.1090738136519493e-01,-1.9173603001682057e-01,9.9999999999856670e-01,1.9965860959533951e-12,
6.9118859307761071e-01,-1.4308335347377227e-01,9.9999999999912037e-01,2.5341180450302870e-12,
7.0329786832459829e-01,-3.6812863125716938e-02,9.9999999999943656e-01,2.9740510652077237e-12,
7.1228526374908963e-01,-1.2947984772213230e-02,9.9999999999966227e-01,3.3003336795642308e-12,
7.1487745789708734e-01,-4.3671768958237454e-03,9.9999999999992095e-01,3.5000337784779691e-12,
9.5579804418383674e-01,-6.3460893748322630e-02,9.9999999997667999e-01,2.1652965469446970e-14,
9.1016333975086638e-01,-4.8219161323870413e-02,9.9999999997898492e-01,7.1294634777456186e-13,
8.5411064652246049e-01,-6.1513275763062897e-02,9.9999999999188338e-01,1.3811771365426361e-12,
7.8476212436472326e-01,-6.3312442802474694e-02,9.9999999999736244e-01,1.9975272929212342e-12,
7.4020333277689532e-01,-5.4546964124969989e-02,9.9999999999905231e-01,2.5364240152926144e-12,
7.2522933653165145e-01,-2.6738779835743642e-02,9.9999999999950218e-01,2.9773550945524710e-12,
7.2022704363435752e-01,-1.0329103648672712e-02,9.9999999999932387e-01,3.3040437198577738e-12,
7.1885680630385718e-01,-3.4916978196946891e-03,9.9999999999688494e-01,3.5039223682955441e-12,

64,4
9.9788854066535848e-01,6.7333741384700149e-02,1.0000000000083946e+00,6.6370429747300144e-13,
9.5133034227427826e-01,5.3420821863589978e-02,1.0000000000143543e+00,1.3277828177940101e-12,
8.9971670162557305e-01,5.7233142836271664e-02,1.0000000000136775e+00,1.9421626074586510e-12,
8.4046124056720761e-01,5.6625173213784477e-02,1.0000000000047593e+00,2.4812529776043804e-12,
7.8972031170175372e-01,4.3098516121212078e-02,1.0000000000009834e+00,2.9244663951960818e-12,
7.5573885336959012e-01,2.2799267516611647e-02,1.0000000000023817e+00,3.2554459834996115e-12,
7.3819628195263731e-01,1.0244302209058587e-02,1.0000000000079812e+00,3.4615058537291720e-12,
7.3053634012062330e-01,3.9495022871021499e-03,1.0000000000245572e+00,3.5341800952877627e-12,
9.9885583439571968e-01,1.4142754909496194e-01,1.0000000000025602e+00,6.6376332492764663e-13,
9.6522791649268902e-01,1.0889959833638692e-01,1.0000000000000566e+00,1.3299124156799661e-12,
9.1340066774264561e-01,1.3964989715838386e-01,9.9999999999981271e-01,1.9457437887867298e-12,
8.3754219037515776e-01,1.3797438047805546e-01,9.9999999999979139e-01,2.4846894132154673e-12,
7.7909827004315058e-01,9.6820630999037538e-02,9.9999999999989031e-01,2.9278011904734606e-12,
7.4647821091872912e-01,3.4667648608644117e-02,9.9999999999996247e-01,3.2590576052330635e-12,
7.3329422556542534e-01,1.4859861522704047e-02,1.0000000000000002e+00,3.4653793364248962e-12,
7.2791066066566412e-01,5.8735151934923100e-03,1.0000000000011051e+00,3.5381561353177276e-12,
1.1834966873496120e+00,8.0306837009104004e-01,1.0000726411900309e+00,6.6327851757363126e-13,
1.3453175154806494e+00,5.5503396571028341e-01,1.0000000065030787e+00,1.3370716810914669e-12,
1.7150171559192764e+00,7.9170349948661722e-01,1.0000142228051263e+00,1.9520754630226082e-12,
1.4240845247483056e+00,1.0624424458930193e+00,1.0000224534339499e+00,2.4889515986137046e-12,
7.2932692406610822e-01,1.1650588526741619e-01,1.0000000000001741e+00,2.9325376521126163e-12,
7.2184708487051508e-01,3.4392688969423185e-02,1.0000000000001590e+00,3.2644559131335825e-12,
7.2194982023122012e-01,1.4848413852921879e-02,1.0000000000001366e+00,3.4712188069162420e-12,
7.2183903546788908e-01,5.9028946036214121e-03,1.0000000000010478e+00,3.5441528951591214e-12,
1.3171980366448182e+00,1.0500277642712914e+00,1.0000500990343246e+00,6.5569219935955174e-13,
1.0000000000000000e+40,1.0000000000000000e+40,1.0000000000000000e+40,1.0000000000000000e+40,
1.8127864336646722e+00,8.5841193391531412e-01,1.0000361714871351e+00,1.9605375654483777e-12,
2.1927659583577492e+00,6.8554630713187237e-01,1.0000492309055464e+00,2.4941534915789098e-12,
7.5557626869529304e-01,4.3412978625896111e-02,1.0000000000002349e+00,2.9382112788371049e-12,
7.1159249252562040e-01,1.6294088652368029e-02,1.0000000000001747e+00,3.2709056258898037e-12,
7.1549082448344814e-01,1.1036034144991097e-02,1.0000000000001334e+00,3.4781531993916498e-12,
7.1667825947169439e-01,4.8313486539693709e-03,1.0000000000008442e+00,3.5512554398117204e-12,
1.3698041980649964e+00,5.5580641821092025e-01,1.0000509282489225e+00,6.5841682611427309e-13,
1.0000000000000000e+40,1.0000000000000000e+40,1.0000000000000000e+40,1.0000000000000000e+40,
2.0015543788080259e+00,8.0501518454841914e-01,1.0000111323611349e+00,1.9612692177448139e-12,
2.0682390139685758e+00,6.6508022060969996e-01,1.0000024920057800e+00,2.4987805232131084e-12,
7.3035686552473655e-01,7.5499975723177210e-02,1.0000000000000457e+00,2.9441842916166305e-12,
7.0630547455604009e-01,1.1882056645738973e-02,1.0000000000000606e+00,3.2775178281258351e-12,
7.1150126151595872e-01,5.1563072049444179e-03,1.0000000000000528e+00,3.4851480581794152e-12,
7.1338071044742168e-01,2.0655303122146243e-03,1.0000000000008982e+00,3.5583859237529673e-12,
1.6002978501613849e+00,1.0374528634766482e-01,1.0000300316535671e+00,6.6806570399890727e-13,
1.4352668512994633e+00,2.8108163669569902e-01,1.0000012396454945e+00,1.3427639456357233e-12,
1.2998664705290774e+00,3.7390973454041071e-01,1.0000038618019615e+00,1.9601041045963317e-12,
1.3463141063654613e+00,6.2657378609615955e-01,1.0000005520355031e+00,2.5030104747549135e-12,
6.9958926528916054e-01,7.1661362199502629e-02,9.9999999999990308e-01,2.9494526675967198e-12,
7.1118671100480191e-01,-1.8080037933780552e-03,9.9999999999995803e-01,3.2832342796297274e-12,
7.1446362370787098e-01,-1.6077381864073670e-03,9.9999999999998324e-01,3.4911260216601404e-12,
7.1521800346555764e-01,-1.9088818757175818e-04,1.0000000000009193e+00,3.5644571774605048e-12,
9.9774978829548477e-01,-4.1268105893794239e-02,1.0000000000404574e+00,6.7005786401693035e-13,
9.6056584011441626e-01,-4.1970754425869367e-02,9.9999999999966971e-01,1.3405969975195453e-12,
9.3924924692381428e-01,-5.2161057462738143e-02,9.9999999999989242e-01,1.9609884354350640e-12,
8.7096725714125456e-01,-6.0211136584392588e-02,9.9999999999981426e-01,2.5053334771211352e-12,
7.7907930552729399e-01,-2.9791977616020513e-02,9.9999999999972422e-01,2.9528535439923107e-12,
7.3714575307232511e-01,-1.1481523691499592e-02,9.9999999999982969e-01,3.2870691345507634e-12,
7.2407621763099050e-01,-3.9358416059088784e-03,9.9999999999994715e-01,3.4951535967543943e-12,
7.1978280477545586e-01,-2.5156850021273183e-04,1.0000000000008358e+00,3.5685453773033243e-12,
9.9804470572545723e-01,-1.2932101822110183e-03,1.0000000001253568e+00,6.7046722933186276e-13,
9.5505359914556243e-01,-1.3266096858042535e-03,1.0000000000938540e+00,1.3409864718059238e-12,
9.1297483614648756e-01,-1.5986754145579504e-03,1.0000000000230260e+00,1.9613897457167742e-12,
8.5290068878249681e-01,-1.6954786022609831e-03,1.0000000000061191e+00,2.5061048137596684e-12,
7.9128385112057109e-01,-9.6344482686851977e-04,1.0000000000039377e+00,2.9540333068273856e-12,
7.4982767902890812e-01,-4.0386447955270287e-04,1.0000000000058931e+00,3.2884552155690238e-12,
7.2998929229697818e-01,-1.4077191330309112e-04,1.0000000000064666e+00,3.4966235229046502e-12,
7.2235499150735505e-01,-8.6798216420090258e-06,1.0000000000055262e+00,3.5700390685286206e-12,

