1
1
4
4
(64 0
((0,0) (15,15) (0,0))
((16,0) (31,15) (0,0))
((32,0) (47,15) (0,0))
((48,0) (63,15) (0,0))
((64,0) (79,15) (0,0))
((80,0) (95,15) (0,0))
((96,0) (111,15) (0,0))
((112,0) (127,15) (0,0))
((0,16) (15,31) (0,0))
((16,16) (31,31) (0,0))
((32,16) (47,31) (0,0))
((48,16) (63,31) (0,0))
((64,16) (79,31) (0,0))
((80,16) (95,31) (0,0))
((96,16) (111,31) (0,0))
((112,16) (127,31) (0,0))
((0,32) (15,47) (0,0))
((16,32) (31,47) (0,0))
((32,32) (47,47) (0,0))
((48,32) (63,47) (0,0))
((64,32) (79,47) (0,0))
((80,32) (95,47) (0,0))
((96,32) (111,47) (0,0))
((112,32) (127,47) (0,0))
((0,48) (15,63) (0,0))
((16,48) (31,63) (0,0))
((32,48) (47,63) (0,0))
((48,48) (63,63) (0,0))
((64,48) (79,63) (0,0))
((80,48) (95,63) (0,0))
((96,48) (111,63) (0,0))
((112,48) (127,63) (0,0))
((0,64) (15,79) (0,0))
((16,64) (31,79) (0,0))
((32,64) (47,79) (0,0))
((48,64) (63,79) (0,0))
((64,64) (79,79) (0,0))
((80,64) (95,79) (0,0))
((96,64) (111,79) (0,0))
((112,64) (127,79) (0,0))
((0,80) (15,95) (0,0))
((16,80) (31,95) (0,0))
((32,80) (47,95) (0,0))
((48,80) (63,95) (0,0))
((64,80) (79,95) (0,0))
((80,80) (95,95) (0,0))
((96,80) (111,95) (0,0))
((112,80) (127,95) (0,0))
((0,96) (15,111) (0,0))
((16,96) (31,111) (0,0))
((32,96) (47,111) (0,0))
((48,96) (63,111) (0,0))
((64,96) (79,111) (0,0))
((80,96) (95,111) (0,0))
((96,96) (111,111) (0,0))
((112,96) (127,111) (0,0))
((0,112) (15,127) (0,0))
((16,112) (31,127) (0,0))
((32,112) (47,127) (0,0))
((48,112) (63,127) (0,0))
((64,112) (79,127) (0,0))
((80,112) (95,127) (0,0))
((96,112) (111,127) (0,0))
((112,112) (127,127) (0,0))
)
64
FabOnDisk: SD_0_Old_MF_D_00000 0
FabOnDisk: SD_0_Old_MF_D_00000 18516
FabOnDisk: SD_0_Old_MF_D_00000 37032
FabOnDisk: SD_0_Old_MF_D_00000 55548
FabOnDisk: SD_0_Old_MF_D_00000 74064
FabOnDisk: SD_0_Old_MF_D_00000 92580
FabOnDisk: SD_0_Old_MF_D_00000 111096
FabOnDisk: SD_0_Old_MF_D_00000 129613
FabOnDisk: SD_0_Old_MF_D_00000 148131
FabOnDisk: SD_0_Old_MF_D_00000 166647
FabOnDisk: SD_0_Old_MF_D_00000 185163
FabOnDisk: SD_0_Old_MF_D_00000 203679
FabOnDisk: SD_0_Old_MF_D_00000 222195
FabOnDisk: SD_0_Old_MF_D_00000 240711
FabOnDisk: SD_0_Old_MF_D_00000 259227
FabOnDisk: SD_0_Old_MF_D_00000 277744
FabOnDisk: SD_0_Old_MF_D_00000 296262
FabOnDisk: SD_0_Old_MF_D_00000 314778
FabOnDisk: SD_0_Old_MF_D_00000 333294
FabOnDisk: SD_0_Old_MF_D_00000 351810
FabOnDisk: SD_0_Old_MF_D_00000 370326
FabOnDisk: SD_0_Old_MF_D_00000 388842
FabOnDisk: SD_0_Old_MF_D_00000 407358
FabOnDisk: SD_0_Old_MF_D_00000 425875
FabOnDisk: SD_0_Old_MF_D_00000 444393
FabOnDisk: SD_0_Old_MF_D_00000 462909
FabOnDisk: SD_0_Old_MF_D_00000 481425
FabOnDisk: SD_0_Old_MF_D_00000 499941
FabOnDisk: SD_0_Old_MF_D_00000 518457
FabOnDisk: SD_0_Old_MF_D_00000 536973
FabOnDisk: SD_0_Old_MF_D_00000 555489
FabOnDisk: SD_0_Old_MF_D_00000 574006
FabOnDisk: SD_0_Old_MF_D_00000 592524
FabOnDisk: SD_0_Old_MF_D_00000 611040
FabOnDisk: SD_0_Old_MF_D_00000 629556
FabOnDisk: SD_0_Old_MF_D_00000 648072
FabOnDisk: SD_0_Old_MF_D_00000 666588
FabOnDisk: SD_0_Old_MF_D_00000 685104
FabOnDisk: SD_0_Old_MF_D_00000 703620
FabOnDisk: SD_0_Old_MF_D_00000 722137
FabOnDisk: SD_0_Old_MF_D_00000 740655
FabOnDisk: SD_0_Old_MF_D_00000 759171
FabOnDisk: SD_0_Old_MF_D_00000 777687
FabOnDisk: SD_0_Old_MF_D_00000 796203
FabOnDisk: SD_0_Old_MF_D_00000 814719
FabOnDisk: SD_0_Old_MF_D_00000 833235
FabOnDisk: SD_0_Old_MF_D_00000 851751
FabOnDisk: SD_0_Old_MF_D_00000 870268
FabOnDisk: SD_0_Old_MF_D_00000 888786
FabOnDisk: SD_0_Old_MF_D_00000 907303
FabOnDisk: SD_0_Old_MF_D_00000 925820
FabOnDisk: SD_0_Old_MF_D_00000 944337
FabOnDisk: SD_0_Old_MF_D_00000 962854
FabOnDisk: SD_0_Old_MF_D_00000 981371
FabOnDisk: SD_0_Old_MF_D_00000 999888
FabOnDisk: SD_0_Old_MF_D_00000 1018406
FabOnDisk: SD_0_Old_MF_D_00000 1036925
FabOnDisk: SD_0_Old_MF_D_00000 1055443
FabOnDisk: SD_0_Old_MF_D_00000 1073961
FabOnDisk: SD_0_Old_MF_D_00000 1092479
FabOnDisk: SD_0_Old_MF_D_00000 1110997
FabOnDisk: SD_0_Old_MF_D_00000 1129515
FabOnDisk: SD_0_Old_MF_D_00000 1148033
FabOnDisk: SD_0_Old_MF_D_00000 1166552

64,4
9.5353667107557483e-01,1.3551527613978620e-03,9.9999999999613987e-01,2.1473443599473095e-14,
9.0388573075130862e-01,1.4447167599434109e-03,9.9999999999710942e-01,7.0691086973123478e-13,
8.4638902412563444e-01,1.6890021262291252e-03,9.9999999999744082e-01,1.3690692658483860e-12,
7.8679142986020123e-01,1.4229293607789636e-03,9.9999999999872002e-01,1.9798164482022832e-12,
7.5103255726527574e-01,8.3545650243366536e-04,9.9999999999785982e-01,2.5140911872322153e-12,
7.3578014171475581e-01,3.9794845368360329e-04,9.9999999999869482e-01,2.9513013887990784e-12,
7.2944202661886326e-01,1.5805044160509588e-04,9.9999999999825873e-01,3.2751336268882353e-12,
7.2750807295095599e-01,9.5497712400221900e-06,9.9999999999037437e-01,3.4732176628971120e-12,
9.5749173525910625e-01,4.2422788438050037e-02,9.9999999998874267e-01,2.1441000960186380e-14,
9.0810222701437471e-01,4.6815592913419586e-02,9.9999999999927525e-01,7.0688093317747284e-13,
8.4089194088015973e-01,5.6672508061909058e-02,9.9999999999917910e-01,1.3698934903694410e-12,
7.4314931581202759e-01,4.8606747645163186e-02,9.9999999999930078e-01,1.9811280233905240e-12,
7.2268642432036090e-01,2.6206212780748264e-02,9.9999999999952782e-01,2.5154589107518152e-12,
7.2295919785033413e-01,1.1905883926776139e-02,9.9999999999947975e-01,2.9526359809408353e-12,
7.2295250660320243e-01,4.7049325362185108e-03,9.9999999999938993e-01,3.2765394389043036e-12,
7.2263445914975244e-01,2.8584250173557634e-04,9.9999999999930167e-01,3.4747086346907677e-12,
1.3251788726820574e-01,-9.9786541641828863e-01,9.9987424014705906e-01,2.1103267456084301e-14,
4.7958380868650335e-01,-5.4307696349991175e-01,9.9999942077685988e-01,7.0048583888585801e-13,
9.9015065261342086e-02,-2.0565680819435650e-01,9.9998851633446140e-01,1.3723046380033378e-12,
-8.5342327773359108e-02,-5.4924819854384344e-01,9.9996732531671073e-01,1.9848955849583462e-12,
5.9838442637892075e-01,-3.5785946626729410e-02,9.9999999999974110e-01,2.5189956912532056e-12,
7.0151866964174192e-01,1.2913256395281347e-02,9.9999999999989997e-01,2.9561213862368606e-12,
7.1254771398254080e-01,5.7633764545684321e-03,9.9999999999997768e-01,3.2803322093338908e-12,
7.1614910839853352e-01,3.3960403801201744e-04,9.9999999999998035e-01,3.4787677750300455e-12,
-1.8814356925028516e-01,-4.9056537462689009e-01,9.9995280750106608e-01,2.0463356687188350e-14,
-3.5923740545718114e-01,-4.6785058378007094e-01,9.9990085224621505e-01,0.0000000000000000e+00,
-6.8752119174219639e-02,-5.3808084893303376e-01,9.9996139674214890e-01,1.3809074576147272e-12,
4.0685516903716828e-02,-7.7018697613408005e-01,9.9995385626554478e-01,1.9912129334361481e-12,
6.4721730088038232e-01,-5.1878558763950922e-02,1.0000000000000275e+00,2.5233324848507127e-12,
7.0136326153939121e-01,6.6389011501135145e-03,1.0000000000000591e+00,2.9610148789678167e-12,
7.0648217447217421e-01,2.8009655997947324e-03,1.0000000000000118e+00,3.2858975655901486e-12,
7.1161012703968751e-01,1.0286043106738354e-04,9.9999999999997757e-01,3.4847646188360529e-12,
-1.5980430110614818e-01,-7.3427641344185579e-01,9.9995330987700826e-01,2.0465800429963981e-14,
-4.6224759001275073e-01,-8.6821207441880488e-01,9.9996278066981870e-01,0.0000000000000000e+00,
-5.2342546622074264e-02,-1.1363432594115683e+00,9.9998877031462796e-01,1.3864482907829823e-12,
-1.7231274513355238e-02,-6.5903073132210033e-01,9.9999944599382329e-01,1.9989180018967815e-12,
6.3524318155405557e-01,1.5468269327934829e-03,9.9999999999978928e-01,2.5285544956327157e-12,
6.8474221119963263e-01,-2.5829790770946657e-03,9.9999999999986477e-01,2.9668265795541271e-12,
7.0379420756601629e-01,-2.4188616269862680e-03,9.9999999999993083e-01,3.2924715281505315e-12,
7.1047158734491722e-01,-1.0928655651908418e-03,9.9999999999995093e-01,3.4918017727133678e-12,
-5.0201227812375085e-02,-9.8258246945697547e-01,9.9996583024401009e-01,2.1196979873473304e-14,
4.7825892341447918e-01,-4.2517693286280356e-01,9.9999724836777482e-01,7.0358845462495709e-13,
1.7214455667256698e-01,-5.5662057055744574e-01,9.9998625223934201e-01,1.3823209562641655e-12,
1.9694058969191186e-01,-5.3759151761350088e-01,9.9999634135645254e-01,1.9988030390383125e-12,
5.4379701506073397e-01,-1.5522104189464828e-01,9.9999999999953615e-01,2.5333516577363958e-12,
6.8302196732839748e-01,-3.4138976886461989e-02,9.9999999999963740e-01,2.9728741567042298e-12,
7.0393516630933672e-01,-1.1840922804937981e-02,9.9999999999978550e-01,3.2991317915452284e-12,
7.1070968437047766e-01,-4.0279443273137346e-03,9.9999999999995293e-01,3.4988247168227309e-12,
9.5857450862573246e-01,-1.5475935570092686e-01,9.9999999999430189e-01,2.1599494793614477e-14,
9.1853372028849256e-01,-9.1648639442329496e-02,9.9999999999766531e-01,7.1214182582370395e-13,
8.5920555006023913e-01,-1.4254321125086136e-01,9.9999999999786326e-01,1.3823518011581145e-12,
7.0994776829803818e-01,-1.9497720501829538e-01,9.9999999999857903e-01,1.9993772640704027e-12,
6.8993859624739606e-01,-1.4534072096190953e-01,9.9999999999912548e-01,2.5376173323773108e-12,
7.0220669657442558e-01,-3.7299017140524922e-02,9.9999999999944034e-01,2.9781197133599444e-12,
7.1148716555624958e-01,-1.3029685949911747e-02,9.9999999999966427e-01,3.3048093107650237e-12,
7.1423605440195892e-01,-4.3531132415315019e-03,9.9999999999992151e-01,3.5047519722356548e-12,
9.5657580679642762e-01,-6.2899055546418906e-02,9.9999999997687816e-01,2.1685088157140191e-14,
9.1141041235786546e-01,-4.8060697614539953e-02,9.9999999997919986e-01,7.1398945356886556e-13,
8.5514996809452015e-01,-6.2112225457848926e-02,9.9999999999196698e-01,1.3831602429510632e-12,
7.8501060564122205e-01,-6.4107554822929527e-02,9.9999999999739164e-01,2.0003469951577860e-12,
7.3976098098160392e-01,-5.5342726066650923e-02,9.9999999999905442e-01,2.5399479462272195e-12,
7.2461841705420971e-01,-2.7106001989138571e-02,9.9999999999950018e-01,2.9814419733388159e-12,
7.1960578758599858e-01,-1.0427356003531637e-02,9.9999999999934308e-01,3.3085394678082786e-12,
7.1824360463950399e-01,-3.5038330257460937e-03,9.9999999999687317e-01,3.5086633106251253e-12,

64,4
9.9795619457463425e-01,6.5073303255179321e-02,1.0000000000083180e+00,6.6462635409424917e-13,
9.5423578499672557e-01,5.2599522940513919e-02,1.0000000000142322e+00,1.3296018956309176e-12,
9.0405860546999750e-01,5.7395654510094964e-02,1.0000000000135640e+00,1.9447892952560762e-12,
8.4442161432320295e-01,5.7057890230797867e-02,1.0000000000047704e+00,2.4845654119464982e-12,
7.9292305476305913e-01,4.4210943906514928e-02,1.0000000000009808e+00,2.9283277471426369e-12,
7.5795487927006966e-01,2.3676680953697831e-02,1.0000000000023992e+00,3.2597079992117240e-12,
7.3970433534706159e-01,1.0747722289333196e-02,1.0000000000079394e+00,3.4660119722381453e-12,
7.3166726510108060e-01,4.1676831715233582e-03,1.0000000000243583e+00,3.5387711686118592e-12,
9.9882718629077749e-01,1.3665621887733895e-01,1.0000000000025653e+00,6.6468968731083382e-13,
9.7108846640667124e-01,1.0758652644909460e-01,1.0000000000000562e+00,1.3317320122939827e-12,
9.1911753951252706e-01,1.4023774103913386e-01,9.9999999999981382e-01,1.9483798013842319e-12,
8.4209330098107349e-01,1.3898094829097365e-01,9.9999999999979217e-01,2.4880192273107853e-12,
7.8237801691508202e-01,1.0019565550074019e-01,9.9999999999989053e-01,2.9316886694100451e-12,
7.4849913519100197e-01,3.6390990669629100e-02,9.9999999999996259e-01,3.2633478747756271e-12,
7.3462140820553967e-01,1.5768883774866609e-02,1.0000000000000004e+00,3.4699139269106260e-12,
7.2890470625316195e-01,6.2565286763568879e-03,1.0000000000011124e+00,3.5427756206517755e-12,
1.5474279868892087e+00,8.0015063577893908e-01,1.0000741604069350e+00,6.6420747585542624e-13,
1.8237403227723410e+00,3.2943080095540234e-01,1.0000000066743626e+00,1.3388944387842069e-12,
1.5734627914658286e+00,6.3141127066683189e-01,1.0000130711308699e+00,1.9547447870168843e-12,
1.6576855057914310e+00,4.6581229422073828e-01,1.0000231417490966e+00,2.4923328857226241e-12,
7.3199576640306385e-01,1.2084203900295172e-01,1.0000000000001739e+00,2.9364674970149072e-12,
7.2267306885716320e-01,3.6204174813525829e-02,1.0000000000001590e+00,3.2687882419262831e-12,
7.2270287602640593e-01,1.5774576054584037e-02,1.0000000000001374e+00,3.4757954624228561e-12,
7.2247165010094516e-01,6.3021434126529991e-03,1.0000000000010540e+00,3.5488144187452429e-12,
1.7058762520354500e+00,1.0292326352470424e+00,1.0000506855185929e+00,6.5656797648737862e-13,
1.7888467789301010e+00,8.2538469436363893e-01,1.0000000000000000e+40,1.3913998887846055e-12,
1.9367763107164142e+00,1.0498539113594951e+00,1.0000370293153598e+00,1.9632218421737264e-12,
2.1446901772847462e+00,7.0225831713237730e-01,1.0000500775813546e+00,2.4975484966221324e-12,
7.5376886939942123e-01,4.5541056150343644e-02,1.0000000000002351e+00,2.9421835982761967e-12,
7.1167787860778453e-01,1.8243138243145843e-02,1.0000000000001747e+00,3.2752844613351450e-12,
7.1564343249977203e-01,1.2044287236491815e-02,1.0000000000001343e+00,3.4827776289008732e-12,
7.1684731126357448e-01,5.2577810991972897e-03,1.0000000000008453e+00,3.5559651324971913e-12,
1.5622995628555063e+00,6.7342796632735991e-01,1.0000511426277265e+00,6.5931210913285434e-13,
2.0075820651398573e+00,4.2522188245052495e-01,1.0000000000000000e+40,1.3915544469503981e-12,
2.0024777513655345e+00,7.9809264197611807e-01,1.0000114534431768e+00,1.9639643937087544e-12,
2.0901208116971199e+00,6.6283107452118084e-01,1.0000025549322429e+00,2.5022172418116182e-12,
7.2908405262691134e-01,7.6516730743572903e-02,1.0000000000000460e+00,2.9481916911757579e-12,
7.0575521974714972e-01,1.3187727810538750e-02,1.0000000000000606e+00,3.2819385528481561e-12,
7.1120992001459371e-01,5.9113791277632718e-03,1.0000000000000528e+00,3.4898177100853758e-12,
7.1316218095893946e-01,2.4006534891969945e-03,1.0000000000008908e+00,3.5631419268515566e-12,
1.7641589029142137e+00,8.9326907725681670e-01,1.0000304391634216e+00,6.6903405002364255e-13,
1.6181473640922102e+00,2.7509677875885796e-01,1.0000012647275205e+00,1.3446250811553267e-12,
1.5855823883964231e+00,3.1139959669058487e-01,1.0000038507869360e+00,1.9628434752691351e-12,
1.8899229267433708e+00,6.0897068519891939e-01,1.0000005672369390e+00,2.5064664581245598e-12,
6.9842228565376696e-01,7.2391327637391048e-02,9.9999999999990341e-01,2.9534888887745237e-12,
7.1036310421507509e-01,-1.3929409295509022e-03,9.9999999999995826e-01,3.2876876159217319e-12,
7.1381653498721021e-01,-1.4209896515887152e-03,9.9999999999998335e-01,3.4958320090868408e-12,
7.1462642636657547e-01,-1.8474921979948469e-04,1.0000000000009093e+00,3.5692509656361043e-12,
9.9772381288356704e-01,-4.0307595093249847e-02,1.0000000000404647e+00,6.7104001810627390e-13,
9.6360732715931685e-01,-4.1112291275360896e-02,9.9999999999967182e-01,1.3425237570910902e-12,
9.4177475119546994e-01,-5.2040243218781312e-02,9.9999999999989408e-01,1.9637592157787574e-12,
8.7374784485580281e-01,-6.1092583352512234e-02,9.9999999999981548e-01,2.5088168041861163e-12,
7.7924233670217113e-01,-3.0205738139154607e-02,9.9999999999972511e-01,2.9569088650032072e-12,
7.3665701668829675e-01,-1.1592762789277313e-02,9.9999999999983025e-01,3.2915432047043064e-12,
7.2345234482776610e-01,-3.9495135562917557e-03,9.9999999999994738e-01,3.4998830965231979e-12,
7.1916001920092998e-01,-2.5092181769953800e-04,1.0000000000008229e+00,3.5733638390683985e-12,
9.9806036329366676e-01,-1.2671817628019885e-03,1.0000000001242133e+00,6.7144402121912929e-13,
9.5607521600580547e-01,-1.3045653251474777e-03,1.0000000000928160e+00,1.3429122656609672e-12,
9.1458337390944300e-01,-1.5954566645215561e-03,1.0000000000226223e+00,1.9641609498171338e-12,
8.5417504047053738e-01,-1.7185799734432522e-03,1.0000000000060441e+00,2.5095922093689017e-12,
7.9158034649269571e-01,-9.7673353721309045e-04,1.0000000000039428e+00,2.9580947843373419e-12,
7.4954385525979850e-01,-4.0828226985024349e-04,1.0000000000059346e+00,3.2929366747574390e-12,
7.2945513999029177e-01,-1.4163556810391274e-04,1.0000000000064222e+00,3.5013614659388345e-12,
7.2175454020092833e-01,-8.6692000613479858e-06,1.0000000000054206e+00,3.5748664131577290e-12,

