1
1
2
4
(64 0
((0,0) (15,15) (0,0))
((16,0) (31,15) (0,0))
((32,0) (47,15) (0,0))
((48,0) (63,15) (0,0))
((64,0) (79,15) (0,0))
((80,0) (95,15) (0,0))
((96,0) (111,15) (0,0))
((112,0) (127,15) (0,0))
((0,16) (15,31) (0,0))
((16,16) (31,31) (0,0))
((32,16) (47,31) (0,0))
((48,16) (63,31) (0,0))
((64,16) (79,31) (0,0))
((80,16) (95,31) (0,0))
((96,16) (111,31) (0,0))
((112,16) (127,31) (0,0))
((0,32) (15,47) (0,0))
((16,32) (31,47) (0,0))
((32,32) (47,47) (0,0))
((48,32) (63,47) (0,0))
((64,32) (79,47) (0,0))
((80,32) (95,47) (0,0))
((96,32) (111,47) (0,0))
((112,32) (127,47) (0,0))
((0,48) (15,63) (0,0))
((16,48) (31,63) (0,0))
((32,48) (47,63) (0,0))
((48,48) (63,63) (0,0))
((64,48) (79,63) (0,0))
((80,48) (95,63) (0,0))
((96,48) (111,63) (0,0))
((112,48) (127,63) (0,0))
((0,64) (15,79) (0,0))
((16,64) (31,79) (0,0))
((32,64) (47,79) (0,0))
((48,64) (63,79) (0,0))
((64,64) (79,79) (0,0))
((80,64) (95,79) (0,0))
((96,64) (111,79) (0,0))
((112,64) (127,79) (0,0))
((0,80) (15,95) (0,0))
((16,80) (31,95) (0,0))
((32,80) (47,95) (0,0))
((48,80) (63,95) (0,0))
((64,80) (79,95) (0,0))
((80,80) (95,95) (0,0))
((96,80) (111,95) (0,0))
((112,80) (127,95) (0,0))
((0,96) (15,111) (0,0))
((16,96) (31,111) (0,0))
((32,96) (47,111) (0,0))
((48,96) (63,111) (0,0))
((64,96) (79,111) (0,0))
((80,96) (95,111) (0,0))
((96,96) (111,111) (0,0))
((112,96) (127,111) (0,0))
((0,112) (15,127) (0,0))
((16,112) (31,127) (0,0))
((32,112) (47,127) (0,0))
((48,112) (63,127) (0,0))
((64,112) (79,127) (0,0))
((80,112) (95,127) (0,0))
((96,112) (111,127) (0,0))
((112,112) (127,127) (0,0))
)
64
FabOnDisk: SD_2_New_MF_D_00000 0
FabOnDisk: SD_2_New_MF_D_00000 9300
FabOnDisk: SD_2_New_MF_D_00000 18600
FabOnDisk: SD_2_New_MF_D_00000 27900
FabOnDisk: SD_2_New_MF_D_00000 37200
FabOnDisk: SD_2_New_MF_D_00000 46500
FabOnDisk: SD_2_New_MF_D_00000 55800
FabOnDisk: SD_2_New_MF_D_00000 65101
FabOnDisk: SD_2_New_MF_D_00000 74403
FabOnDisk: SD_2_New_MF_D_00000 83703
FabOnDisk: SD_2_New_MF_D_00000 93003
FabOnDisk: SD_2_New_MF_D_00000 102303
FabOnDisk: SD_2_New_MF_D_00000 111603
FabOnDisk: SD_2_New_MF_D_00000 120903
FabOnDisk: SD_2_New_MF_D_00000 130203
FabOnDisk: SD_2_New_MF_D_00000 139504
FabOnDisk: SD_2_New_MF_D_00000 148806
FabOnDisk: SD_2_New_MF_D_00000 158106
FabOnDisk: SD_2_New_MF_D_00000 167406
FabOnDisk: SD_2_New_MF_D_00000 176706
FabOnDisk: SD_2_New_MF_D_00000 186006
FabOnDisk: SD_2_New_MF_D_00000 195306
FabOnDisk: SD_2_New_MF_D_00000 204606
FabOnDisk: SD_2_New_MF_D_00000 213907
FabOnDisk: SD_2_New_MF_D_00000 223209
FabOnDisk: SD_2_New_MF_D_00000 232509
FabOnDisk: SD_2_New_MF_D_00000 241809
FabOnDisk: SD_2_New_MF_D_00000 251109
FabOnDisk: SD_2_New_MF_D_00000 260409
FabOnDisk: SD_2_New_MF_D_00000 269709
FabOnDisk: SD_2_New_MF_D_00000 279009
FabOnDisk: SD_2_New_MF_D_00000 288310
FabOnDisk: SD_2_New_MF_D_00000 297612
FabOnDisk: SD_2_New_MF_D_00000 306912
FabOnDisk: SD_2_New_MF_D_00000 316212
FabOnDisk: SD_2_New_MF_D_00000 325512
FabOnDisk: SD_2_New_MF_D_00000 334812
FabOnDisk: SD_2_New_MF_D_00000 344112
FabOnDisk: SD_2_New_MF_D_00000 353412
FabOnDisk: SD_2_New_MF_D_00000 362713
FabOnDisk: SD_2_New_MF_D_00000 372015
FabOnDisk: SD_2_New_MF_D_00000 381315
FabOnDisk: SD_2_New_MF_D_00000 390615
FabOnDisk: SD_2_New_MF_D_00000 399915
FabOnDisk: SD_2_New_MF_D_00000 409215
FabOnDisk: SD_2_New_MF_D_00000 418515
FabOnDisk: SD_2_New_MF_D_00000 427815
FabOnDisk: SD_2_New_MF_D_00000 437116
FabOnDisk: SD_2_New_MF_D_00000 446418
FabOnDisk: SD_2_New_MF_D_00000 455719
FabOnDisk: SD_2_New_MF_D_00000 465020
FabOnDisk: SD_2_New_MF_D_00000 474321
FabOnDisk: SD_2_New_MF_D_00000 483622
FabOnDisk: SD_2_New_MF_D_00000 492923
FabOnDisk: SD_2_New_MF_D_00000 502224
FabOnDisk: SD_2_New_MF_D_00000 511526
FabOnDisk: SD_2_New_MF_D_00000 520829
FabOnDisk: SD_2_New_MF_D_00000 530131
FabOnDisk: SD_2_New_MF_D_00000 539433
FabOnDisk: SD_2_New_MF_D_00000 548735
FabOnDisk: SD_2_New_MF_D_00000 558037
FabOnDisk: SD_2_New_MF_D_00000 567339
FabOnDisk: SD_2_New_MF_D_00000 576641
FabOnDisk: SD_2_New_MF_D_00000 585944

64,2
2.6334388333998504e+01,-7.7084732533112401e+02,
7.0581549699854804e+02,-5.8664928166508616e+02,
1.1130902607339522e+03,-2.2117534923600033e+02,
9.6403169407822134e+02,3.3966829614655580e+00,
6.2151233253607643e+02,8.3445149208273506e+00,
4.0684011048416141e+02,5.1236496901765349e+00,
3.0139320209418656e+02,2.3254667749824876e+00,
2.6863212095502240e+02,6.7234804572535722e-02,
-1.4880021894350648e+01,-2.1336222977581201e+03,
8.8103400489344494e+02,-1.3635614758211887e+03,
1.3036236816900782e+03,-3.8646122407226358e+02,
8.8578803229502228e+02,1.3851938544648874e+02,
3.9604757891138433e+02,2.8517166268829897e+02,
2.5532242507362389e+02,1.6462536873223144e+02,
1.9638750050970702e+02,7.3300922770795296e+01,
1.7871556061688170e+02,2.1107756629476171e+00,
-1.3085567720826284e+06,-1.6395386552956866e+07,
-6.9548504198570969e+06,-5.6055918724945066e+06,
-6.8993647667807853e+06,-7.0462269715596009e+06,
-3.5534286266898327e+06,-5.1206336976471720e+06,
-4.6607940250105457e+02,5.5851739462377736e+02,
-1.0340545682993252e+01,2.8620236093538551e+02,
3.9623473299434409e+01,1.2368667300806919e+02,
5.4205011620520963e+01,3.5415529360420805e+00,
-4.3888001413708944e+06,-1.4165601563036809e+07,
-7.8967143164852755e+06,-7.0794118978154529e+06,
-1.0844545327179510e+07,-8.0932162633266095e+06,
-2.2328314626021001e+07,-5.8946896718970384e+05,
-1.0158795318653574e+03,4.2710199000066496e+02,
-3.0525689691021398e+02,2.3891629637728329e+02,
-1.4647847730264766e+02,1.0848230154742851e+02,
-7.6540990922061610e+01,3.1650235009976768e+00,
-4.3492213999277921e+06,-3.0531199252139428e+06,
-1.1525314669465926e+07,-4.7721454629820120e+06,
-1.2779967497654771e+07,-7.9959238496104709e+05,
-1.6689837242656466e+07,-2.8211644303297792e+06,
-1.2728882338262338e+03,1.4737197327158356e+02,
-4.5862253604100260e+02,1.0766666550862283e+02,
-2.4591563818721625e+02,5.8072056005039485e+01,
-1.6063886114234629e+02,1.7890637036941825e+00,
-2.8387942272913540e+06,-1.2399291949710106e+06,
-5.4448613852240397e+06,-3.3470281868888828e+05,
-2.5871008840682199e+06,-1.3042574472391165e+06,
-3.5382866385866706e+06,-2.3792383519997229e+06,
-1.3264319895508379e+03,-8.0545995684333320e+02,
-4.6160666322648467e+02,-1.2346958828929928e+02,
-2.5449705542979063e+02,-2.8684312999757822e+00,
-1.8858677976223407e+02,5.4569892436120426e-01,
-1.5129728581385280e+03,-1.1488040127114800e+03,
3.1294872020298499e+02,5.2072927570043248e+01,
4.0838171573923319e+02,-4.5043036961833423e+02,
-2.8626939536370628e+02,-9.7765264561603544e+02,
-3.7702409659505065e+02,-6.8252414661401417e+02,
-3.2332833367763669e+02,-1.4805351168070047e+02,
-2.3539609977506916e+02,-3.1460932718437107e+01,
-1.8903819519391982e+02,-3.7942814579764672e+00,
9.5329752817633562e+00,6.7223465837741969e+00,
2.4579012745234650e+02,1.4089815213083057e+00,
3.1061202631790366e+02,-1.7504825332689506e+02,
7.8090970003177063e+01,-2.5243979862389097e+02,
-1.2811066366302839e+02,-2.3641582802047196e+02,
-1.7900866995041724e+02,-1.1036005955138535e+02,
-1.8308847771657747e+02,-2.9940068661926489e+01,
-1.8234762872125430e+02,-4.2025698592624394e+00,

64,2
8.1578923200213467e+02,-1.8571440395317040e+01,
1.2671063630739809e+03,-7.9262635084887734e+00,
1.3531399062656419e+03,1.0576027552669984e+02,
1.3211334614643420e+03,3.2676655973809829e+02,
9.6669522288793814e+02,3.3025514200780890e+02,
6.5414042986849381e+02,2.5982867075908871e+02,
4.4479819153256540e+02,1.4900294304006820e+02,
3.3317912721622270e+02,6.4674511469729623e+01,
1.6737676795564767e+03,-6.5192335132342123e+02,
1.7958996201028640e+03,-2.5779129620423191e+02,
2.1591868291190622e+03,2.0928491466111154e+02,
2.1804443074666779e+03,1.1525830314509221e+03,
9.7087299954437185e+02,1.0018407374514936e+03,
5.9621536699632998e+02,5.2349997693709156e+02,
3.9123465521261096e+02,2.6874584847410006e+02,
2.9277184226021927e+02,1.1342204546626817e+02,
5.3629161957246913e+06,9.5682118544030542e+04,
2.6635845967085850e+06,1.2540147700432187e+06,
3.5436748625602080e+06,1.8956627482224421e+06,
3.2567604791841591e+06,1.2846177016667200e+06,
7.8148960945327417e+02,1.3866474523783836e+03,
3.6112065665947739e+02,5.9876708621522994e+02,
2.3789185219540377e+02,3.0197305355268327e+02,
1.8612878441528301e+02,1.2728158685031303e+02,
8.5668888003172092e+06,1.9470772543620269e+06,
1.0000000000000000e+40,1.0000000000000000e+40,
1.5776121956950072e+06,2.7837551000149259e+06,
3.3705716642047575e+05,4.4481854131524777e+06,
-4.1033218924712855e+01,1.1972255901742756e+03,
2.4368599779336364e+01,5.7731053504685406e+02,
4.4632994682790013e+01,2.9746203224003693e+02,
4.9727595881922753e+01,1.2608411064675238e+02,
6.8710888683206122e+06,1.3907013639293952e+07,
1.0000000000000000e+40,1.0000000000000000e+40,
1.1018215534663443e+06,5.7799012637249241e+06,
1.2782051279044715e+06,1.2057518323238061e+06,
-3.3286692446199595e+02,8.2287087099794007e+02,
-1.6271013732111896e+02,3.9963923670948134e+02,
-8.6115071538923075e+01,2.2268766966517433e+02,
-6.4304659677451127e+01,9.8907023832089180e+01,
2.7730807993025999e+06,1.3854153035671884e+07,
1.6432774384532801e+06,6.3987492992550433e+06,
2.2469526363670849e+06,4.3186376181080472e+06,
3.0599561722691529e+06,4.1621949485159186e+06,
-3.4627784276854072e+02,2.4520543820326566e+02,
-2.4303725423415017e+02,1.2391160456645594e+02,
-1.6708158668779652e+02,9.6781430024202564e+01,
-1.4151634416640445e+02,5.1628017356961209e+01,
8.9350698784401175e+02,1.6789000358803605e+03,
9.0050426073357812e+02,6.8092612604887108e+02,
9.4862544018833432e+02,1.6158729538292391e+02,
9.2218042514032277e+02,-2.0300443943160644e+02,
5.2853869611499249e+01,-1.2431690156881814e+02,
-1.4200956334207149e+02,-1.0500993976529571e+01,
-1.8292601077555446e+02,1.1461420907198772e+01,
-1.7507821802711987e+02,1.1274491910717188e+01,
2.8370584496442461e+02,2.6037728854353190e+02,
4.7407965444799629e+02,2.3301876484183595e+02,
4.8092716533574276e+02,3.4615472842051531e+01,
3.8027326070769050e+02,-5.1909845038608182e+00,
9.1541668756690342e+01,-3.9814829178794753e+00,
-8.0897222157727811e+01,-1.3385319638473447e+00,
-1.5599454656458693e+02,-2.7121122056996683e-01,
-1.7624661689542700e+02,-4.2802285861398559e-03,

