1
1
2
1
(4 0
((0,0) (31,31) (0,0))
((32,0) (63,31) (0,0))
((0,32) (31,63) (0,0))
((32,32) (63,63) (0,0))
)
4
FabOnDisk: SD_2_New_MF_D_00000 0
FabOnDisk: SD_2_New_MF_D_00001 0
FabOnDisk: SD_2_New_MF_D_00002 0
FabOnDisk: SD_2_New_MF_D_00003 0

4,2
4.5434709859559774e-04,-5.4545508619821881e-02,
-5.0090651994161834e+02,-3.5346946653832100e+02,
-2.2556840315815163e+02,-3.5619826025794778e+03,
-1.3542820368746625e+03,-8.9015509412244239e+02,

4,2
4.1615577166716378e-02,-4.2039819843608939e-04,
1.2367376417813027e+03,1.2939365213605395e+03,
1.1264501709347655e+03,1.1675439711788739e+02,
1.4184206496970701e+03,2.0213788463303656e+03,

