1
1
1
1
(64 0
((0,0) (16,16) (1,1))
((16,0) (32,16) (1,1))
((32,0) (48,16) (1,1))
((48,0) (64,16) (1,1))
((64,0) (80,16) (1,1))
((80,0) (96,16) (1,1))
((96,0) (112,16) (1,1))
((112,0) (128,16) (1,1))
((0,16) (16,32) (1,1))
((16,16) (32,32) (1,1))
((32,16) (48,32) (1,1))
((48,16) (64,32) (1,1))
((64,16) (80,32) (1,1))
((80,16) (96,32) (1,1))
((96,16) (112,32) (1,1))
((112,16) (128,32) (1,1))
((0,32) (16,48) (1,1))
((16,32) (32,48) (1,1))
((32,32) (48,48) (1,1))
((48,32) (64,48) (1,1))
((64,32) (80,48) (1,1))
((80,32) (96,48) (1,1))
((96,32) (112,48) (1,1))
((112,32) (128,48) (1,1))
((0,48) (16,64) (1,1))
((16,48) (32,64) (1,1))
((32,48) (48,64) (1,1))
((48,48) (64,64) (1,1))
((64,48) (80,64) (1,1))
((80,48) (96,64) (1,1))
((96,48) (112,64) (1,1))
((112,48) (128,64) (1,1))
((0,64) (16,80) (1,1))
((16,64) (32,80) (1,1))
((32,64) (48,80) (1,1))
((48,64) (64,80) (1,1))
((64,64) (80,80) (1,1))
((80,64) (96,80) (1,1))
((96,64) (112,80) (1,1))
((112,64) (128,80) (1,1))
((0,80) (16,96) (1,1))
((16,80) (32,96) (1,1))
((32,80) (48,96) (1,1))
((48,80) (64,96) (1,1))
((64,80) (80,96) (1,1))
((80,80) (96,96) (1,1))
((96,80) (112,96) (1,1))
((112,80) (128,96) (1,1))
((0,96) (16,112) (1,1))
((16,96) (32,112) (1,1))
((32,96) (48,112) (1,1))
((48,96) (64,112) (1,1))
((64,96) (80,112) (1,1))
((80,96) (96,112) (1,1))
((96,96) (112,112) (1,1))
((112,96) (128,112) (1,1))
((0,112) (16,128) (1,1))
((16,112) (32,128) (1,1))
((32,112) (48,128) (1,1))
((48,112) (64,128) (1,1))
((64,112) (80,128) (1,1))
((80,112) (96,128) (1,1))
((96,112) (112,128) (1,1))
((112,112) (128,128) (1,1))
)
64
FabOnDisk: SD_1_Old_MF_D_00000 0
FabOnDisk: SD_1_Old_MF_D_00000 2972
FabOnDisk: SD_1_Old_MF_D_00000 5944
FabOnDisk: SD_1_Old_MF_D_00000 8916
FabOnDisk: SD_1_Old_MF_D_00000 11888
FabOnDisk: SD_1_Old_MF_D_00000 14860
FabOnDisk: SD_1_Old_MF_D_00000 17832
FabOnDisk: SD_1_Old_MF_D_00000 20805
FabOnDisk: SD_1_Old_MF_D_00000 23779
FabOnDisk: SD_1_Old_MF_D_00000 26751
FabOnDisk: SD_1_Old_MF_D_00000 29723
FabOnDisk: SD_1_Old_MF_D_00000 32695
FabOnDisk: SD_1_Old_MF_D_00000 35667
FabOnDisk: SD_1_Old_MF_D_00000 38639
FabOnDisk: SD_1_Old_MF_D_00000 41611
FabOnDisk: SD_1_Old_MF_D_00000 44584
FabOnDisk: SD_1_Old_MF_D_00000 47558
FabOnDisk: SD_1_Old_MF_D_00000 50530
FabOnDisk: SD_1_Old_MF_D_00000 53502
FabOnDisk: SD_1_Old_MF_D_00000 56474
FabOnDisk: SD_1_Old_MF_D_00000 59446
FabOnDisk: SD_1_Old_MF_D_00000 62418
FabOnDisk: SD_1_Old_MF_D_00000 65390
FabOnDisk: SD_1_Old_MF_D_00000 68363
FabOnDisk: SD_1_Old_MF_D_00000 71337
FabOnDisk: SD_1_Old_MF_D_00000 74309
FabOnDisk: SD_1_Old_MF_D_00000 77281
FabOnDisk: SD_1_Old_MF_D_00000 80253
FabOnDisk: SD_1_Old_MF_D_00000 83225
FabOnDisk: SD_1_Old_MF_D_00000 86197
FabOnDisk: SD_1_Old_MF_D_00000 89169
FabOnDisk: SD_1_Old_MF_D_00000 92142
FabOnDisk: SD_1_Old_MF_D_00000 95116
FabOnDisk: SD_1_Old_MF_D_00000 98088
FabOnDisk: SD_1_Old_MF_D_00000 101060
FabOnDisk: SD_1_Old_MF_D_00000 104032
FabOnDisk: SD_1_Old_MF_D_00000 107004
FabOnDisk: SD_1_Old_MF_D_00000 109976
FabOnDisk: SD_1_Old_MF_D_00000 112948
FabOnDisk: SD_1_Old_MF_D_00000 115921
FabOnDisk: SD_1_Old_MF_D_00000 118895
FabOnDisk: SD_1_Old_MF_D_00000 121867
FabOnDisk: SD_1_Old_MF_D_00000 124839
FabOnDisk: SD_1_Old_MF_D_00000 127811
FabOnDisk: SD_1_Old_MF_D_00000 130783
FabOnDisk: SD_1_Old_MF_D_00000 133755
FabOnDisk: SD_1_Old_MF_D_00000 136727
FabOnDisk: SD_1_Old_MF_D_00000 139700
FabOnDisk: SD_1_Old_MF_D_00000 142674
FabOnDisk: SD_1_Old_MF_D_00000 145647
FabOnDisk: SD_1_Old_MF_D_00000 148620
FabOnDisk: SD_1_Old_MF_D_00000 151593
FabOnDisk: SD_1_Old_MF_D_00000 154566
FabOnDisk: SD_1_Old_MF_D_00000 157539
FabOnDisk: SD_1_Old_MF_D_00000 160512
FabOnDisk: SD_1_Old_MF_D_00000 163486
FabOnDisk: SD_1_Old_MF_D_00000 166461
FabOnDisk: SD_1_Old_MF_D_00000 169435
FabOnDisk: SD_1_Old_MF_D_00000 172409
FabOnDisk: SD_1_Old_MF_D_00000 175383
FabOnDisk: SD_1_Old_MF_D_00000 178357
FabOnDisk: SD_1_Old_MF_D_00000 181331
FabOnDisk: SD_1_Old_MF_D_00000 184305
FabOnDisk: SD_1_Old_MF_D_00000 187280

64,1
6.3120603349227037e-03,
1.6132344786170955e-03,
-6.6550085370194038e-04,
-7.8772232530668982e-04,
-6.7096054345181270e-04,
-3.5743924954960481e-04,
-1.8897797182610229e-04,
-7.6606671642344868e-05,
7.2402106303866842e-03,
-4.8194411416020893e-03,
-5.6211125251125734e-03,
-3.6820124113274930e-03,
-1.0193089285678726e-03,
-3.5743924954960481e-04,
-1.6226895835167490e-04,
-6.0212986206512219e-05,
1.0459044863203197e-02,
-4.8638367818073992e-02,
-4.3533227747894775e-02,
-5.1557260382538109e-03,
-1.0103252870898847e-03,
-2.2209519816991768e-04,
-4.6463807921978808e-05,
-9.1720180710134234e-06,
2.3270451394281414e-02,
-1.0885029405694764e+00,
-2.0402239733648372e-01,
-3.3410392811954767e-03,
3.4036246550958458e-04,
1.5997570690347906e-04,
5.9861827300919145e-05,
-8.5135515183537487e-07,
2.3270451394269392e-02,
-1.0885029405694511e+00,
-2.0402239733644456e-01,
-3.3410392811991448e-03,
3.4036246550886700e-04,
1.5997570690344599e-04,
5.9861827300416929e-05,
-8.5135515183537487e-07,
1.0459044863194489e-02,
-4.8638367818087315e-02,
-4.3533227747904912e-02,
-5.1557260382574027e-03,
-1.0103252870943046e-03,
-2.2209519817237549e-04,
-4.6463807923958385e-05,
-9.1720180698998088e-06,
7.2402106303768856e-03,
-4.8194411416094592e-03,
-5.6211125251203285e-03,
-3.6820124113284931e-03,
-1.0193089285699386e-03,
-3.5743924955197287e-04,
-1.6226895835512255e-04,
-6.0212986206795873e-05,
6.3120603349217904e-03,
1.6132344786100941e-03,
-6.6550085370278963e-04,
-7.8772232530051637e-04,
-6.7096054345380774e-04,
-3.5743924955197287e-04,
-1.8897797183024343e-04,
-7.6606671641329485e-05,

64,1
1.0654986415198115e-02,
7.2402106303866842e-03,
2.6348314297416015e-03,
2.8072428919025355e-04,
-3.3780825086890788e-04,
-1.6226895835167490e-04,
-6.0212986206512219e-05,
1.0689121336293268e-06,
2.2133449025679382e-02,
1.0459044863203197e-02,
1.6132344786170955e-03,
-6.6550085370194038e-04,
-2.2209519816991768e-04,
-4.6463807921978808e-05,
-9.1720180710134234e-06,
6.7936277349763627e-07,
6.1516229749367067e-02,
2.3270451394281414e-02,
-3.3410392811954767e-03,
4.5599952903522227e-04,
4.8114579178706624e-04,
3.4036246550958458e-04,
1.5997570690347906e-04,
5.9861827300919145e-05,
2.8624960418539852e-01,
5.9016743685253648e-01,
1.5880754482523252e-01,
1.3830302739804002e-02,
2.6037022924384015e-03,
7.7475745765673916e-04,
2.7846440480211541e-04,
9.4290973095453602e-05,
2.8624960418539852e-01,
5.9016743685253648e-01,
1.5880754482523252e-01,
1.3830302739804002e-02,
2.6037022924384015e-03,
7.7475745765673916e-04,
2.7846440480211541e-04,
9.4290973095453602e-05,
6.1516229749366713e-02,
2.3270451394269392e-02,
-3.3410392811991448e-03,
4.5599952903539422e-04,
4.8114579178663115e-04,
3.4036246550886700e-04,
1.5997570690344599e-04,
5.9861827300416929e-05,
2.2133449025679947e-02,
1.0459044863194489e-02,
1.6132344786100941e-03,
-6.6550085370278963e-04,
-2.2209519817237549e-04,
-4.6463807923958385e-05,
-9.1720180698998088e-06,
6.7936277451830673e-07,
1.0654986415191376e-02,
7.2402106303768856e-03,
2.6348314297389829e-03,
2.8072428918839805e-04,
-3.3780825087297115e-04,
-1.6226895835512255e-04,
-6.0212986206795873e-05,
1.0689121351336759e-06,

