1
1
4
4
(64 0
((0,64) (15,79) (0,0))
((16,64) (31,79) (0,0))
((32,64) (47,79) (0,0))
((48,64) (63,79) (0,0))
((64,64) (79,79) (0,0))
((80,64) (95,79) (0,0))
((96,64) (111,79) (0,0))
((112,64) (127,79) (0,0))
((0,80) (15,95) (0,0))
((16,80) (31,95) (0,0))
((32,80) (47,95) (0,0))
((48,80) (63,95) (0,0))
((64,80) (79,95) (0,0))
((80,80) (95,95) (0,0))
((96,80) (111,95) (0,0))
((112,80) (127,95) (0,0))
((0,96) (15,111) (0,0))
((16,96) (31,111) (0,0))
((32,96) (47,111) (0,0))
((48,96) (63,111) (0,0))
((64,96) (79,111) (0,0))
((80,96) (95,111) (0,0))
((96,96) (111,111) (0,0))
((112,96) (127,111) (0,0))
((0,112) (15,127) (0,0))
((16,112) (31,127) (0,0))
((32,112) (47,127) (0,0))
((48,112) (63,127) (0,0))
((64,112) (79,127) (0,0))
((80,112) (95,127) (0,0))
((96,112) (111,127) (0,0))
((112,112) (127,127) (0,0))
((0,128) (15,143) (0,0))
((16,128) (31,143) (0,0))
((32,128) (47,143) (0,0))
((48,128) (63,143) (0,0))
((64,128) (79,143) (0,0))
((80,128) (95,143) (0,0))
((96,128) (111,143) (0,0))
((112,128) (127,143) (0,0))
((0,144) (15,159) (0,0))
((16,144) (31,159) (0,0))
((32,144) (47,159) (0,0))
((48,144) (63,159) (0,0))
((64,144) (79,159) (0,0))
((80,144) (95,159) (0,0))
((96,144) (111,159) (0,0))
((112,144) (127,159) (0,0))
((0,160) (15,175) (0,0))
((16,160) (31,175) (0,0))
((32,160) (47,175) (0,0))
((48,160) (63,175) (0,0))
((64,160) (79,175) (0,0))
((80,160) (95,175) (0,0))
((96,160) (111,175) (0,0))
((112,160) (127,175) (0,0))
((0,176) (15,191) (0,0))
((16,176) (31,191) (0,0))
((32,176) (47,191) (0,0))
((48,176) (63,191) (0,0))
((64,176) (79,191) (0,0))
((80,176) (95,191) (0,0))
((96,176) (111,191) (0,0))
((112,176) (127,191) (0,0))
)
64
FabOnDisk: SD_0_New_MF_D_00000 0
FabOnDisk: SD_0_New_MF_D_00000 18516
FabOnDisk: SD_0_New_MF_D_00000 37032
FabOnDisk: SD_0_New_MF_D_00000 55548
FabOnDisk: SD_0_New_MF_D_00000 74064
FabOnDisk: SD_0_New_MF_D_00000 92580
FabOnDisk: SD_0_New_MF_D_00000 111096
FabOnDisk: SD_0_New_MF_D_00000 129613
FabOnDisk: SD_0_New_MF_D_00000 148131
FabOnDisk: SD_0_New_MF_D_00000 166647
FabOnDisk: SD_0_New_MF_D_00000 185163
FabOnDisk: SD_0_New_MF_D_00000 203679
FabOnDisk: SD_0_New_MF_D_00000 222195
FabOnDisk: SD_0_New_MF_D_00000 240711
FabOnDisk: SD_0_New_MF_D_00000 259227
FabOnDisk: SD_0_New_MF_D_00000 277744
FabOnDisk: SD_0_New_MF_D_00000 296262
FabOnDisk: SD_0_New_MF_D_00000 314779
FabOnDisk: SD_0_New_MF_D_00000 333296
FabOnDisk: SD_0_New_MF_D_00000 351813
FabOnDisk: SD_0_New_MF_D_00000 370330
FabOnDisk: SD_0_New_MF_D_00000 388847
FabOnDisk: SD_0_New_MF_D_00000 407364
FabOnDisk: SD_0_New_MF_D_00000 425882
FabOnDisk: SD_0_New_MF_D_00000 444401
FabOnDisk: SD_0_New_MF_D_00000 462919
FabOnDisk: SD_0_New_MF_D_00000 481437
FabOnDisk: SD_0_New_MF_D_00000 499955
FabOnDisk: SD_0_New_MF_D_00000 518473
FabOnDisk: SD_0_New_MF_D_00000 536991
FabOnDisk: SD_0_New_MF_D_00000 555509
FabOnDisk: SD_0_New_MF_D_00000 574028
FabOnDisk: SD_0_New_MF_D_00000 592548
FabOnDisk: SD_0_New_MF_D_00000 611066
FabOnDisk: SD_0_New_MF_D_00000 629584
FabOnDisk: SD_0_New_MF_D_00000 648102
FabOnDisk: SD_0_New_MF_D_00000 666620
FabOnDisk: SD_0_New_MF_D_00000 685138
FabOnDisk: SD_0_New_MF_D_00000 703656
FabOnDisk: SD_0_New_MF_D_00000 722175
FabOnDisk: SD_0_New_MF_D_00000 740695
FabOnDisk: SD_0_New_MF_D_00000 759213
FabOnDisk: SD_0_New_MF_D_00000 777731
FabOnDisk: SD_0_New_MF_D_00000 796249
FabOnDisk: SD_0_New_MF_D_00000 814767
FabOnDisk: SD_0_New_MF_D_00000 833285
FabOnDisk: SD_0_New_MF_D_00000 851803
FabOnDisk: SD_0_New_MF_D_00000 870322
FabOnDisk: SD_0_New_MF_D_00000 888842
FabOnDisk: SD_0_New_MF_D_00000 907360
FabOnDisk: SD_0_New_MF_D_00000 925878
FabOnDisk: SD_0_New_MF_D_00000 944396
FabOnDisk: SD_0_New_MF_D_00000 962914
FabOnDisk: SD_0_New_MF_D_00000 981432
FabOnDisk: SD_0_New_MF_D_00000 999950
FabOnDisk: SD_0_New_MF_D_00000 1018469
FabOnDisk: SD_0_New_MF_D_00000 1036989
FabOnDisk: SD_0_New_MF_D_00000 1055507
FabOnDisk: SD_0_New_MF_D_00000 1074025
FabOnDisk: SD_0_New_MF_D_00000 1092543
FabOnDisk: SD_0_New_MF_D_00000 1111061
FabOnDisk: SD_0_New_MF_D_00000 1129579
FabOnDisk: SD_0_New_MF_D_00000 1148097
FabOnDisk: SD_0_New_MF_D_00000 1166616

64,4
3.6124014496332180e-01,-4.1543326843615158e-01,9.9997516409362730e-01,1.0108727525459297e-14,
7.5076959889945438e-01,-1.3173150875668507e-01,9.9999999999345368e-01,3.3424251785114734e-13,
8.6953949172520806e-01,4.1627475484682784e-02,9.9999999158692232e-01,6.5853965045744172e-13,
5.2605232098736310e-01,-1.1778474185182264e-01,9.9999999980744281e-01,9.8003010749102686e-13,
8.5610288497259224e-01,-1.6813937683544816e-02,9.9999999943517193e-01,1.2917906548039991e-12,
5.9073727818983135e-01,6.4525973555705232e-02,9.9999999999877209e-01,1.5910709678000983e-12,
5.9245375319723126e-01,1.5363361555247926e-01,9.9999997818598163e-01,1.8746303665921989e-12,
4.3412785094330913e-01,-5.2968783340393427e-02,9.9999999445018728e-01,2.1398383314452893e-12,
4.8867713127981222e-01,-9.6705257188496607e-01,9.9995759670772821e-01,1.0004682201202758e-14,
-1.2459124706456337e-01,-1.9390268840715055e-01,9.9996146810495812e-01,3.3093917306320085e-13,
1.4470449296036980e-01,-6.0385367843180959e-01,9.9983662368997150e-01,6.5416598177152206e-13,
1.0355743828687367e-01,-8.2801166301679452e-01,9.9997926122853298e-01,9.8039455960493049e-13,
3.1113741440102627e-01,-5.5892235817020408e-01,9.9976067443976047e-01,1.2941283095748138e-12,
-2.3850444088546302e-01,-1.6863687054695410e-02,9.9997558241288531e-01,1.5939005430184369e-12,
-1.0272033251608555e-01,-5.4391248873201736e-01,9.9985942446164122e-01,1.8768832448913077e-12,
1.2066921111382965e-01,-6.8732664889835171e-01,9.9999940538714915e-01,2.1413530112657202e-12,
2.6175756207661188e-01,-4.5439911311972758e-01,9.9997091925578308e-01,9.8256763490240637e-15,
-6.8263575613624033e-02,-6.2539553153924166e-01,9.9996650333493386e-01,3.2431950650882695e-13,
1.6341871306387129e-01,-6.7916002743160864e-01,9.9995561212388617e-01,6.3875010480445042e-13,
2.1056291715983722e-01,-3.9234961292216836e-01,9.9995435106663488e-01,9.8078654110614227e-13,
-4.3776586627250105e-02,-5.1914037750241782e-01,9.9988672754157670e-01,1.2998211570979432e-12,
8.8416592723838158e-02,-2.5637550565870815e-01,9.9994654020763640e-01,1.5990970606167951e-12,
-4.7873942477872210e-02,-6.2564005758883601e-01,9.9999019264545908e-01,1.8801105194245378e-12,
-4.9394401946254766e-02,-5.9931688465862920e-01,9.9999994969620154e-01,2.1432749876361331e-12,
-2.8592271651978840e-01,-3.6673293311870592e-01,9.9987667989991191e-01,9.7168064442910019e-15,
9.2846295200797097e-02,-6.6637721557804397e-01,9.9995456706222030e-01,3.1920610249770042e-13,
-3.0468702018065303e-02,-7.3572000730001019e-01,9.9997188907263224e-01,6.0905666593530504e-13,
-5.9037302096808120e-01,-5.7691944930425409e-01,9.9988758095478558e-01,9.8233672483058788e-13,
3.9194446406698336e-01,-4.8471663831985307e-01,9.9955719053861669e-01,1.3170948464612474e-12,
-7.8001575435805798e-02,-7.8207391701836093e-01,9.9994839943454161e-01,1.6076314596001416e-12,
5.8180385954194669e-01,-9.4698498273113418e-01,9.9997822028360916e-01,1.8843307566341613e-12,
5.4848970197409710e-02,-6.0316671688503931e-01,9.9996487167152648e-01,2.1459254808414693e-12,
-5.3138335746119758e-01,-8.5880260260813623e-01,9.9993812320061803e-01,9.7196153043982309e-15,
2.4656402736966274e-01,-4.5205174631642481e-01,9.9997702547906964e-01,3.1922300429768325e-13,
1.9450245127842877e-02,-9.4744160553369317e-01,9.9993116731908893e-01,6.0912754678916784e-13,
-7.1135585176051264e-01,-7.3147840533307085e-01,9.9994147963049862e-01,9.8424072935668664e-13,
1.2435658164637310e-01,-8.4497542249997715e-01,9.9964147198650699e-01,1.3193755819476821e-12,
2.6461879869953610e-02,-9.1354344485080607e-01,9.9990229251387652e-01,1.6102800217741603e-12,
-1.8828394522950087e-01,-8.4972476387707829e-01,9.9996130929872229e-01,1.8873054994558050e-12,
7.4799084639520881e-03,-6.1595889789148528e-01,9.9999780718229137e-01,2.1482531363742109e-12,
-2.1808854512338091e-01,-6.4290495833342820e-01,9.9994389315964438e-01,9.8461595259367612e-15,
1.6796962524756159e-01,-9.9641946711850560e-01,9.9996014955021451e-01,3.2493397495450979e-13,
2.4110728972890999e-01,-7.8043834073636231e-01,9.9995635106621206e-01,6.4007971778903007e-13,
-2.0095862302377784e-01,-9.7098998578912832e-01,9.9992855929345470e-01,9.8385760452682813e-13,
1.4054812135183647e-01,-1.4279984313924616e+00,9.9985597984489583e-01,1.3042463109846961e-12,
4.3170358311282570e-01,-8.8777668315118663e-01,9.9993171886525212e-01,1.6044263689960507e-12,
-1.8470517916617604e-01,-6.2098737399316750e-01,9.9989151163577250e-01,1.8863226921928589e-12,
5.5092659130361077e-01,-4.8964909075088991e-01,9.9999762152093852e-01,2.1494612011149650e-12,
-4.3431186580796512e-02,-6.7690408632042953e-01,9.9994510807012282e-01,1.0039321664610144e-14,
-2.1056216011893372e-01,-7.9486669552490130e-01,9.9991493743618454e-01,3.3209443683767732e-13,
7.5955974248631514e-02,-6.1148327122475021e-01,9.9998583273561303e-01,6.5647573520178248e-13,
2.8859608108631390e-01,-6.1334029674424262e-01,9.9997121855259941e-01,9.8422763524238862e-13,
3.1493685887955564e-01,-8.9678707920659584e-01,9.9985289003489053e-01,1.3005667984640887e-12,
-2.7563023186695068e-01,-8.6113512111919632e-01,9.9994605320096119e-01,1.6017615699196428e-12,
-6.1667478275760405e-02,-1.0470432133054044e+00,9.9995524608246900e-01,1.8860309407711632e-12,
2.8338393624853342e-01,-1.1448227738011401e+00,9.9999971164097456e-01,2.1504441707422759e-12,
2.1911828372755918e-01,-7.7548030874136842e-01,9.9997896513524676e-01,1.0160519498990218e-14,
4.6100425637786774e-01,-6.5065371204003175e-01,9.9999928015316386e-01,3.3594371771551457e-13,
6.2600685499639075e-01,-5.0252677458101558e-01,9.9999999999616884e-01,6.6192381715550168e-13,
8.4194307087953812e-01,-3.2610521022640898e-01,9.9999999976115939e-01,9.8533172980382292e-13,
8.4564281772642047e-01,-3.1848147916259018e-01,9.9999999999924283e-01,1.3000252997109583e-12,
3.4130257138506326e-01,-5.5675513218391559e-01,9.9999999999961164e-01,1.6011685755200291e-12,
7.2039043711644346e-01,-6.1909313559045154e-01,9.9999999995690769e-01,1.8860409822876717e-12,
2.6432411786128662e-01,-9.1601597866311979e-01,9.9999999999941391e-01,2.1518289807156697e-12,

64,4
1.6778542357096986e+00,8.9523498134580959e-01,1.0000055400326362e+00,3.1515681051182204e-13,
1.4916527223390954e+00,8.4524481302020427e-01,1.0000000000133191e+00,6.3968724041648929e-13,
1.2700306335387326e+00,8.4105154845265362e-01,1.0000000037627823e+00,9.6037318058649724e-13,
1.5722019328354699e+00,7.2120005268057141e-01,1.0000000001442595e+00,1.2746417613624024e-12,
1.1647215198126275e+00,3.6298680095349967e-01,1.0000000003406935e+00,1.5753329844981149e-12,
1.2766638040278062e+00,6.0620145287498628e-01,1.0000000000019105e+00,1.8595320822581531e-12,
1.3001491547532258e+00,8.0116337535782955e-01,1.0000000624784295e+00,2.1252893552798072e-12,
1.1375561416638063e+00,8.0308518223832603e-01,1.0000000034438372e+00,2.3706807660394741e-12,
1.5738832995237986e+00,1.0367665249859463e+00,1.0000700047778401e+00,3.1383399638581851e-13,
1.6367771744751822e+00,9.8413999705164723e-01,1.0000784600662214e+00,6.3827962206941033e-13,
1.7626675797961220e+00,7.4761141568645884e-01,1.0000513219918052e+00,9.6043207504517542e-13,
1.8229162763696432e+00,7.7567559842245781e-01,1.0000126737146280e+00,1.2798974515767334e-12,
1.6078044425180960e+00,9.0283366294385803e-01,1.0000474831104902e+00,1.5805022832808018e-12,
1.5392212943207033e+00,9.8172817809177981e-01,1.0000324201270077e+00,1.8628160659569308e-12,
1.6086960562509431e+00,1.1157877584159250e+00,1.0001841538635534e+00,2.1272517626919989e-12,
1.5563630520260054e+00,9.7321428362437001e-01,1.0000010807204083e+00,2.3721484013968359e-12,
1.4803017275624686e+00,1.2409325317662112e+00,1.0000190238871869e+00,3.1054314561063945e-13,
1.6340441143893905e+00,6.9621324091460990e-01,1.0000367079897197e+00,6.3335419262221216e-13,
1.5844344910858665e+00,3.9698488789528186e-01,1.0000854595835855e+00,9.6036676320444368e-13,
1.7605018243297281e+00,8.0757322036173940e-01,1.0001110494799399e+00,1.2963471348185139e-12,
1.9535380222003091e+00,8.6383258544360275e-01,1.0000766501116367e+00,1.5893118855084028e-12,
1.7547110792738898e+00,9.7480109829780770e-01,1.0001277424362072e+00,1.8671753424591391e-12,
2.3255888269695588e+00,6.3603803183774144e-01,1.0000387731124967e+00,2.1299171466112356e-12,
1.6832260387007745e+00,5.5393026869235629e-01,1.0000001596511239e+00,2.3743110810596715e-12,
1.5050177640720528e+00,1.0879702917275820e+00,1.0001161056517636e+00,3.0424674168076895e-13,
1.6937506648805996e+00,6.4779318176962741e-01,1.0000770585587122e+00,6.1720587730312275e-13,
1.0000000000000000e+40,1.0000000000000000e+40,1.0000000000000000e+40,1.0000000000000000e+40,
1.0000000000000000e+40,1.0000000000000000e+40,1.0000000000000000e+40,1.0000000000000000e+40,
2.0218101587520749e+00,8.0064322928441456e-01,1.0003304691390795e+00,1.5963350549703629e-12,
1.7329696002490851e+00,5.8509031352523455e-01,1.0001823629092241e+00,1.8703881844443854e-12,
2.0844282443030768e+00,3.9205338061924927e-01,1.0000256323506374e+00,2.1323220394531224e-12,
1.9541392125639367e+00,6.3962276603613344e-01,1.0000380184240869e+00,2.3764601388848165e-12,
1.1473959763695181e+00,8.5723591742115046e-01,1.0001081258655009e+00,3.0479483263024861e-13,
1.8726825672776546e+00,7.9190022456552034e-01,1.0000161791170945e+00,6.1841100153878097e-13,
1.0000000000000000e+40,1.0000000000000000e+40,1.0000000000000000e+40,1.0000000000000000e+40,
1.0000000000000000e+40,1.0000000000000000e+40,1.0000000000000000e+40,1.0000000000000000e+40,
2.0477326401465707e+00,4.6970590410832669e-01,1.0003341457615775e+00,1.5964514370220707e-12,
1.8622631346458736e+00,5.7288221015834162e-01,1.0001899706185851e+00,1.8708220375177943e-12,
1.4393130030728782e+00,9.6585919287962074e-01,1.0000146065898918e+00,2.1335407552272211e-12,
2.0426361475166281e+00,6.7747278890903562e-01,1.0000008656323782e+00,2.3781723018774147e-12,
1.0219347084528945e+00,1.0970497659427914e+00,1.0000560440499755e+00,3.1159319475397892e-13,
1.7892975067728580e+00,7.9320727866982110e-01,1.0000683296604593e+00,6.3551623346101980e-13,
1.4658768329316485e+00,5.8585440137674405e-01,1.0000472992738834e+00,9.6368115809189217e-13,
1.8004508097149841e+00,7.8035395084057413e-01,1.0000652886807377e+00,1.2987529317508839e-12,
1.4552645450663590e+00,4.3937996085387260e-01,1.0001451760645523e+00,1.5920888859776043e-12,
1.8105991198347204e+00,6.4115201322221227e-01,1.0002584861198296e+00,1.8704269599823979e-12,
1.5904126170519757e+00,7.0991834203273185e-01,1.0000721220074875e+00,2.1344196048646527e-12,
2.0419788469486591e+00,4.4634683793856023e-01,1.0000021648575310e+00,2.3800323319446340e-12,
1.4903712863584602e+00,1.1914994351767803e+00,1.0000967417218893e+00,3.1540428432761245e-13,
1.3587286993719114e+00,5.7029652090696181e-01,1.0000498200187324e+00,6.4139438436949283e-13,
1.6382804082074978e+00,8.9972163168564567e-01,1.0000219453511907e+00,9.6523727179209228e-13,
1.7336634267070299e+00,6.7011612382957952e-01,1.0000261773847656e+00,1.2843756564491219e-12,
1.6356511258865258e+00,5.2862030369464919e-01,1.0000897837567897e+00,1.5859426859042918e-12,
1.2553362304792148e+00,1.3678769747608660e-01,1.0000655189957881e+00,1.8691524746534624e-12,
1.4803530836359882e+00,6.0423733958566961e-01,1.0000392423774456e+00,2.1357174461829099e-12,
2.2991184055222820e+00,5.3880870295835948e-01,1.0000187742311335e+00,2.3821971714366312e-12,
1.1442898897959397e+00,2.9279057222450711e-01,1.0000249847957865e+00,3.1716507530059012e-13,
1.1016622722580369e+00,2.1633174289779161e-01,1.0000000033495877e+00,6.4380480487610318e-13,
1.4106242429564957e+00,2.6855274911420035e-01,9.9999999999992228e-01,9.6640473749634606e-13,
1.1583610381157148e+00,2.1425664099689722e-02,1.0000000006348915e+00,1.2810660314625907e-12,
1.1333649974656044e+00,-1.9138075750703726e-01,1.0000000000006100e+00,1.5832766202096803e-12,
1.1478362374979836e+00,-1.4593132248320823e-01,1.0000000000038607e+00,1.8690966166082889e-12,
1.3496464470749074e+00,-1.1298185383193428e-01,1.0000000000542872e+00,2.1370529024962793e-12,
1.2639134347983212e+00,9.5910966337240527e-02,1.0000000000004476e+00,2.3842715923007511e-12,

