1
1
1
1
(64 0
((0,64) (16,80) (1,1))
((16,64) (32,80) (1,1))
((32,64) (48,80) (1,1))
((48,64) (64,80) (1,1))
((64,64) (80,80) (1,1))
((80,64) (96,80) (1,1))
((96,64) (112,80) (1,1))
((112,64) (128,80) (1,1))
((0,80) (16,96) (1,1))
((16,80) (32,96) (1,1))
((32,80) (48,96) (1,1))
((48,80) (64,96) (1,1))
((64,80) (80,96) (1,1))
((80,80) (96,96) (1,1))
((96,80) (112,96) (1,1))
((112,80) (128,96) (1,1))
((0,96) (16,112) (1,1))
((16,96) (32,112) (1,1))
((32,96) (48,112) (1,1))
((48,96) (64,112) (1,1))
((64,96) (80,112) (1,1))
((80,96) (96,112) (1,1))
((96,96) (112,112) (1,1))
((112,96) (128,112) (1,1))
((0,112) (16,128) (1,1))
((16,112) (32,128) (1,1))
((32,112) (48,128) (1,1))
((48,112) (64,128) (1,1))
((64,112) (80,128) (1,1))
((80,112) (96,128) (1,1))
((96,112) (112,128) (1,1))
((112,112) (128,128) (1,1))
((0,128) (16,144) (1,1))
((16,128) (32,144) (1,1))
((32,128) (48,144) (1,1))
((48,128) (64,144) (1,1))
((64,128) (80,144) (1,1))
((80,128) (96,144) (1,1))
((96,128) (112,144) (1,1))
((112,128) (128,144) (1,1))
((0,144) (16,160) (1,1))
((16,144) (32,160) (1,1))
((32,144) (48,160) (1,1))
((48,144) (64,160) (1,1))
((64,144) (80,160) (1,1))
((80,144) (96,160) (1,1))
((96,144) (112,160) (1,1))
((112,144) (128,160) (1,1))
((0,160) (16,176) (1,1))
((16,160) (32,176) (1,1))
((32,160) (48,176) (1,1))
((48,160) (64,176) (1,1))
((64,160) (80,176) (1,1))
((80,160) (96,176) (1,1))
((96,160) (112,176) (1,1))
((112,160) (128,176) (1,1))
((0,176) (16,192) (1,1))
((16,176) (32,192) (1,1))
((32,176) (48,192) (1,1))
((48,176) (64,192) (1,1))
((64,176) (80,192) (1,1))
((80,176) (96,192) (1,1))
((96,176) (112,192) (1,1))
((112,176) (128,192) (1,1))
)
64
FabOnDisk: SD_1_New_MF_D_00000 0
FabOnDisk: SD_1_New_MF_D_00000 2972
FabOnDisk: SD_1_New_MF_D_00000 5944
FabOnDisk: SD_1_New_MF_D_00000 8916
FabOnDisk: SD_1_New_MF_D_00000 11888
FabOnDisk: SD_1_New_MF_D_00000 14860
FabOnDisk: SD_1_New_MF_D_00000 17832
FabOnDisk: SD_1_New_MF_D_00000 20805
FabOnDisk: SD_1_New_MF_D_00000 23779
FabOnDisk: SD_1_New_MF_D_00000 26751
FabOnDisk: SD_1_New_MF_D_00000 29723
FabOnDisk: SD_1_New_MF_D_00000 32695
FabOnDisk: SD_1_New_MF_D_00000 35667
FabOnDisk: SD_1_New_MF_D_00000 38639
FabOnDisk: SD_1_New_MF_D_00000 41611
FabOnDisk: SD_1_New_MF_D_00000 44584
FabOnDisk: SD_1_New_MF_D_00000 47558
FabOnDisk: SD_1_New_MF_D_00000 50531
FabOnDisk: SD_1_New_MF_D_00000 53504
FabOnDisk: SD_1_New_MF_D_00000 56477
FabOnDisk: SD_1_New_MF_D_00000 59450
FabOnDisk: SD_1_New_MF_D_00000 62423
FabOnDisk: SD_1_New_MF_D_00000 65396
FabOnDisk: SD_1_New_MF_D_00000 68370
FabOnDisk: SD_1_New_MF_D_00000 71345
FabOnDisk: SD_1_New_MF_D_00000 74319
FabOnDisk: SD_1_New_MF_D_00000 77293
FabOnDisk: SD_1_New_MF_D_00000 80267
FabOnDisk: SD_1_New_MF_D_00000 83241
FabOnDisk: SD_1_New_MF_D_00000 86215
FabOnDisk: SD_1_New_MF_D_00000 89189
FabOnDisk: SD_1_New_MF_D_00000 92164
FabOnDisk: SD_1_New_MF_D_00000 95140
FabOnDisk: SD_1_New_MF_D_00000 98114
FabOnDisk: SD_1_New_MF_D_00000 101088
FabOnDisk: SD_1_New_MF_D_00000 104062
FabOnDisk: SD_1_New_MF_D_00000 107036
FabOnDisk: SD_1_New_MF_D_00000 110010
FabOnDisk: SD_1_New_MF_D_00000 112984
FabOnDisk: SD_1_New_MF_D_00000 115959
FabOnDisk: SD_1_New_MF_D_00000 118935
FabOnDisk: SD_1_New_MF_D_00000 121909
FabOnDisk: SD_1_New_MF_D_00000 124883
FabOnDisk: SD_1_New_MF_D_00000 127857
FabOnDisk: SD_1_New_MF_D_00000 130831
FabOnDisk: SD_1_New_MF_D_00000 133805
FabOnDisk: SD_1_New_MF_D_00000 136779
FabOnDisk: SD_1_New_MF_D_00000 139754
FabOnDisk: SD_1_New_MF_D_00000 142730
FabOnDisk: SD_1_New_MF_D_00000 145704
FabOnDisk: SD_1_New_MF_D_00000 148678
FabOnDisk: SD_1_New_MF_D_00000 151652
FabOnDisk: SD_1_New_MF_D_00000 154626
FabOnDisk: SD_1_New_MF_D_00000 157600
FabOnDisk: SD_1_New_MF_D_00000 160574
FabOnDisk: SD_1_New_MF_D_00000 163549
FabOnDisk: SD_1_New_MF_D_00000 166525
FabOnDisk: SD_1_New_MF_D_00000 169499
FabOnDisk: SD_1_New_MF_D_00000 172473
FabOnDisk: SD_1_New_MF_D_00000 175447
FabOnDisk: SD_1_New_MF_D_00000 178421
FabOnDisk: SD_1_New_MF_D_00000 181395
FabOnDisk: SD_1_New_MF_D_00000 184369
FabOnDisk: SD_1_New_MF_D_00000 187344

64,1
-6.7807524666222434e+02,
-6.7700390994086820e+02,
-7.1869280894337044e+02,
-6.3545336170773908e+02,
-3.9947842835982328e+02,
-4.0173689013109515e+02,
-3.5521895963031966e+02,
-3.0916147320542359e+02,
-9.5090171544296481e+02,
-1.0243686124039032e+03,
-9.5894862761629474e+02,
-9.3784448691218495e+02,
-7.0186459880358780e+02,
-7.2900853825015520e+02,
-7.2900853825015520e+02,
-3.0916147320542359e+02,
-1.4979346402888209e+03,
-1.2432377377224548e+03,
-1.0969958615321675e+03,
-1.0384077049572211e+03,
-7.7378068401204700e+02,
-8.2865063664492300e+02,
-7.4074612884092539e+02,
-4.1326979099446680e+02,
-2.0116614720242833e+03,
-1.3896779155468394e+03,
-5.1833947132412013e+03,
-4.4613128773774188e+03,
-7.9249911311324422e+02,
-9.9809575315519896e+02,
-6.0074787002579251e+02,
-4.1437914171866942e+02,
-2.0962620544910123e+03,
-1.3543123906404476e+03,
-5.1877016815990428e+03,
-4.3340057481838221e+03,
-7.1152260761042862e+02,
-1.0107543058276005e+03,
-5.9278460594176158e+02,
-1.7074113206120364e+02,
-2.0105090595674246e+03,
-1.2576882742932171e+03,
-1.2288269934353862e+03,
-1.1287271647667640e+03,
-8.1848614443916313e+02,
-6.5999510397863969e+02,
-5.7482672312210161e+02,
-2.2105816119238716e+02,
-1.8997631841931013e+03,
-1.3286917499734709e+03,
-8.8875137335516274e+02,
-8.4552016916798038e+02,
-7.7379453117978665e+02,
-6.0153941727217034e+02,
-3.6630536660180223e+02,
-4.0189056017967914e+02,
-1.5263212231794432e+03,
-1.0409028115158148e+03,
-6.7270724940639275e+02,
-6.3709074296860399e+02,
-5.7685940705005260e+02,
-4.8970295776521334e+02,
-2.7890849884252930e+02,
-4.3897049730153003e+02,

64,1
-1.0256609132079848e+02,
-9.7985430730888766e+01,
-8.7501057106797361e+01,
-1.9117376569062799e+01,
-3.1170026744822280e+01,
-5.4305336608623747e+01,
-4.0730716138655680e+01,
2.6349850523244186e+01,
-5.6169737802152804e+02,
-5.3156127512353078e+02,
-5.7394819076204294e+02,
-3.3457432856934020e+02,
-2.6125438289009435e+02,
-2.6125438289009435e+02,
-5.5317180161319357e+01,
2.5406024814037210e+01,
-8.5155204724308487e+02,
-7.0291859712204950e+02,
-8.5442803902839705e+02,
-4.2238830483491620e+02,
-3.9277902939244359e+02,
-4.7554237801925410e+02,
-8.3325243531269734e+01,
1.4185676297970394e+02,
-1.2432377377224548e+03,
-1.0969958615321675e+03,
0.0000000000000000e+00,
0.0000000000000000e+00,
-3.6123302742984652e+02,
-3.6879605017444146e+02,
-1.0212322724874457e+02,
1.7492656900890461e+02,
-1.1204016480088039e+03,
-9.6813770435114156e+02,
0.0000000000000000e+00,
0.0000000000000000e+00,
-3.7266036959391158e+02,
-3.5369084014599321e+02,
1.5050005627199516e+02,
2.5492333585082088e+02,
-1.0926901399626736e+03,
-8.2648262621221966e+02,
-6.5859023635250242e+02,
-4.3494663491510164e+02,
-5.2147956817598561e+02,
-3.3744734671496417e+02,
2.9643106424683219e+02,
3.1169227455188593e+02,
-1.0409028115158148e+03,
-5.3242567150461082e+02,
-5.3242567150461082e+02,
-5.7685940705005260e+02,
-4.7229574615731235e+02,
-2.5224519224678124e+02,
2.0066327198659292e+02,
2.7882328874176437e+02,
-1.2443313550229323e+02,
-8.8952920746270138e+01,
-6.5157837686280345e+01,
-4.8327559446923715e+01,
-3.3572136206730647e+01,
-1.8551561632666562e+01,
-8.3266422347364824e+00,
-1.2997393703049056e+00,

