1
1
2
4
(64 0
((0,64) (15,79) (0,0))
((16,64) (31,79) (0,0))
((32,64) (47,79) (0,0))
((48,64) (63,79) (0,0))
((64,64) (79,79) (0,0))
((80,64) (95,79) (0,0))
((96,64) (111,79) (0,0))
((112,64) (127,79) (0,0))
((0,80) (15,95) (0,0))
((16,80) (31,95) (0,0))
((32,80) (47,95) (0,0))
((48,80) (63,95) (0,0))
((64,80) (79,95) (0,0))
((80,80) (95,95) (0,0))
((96,80) (111,95) (0,0))
((112,80) (127,95) (0,0))
((0,96) (15,111) (0,0))
((16,96) (31,111) (0,0))
((32,96) (47,111) (0,0))
((48,96) (63,111) (0,0))
((64,96) (79,111) (0,0))
((80,96) (95,111) (0,0))
((96,96) (111,111) (0,0))
((112,96) (127,111) (0,0))
((0,112) (15,127) (0,0))
((16,112) (31,127) (0,0))
((32,112) (47,127) (0,0))
((48,112) (63,127) (0,0))
((64,112) (79,127) (0,0))
((80,112) (95,127) (0,0))
((96,112) (111,127) (0,0))
((112,112) (127,127) (0,0))
((0,128) (15,143) (0,0))
((16,128) (31,143) (0,0))
((32,128) (47,143) (0,0))
((48,128) (63,143) (0,0))
((64,128) (79,143) (0,0))
((80,128) (95,143) (0,0))
((96,128) (111,143) (0,0))
((112,128) (127,143) (0,0))
((0,144) (15,159) (0,0))
((16,144) (31,159) (0,0))
((32,144) (47,159) (0,0))
((48,144) (63,159) (0,0))
((64,144) (79,159) (0,0))
((80,144) (95,159) (0,0))
((96,144) (111,159) (0,0))
((112,144) (127,159) (0,0))
((0,160) (15,175) (0,0))
((16,160) (31,175) (0,0))
((32,160) (47,175) (0,0))
((48,160) (63,175) (0,0))
((64,160) (79,175) (0,0))
((80,160) (95,175) (0,0))
((96,160) (111,175) (0,0))
((112,160) (127,175) (0,0))
((0,176) (15,191) (0,0))
((16,176) (31,191) (0,0))
((32,176) (47,191) (0,0))
((48,176) (63,191) (0,0))
((64,176) (79,191) (0,0))
((80,176) (95,191) (0,0))
((96,176) (111,191) (0,0))
((112,176) (127,191) (0,0))
)
64
FabOnDisk: SD_2_New_MF_D_00000 0
FabOnDisk: SD_2_New_MF_D_00000 9300
FabOnDisk: SD_2_New_MF_D_00000 18600
FabOnDisk: SD_2_New_MF_D_00000 27900
FabOnDisk: SD_2_New_MF_D_00000 37200
FabOnDisk: SD_2_New_MF_D_00000 46500
FabOnDisk: SD_2_New_MF_D_00000 55800
FabOnDisk: SD_2_New_MF_D_00000 65101
FabOnDisk: SD_2_New_MF_D_00000 74403
FabOnDisk: SD_2_New_MF_D_00000 83703
FabOnDisk: SD_2_New_MF_D_00000 93003
FabOnDisk: SD_2_New_MF_D_00000 102303
FabOnDisk: SD_2_New_MF_D_00000 111603
FabOnDisk: SD_2_New_MF_D_00000 120903
FabOnDisk: SD_2_New_MF_D_00000 130203
FabOnDisk: SD_2_New_MF_D_00000 139504
FabOnDisk: SD_2_New_MF_D_00000 148806
FabOnDisk: SD_2_New_MF_D_00000 158107
FabOnDisk: SD_2_New_MF_D_00000 167408
FabOnDisk: SD_2_New_MF_D_00000 176709
FabOnDisk: SD_2_New_MF_D_00000 186010
FabOnDisk: SD_2_New_MF_D_00000 195311
FabOnDisk: SD_2_New_MF_D_00000 204612
FabOnDisk: SD_2_New_MF_D_00000 213914
FabOnDisk: SD_2_New_MF_D_00000 223217
FabOnDisk: SD_2_New_MF_D_00000 232519
FabOnDisk: SD_2_New_MF_D_00000 241821
FabOnDisk: SD_2_New_MF_D_00000 251123
FabOnDisk: SD_2_New_MF_D_00000 260425
FabOnDisk: SD_2_New_MF_D_00000 269727
FabOnDisk: SD_2_New_MF_D_00000 279029
FabOnDisk: SD_2_New_MF_D_00000 288332
FabOnDisk: SD_2_New_MF_D_00000 297636
FabOnDisk: SD_2_New_MF_D_00000 306938
FabOnDisk: SD_2_New_MF_D_00000 316240
FabOnDisk: SD_2_New_MF_D_00000 325542
FabOnDisk: SD_2_New_MF_D_00000 334844
FabOnDisk: SD_2_New_MF_D_00000 344146
FabOnDisk: SD_2_New_MF_D_00000 353448
FabOnDisk: SD_2_New_MF_D_00000 362751
FabOnDisk: SD_2_New_MF_D_00000 372055
FabOnDisk: SD_2_New_MF_D_00000 381357
FabOnDisk: SD_2_New_MF_D_00000 390659
FabOnDisk: SD_2_New_MF_D_00000 399961
FabOnDisk: SD_2_New_MF_D_00000 409263
FabOnDisk: SD_2_New_MF_D_00000 418565
FabOnDisk: SD_2_New_MF_D_00000 427867
FabOnDisk: SD_2_New_MF_D_00000 437170
FabOnDisk: SD_2_New_MF_D_00000 446474
FabOnDisk: SD_2_New_MF_D_00000 455776
FabOnDisk: SD_2_New_MF_D_00000 465078
FabOnDisk: SD_2_New_MF_D_00000 474380
FabOnDisk: SD_2_New_MF_D_00000 483682
FabOnDisk: SD_2_New_MF_D_00000 492984
FabOnDisk: SD_2_New_MF_D_00000 502286
FabOnDisk: SD_2_New_MF_D_00000 511589
FabOnDisk: SD_2_New_MF_D_00000 520893
FabOnDisk: SD_2_New_MF_D_00000 530195
FabOnDisk: SD_2_New_MF_D_00000 539497
FabOnDisk: SD_2_New_MF_D_00000 548799
FabOnDisk: SD_2_New_MF_D_00000 558101
FabOnDisk: SD_2_New_MF_D_00000 567403
FabOnDisk: SD_2_New_MF_D_00000 576705
FabOnDisk: SD_2_New_MF_D_00000 586008

64,2
-4.6919386929484028e+06,-2.9461512553626765e+06,
-6.2170120947991975e+05,-3.3065149814577447e+06,
-1.3748993149366707e+05,-4.2216224998702044e+06,
-7.6803153491222241e+04,-2.8189895938549591e+06,
-5.6914335174785461e+04,-2.2119111238958640e+06,
-2.9902988270175806e+05,-3.2663595026761079e+06,
-2.2803251599257914e+04,-3.1386531084748982e+06,
-1.8730121519911080e+06,-2.6030007940449589e+06,
-4.4668561634058300e+06,-2.8436864646428325e+06,
-4.7946471209698431e+06,-5.0142469361607619e+06,
-5.3298710755083393e+06,-2.4755821109482283e+06,
-4.4170112559813326e+06,-2.7362675803518109e+06,
-3.3931748493788829e+06,-3.2525716538465535e+06,
-5.0263083544025877e+06,-4.0542121226021131e+06,
-4.6633781528096329e+06,-4.0194470803530021e+06,
-8.1755235885094143e+06,-1.2445562225621820e+06,
-3.5580882700978732e+06,-4.7415468471797286e+06,
-5.1874689603767982e+06,-6.3027657370888917e+06,
-4.5839390909124976e+06,-2.2050070454521496e+06,
-4.1845263452097531e+06,-3.1300401866002297e+06,
-4.8711397830609707e+06,-3.1183925553412801e+06,
-7.0624015035905372e+06,-4.6561382811626168e+06,
-5.8732157767674690e+06,-1.4918627136731185e+06,
-7.5070362145211520e+06,-1.4814288689725770e+05,
-2.4592607062324891e+06,-5.1145525682502631e+06,
-4.1264462309196610e+06,-4.3272962249637498e+06,
-3.6825202869144483e+06,-7.4714412947756415e+06,
-2.0250007762315823e+06,-1.8653416653658082e+06,
-8.1505085319708455e+06,-3.9641314408083698e+06,
-3.2954196362201902e+06,-9.0424542269327247e+05,
-3.9176966408800571e+06,-2.8712592397763277e+06,
-8.1429439595562592e+06,-2.3333813291284442e+06,
-3.8776534373603147e+06,-1.3961343328357157e+06,
-8.0347942002636613e+06,-4.1032534980711089e+06,
-3.1984064472970983e+05,-2.4173905320137804e+06,
-5.2703511138215596e+06,-7.6468745231314981e+05,
-4.0088379847916733e+06,-2.7847100455482835e+06,
-4.8921013121552514e+06,-2.8788013261610209e+06,
-2.3735758615750647e+06,-4.7801295619792776e+05,
-1.3471542495077841e+07,-2.4876689096130533e+06,
-2.8057876770931198e+06,-2.4921261539507606e+06,
-6.6815656435889471e+06,-1.5417419381989723e+06,
-5.2051639320543436e+06,-6.2814173398402054e+05,
-6.2138267548986776e+06,-5.4187948787688706e+06,
-6.4481624349063877e+06,-9.9703670827919547e+05,
-5.2073038595475322e+06,-3.3618770615150197e+06,
-2.1850202194538070e+06,-9.3281846514262620e+05,
-1.1512851192204725e+07,-2.2044468434176100e+06,
-2.0763492087828927e+06,-1.2557760030615574e+06,
-5.2899430559537942e+06,-1.8416523808493207e+06,
-5.0336548581254221e+06,-3.5198268231351548e+06,
-3.9712023011432532e+06,-1.8068543234447171e+06,
-3.4176185726752165e+06,-1.2580702513110030e+06,
-2.0014076786471091e+06,-8.6295488366786926e+05,
-2.8796086578388144e+06,-4.0728509227761081e+06,
-8.9144108929251637e+06,-1.6265545875377043e+06,
-3.7983820889363217e+05,-9.5634401737434301e+05,
-1.0427113835245147e+06,-3.9903849180633109e+05,
-1.7087269848211738e+06,1.7850548521063506e+05,
1.0592594590197477e+05,5.8576786076329905e+05,
1.1715542691549440e+05,6.7053290524702682e+05,
-3.4680669087312730e+04,8.6654604477793560e+04,
-2.4194078395504155e+05,-1.8621396570766403e+06,
-3.4018750355989728e+06,-2.1247499353154628e+06,

64,2
3.0024071865525411e+05,1.7129121705539844e+06,
1.3747890993850972e+06,2.9556917230099475e+05,
2.1971160097935009e+06,5.4347426710104090e+04,
1.8265649412837171e+06,3.2260997447505259e+04,
1.1819118315019053e+06,-8.0576663159419215e+04,
1.3538452782768118e+06,-1.4965648695706189e+05,
1.8587992421801235e+06,-2.1407563720522521e+05,
1.3220441951298907e+06,1.9655996525672273e+05,
2.5653227575241221e+05,1.8778669842622921e+05,
2.0647591314972143e+05,1.3650328805684480e+06,
1.9858385248924914e+05,5.8445002896029921e+05,
1.7439520946193500e+06,8.0005452933741768e+05,
1.7066398981236622e+06,1.7826555554285371e+06,
7.4973352333917597e+05,8.1583825768773374e+05,
3.6322448870208259e+06,3.0166821529168305e+06,
7.3815787105184712e+05,1.6684801449205324e+06,
2.4116099500808083e+06,3.5258070370092138e+05,
4.0940174045277908e+06,9.7587092131716816e+05,
1.8050278960787533e+06,2.3883242862417474e+06,
9.9963348004909442e+05,4.0946559393085977e+06,
5.4985643611356569e+05,5.0156473874545582e+06,
1.3507556947304893e+05,1.5149687888041420e+06,
2.1779855934675527e+05,9.3517657377222227e+05,
1.7033941380019591e+05,1.3957242868349622e+06,
4.5543271373069417e+06,1.5378123457513773e+06,
8.6516212275355612e+05,2.8332531641926584e+06,
1.0000000000000000e+40,1.0000000000000000e+40,
1.0000000000000000e+40,1.0000000000000000e+40,
1.0281182635165224e+06,3.5394081342439018e+06,
4.2874213426059252e+05,1.9531532074767449e+06,
2.1278512969528888e+06,1.7802546893130271e+06,
8.5597886198824272e+05,2.1058470248062136e+06,
2.0372517446309556e+06,3.5047790575537877e+06,
1.0449696381120521e+06,6.8652827069136491e+06,
1.0000000000000000e+40,1.0000000000000000e+40,
1.0000000000000000e+40,1.0000000000000000e+40,
1.6805995185434541e+06,1.4738771614150421e+06,
8.6833997280168068e+05,4.2862717634719638e+06,
1.3239849450785532e+06,2.2035733153209081e+06,
9.8036440903792530e+05,2.2166880789230610e+06,
1.4584002894964523e+06,3.3157219662942374e+06,
2.3121661592818578e+06,5.0726050548293982e+06,
1.9573983974558336e+06,5.5331117831820296e+06,
1.4598525657607829e+06,1.5235824215828059e+06,
2.6944221099919979e+06,4.3383555972041143e+06,
1.6420728038188131e+06,3.4805745180728897e+06,
1.1449735391208050e+06,3.4920265779361315e+06,
3.9654955779441493e+05,1.7741010696793904e+06,
1.0657892781903762e+06,2.4028766058494663e+06,
2.7851845725796290e+05,6.0580529709577123e+06,
3.2504782360002343e+06,4.9879924723447189e+06,
1.1783683471596418e+06,4.8753310904056840e+06,
1.8750540224566972e+06,8.1669142683880460e+06,
2.0077379038558318e+06,5.7441172864940157e+06,
3.1623895774723087e+06,3.3318061457208158e+06,
4.9869878039793880e+05,8.6260369797187182e+05,
1.9054562858806734e+06,2.1318762343029450e+06,
1.8583265769157526e+06,4.1265946373072788e+06,
1.2834077064109105e+06,3.1388903838318549e+06,
1.3337495439398894e+06,2.2805501435348685e+06,
1.6706017057266408e+06,2.9146018811584534e+06,
1.8254103477995568e+06,2.7973906209679809e+06,
3.5923136180483494e+06,4.3381442557677208e+06,
1.5192342310162124e+05,2.7401455870356141e+06,

