1
1
2
4
(64 0
((0,64) (15,79) (0,0))
((16,64) (31,79) (0,0))
((32,64) (47,79) (0,0))
((48,64) (63,79) (0,0))
((64,64) (79,79) (0,0))
((80,64) (95,79) (0,0))
((96,64) (111,79) (0,0))
((112,64) (127,79) (0,0))
((0,80) (15,95) (0,0))
((16,80) (31,95) (0,0))
((32,80) (47,95) (0,0))
((48,80) (63,95) (0,0))
((64,80) (79,95) (0,0))
((80,80) (95,95) (0,0))
((96,80) (111,95) (0,0))
((112,80) (127,95) (0,0))
((0,96) (15,111) (0,0))
((16,96) (31,111) (0,0))
((32,96) (47,111) (0,0))
((48,96) (63,111) (0,0))
((64,96) (79,111) (0,0))
((80,96) (95,111) (0,0))
((96,96) (111,111) (0,0))
((112,96) (127,111) (0,0))
((0,112) (15,127) (0,0))
((16,112) (31,127) (0,0))
((32,112) (47,127) (0,0))
((48,112) (63,127) (0,0))
((64,112) (79,127) (0,0))
((80,112) (95,127) (0,0))
((96,112) (111,127) (0,0))
((112,112) (127,127) (0,0))
((0,128) (15,143) (0,0))
((16,128) (31,143) (0,0))
((32,128) (47,143) (0,0))
((48,128) (63,143) (0,0))
((64,128) (79,143) (0,0))
((80,128) (95,143) (0,0))
((96,128) (111,143) (0,0))
((112,128) (127,143) (0,0))
((0,144) (15,159) (0,0))
((16,144) (31,159) (0,0))
((32,144) (47,159) (0,0))
((48,144) (63,159) (0,0))
((64,144) (79,159) (0,0))
((80,144) (95,159) (0,0))
((96,144) (111,159) (0,0))
((112,144) (127,159) (0,0))
((0,160) (15,175) (0,0))
((16,160) (31,175) (0,0))
((32,160) (47,175) (0,0))
((48,160) (63,175) (0,0))
((64,160) (79,175) (0,0))
((80,160) (95,175) (0,0))
((96,160) (111,175) (0,0))
((112,160) (127,175) (0,0))
((0,176) (15,191) (0,0))
((16,176) (31,191) (0,0))
((32,176) (47,191) (0,0))
((48,176) (63,191) (0,0))
((64,176) (79,191) (0,0))
((80,176) (95,191) (0,0))
((96,176) (111,191) (0,0))
((112,176) (127,191) (0,0))
)
64
FabOnDisk: SD_2_Old_MF_D_00000 0
FabOnDisk: SD_2_Old_MF_D_00000 9300
FabOnDisk: SD_2_Old_MF_D_00000 18600
FabOnDisk: SD_2_Old_MF_D_00000 27900
FabOnDisk: SD_2_Old_MF_D_00000 37200
FabOnDisk: SD_2_Old_MF_D_00000 46500
FabOnDisk: SD_2_Old_MF_D_00000 55800
FabOnDisk: SD_2_Old_MF_D_00000 65101
FabOnDisk: SD_2_Old_MF_D_00000 74403
FabOnDisk: SD_2_Old_MF_D_00000 83703
FabOnDisk: SD_2_Old_MF_D_00000 93003
FabOnDisk: SD_2_Old_MF_D_00000 102303
FabOnDisk: SD_2_Old_MF_D_00000 111603
FabOnDisk: SD_2_Old_MF_D_00000 120903
FabOnDisk: SD_2_Old_MF_D_00000 130203
FabOnDisk: SD_2_Old_MF_D_00000 139504
FabOnDisk: SD_2_Old_MF_D_00000 148806
FabOnDisk: SD_2_Old_MF_D_00000 158107
FabOnDisk: SD_2_Old_MF_D_00000 167408
FabOnDisk: SD_2_Old_MF_D_00000 176709
FabOnDisk: SD_2_Old_MF_D_00000 186010
FabOnDisk: SD_2_Old_MF_D_00000 195311
FabOnDisk: SD_2_Old_MF_D_00000 204612
FabOnDisk: SD_2_Old_MF_D_00000 213914
FabOnDisk: SD_2_Old_MF_D_00000 223217
FabOnDisk: SD_2_Old_MF_D_00000 232519
FabOnDisk: SD_2_Old_MF_D_00000 241821
FabOnDisk: SD_2_Old_MF_D_00000 251123
FabOnDisk: SD_2_Old_MF_D_00000 260425
FabOnDisk: SD_2_Old_MF_D_00000 269727
FabOnDisk: SD_2_Old_MF_D_00000 279029
FabOnDisk: SD_2_Old_MF_D_00000 288332
FabOnDisk: SD_2_Old_MF_D_00000 297636
FabOnDisk: SD_2_Old_MF_D_00000 306938
FabOnDisk: SD_2_Old_MF_D_00000 316240
FabOnDisk: SD_2_Old_MF_D_00000 325542
FabOnDisk: SD_2_Old_MF_D_00000 334844
FabOnDisk: SD_2_Old_MF_D_00000 344146
FabOnDisk: SD_2_Old_MF_D_00000 353448
FabOnDisk: SD_2_Old_MF_D_00000 362751
FabOnDisk: SD_2_Old_MF_D_00000 372055
FabOnDisk: SD_2_Old_MF_D_00000 381357
FabOnDisk: SD_2_Old_MF_D_00000 390659
FabOnDisk: SD_2_Old_MF_D_00000 399961
FabOnDisk: SD_2_Old_MF_D_00000 409263
FabOnDisk: SD_2_Old_MF_D_00000 418565
FabOnDisk: SD_2_Old_MF_D_00000 427867
FabOnDisk: SD_2_Old_MF_D_00000 437170
FabOnDisk: SD_2_Old_MF_D_00000 446474
FabOnDisk: SD_2_Old_MF_D_00000 455776
FabOnDisk: SD_2_Old_MF_D_00000 465078
FabOnDisk: SD_2_Old_MF_D_00000 474380
FabOnDisk: SD_2_Old_MF_D_00000 483682
FabOnDisk: SD_2_Old_MF_D_00000 492984
FabOnDisk: SD_2_Old_MF_D_00000 502286
FabOnDisk: SD_2_Old_MF_D_00000 511589
FabOnDisk: SD_2_Old_MF_D_00000 520893
FabOnDisk: SD_2_Old_MF_D_00000 530195
FabOnDisk: SD_2_Old_MF_D_00000 539497
FabOnDisk: SD_2_Old_MF_D_00000 548799
FabOnDisk: SD_2_Old_MF_D_00000 558101
FabOnDisk: SD_2_Old_MF_D_00000 567403
FabOnDisk: SD_2_Old_MF_D_00000 576705
FabOnDisk: SD_2_Old_MF_D_00000 586008

64,2
-2.3305526868389430e+05,-3.4552398589570145e+05,
-2.0374647601536204e+05,-4.4045114028964069e+05,
-3.9900818673057467e+04,-2.4228774846432687e+05,
-1.1809382984345000e+05,-3.0418621095644659e+05,
-1.1993302214240875e+04,-1.1373822714774183e+05,
-9.5190365966129742e+04,-1.0883657199263535e+05,
-6.2309452054165668e+04,-5.6084689801439439e+04,
-2.2240401016214149e+05,-1.9178630564591804e+05,
-9.9258593527498451e+04,-1.2430118335040577e+05,
-2.8116298350728757e+05,-1.4526622565191818e+05,
-1.4589708025879416e+05,-2.3427398883336474e+05,
-2.2974931266115946e+05,-1.9787697546258793e+05,
-1.7235428639572725e+05,-2.0590570547897049e+05,
-1.2433406019500717e+05,-1.1676693619121297e+05,
-3.6930371538055071e+05,-1.4628299605863055e+05,
-2.6075376601819973e+05,-1.8436325890721506e+05,
-1.0434684465904559e+05,-1.1795149579085439e+05,
-2.7537165412819647e+05,-1.3484576567241471e+05,
-1.6218913428849878e+05,-2.2143111103814220e+05,
-3.0832543532834284e+05,-2.5641558897929956e+05,
-3.3701922269384289e+05,-2.8950410786542954e+05,
-1.0174456757533057e+05,-2.7355977536538790e+05,
-2.4373096758135740e+05,-1.7295683519001829e+05,
-2.0498816731967308e+05,-1.7771215450666271e+05,
-3.2279865014285716e+05,-1.7875830788288775e+05,
-2.1068885856169014e+05,-2.8218189306855138e+05,
-1.8365368780137863e+05,-5.4119196359787085e+04,
-3.1467560495848284e+05,-2.9482191180659755e+05,
-1.3144672178933621e+05,-1.3504396500290060e+05,
-5.0186327929701679e+05,-2.6997729761934117e+05,
-2.8535343914843339e+05,-2.7859566476371716e+05,
-3.7082728679265111e+05,-3.5917493616947852e+05,
-4.2562862555619929e+05,-3.5446234847281338e+05,
-2.2345583561400752e+05,-2.3156432896795642e+05,
-2.0370262240921808e+05,-2.4830478408189732e+05,
-4.0109966075253789e+05,-1.3164343891971643e+05,
-1.6971344673458152e+05,-1.2104805367891022e+05,
-4.9899168441382609e+05,-2.2353754652665375e+05,
-2.9127984401289950e+05,-2.5895966392619169e+05,
-3.0353599631432979e+05,-1.5267620881922686e+05,
-3.2308437323323253e+05,-1.7112864501967540e+05,
-2.3173563546073227e+05,-2.2542273668350888e+05,
-2.0123068175087823e+05,-2.4621914645566035e+05,
-4.1538401892588678e+05,-2.2293511454690070e+05,
-2.2346233952254889e+05,-2.5548918611192331e+05,
-2.4298925146806089e+05,-2.0852544935574595e+05,
-3.7937535954962007e+05,-2.3384507683570712e+05,
-2.3550165796543672e+05,-1.8530510206799614e+05,
-3.4742441820811300e+05,-2.3056904712744593e+05,
-3.7066392219569301e+05,-2.2732916937797572e+05,
-2.7256128247211932e+05,-1.7703910059992212e+05,
-2.1720740753213930e+05,-2.9575875869545940e+05,
-2.2041786023273788e+05,-1.7322389569661475e+05,
-2.2681934751446982e+05,-1.6589510707031624e+05,
-2.6177032239832438e+05,-1.2516033316636787e+05,
-2.9790220576768619e+05,-2.6127200060563060e+05,
-3.1511011919689353e+05,-2.4150184276879980e+05,
-2.1951932136407844e+05,-1.1231824878707303e+05,
-1.9443957183503720e+04,2.9218177959181226e+04,
-1.0094071125116518e+04,4.0432209824649246e+04,
-2.0794792303130660e+04,3.2558319684945625e+04,
-6.6078538643693682e+04,-7.2542942532473608e+04,
-1.0354911190687980e+05,-5.3511607366551965e+04,
-1.6304562003601430e+05,-1.0425397464524195e+05,

64,2
3.2425396066538873e+05,1.3756787983314370e+05,
2.1880788516837679e+05,1.5112260070388799e+05,
1.0192690491198542e+05,3.1889391480968814e+04,
2.5792961701065651e+05,7.2267929185794826e+04,
6.2499069108677359e+04,6.0824433929809915e+04,
1.2277686785103500e+05,9.7236799606024782e+04,
1.9465269418266162e+05,9.1461282434047054e+04,
2.1997781241335359e+05,1.2159502832952161e+05,
3.1782996869869396e+05,2.1180838255817204e+05,
1.9522344661975556e+05,2.7490239557901683e+05,
3.0493039432293392e+05,2.0998466450958932e+05,
2.2808169115520740e+05,2.3297781003551648e+05,
1.7362958943852328e+05,1.8270708177206729e+05,
2.7402769861157495e+05,1.8390908003935989e+05,
3.1793635096390179e+05,2.1120713153992046e+05,
3.1386783565418149e+05,1.8480942204459073e+05,
2.2737566102371819e+05,1.7079930586037369e+05,
2.0551068012337488e+05,1.8429970023734981e+05,
3.3973985971023474e+05,1.1780110507689205e+05,
2.4543515114424250e+05,2.9824669654893747e+05,
2.1457402833227269e+05,1.1411385897448026e+05,
3.1555118900831224e+05,2.3782944997990073e+05,
3.7354911564851238e+05,1.6381127250066606e+05,
4.2725872660265776e+05,1.4745918088794040e+05,
2.0619556925377640e+05,2.2870184278059853e+05,
2.4466112247446008e+05,1.1148127230280648e+05,
2.6255882211530861e+05,2.8460973328006809e+05,
2.0414110316184405e+05,7.5816187460137822e+04,
2.3477459957700135e+05,2.0025484666575529e+05,
3.1341012273700640e+05,1.0828764060769700e+05,
3.8821358874767658e+05,2.8804779167730641e+05,
3.4075150104440120e+05,2.2273394997713086e+05,
3.9915538668625092e+05,3.1893969559562032e+05,
2.5763508361481625e+05,2.4290562196813032e+05,
1.7451908376770443e+05,1.5715994590113877e+05,
3.5095857150297693e+05,1.8915203860365500e+05,
2.0547442135735453e+05,2.1267138484496667e+05,
3.8910757763801096e+05,2.1614481112392779e+05,
3.4093145017231203e+05,2.6578444805102772e+05,
2.9572556011705723e+05,1.3562140403202036e+05,
5.1317399371217436e+05,3.7924777161643346e+05,
2.6281630460212834e+05,1.7314909755933000e+05,
3.2954411326758540e+05,2.4868965766543793e+05,
3.4658115239805687e+05,3.1027898354571243e+05,
2.5261626122063040e+05,1.0660197903047105e+05,
3.5496570219365507e+05,2.7273184250434570e+05,
3.4661328799357940e+05,1.8303430290569787e+05,
3.1071483899065352e+05,1.9383682917161338e+05,
2.7097368566238502e+05,2.0671688493376295e+05,
2.1257294001620758e+05,2.3761457373851305e+05,
2.9637270040613267e+05,1.1622366660834273e+05,
3.7683431026374048e+05,1.4185922656302818e+05,
1.3960885764668140e+05,1.8094508715703190e+05,
2.7535568870558974e+05,1.2813544346724825e+05,
2.0640169323147589e+05,2.6089708316266641e+05,
3.7052681784163020e+05,1.9039664230073744e+05,
1.6164286232990419e+05,2.9734144738856680e+05,
2.0372135691761514e+05,3.7802428175533662e+05,
1.8067755095765449e+05,3.7008302699826926e+05,
7.8157302306598387e+04,1.4063524381812187e+05,
1.6531133691247134e+04,7.1147937387670623e+04,
1.0367765218320313e+05,1.2594896242146110e+05,
2.1347303865392230e+04,6.5900414247249311e+04,
2.6518854320203658e+05,2.1958647963774455e+05,

