1
1
4
2
(4 0
((0,0) (31,31) (0,0))
((32,0) (63,31) (0,0))
((0,32) (31,63) (0,0))
((32,32) (63,63) (0,0))
)
4
FabOnDisk: SD_0_Old_MF_D_00000 0
FabOnDisk: SD_0_Old_MF_D_00001 0
FabOnDisk: SD_0_Old_MF_D_00002 0
FabOnDisk: SD_0_Old_MF_D_00003 0

4,4
-4.1416201188279107e-04,1.0348669897622374e-07,1.0000000000000000e+00,0.0000000000000000e+00,
-4.1416215988699290e-04,-4.0892349824352619e-04,9.9999999999999989e-01,0.0000000000000000e+00,
-7.0976063390999732e-03,5.8904738573254854e-07,9.9999999999999978e-01,0.0000000000000000e+00,
-7.1068526277026662e-03,-1.9576385958522045e-02,1.0000000000000000e+00,0.0000000000000000e+00,

4,4
-4.2879723370025972e-06,4.0891899366933830e-04,1.0000000000000000e+00,0.0000000000000000e+00,
-4.2879901877174085e-06,-1.0346924439007454e-07,1.0000000000000000e+00,0.0000000000000000e+00,
3.1391049641685008e-02,1.9551288453250909e-02,1.0000000000000002e+00,0.0000000000000000e+00,
3.1391052019936194e-02,-5.8540800742641827e-07,1.0000000000000002e+00,0.0000000000000000e+00,

