1
1
2
1
(4 0
((248,200) (255,231) (0,0))
((232,232) (255,255) (0,0))
((0,248) (63,255) (0,0))
((64,248) (127,255) (0,0))
)
4
FabOnDisk: SD_2_Old_MF_D_00003 0
FabOnDisk: SD_2_Old_MF_D_00002 0
FabOnDisk: SD_2_Old_MF_D_00001 0
FabOnDisk: SD_2_Old_MF_D_00000 0

4,2
-2.3278918000058635e-01,-4.2590052129187383e-01,
-2.2764494355241638e-01,-7.8453597510307560e-02,
-9.5939526294136712e-02,-4.0398586387462117e+01,
-1.7822076862947966e-01,-1.9631371892734784e-01,

4,2
8.4971948624898186e-01,1.8107216175874488e+00,
9.3893801523069328e+01,8.0275677570558798e+01,
5.4568498891166826e+01,2.0713033703487675e+01,
2.1709698272290301e-01,7.0968334510395373e-02,

