1
1
9
0
(64 0
((0,0) (15,15) (0,0))
((16,0) (31,15) (0,0))
((32,0) (47,15) (0,0))
((48,0) (63,15) (0,0))
((64,0) (79,15) (0,0))
((80,0) (95,15) (0,0))
((96,0) (111,15) (0,0))
((112,0) (127,15) (0,0))
((0,16) (15,31) (0,0))
((16,16) (31,31) (0,0))
((32,16) (47,31) (0,0))
((48,16) (63,31) (0,0))
((64,16) (79,31) (0,0))
((80,16) (95,31) (0,0))
((96,16) (111,31) (0,0))
((112,16) (127,31) (0,0))
((0,32) (15,47) (0,0))
((16,32) (31,47) (0,0))
((32,32) (47,47) (0,0))
((48,32) (63,47) (0,0))
((64,32) (79,47) (0,0))
((80,32) (95,47) (0,0))
((96,32) (111,47) (0,0))
((112,32) (127,47) (0,0))
((0,48) (15,63) (0,0))
((16,48) (31,63) (0,0))
((32,48) (47,63) (0,0))
((48,48) (63,63) (0,0))
((64,48) (79,63) (0,0))
((80,48) (95,63) (0,0))
((96,48) (111,63) (0,0))
((112,48) (127,63) (0,0))
((0,64) (15,79) (0,0))
((16,64) (31,79) (0,0))
((32,64) (47,79) (0,0))
((48,64) (63,79) (0,0))
((64,64) (79,79) (0,0))
((80,64) (95,79) (0,0))
((96,64) (111,79) (0,0))
((112,64) (127,79) (0,0))
((0,80) (15,95) (0,0))
((16,80) (31,95) (0,0))
((32,80) (47,95) (0,0))
((48,80) (63,95) (0,0))
((64,80) (79,95) (0,0))
((80,80) (95,95) (0,0))
((96,80) (111,95) (0,0))
((112,80) (127,95) (0,0))
((0,96) (15,111) (0,0))
((16,96) (31,111) (0,0))
((32,96) (47,111) (0,0))
((48,96) (63,111) (0,0))
((64,96) (79,111) (0,0))
((80,96) (95,111) (0,0))
((96,96) (111,111) (0,0))
((112,96) (127,111) (0,0))
((0,112) (15,127) (0,0))
((16,112) (31,127) (0,0))
((32,112) (47,127) (0,0))
((48,112) (63,127) (0,0))
((64,112) (79,127) (0,0))
((80,112) (95,127) (0,0))
((96,112) (111,127) (0,0))
((112,112) (127,127) (0,0))
)
64
FabOnDisk: Cell_D_00000 0
FabOnDisk: Cell_D_00000 18514
FabOnDisk: Cell_D_00000 37029
FabOnDisk: Cell_D_00000 55544
FabOnDisk: Cell_D_00000 74059
FabOnDisk: Cell_D_00000 92574
FabOnDisk: Cell_D_00000 111089
FabOnDisk: Cell_D_00000 129605
FabOnDisk: Cell_D_00000 148122
FabOnDisk: Cell_D_00000 166637
FabOnDisk: Cell_D_00000 185153
FabOnDisk: Cell_D_00000 203669
FabOnDisk: Cell_D_00000 222185
FabOnDisk: Cell_D_00000 240701
FabOnDisk: Cell_D_00000 259217
FabOnDisk: Cell_D_00000 277734
FabOnDisk: Cell_D_00000 296252
FabOnDisk: Cell_D_00000 314767
FabOnDisk: Cell_D_00000 333283
FabOnDisk: Cell_D_00000 351799
FabOnDisk: Cell_D_00000 370315
FabOnDisk: Cell_D_00000 388831
FabOnDisk: Cell_D_00000 407347
FabOnDisk: Cell_D_00000 425864
FabOnDisk: Cell_D_00000 444382
FabOnDisk: Cell_D_00000 462897
FabOnDisk: Cell_D_00000 481413
FabOnDisk: Cell_D_00000 499929
FabOnDisk: Cell_D_00000 518445
FabOnDisk: Cell_D_00000 536961
FabOnDisk: Cell_D_00000 555477
FabOnDisk: Cell_D_00000 573994
FabOnDisk: Cell_D_00000 592512
FabOnDisk: Cell_D_00000 611027
FabOnDisk: Cell_D_00000 629543
FabOnDisk: Cell_D_00000 648059
FabOnDisk: Cell_D_00000 666575
FabOnDisk: Cell_D_00000 685091
FabOnDisk: Cell_D_00000 703607
FabOnDisk: Cell_D_00000 722124
FabOnDisk: Cell_D_00000 740642
FabOnDisk: Cell_D_00000 759157
FabOnDisk: Cell_D_00000 777673
FabOnDisk: Cell_D_00000 796189
FabOnDisk: Cell_D_00000 814705
FabOnDisk: Cell_D_00000 833221
FabOnDisk: Cell_D_00000 851737
FabOnDisk: Cell_D_00000 870254
FabOnDisk: Cell_D_00000 888772
FabOnDisk: Cell_D_00000 907288
FabOnDisk: Cell_D_00000 925805
FabOnDisk: Cell_D_00000 944322
FabOnDisk: Cell_D_00000 962839
FabOnDisk: Cell_D_00000 981356
FabOnDisk: Cell_D_00000 999873
FabOnDisk: Cell_D_00000 1018391
FabOnDisk: Cell_D_00000 1036910
FabOnDisk: Cell_D_00000 1055427
FabOnDisk: Cell_D_00000 1073945
FabOnDisk: Cell_D_00000 1092463
FabOnDisk: Cell_D_00000 1110981
FabOnDisk: Cell_D_00000 1129499
FabOnDisk: Cell_D_00000 1148017
FabOnDisk: Cell_D_00000 1166536

64,9
1.0000034970441265e+00,-5.7887749870826821e-03,9.9999999999998002e-01,8.1448465104035864e-15,-4.8063571735685351e-01,5.4968937329101780e-03,1.8139675270049428e-04,7.1893422342601898e-03,1.0000000000000000e+00,
1.0033711595018449e+00,-4.6969064937343388e-03,9.9999999999998779e-01,3.4402624988013657e-13,-5.1526815572080786e-01,-1.6622129830429797e-01,5.9796774457129484e-05,3.2384975652625485e-03,1.0000000000000000e+00,
1.0054083855665665e+00,-4.5704108302963806e-04,9.9999999999998901e-01,6.8045895160130354e-13,-3.8420086308908802e-01,-1.9515981507958330e-01,7.3563188868327675e-07,7.6801634456031827e-04,1.0000000000000000e+00,
1.0032765618975734e+00,5.2008019512242896e-05,9.9999999999999112e-01,9.8802639538597314e-13,-1.5488324484450103e-01,-1.4877638625794812e-01,4.3679322109116750e-07,1.4838339492243176e-04,1.0000000000000000e+00,
1.0015850527134544e+00,3.9628939095112641e-05,9.9999999999999423e-01,1.2582214474069965e-12,-5.2885080022039899e-02,-5.4430388690376960e-02,7.6330840119518545e-06,3.5264630480187243e-05,1.0000000000000000e+00,
1.0007466674821495e+00,2.1081731665841873e-05,9.9999999999999445e-01,1.4803126985931576e-12,-1.4836772043041232e-02,-1.4827489982064112e-02,4.7335614746478460e-08,1.1919918513109557e-05,1.0000000000000000e+00,
1.0003693235774564e+00,9.4924944436367481e-06,9.9999999999999356e-01,1.6454050972647069e-12,-3.9734009141113424e-03,-3.7351835087869761e-03,1.0552995304382359e-06,4.8264660955797303e-06,1.0000000000000000e+00,
1.0002286119137733e+00,2.3323822487075227e-06,9.9999999999996869e-01,1.7466537409295500e-12,-5.0098638624572582e-03,-9.3832986497161854e-04,3.9526770373351497e-07,1.1175322739276302e-06,1.0000000000000000e+00,
1.0000065080298968e+00,-1.7709700046883083e-02,9.9999999999994194e-01,7.9382161753614377e-15,-1.5772110873450336e+00,1.9686871290996805e-01,2.2244424492452730e-03,8.1641807746860601e-03,1.0000000000000000e+00,
1.0051152576403313e+00,-1.3633920041667394e-02,9.9999999999999412e-01,3.4809911145780937e-13,-1.6024365873547253e+00,-9.2834338616527612e-01,2.3693997336553599e-04,-1.2103956231647912e-03,1.0000000000000000e+00,
1.0060397421228056e+00,-4.3258112155050319e-04,9.9999999999999456e-01,6.8359729558468820e-13,-4.6111092895720834e-01,-9.1766912712882798e-01,2.5937500314210382e-06,-2.2888088829918270e-03,1.0000000000000000e+00,
1.0017167778764096e+00,2.0981304368603011e-03,9.9999999999999500e-01,9.9018423384861914e-13,-1.0546029247483714e-01,-2.8672912634277836e-01,5.2974581263298681e-06,-1.6064050888552996e-03,1.0000000000000000e+00,
1.0004014667655201e+00,1.2808602982181585e-03,9.9999999999999600e-01,1.2596088032038036e-12,-1.7048653641166551e-02,-6.3513796559436717e-02,4.2263210466020329e-07,-4.4676209075627859e-04,1.0000000000000000e+00,
1.0000982017645377e+00,6.5014629860089520e-04,9.9999999999999689e-01,1.4811600628510531e-12,-2.7084958069170982e-03,-1.5573179018678752e-02,2.8632016375873537e-08,-9.8624913422582725e-05,1.0000000000000000e+00,
1.0000277872542824e+00,2.8642309262815943e-04,9.9999999999999611e-01,1.6459136667946132e-12,-7.3861507030051300e-04,-3.8479640287894801e-03,2.2925788990130203e-05,-2.0532596053166520e-05,1.0000000000000000e+00,
1.0000114580912860e+00,6.9873537548428364e-05,9.9999999999999378e-01,1.7469725917789989e-12,-3.3970078352536866e-03,-9.7663499478717851e-04,9.7225085577898329e-08,-3.9466749562836714e-06,1.0000000000000000e+00,
1.0000224018001775e+00,-4.8235778973775317e-02,9.9999999999993872e-01,7.6061186386006523e-15,-8.2392464912713308e+00,4.7914888748983608e-01,6.4720421963926356e-04,1.1411496684269832e-02,1.0000000000000000e+00,
1.0131628777525541e+00,-4.6154090548366507e-02,9.9999999999999412e-01,3.4518135580307662e-13,-9.5599773833340826e+00,-8.8364530638863013e+00,1.2726514296290681e-04,-3.0754845757756756e-02,1.0000000000000000e+00,
9.9830922620734652e-01,2.7205887791618430e-03,9.9999999999999634e-01,6.8500950265775710e-13,-4.1839611284735939e-01,-4.4283302817714834e+00,7.9929895173067034e-05,-2.4441873164638774e-02,1.0000000000000000e+00,
9.9658677696934939e-01,4.5885016713329485e-03,9.9999999999999800e-01,9.9189304462115959e-13,5.7423909469069258e-02,-2.8619723382884760e-01,1.2439375142447862e-05,-3.0146815030083858e-03,1.0000000000000000e+00,
9.9718589306170979e-01,1.9850586836072555e-03,9.9999999999999878e-01,1.2607521671905092e-12,6.6739644343336117e-03,-3.6075052113039283e-02,9.7405408149009443e-06,-5.3027413258187859e-04,1.0000000000000000e+00,
9.9857048960040729e-01,7.9622863638830507e-04,9.9999999999999889e-01,1.4818161473528864e-12,1.3626589683050356e-03,-4.9730435972519041e-03,7.8491356291995884e-05,-1.0716683528818048e-04,1.0000000000000000e+00,
9.9932216201745860e-01,3.1649493630850144e-04,9.9999999999999867e-01,1.6463068870638093e-12,4.4910725958789395e-04,-1.2224015440169098e-03,4.5210098204104959e-05,-2.2841034345493436e-05,1.0000000000000000e+00,
9.9966202718123442e-01,7.4700028657512330e-05,9.9999999999999833e-01,1.7472409141235215e-12,-2.6811113521652973e-04,-4.6639840446974928e-04,1.6357443333213720e-06,-5.3465014468755669e-06,1.0000000000000000e+00,
8.3539319499100340e-01,-1.2348091928169821e-01,9.9999999999994860e-01,7.1247571184312467e-15,-1.5706749054510889e+01,4.7893039444475177e-01,8.1992231949906680e-04,2.3174650126113042e-02,1.0000000000000000e+00,
-1.9661488732866050e-01,-6.8240351972446167e-01,0.0000000000000000e+00,0.0000000000000000e+00,-7.1352089434230811e+02,-4.9421798955272646e+02,0.0000000000000000e+00,-7.3807719851983689e-01,0.0000000000000000e+00,
7.1624542018750448e-01,1.3350111079253701e-03,9.9999999999999800e-01,6.8996703375436881e-13,-3.4831140965258697e+01,-4.9843157462289174e+00,1.1094812898126971e-04,-4.2971053629301176e-02,1.0000000000000000e+00,
9.7625310228640128e-01,2.4251727293336524e-04,9.9999999999999956e-01,9.9539374894992693e-13,-1.1069224009276635e+00,8.6717343519533609e-03,2.2881532346910247e-04,-2.1994187021545904e-03,1.0000000000000000e+00,
9.9337812784420165e-01,7.4920484809476318e-05,9.9999999999999944e-01,1.2623475473416800e-12,-1.1323728455434537e-01,1.1276143741388643e-03,2.7671285251292151e-05,-1.8023979424845862e-04,1.0000000000000000e+00,
9.9751143076424542e-01,2.8287488409006742e-05,9.9999999999999978e-01,1.4826014886093783e-12,-1.6408983093542460e-02,1.7647805447782447e-04,5.8446384067423673e-06,-3.0688301624677940e-05,1.0000000000000000e+00,
9.9893972352863181e-01,1.0971063629044395e-05,9.9999999999999989e-01,1.6467547999689193e-12,-2.3952456950960487e-03,2.5010244969578699e-05,1.8129435507111035e-06,-1.0288617786698941e-05,1.0000000000000000e+00,
9.9949455435858581e-01,2.5695497283126480e-06,9.9999999999999956e-01,1.7475607854421291e-12,-7.7301425419416966e-04,-1.3416978478604405e-04,2.3133974120706892e-07,-4.3293956497528389e-06,1.0000000000000000e+00,
8.3539319499100140e-01,1.4813312413489781e-04,9.9999999999992550e-01,7.1099625619686935e-15,-1.5706749054507988e+01,-4.7154171946826132e+01,8.1992232062871873e-04,2.3174650126105277e-02,1.0000000000000000e+00,
-1.9661488732870486e-01,-5.7931093740442707e-01,0.0000000000000000e+00,0.0000000000000000e+00,-7.1352089434232073e+02,-5.6717748157555627e+02,0.0000000000000000e+00,-7.3807719851982068e-01,0.0000000000000000e+00,
7.1624542018751247e-01,-1.9557128578519065e-01,9.9999999999985856e-01,6.9010330666251983e-13,-3.4831140965256893e+01,-4.9995503887791855e+01,1.1094813171241835e-04,-4.2971053629301370e-02,1.0000000000000000e+00,
9.7625310228640239e-01,-1.7162199239636560e-02,9.9999999999999456e-01,9.9559251421760383e-13,-1.1069224009271958e+00,-9.9425065341300378e-01,2.2881532197782575e-04,-2.1994187021489573e-03,1.0000000000000000e+00,
9.9337812784420310e-01,-5.0058169832679729e-03,9.9999999999999678e-01,1.2625974424683053e-12,-1.1323728455310325e-01,-1.0830289099543591e-01,2.7671285509223847e-05,-1.8023979424408628e-04,1.0000000000000000e+00,
9.9751143076424498e-01,-1.8015443760894300e-03,9.9999999999999734e-01,1.4828937959791024e-12,-1.6408983094488731e-02,-1.6901716771096455e-02,5.8446402440449213e-06,-3.0688301623768213e-05,1.0000000000000000e+00,
9.9893972352863047e-01,-7.2049782528782978e-04,9.9999999999999933e-01,1.6470522545482627e-12,-2.3952456952349432e-03,-2.7708370393000922e-03,1.8129435165072354e-06,-1.0288617787682836e-05,1.0000000000000000e+00,
9.9949455435858492e-01,-2.8365575765792702e-04,1.0000000000000000e+00,1.7478054011023835e-12,-7.7301425464883417e-04,-3.5266452303607716e-04,2.3133930679233058e-07,-4.3293956497432581e-06,1.0000000000000000e+00,
1.0000224018001773e+00,5.5141767843792857e-04,9.9999999999995204e-01,7.3017087283232299e-15,-8.2392464912693288e+00,-5.5999322274073640e+00,6.4720422046082859e-04,1.1411496684252993e-02,1.0000000000000000e+00,
1.0131628777525521e+00,-2.9123688961473829e-02,9.9999999999998246e-01,3.4476322585435982e-13,-9.5599773833292065e+00,-1.6979778688767770e+00,1.2726514283800672e-04,-3.0754845757758983e-02,1.0000000000000000e+00,
9.9830922620734375e-01,-3.3649253630464442e-02,9.9999999999999056e-01,6.8527177949810324e-13,-4.1839611284656353e-01,-4.1030080049806028e-01,7.9929893283259279e-05,-2.4441873164636935e-02,1.0000000000000000e+00,
9.9658677696934739e-01,-1.6312108487930480e-02,9.9999999999999756e-01,9.9226225901291789e-13,5.7423909469345814e-02,-3.8818760352763715e-01,1.2439374703909767e-05,-3.0146815030013870e-03,1.0000000000000000e+00,
9.9718589306170913e-01,-5.3091681248059065e-03,9.9999999999999778e-01,1.2612232366311679e-12,6.6739644346174949e-03,-9.0288928972642943e-02,9.7405412697454397e-06,-5.3027413257846791e-04,1.0000000000000000e+00,
9.9857048960040595e-01,-2.1777579133699649e-03,9.9999999999999811e-01,1.4823721284319258e-12,1.3626589711940576e-03,-1.5938311282230378e-02,7.8491357242277404e-05,-1.0716683528299381e-04,1.0000000000000000e+00,
9.9932216201745716e-01,-9.5172787283083157e-04,9.9999999999999889e-01,1.6469217250905761e-12,4.4910725981850728e-04,-2.6541155898811715e-03,4.5210097307166186e-05,-2.2841034343739946e-05,1.0000000000000000e+00,
9.9966202718123476e-01,-3.9199103149873348e-04,1.0000000000000000e+00,1.7478945076494542e-12,-2.6811113554591143e-04,-3.0907850734890644e-04,1.6357426041056430e-06,-5.3465014484732667e-06,1.0000000000000000e+00,
1.0000065080298965e+00,1.4615358181605011e-04,9.9999999999997158e-01,7.2777825707823244e-15,-1.5772110873411671e+00,-1.6710198333034769e+00,2.2244424500855731e-03,8.1641807746636250e-03,1.0000000000000000e+00,
1.0051152576403279e+00,-1.4050886126950855e-03,9.9999999999998723e-01,3.4719114636075752e-13,-1.6024365873539024e+00,-3.1494558531650851e-01,2.3693997472139586e-04,-1.2103956231660903e-03,1.0000000000000000e+00,
1.0060397421228011e+00,-7.0229827254661989e-03,9.9999999999998979e-01,6.8393807905980518e-13,-4.6111092895343775e-01,1.6714376756233221e-01,2.5937491720390282e-06,-2.2888088829861124e-03,1.0000000000000000e+00,
1.0017167778764096e+00,-6.9074786006802155e-03,9.9999999999999201e-01,9.9066804505460069e-13,-1.0546029247674372e-01,4.7073552720251453e-02,5.2974591890214695e-06,-1.6064050888466418e-03,1.0000000000000000e+00,
1.0004014667655190e+00,-4.2587412866801604e-03,9.9999999999999545e-01,1.2602299238495080e-12,-1.7048653638221563e-02,7.1373079795594568e-03,4.2263136879050478e-07,-4.4676209075039327e-04,1.0000000000000000e+00,
1.0000982017645361e+00,-2.0666247611538431e-03,9.9999999999999789e-01,1.4818876338192156e-12,-2.7084958062207560e-03,1.6602386108599092e-03,2.8634642747216166e-08,-9.8624913416410498e-05,1.0000000000000000e+00,
1.0000277872542831e+00,-9.3906933163463073e-04,9.9999999999999878e-01,1.6467266344185402e-12,-7.3861507701572504e-04,5.6688589633695924e-04,2.2925786811924670e-05,-2.0532596053511743e-05,1.0000000000000000e+00,
1.0000114580912860e+00,-3.9026256007568646e-04,1.0000000000000000e+00,1.7478344961734811e-12,-3.3970078357380144e-03,9.1657475842791853e-05,9.7227206147243450e-08,-3.9466749591669936e-06,1.0000000000000000e+00,
1.0000034970441267e+00,3.4966147990117684e-06,9.9999999999986144e-01,7.2198943886043140e-15,-4.8063571735384869e-01,-4.4270026991330491e-01,1.8139673900528612e-04,7.1893422342492221e-03,1.0000000000000000e+00,
1.0033711595018682e+00,3.0314674896949997e-05,9.9999999999990097e-01,3.4609414223299121e-13,-5.1526815572010265e-01,-1.5544824944458191e-01,5.9796763406810838e-05,3.2384975652589264e-03,1.0000000000000000e+00,
1.0054083855665719e+00,-1.9364808568485675e-03,9.9999999999996492e-01,6.8301693469442611e-13,-3.8420086307871587e-01,3.8496587335274117e-03,7.3563477014570652e-07,7.6801634456655590e-04,1.0000000000000000e+00,
1.0032765618975747e+00,-2.1579274717666110e-03,9.9999999999998934e-01,9.8987225142789507e-13,-1.5488324484818472e-01,2.1397706372777532e-03,4.3679213919834564e-07,1.4838339493081958e-04,1.0000000000000000e+00,
1.0015850527134547e+00,-1.9153958681982590e-03,9.9999999999999567e-01,1.2596870062119581e-12,-5.2885080023499419e-02,6.7077802123217804e-04,7.6330860119904441e-06,3.5264630484826057e-05,1.0000000000000000e+00,
1.0007466674821517e+00,-1.1621615983612608e-03,9.9999999999999900e-01,1.4815785786103673e-12,-1.4836772037567444e-02,1.7826095626102579e-04,4.7336434891211837e-08,1.1919918517699544e-05,1.0000000000000000e+00,
1.0003693235774571e+00,-5.8805826039886981e-04,9.9999999999999800e-01,1.6465688874933116e-12,-3.9734009106223798e-03,4.4561115530186935e-05,1.0552972074754502e-06,4.8264660906949760e-06,1.0000000000000000e+00,
1.0002286119137758e+00,-2.5644414154687566e-04,9.9999999999999534e-01,1.7477620343826004e-12,-5.0098638598238569e-03,3.1592350665352250e-06,3.9526906325798713e-07,1.1175322742617923e-06,1.0000000000000000e+00,

64,9
1.0045070555628262e+00,-3.4966147988444408e-06,1.0000000000000415e+00,3.3192789661625996e-13,-1.1597532069202712e-02,4.4270026991557726e-01,2.7858880163880024e+00,1.0714272363565869e-02,1.0000000000000000e+00,
1.0077595719391035e+00,-3.0314674897380665e-05,1.0000000000000551e+00,6.6659704434149726e-13,-3.0575983787441874e-01,1.5544824944640026e-01,1.7349912882409693e-03,7.7410475753557934e-03,1.0000000000000000e+00,
1.0077583946622668e+00,1.9364808568465930e-03,1.0000000000000502e+00,9.7356582515868365e-13,-1.2369515479971757e-01,-3.8496587350423349e-03,1.4485856791743735e-03,3.7046110322449697e-03,1.0000000000000000e+00,
1.0057928899318427e+00,2.1579274717649969e-03,1.0000000000000266e+00,1.2449110961937896e-12,-2.3726430829900037e-02,-2.1397706363535359e-03,2.3518204615314425e-03,1.3893756270304007e-03,1.0000000000000000e+00,
1.0034075650583787e+00,1.9153958681973724e-03,1.0000000000000306e+00,1.4693802978390485e-12,-4.3954656087881773e-03,-6.7077802230495814e-04,2.9523979543904372e-04,4.1721515081376336e-04,1.0000000000000000e+00,
1.0018441900368689e+00,1.1621615983608928e-03,1.0000000000000435e+00,1.6377120273031952e-12,-1.1413247438062167e-03,-1.7826095642910965e-04,2.6603073993913470e-04,1.1485691525464501e-04,1.0000000000000000e+00,
1.0009275219977594e+00,5.8805826039779374e-04,1.0000000000000644e+00,1.7427850812401650e-12,-4.2625634870798932e-04,-4.4561115885064093e-05,1.8066120988306084e-04,3.2456129867777016e-05,1.0000000000000000e+00,
1.0004777107291789e+00,2.5644414154688032e-04,1.0000000000001132e+00,1.7798491842422250e-12,2.9098865182227329e-04,-3.1592363908902963e-06,3.1896506011517525e-03,9.8623574233223757e-06,1.0000000000000000e+00,
1.0114146828096044e+00,-1.4615358181547779e-04,1.0000000000000226e+00,3.2589511640654922e-13,-2.1373966811099286e-02,1.6710198333006798e+00,8.1101100802171615e+00,2.0056629748298506e-02,1.0000000000000000e+00,
1.0168791947034532e+00,1.4050886126952546e-03,1.0000000000000020e+00,6.6470633917297562e-13,-4.0380901511518624e-01,3.1494558531763800e-01,1.2306386862588961e-02,1.0127526191549819e-02,1.0000000000000000e+00,
1.0153814475671827e+00,7.0229827254654296e-03,9.9999999999999922e-01,9.7356164716611990e-13,1.6438963083588204e-01,-1.6714376756396396e-01,1.3569205005734691e-02,2.8826417452271357e-03,1.0000000000000000e+00,
1.0062994414334117e+00,6.9074786006792614e-03,9.9999999999999900e-01,1.2451560888451232e-12,1.5906075724838076e-01,-4.7073552719613908e-02,5.7955529480097079e-03,5.9777494048365062e-04,1.0000000000000000e+00,
1.0030938403899694e+00,4.2587412866803374e-03,9.9999999999999944e-01,1.4695242089745160e-12,6.4712825930640941e-02,-7.1373079789901015e-03,4.1627617700726316e-04,9.9596763080501564e-05,1.0000000000000000e+00,
1.0014663547857034e+00,2.0666247611534575e-03,9.9999999999999944e-01,1.6377953533245359e-12,1.5272787255878131e-02,-1.6602386108838471e-03,1.1913034662445338e-04,2.3266587555347495e-05,1.0000000000000000e+00,
1.0006845795639647e+00,9.3906933163517522e-04,9.9999999999999944e-01,1.7428764265504163e-12,3.2567218711339425e-03,-5.6688589666715810e-04,8.3361866690025849e-05,8.8757238969383091e-06,1.0000000000000000e+00,
1.0003393446423519e+00,3.9026256007597616e-04,1.0000000000000029e+00,1.7799951954525117e-12,7.1002515978925169e-04,-9.1657475401758778e-05,4.7852153467943786e-03,3.9744160328498241e-06,1.0000000000000000e+00,
1.0299474927005965e+00,-5.5141767843767768e-04,1.0000000000000284e+00,3.2547309785001218e-13,-7.2444462057777603e-02,5.5999322274046195e+00,1.6224137801277909e+01,5.2833789159897712e-02,1.0000000000000000e+00,
1.0627326295484585e+00,2.9123688961472688e-02,1.0000000000000058e+00,6.6896164364230743e-13,3.2371144425562992e+00,1.6979778688773477e+00,2.1937015431231638e-01,1.5878302934431914e-02,1.0000000000000000e+00,
1.0373558674349719e+00,3.3649253630466024e-02,1.0000000000000060e+00,9.7710203258889250e-13,3.7856151188404308e+00,4.1030080049765905e-01,1.9424413979515776e-01,-1.9068884605827441e-03,1.0000000000000000e+00,
1.0060605724108664e+00,1.6312108487931250e-02,1.0000000000000047e+00,1.2468224362329335e-12,6.3554870241888772e-01,3.8818760352796566e-01,8.0019991623769826e-03,-2.7206208605457720e-04,1.0000000000000000e+00,
1.0013870392405251e+00,5.3091681248062577e-03,1.0000000000000000e+00,1.4703433684372650e-12,8.8249730391315812e-02,9.0288928973856070e-02,2.2131196477599702e-03,-4.4755677672096052e-05,1.0000000000000000e+00,
1.0002666461625978e+00,2.1777579133702386e-03,1.0000000000000000e+00,1.6382658344357028e-12,1.6807499431739474e-02,1.5938311282062578e-02,4.4631538857770742e-04,-1.2788885824020222e-05,1.0000000000000000e+00,
1.0000420384511375e+00,9.5172787283120323e-04,1.0000000000000000e+00,1.7431979680500999e-12,3.4717150909243013e-03,2.6541155910853181e-03,1.2634381809338568e-04,-4.7432098782242852e-06,1.0000000000000000e+00,
1.0000018176805223e+00,3.9199103149946933e-04,1.0000000000000049e+00,1.7802807324452925e-12,3.4095308191835977e-03,3.0907850687027000e-04,4.7967164590366615e-03,-6.4363199161849123e-08,1.0000000000000000e+00,
1.0309468374824240e+00,-1.4813312413620406e-04,1.0000000000002121e+00,3.2193484431522183e-13,5.5747863370799450e+01,4.7154171946828697e+01,1.6294067004627237e+01,2.4362718082628548e-01,1.0000000000000000e+00,
1.5897741414124416e+00,5.7931093740444095e-01,1.0000000000001501e+00,7.1006238342351356e-13,4.8269606850776233e+02,5.6717748157550250e+02,2.2344904403622604e+03,4.8632966101872782e-01,1.0000000000000000e+00,
1.0424595068923166e+00,1.9557128578520028e-01,1.0000000000001303e+00,9.8061992462489851e-13,2.8023327038697733e+01,4.9995503887793404e+01,5.6754567643687672e+01,9.7173089301061832e-02,1.0000000000000000e+00,
9.9671440417851687e-01,1.7162199239637618e-02,1.0000000000000071e+00,1.2478788844598050e-12,5.9893122960080669e-01,9.9425065341440377e-01,3.9726790520769328e-02,4.7376270977728709e-03,1.0000000000000000e+00,
9.9838698085370603e-01,5.0058169832687145e-03,1.0000000000000029e+00,1.4708369109413779e-12,3.9395215363171247e-02,1.0830289099521474e-01,2.6205648543109472e-03,5.7721697889998166e-04,1.0000000000000000e+00,
9.9924643164814742e-01,1.8015443760898049e-03,1.0000000000000000e+00,1.6385808342955083e-12,4.1611252981013647e-03,1.6901716771786958e-02,4.5272282206774289e-04,8.1461770654565674e-05,1.0000000000000000e+00,
9.9962918804026191e-01,7.2049782528824156e-04,1.0000000000000000e+00,1.7434544559334285e-12,9.4328312865726047e-04,2.7708370391651823e-03,1.2149148451929062e-04,7.7909194085479332e-06,1.0000000000000000e+00,
9.9977102426882647e-01,2.8365575765845817e-04,1.0000000000000053e+00,1.7805202519243007e-12,4.8489693871456878e-03,3.5266452394286396e-04,3.4238192471977395e-03,-1.1163737628108718e-06,1.0000000000000000e+00,
1.0309468374824196e+00,1.2348091928169851e-01,1.0000000000003006e+00,3.2141071473727415e-13,5.5747863370799649e+01,-4.7893039444474050e-01,1.6294067004628420e+01,2.4362718082628593e-01,1.0000000000000000e+00,
1.5897741414124498e+00,6.8240351972444124e-01,1.0000000000005496e+00,7.2483018334018106e-13,4.8269606850770913e+02,4.9421798955271095e+02,2.2344904403623268e+03,4.8632966101873210e-01,1.0000000000000000e+00,
1.0424595068923121e+00,-1.3350111079235354e-03,1.0000000000000759e+00,9.8062410410039030e-13,2.8023327038690528e+01,4.9843157462294663e+00,5.6754567643679188e+01,9.7173089301061721e-02,1.0000000000000000e+00,
9.9671440417851453e-01,-2.4251727293207582e-04,1.0000000000000027e+00,1.2478851998999811e-12,5.9893122960124823e-01,-8.6717343520187166e-03,3.9726790520684674e-02,4.7376270977734008e-03,1.0000000000000000e+00,
9.9838698085370514e-01,-7.4920484807822530e-05,1.0000000000000004e+00,1.4708600338521596e-12,3.9395215362906556e-02,-1.1276143738422049e-03,2.6205648541253318e-03,5.7721697889962409e-04,1.0000000000000000e+00,
9.9924643164814730e-01,-2.8287488407934530e-05,1.0000000000000004e+00,1.6386357575943502e-12,4.1611252963661503e-03,-1.7647805513815239e-04,4.5272282133898556e-04,8.1461770654816219e-05,1.0000000000000000e+00,
9.9962918804026224e-01,-1.0971063628775079e-05,1.0000000000000000e+00,1.7435640877116413e-12,9.4328312787320687e-04,-2.5010243452133405e-05,1.2149148540087709e-04,7.7909194083506220e-06,1.0000000000000000e+00,
9.9977102426882658e-01,-2.5695497279143104e-06,1.0000000000000051e+00,1.7806499617190436e-12,4.8489693873522101e-03,1.3416978654936490e-04,3.4238192475148036e-03,-1.1163737634165156e-06,1.0000000000000000e+00,
1.0299474927005923e+00,4.8235778973773978e-02,1.0000000000002778e+00,3.2438735784313348e-13,-7.2444462056662884e-02,-4.7914888748913931e-01,1.6224137801277575e+01,5.2833789159884376e-02,1.0000000000000000e+00,
1.0627326295484534e+00,4.6154090548365403e-02,9.9999999999999645e-01,6.6911386542089831e-13,3.2371144425601015e+00,8.8364530638879231e+00,2.1937015431222895e-01,1.5878302934423869e-02,1.0000000000000000e+00,
1.0373558674349670e+00,-2.7205887791618057e-03,1.0000000000000022e+00,9.7730504001957878e-13,3.7856151188451461e+00,4.4283302817732091e+00,1.9424413978918476e-01,-1.9068884605761677e-03,1.0000000000000000e+00,
1.0060605724108640e+00,-4.5885016713331315e-03,9.9999999999999989e-01,1.2470868184858350e-12,6.3554870242167349e-01,2.8619723383096624e-01,8.0019991616206432e-03,-2.7206208605035250e-04,1.0000000000000000e+00,
1.0013870392405264e+00,-1.9850586836069159e-03,9.9999999999999944e-01,1.4706547291442139e-12,8.8249730389475839e-02,3.6075052115246579e-02,2.2131196463465175e-03,-4.4755677669827061e-05,1.0000000000000000e+00,
1.0002666461625984e+00,-7.9622863638792311e-04,9.9999999999999989e-01,1.6386083258244318e-12,1.6807499431280043e-02,4.9730435984646961e-03,4.4631538818097616e-04,-1.2788885824289272e-05,1.0000000000000000e+00,
1.0000420384511348e+00,-3.1649493630813428e-04,1.0000000000000000e+00,1.7435723400422168e-12,3.4717150886439019e-03,1.2224015431135465e-03,1.2634381960996768e-04,-4.7432098805507849e-06,1.0000000000000000e+00,
1.0000018176805232e+00,-7.4700028657213321e-05,1.0000000000000047e+00,1.7806805661729620e-12,3.4095308198352982e-03,4.6639840329647648e-04,4.7967164587066190e-03,-6.4363198934379708e-08,1.0000000000000000e+00,
1.0114146828096020e+00,1.7709700046885445e-02,1.0000000000001676e+00,3.2442497188647520e-13,-2.1373966812525749e-02,-1.9686871290789262e-01,8.1101100802182025e+00,2.0056629748266247e-02,1.0000000000000000e+00,
1.0168791947034510e+00,1.3633920041668759e-02,9.9999999999999567e-01,6.6496589084923622e-13,-4.0380901511434469e-01,9.2834338616508849e-01,1.2306386863228033e-02,1.0127526191535131e-02,1.0000000000000000e+00,
1.0153814475671816e+00,4.3258112154961583e-04,9.9999999999999833e-01,9.7393490033017196e-13,1.6438963083731306e-01,9.1766912712777360e-01,1.3569205005695140e-02,2.8826417452248862e-03,1.0000000000000000e+00,
1.0062994414334099e+00,-2.0981304368608913e-03,9.9999999999999822e-01,1.2456336781215465e-12,1.5906075725408142e-01,2.8672912634347320e-01,5.7955529486980462e-03,5.9777494049005034e-04,1.0000000000000000e+00,
1.0030938403899703e+00,-1.2808602982183283e-03,9.9999999999999878e-01,1.4700853097954768e-12,6.4712825932121354e-02,6.3513796558461871e-02,4.1627617725116528e-04,9.9596763089676110e-05,1.0000000000000000e+00,
1.0014663547857030e+00,-6.5014629860082863e-04,9.9999999999999978e-01,1.6384231756863135e-12,1.5272787256204068e-02,1.5573179019524402e-02,1.1913034631237662e-04,2.3266587561946566e-05,1.0000000000000000e+00,
1.0006845795639643e+00,-2.8642309262877998e-04,1.0000000000000000e+00,1.7435418432328327e-12,3.2567218702604446e-03,3.8479640278469441e-03,8.3361863264467401e-05,8.8757238999812597e-06,1.0000000000000000e+00,
1.0003393446423554e+00,-6.9873537547981903e-05,1.0000000000000033e+00,1.7806786890839556e-12,7.1002515948417910e-04,9.7663499427850880e-04,4.7852153458086324e-03,3.9744160295608587e-06,1.0000000000000000e+00,
1.0045070555628250e+00,5.7887749870852651e-03,1.0000000000005249e+00,3.2484961832242614e-13,-1.1597532072941865e-02,-5.4968937325376027e-03,2.7858880163874842e+00,1.0714272363534352e-02,1.0000000000000000e+00,
1.0077595719391013e+00,4.6969064937360406e-03,1.0000000000004969e+00,6.6394381995334966e-13,-3.0575983787971389e-01,1.6622129830543036e-01,1.7349912851130894e-03,7.7410475753373542e-03,1.0000000000000000e+00,
1.0077583946622644e+00,4.5704108302838841e-04,1.0000000000002185e+00,9.7240838312478100e-13,-1.2369515480115229e-01,1.9515981508009841e-01,1.4485856782944350e-03,3.7046110322422141e-03,1.0000000000000000e+00,
1.0057928899318416e+00,-5.2008019513119752e-05,1.0000000000000620e+00,1.2446363948453989e-12,-2.3726430829044638e-02,1.4877638625908551e-01,2.3518204626919725e-03,1.3893756270343563e-03,1.0000000000000000e+00,
1.0034075650583765e+00,-3.9628939094817562e-05,1.0000000000000122e+00,1.4695904500902322e-12,-4.3954656087572394e-03,5.4430388690532565e-02,2.9523979583351984e-04,4.1721515081727042e-04,1.0000000000000000e+00,
1.0018441900368684e+00,-2.1081731665483608e-05,1.0000000000000180e+00,1.6382169265303905e-12,-1.1413247439193289e-03,1.4827489980889699e-02,2.6603074186855920e-04,1.1485691525653502e-04,1.0000000000000000e+00,
1.0009275219977574e+00,-9.4924944438013368e-06,1.0000000000000255e+00,1.7434807412891183e-12,-4.2625634734704015e-04,3.7351835081724533e-03,1.8066121267544793e-04,3.2456129868747039e-05,1.0000000000000000e+00,
1.0004777107291738e+00,-2.3323822479493579e-06,1.0000000000000258e+00,1.7806597700546808e-12,2.9098865339561089e-04,9.3832986503937738e-04,3.1896506028094218e-03,9.8623574208481958e-06,1.0000000000000000e+00,

