1
1
1
1
(64 0
((0,0) (16,16) (1,1))
((16,0) (32,16) (1,1))
((32,0) (48,16) (1,1))
((48,0) (64,16) (1,1))
((64,0) (80,16) (1,1))
((80,0) (96,16) (1,1))
((96,0) (112,16) (1,1))
((112,0) (128,16) (1,1))
((0,16) (16,32) (1,1))
((16,16) (32,32) (1,1))
((32,16) (48,32) (1,1))
((48,16) (64,32) (1,1))
((64,16) (80,32) (1,1))
((80,16) (96,32) (1,1))
((96,16) (112,32) (1,1))
((112,16) (128,32) (1,1))
((0,32) (16,48) (1,1))
((16,32) (32,48) (1,1))
((32,32) (48,48) (1,1))
((48,32) (64,48) (1,1))
((64,32) (80,48) (1,1))
((80,32) (96,48) (1,1))
((96,32) (112,48) (1,1))
((112,32) (128,48) (1,1))
((0,48) (16,64) (1,1))
((16,48) (32,64) (1,1))
((32,48) (48,64) (1,1))
((48,48) (64,64) (1,1))
((64,48) (80,64) (1,1))
((80,48) (96,64) (1,1))
((96,48) (112,64) (1,1))
((112,48) (128,64) (1,1))
((0,64) (16,80) (1,1))
((16,64) (32,80) (1,1))
((32,64) (48,80) (1,1))
((48,64) (64,80) (1,1))
((64,64) (80,80) (1,1))
((80,64) (96,80) (1,1))
((96,64) (112,80) (1,1))
((112,64) (128,80) (1,1))
((0,80) (16,96) (1,1))
((16,80) (32,96) (1,1))
((32,80) (48,96) (1,1))
((48,80) (64,96) (1,1))
((64,80) (80,96) (1,1))
((80,80) (96,96) (1,1))
((96,80) (112,96) (1,1))
((112,80) (128,96) (1,1))
((0,96) (16,112) (1,1))
((16,96) (32,112) (1,1))
((32,96) (48,112) (1,1))
((48,96) (64,112) (1,1))
((64,96) (80,112) (1,1))
((80,96) (96,112) (1,1))
((96,96) (112,112) (1,1))
((112,96) (128,112) (1,1))
((0,112) (16,128) (1,1))
((16,112) (32,128) (1,1))
((32,112) (48,128) (1,1))
((48,112) (64,128) (1,1))
((64,112) (80,128) (1,1))
((80,112) (96,128) (1,1))
((96,112) (112,128) (1,1))
((112,112) (128,128) (1,1))
)
64
FabOnDisk: SD_1_Old_MF_D_00002 0
FabOnDisk: SD_1_Old_MF_D_00002 2972
FabOnDisk: SD_1_Old_MF_D_00002 5944
FabOnDisk: SD_1_Old_MF_D_00002 8916
FabOnDisk: SD_1_Old_MF_D_00003 0
FabOnDisk: SD_1_Old_MF_D_00003 2972
FabOnDisk: SD_1_Old_MF_D_00003 5944
FabOnDisk: SD_1_Old_MF_D_00003 8917
FabOnDisk: SD_1_Old_MF_D_00002 11888
FabOnDisk: SD_1_Old_MF_D_00002 14860
FabOnDisk: SD_1_Old_MF_D_00002 17832
FabOnDisk: SD_1_Old_MF_D_00002 20804
FabOnDisk: SD_1_Old_MF_D_00003 11891
FabOnDisk: SD_1_Old_MF_D_00003 14863
FabOnDisk: SD_1_Old_MF_D_00003 17835
FabOnDisk: SD_1_Old_MF_D_00003 20808
FabOnDisk: SD_1_Old_MF_D_00002 23776
FabOnDisk: SD_1_Old_MF_D_00002 26748
FabOnDisk: SD_1_Old_MF_D_00002 29720
FabOnDisk: SD_1_Old_MF_D_00002 32692
FabOnDisk: SD_1_Old_MF_D_00003 23782
FabOnDisk: SD_1_Old_MF_D_00003 26754
FabOnDisk: SD_1_Old_MF_D_00003 29726
FabOnDisk: SD_1_Old_MF_D_00003 32699
FabOnDisk: SD_1_Old_MF_D_00002 35664
FabOnDisk: SD_1_Old_MF_D_00002 38636
FabOnDisk: SD_1_Old_MF_D_00002 41608
FabOnDisk: SD_1_Old_MF_D_00002 44580
FabOnDisk: SD_1_Old_MF_D_00003 35673
FabOnDisk: SD_1_Old_MF_D_00003 38645
FabOnDisk: SD_1_Old_MF_D_00003 41617
FabOnDisk: SD_1_Old_MF_D_00003 44590
FabOnDisk: SD_1_Old_MF_D_00000 0
FabOnDisk: SD_1_Old_MF_D_00000 2972
FabOnDisk: SD_1_Old_MF_D_00000 5944
FabOnDisk: SD_1_Old_MF_D_00000 8916
FabOnDisk: SD_1_Old_MF_D_00001 0
FabOnDisk: SD_1_Old_MF_D_00001 2972
FabOnDisk: SD_1_Old_MF_D_00001 5944
FabOnDisk: SD_1_Old_MF_D_00001 8917
FabOnDisk: SD_1_Old_MF_D_00000 11888
FabOnDisk: SD_1_Old_MF_D_00000 14860
FabOnDisk: SD_1_Old_MF_D_00000 17832
FabOnDisk: SD_1_Old_MF_D_00000 20804
FabOnDisk: SD_1_Old_MF_D_00001 11891
FabOnDisk: SD_1_Old_MF_D_00001 14863
FabOnDisk: SD_1_Old_MF_D_00001 17835
FabOnDisk: SD_1_Old_MF_D_00001 20808
FabOnDisk: SD_1_Old_MF_D_00000 23776
FabOnDisk: SD_1_Old_MF_D_00000 26749
FabOnDisk: SD_1_Old_MF_D_00000 29722
FabOnDisk: SD_1_Old_MF_D_00000 32695
FabOnDisk: SD_1_Old_MF_D_00001 23782
FabOnDisk: SD_1_Old_MF_D_00001 26755
FabOnDisk: SD_1_Old_MF_D_00001 29728
FabOnDisk: SD_1_Old_MF_D_00001 32702
FabOnDisk: SD_1_Old_MF_D_00000 35668
FabOnDisk: SD_1_Old_MF_D_00000 38642
FabOnDisk: SD_1_Old_MF_D_00000 41616
FabOnDisk: SD_1_Old_MF_D_00000 44590
FabOnDisk: SD_1_Old_MF_D_00001 35677
FabOnDisk: SD_1_Old_MF_D_00001 38651
FabOnDisk: SD_1_Old_MF_D_00001 41625
FabOnDisk: SD_1_Old_MF_D_00001 44600

64,1
6.3120603342046505e-03,
1.6132344779390267e-03,
-6.6550085429906407e-04,
-7.8772232585984977e-04,
-6.7096054394968083e-04,
-3.5743924993032451e-04,
-1.8897797208140333e-04,
-7.6606671764739719e-05,
7.2402106296517660e-03,
-4.8194411423273052e-03,
-5.6211125258142898e-03,
-3.6820124119696161e-03,
-1.0193089290868175e-03,
-3.5743924993032451e-04,
-1.6226895861055077e-04,
-6.0212986336598055e-05,
1.0459044862426331e-02,
-4.8638367818921016e-02,
-4.3533227748726797e-02,
-5.1557260389416089e-03,
-1.0103252876140167e-03,
-2.2209519856339639e-04,
-4.6463808184230272e-05,
-9.1720182007462601e-06,
2.3270451393440590e-02,
-1.0885029405703961e+00,
-2.0402239733772620e-01,
-3.3410392819180545e-03,
3.4036246510031528e-04,
1.5997570663376412e-04,
5.9861827166191189e-05,
-8.5135515943202628e-07,
2.3270451393374927e-02,
-1.0885029405705724e+00,
-2.0402239733751093e-01,
-3.3410392819354685e-03,
3.4036246509372783e-04,
1.5997570662827843e-04,
5.9861827165909614e-05,
-8.5135515943202628e-07,
1.0459044862381273e-02,
-4.8638367818980247e-02,
-4.3533227748774120e-02,
-5.1557260389598555e-03,
-1.0103252876305932e-03,
-2.2209519857274774e-04,
-4.6463808192874372e-05,
-9.1720182065002227e-06,
7.2402106296138606e-03,
-4.8194411423644768e-03,
-5.6211125258460691e-03,
-3.6820124119953195e-03,
-1.0193089291042476e-03,
-3.5743924994640892e-04,
-1.6226895861619719e-04,
-6.0212986339377278e-05,
6.3120603341757552e-03,
1.6132344779077419e-03,
-6.6550085432425876e-04,
-7.8772232588407475e-04,
-6.7096054396909737e-04,
-3.5743924994640892e-04,
-1.8897797208805440e-04,
-7.6606671766045410e-05,

64,1
1.0654986414451995e-02,
7.2402106296517660e-03,
2.6348314290780099e-03,
2.8072428860630183e-04,
-3.3780825124256407e-04,
-1.6226895861055077e-04,
-6.0212986336598055e-05,
1.0689121272489257e-06,
2.2133449024902548e-02,
1.0459044862426331e-02,
1.6132344779390267e-03,
-6.6550085429906407e-04,
-2.2209519856339639e-04,
-4.6463808184230272e-05,
-9.1720182007462601e-06,
6.7936276569800061e-07,
6.1516229748539555e-02,
2.3270451393440590e-02,
-3.3410392819180545e-03,
4.5599952847479166e-04,
4.8114579125479746e-04,
3.4036246510031528e-04,
1.5997570663376412e-04,
5.9861827166191189e-05,
2.8624960418446377e-01,
5.9016743685162409e-01,
1.5880754482400375e-01,
1.3830302739015411e-02,
2.6037022918549003e-03,
7.7475745723637230e-04,
2.7846440452874603e-04,
9.4290972958460361e-05,
2.8624960418446377e-01,
5.9016743685162409e-01,
1.5880754482400375e-01,
1.3830302739015411e-02,
2.6037022918549003e-03,
7.7475745723637230e-04,
2.7846440452874603e-04,
9.4290972958460361e-05,
6.1516229748510447e-02,
2.3270451393374927e-02,
-3.3410392819354685e-03,
4.5599952846641772e-04,
4.8114579124772759e-04,
3.4036246509372783e-04,
1.5997570662827843e-04,
5.9861827165909614e-05,
2.2133449024869481e-02,
1.0459044862381273e-02,
1.6132344779077419e-03,
-6.6550085432425876e-04,
-2.2209519857274774e-04,
-4.6463808192874372e-05,
-9.1720182065002227e-06,
6.7936276604425836e-07,
1.0654986414417408e-02,
7.2402106296138606e-03,
2.6348314290537966e-03,
2.8072428857953938e-04,
-3.3780825125913924e-04,
-1.6226895861619719e-04,
-6.0212986339377278e-05,
1.0689121243979839e-06,

