1
1
1
1
(64 0
((0,0) (16,16) (1,1))
((16,0) (32,16) (1,1))
((32,0) (48,16) (1,1))
((48,0) (64,16) (1,1))
((64,0) (80,16) (1,1))
((80,0) (96,16) (1,1))
((96,0) (112,16) (1,1))
((112,0) (128,16) (1,1))
((0,16) (16,32) (1,1))
((16,16) (32,32) (1,1))
((32,16) (48,32) (1,1))
((48,16) (64,32) (1,1))
((64,16) (80,32) (1,1))
((80,16) (96,32) (1,1))
((96,16) (112,32) (1,1))
((112,16) (128,32) (1,1))
((0,32) (16,48) (1,1))
((16,32) (32,48) (1,1))
((32,32) (48,48) (1,1))
((48,32) (64,48) (1,1))
((64,32) (80,48) (1,1))
((80,32) (96,48) (1,1))
((96,32) (112,48) (1,1))
((112,32) (128,48) (1,1))
((0,48) (16,64) (1,1))
((16,48) (32,64) (1,1))
((32,48) (48,64) (1,1))
((48,48) (64,64) (1,1))
((64,48) (80,64) (1,1))
((80,48) (96,64) (1,1))
((96,48) (112,64) (1,1))
((112,48) (128,64) (1,1))
((0,64) (16,80) (1,1))
((16,64) (32,80) (1,1))
((32,64) (48,80) (1,1))
((48,64) (64,80) (1,1))
((64,64) (80,80) (1,1))
((80,64) (96,80) (1,1))
((96,64) (112,80) (1,1))
((112,64) (128,80) (1,1))
((0,80) (16,96) (1,1))
((16,80) (32,96) (1,1))
((32,80) (48,96) (1,1))
((48,80) (64,96) (1,1))
((64,80) (80,96) (1,1))
((80,80) (96,96) (1,1))
((96,80) (112,96) (1,1))
((112,80) (128,96) (1,1))
((0,96) (16,112) (1,1))
((16,96) (32,112) (1,1))
((32,96) (48,112) (1,1))
((48,96) (64,112) (1,1))
((64,96) (80,112) (1,1))
((80,96) (96,112) (1,1))
((96,96) (112,112) (1,1))
((112,96) (128,112) (1,1))
((0,112) (16,128) (1,1))
((16,112) (32,128) (1,1))
((32,112) (48,128) (1,1))
((48,112) (64,128) (1,1))
((64,112) (80,128) (1,1))
((80,112) (96,128) (1,1))
((96,112) (112,128) (1,1))
((112,112) (128,128) (1,1))
)
64
FabOnDisk: SD_1_New_MF_D_00002 0
FabOnDisk: SD_1_New_MF_D_00002 2972
FabOnDisk: SD_1_New_MF_D_00002 5944
FabOnDisk: SD_1_New_MF_D_00002 8916
FabOnDisk: SD_1_New_MF_D_00003 0
FabOnDisk: SD_1_New_MF_D_00003 2972
FabOnDisk: SD_1_New_MF_D_00003 5944
FabOnDisk: SD_1_New_MF_D_00003 8917
FabOnDisk: SD_1_New_MF_D_00002 11888
FabOnDisk: SD_1_New_MF_D_00002 14860
FabOnDisk: SD_1_New_MF_D_00002 17832
FabOnDisk: SD_1_New_MF_D_00002 20804
FabOnDisk: SD_1_New_MF_D_00003 11891
FabOnDisk: SD_1_New_MF_D_00003 14863
FabOnDisk: SD_1_New_MF_D_00003 17835
FabOnDisk: SD_1_New_MF_D_00003 20808
FabOnDisk: SD_1_New_MF_D_00002 23776
FabOnDisk: SD_1_New_MF_D_00002 26748
FabOnDisk: SD_1_New_MF_D_00002 29720
FabOnDisk: SD_1_New_MF_D_00002 32692
FabOnDisk: SD_1_New_MF_D_00003 23782
FabOnDisk: SD_1_New_MF_D_00003 26754
FabOnDisk: SD_1_New_MF_D_00003 29726
FabOnDisk: SD_1_New_MF_D_00003 32699
FabOnDisk: SD_1_New_MF_D_00002 35664
FabOnDisk: SD_1_New_MF_D_00002 38636
FabOnDisk: SD_1_New_MF_D_00002 41608
FabOnDisk: SD_1_New_MF_D_00002 44580
FabOnDisk: SD_1_New_MF_D_00003 35673
FabOnDisk: SD_1_New_MF_D_00003 38645
FabOnDisk: SD_1_New_MF_D_00003 41617
FabOnDisk: SD_1_New_MF_D_00003 44590
FabOnDisk: SD_1_New_MF_D_00000 0
FabOnDisk: SD_1_New_MF_D_00000 2972
FabOnDisk: SD_1_New_MF_D_00000 5944
FabOnDisk: SD_1_New_MF_D_00000 8916
FabOnDisk: SD_1_New_MF_D_00001 0
FabOnDisk: SD_1_New_MF_D_00001 2972
FabOnDisk: SD_1_New_MF_D_00001 5944
FabOnDisk: SD_1_New_MF_D_00001 8917
FabOnDisk: SD_1_New_MF_D_00000 11888
FabOnDisk: SD_1_New_MF_D_00000 14860
FabOnDisk: SD_1_New_MF_D_00000 17832
FabOnDisk: SD_1_New_MF_D_00000 20804
FabOnDisk: SD_1_New_MF_D_00001 11891
FabOnDisk: SD_1_New_MF_D_00001 14863
FabOnDisk: SD_1_New_MF_D_00001 17835
FabOnDisk: SD_1_New_MF_D_00001 20808
FabOnDisk: SD_1_New_MF_D_00000 23776
FabOnDisk: SD_1_New_MF_D_00000 26749
FabOnDisk: SD_1_New_MF_D_00000 29722
FabOnDisk: SD_1_New_MF_D_00000 32695
FabOnDisk: SD_1_New_MF_D_00001 23782
FabOnDisk: SD_1_New_MF_D_00001 26755
FabOnDisk: SD_1_New_MF_D_00001 29728
FabOnDisk: SD_1_New_MF_D_00001 32702
FabOnDisk: SD_1_New_MF_D_00000 35668
FabOnDisk: SD_1_New_MF_D_00000 38642
FabOnDisk: SD_1_New_MF_D_00000 41616
FabOnDisk: SD_1_New_MF_D_00000 44590
FabOnDisk: SD_1_New_MF_D_00001 35677
FabOnDisk: SD_1_New_MF_D_00001 38651
FabOnDisk: SD_1_New_MF_D_00001 41625
FabOnDisk: SD_1_New_MF_D_00001 44600

64,1
6.2448562534438206e-03,
1.5522435258899215e-03,
-7.0660099648737899e-04,
-8.2017627985461229e-04,
-6.9288631931593836e-04,
-3.6783440638814150e-04,
-1.9510474622556290e-04,
-7.8980806339806617e-05,
7.1724485118910648e-03,
-4.9012551445492773e-03,
-5.6919379874111643e-03,
-3.7209199412989460e-03,
-1.0316714067961157e-03,
-3.6783440638814150e-04,
-1.6689039802013380e-04,
-6.1952487453327247e-05,
1.0376624689184807e-02,
-4.8874659731575579e-02,
-4.3766068091704607e-02,
-5.1823699492136539e-03,
-1.0203927618091381e-03,
-2.2429054587727278e-04,
-4.6922763632251646e-05,
-9.2631834428458195e-06,
2.3207018457042445e-02,
-1.0879748698584655e+00,
-2.1060801897727668e-01,
-3.3349935576123687e-03,
3.5064614065408292e-04,
1.6458449522020933e-04,
6.1599452478432006e-05,
-7.4424706800541727e-07,
2.3207018456968539e-02,
-1.0879748698586524e+00,
-2.1060801897705814e-01,
-3.3349935576344430e-03,
3.5064614064543538e-04,
1.6458449521613368e-04,
6.1599452477433428e-05,
-7.4424706800541727e-07,
1.0376624689137297e-02,
-4.8874659731645023e-02,
-4.3766068091756483e-02,
-5.1823699492422742e-03,
-1.0203927618304778e-03,
-2.2429054588795529e-04,
-4.6922763638839136e-05,
-9.2631834478089498e-06,
7.1724485118500022e-03,
-4.9012551445955458e-03,
-5.6919379874515270e-03,
-3.7209199413270003e-03,
-1.0316714068176927e-03,
-3.6783440640468474e-04,
-1.6689039802809041e-04,
-6.1952487460423093e-05,
6.2448562534105790e-03,
1.5522435258527451e-03,
-7.0660099651598783e-04,
-8.2017627988624519e-04,
-6.9288631933990302e-04,
-3.6783440640468474e-04,
-1.9510474623626376e-04,
-7.8980806344404014e-05,

64,1
1.0581845537647941e-02,
7.1724485118910648e-03,
2.5777424183960631e-03,
2.3964940439025022e-04,
-3.5077677323774214e-04,
-1.6689039802013380e-04,
-6.1952487453327247e-05,
9.6614987673462832e-07,
2.2059406195262251e-02,
1.0376624689184807e-02,
1.5522435258899215e-03,
-6.9288631931593836e-04,
-2.2429054587727278e-04,
-4.6922763632251646e-05,
-9.2631834428458195e-06,
6.0519464345597932e-07,
6.1462381393120921e-02,
2.3207018457042445e-02,
-3.3349935576123687e-03,
4.7619689058805032e-04,
4.9932486243915632e-04,
3.5064614065408292e-04,
1.6458449522020933e-04,
6.1599452478432006e-05,
2.8628441631299301e-01,
5.9016674358641208e-01,
1.5887269310387897e-01,
1.4013290441615138e-02,
2.6508754632138696e-03,
7.9213794992337699e-04,
2.8549381055315313e-04,
9.6843770759483290e-05,
2.8628441631299301e-01,
5.9016674358641208e-01,
1.5887269310387897e-01,
1.4013290441615138e-02,
2.6508754632138696e-03,
7.9213794992337699e-04,
2.8549381055315313e-04,
9.6843770759483290e-05,
6.1462381393085082e-02,
2.3207018456968539e-02,
-3.3349935576344430e-03,
4.7619689057467755e-04,
4.9932486242726230e-04,
3.5064614064543538e-04,
1.6458449521613368e-04,
6.1599452477433428e-05,
2.2059406195223761e-02,
1.0376624689137297e-02,
1.5522435258527451e-03,
-6.9288631933990302e-04,
-2.2429054588795529e-04,
-4.6922763638839136e-05,
-9.2631834478089498e-06,
6.0519464244075697e-07,
1.0581845537602590e-02,
7.1724485118500022e-03,
2.5777424183662614e-03,
2.3964940435534216e-04,
-3.5077677325508509e-04,
-1.6689039802809041e-04,
-6.1952487460423093e-05,
9.6614987743787912e-07,

