1
1
4
2
(4 0
((248,224) (255,239) (0,0))
((224,240) (255,255) (0,0))
((0,248) (127,255) (0,0))
((128,248) (223,255) (0,0))
)
4
FabOnDisk: SD_0_Old_MF_D_00000 0
FabOnDisk: SD_0_Old_MF_D_00000 7768
FabOnDisk: SD_0_Old_MF_D_00000 30896
FabOnDisk: SD_0_Old_MF_D_00000 81671

4,4
-1.7211464542981714e-01,-6.2935763890737861e-01,9.9999990551833795e-01,0.0000000000000000e+00,
-7.9994643180497621e-02,-6.4288533153454441e-01,9.9654771932890696e-01,0.0000000000000000e+00,
-8.0801504171541361e-02,3.8554139177483073e-05,9.9999999999825395e-01,0.0000000000000000e+00,
3.7397124619181665e-01,-1.4872804033524653e-06,9.9999602278336286e-01,0.0000000000000000e+00,

4,4
4.0491886834272660e-04,-2.6866487605605605e-02,1.0000000001336538e+00,0.0000000000000000e+00,
9.5914107436988760e-01,2.8699162107643578e-02,1.0034299898020571e+00,0.0000000000000000e+00,
9.5208396464281941e-01,2.4046055939190628e-01,1.0000000000041696e+00,0.0000000000000000e+00,
9.5918040970768381e-01,6.3752815095193113e-03,1.0000409593789008e+00,0.0000000000000000e+00,

