1
1
4
4
(6 0
((32,112) (47,127) (0,0))
((48,112) (63,127) (0,0))
((64,112) (71,127) (0,0))
((32,128) (47,143) (0,0))
((48,128) (63,143) (0,0))
((64,128) (71,143) (0,0))
)
6
FabOnDisk: SD_0_Old_MF_D_00000 0
FabOnDisk: SD_0_Old_MF_D_00000 18518
FabOnDisk: SD_0_Old_MF_D_00000 37036
FabOnDisk: SD_0_Old_MF_D_00000 49410
FabOnDisk: SD_0_Old_MF_D_00000 67928
FabOnDisk: SD_0_Old_MF_D_00000 86446

6,4
0.0000000000000000e+00,-7.0254950642685554e-01,9.9999999999914757e-01,-2.4032142117565328e-15,
-1.1314821820495347e+00,-5.3184134272960382e-01,9.9999999999975298e-01,-2.9976282220754087e-15,
-1.2104765996350171e+00,-1.2797901552345645e-01,9.9999999999980294e-01,-3.4500757970578733e-16,
0.0000000000000000e+00,0.0000000000000000e+00,9.9999999999929645e-01,-7.8152432232946426e-15,
-1.1312577521993115e+00,-7.6628572935575632e-03,9.9999999999820133e-01,-2.0873701964201265e-15,
-1.2104327132616850e+00,-3.1062254775780240e-01,9.9999999999988143e-01,-3.3673006664147419e-16,

6,4
1.2701912155048707e+00,0.0000000000000000e+00,1.0000000000000000e+40,6.6719957347276425e-16,
1.5697736949484153e+00,7.6649887447061251e-03,1.0000000000000000e+40,1.1438118405323306e-15,
1.5854893849502452e+00,3.1054855098821671e-01,1.0000000000002605e+00,2.3715990780365152e-17,
1.2701504376248962e+00,7.0254784877994902e-01,1.0000000000000000e+40,2.1888158667976577e-15,
1.5698074192857510e+00,5.3188231550956311e-01,1.0000000000000000e+40,7.9036964098376730e-15,
1.5855268533712554e+00,1.2811809566733054e-01,1.0000000000002831e+00,3.6075868053853051e-17,

