1
1
1
1
(6 0
((32,112) (48,128) (1,1))
((48,112) (64,128) (1,1))
((64,112) (72,128) (1,1))
((32,128) (48,144) (1,1))
((48,128) (64,144) (1,1))
((64,128) (72,144) (1,1))
)
6
FabOnDisk: SD_1_New_MF_D_00000 0
FabOnDisk: SD_1_New_MF_D_00000 2974
FabOnDisk: SD_1_New_MF_D_00000 5948
FabOnDisk: SD_1_New_MF_D_00000 7706
FabOnDisk: SD_1_New_MF_D_00000 10680
FabOnDisk: SD_1_New_MF_D_00000 13654

6,1
-4.0771311311817254e-01,
-1.0102584462495685e+00,
-1.0601165816262044e+00,
-4.0696201659137682e-01,
-1.0104415118883177e+00,
-1.0605341308952372e+00,

6,1
6.4300901627705420e-01,
0.0000000000000000e+00,
-4.2267424372850759e-01,
6.4300901627705420e-01,
0.0000000000000000e+00,
-4.2265486670220392e-01,

