1
1
2
1
(4 0
((0,0) (31,31) (0,0))
((32,0) (63,31) (0,0))
((0,32) (31,63) (0,0))
((32,32) (63,63) (0,0))
)
4
FabOnDisk: SD_2_New_MF_D_00000 0
FabOnDisk: SD_2_New_MF_D_00001 0
FabOnDisk: SD_2_New_MF_D_00002 0
FabOnDisk: SD_2_New_MF_D_00003 0

4,2
-1.5814053106609563e-03,-1.1359461995351816e-02,
-3.1455292494176005e-03,-1.1096273212197040e-02,
-1.1313244809647138e-01,-2.4124817653669774e+00,
-7.4781802783372686e-01,-1.2941839678033613e+00,

4,2
1.0053829747015863e-02,6.3586835153193848e-04,
2.0337023382081508e-02,1.5361213630062487e-02,
7.1817913702061364e+00,6.4969139865124581e-01,
2.2264535741838152e+01,1.5101008287747796e+01,

