1
1
4
4
(145 0
((0,168) (15,183) (0,0))
((16,168) (31,183) (0,0))
((32,168) (39,183) (0,0))
((0,184) (15,199) (0,0))
((16,184) (31,199) (0,0))
((32,184) (39,199) (0,0))
((192,168) (207,183) (0,0))
((208,168) (215,183) (0,0))
((40,184) (47,199) (0,0))
((144,184) (151,191) (0,0))
((176,184) (191,199) (0,0))
((192,184) (207,199) (0,0))
((176,200) (191,207) (0,0))
((192,200) (207,207) (0,0))
((72,192) (79,207) (0,0))
((120,184) (135,199) (0,0))
((48,200) (63,215) (0,0))
((96,192) (111,207) (0,0))
((96,208) (111,215) (0,0))
((112,200) (119,207) (0,0))
((152,200) (167,207) (0,0))
((88,208) (95,215) (0,0))
((112,208) (127,215) (0,0))
((24,200) (39,215) (0,0))
((24,216) (39,231) (0,0))
((40,216) (47,231) (0,0))
((56,216) (71,231) (0,0))
((72,216) (87,231) (0,0))
((88,216) (103,231) (0,0))
((104,216) (111,231) (0,0))
((56,232) (71,247) (0,0))
((72,232) (87,247) (0,0))
((88,232) (103,247) (0,0))
((104,232) (111,247) (0,0))
((56,248) (71,255) (0,0))
((72,248) (87,255) (0,0))
((88,248) (103,255) (0,0))
((104,248) (111,255) (0,0))
((112,216) (119,231) (0,0))
((120,216) (127,223) (0,0))
((144,208) (159,223) (0,0))
((160,208) (175,223) (0,0))
((176,208) (191,223) (0,0))
((192,208) (207,223) (0,0))
((208,208) (215,223) (0,0))
((144,224) (159,231) (0,0))
((160,224) (175,231) (0,0))
((176,224) (191,231) (0,0))
((192,224) (207,231) (0,0))
((208,224) (215,231) (0,0))
((128,224) (143,231) (0,0))
((16,232) (31,247) (0,0))
((32,232) (39,247) (0,0))
((16,248) (31,255) (0,0))
((32,248) (39,255) (0,0))
((112,232) (127,247) (0,0))
((128,232) (135,247) (0,0))
((136,232) (143,239) (0,0))
((152,232) (159,239) (0,0))
((160,232) (175,247) (0,0))
((176,232) (191,247) (0,0))
((192,232) (207,247) (0,0))
((208,232) (223,247) (0,0))
((224,232) (231,247) (0,0))
((160,248) (175,255) (0,0))
((176,248) (191,255) (0,0))
((192,248) (207,255) (0,0))
((208,248) (223,255) (0,0))
((224,248) (231,255) (0,0))
((40,248) (55,255) (0,0))
((40,256) (55,271) (0,0))
((56,256) (71,271) (0,0))
((72,256) (87,271) (0,0))
((88,256) (103,271) (0,0))
((104,256) (111,271) (0,0))
((40,272) (55,279) (0,0))
((56,272) (71,279) (0,0))
((72,272) (87,279) (0,0))
((88,272) (103,279) (0,0))
((104,272) (111,279) (0,0))
((120,256) (127,263) (0,0))
((144,240) (159,255) (0,0))
((144,256) (159,271) (0,0))
((160,256) (175,271) (0,0))
((176,256) (191,271) (0,0))
((192,256) (207,271) (0,0))
((208,256) (215,271) (0,0))
((160,272) (175,287) (0,0))
((176,272) (191,287) (0,0))
((192,272) (207,287) (0,0))
((208,272) (215,287) (0,0))
((160,288) (175,303) (0,0))
((176,288) (191,303) (0,0))
((192,288) (207,303) (0,0))
((208,288) (215,303) (0,0))
((160,304) (175,311) (0,0))
((176,304) (191,311) (0,0))
((192,304) (207,311) (0,0))
((208,304) (215,311) (0,0))
((8,264) (23,279) (0,0))
((24,264) (39,279) (0,0))
((8,280) (23,295) (0,0))
((24,280) (39,295) (0,0))
((8,296) (23,311) (0,0))
((24,296) (39,311) (0,0))
((128,264) (135,271) (0,0))
((112,272) (127,287) (0,0))
((128,272) (143,287) (0,0))
((64,280) (79,295) (0,0))
((80,280) (95,295) (0,0))
((64,296) (79,311) (0,0))
((80,296) (95,311) (0,0))
((104,280) (111,295) (0,0))
((104,296) (111,311) (0,0))
((128,288) (143,303) (0,0))
((144,288) (151,303) (0,0))
((128,304) (143,311) (0,0))
((144,304) (151,311) (0,0))
((40,296) (55,311) (0,0))
((56,296) (63,311) (0,0))
((112,304) (127,311) (0,0))
((24,312) (39,327) (0,0))
((40,312) (47,327) (0,0))
((56,312) (71,327) (0,0))
((72,312) (87,327) (0,0))
((56,328) (71,335) (0,0))
((72,328) (87,335) (0,0))
((104,312) (119,319) (0,0))
((120,312) (127,319) (0,0))
((136,312) (151,327) (0,0))
((152,312) (159,327) (0,0))
((136,328) (151,335) (0,0))
((152,328) (159,335) (0,0))
((184,320) (199,335) (0,0))
((200,320) (215,335) (0,0))
((216,320) (223,335) (0,0))
((184,336) (199,343) (0,0))
((200,336) (215,343) (0,0))
((216,336) (223,343) (0,0))
((0,328) (15,343) (0,0))
((16,328) (31,343) (0,0))
((32,328) (39,343) (0,0))
((0,344) (15,359) (0,0))
((16,344) (31,359) (0,0))
((32,344) (39,359) (0,0))
)
145
FabOnDisk: SD_0_Old_MF_D_00000 0
FabOnDisk: SD_0_Old_MF_D_00000 18518
FabOnDisk: SD_0_Old_MF_D_00000 37036
FabOnDisk: SD_0_Old_MF_D_00000 49410
FabOnDisk: SD_0_Old_MF_D_00000 67928
FabOnDisk: SD_0_Old_MF_D_00000 86446
FabOnDisk: SD_0_Old_MF_D_00000 98820
FabOnDisk: SD_0_Old_MF_D_00000 117340
FabOnDisk: SD_0_Old_MF_D_00000 129716
FabOnDisk: SD_0_Old_MF_D_00000 142090
FabOnDisk: SD_0_Old_MF_D_00000 150370
FabOnDisk: SD_0_Old_MF_D_00000 168890
FabOnDisk: SD_0_Old_MF_D_00000 187410
FabOnDisk: SD_0_Old_MF_D_00000 199786
FabOnDisk: SD_0_Old_MF_D_00000 212162
FabOnDisk: SD_0_Old_MF_D_00000 224536
FabOnDisk: SD_0_Old_MF_D_00000 243056
FabOnDisk: SD_0_Old_MF_D_00000 261574
FabOnDisk: SD_0_Old_MF_D_00000 280093
FabOnDisk: SD_0_Old_MF_D_00000 292468
FabOnDisk: SD_0_Old_MF_D_00000 300748
FabOnDisk: SD_0_Old_MF_D_00000 313124
FabOnDisk: SD_0_Old_MF_D_00000 321402
FabOnDisk: SD_0_Old_MF_D_00000 333778
FabOnDisk: SD_0_Old_MF_D_00000 352296
FabOnDisk: SD_0_Old_MF_D_00000 370814
FabOnDisk: SD_0_Old_MF_D_00000 383188
FabOnDisk: SD_0_Old_MF_D_00000 401706
FabOnDisk: SD_0_Old_MF_D_00000 420224
FabOnDisk: SD_0_Old_MF_D_00000 438743
FabOnDisk: SD_0_Old_MF_D_00000 451119
FabOnDisk: SD_0_Old_MF_D_00000 469637
FabOnDisk: SD_0_Old_MF_D_00000 488155
FabOnDisk: SD_0_Old_MF_D_00000 506674
FabOnDisk: SD_0_Old_MF_D_00000 519050
FabOnDisk: SD_0_Old_MF_D_00000 531424
FabOnDisk: SD_0_Old_MF_D_00000 543798
FabOnDisk: SD_0_Old_MF_D_00000 556173
FabOnDisk: SD_0_Old_MF_D_00000 564453
FabOnDisk: SD_0_Old_MF_D_00000 576829
FabOnDisk: SD_0_Old_MF_D_00000 585109
FabOnDisk: SD_0_Old_MF_D_00000 603629
FabOnDisk: SD_0_Old_MF_D_00000 622149
FabOnDisk: SD_0_Old_MF_D_00000 640669
FabOnDisk: SD_0_Old_MF_D_00000 659189
FabOnDisk: SD_0_Old_MF_D_00000 671565
FabOnDisk: SD_0_Old_MF_D_00000 683941
FabOnDisk: SD_0_Old_MF_D_00000 696317
FabOnDisk: SD_0_Old_MF_D_00000 708693
FabOnDisk: SD_0_Old_MF_D_00000 721069
FabOnDisk: SD_0_Old_MF_D_00000 729349
FabOnDisk: SD_0_Old_MF_D_00000 741725
FabOnDisk: SD_0_Old_MF_D_00000 760243
FabOnDisk: SD_0_Old_MF_D_00000 772617
FabOnDisk: SD_0_Old_MF_D_00000 784991
FabOnDisk: SD_0_Old_MF_D_00000 793269
FabOnDisk: SD_0_Old_MF_D_00000 811789
FabOnDisk: SD_0_Old_MF_D_00000 824165
FabOnDisk: SD_0_Old_MF_D_00000 832445
FabOnDisk: SD_0_Old_MF_D_00000 840725
FabOnDisk: SD_0_Old_MF_D_00000 859245
FabOnDisk: SD_0_Old_MF_D_00000 877765
FabOnDisk: SD_0_Old_MF_D_00000 896285
FabOnDisk: SD_0_Old_MF_D_00000 914805
FabOnDisk: SD_0_Old_MF_D_00000 927181
FabOnDisk: SD_0_Old_MF_D_00000 939557
FabOnDisk: SD_0_Old_MF_D_00000 951933
FabOnDisk: SD_0_Old_MF_D_00000 964309
FabOnDisk: SD_0_Old_MF_D_00000 976685
FabOnDisk: SD_0_Old_MF_D_00000 984965
FabOnDisk: SD_0_Old_MF_D_00000 997339
FabOnDisk: SD_0_Old_MF_D_00000 1015857
FabOnDisk: SD_0_Old_MF_D_00000 1034375
FabOnDisk: SD_0_Old_MF_D_00000 1052893
FabOnDisk: SD_0_Old_MF_D_00000 1071412
FabOnDisk: SD_0_Old_MF_D_00000 1083788
FabOnDisk: SD_0_Old_MF_D_00000 1096162
FabOnDisk: SD_0_Old_MF_D_00000 1108536
FabOnDisk: SD_0_Old_MF_D_00000 1120910
FabOnDisk: SD_0_Old_MF_D_00000 1133285
FabOnDisk: SD_0_Old_MF_D_00000 1141565
FabOnDisk: SD_0_Old_MF_D_00000 1149845
FabOnDisk: SD_0_Old_MF_D_00000 1168365
FabOnDisk: SD_0_Old_MF_D_00000 1186885
FabOnDisk: SD_0_Old_MF_D_00000 1205405
FabOnDisk: SD_0_Old_MF_D_00000 1223925
FabOnDisk: SD_0_Old_MF_D_00000 1242445
FabOnDisk: SD_0_Old_MF_D_00000 1254821
FabOnDisk: SD_0_Old_MF_D_00000 1273341
FabOnDisk: SD_0_Old_MF_D_00000 1291861
FabOnDisk: SD_0_Old_MF_D_00000 1310381
FabOnDisk: SD_0_Old_MF_D_00000 1322757
FabOnDisk: SD_0_Old_MF_D_00000 1341277
FabOnDisk: SD_0_Old_MF_D_00000 1359797
FabOnDisk: SD_0_Old_MF_D_00000 1378317
FabOnDisk: SD_0_Old_MF_D_00000 1390693
FabOnDisk: SD_0_Old_MF_D_00000 1403069
FabOnDisk: SD_0_Old_MF_D_00000 1415445
FabOnDisk: SD_0_Old_MF_D_00000 1427821
FabOnDisk: SD_0_Old_MF_D_00000 1436101
FabOnDisk: SD_0_Old_MF_D_00000 1454618
FabOnDisk: SD_0_Old_MF_D_00000 1473136
FabOnDisk: SD_0_Old_MF_D_00000 1491653
FabOnDisk: SD_0_Old_MF_D_00000 1510171
FabOnDisk: SD_0_Old_MF_D_00000 1528688
FabOnDisk: SD_0_Old_MF_D_00000 1547206
FabOnDisk: SD_0_Old_MF_D_00000 1555486
FabOnDisk: SD_0_Old_MF_D_00000 1574006
FabOnDisk: SD_0_Old_MF_D_00000 1592526
FabOnDisk: SD_0_Old_MF_D_00000 1611044
FabOnDisk: SD_0_Old_MF_D_00000 1629562
FabOnDisk: SD_0_Old_MF_D_00000 1648080
FabOnDisk: SD_0_Old_MF_D_00000 1666598
FabOnDisk: SD_0_Old_MF_D_00000 1678974
FabOnDisk: SD_0_Old_MF_D_00000 1691350
FabOnDisk: SD_0_Old_MF_D_00000 1709870
FabOnDisk: SD_0_Old_MF_D_00000 1722246
FabOnDisk: SD_0_Old_MF_D_00000 1734622
FabOnDisk: SD_0_Old_MF_D_00000 1742902
FabOnDisk: SD_0_Old_MF_D_00000 1761420
FabOnDisk: SD_0_Old_MF_D_00000 1773794
FabOnDisk: SD_0_Old_MF_D_00000 1786170
FabOnDisk: SD_0_Old_MF_D_00000 1804688
FabOnDisk: SD_0_Old_MF_D_00000 1817062
FabOnDisk: SD_0_Old_MF_D_00000 1835580
FabOnDisk: SD_0_Old_MF_D_00000 1854098
FabOnDisk: SD_0_Old_MF_D_00000 1866472
FabOnDisk: SD_0_Old_MF_D_00000 1878846
FabOnDisk: SD_0_Old_MF_D_00000 1891222
FabOnDisk: SD_0_Old_MF_D_00000 1899502
FabOnDisk: SD_0_Old_MF_D_00000 1918022
FabOnDisk: SD_0_Old_MF_D_00000 1930398
FabOnDisk: SD_0_Old_MF_D_00000 1942774
FabOnDisk: SD_0_Old_MF_D_00000 1951054
FabOnDisk: SD_0_Old_MF_D_00000 1969574
FabOnDisk: SD_0_Old_MF_D_00000 1988094
FabOnDisk: SD_0_Old_MF_D_00000 2000470
FabOnDisk: SD_0_Old_MF_D_00000 2012846
FabOnDisk: SD_0_Old_MF_D_00000 2025222
FabOnDisk: SD_0_Old_MF_D_00000 2033502
FabOnDisk: SD_0_Old_MF_D_00000 2052020
FabOnDisk: SD_0_Old_MF_D_00000 2070538
FabOnDisk: SD_0_Old_MF_D_00000 2082912
FabOnDisk: SD_0_Old_MF_D_00000 2101430
FabOnDisk: SD_0_Old_MF_D_00000 2119948

145,4
6.0779711021165939e-01,-1.8042584967348283e+00,9.9999994439124906e-01,5.2843176570018105e-15,
-5.9542266973806296e-02,-8.9581896481833811e-01,9.9993405797957591e-01,1.7462639500194613e-13,
8.8377752068841209e-01,-5.4888322502745102e-01,9.9999984422018573e-01,3.4429324477972606e-13,
5.1555982683813806e-01,-1.1763929301303218e+00,9.9999999954139318e-01,5.2476621244353706e-15,
-1.6267128475497186e-02,-7.8950685983354107e-01,9.9939563773561857e-01,1.7331566253820052e-13,
3.7510802398033682e-01,-6.2615501579158750e-01,9.9999937952322393e-01,3.4165454396766842e-13,
4.4247261845543945e-01,-3.8542278292093718e-01,9.9985111898062373e-01,1.9728663897190750e-12,
3.9732599381747524e-01,-4.1803017086584077e-01,9.9996253321838691e-01,2.1145522329103530e-12,
8.3474179557545158e-01,-6.4719275525556075e-01,9.9998236352328917e-01,4.2601381036973754e-13,
5.7261423982203530e-01,-2.0817736208046617e-01,9.9994749091659485e-01,1.5221382902602355e-12,
3.1845515905039101e-01,-3.5110803046903799e-01,9.9991587607475108e-01,1.8285104655920404e-12,
1.7766811835478538e-03,-5.3883624874397396e-01,9.9986099969878983e-01,1.9746336146533257e-12,
8.9953291367042942e-01,-1.9294154426020307e-01,9.9994928125670712e-01,1.8313135639759691e-12,
1.0798929655258120e+00,-5.9940470108013355e-01,9.9999877301517637e-01,1.9767006557752210e-12,
4.2989486293110168e-01,-3.4619225995028075e-01,9.9998208562930335e-01,7.6372635011372464e-13,
4.0165779150592684e-01,-4.4270095479425026e-01,9.9999998588967287e-01,1.2797531622694073e-12,
4.1712268120671275e-01,-6.6319979930118889e-01,9.9997334165647223e-01,5.0479971468943628e-13,
2.7111123618004984e-01,-7.9877667911151573e-01,9.9994892087856713e-01,1.0276477938726926e-12,
6.0727859195697309e-01,-6.1355918466329085e-01,9.9998766548068174e-01,1.0279369574112552e-12,
5.4033537658655395e-01,-4.4916966922536028e-01,9.9992381304362199e-01,1.2001046844818227e-12,
-4.9697014479432294e-03,-1.3027009409743975e-01,9.9992581393779889e-01,1.6046797319310734e-12,
7.8707144118677752e-01,-3.6243645133630920e-01,9.9996606766332574e-01,9.3682855087873049e-13,
4.3094827209960829e-01,-5.4898846067586959e-01,9.9986473656265840e-01,1.2031475336514759e-12,
1.9763831291819095e-01,-6.9100194811733651e-01,9.9973972355384022e-01,2.5490661854435150e-13,
-5.1718348306542018e-02,-6.0870803716343791e-01,9.9996907002216373e-01,2.5213956151793393e-13,
8.3239382256623606e-01,-4.2436722932575255e-01,9.9990187804903075e-01,4.1580263234599266e-13,
7.9328473848111591e-01,-8.2413052505828754e-01,9.9995355361278060e-01,5.7794462855493521e-13,
6.5242909467081411e-01,-7.0469181373353695e-01,9.9998403984805140e-01,7.4121666196029700e-13,
4.9407522552005834e-01,-4.9350756286295022e-01,9.9985233300147569e-01,9.2377584566761666e-13,
8.3543452589019140e-01,-6.4163157731952281e-01,9.9999641718385257e-01,1.1192702206514009e-12,
4.0208791281970852e-01,-5.8331325733927153e-01,9.9993212593515435e-01,5.6729767274943198e-13,
-6.7969049803666276e-02,-1.0954749998745401e+00,9.9996296902857340e-01,0.0000000000000000e+00,
0.0000000000000000e+00,-5.6024873526903340e-01,9.9997994338143392e-01,0.0000000000000000e+00,
-5.8035490893412089e-02,-3.7200111184463069e-01,9.9999148914647173e-01,0.0000000000000000e+00,
-1.8585870102878049e-01,-3.6962107453115661e-01,9.9984863587373307e-01,5.6540202189995138e-13,
-6.1765137681057777e-02,-9.7865837048171667e-01,9.9986850369719849e-01,0.0000000000000000e+00,
0.0000000000000000e+00,0.0000000000000000e+00,1.0000000000000000e+40,0.0000000000000000e+00,
-7.3169905811336283e-02,-4.2431324190331333e-02,9.9999906464411670e-01,0.0000000000000000e+00,
2.7206122116859965e-01,-4.7317601802282189e-01,9.9971940228555467e-01,1.2078375175453676e-12,
2.6624021167248579e-01,-5.1807949954226185e-01,9.9991568721811996e-01,1.2930782471800534e-12,
1.8355365202807530e-01,2.9361752175226009e-02,9.9996463634463795e-01,1.5297706058502898e-12,
2.2427053844775233e-01,-5.2359237457420382e-01,9.9957953577645375e-01,1.6836057576827585e-12,
5.2575686150915672e-02,-6.8011002426791023e-01,9.9996440663518760e-01,1.8328785143486825e-12,
5.6134806353809505e-02,-9.5002796134449630e-01,9.9999332356185122e-01,1.9778228222657591e-12,
3.5751178338333678e-01,-8.2542935064361356e-01,9.9999609041229753e-01,2.1183636491640899e-12,
5.1376734105188382e-01,-1.0632859229981152e-01,9.9980852952931598e-01,1.5374871666874172e-12,
1.0139728771395204e+00,-4.8950629439176552e-01,9.9995902324386576e-01,1.6884639430453438e-12,
4.0577878464556466e-01,-6.7728415391864449e-01,9.9999852802803091e-01,1.8360539576959514e-12,
1.4443803464177762e+00,-9.3762309068752447e-01,9.9999999934872696e-01,1.9800792418043055e-12,
7.6965342338071796e-01,-7.7092656392518100e-01,9.9999975403854735e-01,2.1201233502478920e-12,
3.4898508884280555e-01,-2.2742171557820040e-01,9.9994674147839646e-01,1.3818765720844652e-12,
8.2950605197177352e-01,-3.6911985613620402e-01,9.9999065960047173e-01,1.6871538066407420e-13,
6.3524391680385470e-02,-7.0154351051954977e-01,9.9994628610219205e-01,3.3129722490918888e-13,
3.6025844211860597e-01,-2.3276709322955805e-01,9.9999930998126041e-01,1.6858523802409583e-13,
8.2128987695177325e-01,-6.0963837049409275e-01,9.9998463814398186e-01,3.3092230283564232e-13,
7.0361952168718350e-02,-3.3101595872317868e-01,9.9993920622576760e-01,1.2284545513057107e-12,
-2.0067814723408289e-01,-2.6115679464506392e-01,9.9998017735401812e-01,1.3901563616382401e-12,
5.0757408735272791e-02,-1.5000322036362105e-04,9.9999517293020312e-01,1.4664479200322462e-12,
6.1138805330835988e-01,-5.2312583342887764e-01,9.9995426253302000e-01,1.6166084154875936e-12,
1.2035590126352105e+00,-6.2117725216727748e-01,9.9995143237688444e-01,1.6908641139579108e-12,
6.9305046092484479e-01,-7.5387329210954868e-01,9.9997721162623554e-01,1.8375526223166017e-12,
-5.9209688773497215e-01,-7.0371475760385938e-01,9.9991191345737673e-01,1.9811528507322777e-12,
7.4097596662280096e-01,-9.1895981744663735e-01,9.9963289293633584e-01,2.1210212241455116e-12,
2.1588469410414238e-01,-7.7345239473804217e-01,9.9999999999440548e-01,2.2565391369557817e-12,
1.2425373074417851e+00,-4.5321107582525105e-01,9.9996392691978231e-01,1.6945218893491831e-12,
1.0473271696129869e+00,-7.1862280264480793e-01,9.9993994146459708e-01,1.8399092438488503e-12,
5.9555223007982283e-01,-5.4434620765950170e-01,9.9991352035529546e-01,1.9829783088519541e-12,
2.6624713667079053e-01,-5.2117641425635575e-01,9.9999999374452864e-01,2.1226209564784546e-12,
-3.5056094439999762e-02,-1.1574550835705811e-02,1.0000000000000089e+00,2.2580328987776830e-12,
-1.7726511262309927e-01,-5.0033212259202287e-01,9.9985070285038169e-01,4.1089805520427340e-13,
2.0134088713449477e-01,-4.1570590349357456e-01,9.9977923781693046e-01,4.1090069660291861e-13,
1.0140346357851565e-01,-2.3086010459912684e-01,9.9997983738388074e-01,5.6542243952862917e-13,
-5.5767602031229879e-02,-3.0387648748301521e-02,9.9994863077894414e-01,0.0000000000000000e+00,
-6.8510708973607587e-02,-5.3690415843308403e-01,9.9999914902383524e-01,0.0000000000000000e+00,
-1.6017100891275748e-01,-1.1092788642002702e+00,9.9999917854915077e-01,0.0000000000000000e+00,
4.9694684073787776e-01,-7.4113023786136711e-02,9.9992199464865827e-01,4.1375684870695721e-13,
6.1974343784735886e-01,-3.4395366396637300e-01,9.9995756018842363e-01,5.7276513585898768e-13,
9.0665305170289900e-01,-3.9996476141066778e-01,9.9997655218245307e-01,7.2728656036215156e-13,
1.4383258369867833e+00,-4.1946197905398680e-01,9.9998400660273468e-01,9.0406110579382243e-13,
8.0843760542484988e-01,-4.5175048096652237e-01,9.9999277277260579e-01,1.1369565256900838e-12,
-2.2576019096665778e-01,-2.7158694595084282e-01,9.9999551888413951e-01,1.3427680339777079e-12,
4.7271555189425002e-01,-5.7518866733369411e-01,9.9996235445095427e-01,1.5458286206959865e-12,
2.2177491899408749e-02,-8.3707241328743387e-01,9.9996118074515261e-01,1.5472907610660232e-12,
5.0908144476813677e-01,-8.8277515589864475e-01,9.9997389289527117e-01,1.6946481096899000e-12,
3.8543098021916511e-01,-4.3702213524126643e-01,9.9993764705586352e-01,1.8405749555498638e-12,
-5.0843365283132613e-01,-5.6932697192521031e-01,9.9995340865556992e-01,1.9836043904427268e-12,
2.9580722069600124e-01,-5.6530414464421780e-02,9.9999999857190136e-01,2.1232278307419368e-12,
3.2899802404209133e-01,-9.7621877308234928e-01,9.9997788342784810e-01,1.6918006791439607e-12,
5.2674684980232767e-01,-7.2891064679573703e-01,9.9999287647139079e-01,1.8397532292110222e-12,
-1.2749772331435005e-01,-5.8157414084620429e-01,9.9999995303932998e-01,1.9841452019572905e-12,
1.0366878346842647e+00,1.8833344502327306e-03,9.9999999999955302e-01,2.1240291989313179e-12,
3.4480556975235460e-01,-1.1091736716716754e+00,9.9995529044241183e-01,1.6886712417537583e-12,
7.6486501569386733e-01,-4.1912078342726666e-01,9.9998756551658430e-01,1.8383934578671970e-12,
-7.4208718158061016e-01,-1.0377483478354141e+00,9.9999858276576803e-01,1.9838077489471208e-12,
7.2041682039401889e-01,-1.4191902537941001e-01,1.0000000000001463e+00,2.1244713918707934e-12,
2.1497843768684455e-01,-6.5427181996214645e-01,9.9990853392750212e-01,1.6873019846728094e-12,
4.5582950798373723e-01,-4.9389748926612326e-01,9.9997559816462167e-01,1.8377388634133196e-12,
4.8144960403415993e-01,-9.7184655071183623e-01,9.9999999999778677e-01,1.9836287409070687e-12,
1.1215288687599585e+00,-3.6130407996536418e-01,1.0000000000000471e+00,2.1247783529683158e-12,
1.0881395631802895e+00,-6.4604847320268788e-01,9.9997134004323751e-01,8.6985402146682625e-14,
1.6401044040775503e-01,-2.2431304986506820e-01,9.9988924728980422e-01,2.5041057452580692e-13,
-5.0127614467825434e-03,-8.5914995952732798e-01,9.9999206856812950e-01,8.7606876058231301e-14,
9.7212906536567489e-01,-1.3787040569049203e-01,9.9998015830368325e-01,2.5248416685232467e-13,
-1.7191817342896096e-01,-4.2713021871593171e-01,9.9985909076505775e-01,8.8589671590442881e-14,
-1.0147361789977954e-01,-7.4963829464435339e-01,9.9993296142872801e-01,2.5549803712486213e-13,
7.8279066104821104e-01,-6.6331505210075703e-01,9.9998697347367171e-01,1.4007705533277056e-12,
2.3775481664894271e-01,-1.0128239719013064e+00,9.9983675731218813e-01,1.2179989821649164e-12,
2.9682011263608399e-01,-1.0927038190555169e+00,9.9994841428583314e-01,1.3846138080524848e-12,
6.7340205949411414e-01,-8.5655456028090649e-01,9.9986948492662742e-01,6.6017758513157485e-13,
8.3820145681447733e-01,-3.2338488270411270e-01,9.9997098100073845e-01,8.2961518181068436e-13,
1.0325440009515678e+00,-4.3003118086106756e-01,9.9994519660643233e-01,6.7502291794546614e-13,
5.2495959022102645e-01,-7.6456740654235533e-01,9.9981409237683860e-01,8.4926503265370958e-13,
7.9906749152274203e-01,-3.7446055964460551e-01,9.9993401374719881e-01,1.1222240032180550e-12,
9.9082069717088728e-01,-4.1839123899113084e-01,9.9997068334726869e-01,1.1185977752054290e-12,
5.6384740883736684e-01,-9.0295446840487992e-01,9.9996153781242170e-01,1.3745009451242687e-12,
4.0507540762794302e-02,-7.9710422127856528e-01,9.9997492833030777e-01,1.5343808066618352e-12,
4.4329617295139451e-01,-7.8169608634571630e-01,9.9999911610382219e-01,1.3714908922097458e-12,
3.7880936507300905e-01,-6.0466683564569434e-01,9.9996050781684243e-01,1.5321021400504411e-12,
-4.2358359435862428e-02,-6.9326846592909108e-02,9.9995543215833349e-01,4.2254569092645557e-13,
4.5029460944077554e-01,-1.5525621414083507e-01,9.9996402144256935e-01,5.9023782871129362e-13,
4.9056212409155020e-01,-4.0712265608685172e-01,9.9996251667777192e-01,1.2044618833047641e-12,
-1.0760910996630738e-01,-5.1380411478631860e-01,9.9980510894511032e-01,2.5842885110137340e-13,
9.6643272660168866e-01,-1.2271396080620412e-02,9.9990276250237964e-01,4.2766624687287812e-13,
7.4900428068617175e-01,-3.7177301506167537e-01,9.9990775851667335e-01,5.9781332335660281e-13,
7.7503742641351170e-01,-3.6508062605785330e-01,9.9997044858517026e-01,7.6988468038230139e-13,
3.2168825660495626e-01,-3.9234930993156686e-01,9.9998664959728234e-01,6.0259322620552760e-13,
8.9768502585393983e-01,-2.6861800089958215e-01,9.9999999979798992e-01,7.7448232731718117e-13,
2.0600818525898779e-01,-4.6738450192962316e-01,9.9999619402289797e-01,1.1179561328050509e-12,
8.7269557322337177e-01,-1.4175764244053335e-01,9.9999994839110762e-01,1.2868694330815471e-12,
-2.2434449761827338e-01,-8.6108942639936303e-01,9.9991182090519770e-01,1.4491135735682101e-12,
4.4602039740913835e-01,-8.9357882890831208e-01,9.9996032172328919e-01,1.6077251238602534e-12,
6.0317111040712013e-01,-3.9485260663742855e-01,9.9999999992090427e-01,1.4481552729739167e-12,
8.6713494259771506e-01,-5.5237291548106937e-01,9.9999999999368705e-01,1.6068946979810415e-12,
3.6370414552156177e-01,-9.4860419961622344e-01,9.9996609621433452e-01,1.9103638488034248e-12,
-1.1586698938524435e-01,-9.4098353643079991e-01,9.9999990502690861e-01,2.0548645168458896e-12,
8.1214913481571294e-01,-3.6837460340128153e-01,9.9999994853373453e-01,2.1940532852703591e-12,
7.8968576997033235e-01,-7.1257607257366229e-01,9.9999999999671130e-01,1.9102179154816459e-12,
3.1362313180799983e-01,-8.2301358047812734e-01,9.9999999999842781e-01,2.0549759300348891e-12,
6.8675302239763114e-01,-5.5220922445759746e-01,9.9999999999939171e-01,2.1946544800429513e-12,
8.5999112866410976e-01,1.1981123326703279e-02,9.9999999953884111e-01,5.3153466041027414e-15,
7.8396425203768716e-02,-3.4851419121837118e-01,9.9997382910292976e-01,1.7555245388872741e-13,
7.4744588676556900e-01,-5.6221568988385218e-01,9.9999508901856105e-01,3.4600118838366216e-13,
6.5524602662839260e-01,-6.8987561854775378e-02,9.9999999998063283e-01,5.3454330762397462e-15,
1.5931523613454956e-01,-1.6894624388138449e-01,9.9999538059128645e-01,1.7661915080291540e-13,
1.0103399793987400e+00,-2.2404086747483348e-01,9.9999999993734212e-01,3.4810766963717997e-13,

145,4
1.1800361896157754e+00,1.0703925218740647e-01,1.0000191577176611e+00,1.6495221538652380e-13,
1.3885424493941241e+00,4.0207213402799552e-01,1.0000001880298972e+00,3.3548648589245648e-13,
1.5664257763153402e+00,4.1878285304426827e-01,1.0000060727404019e+00,4.2080264979841527e-13,
1.2415970760520199e+00,3.7482922952732201e-01,1.0000002077258792e+00,1.6396632352758277e-13,
1.6284614507021729e+00,1.5162383712272895e-01,1.0007890009401319e+00,3.3354075386558231e-13,
1.6871827495995069e+00,1.4322937697170482e-01,1.0000090613837078e+00,4.1849689192041225e-13,
1.3021517607694009e+00,8.9974203137762110e-01,1.0001808052763619e+00,2.1071694861200312e-12,
1.1402331097468090e+00,9.5133554489861871e-01,1.0000008159199429e+00,2.1761380002923362e-12,
1.8603942686267914e+00,9.0613615697032901e-01,1.0000078733265390e+00,5.0358882911381496e-13,
1.5033134983942154e+00,8.6421952815522307e-01,1.0000394395501564e+00,1.5924374097649785e-12,
1.2787889916174133e+00,9.0146344812295864e-01,1.0000108396007776e+00,1.9676072792017439e-12,
1.9057502236147337e+00,1.0118541851315459e+00,1.0000518512009453e+00,2.1087495009676220e-12,
1.3702253533172823e+00,8.0707907424260494e-01,1.0000154817769777e+00,1.9687452119331278e-12,
2.0750222252082007e+00,5.3975351718024989e-01,1.0000025195868945e+00,2.1096010849573264e-12,
1.5884847025751168e+00,7.1241625094337724e-01,1.0000283247587034e+00,8.4435820997836325e-13,
1.5069831692993680e+00,6.4822162033585662e-01,1.0000109135964816e+00,1.4370020959000212e-12,
1.6982684988045071e+00,7.6351579591613206e-01,1.0000357281853718e+00,6.6987823629799172e-13,
1.9042622737951469e+00,4.8028484828193307e-01,1.0000469184437308e+00,1.1919700948815403e-12,
1.3946042932080756e+00,1.5240680366608741e-01,1.0000226876765232e+00,1.1962526359018408e-12,
2.0580183490780568e+00,7.7631615129784481e-01,1.0000251637368673e+00,1.2768334919260909e-12,
7.5790016520376446e-01,7.2216649835284252e-01,1.0000959801035894e+00,1.7492108519771883e-12,
1.4554943065123402e+00,1.1218825237244720e-01,1.0000702452358528e+00,1.0168177419525044e-12,
1.6534931023707804e+00,7.6366954275653187e-01,1.0000401454683538e+00,1.3644428575762900e-12,
1.7377424184896870e+00,1.5006658605274208e-02,1.0001255374930054e+00,4.1522104698372883e-13,
1.7865878916907587e+00,1.8603092466777207e-01,1.0000012269467753e+00,4.1065909905610460e-13,
1.4194395367544386e+00,4.2804646207313418e-01,1.0000383799371750e+00,4.9393758779819925e-13,
2.1223225224124889e+00,4.2963249310003970e-01,1.0000317239557168e+00,7.4741587056550897e-13,
1.6849320060613542e+00,8.9920485016144092e-01,1.0000390332897025e+00,9.2501835716988168e-13,
1.7552380995841346e+00,3.7919706170705697e-01,1.0000552957645197e+00,1.1206797654491777e-12,
1.4854856037792352e+00,1.0104990666195400e-01,1.0000069421324091e+00,1.2153659888563674e-12,
1.3871643253470793e+00,3.3755558749453440e-01,1.0000404950188690e+00,7.2920410131508915e-13,
2.0554122430520469e+00,4.0916580684804976e-01,1.0000000000000000e+40,9.0941417378400355e-13,
2.0790152949094791e+00,6.7467928446761272e-01,1.0000000000000000e+40,1.1829962160930156e-12,
1.8310128438174278e+00,1.1725854911782887e+00,1.0000000000000000e+40,1.2734105427700572e-12,
1.0628681374108724e+00,3.2167705924048706e-01,1.0001133926975339e+00,6.9961440326544491e-13,
1.3279638235210420e+00,3.1873252830457649e-01,1.0000000000000000e+40,7.9676511243309273e-13,
0.0000000000000000e+00,0.0000000000000000e+00,1.0000000000000000e+40,0.0000000000000000e+00,
4.8670444685547654e-01,1.1300090914698651e+00,1.0000000000000000e+40,1.3014745330870818e-12,
1.9541628264244890e+00,6.8876254029310235e-01,1.0001291451873864e+00,1.3000534491798034e-12,
1.8377790185803866e+00,5.0426099301174521e-01,1.0001298562431067e+00,1.3709534716599199e-12,
1.7590006639775977e+00,1.0230707247545441e+00,1.0001556223790768e+00,1.6788038989665270e-12,
1.6266184472073664e+00,9.6013267751526199e-01,1.0000877526837020e+00,1.8267302847117175e-12,
1.9054241926071425e+00,1.1806860754721535e+00,1.0001061215448188e+00,1.9710497439319549e-12,
2.1246973680220358e+00,4.6253328964368701e-01,1.0000015810814036e+00,2.1113807404743333e-12,
1.6512002413544942e+00,-1.0413030075495112e-01,1.0000006183552890e+00,2.1799250416537706e-12,
1.5736274100550796e+00,8.8227045507723101e-01,1.0002119717102791e+00,1.6813130390097916e-12,
2.2018074239258425e+00,4.9485637793670650e-01,1.0000802005272136e+00,1.8282822559710005e-12,
2.3803096908015213e+00,7.7262325867846393e-01,1.0000287965882937e+00,1.9721485987451103e-12,
2.2750173080162073e+00,4.5521729841312419e-01,1.0000001360996320e+00,2.1122884760916591e-12,
1.6090680568930493e+00,1.5884954527907214e-01,1.0000000616791507e+00,2.1807858140216250e-12,
2.0005666558526238e+00,1.2347965488361872e+00,1.0000413785351820e+00,1.5318662070115864e-12,
1.5783838526436844e+00,7.7453934730378782e-01,1.0000134508307130e+00,3.2368582361987259e-13,
1.7022935355584117e+00,2.2174480296131993e-01,1.0000458763219766e+00,4.0529481024453745e-13,
1.4955490654145156e+00,2.8259185467747605e-01,1.0000009856309198e+00,3.2111625658668165e-13,
1.6177370591328488e+00,1.1409330641016095e-01,1.0000009363769482e+00,4.0142347587039303e-13,
1.1783335289904207e+00,9.5113364714815885e-01,1.0000149491022414e+00,1.3980616115801710e-12,
1.2276485863031483e+00,1.0194430426920726e+00,1.0000092617230951e+00,1.4677076282416502e-12,
1.2063846070867192e+00,1.0815072772106131e+00,1.0000008703703336e+00,1.5361509350030960e-12,
1.7805884952323117e+00,8.1214529450175132e-01,1.0000570639551212e+00,1.6835449174219221e-12,
2.0553582641013159e+00,4.1415638980410324e-01,1.0000135168895783e+00,1.8307642619356692e-12,
2.6098232924682661e+00,6.9844617324859481e-01,1.0000502701051650e+00,1.9740325352159904e-12,
2.3557217835731628e+00,9.6184109936025863e-01,1.0000331058552963e+00,2.1139212677348402e-12,
2.7137774305253735e+00,9.0405423407232022e-01,1.0002477482507810e+00,2.2496217498427578e-12,
1.8297323436841519e+00,5.0762712820332578e-01,1.0000000000047768e+00,2.3156837913296207e-12,
1.7174935934311490e+00,1.8340439614026699e-01,1.0000244933489773e+00,1.8314849348591239e-12,
1.8195459630250523e+00,3.7840616855112552e-01,1.0000548202555104e+00,1.9746894303508670e-12,
1.9343365573513691e+00,8.0386311475563343e-01,1.0000549550596949e+00,2.1145496371533139e-12,
1.5788208907122505e+00,8.7207622016428599e-01,1.0000016324641212e+00,2.2502244567010966e-12,
1.0673377543980331e+00,5.2856670203981515e-01,1.0000000000004134e+00,2.3162863136535788e-12,
1.2368559605870380e+00,2.2848640199684492e-01,1.0000710397407404e+00,5.5745949988562566e-13,
1.6228136163801052e+00,5.5059322299501778e-01,1.0000608481658901e+00,5.6227689953403360e-13,
1.0254301178926153e+00,3.4170881437161649e-01,1.0000705717565710e+00,7.1561440198695279e-13,
1.7820966596844319e+00,1.1293088050468412e+00,1.0000000000000000e+40,8.8552788029680334e-13,
2.1800166207979466e+00,6.6987970080194004e-01,1.0000000000000000e+40,1.1844189434005781e-12,
1.8725564348475705e+00,1.4074266316236037e-01,1.0000000000000000e+40,1.3015138341417763e-12,
1.3756660496896089e+00,4.8752549609200158e-01,1.0002535965924828e+00,5.6814999186638701e-13,
1.2641153595542740e+00,4.2183030534597399e-01,1.0000257863130342e+00,7.3058897497309233e-13,
1.9431798423946978e+00,6.3793091264468993e-01,1.0000287758891118e+00,9.1119834508739519e-13,
2.1331093733115858e+00,4.4525715559082363e-01,1.0000066333340609e+00,1.1435209367140170e-12,
1.7086935708314726e+00,7.5697240897080320e-01,1.0000004532453208e+00,1.2389145883144690e-12,
1.0925008884508112e+00,2.2809908373946935e-01,1.0000311040664467e+00,1.4024424371542700e-12,
1.9727071763276229e+00,7.3276984846325499e-01,1.0000396048580515e+00,1.6861569638843912e-12,
1.6928095352481016e+00,3.9656014398174622e-01,1.0000440842329923e+00,1.6862919373838801e-12,
1.6941500313855216e+00,6.0264654972685250e-01,1.0000416030199506e+00,1.8317988465731281e-12,
1.6364706011476426e+00,3.5207797184471623e-01,1.0000053717883395e+00,1.9753245009816036e-12,
1.7883820787526084e+00,9.4616078952009419e-01,1.0000248851440328e+00,2.1153731480408198e-12,
1.1295679169265649e+00,8.9807520603530611e-01,1.0000002088051325e+00,2.1838480382093234e-12,
2.7011884533338000e+00,7.7575767140810170e-01,1.0001027030344740e+00,1.8316482886108082e-12,
2.0168947140960389e+00,8.8072524777218952e-01,1.0000115604999809e+00,1.9753591170852177e-12,
1.8015883577369041e+00,9.9986696225660876e-01,1.0000000424799282e+00,2.1158053674824560e-12,
2.2140105538220145e+00,9.1101864681100486e-01,1.0000000000023279e+00,2.1844540028066637e-12,
2.1385088418345490e+00,9.7610966962540779e-01,1.0000647137684138e+00,1.8305188081876355e-12,
1.8649017341853718e+00,1.0627719471899415e+00,1.0000036963792207e+00,1.9752155638514802e-12,
2.2349104719517121e+00,6.3541317693207655e-01,1.0000377553494870e+00,2.1160868806569706e-12,
1.6490554653880893e+00,5.5014983044103438e-01,1.0000000000023115e+00,2.1849614071949010e-12,
1.1956801264117689e+00,4.1273860331784551e-01,1.0000240064242614e+00,1.8290718172974971e-12,
1.3618106091110069e+00,6.1559970278933618e-01,1.0000767745432826e+00,1.9748226145737840e-12,
1.2942325467866449e+00,3.4071718827107078e-01,1.0000000351549654e+00,2.1162145448560410e-12,
1.4270837183174312e+00,4.5179414665446549e-01,1.0000000000022315e+00,2.1852022906149620e-12,
1.9005993494032358e+00,6.4898945888846393e-01,1.0000448177948251e+00,2.4203240564311818e-13,
1.5199982119626017e+00,6.4865565589379870e-01,1.0000178432881410e+00,4.0595762726582936e-13,
2.0585747321888266e+00,6.3392776862429967e-01,1.0000443672176171e+00,2.4487536769654961e-13,
1.8504715761972474e+00,6.2546370948984464e-01,1.0000834216145220e+00,4.1174987758291596e-13,
1.6340484356824658e+00,5.4177645123187246e-01,1.0001433936881117e+00,2.4770452532072427e-13,
1.5559616757586074e+00,9.3668927887839082e-01,1.0001155273091216e+00,4.1679933875159810e-13,
1.2900312997972114e+00,3.1936908556694749e-01,1.0000439641579761e+00,1.4684597848776764e-12,
1.8636707029119921e+00,7.1602022215905037e-01,1.0002394737780276e+00,1.3905254309866148e-12,
2.0634194747454182e+00,3.7278145352828396e-01,1.0000350836992713e+00,1.5376939067847421e-12,
1.7107655242322981e+00,6.4736358797936677e-01,1.0000545270873087e+00,8.3739008544854703e-13,
1.8589617629038344e+00,6.2683677901031765e-01,1.0000199438848205e+00,1.0194370951726924e-12,
1.8304086040384322e+00,9.0623525012936623e-01,1.0001036626478170e+00,8.4560612878294145e-13,
1.6123102437511072e+00,7.9138175528552313e-01,1.0000337492350022e+00,1.0206646331460683e-12,
1.8437111161179758e+00,7.4213022137560103e-01,1.0000044192507478e+00,1.2174392512437302e-12,
1.9023386476959596e+00,2.2636451103475569e-01,1.0000684662506711e+00,1.1994263861227015e-12,
1.6154642844025404e+00,3.2105000372152909e-01,1.0000174046932147e+00,1.5304777484328125e-12,
1.7778071796770580e+00,3.5120976900602063e-01,1.0000268629592564e+00,1.6068229461404887e-12,
1.3163359062785438e+00,2.4663500011426118e-01,1.0000047068178455e+00,1.5242470591962097e-12,
1.2469864444321752e+00,3.8456871135661064e-01,1.0000017588941785e+00,1.6022302834340128e-12,
1.4570128587526914e+00,7.1974829441774202e-01,1.0001385064438506e+00,5.8675632463092913e-13,
1.9775442718178604e+00,9.9228969871919792e-01,1.0000058466340298e+00,6.7239292894683201e-13,
1.7196587852855512e+00,6.2275714595057530e-01,1.0000001215037213e+00,1.3638427831347999e-12,
1.7055530534399761e+00,9.6371383709186020e-01,1.0000648327581807e+00,4.2051517380390234e-13,
1.7728296982194442e+00,9.1344636941853119e-01,1.0000972144299938e+00,5.0598113832610885e-13,
1.8644297524511528e+00,8.6695007524720080e-01,1.0000235787558596e+00,7.6350363930691456e-13,
1.6780126388783114e+00,5.5386774131144645e-01,1.0001192922368811e+00,9.3575871824334734e-13,
1.3748117719969895e+00,5.1025018083716467e-01,1.0000007000882649e+00,7.6511686035845411e-13,
1.4676117434767921e+00,3.9924710781191980e-01,1.0000000002400153e+00,9.3668361999859488e-13,
1.3612852625945691e+00,5.4887776594468030e-01,1.0000010114692508e+00,1.2780665584098520e-12,
1.5985657306689136e+00,5.0485849183439913e-01,1.0000001952213449e+00,1.3609309796680333e-12,
1.3214751403731408e+00,4.9091722878350924e-01,1.0002148398864752e+00,1.6004116700281124e-12,
1.2608724177448662e+00,2.8540546912039506e-02,1.0000005643525642e+00,1.6775804629842939e-12,
1.8654433079478274e+00,5.0455402829249629e-01,1.0000000001189462e+00,1.5978349460544110e-12,
1.2329032042276682e+00,-1.1799454317722892e-01,1.0000000000234708e+00,1.6755056328491614e-12,
1.5395947325465562e+00,4.2839039982896038e-01,1.0000040370697771e+00,2.0460697846684835e-12,
1.7243950778897885e+00,5.2225482874979368e-01,1.0000000000032048e+00,2.1860393431564358e-12,
1.8359054382333899e+00,8.9808524859062744e-01,1.0000082242036916e+00,2.2540815091476140e-12,
1.3145265292811406e+00,1.3712529910012794e-01,1.0000000000019409e+00,2.0461709630683883e-12,
1.2782526141633608e+00,3.3237321863499042e-01,1.0000000000009226e+00,2.1863483322339474e-12,
1.3046032594508690e+00,1.9240864784386807e-01,1.0000000000004883e+00,2.2544643981174631e-12,
1.4318866154193843e+00,1.1667171658657582e+00,1.0000000000621738e+00,1.6585413838015201e-13,
1.5463810507927527e+00,1.1605088735705378e+00,1.0000140446847310e+00,3.3727770495063501e-13,
1.7283576830431868e+00,6.3501801942389702e-01,1.0000373475671855e+00,4.2307274802032774e-13,
1.5336160675672648e+00,1.4600819443070887e+00,1.0000000000422644e+00,1.6662614372293312e-13,
1.4443909357757310e+00,9.0025290303420669e-01,1.0000138534883050e+00,3.3879088795956984e-13,
1.7930179479266584e+00,2.7018324725135351e-01,1.0000000013732255e+00,4.2486487908696451e-13,

