1
1
4
4
(145 0
((0,168) (15,183) (0,0))
((16,168) (31,183) (0,0))
((32,168) (39,183) (0,0))
((0,184) (15,199) (0,0))
((16,184) (31,199) (0,0))
((32,184) (39,199) (0,0))
((192,168) (207,183) (0,0))
((208,168) (215,183) (0,0))
((40,184) (47,199) (0,0))
((144,184) (151,191) (0,0))
((176,184) (191,199) (0,0))
((192,184) (207,199) (0,0))
((176,200) (191,207) (0,0))
((192,200) (207,207) (0,0))
((72,192) (79,207) (0,0))
((120,184) (135,199) (0,0))
((48,200) (63,215) (0,0))
((96,192) (111,207) (0,0))
((96,208) (111,215) (0,0))
((112,200) (119,207) (0,0))
((152,200) (167,207) (0,0))
((88,208) (95,215) (0,0))
((112,208) (127,215) (0,0))
((24,200) (39,215) (0,0))
((24,216) (39,231) (0,0))
((40,216) (47,231) (0,0))
((56,216) (71,231) (0,0))
((72,216) (87,231) (0,0))
((88,216) (103,231) (0,0))
((104,216) (111,231) (0,0))
((56,232) (71,247) (0,0))
((72,232) (87,247) (0,0))
((88,232) (103,247) (0,0))
((104,232) (111,247) (0,0))
((56,248) (71,255) (0,0))
((72,248) (87,255) (0,0))
((88,248) (103,255) (0,0))
((104,248) (111,255) (0,0))
((112,216) (119,231) (0,0))
((120,216) (127,223) (0,0))
((144,208) (159,223) (0,0))
((160,208) (175,223) (0,0))
((176,208) (191,223) (0,0))
((192,208) (207,223) (0,0))
((208,208) (215,223) (0,0))
((144,224) (159,231) (0,0))
((160,224) (175,231) (0,0))
((176,224) (191,231) (0,0))
((192,224) (207,231) (0,0))
((208,224) (215,231) (0,0))
((128,224) (143,231) (0,0))
((16,232) (31,247) (0,0))
((32,232) (39,247) (0,0))
((16,248) (31,255) (0,0))
((32,248) (39,255) (0,0))
((112,232) (127,247) (0,0))
((128,232) (135,247) (0,0))
((136,232) (143,239) (0,0))
((152,232) (159,239) (0,0))
((160,232) (175,247) (0,0))
((176,232) (191,247) (0,0))
((192,232) (207,247) (0,0))
((208,232) (223,247) (0,0))
((224,232) (231,247) (0,0))
((160,248) (175,255) (0,0))
((176,248) (191,255) (0,0))
((192,248) (207,255) (0,0))
((208,248) (223,255) (0,0))
((224,248) (231,255) (0,0))
((40,248) (55,255) (0,0))
((40,256) (55,271) (0,0))
((56,256) (71,271) (0,0))
((72,256) (87,271) (0,0))
((88,256) (103,271) (0,0))
((104,256) (111,271) (0,0))
((40,272) (55,279) (0,0))
((56,272) (71,279) (0,0))
((72,272) (87,279) (0,0))
((88,272) (103,279) (0,0))
((104,272) (111,279) (0,0))
((120,256) (127,263) (0,0))
((144,240) (159,255) (0,0))
((144,256) (159,271) (0,0))
((160,256) (175,271) (0,0))
((176,256) (191,271) (0,0))
((192,256) (207,271) (0,0))
((208,256) (215,271) (0,0))
((160,272) (175,287) (0,0))
((176,272) (191,287) (0,0))
((192,272) (207,287) (0,0))
((208,272) (215,287) (0,0))
((160,288) (175,303) (0,0))
((176,288) (191,303) (0,0))
((192,288) (207,303) (0,0))
((208,288) (215,303) (0,0))
((160,304) (175,311) (0,0))
((176,304) (191,311) (0,0))
((192,304) (207,311) (0,0))
((208,304) (215,311) (0,0))
((8,264) (23,279) (0,0))
((24,264) (39,279) (0,0))
((8,280) (23,295) (0,0))
((24,280) (39,295) (0,0))
((8,296) (23,311) (0,0))
((24,296) (39,311) (0,0))
((128,264) (135,271) (0,0))
((112,272) (127,287) (0,0))
((128,272) (143,287) (0,0))
((64,280) (79,295) (0,0))
((80,280) (95,295) (0,0))
((64,296) (79,311) (0,0))
((80,296) (95,311) (0,0))
((104,280) (111,295) (0,0))
((104,296) (111,311) (0,0))
((128,288) (143,303) (0,0))
((144,288) (151,303) (0,0))
((128,304) (143,311) (0,0))
((144,304) (151,311) (0,0))
((40,296) (55,311) (0,0))
((56,296) (63,311) (0,0))
((112,304) (127,311) (0,0))
((24,312) (39,327) (0,0))
((40,312) (47,327) (0,0))
((56,312) (71,327) (0,0))
((72,312) (87,327) (0,0))
((56,328) (71,335) (0,0))
((72,328) (87,335) (0,0))
((104,312) (119,319) (0,0))
((120,312) (127,319) (0,0))
((136,312) (151,327) (0,0))
((152,312) (159,327) (0,0))
((136,328) (151,335) (0,0))
((152,328) (159,335) (0,0))
((184,320) (199,335) (0,0))
((200,320) (215,335) (0,0))
((216,320) (223,335) (0,0))
((184,336) (199,343) (0,0))
((200,336) (215,343) (0,0))
((216,336) (223,343) (0,0))
((0,328) (15,343) (0,0))
((16,328) (31,343) (0,0))
((32,328) (39,343) (0,0))
((0,344) (15,359) (0,0))
((16,344) (31,359) (0,0))
((32,344) (39,359) (0,0))
)
145
FabOnDisk: SD_0_New_MF_D_00000 0
FabOnDisk: SD_0_New_MF_D_00000 18518
FabOnDisk: SD_0_New_MF_D_00000 37036
FabOnDisk: SD_0_New_MF_D_00000 49410
FabOnDisk: SD_0_New_MF_D_00000 67928
FabOnDisk: SD_0_New_MF_D_00000 86446
FabOnDisk: SD_0_New_MF_D_00000 98820
FabOnDisk: SD_0_New_MF_D_00000 117340
FabOnDisk: SD_0_New_MF_D_00000 129716
FabOnDisk: SD_0_New_MF_D_00000 142090
FabOnDisk: SD_0_New_MF_D_00000 150370
FabOnDisk: SD_0_New_MF_D_00000 168890
FabOnDisk: SD_0_New_MF_D_00000 187410
FabOnDisk: SD_0_New_MF_D_00000 199786
FabOnDisk: SD_0_New_MF_D_00000 212162
FabOnDisk: SD_0_New_MF_D_00000 224536
FabOnDisk: SD_0_New_MF_D_00000 243056
FabOnDisk: SD_0_New_MF_D_00000 261574
FabOnDisk: SD_0_New_MF_D_00000 280093
FabOnDisk: SD_0_New_MF_D_00000 292468
FabOnDisk: SD_0_New_MF_D_00000 300748
FabOnDisk: SD_0_New_MF_D_00000 313124
FabOnDisk: SD_0_New_MF_D_00000 321402
FabOnDisk: SD_0_New_MF_D_00000 333778
FabOnDisk: SD_0_New_MF_D_00000 352296
FabOnDisk: SD_0_New_MF_D_00000 370814
FabOnDisk: SD_0_New_MF_D_00000 383188
FabOnDisk: SD_0_New_MF_D_00000 401706
FabOnDisk: SD_0_New_MF_D_00000 420224
FabOnDisk: SD_0_New_MF_D_00000 438743
FabOnDisk: SD_0_New_MF_D_00000 451119
FabOnDisk: SD_0_New_MF_D_00000 469637
FabOnDisk: SD_0_New_MF_D_00000 488155
FabOnDisk: SD_0_New_MF_D_00000 506674
FabOnDisk: SD_0_New_MF_D_00000 519050
FabOnDisk: SD_0_New_MF_D_00000 531424
FabOnDisk: SD_0_New_MF_D_00000 543798
FabOnDisk: SD_0_New_MF_D_00000 556173
FabOnDisk: SD_0_New_MF_D_00000 564453
FabOnDisk: SD_0_New_MF_D_00000 576829
FabOnDisk: SD_0_New_MF_D_00000 585109
FabOnDisk: SD_0_New_MF_D_00000 603629
FabOnDisk: SD_0_New_MF_D_00000 622149
FabOnDisk: SD_0_New_MF_D_00000 640669
FabOnDisk: SD_0_New_MF_D_00000 659189
FabOnDisk: SD_0_New_MF_D_00000 671565
FabOnDisk: SD_0_New_MF_D_00000 683941
FabOnDisk: SD_0_New_MF_D_00000 696317
FabOnDisk: SD_0_New_MF_D_00000 708693
FabOnDisk: SD_0_New_MF_D_00000 721069
FabOnDisk: SD_0_New_MF_D_00000 729349
FabOnDisk: SD_0_New_MF_D_00000 741725
FabOnDisk: SD_0_New_MF_D_00000 760243
FabOnDisk: SD_0_New_MF_D_00000 772617
FabOnDisk: SD_0_New_MF_D_00000 784991
FabOnDisk: SD_0_New_MF_D_00000 793269
FabOnDisk: SD_0_New_MF_D_00000 811789
FabOnDisk: SD_0_New_MF_D_00000 824165
FabOnDisk: SD_0_New_MF_D_00000 832445
FabOnDisk: SD_0_New_MF_D_00000 840725
FabOnDisk: SD_0_New_MF_D_00000 859245
FabOnDisk: SD_0_New_MF_D_00000 877765
FabOnDisk: SD_0_New_MF_D_00000 896285
FabOnDisk: SD_0_New_MF_D_00000 914805
FabOnDisk: SD_0_New_MF_D_00000 927181
FabOnDisk: SD_0_New_MF_D_00000 939557
FabOnDisk: SD_0_New_MF_D_00000 951933
FabOnDisk: SD_0_New_MF_D_00000 964309
FabOnDisk: SD_0_New_MF_D_00000 976685
FabOnDisk: SD_0_New_MF_D_00000 984965
FabOnDisk: SD_0_New_MF_D_00000 997339
FabOnDisk: SD_0_New_MF_D_00000 1015857
FabOnDisk: SD_0_New_MF_D_00000 1034375
FabOnDisk: SD_0_New_MF_D_00000 1052893
FabOnDisk: SD_0_New_MF_D_00000 1071412
FabOnDisk: SD_0_New_MF_D_00000 1083788
FabOnDisk: SD_0_New_MF_D_00000 1096162
FabOnDisk: SD_0_New_MF_D_00000 1108536
FabOnDisk: SD_0_New_MF_D_00000 1120910
FabOnDisk: SD_0_New_MF_D_00000 1133285
FabOnDisk: SD_0_New_MF_D_00000 1141565
FabOnDisk: SD_0_New_MF_D_00000 1149845
FabOnDisk: SD_0_New_MF_D_00000 1168365
FabOnDisk: SD_0_New_MF_D_00000 1186885
FabOnDisk: SD_0_New_MF_D_00000 1205405
FabOnDisk: SD_0_New_MF_D_00000 1223925
FabOnDisk: SD_0_New_MF_D_00000 1242445
FabOnDisk: SD_0_New_MF_D_00000 1254821
FabOnDisk: SD_0_New_MF_D_00000 1273341
FabOnDisk: SD_0_New_MF_D_00000 1291861
FabOnDisk: SD_0_New_MF_D_00000 1310381
FabOnDisk: SD_0_New_MF_D_00000 1322757
FabOnDisk: SD_0_New_MF_D_00000 1341277
FabOnDisk: SD_0_New_MF_D_00000 1359797
FabOnDisk: SD_0_New_MF_D_00000 1378317
FabOnDisk: SD_0_New_MF_D_00000 1390693
FabOnDisk: SD_0_New_MF_D_00000 1403069
FabOnDisk: SD_0_New_MF_D_00000 1415445
FabOnDisk: SD_0_New_MF_D_00000 1427821
FabOnDisk: SD_0_New_MF_D_00000 1436101
FabOnDisk: SD_0_New_MF_D_00000 1454618
FabOnDisk: SD_0_New_MF_D_00000 1473136
FabOnDisk: SD_0_New_MF_D_00000 1491653
FabOnDisk: SD_0_New_MF_D_00000 1510171
FabOnDisk: SD_0_New_MF_D_00000 1528688
FabOnDisk: SD_0_New_MF_D_00000 1547206
FabOnDisk: SD_0_New_MF_D_00000 1555486
FabOnDisk: SD_0_New_MF_D_00000 1574006
FabOnDisk: SD_0_New_MF_D_00000 1592526
FabOnDisk: SD_0_New_MF_D_00000 1611044
FabOnDisk: SD_0_New_MF_D_00000 1629562
FabOnDisk: SD_0_New_MF_D_00000 1648080
FabOnDisk: SD_0_New_MF_D_00000 1666598
FabOnDisk: SD_0_New_MF_D_00000 1678974
FabOnDisk: SD_0_New_MF_D_00000 1691350
FabOnDisk: SD_0_New_MF_D_00000 1709870
FabOnDisk: SD_0_New_MF_D_00000 1722246
FabOnDisk: SD_0_New_MF_D_00000 1734622
FabOnDisk: SD_0_New_MF_D_00000 1742902
FabOnDisk: SD_0_New_MF_D_00000 1761420
FabOnDisk: SD_0_New_MF_D_00000 1773794
FabOnDisk: SD_0_New_MF_D_00000 1786170
FabOnDisk: SD_0_New_MF_D_00000 1804688
FabOnDisk: SD_0_New_MF_D_00000 1817062
FabOnDisk: SD_0_New_MF_D_00000 1835580
FabOnDisk: SD_0_New_MF_D_00000 1854098
FabOnDisk: SD_0_New_MF_D_00000 1866472
FabOnDisk: SD_0_New_MF_D_00000 1878846
FabOnDisk: SD_0_New_MF_D_00000 1891222
FabOnDisk: SD_0_New_MF_D_00000 1899502
FabOnDisk: SD_0_New_MF_D_00000 1918022
FabOnDisk: SD_0_New_MF_D_00000 1930398
FabOnDisk: SD_0_New_MF_D_00000 1942774
FabOnDisk: SD_0_New_MF_D_00000 1951054
FabOnDisk: SD_0_New_MF_D_00000 1969574
FabOnDisk: SD_0_New_MF_D_00000 1988094
FabOnDisk: SD_0_New_MF_D_00000 2000470
FabOnDisk: SD_0_New_MF_D_00000 2012846
FabOnDisk: SD_0_New_MF_D_00000 2025222
FabOnDisk: SD_0_New_MF_D_00000 2033502
FabOnDisk: SD_0_New_MF_D_00000 2052020
FabOnDisk: SD_0_New_MF_D_00000 2070538
FabOnDisk: SD_0_New_MF_D_00000 2082912
FabOnDisk: SD_0_New_MF_D_00000 2101430
FabOnDisk: SD_0_New_MF_D_00000 2119948

145,4
6.1997905046079216e-01,-1.0543393270096029e+00,9.9999994462386876e-01,5.2846919451219421e-15,
-3.7672212154787532e-01,-3.7491812671088187e-01,9.9993455450910496e-01,1.7453329263690562e-13,
2.5599305110420301e-01,-1.1730548927936971e-01,9.9999984284446852e-01,3.4412814165088784e-13,
3.0110543046208582e-01,-3.8472566237430533e-01,9.9999999948810936e-01,5.2415891401557994e-15,
-2.8194746636358758e-01,-6.2448156829444379e-02,9.9939590624263430e-01,1.7321314056656825e-13,
-2.9711433034790952e-01,-6.8260633897443052e-02,9.9999937992844734e-01,3.4150115719347463e-13,
-2.6741896919146457e-01,-5.7098870957579262e-01,9.9985124606039033e-01,1.9720842135777733e-12,
5.9552020383851656e-02,-6.2397022321360074e-01,9.9996382259475147e-01,2.1137292884901503e-12,
2.1717068999760658e-01,1.4910055209387631e-02,9.9998276750113391e-01,4.2582667452873133e-13,
3.0651397059014363e-01,-2.4832328486641123e-01,9.9994786640520217e-01,1.5215824364684049e-12,
-1.5029335754315307e-01,-2.9123420596430410e-01,9.9991640043725916e-01,1.8278124085308040e-12,
-7.6971166681603453e-01,-6.7622573709254086e-01,9.9986199020204825e-01,1.9738782774316027e-12,
2.1731454896270364e-01,-3.6234777514484334e-01,9.9994958916424703e-01,1.8306183618173918e-12,
4.0166677345757229e-01,-6.8459875624487232e-01,9.9999877619263910e-01,1.9759603831928340e-12,
-1.1657375474342156e-01,-1.7787570335712605e-01,9.9998198737041188e-01,7.6343364136084510e-13,
6.8242711296746666e-03,-4.8924454090828684e-01,9.9999998379965971e-01,1.2792709113834380e-12,
-1.2838270262978202e-01,-5.9321071449016036e-03,9.9997387310815677e-01,5.0459871238034553e-13,
-2.9123373066038072e-01,-6.8688956002845114e-01,9.9994891763962612e-01,1.0272231756866435e-12,
2.4407156737394936e-01,-5.9468238843800647e-01,9.9998766131653483e-01,1.0275284198801043e-12,
4.0148203068992483e-01,-3.7761024853069158e-01,9.9992392301999156e-01,1.1996295440266860e-12,
-2.9812159870699972e-01,-1.1372340164111877e-01,9.9992584198218459e-01,1.6040705193010440e-12,
4.2949060853377585e-01,-5.5754594076598896e-01,9.9996567066237307e-01,9.3647633662389998e-13,
3.4690463601791632e-01,-5.2610372109743608e-01,9.9986491037533376e-01,1.2026800176436557e-12,
-8.3653379635497893e-01,-1.4274056916358732e-01,9.9974040290169253e-01,2.5477288899132741e-13,
-9.2872689607075531e-01,-5.5874189667032748e-01,9.9996929649024047e-01,2.5205849577674061e-13,
2.6869716956671186e-01,-4.6400823225004606e-01,9.9990190349276387e-01,4.1565450274892077e-13,
2.5897113911050823e-01,-3.0474378712878020e-01,9.9995621869753870e-01,5.7772097458680101e-13,
3.8622516670386836e-01,-5.5350675320940301e-01,9.9998413279557474e-01,7.4093329708748529e-13,
1.4410299125591058e-01,-5.3320479783516839e-01,9.9985369977241556e-01,9.2344563707223329e-13,
5.0631667990081830e-01,-6.2922968363427867e-01,9.9999642901018426e-01,1.1188172764781493e-12,
-6.8853196660216553e-02,-7.9717470839586591e-01,9.9993183959204368e-01,5.6709945592490496e-13,
-4.2119458383280012e-01,-8.3885931002131719e-01,9.9996315805938474e-01,7.0917146862540808e-13,
-4.3045365951377923e-01,-3.0995168797655404e-01,9.9998003659221391e-01,8.6091405160092127e-13,
-5.1611872323496444e-01,-4.8535468755173278e-01,9.9999149958087996e-01,1.1345117891345765e-12,
-6.1448319053695744e-01,-5.6685652216890103e-01,9.9984881915910562e-01,5.6520628803319389e-13,
-1.5943201876941068e-01,-7.2295301630530884e-01,9.9986887432805460e-01,7.0024462534125895e-13,
1.0000000000000000e+40,1.0000000000000000e+40,1.0000000000000000e+40,1.0000000000000000e+40,
-3.2905597094074418e-01,-4.5294900760619883e-01,9.9999906567050278e-01,1.2467270300129536e-12,
-1.4301657118147626e-02,-5.3220085231661862e-01,9.9972277128659226e-01,1.2073623352823374e-12,
7.2852478080076055e-02,-6.0230373622216016e-01,9.9991250612741878e-01,1.2925781415869060e-12,
-1.5986392196856464e-01,3.0698335027259636e-02,9.9996471581712842e-01,1.5291945898601718e-12,
5.4571027605263514e-02,-7.0797000398938936e-01,9.9958389225439270e-01,1.6829676108212411e-12,
-4.2060115870139625e-01,-7.3467288539365183e-01,9.9996440490822680e-01,1.8321748758308216e-12,
-4.8535018953181341e-01,-8.7668933133594906e-01,9.9999335337494932e-01,1.9770816985949623e-12,
-8.5269624324136151e-02,-7.4134627568114408e-01,9.9999612160983764e-01,2.1175525795440277e-12,
3.7471124297900166e-01,-1.3568594787113802e-01,9.9980859732239258e-01,1.5369021599457352e-12,
6.9931310120591306e-01,-5.2691833151873202e-01,9.9995978160572407e-01,1.6878225470814346e-12,
2.0926523340694642e-02,-6.5007264009650179e-01,9.9999853258866722e-01,1.8353621485344553e-12,
1.0085319749763959e+00,-8.6264821059808061e-01,9.9999999929098515e-01,1.9793357605670638e-12,
3.0369396877069144e-01,-4.6597797465540969e-01,9.9999975209499103e-01,2.1193385214421266e-12,
6.1138909884244630e-01,-3.4045773111053457e-01,9.9994636328346720e-01,1.3813295961882904e-12,
2.4222161078556022e-02,-2.2548353315530434e-01,9.9999064978439911e-01,1.6869438252541639e-13,
-8.6398162766118947e-01,-5.4840074240898584e-01,9.9994674868919942e-01,3.3119276671189090e-13,
-3.8146616289709323e-01,-3.6098808683614053e-01,9.9999931599454517e-01,1.6854538833036947e-13,
2.8266893297066970e-01,-8.2986654110056970e-02,9.9998466375823369e-01,3.3080750473478445e-13,
-3.0873336011140597e-02,-4.6648332007775783e-01,9.9993924650530386e-01,1.2279900664734034e-12,
-1.7820190956717635e-01,-3.9434408258720416e-01,9.9998025963460491e-01,1.3896087376186581e-12,
8.2061310359907380e-02,-2.0307303056631248e-01,9.9999518861362247e-01,1.4658769471973286e-12,
1.6202764810358292e-01,-5.4801208583047623e-01,9.9995405914703661e-01,1.6159840609254184e-12,
8.8337561404298492e-01,-6.3611259797976272e-01,9.9995149142552264e-01,1.6902274244474509e-12,
3.3898289773297635e-01,-7.4219120166444985e-01,9.9997704438662427e-01,1.8368602421350218e-12,
-9.0508599278534163e-01,-6.5407364372095622e-01,9.9991268256455412e-01,1.9804066918374776e-12,
7.6289102915329987e-01,-5.7134073246051464e-01,9.9963343526445503e-01,2.1202214194816944e-12,
8.2763593662786783e-01,-5.5330028266391129e-01,9.9999999999407418e-01,2.2557118338013969e-12,
9.2496566682484960e-01,-4.5626601587102472e-01,9.9996430953729221e-01,1.6938823630555830e-12,
6.9663193454617411e-01,-7.0618327119684199e-01,9.9993993753386201e-01,1.8392175284359504e-12,
2.9888000026206663e-01,-5.7273281958933941e-01,9.9991450979827523e-01,1.9822300045720915e-12,
-2.8500965935620896e-02,-7.1319434091655265e-01,9.9999999344012325e-01,2.1218048429802671e-12,
3.2313201530086610e-01,-1.5481674160833341e-03,1.0000000000000062e+00,2.2571611231358195e-12,
-6.2522648225084210e-01,-3.9798315641585930e-01,9.9985122247141145e-01,4.1074138440263963e-13,
-3.4552786285332798e-01,-5.8309922377073908e-01,9.9977990881219103e-01,4.1075807158130272e-13,
-3.0295250869108287e-01,-2.6585988388211695e-01,9.9997984344608914e-01,5.6522863315660256e-13,
-1.4984113348784800e-01,-1.8114507513721073e-01,9.9994864583525889e-01,7.0028057742158371e-13,
-5.2414951157477463e-01,-3.3678719818598224e-01,9.9999915307569298e-01,8.6216582305487647e-13,
-5.5510979364964907e-01,-1.0788239105368866e+00,9.9999918129272691e-01,1.1613595212170982e-12,
-1.8042387071797696e-02,-6.9870786404377061e-01,9.9992203954506365e-01,4.1361654276007542e-13,
6.5862495266803045e-02,-4.0183904187543462e-01,9.9995761190166599e-01,5.7255845282451478e-13,
4.0228589026506617e-01,-5.1765170648600001e-01,9.9997619796463799e-01,7.2701075067958580e-13,
9.5042347705528674e-01,-5.3500792306681477e-01,9.9998410158445505e-01,9.0370100353500335e-13,
6.0758712248951352e-01,-2.4445322553804860e-01,9.9999263492804313e-01,1.1365337152295754e-12,
-1.4643241766416143e-01,-3.7764795049827571e-01,9.9999554102833921e-01,1.3422782087580498e-12,
2.4960050578329376e-01,-5.9322084506837713e-01,9.9996241559532661e-01,1.5452307647832191e-12,
-1.9519818084897864e-01,-1.0687942752824537e+00,9.9996083434779559e-01,1.5466843943072721e-12,
1.4544478235225544e-01,-7.7158305361699420e-01,9.9997407513746772e-01,1.6940025153703631e-12,
9.9842624693664353e-03,-4.0188210992306717e-01,9.9993824707909995e-01,1.8398834411177164e-12,
-8.5298183311975240e-01,-6.0158338022506641e-01,9.9995317151758467e-01,1.9828576204795437e-12,
1.4914719744240990e-01,-1.9459708288396349e-01,9.9999999800731221e-01,2.1224256917833664e-12,
-2.3604974045543148e-01,-9.9144182760586408e-01,9.9997788845702062e-01,1.6911696125148274e-12,
1.2370159661782983e-01,-7.2877260954033329e-01,9.9999288256592223e-01,1.8390649069330067e-12,
-5.4849301814476958e-01,-5.5387738335103931e-01,9.9999995263814134e-01,1.9834006237192899e-12,
5.6252876125302054e-01,-8.6264052098740079e-02,9.9999999999955558e-01,2.1232328941014208e-12,
1.6865400044306603e-01,-1.5020430203172566e+00,9.9995534842969314e-01,1.6880229299366878e-12,
5.0619092559009804e-01,-3.9034246519267118e-01,9.9998756313623838e-01,1.8376998388421648e-12,
-1.1343671920581635e+00,-8.9760219480153070e-01,9.9999858502062267e-01,1.9830628407013617e-12,
2.5901442891510701e-01,3.2347437360302440e-02,1.0000000000001519e+00,2.1236699753300382e-12,
1.6716421367919801e-02,-9.8532523460079313e-01,9.9988538287585993e-01,1.6866441222603644e-12,
1.6257501832767257e-01,-4.5196014607345569e-01,9.9997560007035191e-01,1.8370413724701630e-12,
1.8835636112497534e-01,-8.1263709173535925e-01,9.9999999999787115e-01,1.9828779837130486e-12,
6.8741620798510639e-01,-1.7222305601414922e-02,1.0000000000000566e+00,2.1239786575720089e-12,
2.9868044253468184e-01,-7.8669110215291238e-01,9.9997159696778504e-01,8.6972375643799283e-14,
-4.3179645541935013e-01,-6.1397826885362572e-01,9.9989026081173726e-01,2.5032070519202660e-13,
-9.1122918974989298e-01,-1.0397153080873021e+00,9.9999215260804630e-01,8.7602663955487306e-14,
-7.7840134150125098e-03,-4.3330403612050716e-01,9.9998030714776631e-01,2.5241330226488359e-13,
-1.0246228428042137e+00,-9.4713565869696681e-01,9.9985929705482679e-01,8.8545132077067764e-14,
-7.7274641263751143e-01,-1.0125649619795627e+00,9.9993371146492127e-01,2.5541435118186248e-13,
6.1083022333061965e-01,-8.0220407194069732e-01,9.9998709107038830e-01,1.4002468589044555e-12,
1.1272980620196299e-01,-7.2293469138491395e-01,9.9983685319438609e-01,1.2175199317674847e-12,
1.2212522842250292e-01,-1.1827243986650204e+00,9.9994845639098862e-01,1.3840747430618860e-12,
-5.1244482478786393e-02,-1.0181708526322020e+00,9.9987080669519546e-01,6.5988948791506133e-13,
2.2721492690765976e-01,-5.7036937812452038e-01,9.9997105105919748e-01,8.2927923204305672e-13,
3.7405437130652308e-01,-7.8604786630633749e-01,9.9994566524181938e-01,6.7475860169820427e-13,
-7.1181660022400617e-02,-9.6050687241748589e-01,9.9981618980014064e-01,8.4893464465561924e-13,
2.2275455993775337e-01,-3.3817009247165614e-01,9.9993482176433390e-01,1.1217910336293180e-12,
5.2483933764833313e-01,-6.1316569589761050e-01,9.9997108457691330e-01,1.1181617233014260e-12,
2.3562597473053795e-01,-6.4022456637152614e-01,9.9996161988256649e-01,1.3739770504020355e-12,
-1.4350748130380647e-01,-7.5026616817614722e-01,9.9997483587022984e-01,1.5338125368271566e-12,
3.9945014697907016e-01,-7.7045614294883347e-01,9.9999901805436908e-01,1.3709695106182714e-12,
4.1850122735435993e-03,-6.0167098603178482e-01,9.9996057019747242e-01,1.5315383837504711e-12,
-6.3395445364151704e-01,-8.5235974340780596e-01,9.9995573275681349e-01,4.2239198055054585e-13,
1.6028944611924839e-01,-6.1454648362873976e-01,9.9996207338798138e-01,5.9000217544009477e-13,
5.3716744893753221e-01,-7.7185247927871048e-01,9.9996380454303979e-01,1.2039997755446920e-12,
-9.1596950514502840e-01,-1.0581567788411226e+00,9.9980541281630986e-01,2.5831658759035434e-13,
5.1385209440401158e-01,-1.0979003581263505e+00,9.9990342408558830e-01,4.2750272019434777e-13,
2.5409562648267608e-01,-8.8424378727773256e-01,9.9990775768872575e-01,5.9758677040660390e-13,
1.6081676279750171e-01,-7.0523881457744719e-01,9.9996991982350270e-01,7.6959111774880005e-13,
-1.6832725995748596e-01,-9.3226590757187866e-01,9.9998677887213228e-01,6.0237220214659987e-13,
4.8134790440951269e-01,-2.4668566243622908e-01,9.9999999980166721e-01,7.7419242043040039e-13,
-2.7926567078993672e-02,-6.6187262520289503e-01,9.9999619612491120e-01,1.1175158891005528e-12,
7.5272057746156884e-01,-3.3356516604121611e-01,9.9999994760930810e-01,1.2863916279897592e-12,
-6.2162762823512852e-01,-8.8121597293261278e-01,9.9991189023934635e-01,1.4485797261428943e-12,
4.5798018659184030e-02,-9.0167254372698158e-01,9.9996043772280474e-01,1.6071268945393769e-12,
2.3666233683284119e-01,-4.8736466631173209e-01,9.9999999985340793e-01,1.4475971927101940e-12,
4.3601980022195069e-01,-5.2924896002384381e-01,9.9999999999367473e-01,1.6062761538359203e-12,
-9.8262386634935736e-02,-8.8602958041540580e-01,9.9996631196259311e-01,1.9096441882802304e-12,
-3.9414045557261007e-01,-7.7780719712160873e-01,9.9999990281742568e-01,2.0540861450846622e-12,
5.5132258090887376e-01,-5.1619057454256045e-01,9.9999994521171010e-01,2.1932271779411444e-12,
5.2529350668723840e-01,-6.6129242129614818e-01,9.9999999999619227e-01,1.9094933079574965e-12,
1.0726945647211990e-01,-6.6087777057093533e-01,9.9999999999842593e-01,2.0542070140007087e-12,
4.8180121993832653e-01,-2.1248221017310187e-01,9.9999999999939138e-01,2.1938394608247625e-12,
5.5112096899912966e-01,-8.8827919199376515e-01,9.9999999954922569e-01,5.3101376809498315e-15,
-4.2565084596831232e-01,-1.2487340700121639e+00,9.9997412960396759e-01,1.7540043119379333e-13,
-1.0268545863136470e-01,-1.2561590179195297e+00,9.9999508467872611e-01,3.4585055525705748e-13,
5.4144882455385557e-01,-7.6289534904602296e-01,9.9999999998104683e-01,5.3450841343189043e-15,
-2.5520441992994219e-01,-7.4851099349246808e-01,9.9999538215511352e-01,1.7653436750632954e-13,
4.5393946189982781e-01,-3.7879152101140967e-01,9.9999999992429744e-01,3.4796175721923350e-13,

145,4
1.1701267380853992e+00,7.1362784416125957e-01,1.0000191395856506e+00,1.6483931034191051e-13,
9.9848614639962396e-01,9.6344351734565559e-01,1.0000002143454447e+00,3.3525006338527788e-13,
9.3352408222895944e-01,8.3268343526582678e-01,1.0000060508779773e+00,4.2055949538254947e-13,
1.1115910009212968e+00,1.1797108002885346e+00,1.0000002203661962e+00,1.6387746647273144e-13,
1.2263761939378031e+00,8.8679785532789968e-01,1.0007807080665445e+00,3.3337915523949615e-13,
1.0623690487038806e+00,8.1686807215930846e-01,1.0000089942642703e+00,4.1829167118986583e-13,
7.7433518391722977e-01,7.2666195153290369e-01,1.0001790571265050e+00,2.1063569380523436e-12,
1.2498124304444305e+00,6.2822631981484667e-01,1.0000011951245431e+00,2.1752882091095283e-12,
1.4015916583750219e+00,1.4827628162660977e+00,1.0000078757999589e+00,5.0337037105061316e-13,
1.3272906793951869e+00,9.3676308604145542e-01,1.0000389323328387e+00,1.5918369660400344e-12,
1.0007402923644775e+00,8.4924003677699866e-01,1.0000108409686199e+00,1.9668695683108608e-12,
1.1249933368662899e+00,6.0924095991588190e-01,1.0000516783832540e+00,2.1079455094102752e-12,
7.7239721409946771e-01,6.8065806248869321e-01,1.0000154707112847e+00,1.9680075531205163e-12,
1.2861653986325918e+00,4.2171214016382269e-01,1.0000025197464124e+00,2.1087946424587913e-12,
1.2954869281457024e+00,9.7967778790154070e-01,1.0000282960056113e+00,8.4403268150412592e-13,
1.2342380548480356e+00,5.4621921734149703e-01,1.0000112309459208e+00,1.4364661624756754e-12,
1.0918028390972176e+00,1.4419417750661645e+00,1.0000357101163235e+00,6.6961427648693274e-13,
1.2037637183680325e+00,5.7972334906016565e-01,1.0000464959633775e+00,1.1915071074945714e-12,
1.0172929930532755e+00,2.7089657463425704e-02,1.0000226539893105e+00,1.1957860296390611e-12,
1.6172080481904958e+00,5.9253791519712873e-01,1.0000251287754167e+00,1.2763398596593118e-12,
6.7517841865737283e-01,7.2356498903007016e-01,1.0000958616827125e+00,1.7485321450132202e-12,
1.0880208226066657e+00,4.8553248123573417e-01,1.0000641890645536e+00,1.0164285563478744e-12,
1.4132368805978368e+00,8.0483320510465717e-01,1.0000401261609375e+00,1.3639174260381367e-12,
6.8768735145435156e-01,5.8272228105097590e-01,1.0001243260630446e+00,4.1503627020892272e-13,
1.0500956953961986e+00,4.8753366704507806e-01,1.0000012325082335e+00,4.1048623516524945e-13,
1.0941038531545606e+00,7.6831129882501192e-01,1.0000383853856019e+00,4.9373756385764217e-13,
1.3922349091491046e+00,1.1646459316207896e+00,1.0000317094043156e+00,7.4710707528002372e-13,
1.3282344159255111e+00,1.1688986566124893e+00,1.0000388692192381e+00,9.2467772594504512e-13,
1.4495360006369944e+00,3.0223670249369489e-01,1.0000552067090893e+00,1.1201659629775497e-12,
1.1622936819276932e+00,7.9674041427479678e-02,1.0000069555543916e+00,1.2148802059833593e-12,
9.0379442270016741e-01,5.8341686015583172e-01,1.0000405028529487e+00,7.2892584586437132e-13,
1.0000000000000000e+40,1.0000000000000000e+40,1.0000000000000000e+40,1.0000000000000000e+40,
1.0000000000000000e+40,1.0000000000000000e+40,1.0000000000000000e+40,1.0000000000000000e+40,
1.0000000000000000e+40,1.0000000000000000e+40,1.0000000000000000e+40,1.0000000000000000e+40,
6.5723043628594036e-01,3.8691154629960040e-01,1.0001130558202225e+00,6.9936972597996570e-13,
1.0000000000000000e+40,1.0000000000000000e+40,1.0000000000000000e+40,1.0000000000000000e+40,
1.0000000000000000e+40,1.0000000000000000e+40,1.0000000000000000e+40,1.0000000000000000e+40,
1.0000000000000000e+40,1.0000000000000000e+40,1.0000000000000000e+40,1.0000000000000000e+40,
1.5023121735111604e+00,6.2081434628125187e-01,1.0001291567169186e+00,1.2995616132097275e-12,
1.9455031931013900e+00,6.5466841864188341e-01,1.0001299893030713e+00,1.3704148430391832e-12,
1.5012294425849930e+00,1.0307821671098458e+00,1.0001556259930640e+00,1.6781761870259375e-12,
1.3156241432651621e+00,9.4790769102214634e-01,1.0000825039772865e+00,1.8260419230843378e-12,
1.4490564656752916e+00,1.1022057795959603e+00,1.0001059260201275e+00,1.9703097205657357e-12,
1.6063045585879130e+00,4.5616330313417108e-01,1.0000015766313570e+00,2.1106004728954281e-12,
1.3543923736369587e+00,3.6717974341077031e-01,1.0000006166629956e+00,2.1791155945957964e-12,
1.5452705326262222e+00,7.8042388160320408e-01,1.0002090139149582e+00,1.6806796459051931e-12,
1.8638801626790713e+00,4.9253936918883207e-01,1.0000794544160860e+00,1.8275937985209199e-12,
1.9723702448371789e+00,7.7262055866733215e-01,1.0000289007519085e+00,1.9714064834282422e-12,
1.8763012181060779e+00,5.6088335413254742e-01,1.0000001370420875e+00,2.1114951946741763e-12,
1.1900125859311930e+00,8.0048764461113142e-01,1.0000006528413270e+00,2.1799556250709330e-12,
2.1889421715459232e+00,9.3544315812123280e-01,1.0000438268599543e+00,1.5312765956022797e-12,
7.9379112565711052e-01,1.0647639418793340e+00,1.0000134472077451e+00,3.2357887249247203e-13,
7.7624357815181966e-01,4.8679955542662567e-01,1.0000453656904966e+00,4.0514659342542521e-13,
8.0183776705804932e-01,5.0153332525443151e-01,1.0000009929416624e+00,3.2101709207663525e-13,
8.6448156564133294e-01,5.8693157362913673e-01,1.0000009364659168e+00,4.0125231417006034e-13,
1.2160147085705406e+00,8.1132504569809338e-01,1.0000149658093918e+00,1.3975373513498826e-12,
1.1826495252499174e+00,8.7948587366725495e-01,1.0000092953895448e+00,1.4671402994754293e-12,
1.1052575563394860e+00,9.2635646342054034e-01,1.0000008786345538e+00,1.5355538608986919e-12,
1.3732074136153349e+00,9.7595605209491409e-01,1.0000579261706424e+00,1.6829114529942341e-12,
1.7145570437049742e+00,4.1194004074295598e-01,1.0000136045461920e+00,1.8300760403521155e-12,
2.2330639275543041e+00,7.0318989361633877e-01,1.0000493325321376e+00,1.9732878772924628e-12,
2.0277037115098206e+00,9.9782056467608116e-01,1.0000329680621267e+00,2.1131104757856705e-12,
2.4505979958777053e+00,1.2597789371760919e+00,1.0002475675347229e+00,2.2487558819397116e-12,
1.8713612725780817e+00,5.9199074639409266e-01,1.0000000000048863e+00,2.3148095143488283e-12,
1.4365617048400581e+00,1.9917637898298599e-01,1.0000241045279998e+00,1.8307970882034850e-12,
1.4678195730354546e+00,3.7557717502486238e-01,1.0000547940744788e+00,1.9739463074615217e-12,
1.5947218025954990e+00,8.0771577269923700e-01,1.0000547789217833e+00,2.1137506658465384e-12,
1.3728724155269392e+00,8.2905448209912447e-01,1.0000022083834543e+00,2.2493968853686184e-12,
1.1362832994940000e+00,6.4922256114503085e-01,1.0000000000004123e+00,2.3154302760107324e-12,
7.7721350918443322e-01,7.2884091314089428e-01,1.0000675842626581e+00,5.5725246217537935e-13,
1.0581547300618486e+00,6.6466313814686728e-01,1.0000603800723094e+00,5.6207862723654479e-13,
6.0589426812011904e-01,2.9664622593200901e-01,1.0000705060595032e+00,7.1534587581914935e-13,
1.0000000000000000e+40,1.0000000000000000e+40,1.0000000000000000e+40,1.0000000000000000e+40,
1.0000000000000000e+40,1.0000000000000000e+40,1.0000000000000000e+40,1.0000000000000000e+40,
1.0000000000000000e+40,1.0000000000000000e+40,1.0000000000000000e+40,1.0000000000000000e+40,
1.0522783109475922e+00,1.3269944367071340e-01,1.0002535520584901e+00,5.6791441021373203e-13,
8.4172020167500672e-01,4.0860660710970698e-01,1.0000257806994330e+00,7.3029181433218683e-13,
1.3603204864331944e+00,4.3084312109526496e-01,1.0000287332609208e+00,9.1079516426610710e-13,
1.7368474561188398e+00,5.0115469926886469e-01,1.0000065841697765e+00,1.1430719770500739e-12,
1.3532653818170566e+00,9.3337517549280691e-01,1.0000004545293359e+00,1.2383826911448639e-12,
1.0334372454061567e+00,2.3949238056845712e-01,1.0000310867243136e+00,1.4019322417572098e-12,
1.6080415957475103e+00,7.6786819266267803e-01,1.0000391028854636e+00,1.6855174723320225e-12,
1.6101712756167399e+00,1.5728156830516901e-01,1.0000440302792932e+00,1.6856561178409617e-12,
1.3908526563991443e+00,6.3001653985558825e-01,1.0000415186947822e+00,1.8311129185199563e-12,
1.2743126955155222e+00,3.6499109088863280e-01,1.0000053403798044e+00,1.9745840068565035e-12,
1.4294569669065902e+00,8.9307566560645157e-01,1.0000248512034497e+00,2.1145835057531321e-12,
7.9892401793550816e-01,8.4152129062450975e-01,1.0000017466062767e+00,2.1830126980779032e-12,
2.1610314899111756e+00,8.4737549657424327e-01,1.0000911685215694e+00,1.8309641558909886e-12,
1.6172730269391580e+00,8.9882272646259254e-01,1.0000114685348971e+00,1.9746175280708988e-12,
1.3652847970248683e+00,9.5114730581823737e-01,1.0000000428627864e+00,2.1150108688254534e-12,
1.7217077132913792e+00,8.9366385089465317e-01,1.0000000000023315e+00,2.1836138484645210e-12,
1.6560506168364053e+00,8.1142083228754303e-01,1.0000647186379574e+00,1.8298340137016870e-12,
1.4781218055877936e+00,1.0523813829403996e+00,1.0000036657452218e+00,1.9744720690345771e-12,
1.8354606174977959e+00,7.3309325550188076e-01,1.0000374893486210e+00,2.1152920534295453e-12,
1.1937375742529939e+00,6.6629719211035798e-01,1.0000000000023175e+00,2.1841250734148185e-12,
1.0983520997502740e+00,3.7146942651140424e-01,1.0000239929693622e+00,1.8283818667767724e-12,
1.0809749575574081e+00,6.2220769880912064e-01,1.0000763380684177e+00,1.9740777776158839e-12,
1.0626053735350278e+00,4.6556658529410794e-01,1.0000000359198755e+00,2.1154142001714338e-12,
1.1261638204527524e+00,6.4909223518177828e-01,1.0000000000022311e+00,2.1843809249757797e-12,
1.0201096875263593e+00,4.2474202740595729e-01,1.0000448399183572e+00,2.4196750298702406e-13,
8.3852382364019695e-01,4.1358524302002031e-01,1.0000177352909598e+00,4.0579758202413510e-13,
1.1816175051347972e+00,4.0657679195534963e-01,1.0000436366902892e+00,2.4479989356759836e-13,
9.9891640229408063e-01,3.8839990586581902e-01,1.0000833842629571e+00,4.1159795885705838e-13,
9.2826052421671201e-01,9.6180491133069757e-02,1.0001423278888082e+00,2.4759751937042177e-13,
8.8320263699410728e-01,4.5769007718553201e-01,1.0001135248510706e+00,4.1664101477133013e-13,
1.0712869189641199e+00,2.8185869364084776e-01,1.0000438500133313e+00,1.4678987776830168e-12,
1.7927297665757425e+00,9.3034006679023462e-01,1.0002361207289663e+00,1.3900110709014795e-12,
1.7440514745319473e+00,4.8911586926216832e-01,1.0000348777750163e+00,1.5370944365662094e-12,
9.7444195643470599e-01,3.6787911266439005e-01,1.0000545063691948e+00,8.3706579683266928e-13,
1.2373723738169304e+00,4.2209733626019402e-01,1.0000199435608068e+00,1.0190422321685893e-12,
1.3103392047442863e+00,1.3162564186385967e-01,1.0001029086670941e+00,8.4527796084676842e-13,
1.2148760110501002e+00,4.5532550235370528e-01,1.0000337588028072e+00,1.0202594843954836e-12,
1.3568632261221469e+00,8.7803866486517923e-01,1.0000044298650306e+00,1.2169491005780945e-12,
1.3433525571293530e+00,5.6752815148644864e-01,1.0000685646183367e+00,1.1989470881337466e-12,
1.3020434359303981e+00,3.4291518731988480e-01,1.0000135397023620e+00,1.5298904515057907e-12,
1.4282934604513400e+00,3.1909889903064159e-01,1.0000268332743423e+00,1.6062181930927171e-12,
1.3026972969245714e+00,2.1394143124438575e-01,1.0000046872430817e+00,1.5236831735105386e-12,
8.4740106295934181e-01,3.5839213451748936e-01,1.0000017764553526e+00,1.6016259833156316e-12,
1.3943515939385736e+00,5.0496427296984914e-01,1.0001384215391775e+00,5.8653654877693084e-13,
1.6699303164295112e+00,4.2297317163715681e-01,1.0000058453114515e+00,6.7214383908983719e-13,
1.6220145759906286e+00,6.7459021296984700e-01,1.0000001129582523e+00,1.3633213599402166e-12,
6.4385171644040962e-01,4.6591897368596635e-01,1.0000642511329982e+00,4.2032737120710506e-13,
1.1225151035679599e+00,3.9862737826275296e-01,1.0000975559686622e+00,5.0579949314147541e-13,
1.3565353721798445e+00,5.4769998873537973e-01,1.0000190176888522e+00,7.6321021175167434e-13,
1.0848524890766964e+00,2.2556351229131005e-01,1.0001176481248408e+00,9.3538826298000318e-13,
9.6213320493083054e-01,2.1311133847828101e-01,1.0000007232861694e+00,7.6482959867043717e-13,
1.0521504996457742e+00,2.3963762185157106e-01,1.0000000002372074e+00,9.3635765364191924e-13,
1.3061297305608159e+00,4.9867396218385057e-01,1.0000010101551611e+00,1.2775844004614836e-12,
1.5182023952737764e+00,4.2410032666025904e-01,1.0000001931127060e+00,1.3604176036968166e-12,
8.9691600704064611e-01,4.0862407106990750e-01,1.0002138320037377e+00,1.5998095127730925e-12,
1.1328108135745321e+00,1.5193635316128909e-01,1.0000008115138712e+00,1.6769390851322510e-12,
1.5061058769053350e+00,4.0980166781514887e-01,1.0000000001022467e+00,1.5972302536312047e-12,
9.0384510152520736e-01,1.6890190930677146e-01,1.0000000000236462e+00,1.6748671216908178e-12,
1.1765214576269958e+00,5.9509330764596069e-01,1.0000040904272334e+00,2.0453034478357249e-12,
1.5277146252370299e+00,6.8269284330717239e-01,1.0000000000031954e+00,2.1852232920480148e-12,
1.6190265673501987e+00,9.9599107108625473e-01,1.0000081305231432e+00,2.2532463287029906e-12,
9.5861016573573155e-01,2.4435596087950284e-01,1.0000000000019404e+00,2.0454023479598934e-12,
1.0449851099297121e+00,5.3232168269745550e-01,1.0000000000009215e+00,2.1855366599053518e-12,
8.2385947702610240e-01,3.9831553064633562e-01,1.0000000000004896e+00,2.2536516523906125e-12,
1.1178304426172057e+00,2.2351454367763718e-01,1.0000000000698441e+00,1.6577185987634001e-13,
1.1296936277330607e+00,4.9227702642479121e-01,1.0000140403990658e+00,3.3713247652935882e-13,
8.8616617259402808e-01,-5.0122015061558244e-02,1.0000364784111706e+00,4.2291065744570198e-13,
1.4460419755781837e+00,7.5211947128121914e-01,1.0000000000424067e+00,1.6651227278422774e-13,
1.2550619977648407e+00,2.5683991254716143e-01,1.0000137431952096e+00,3.3859320543949503e-13,
8.9822280779405572e-01,9.0282854277197053e-02,1.0000000014597543e+00,4.2464834180178641e-13,

