1
1
1
1
(145 0
((0,168) (16,184) (1,1))
((16,168) (32,184) (1,1))
((32,168) (40,184) (1,1))
((0,184) (16,200) (1,1))
((16,184) (32,200) (1,1))
((32,184) (40,200) (1,1))
((192,168) (208,184) (1,1))
((208,168) (216,184) (1,1))
((40,184) (48,200) (1,1))
((144,184) (152,192) (1,1))
((176,184) (192,200) (1,1))
((192,184) (208,200) (1,1))
((176,200) (192,208) (1,1))
((192,200) (208,208) (1,1))
((72,192) (80,208) (1,1))
((120,184) (136,200) (1,1))
((48,200) (64,216) (1,1))
((96,192) (112,208) (1,1))
((96,208) (112,216) (1,1))
((112,200) (120,208) (1,1))
((152,200) (168,208) (1,1))
((88,208) (96,216) (1,1))
((112,208) (128,216) (1,1))
((24,200) (40,216) (1,1))
((24,216) (40,232) (1,1))
((40,216) (48,232) (1,1))
((56,216) (72,232) (1,1))
((72,216) (88,232) (1,1))
((88,216) (104,232) (1,1))
((104,216) (112,232) (1,1))
((56,232) (72,248) (1,1))
((72,232) (88,248) (1,1))
((88,232) (104,248) (1,1))
((104,232) (112,248) (1,1))
((56,248) (72,256) (1,1))
((72,248) (88,256) (1,1))
((88,248) (104,256) (1,1))
((104,248) (112,256) (1,1))
((112,216) (120,232) (1,1))
((120,216) (128,224) (1,1))
((144,208) (160,224) (1,1))
((160,208) (176,224) (1,1))
((176,208) (192,224) (1,1))
((192,208) (208,224) (1,1))
((208,208) (216,224) (1,1))
((144,224) (160,232) (1,1))
((160,224) (176,232) (1,1))
((176,224) (192,232) (1,1))
((192,224) (208,232) (1,1))
((208,224) (216,232) (1,1))
((128,224) (144,232) (1,1))
((16,232) (32,248) (1,1))
((32,232) (40,248) (1,1))
((16,248) (32,256) (1,1))
((32,248) (40,256) (1,1))
((112,232) (128,248) (1,1))
((128,232) (136,248) (1,1))
((136,232) (144,240) (1,1))
((152,232) (160,240) (1,1))
((160,232) (176,248) (1,1))
((176,232) (192,248) (1,1))
((192,232) (208,248) (1,1))
((208,232) (224,248) (1,1))
((224,232) (232,248) (1,1))
((160,248) (176,256) (1,1))
((176,248) (192,256) (1,1))
((192,248) (208,256) (1,1))
((208,248) (224,256) (1,1))
((224,248) (232,256) (1,1))
((40,248) (56,256) (1,1))
((40,256) (56,272) (1,1))
((56,256) (72,272) (1,1))
((72,256) (88,272) (1,1))
((88,256) (104,272) (1,1))
((104,256) (112,272) (1,1))
((40,272) (56,280) (1,1))
((56,272) (72,280) (1,1))
((72,272) (88,280) (1,1))
((88,272) (104,280) (1,1))
((104,272) (112,280) (1,1))
((120,256) (128,264) (1,1))
((144,240) (160,256) (1,1))
((144,256) (160,272) (1,1))
((160,256) (176,272) (1,1))
((176,256) (192,272) (1,1))
((192,256) (208,272) (1,1))
((208,256) (216,272) (1,1))
((160,272) (176,288) (1,1))
((176,272) (192,288) (1,1))
((192,272) (208,288) (1,1))
((208,272) (216,288) (1,1))
((160,288) (176,304) (1,1))
((176,288) (192,304) (1,1))
((192,288) (208,304) (1,1))
((208,288) (216,304) (1,1))
((160,304) (176,312) (1,1))
((176,304) (192,312) (1,1))
((192,304) (208,312) (1,1))
((208,304) (216,312) (1,1))
((8,264) (24,280) (1,1))
((24,264) (40,280) (1,1))
((8,280) (24,296) (1,1))
((24,280) (40,296) (1,1))
((8,296) (24,312) (1,1))
((24,296) (40,312) (1,1))
((128,264) (136,272) (1,1))
((112,272) (128,288) (1,1))
((128,272) (144,288) (1,1))
((64,280) (80,296) (1,1))
((80,280) (96,296) (1,1))
((64,296) (80,312) (1,1))
((80,296) (96,312) (1,1))
((104,280) (112,296) (1,1))
((104,296) (112,312) (1,1))
((128,288) (144,304) (1,1))
((144,288) (152,304) (1,1))
((128,304) (144,312) (1,1))
((144,304) (152,312) (1,1))
((40,296) (56,312) (1,1))
((56,296) (64,312) (1,1))
((112,304) (128,312) (1,1))
((24,312) (40,328) (1,1))
((40,312) (48,328) (1,1))
((56,312) (72,328) (1,1))
((72,312) (88,328) (1,1))
((56,328) (72,336) (1,1))
((72,328) (88,336) (1,1))
((104,312) (120,320) (1,1))
((120,312) (128,320) (1,1))
((136,312) (152,328) (1,1))
((152,312) (160,328) (1,1))
((136,328) (152,336) (1,1))
((152,328) (160,336) (1,1))
((184,320) (200,336) (1,1))
((200,320) (216,336) (1,1))
((216,320) (224,336) (1,1))
((184,336) (200,344) (1,1))
((200,336) (216,344) (1,1))
((216,336) (224,344) (1,1))
((0,328) (16,344) (1,1))
((16,328) (32,344) (1,1))
((32,328) (40,344) (1,1))
((0,344) (16,360) (1,1))
((16,344) (32,360) (1,1))
((32,344) (40,360) (1,1))
)
145
FabOnDisk: SD_1_Old_MF_D_00000 0
FabOnDisk: SD_1_Old_MF_D_00000 2974
FabOnDisk: SD_1_Old_MF_D_00000 5948
FabOnDisk: SD_1_Old_MF_D_00000 7706
FabOnDisk: SD_1_Old_MF_D_00000 10680
FabOnDisk: SD_1_Old_MF_D_00000 13654
FabOnDisk: SD_1_Old_MF_D_00000 15412
FabOnDisk: SD_1_Old_MF_D_00000 18388
FabOnDisk: SD_1_Old_MF_D_00000 20148
FabOnDisk: SD_1_Old_MF_D_00000 21906
FabOnDisk: SD_1_Old_MF_D_00000 22962
FabOnDisk: SD_1_Old_MF_D_00000 25938
FabOnDisk: SD_1_Old_MF_D_00000 28914
FabOnDisk: SD_1_Old_MF_D_00000 30674
FabOnDisk: SD_1_Old_MF_D_00000 32434
FabOnDisk: SD_1_Old_MF_D_00000 34192
FabOnDisk: SD_1_Old_MF_D_00000 37168
FabOnDisk: SD_1_Old_MF_D_00000 40142
FabOnDisk: SD_1_Old_MF_D_00000 43117
FabOnDisk: SD_1_Old_MF_D_00000 44876
FabOnDisk: SD_1_Old_MF_D_00000 45932
FabOnDisk: SD_1_Old_MF_D_00000 47692
FabOnDisk: SD_1_Old_MF_D_00000 48746
FabOnDisk: SD_1_Old_MF_D_00000 50506
FabOnDisk: SD_1_Old_MF_D_00000 53480
FabOnDisk: SD_1_Old_MF_D_00000 56454
FabOnDisk: SD_1_Old_MF_D_00000 58212
FabOnDisk: SD_1_Old_MF_D_00000 61186
FabOnDisk: SD_1_Old_MF_D_00000 64160
FabOnDisk: SD_1_Old_MF_D_00000 67135
FabOnDisk: SD_1_Old_MF_D_00000 68895
FabOnDisk: SD_1_Old_MF_D_00000 71869
FabOnDisk: SD_1_Old_MF_D_00000 74843
FabOnDisk: SD_1_Old_MF_D_00000 77818
FabOnDisk: SD_1_Old_MF_D_00000 79578
FabOnDisk: SD_1_Old_MF_D_00000 81336
FabOnDisk: SD_1_Old_MF_D_00000 83094
FabOnDisk: SD_1_Old_MF_D_00000 84853
FabOnDisk: SD_1_Old_MF_D_00000 85909
FabOnDisk: SD_1_Old_MF_D_00000 87669
FabOnDisk: SD_1_Old_MF_D_00000 88725
FabOnDisk: SD_1_Old_MF_D_00000 91701
FabOnDisk: SD_1_Old_MF_D_00000 94677
FabOnDisk: SD_1_Old_MF_D_00000 97653
FabOnDisk: SD_1_Old_MF_D_00000 100629
FabOnDisk: SD_1_Old_MF_D_00000 102389
FabOnDisk: SD_1_Old_MF_D_00000 104149
FabOnDisk: SD_1_Old_MF_D_00000 105909
FabOnDisk: SD_1_Old_MF_D_00000 107669
FabOnDisk: SD_1_Old_MF_D_00000 109429
FabOnDisk: SD_1_Old_MF_D_00000 110485
FabOnDisk: SD_1_Old_MF_D_00000 112245
FabOnDisk: SD_1_Old_MF_D_00000 115219
FabOnDisk: SD_1_Old_MF_D_00000 116977
FabOnDisk: SD_1_Old_MF_D_00000 118735
FabOnDisk: SD_1_Old_MF_D_00000 119789
FabOnDisk: SD_1_Old_MF_D_00000 122765
FabOnDisk: SD_1_Old_MF_D_00000 124525
FabOnDisk: SD_1_Old_MF_D_00000 125581
FabOnDisk: SD_1_Old_MF_D_00000 126637
FabOnDisk: SD_1_Old_MF_D_00000 129613
FabOnDisk: SD_1_Old_MF_D_00000 132589
FabOnDisk: SD_1_Old_MF_D_00000 135565
FabOnDisk: SD_1_Old_MF_D_00000 138541
FabOnDisk: SD_1_Old_MF_D_00000 140301
FabOnDisk: SD_1_Old_MF_D_00000 142061
FabOnDisk: SD_1_Old_MF_D_00000 143821
FabOnDisk: SD_1_Old_MF_D_00000 145581
FabOnDisk: SD_1_Old_MF_D_00000 147341
FabOnDisk: SD_1_Old_MF_D_00000 148397
FabOnDisk: SD_1_Old_MF_D_00000 150155
FabOnDisk: SD_1_Old_MF_D_00000 153129
FabOnDisk: SD_1_Old_MF_D_00000 156103
FabOnDisk: SD_1_Old_MF_D_00000 159077
FabOnDisk: SD_1_Old_MF_D_00000 162052
FabOnDisk: SD_1_Old_MF_D_00000 163812
FabOnDisk: SD_1_Old_MF_D_00000 165570
FabOnDisk: SD_1_Old_MF_D_00000 167328
FabOnDisk: SD_1_Old_MF_D_00000 169086
FabOnDisk: SD_1_Old_MF_D_00000 170845
FabOnDisk: SD_1_Old_MF_D_00000 171901
FabOnDisk: SD_1_Old_MF_D_00000 172957
FabOnDisk: SD_1_Old_MF_D_00000 175933
FabOnDisk: SD_1_Old_MF_D_00000 178909
FabOnDisk: SD_1_Old_MF_D_00000 181885
FabOnDisk: SD_1_Old_MF_D_00000 184861
FabOnDisk: SD_1_Old_MF_D_00000 187837
FabOnDisk: SD_1_Old_MF_D_00000 189597
FabOnDisk: SD_1_Old_MF_D_00000 192573
FabOnDisk: SD_1_Old_MF_D_00000 195549
FabOnDisk: SD_1_Old_MF_D_00000 198525
FabOnDisk: SD_1_Old_MF_D_00000 200285
FabOnDisk: SD_1_Old_MF_D_00000 203261
FabOnDisk: SD_1_Old_MF_D_00000 206237
FabOnDisk: SD_1_Old_MF_D_00000 209213
FabOnDisk: SD_1_Old_MF_D_00000 210973
FabOnDisk: SD_1_Old_MF_D_00000 212733
FabOnDisk: SD_1_Old_MF_D_00000 214493
FabOnDisk: SD_1_Old_MF_D_00000 216253
FabOnDisk: SD_1_Old_MF_D_00000 217309
FabOnDisk: SD_1_Old_MF_D_00000 220282
FabOnDisk: SD_1_Old_MF_D_00000 223256
FabOnDisk: SD_1_Old_MF_D_00000 226229
FabOnDisk: SD_1_Old_MF_D_00000 229203
FabOnDisk: SD_1_Old_MF_D_00000 232176
FabOnDisk: SD_1_Old_MF_D_00000 235150
FabOnDisk: SD_1_Old_MF_D_00000 236206
FabOnDisk: SD_1_Old_MF_D_00000 239182
FabOnDisk: SD_1_Old_MF_D_00000 242158
FabOnDisk: SD_1_Old_MF_D_00000 245132
FabOnDisk: SD_1_Old_MF_D_00000 248106
FabOnDisk: SD_1_Old_MF_D_00000 251080
FabOnDisk: SD_1_Old_MF_D_00000 254054
FabOnDisk: SD_1_Old_MF_D_00000 255814
FabOnDisk: SD_1_Old_MF_D_00000 257574
FabOnDisk: SD_1_Old_MF_D_00000 260550
FabOnDisk: SD_1_Old_MF_D_00000 262310
FabOnDisk: SD_1_Old_MF_D_00000 264070
FabOnDisk: SD_1_Old_MF_D_00000 265126
FabOnDisk: SD_1_Old_MF_D_00000 268100
FabOnDisk: SD_1_Old_MF_D_00000 269858
FabOnDisk: SD_1_Old_MF_D_00000 271618
FabOnDisk: SD_1_Old_MF_D_00000 274592
FabOnDisk: SD_1_Old_MF_D_00000 276350
FabOnDisk: SD_1_Old_MF_D_00000 279324
FabOnDisk: SD_1_Old_MF_D_00000 282298
FabOnDisk: SD_1_Old_MF_D_00000 284056
FabOnDisk: SD_1_Old_MF_D_00000 285814
FabOnDisk: SD_1_Old_MF_D_00000 287574
FabOnDisk: SD_1_Old_MF_D_00000 288630
FabOnDisk: SD_1_Old_MF_D_00000 291606
FabOnDisk: SD_1_Old_MF_D_00000 293366
FabOnDisk: SD_1_Old_MF_D_00000 295126
FabOnDisk: SD_1_Old_MF_D_00000 296182
FabOnDisk: SD_1_Old_MF_D_00000 299158
FabOnDisk: SD_1_Old_MF_D_00000 302134
FabOnDisk: SD_1_Old_MF_D_00000 303894
FabOnDisk: SD_1_Old_MF_D_00000 305654
FabOnDisk: SD_1_Old_MF_D_00000 307414
FabOnDisk: SD_1_Old_MF_D_00000 308470
FabOnDisk: SD_1_Old_MF_D_00000 311444
FabOnDisk: SD_1_Old_MF_D_00000 314418
FabOnDisk: SD_1_Old_MF_D_00000 316176
FabOnDisk: SD_1_Old_MF_D_00000 319150
FabOnDisk: SD_1_Old_MF_D_00000 322124

145,1
-4.0798746131179178e+02,
-3.0277399574247465e+02,
-4.5720335656728184e+02,
3.6904477931461406e+02,
4.6043120854763401e+01,
-2.8947867533686349e+02,
-9.1393689066374327e+02,
-9.1393689066374327e+02,
-3.5070427433748137e+02,
-3.8596481024572540e+02,
-4.6822131665947654e+02,
-1.1632813099701111e+03,
-5.1756261854835702e+02,
-1.1799145226431292e+03,
1.6095350881750255e+02,
-2.7042799797399948e+02,
1.5627216600555312e+02,
-3.9194052738692790e+02,
-1.9218714998103951e+02,
-4.2298590283105614e+02,
1.0658923426990441e+01,
1.4483827757396284e+02,
-3.8433594882756870e+02,
3.1015795252221869e+02,
7.7330183160723118e+02,
7.1383025246984016e+02,
3.7986554584466103e+02,
3.1285458695030775e+02,
-2.3419801027976064e+00,
-1.5304128841571855e+02,
7.4197448711142897e+02,
0.0000000000000000e+00,
-9.3121749655261738e+01,
-2.7960657553204419e+02,
8.8464229645981322e+02,
0.0000000000000000e+00,
0.0000000000000000e+00,
-3.3512058453469444e+02,
-3.5911442571230191e+02,
-3.8433594882756870e+02,
7.0564935689420508e+01,
-1.9635972320038445e+02,
-5.4339311077341517e+02,
-1.1430485985685100e+03,
-1.1993499697276461e+03,
2.9268418401267809e+01,
-2.1133538248870582e+02,
-5.4303527373218139e+02,
-9.3446272979713558e+02,
-1.1666323397620617e+03,
-1.2534471213553115e+02,
1.5638458391389722e+03,
1.1234120580648714e+03,
1.7697191270310959e+03,
1.3627612417450919e+03,
-3.0687894648919428e+02,
-1.9946048543238567e+02,
-1.0103002894522751e+02,
8.4584260798777905e+01,
-2.1700988464051397e+02,
-5.3682873989148538e+02,
-8.6740152211214718e+02,
-1.1163693234412731e+03,
-1.0625218484721313e+03,
-2.1675868834699304e+02,
-5.3024705303094970e+02,
-8.2677877601616592e+02,
-9.9582164428353008e+02,
-9.4510965506659340e+02,
1.2372974291122246e+03,
1.1410326854924870e+03,
8.0216116680408140e+02,
0.0000000000000000e+00,
-1.9269345319001786e+02,
-3.5081376643544263e+02,
1.0406098734018587e+03,
7.6817687561564981e+02,
2.0642333792566387e+02,
-1.1403678004056701e+02,
-2.8561304604813495e+02,
-2.5541505859388508e+02,
7.1140392009470361e+01,
-2.9339322692148016e+01,
-2.1229471903198328e+02,
-5.4942813189722210e+02,
-9.2255868129120609e+02,
-1.1269548724388378e+03,
-2.0929031541034146e+02,
-5.5749050486537362e+02,
-9.5731339590719381e+02,
-1.2125850731748092e+03,
-2.7180879946738833e+02,
-5.5728849526593376e+02,
-9.5261820865345771e+02,
-1.2034000255798860e+03,
-2.7629233834366096e+02,
-5.1948317449697197e+02,
-8.4247243956052534e+02,
-1.0737782130486576e+03,
2.0183253885546746e+03,
1.1703184148511900e+03,
1.7652116397613545e+03,
9.5436922930298715e+02,
1.5460634358793122e+03,
8.0197462134203033e+02,
-2.0352034007185921e+02,
-3.3447804231538521e+02,
-3.6499661480145232e+02,
2.6870971789904797e+02,
-2.8476531867526819e+02,
-6.0004641944987270e+01,
-3.3721554716100445e+02,
-3.6580340843637532e+02,
-3.6580340843637532e+02,
-3.1122583350060313e+02,
-3.1122583350060313e+02,
-1.6759351370384911e+02,
-3.2263598618895867e+02,
5.1800330801600376e+02,
4.3212716546291813e+02,
-2.2564083765585156e+02,
6.0042574691366099e+01,
1.5291541247157511e+01,
-1.1477136259206873e+02,
-6.2012908776405629e+02,
-2.4806601684531961e+02,
-6.2012908776405629e+02,
-2.3684482902109630e+02,
-2.8270408538374750e+02,
-3.0439474829875371e+02,
-4.8209045745322965e+02,
-2.7270596256992167e+02,
-4.7496072804596906e+02,
-6.1987829465372215e+02,
-7.9144112361350381e+02,
-9.0771557889796259e+02,
-4.1552088252841668e+02,
-6.7460383272922581e+02,
-8.7778700598656769e+02,
2.8389259863236566e+02,
-1.1669786209010454e+02,
-4.4929551457980369e+02,
-4.2701133523719682e+02,
-4.1276798318252031e+02,
-6.0830985063465687e+02,

145,1
4.3518618516169681e+02,
3.6904477931461406e+02,
4.6043120854763401e+01,
1.3815893057132353e+03,
1.3082360078973070e+03,
7.2250139039140322e+02,
-1.1417456904533537e+02,
-4.4889405700040879e+02,
3.1460770492167921e+02,
-2.3104524841513557e+02,
1.4789891669767485e+02,
-1.4694291940392714e+02,
9.0426962918356821e+01,
-4.6822131665947654e+02,
5.1080420242918717e+02,
1.6166949892003595e+02,
9.1666541704301926e+02,
2.0035863046601753e+02,
1.5857987380175291e+02,
-1.4325803422905574e+02,
2.0997079614950962e+02,
3.5688627735363934e+02,
-1.5304128841571855e+02,
1.8549038314016088e+03,
2.0410713617339834e+03,
1.1691736878329802e+03,
1.2853947385164302e+03,
7.4197448711142897e+02,
3.8295603008126091e+02,
1.9946040969965907e+01,
1.3662578780301310e+03,
8.8464229645981322e+02,
5.5213722150375997e+02,
1.9495510835413370e+01,
1.2980726139860699e+03,
8.9410751623066881e+02,
0.0000000000000000e+00,
0.0000000000000000e+00,
-1.2819572465561214e+02,
-1.2534471213553115e+02,
3.2613669952280725e+02,
8.0972599417837046e+01,
-3.4641152069144482e+01,
-5.1756261854835702e+02,
-9.3446272979713558e+02,
3.0498268200518760e+02,
8.4584260798777905e+01,
-1.9635972320038445e+02,
-5.3682873989148538e+02,
-8.6740152211214718e+02,
3.0498268200518760e+02,
2.5463790142375883e+03,
1.7697191270310959e+03,
2.5559100489326065e+03,
1.9349872204219118e+03,
1.0462783876222602e+01,
1.7932943433995206e+01,
1.2310013192161114e+02,
3.1782163541404179e+02,
9.2694110113370698e+01,
-2.1133538248870582e+02,
-5.2601107165947496e+02,
-7.9790038859028027e+02,
-7.1277776705276710e+02,
7.4966417180283315e+01,
-2.1229471903198328e+02,
-5.2602152479649340e+02,
-7.9852279938007950e+02,
-6.6669867933688829e+02,
1.7804571880927142e+03,
1.9035211519127288e+03,
1.2372974291122246e+03,
8.9062376215391305e+02,
4.6027918313864939e+02,
0.0000000000000000e+00,
1.5271793962499341e+03,
1.1410326854924870e+03,
8.0216116680408140e+02,
3.3449822639450213e+02,
1.4963743989740578e+01,
-1.4340703840470587e+02,
3.2507957166839242e+02,
3.1739852718170278e+02,
2.5484327769682568e+02,
-1.8862738371847354e+02,
-5.3024705303094970e+02,
-8.2677877601616592e+02,
3.0901351483981807e+02,
-1.8576072627035910e+02,
-5.4942813189722210e+02,
-9.2255868129120609e+02,
2.0858705815743042e+02,
-2.0929031541034146e+02,
-5.1948317449697197e+02,
-8.4247243956052534e+02,
-1.0624638745758693e+02,
-2.5631496070309731e+02,
-4.9754942287084714e+02,
-7.4133154923706297e+02,
2.9630644552779522e+03,
2.1954291646449919e+03,
2.9045770511806668e+03,
2.0183253885546746e+03,
2.6327908103172313e+03,
1.7652116397613545e+03,
-6.4585360503222546e+01,
1.7994663202467018e+02,
1.7994663202467018e+02,
1.1318399704158664e+03,
4.8536431931965853e+02,
9.9786592772517815e+02,
2.6870971789904797e+02,
5.0480045728868390e+01,
4.6291065794310271e+01,
2.6558689966380007e+02,
-8.5392984698611144e+01,
8.6184733714881986e+01,
-1.1215816671036737e+02,
1.0619152844489545e+03,
1.0101021275196181e+03,
4.9056471307108040e+01,
1.6052013788039985e+03,
8.0197462134203033e+02,
6.6495185821772702e+02,
1.9677378908183891e+02,
3.1864796803838180e+02,
-1.1477136259206873e+02,
-3.1674207971287615e+01,
-1.6743921411012434e+02,
1.6360096399541362e+02,
-2.5996539431896099e+02,
1.4555662539011155e+02,
-2.5214805533187655e+02,
-6.7499330406141326e+01,
-4.1552088252841668e+02,
-6.7460383272922581e+02,
-5.8775690572300846e+01,
-3.4888300935493999e+02,
-5.2839530670701652e+02,
1.4327847304825691e+03,
1.1781765268150702e+03,
5.7116188522466473e+02,
3.9157422865088392e+02,
2.8389259863236566e+02,
-1.1669786209010454e+02,

