1
1
2
4
(145 0
((0,168) (15,183) (0,0))
((16,168) (31,183) (0,0))
((32,168) (39,183) (0,0))
((0,184) (15,199) (0,0))
((16,184) (31,199) (0,0))
((32,184) (39,199) (0,0))
((192,168) (207,183) (0,0))
((208,168) (215,183) (0,0))
((40,184) (47,199) (0,0))
((144,184) (151,191) (0,0))
((176,184) (191,199) (0,0))
((192,184) (207,199) (0,0))
((176,200) (191,207) (0,0))
((192,200) (207,207) (0,0))
((72,192) (79,207) (0,0))
((120,184) (135,199) (0,0))
((48,200) (63,215) (0,0))
((96,192) (111,207) (0,0))
((96,208) (111,215) (0,0))
((112,200) (119,207) (0,0))
((152,200) (167,207) (0,0))
((88,208) (95,215) (0,0))
((112,208) (127,215) (0,0))
((24,200) (39,215) (0,0))
((24,216) (39,231) (0,0))
((40,216) (47,231) (0,0))
((56,216) (71,231) (0,0))
((72,216) (87,231) (0,0))
((88,216) (103,231) (0,0))
((104,216) (111,231) (0,0))
((56,232) (71,247) (0,0))
((72,232) (87,247) (0,0))
((88,232) (103,247) (0,0))
((104,232) (111,247) (0,0))
((56,248) (71,255) (0,0))
((72,248) (87,255) (0,0))
((88,248) (103,255) (0,0))
((104,248) (111,255) (0,0))
((112,216) (119,231) (0,0))
((120,216) (127,223) (0,0))
((144,208) (159,223) (0,0))
((160,208) (175,223) (0,0))
((176,208) (191,223) (0,0))
((192,208) (207,223) (0,0))
((208,208) (215,223) (0,0))
((144,224) (159,231) (0,0))
((160,224) (175,231) (0,0))
((176,224) (191,231) (0,0))
((192,224) (207,231) (0,0))
((208,224) (215,231) (0,0))
((128,224) (143,231) (0,0))
((16,232) (31,247) (0,0))
((32,232) (39,247) (0,0))
((16,248) (31,255) (0,0))
((32,248) (39,255) (0,0))
((112,232) (127,247) (0,0))
((128,232) (135,247) (0,0))
((136,232) (143,239) (0,0))
((152,232) (159,239) (0,0))
((160,232) (175,247) (0,0))
((176,232) (191,247) (0,0))
((192,232) (207,247) (0,0))
((208,232) (223,247) (0,0))
((224,232) (231,247) (0,0))
((160,248) (175,255) (0,0))
((176,248) (191,255) (0,0))
((192,248) (207,255) (0,0))
((208,248) (223,255) (0,0))
((224,248) (231,255) (0,0))
((40,248) (55,255) (0,0))
((40,256) (55,271) (0,0))
((56,256) (71,271) (0,0))
((72,256) (87,271) (0,0))
((88,256) (103,271) (0,0))
((104,256) (111,271) (0,0))
((40,272) (55,279) (0,0))
((56,272) (71,279) (0,0))
((72,272) (87,279) (0,0))
((88,272) (103,279) (0,0))
((104,272) (111,279) (0,0))
((120,256) (127,263) (0,0))
((144,240) (159,255) (0,0))
((144,256) (159,271) (0,0))
((160,256) (175,271) (0,0))
((176,256) (191,271) (0,0))
((192,256) (207,271) (0,0))
((208,256) (215,271) (0,0))
((160,272) (175,287) (0,0))
((176,272) (191,287) (0,0))
((192,272) (207,287) (0,0))
((208,272) (215,287) (0,0))
((160,288) (175,303) (0,0))
((176,288) (191,303) (0,0))
((192,288) (207,303) (0,0))
((208,288) (215,303) (0,0))
((160,304) (175,311) (0,0))
((176,304) (191,311) (0,0))
((192,304) (207,311) (0,0))
((208,304) (215,311) (0,0))
((8,264) (23,279) (0,0))
((24,264) (39,279) (0,0))
((8,280) (23,295) (0,0))
((24,280) (39,295) (0,0))
((8,296) (23,311) (0,0))
((24,296) (39,311) (0,0))
((128,264) (135,271) (0,0))
((112,272) (127,287) (0,0))
((128,272) (143,287) (0,0))
((64,280) (79,295) (0,0))
((80,280) (95,295) (0,0))
((64,296) (79,311) (0,0))
((80,296) (95,311) (0,0))
((104,280) (111,295) (0,0))
((104,296) (111,311) (0,0))
((128,288) (143,303) (0,0))
((144,288) (151,303) (0,0))
((128,304) (143,311) (0,0))
((144,304) (151,311) (0,0))
((40,296) (55,311) (0,0))
((56,296) (63,311) (0,0))
((112,304) (127,311) (0,0))
((24,312) (39,327) (0,0))
((40,312) (47,327) (0,0))
((56,312) (71,327) (0,0))
((72,312) (87,327) (0,0))
((56,328) (71,335) (0,0))
((72,328) (87,335) (0,0))
((104,312) (119,319) (0,0))
((120,312) (127,319) (0,0))
((136,312) (151,327) (0,0))
((152,312) (159,327) (0,0))
((136,328) (151,335) (0,0))
((152,328) (159,335) (0,0))
((184,320) (199,335) (0,0))
((200,320) (215,335) (0,0))
((216,320) (223,335) (0,0))
((184,336) (199,343) (0,0))
((200,336) (215,343) (0,0))
((216,336) (223,343) (0,0))
((0,328) (15,343) (0,0))
((16,328) (31,343) (0,0))
((32,328) (39,343) (0,0))
((0,344) (15,359) (0,0))
((16,344) (31,359) (0,0))
((32,344) (39,359) (0,0))
)
145
FabOnDisk: SD_2_New_MF_D_00000 0
FabOnDisk: SD_2_New_MF_D_00000 9302
FabOnDisk: SD_2_New_MF_D_00000 18604
FabOnDisk: SD_2_New_MF_D_00000 24834
FabOnDisk: SD_2_New_MF_D_00000 34136
FabOnDisk: SD_2_New_MF_D_00000 43438
FabOnDisk: SD_2_New_MF_D_00000 49668
FabOnDisk: SD_2_New_MF_D_00000 58972
FabOnDisk: SD_2_New_MF_D_00000 65204
FabOnDisk: SD_2_New_MF_D_00000 71434
FabOnDisk: SD_2_New_MF_D_00000 75618
FabOnDisk: SD_2_New_MF_D_00000 84922
FabOnDisk: SD_2_New_MF_D_00000 94226
FabOnDisk: SD_2_New_MF_D_00000 100458
FabOnDisk: SD_2_New_MF_D_00000 106690
FabOnDisk: SD_2_New_MF_D_00000 112920
FabOnDisk: SD_2_New_MF_D_00000 122224
FabOnDisk: SD_2_New_MF_D_00000 131526
FabOnDisk: SD_2_New_MF_D_00000 140829
FabOnDisk: SD_2_New_MF_D_00000 147060
FabOnDisk: SD_2_New_MF_D_00000 151244
FabOnDisk: SD_2_New_MF_D_00000 157476
FabOnDisk: SD_2_New_MF_D_00000 161658
FabOnDisk: SD_2_New_MF_D_00000 167890
FabOnDisk: SD_2_New_MF_D_00000 177192
FabOnDisk: SD_2_New_MF_D_00000 186494
FabOnDisk: SD_2_New_MF_D_00000 192724
FabOnDisk: SD_2_New_MF_D_00000 202026
FabOnDisk: SD_2_New_MF_D_00000 211328
FabOnDisk: SD_2_New_MF_D_00000 220631
FabOnDisk: SD_2_New_MF_D_00000 226863
FabOnDisk: SD_2_New_MF_D_00000 236165
FabOnDisk: SD_2_New_MF_D_00000 245467
FabOnDisk: SD_2_New_MF_D_00000 254770
FabOnDisk: SD_2_New_MF_D_00000 261002
FabOnDisk: SD_2_New_MF_D_00000 267232
FabOnDisk: SD_2_New_MF_D_00000 273462
FabOnDisk: SD_2_New_MF_D_00000 279693
FabOnDisk: SD_2_New_MF_D_00000 283877
FabOnDisk: SD_2_New_MF_D_00000 290109
FabOnDisk: SD_2_New_MF_D_00000 294293
FabOnDisk: SD_2_New_MF_D_00000 303597
FabOnDisk: SD_2_New_MF_D_00000 312901
FabOnDisk: SD_2_New_MF_D_00000 322205
FabOnDisk: SD_2_New_MF_D_00000 331509
FabOnDisk: SD_2_New_MF_D_00000 337741
FabOnDisk: SD_2_New_MF_D_00000 343973
FabOnDisk: SD_2_New_MF_D_00000 350205
FabOnDisk: SD_2_New_MF_D_00000 356437
FabOnDisk: SD_2_New_MF_D_00000 362669
FabOnDisk: SD_2_New_MF_D_00000 366853
FabOnDisk: SD_2_New_MF_D_00000 373085
FabOnDisk: SD_2_New_MF_D_00000 382387
FabOnDisk: SD_2_New_MF_D_00000 388617
FabOnDisk: SD_2_New_MF_D_00000 394847
FabOnDisk: SD_2_New_MF_D_00000 399029
FabOnDisk: SD_2_New_MF_D_00000 408333
FabOnDisk: SD_2_New_MF_D_00000 414565
FabOnDisk: SD_2_New_MF_D_00000 418749
FabOnDisk: SD_2_New_MF_D_00000 422933
FabOnDisk: SD_2_New_MF_D_00000 432237
FabOnDisk: SD_2_New_MF_D_00000 441541
FabOnDisk: SD_2_New_MF_D_00000 450845
FabOnDisk: SD_2_New_MF_D_00000 460149
FabOnDisk: SD_2_New_MF_D_00000 466381
FabOnDisk: SD_2_New_MF_D_00000 472613
FabOnDisk: SD_2_New_MF_D_00000 478845
FabOnDisk: SD_2_New_MF_D_00000 485077
FabOnDisk: SD_2_New_MF_D_00000 491309
FabOnDisk: SD_2_New_MF_D_00000 495493
FabOnDisk: SD_2_New_MF_D_00000 501723
FabOnDisk: SD_2_New_MF_D_00000 511025
FabOnDisk: SD_2_New_MF_D_00000 520327
FabOnDisk: SD_2_New_MF_D_00000 529629
FabOnDisk: SD_2_New_MF_D_00000 538932
FabOnDisk: SD_2_New_MF_D_00000 545164
FabOnDisk: SD_2_New_MF_D_00000 551394
FabOnDisk: SD_2_New_MF_D_00000 557624
FabOnDisk: SD_2_New_MF_D_00000 563854
FabOnDisk: SD_2_New_MF_D_00000 570085
FabOnDisk: SD_2_New_MF_D_00000 574269
FabOnDisk: SD_2_New_MF_D_00000 578453
FabOnDisk: SD_2_New_MF_D_00000 587757
FabOnDisk: SD_2_New_MF_D_00000 597061
FabOnDisk: SD_2_New_MF_D_00000 606365
FabOnDisk: SD_2_New_MF_D_00000 615669
FabOnDisk: SD_2_New_MF_D_00000 624973
FabOnDisk: SD_2_New_MF_D_00000 631205
FabOnDisk: SD_2_New_MF_D_00000 640509
FabOnDisk: SD_2_New_MF_D_00000 649813
FabOnDisk: SD_2_New_MF_D_00000 659117
FabOnDisk: SD_2_New_MF_D_00000 665349
FabOnDisk: SD_2_New_MF_D_00000 674653
FabOnDisk: SD_2_New_MF_D_00000 683957
FabOnDisk: SD_2_New_MF_D_00000 693261
FabOnDisk: SD_2_New_MF_D_00000 699493
FabOnDisk: SD_2_New_MF_D_00000 705725
FabOnDisk: SD_2_New_MF_D_00000 711957
FabOnDisk: SD_2_New_MF_D_00000 718189
FabOnDisk: SD_2_New_MF_D_00000 722373
FabOnDisk: SD_2_New_MF_D_00000 731674
FabOnDisk: SD_2_New_MF_D_00000 740976
FabOnDisk: SD_2_New_MF_D_00000 750277
FabOnDisk: SD_2_New_MF_D_00000 759579
FabOnDisk: SD_2_New_MF_D_00000 768880
FabOnDisk: SD_2_New_MF_D_00000 778182
FabOnDisk: SD_2_New_MF_D_00000 782366
FabOnDisk: SD_2_New_MF_D_00000 791670
FabOnDisk: SD_2_New_MF_D_00000 800974
FabOnDisk: SD_2_New_MF_D_00000 810276
FabOnDisk: SD_2_New_MF_D_00000 819578
FabOnDisk: SD_2_New_MF_D_00000 828880
FabOnDisk: SD_2_New_MF_D_00000 838182
FabOnDisk: SD_2_New_MF_D_00000 844414
FabOnDisk: SD_2_New_MF_D_00000 850646
FabOnDisk: SD_2_New_MF_D_00000 859950
FabOnDisk: SD_2_New_MF_D_00000 866182
FabOnDisk: SD_2_New_MF_D_00000 872414
FabOnDisk: SD_2_New_MF_D_00000 876598
FabOnDisk: SD_2_New_MF_D_00000 885900
FabOnDisk: SD_2_New_MF_D_00000 892130
FabOnDisk: SD_2_New_MF_D_00000 898362
FabOnDisk: SD_2_New_MF_D_00000 907664
FabOnDisk: SD_2_New_MF_D_00000 913894
FabOnDisk: SD_2_New_MF_D_00000 923196
FabOnDisk: SD_2_New_MF_D_00000 932498
FabOnDisk: SD_2_New_MF_D_00000 938728
FabOnDisk: SD_2_New_MF_D_00000 944958
FabOnDisk: SD_2_New_MF_D_00000 951190
FabOnDisk: SD_2_New_MF_D_00000 955374
FabOnDisk: SD_2_New_MF_D_00000 964678
FabOnDisk: SD_2_New_MF_D_00000 970910
FabOnDisk: SD_2_New_MF_D_00000 977142
FabOnDisk: SD_2_New_MF_D_00000 981326
FabOnDisk: SD_2_New_MF_D_00000 990630
FabOnDisk: SD_2_New_MF_D_00000 999934
FabOnDisk: SD_2_New_MF_D_00000 1006166
FabOnDisk: SD_2_New_MF_D_00000 1012398
FabOnDisk: SD_2_New_MF_D_00000 1018630
FabOnDisk: SD_2_New_MF_D_00000 1022814
FabOnDisk: SD_2_New_MF_D_00000 1032116
FabOnDisk: SD_2_New_MF_D_00000 1041418
FabOnDisk: SD_2_New_MF_D_00000 1047648
FabOnDisk: SD_2_New_MF_D_00000 1056950
FabOnDisk: SD_2_New_MF_D_00000 1066252

145,2
-5.7199352035160700e+04,-3.5218298972593329e+05,
-5.2041588207503082e+02,-3.1490234577592637e+05,
9.7764450810549897e+04,-3.0170662131851423e+05,
-2.1202987616986502e+04,-4.5189948390395293e+05,
4.1976379644412373e+04,-6.3647034347298613e+05,
1.8756533703706082e+05,-4.0690836985940696e+05,
5.7717915467353305e+04,-2.0165968398240802e+05,
-6.5061777779608383e+04,5.2020772416816908e+04,
3.4650688220014854e+04,-4.9945956378418341e+05,
7.5585816985709243e+03,-1.7067695915553340e+05,
-9.9125186605466297e+03,-1.9513640003177716e+05,
2.0235297016201366e+05,5.5881360333279008e+04,
1.9405781118923042e+05,3.3877827348714345e+04,
2.1158962529498967e+05,-1.0543371420538169e+05,
8.3530707074189559e+04,-2.9645206116943882e+05,
-1.0719147293278365e+04,-1.9349154147198715e+05,
2.5850575358053902e+02,-5.3155998444829159e+05,
-2.3666228018430411e+04,-3.5372826182532881e+05,
1.0744530308104731e+05,-3.2174279750185087e+04,
-4.7377753213845426e+04,-1.6932158887718542e+05,
2.0992682035721373e+03,-1.4708436954643548e+05,
2.3171527830474952e+04,-2.0129716007891548e+05,
-7.9331093217483431e+04,-1.8638566912555543e+05,
3.2914887289809703e+05,-3.8347116206192004e+05,
2.2913868123807188e+05,-4.0079505187659670e+05,
4.2156960825927672e+04,-4.1242263211635000e+05,
-7.5733582657726947e+04,-5.4073711421827029e+05,
-5.7956238821306033e+04,-1.5823196517477627e+05,
6.5281604671569949e+04,-4.2449241495139722e+04,
9.8540968200848147e+04,-1.0296638814010657e+04,
1.3976119557942584e+05,-1.3719596041214390e+05,
1.0042718907867093e+05,-1.6402190785956813e+05,
1.2773855138691433e+05,-1.1686195998055229e+05,
7.4533029657672159e+04,1.5035506233660271e+04,
1.2549053488016216e+05,-3.5246940274281951e+04,
7.6607294059849901e+03,-1.4434099704738389e+05,
1.0000000000000000e+40,1.0000000000000000e+40,
4.4217182217692707e+03,-1.6879436831135536e+03,
5.2625134184694616e+04,-6.6222639783201157e+04,
-1.4108357976062543e+05,-1.9014977424148237e+05,
-6.0324330722956802e+04,-9.2947012757470657e+04,
7.4374660202738596e+03,-5.5919261173126870e+03,
1.1716940048124379e+05,-2.6382412252787617e+03,
1.5354593068028480e+05,-2.3603039024694881e+05,
-1.0248112409444002e+04,-2.4829582853178144e+05,
-1.1642265545749251e+05,-1.4152629598476051e+05,
9.1138151270891831e+04,-1.1749963872648368e+04,
1.1911564063530241e+05,-1.0117071773621137e+04,
1.2809758326882002e+05,-7.4568947467321414e+04,
8.7226843426894629e+04,-3.1746416752649820e+05,
-2.0803811082691827e+05,-1.1158521326496266e+05,
2.0210105409160315e+05,-1.5232311502085067e+05,
3.1181176051938965e+05,-2.1048412383807881e+05,
2.1000465065924218e+05,-1.2312433005804487e+05,
1.5738595935163612e+05,-3.4520359835063136e+05,
-1.3508576756175025e+05,-9.2956352586959838e+04,
-1.0514181056781235e+05,-1.1972427295669622e+05,
-1.2904024180433044e+05,-1.5286931184950517e+05,
1.1538941527860152e+05,-9.7300410882626602e+04,
1.0079469543777232e+05,-1.0622026763556642e+04,
1.1561507944473269e+05,-1.0723589004170208e+04,
6.9818913915997837e+04,-7.3317012287289253e+04,
-2.0935552117705811e+05,-2.0577938176623575e+05,
-2.1821017219814530e+05,-4.4117696299076488e+04,
9.0338306804077001e+04,-1.4354637102897686e+04,
1.1580793658905604e+05,-9.7277456302108476e+03,
7.2502202610054519e+04,-1.8349925138492836e+03,
-1.4073778212542966e+05,6.9819192860159092e+03,
-1.3949015458480717e+05,-4.9930475524642679e+04,
5.1841126262437319e+04,-3.6814888313677511e+05,
1.2993793617294723e+05,-1.6360022875797004e+05,
1.2461561171332432e+05,4.6806281633427716e+03,
8.3910153213323192e+03,5.1415169162035454e+03,
1.3404253339899296e+05,-1.0879749204015129e+05,
2.6162250831866677e+03,-1.4976244989196712e+05,
3.8445592488531838e+04,6.8924505491780292e+04,
-1.1407435987668578e+04,-1.7746715864902508e+05,
1.7532963184830151e+05,2.5423319600509421e+04,
-8.1354267104786413e+04,-1.9000275087448681e+05,
6.0271820626032422e+04,-2.1728388050039357e+05,
-5.2619757462266716e+04,-1.2369178514883097e+05,
-1.2346854396454000e+05,-1.7258619221229601e+05,
-1.3446260940155771e+05,-3.0151191508155462e+05,
6.8781335645110812e+04,-2.7988960188762576e+05,
1.2013744036957360e+05,-1.6771206126485777e+04,
1.0454348139549547e+05,3.0423760704827146e+03,
6.8136033966577088e+04,2.9197335146482510e+04,
1.4662585054619849e+05,-1.2505121032883471e+05,
1.3870098770101322e+05,-1.3559133975180157e+04,
1.4031624332449137e+05,-1.6522792978468351e+04,
1.5634890985902020e+05,-2.6086810588973458e+04,
4.8885928983261692e+04,1.4509852486543241e+04,
8.6454763452970656e+04,-2.7802560426182754e+04,
1.1299194644836534e+05,-7.0164359048106417e+04,
1.6337231555587059e+05,-7.3654593172269233e+04,
5.9383524237549864e+03,-4.5091756909099058e+04,
5.6467810700461268e+04,-5.6566546496271621e+04,
5.7735049902467290e+04,-1.3778412041335978e+05,
1.1298268391852907e+05,-2.1564963872306253e+05,
2.0655580095480836e+05,-1.9675827532407420e+05,
1.0223991428172740e+05,3.2995237457868643e+04,
3.2357401381023810e+05,5.3146118276711786e+04,
3.0850734592525259e+05,-1.1042885283883661e+05,
1.1397712468846294e+05,-3.9143187703739386e+04,
1.7478290319054504e+05,-1.2785422663177160e+05,
-6.2886986100286595e+04,-1.2364099415115488e+05,
-1.5156504551256367e+05,-3.5998846320882440e+05,
-6.2801201994970324e+04,-3.0719035617476475e+05,
2.2153632575823576e+05,-8.7277595422806917e+04,
2.1546159743701428e+05,3.3662212793419894e+04,
1.7319301260199281e+05,1.0500780620738078e+05,
-3.1553401356280665e+04,3.2743123975524213e+01,
6.1674159935385978e+04,-1.3079042876905150e+05,
5.1765813937917119e+04,-1.8410931718356005e+05,
9.0930167339625768e+04,-2.2841913799097383e+05,
-1.1284038723086269e+05,-2.5401745030061429e+05,
-9.6538139507904998e+04,-1.7305455117478414e+05,
1.2642412444177025e+05,-8.2591452031051449e+04,
-4.7755183738093183e+04,-1.1808434463483718e+05,
2.0824567467838642e+04,1.8513089878307073e+04,
-1.0396601798932097e+05,-2.0439975912396330e+05,
2.4840748761425639e+05,7.6116673801402794e+04,
3.3163165650259180e+04,1.1943212183788128e+05,
1.4761078329107113e+05,7.8561291657423135e+04,
1.4946498927937209e+05,3.0816171361737361e+04,
8.0267237599639338e+04,1.1769637405094400e+05,
7.7685316108404368e+04,-1.4981585064720130e+05,
-2.7925571606379526e+04,1.3524526770754892e+04,
-7.4415787855673989e+04,-1.6714666928090883e+05,
8.7455435885069892e+04,-1.2977916971744708e+05,
-5.3441800249717198e+04,-1.2492443780946051e+05,
4.3485083043346822e+04,-1.6409751471216441e+04,
4.9610652174729330e+04,-1.8978732844936312e+05,
8.4734434600821987e+04,-1.9539186431823910e+05,
1.6922928313964803e+04,-1.4168950401449547e+05,
-4.3877439599281934e+04,-1.0217451529318932e+05,
5.1723872103862232e+04,-5.8973651314318704e+04,
1.4902219492373115e+04,-1.4553811804622383e+05,
5.7417625778095680e+04,-2.8492745397921099e+05,
3.3208226379298139e+03,3.1937379646983318e+05,
7.3228782101716206e+04,2.1997489974849304e+05,
2.4938001382486982e+05,1.6869605285095458e+05,
-1.1124655583329150e+04,2.4316071166625916e+05,
2.3166496932817972e+04,7.5450621839404630e+04,
8.1111304648402438e+04,-7.3644258864600852e+04,

145,2
7.1110514980426524e+04,-2.4882680329099094e+05,
2.0143408389436663e+05,-7.8345997423765948e+04,
3.5565271856750915e+05,4.3106482142794994e+04,
7.9750991604871524e+04,-3.2497395348896825e+05,
4.5670046250535670e+05,-2.6310706834594603e+05,
3.2848084428680886e+05,-1.1059094149205921e+05,
4.0531236294800765e+05,3.9367556862430065e+05,
1.3601446414704988e+05,4.2314535499182966e+05,
3.5732224728918809e+05,-5.1514724414343073e+04,
1.5320374014155968e+05,1.4517010297566594e+04,
2.4943636272826552e+05,3.4935290342815715e+05,
3.7659770719076623e+05,3.2741061216283852e+05,
2.6838078723314393e+05,1.5611098800913605e+05,
3.9347512208045810e+05,5.8196305834810482e+04,
2.8696560252436757e+05,-2.4511111358182097e+04,
3.1713377776758716e+05,2.4461515993618814e+05,
4.3316485567483614e+05,-6.1924469720241905e+04,
3.2805122546267376e+05,1.8425077508307295e+05,
1.5026415454112721e+05,7.9436119878680620e+04,
3.2495507865507388e+05,2.6375417963802174e+05,
1.6062767594147008e+05,7.0509146068520204e+04,
2.4582606956214149e+05,8.3768641559468233e+04,
1.4557070919739490e+05,9.0701972626263159e+04,
5.1938922483138012e+05,-1.4876788646408677e+05,
4.3214863797419530e+05,4.4413063749221328e+04,
2.3499070799223846e+05,2.9243991969656781e+04,
4.0366715287408733e+05,-1.1253853686677758e+05,
1.3793758749407425e+05,1.1004376520084916e+05,
1.3704335608516994e+05,1.1964857858872856e+05,
1.2288228511170892e+05,1.7372483424184611e+04,
2.7202308088713180e+05,5.6917959970110678e+04,
1.0000000000000000e+40,1.0000000000000000e+40,
1.0000000000000000e+40,1.0000000000000000e+40,
1.0000000000000000e+40,1.0000000000000000e+40,
1.8631578294498613e+05,9.1632766084732430e+04,
1.0000000000000000e+40,1.0000000000000000e+40,
1.0000000000000000e+40,1.0000000000000000e+40,
1.0000000000000000e+40,1.0000000000000000e+40,
1.9639214756371803e+05,1.4361614655668964e+05,
9.2948278570080583e+04,1.6120700545324507e+05,
2.6108755884375132e+05,7.9444389981054701e+04,
1.1712478228876571e+05,1.8613600563112559e+05,
2.0534354258953390e+05,1.8827221426283650e+05,
3.0309107928668382e+05,2.7579445566606591e+04,
2.2787306951587088e+05,1.1401828535660898e+05,
2.1714168807776878e+05,2.6155192400414380e+05,
1.1810821636882902e+05,1.9007587932028400e+04,
1.4991989056153252e+05,1.9018087921797996e+04,
1.7128598104687844e+05,-6.8352851225470658e+03,
2.7449132461431000e+05,-4.9262334881082643e+04,
7.7261958912936097e+04,3.2973272416463005e+05,
3.8537487649816612e+05,3.3069131809822284e+04,
4.3109974192748195e+05,5.6984997530146211e+04,
3.8055803291300545e+05,1.0174945602461812e+05,
3.9225400088620809e+05,-1.2324114218602481e+05,
9.1427471792575670e+04,2.0734250904015644e+05,
6.3151962512895989e+04,1.1201324694246723e+05,
9.8803838040953269e+04,1.1078035473669734e+05,
2.2226889114777296e+05,5.3300508641832857e+04,
1.2225028391311207e+05,1.1200099923634843e+04,
1.3352190980967425e+05,5.4012391275740811e+03,
1.3130627616150159e+05,4.7610461454809410e+03,
1.1806840041366813e+05,1.4154491725823027e+04,
-3.8644823593222827e+04,9.6584910202481842e+04,
1.1857586706556758e+05,4.0972144963408937e+03,
1.2252552527533844e+05,3.2401446030999068e+03,
1.2097025055578124e+05,4.1805102635989897e+04,
9.5591493565567362e+04,1.2924658762228792e+05,
-5.9630065992989694e+04,3.1621071095141815e+04,
3.7126034860048676e+05,8.6688074365559442e+04,
4.7126728826802864e+05,2.9835597330720921e+05,
1.6822658955525403e+05,5.7507704253916745e+04,
1.0000000000000000e+40,1.0000000000000000e+40,
1.0000000000000000e+40,1.0000000000000000e+40,
1.0000000000000000e+40,1.0000000000000000e+40,
2.4071368699143932e+05,4.1846347655364953e+05,
2.3597589535464358e+05,9.3058222801625379e+04,
2.2357501687439071e+05,9.8993542872299440e+04,
2.3019475129608472e+05,2.4491975493031641e+05,
1.4028965914963337e+05,-7.2263441591057926e+04,
8.5371372134036210e+04,4.3687520388919802e+04,
1.7190032798050088e+05,1.9349912818596349e+05,
1.6845719485314330e+05,3.1717620689099422e+05,
2.1551730933343933e+05,-1.1434793146676384e+04,
1.4554711033608182e+05,4.6834889333273168e+03,
1.5391305102539918e+05,4.4903292059087835e+04,
1.9339584119033680e+05,2.2028938194892107e+05,
3.7492662075047556e+05,1.3825187903699698e+05,
1.5464395338749164e+05,1.5875120723881992e+04,
1.7700726506136562e+05,2.5933828885819821e+04,
2.2068393707125506e+05,5.1051185097337293e+04,
2.6215171252428845e+05,1.6238040098656493e+05,
1.4204391278929543e+05,2.1460103108959447e+04,
1.7598739403177897e+05,-3.8274072690503090e+03,
2.0950512143162923e+05,-2.0465764484571991e+04,
1.5377077033620008e+05,2.0071024879382167e+05,
1.3724988910065003e+05,7.3889681424872833e+03,
1.6129242615897820e+05,-2.1533659202138369e+04,
2.2680401904258033e+05,-7.0547636074069305e+04,
4.1961252442805562e+05,1.0837172300636303e+05,
4.2837499186850036e+05,3.7836763732250547e+05,
4.2249593258782115e+05,1.4629468358017621e+05,
4.8034474277054833e+05,2.1929366727295710e+05,
4.0641767231754202e+05,3.9659162887678831e+05,
3.7426245884776145e+05,1.9063598815772129e+05,
1.2877920887074288e+05,1.8146596154697909e+05,
5.9776313154128729e+04,1.9436579804222420e+05,
2.8136892763314972e+05,2.7191125462038181e+05,
4.6714844504220528e+05,1.9224738634739188e+05,
2.8407604922823666e+05,1.4934100393836998e+05,
4.1066647943159915e+05,3.9709333929686691e+05,
2.3088891709667805e+05,2.8553637031463732e+05,
3.2525106069668836e+05,1.8575859825505904e+05,
3.1551525376065838e+05,1.1030807791182742e+05,
3.3776512219362048e+05,8.5385835210350342e+04,
1.4056215878890216e+05,7.6666152126148518e+04,
1.9749380810668517e+05,1.4129230467792222e+05,
2.2889148997504235e+05,6.1169778026550193e+04,
2.3407238207811897e+05,3.5575867917006108e+05,
1.9676012991355819e+05,4.4264988867529755e+05,
5.9639639631641330e+04,1.5320564478835149e+05,
5.5844382623883290e+05,5.0358525082261476e+05,
2.6172765920377133e+05,5.1336602480076835e+05,
2.2130990646274877e+05,2.0109630300019635e+05,
2.9753924036991084e+05,1.8282597670797404e+05,
2.0633917256218701e+05,3.4608699597935192e+05,
2.5851388905094063e+05,1.1298853486932348e+05,
8.4948032504528237e+04,1.6822652230500244e+05,
8.5856439716739987e+04,4.5398191434163891e+04,
2.2847002142531855e+05,5.2914560059261566e+04,
2.0150238912029599e+05,2.2795079485498572e+05,
1.9199627959270874e+05,2.2196330918590102e+05,
1.7565571840660559e+05,-8.4676207535565482e+03,
1.9402779723842978e+05,-1.9891584407509072e+04,
1.4093204803544359e+05,-2.8916815054885228e+04,
1.9619948554557341e+05,9.0705637252399174e+04,
1.9326143139301566e+05,1.4498744892521063e+05,
9.5480958876377554e+04,-5.6027881132593029e+04,
1.9205449336236488e+05,-1.0469647333557077e+05,
1.1563049716637470e+05,4.8299207170867448e+05,
5.0198550276314782e+05,6.3657896965447289e+05,
4.7900577862541249e+05,3.4588416581675265e+05,
9.5065412544031278e+04,3.3909149397315487e+05,
2.3264576640296000e+05,3.0747597053800419e+05,
3.3008064119511400e+05,2.0317023012642167e+05,

