1
1
2
4
(145 0
((0,168) (15,183) (0,0))
((16,168) (31,183) (0,0))
((32,168) (39,183) (0,0))
((0,184) (15,199) (0,0))
((16,184) (31,199) (0,0))
((32,184) (39,199) (0,0))
((192,168) (207,183) (0,0))
((208,168) (215,183) (0,0))
((40,184) (47,199) (0,0))
((144,184) (151,191) (0,0))
((176,184) (191,199) (0,0))
((192,184) (207,199) (0,0))
((176,200) (191,207) (0,0))
((192,200) (207,207) (0,0))
((72,192) (79,207) (0,0))
((120,184) (135,199) (0,0))
((48,200) (63,215) (0,0))
((96,192) (111,207) (0,0))
((96,208) (111,215) (0,0))
((112,200) (119,207) (0,0))
((152,200) (167,207) (0,0))
((88,208) (95,215) (0,0))
((112,208) (127,215) (0,0))
((24,200) (39,215) (0,0))
((24,216) (39,231) (0,0))
((40,216) (47,231) (0,0))
((56,216) (71,231) (0,0))
((72,216) (87,231) (0,0))
((88,216) (103,231) (0,0))
((104,216) (111,231) (0,0))
((56,232) (71,247) (0,0))
((72,232) (87,247) (0,0))
((88,232) (103,247) (0,0))
((104,232) (111,247) (0,0))
((56,248) (71,255) (0,0))
((72,248) (87,255) (0,0))
((88,248) (103,255) (0,0))
((104,248) (111,255) (0,0))
((112,216) (119,231) (0,0))
((120,216) (127,223) (0,0))
((144,208) (159,223) (0,0))
((160,208) (175,223) (0,0))
((176,208) (191,223) (0,0))
((192,208) (207,223) (0,0))
((208,208) (215,223) (0,0))
((144,224) (159,231) (0,0))
((160,224) (175,231) (0,0))
((176,224) (191,231) (0,0))
((192,224) (207,231) (0,0))
((208,224) (215,231) (0,0))
((128,224) (143,231) (0,0))
((16,232) (31,247) (0,0))
((32,232) (39,247) (0,0))
((16,248) (31,255) (0,0))
((32,248) (39,255) (0,0))
((112,232) (127,247) (0,0))
((128,232) (135,247) (0,0))
((136,232) (143,239) (0,0))
((152,232) (159,239) (0,0))
((160,232) (175,247) (0,0))
((176,232) (191,247) (0,0))
((192,232) (207,247) (0,0))
((208,232) (223,247) (0,0))
((224,232) (231,247) (0,0))
((160,248) (175,255) (0,0))
((176,248) (191,255) (0,0))
((192,248) (207,255) (0,0))
((208,248) (223,255) (0,0))
((224,248) (231,255) (0,0))
((40,248) (55,255) (0,0))
((40,256) (55,271) (0,0))
((56,256) (71,271) (0,0))
((72,256) (87,271) (0,0))
((88,256) (103,271) (0,0))
((104,256) (111,271) (0,0))
((40,272) (55,279) (0,0))
((56,272) (71,279) (0,0))
((72,272) (87,279) (0,0))
((88,272) (103,279) (0,0))
((104,272) (111,279) (0,0))
((120,256) (127,263) (0,0))
((144,240) (159,255) (0,0))
((144,256) (159,271) (0,0))
((160,256) (175,271) (0,0))
((176,256) (191,271) (0,0))
((192,256) (207,271) (0,0))
((208,256) (215,271) (0,0))
((160,272) (175,287) (0,0))
((176,272) (191,287) (0,0))
((192,272) (207,287) (0,0))
((208,272) (215,287) (0,0))
((160,288) (175,303) (0,0))
((176,288) (191,303) (0,0))
((192,288) (207,303) (0,0))
((208,288) (215,303) (0,0))
((160,304) (175,311) (0,0))
((176,304) (191,311) (0,0))
((192,304) (207,311) (0,0))
((208,304) (215,311) (0,0))
((8,264) (23,279) (0,0))
((24,264) (39,279) (0,0))
((8,280) (23,295) (0,0))
((24,280) (39,295) (0,0))
((8,296) (23,311) (0,0))
((24,296) (39,311) (0,0))
((128,264) (135,271) (0,0))
((112,272) (127,287) (0,0))
((128,272) (143,287) (0,0))
((64,280) (79,295) (0,0))
((80,280) (95,295) (0,0))
((64,296) (79,311) (0,0))
((80,296) (95,311) (0,0))
((104,280) (111,295) (0,0))
((104,296) (111,311) (0,0))
((128,288) (143,303) (0,0))
((144,288) (151,303) (0,0))
((128,304) (143,311) (0,0))
((144,304) (151,311) (0,0))
((40,296) (55,311) (0,0))
((56,296) (63,311) (0,0))
((112,304) (127,311) (0,0))
((24,312) (39,327) (0,0))
((40,312) (47,327) (0,0))
((56,312) (71,327) (0,0))
((72,312) (87,327) (0,0))
((56,328) (71,335) (0,0))
((72,328) (87,335) (0,0))
((104,312) (119,319) (0,0))
((120,312) (127,319) (0,0))
((136,312) (151,327) (0,0))
((152,312) (159,327) (0,0))
((136,328) (151,335) (0,0))
((152,328) (159,335) (0,0))
((184,320) (199,335) (0,0))
((200,320) (215,335) (0,0))
((216,320) (223,335) (0,0))
((184,336) (199,343) (0,0))
((200,336) (215,343) (0,0))
((216,336) (223,343) (0,0))
((0,328) (15,343) (0,0))
((16,328) (31,343) (0,0))
((32,328) (39,343) (0,0))
((0,344) (15,359) (0,0))
((16,344) (31,359) (0,0))
((32,344) (39,359) (0,0))
)
145
FabOnDisk: SD_2_Old_MF_D_00000 0
FabOnDisk: SD_2_Old_MF_D_00000 9302
FabOnDisk: SD_2_Old_MF_D_00000 18604
FabOnDisk: SD_2_Old_MF_D_00000 24834
FabOnDisk: SD_2_Old_MF_D_00000 34136
FabOnDisk: SD_2_Old_MF_D_00000 43438
FabOnDisk: SD_2_Old_MF_D_00000 49668
FabOnDisk: SD_2_Old_MF_D_00000 58972
FabOnDisk: SD_2_Old_MF_D_00000 65204
FabOnDisk: SD_2_Old_MF_D_00000 71434
FabOnDisk: SD_2_Old_MF_D_00000 75618
FabOnDisk: SD_2_Old_MF_D_00000 84922
FabOnDisk: SD_2_Old_MF_D_00000 94226
FabOnDisk: SD_2_Old_MF_D_00000 100458
FabOnDisk: SD_2_Old_MF_D_00000 106690
FabOnDisk: SD_2_Old_MF_D_00000 112920
FabOnDisk: SD_2_Old_MF_D_00000 122224
FabOnDisk: SD_2_Old_MF_D_00000 131526
FabOnDisk: SD_2_Old_MF_D_00000 140829
FabOnDisk: SD_2_Old_MF_D_00000 147060
FabOnDisk: SD_2_Old_MF_D_00000 151244
FabOnDisk: SD_2_Old_MF_D_00000 157476
FabOnDisk: SD_2_Old_MF_D_00000 161658
FabOnDisk: SD_2_Old_MF_D_00000 167890
FabOnDisk: SD_2_Old_MF_D_00000 177192
FabOnDisk: SD_2_Old_MF_D_00000 186494
FabOnDisk: SD_2_Old_MF_D_00000 192724
FabOnDisk: SD_2_Old_MF_D_00000 202026
FabOnDisk: SD_2_Old_MF_D_00000 211328
FabOnDisk: SD_2_Old_MF_D_00000 220631
FabOnDisk: SD_2_Old_MF_D_00000 226863
FabOnDisk: SD_2_Old_MF_D_00000 236165
FabOnDisk: SD_2_Old_MF_D_00000 245467
FabOnDisk: SD_2_Old_MF_D_00000 254770
FabOnDisk: SD_2_Old_MF_D_00000 261002
FabOnDisk: SD_2_Old_MF_D_00000 267232
FabOnDisk: SD_2_Old_MF_D_00000 273462
FabOnDisk: SD_2_Old_MF_D_00000 279693
FabOnDisk: SD_2_Old_MF_D_00000 283877
FabOnDisk: SD_2_Old_MF_D_00000 290109
FabOnDisk: SD_2_Old_MF_D_00000 294293
FabOnDisk: SD_2_Old_MF_D_00000 303597
FabOnDisk: SD_2_Old_MF_D_00000 312901
FabOnDisk: SD_2_Old_MF_D_00000 322205
FabOnDisk: SD_2_Old_MF_D_00000 331509
FabOnDisk: SD_2_Old_MF_D_00000 337741
FabOnDisk: SD_2_Old_MF_D_00000 343973
FabOnDisk: SD_2_Old_MF_D_00000 350205
FabOnDisk: SD_2_Old_MF_D_00000 356437
FabOnDisk: SD_2_Old_MF_D_00000 362669
FabOnDisk: SD_2_Old_MF_D_00000 366853
FabOnDisk: SD_2_Old_MF_D_00000 373085
FabOnDisk: SD_2_Old_MF_D_00000 382387
FabOnDisk: SD_2_Old_MF_D_00000 388617
FabOnDisk: SD_2_Old_MF_D_00000 394847
FabOnDisk: SD_2_Old_MF_D_00000 399029
FabOnDisk: SD_2_Old_MF_D_00000 408333
FabOnDisk: SD_2_Old_MF_D_00000 414565
FabOnDisk: SD_2_Old_MF_D_00000 418749
FabOnDisk: SD_2_Old_MF_D_00000 422933
FabOnDisk: SD_2_Old_MF_D_00000 432237
FabOnDisk: SD_2_Old_MF_D_00000 441541
FabOnDisk: SD_2_Old_MF_D_00000 450845
FabOnDisk: SD_2_Old_MF_D_00000 460149
FabOnDisk: SD_2_Old_MF_D_00000 466381
FabOnDisk: SD_2_Old_MF_D_00000 472613
FabOnDisk: SD_2_Old_MF_D_00000 478845
FabOnDisk: SD_2_Old_MF_D_00000 485077
FabOnDisk: SD_2_Old_MF_D_00000 491309
FabOnDisk: SD_2_Old_MF_D_00000 495493
FabOnDisk: SD_2_Old_MF_D_00000 501723
FabOnDisk: SD_2_Old_MF_D_00000 511025
FabOnDisk: SD_2_Old_MF_D_00000 520327
FabOnDisk: SD_2_Old_MF_D_00000 529629
FabOnDisk: SD_2_Old_MF_D_00000 538932
FabOnDisk: SD_2_Old_MF_D_00000 545164
FabOnDisk: SD_2_Old_MF_D_00000 551394
FabOnDisk: SD_2_Old_MF_D_00000 557624
FabOnDisk: SD_2_Old_MF_D_00000 563854
FabOnDisk: SD_2_Old_MF_D_00000 570085
FabOnDisk: SD_2_Old_MF_D_00000 574269
FabOnDisk: SD_2_Old_MF_D_00000 578453
FabOnDisk: SD_2_Old_MF_D_00000 587757
FabOnDisk: SD_2_Old_MF_D_00000 597061
FabOnDisk: SD_2_Old_MF_D_00000 606365
FabOnDisk: SD_2_Old_MF_D_00000 615669
FabOnDisk: SD_2_Old_MF_D_00000 624973
FabOnDisk: SD_2_Old_MF_D_00000 631205
FabOnDisk: SD_2_Old_MF_D_00000 640509
FabOnDisk: SD_2_Old_MF_D_00000 649813
FabOnDisk: SD_2_Old_MF_D_00000 659117
FabOnDisk: SD_2_Old_MF_D_00000 665349
FabOnDisk: SD_2_Old_MF_D_00000 674653
FabOnDisk: SD_2_Old_MF_D_00000 683957
FabOnDisk: SD_2_Old_MF_D_00000 693261
FabOnDisk: SD_2_Old_MF_D_00000 699493
FabOnDisk: SD_2_Old_MF_D_00000 705725
FabOnDisk: SD_2_Old_MF_D_00000 711957
FabOnDisk: SD_2_Old_MF_D_00000 718189
FabOnDisk: SD_2_Old_MF_D_00000 722373
FabOnDisk: SD_2_Old_MF_D_00000 731674
FabOnDisk: SD_2_Old_MF_D_00000 740976
FabOnDisk: SD_2_Old_MF_D_00000 750277
FabOnDisk: SD_2_Old_MF_D_00000 759579
FabOnDisk: SD_2_Old_MF_D_00000 768880
FabOnDisk: SD_2_Old_MF_D_00000 778182
FabOnDisk: SD_2_Old_MF_D_00000 782366
FabOnDisk: SD_2_Old_MF_D_00000 791670
FabOnDisk: SD_2_Old_MF_D_00000 800974
FabOnDisk: SD_2_Old_MF_D_00000 810276
FabOnDisk: SD_2_Old_MF_D_00000 819578
FabOnDisk: SD_2_Old_MF_D_00000 828880
FabOnDisk: SD_2_Old_MF_D_00000 838182
FabOnDisk: SD_2_Old_MF_D_00000 844414
FabOnDisk: SD_2_Old_MF_D_00000 850646
FabOnDisk: SD_2_Old_MF_D_00000 859950
FabOnDisk: SD_2_Old_MF_D_00000 866182
FabOnDisk: SD_2_Old_MF_D_00000 872414
FabOnDisk: SD_2_Old_MF_D_00000 876598
FabOnDisk: SD_2_Old_MF_D_00000 885900
FabOnDisk: SD_2_Old_MF_D_00000 892130
FabOnDisk: SD_2_Old_MF_D_00000 898362
FabOnDisk: SD_2_Old_MF_D_00000 907664
FabOnDisk: SD_2_Old_MF_D_00000 913894
FabOnDisk: SD_2_Old_MF_D_00000 923196
FabOnDisk: SD_2_Old_MF_D_00000 932498
FabOnDisk: SD_2_Old_MF_D_00000 938728
FabOnDisk: SD_2_Old_MF_D_00000 944958
FabOnDisk: SD_2_Old_MF_D_00000 951190
FabOnDisk: SD_2_Old_MF_D_00000 955374
FabOnDisk: SD_2_Old_MF_D_00000 964678
FabOnDisk: SD_2_Old_MF_D_00000 970910
FabOnDisk: SD_2_Old_MF_D_00000 977142
FabOnDisk: SD_2_Old_MF_D_00000 981326
FabOnDisk: SD_2_Old_MF_D_00000 990630
FabOnDisk: SD_2_Old_MF_D_00000 999934
FabOnDisk: SD_2_Old_MF_D_00000 1006166
FabOnDisk: SD_2_Old_MF_D_00000 1012398
FabOnDisk: SD_2_Old_MF_D_00000 1018630
FabOnDisk: SD_2_Old_MF_D_00000 1022814
FabOnDisk: SD_2_Old_MF_D_00000 1032116
FabOnDisk: SD_2_Old_MF_D_00000 1041418
FabOnDisk: SD_2_Old_MF_D_00000 1047648
FabOnDisk: SD_2_Old_MF_D_00000 1056950
FabOnDisk: SD_2_Old_MF_D_00000 1066252

145,2
-5.9053731978571159e+04,2.3710584506857849e+05,
-1.9681936462450249e+05,6.7418174396600807e+04,
-3.8738795015039796e+05,-1.7487602303947351e+05,
-1.1725492588223424e+05,2.4391936233624292e+05,
-4.3564347199546464e+05,2.3844551277867577e+05,
-3.3902654840203177e+05,5.4408123696956318e+04,
-4.6138265966561594e+05,-3.8492474567139725e+05,
-1.4532827310989960e+05,-4.1549037859157252e+05,
-4.0441609228487650e+05,-2.4798960560112027e+04,
-1.7489993585104530e+05,-3.2415499145867943e+04,
-2.8023594913444394e+05,-3.6014556821084116e+05,
-4.1734872469309339e+05,-2.9518676740215888e+05,
-2.7626015285333560e+05,-1.8356939300864033e+05,
-3.8875576750530454e+05,-5.0189691049058456e+04,
-2.7572351022181974e+05,-3.3317744652566034e+03,
-2.7255258642475528e+05,-4.8778581648024556e+05,
-5.1319556121593632e+05,-1.7581610726150684e+05,
-3.4395838680730376e+05,-1.1892068963627244e+05,
-1.5104376290380897e+05,-5.8588892784120981e+04,
-3.2477149672643282e+05,-5.2895062724652095e+05,
-1.7569089080823469e+05,-1.6086374962687842e+05,
-2.4007614948203554e+05,-5.1231636997856549e+04,
-1.6344268615092296e+05,-1.7903688055596140e+05,
-5.5124545480741654e+05,6.3055968343064887e+04,
-4.9715195152020024e+05,-1.2113324716997740e+05,
-2.8123088771866169e+05,-1.8705239449636429e+05,
-5.0690672341836325e+05,9.3865645446642884e+04,
-1.5722578345640795e+05,-8.1907774878790951e+04,
-1.4819773442796723e+05,-8.6136113276961260e+04,
-1.3016810838345264e+05,-3.5819238900206983e+03,
-2.8679176313795324e+05,-1.1620785565783735e+05,
-1.7884981402392872e+05,0.0000000000000000e+00,
-2.3743622829188441e+05,-1.2120818200804992e+05,
-1.4948763149763690e+05,-1.4126054201424611e+05,
-1.7214921668289462e+05,-1.3342862937860191e+05,
-1.3409574939555896e+05,-1.2129315562930424e+04,
0.0000000000000000e+00,0.0000000000000000e+00,
-1.3518211847900093e+05,-1.5560355352290580e+05,
-2.6513177887779166e+05,-1.9571885938931810e+05,
-1.6104583403771685e+05,-2.0776074099229154e+05,
-2.5094950400241651e+05,-1.3109978424666333e+05,
-1.2052410337383481e+05,-1.8239053926382621e+05,
-2.0517399781781423e+05,-1.9350595339761348e+05,
-2.8490804749537056e+05,-2.3786022934118228e+04,
-2.1271237707627006e+05,-1.6359636126530531e+05,
-1.4416508780204749e+05,-3.0905510471576417e+05,
-1.2257803564110654e+05,-1.7368351352254103e+04,
-1.4979898354152683e+05,-1.8161461186216911e+04,
-1.6079060154445760e+05,3.7264417598868022e+03,
-2.6044482530119858e+05,5.0265501140974811e+04,
-8.5385549387225183e+04,-3.7227098500403808e+05,
-3.8952199451620691e+05,-1.3820897346946876e+05,
-4.3584892561415618e+05,-7.1820259327522945e+04,
-3.9019620421323343e+05,-1.2771648165188381e+05,
-3.4257724283720891e+05,1.3124973231478943e+05,
-1.0009202755136212e+05,-2.0684679926921090e+05,
-8.6951214833032282e+04,-1.8614940576635126e+05,
-1.2546062721501803e+05,-1.6278535772625182e+05,
-2.5728797001331695e+05,-9.2102478705962130e+04,
-1.3163415145006729e+05,-1.2625290121915168e+04,
-1.3608766918870242e+05,-6.2810840353151434e+03,
-1.3419222153152805e+05,-3.6567034442050499e+03,
-2.7139647851440095e+05,-1.1024474859518523e+04,
1.4063563916616840e+04,-1.9151816944191960e+05,
-1.2441435008220724e+05,-7.7237438962678425e+03,
-1.2757734444374946e+05,-5.2086324856805732e+03,
-1.2501676324106375e+05,-3.3509871513646794e+04,
-1.6599655432416912e+05,-1.9998770480763196e+05,
4.4941377467029088e+04,-1.3628755418533692e+05,
-3.0595195578879793e+05,-1.2615247256051516e+05,
-5.2564616991791409e+05,-3.4601728957657760e+05,
-1.6600638901247003e+05,-6.0235904006732744e+04,
-2.1601046777363645e+05,-1.8848308324188995e+05,
-2.6675585935199121e+05,-1.9700222714630113e+05,
-1.7827963776700344e+05,-1.6254483477804752e+04,
-1.9897229283103952e+05,-4.5267267633526062e+05,
-2.3313895563832775e+05,-9.2606922902676160e+04,
-2.2666975436418725e+05,-1.0500486651599058e+05,
-2.2308913569348806e+05,-2.7314207553254382e+05,
-1.6343811333281337e+05,6.2163493290331098e+04,
-8.5162586272659246e+04,-5.7228067430187366e+04,
-1.6838536128817505e+05,-2.2343553379865043e+05,
-1.6050409511427861e+05,-4.4040814804189868e+05,
-2.2080395295387862e+05,5.9104613614763366e+03,
-1.4790033749702270e+05,-7.7205637310835300e+03,
-1.5712787914546061e+05,-4.0347630725332419e+04,
-1.9854106411578978e+05,-1.7219753259881982e+05,
-2.9686719749651675e+05,-1.5922764365833718e+05,
-1.5515240645694139e+05,-2.2811561631725635e+04,
-1.8024085152386979e+05,-2.9684253608775907e+04,
-2.2955221439280576e+05,-5.7725590962465503e+04,
-1.9504873540181579e+05,-1.7193176279137406e+05,
-1.4464602517955645e+05,-2.6714559430207009e+04,
-1.7926858180375129e+05,6.9533680751657812e+03,
-2.1771947779466718e+05,1.7551935050589964e+04,
-1.0684066082324425e+05,-2.3661443352630595e+05,
-1.4858031417846505e+05,-3.1455165638308972e+04,
-1.6883062528348964e+05,1.0764054451783886e+04,
-2.4216483656590863e+05,6.2616007931220520e+04,
-4.8825280223464069e+05,-9.1667471271171235e+04,
-3.4299766557710827e+05,-4.3127821364584088e+05,
-4.3062592952029663e+05,-1.5921166032716283e+05,
-5.4683852151175379e+05,-3.6442579580945021e+05,
-4.2980006568837853e+05,-5.2287986379326030e+05,
-3.3027964363640349e+05,-1.9242011711931264e+05,
-1.7673128857654083e+05,-1.5861883655157581e+05,
-1.4002958031857415e+05,-2.1090779470125563e+05,
-2.8853231600725849e+05,-4.1281430349855364e+05,
-4.9818634890042595e+05,-2.6294182613077573e+05,
-3.2183466240160196e+05,-2.2809535972010926e+05,
-3.8174563045028190e+05,-4.4406831127592886e+05,
-2.2805735886123439e+05,-3.2108968094411830e+05,
-3.8083825108235033e+05,-2.1802675703536952e+05,
-3.8827856377189310e+05,-8.6500701187111554e+04,
-3.5373422758436936e+05,-2.4010162838295219e+05,
-1.3175502914895769e+05,-1.8041235463964549e+05,
-1.4557479171366431e+05,-2.4504916250869574e+05,
-1.9473181559235527e+05,-5.0283081848001166e+04,
-2.3930335980679956e+05,-4.0060945467329875e+05,
-1.8851373833931866e+05,-5.1105973649659718e+05,
-5.2159413414576557e+04,-2.4888675923413830e+05,
-5.9770471208942472e+05,-5.2514221358760260e+05,
-3.0344859999741311e+05,-5.6297555384060834e+05,
-3.0518173952398065e+05,-2.0244596280885162e+05,
-3.4101340216360986e+05,-2.5255441378717951e+05,
-2.0258755928540486e+05,-2.9099577716410859e+05,
-2.9158306108965480e+05,-1.0733316539207299e+05,
-9.4612923318322282e+04,-1.1637723822892440e+05,
-1.6163794988240697e+05,-2.4571368049441371e+05,
-2.3609524066531158e+05,-4.5715655255431193e+04,
-2.2865267674674542e+05,-2.7478202713146457e+05,
-2.2439861310513515e+05,-1.9204872390927194e+05,
-1.9808209928552242e+05,2.9031189553119475e+03,
-2.2165090485128749e+05,8.5425561257710797e+03,
-1.8150637099159649e+05,-8.2403434146565269e+04,
-2.0847740742091701e+05,-7.9848861022011261e+04,
-2.1579516010395018e+05,-1.7623297138002235e+05,
-1.1823082370117481e+05,4.7316227445333789e+04,
-2.0707381218081864e+05,9.1387026831123512e+04,
-1.9163623177638219e+05,-5.4489178625804198e+05,
-4.5037239467067702e+05,-7.0920363957964873e+05,
-5.1829880093603279e+05,-3.8165126915205910e+05,
-8.5975158790242858e+04,-3.4627511446299031e+05,
-2.2784840810550377e+05,-3.0396410830892564e+05,
-3.4236378771186864e+05,-2.0090959267574071e+05,

145,2
9.8370763637855998e+04,4.0315015131302644e+05,
3.8371115736779757e+04,3.0325532577912090e+05,
-5.2047027191940288e+04,2.6343872553363326e+05,
5.7656434969216934e+04,4.9357294966643094e+05,
-2.3809589941159356e+04,6.7712442011052626e+05,
-2.0051297004001390e+05,3.8219029457854340e+05,
-9.0781744361990422e+04,9.9751418048425694e+04,
3.8164594532646879e+04,-3.4248658803189755e+03,
-3.0055294515623245e+04,6.9213942101134744e+05,
6.7418064824509202e+03,1.7436289828788140e+05,
-2.2347397335476126e+04,1.0574332727071305e+05,
-2.2411223435590073e+05,-2.8705326114661875e+04,
-1.9294577566975058e+05,-3.0640418366291851e+04,
-2.1209119962756376e+05,1.3364897403253563e+05,
-6.0890939983731369e+04,1.9632023512356391e+05,
4.6836274182131456e+04,2.1731935785675450e+05,
1.6616751898433431e+05,7.0997194784823805e+05,
-1.5452426925710461e+04,2.6437882710316626e+05,
-1.0099366705436260e+05,4.0103957203369646e+04,
1.3217125566963223e+05,2.4985450385951117e+05,
5.0647283434706333e+04,2.1203232130584947e+05,
-2.6269853463512845e+04,2.0914465468238341e+05,
1.2787592583938967e+05,2.2267419803040102e+05,
-3.3647993206453684e+05,4.3953316373837879e+05,
-2.3437849481013254e+05,3.9240115299956815e+05,
1.3537945961894002e+05,4.2923524313264643e+05,
5.1118816334108124e+04,5.6347199669194815e+05,
1.0055143530829810e+04,1.4812974834612105e+05,
-8.5731392917304765e+04,4.5447777998115635e+04,
-1.0973018690005847e+05,1.8219311177686905e+04,
-1.4114372847902996e+05,9.9316364669904578e+04,
0.0000000000000000e+00,1.4942670500885515e+05,
0.0000000000000000e+00,1.5974030140101831e+05,
0.0000000000000000e+00,6.8291512818905176e+03,
-1.0658877497773501e+05,1.9730661491959472e+04,
2.2495369450796599e+04,1.3816400172869771e+05,
0.0000000000000000e+00,0.0000000000000000e+00,
1.7998626665145624e+04,0.0000000000000000e+00,
-4.2797785409743665e+04,2.1511608983240003e+05,
1.3936694538580778e+05,3.9999848358395684e+05,
1.3188589648714114e+05,1.1765446696934814e+05,
-2.4724141164566390e+03,2.3623095809569350e+03,
-1.0416150674496312e+05,2.1895579491392709e+02,
-1.5385755260516162e+05,2.5135857970371580e+05,
3.9855412020831136e+04,2.8240829363742669e+05,
1.7900082781804085e+05,1.7999824149670167e+05,
-9.4026660768616421e+04,1.4345431771180301e+04,
-1.2253803287073824e+05,5.7053712731678388e+03,
-1.2899088134346239e+05,5.3389078237388458e+04,
-1.1916688452917151e+04,2.1806417569256882e+05,
2.3887862901784829e+05,3.1895917034577142e+05,
-3.4483939965229365e+04,3.6273746871508192e+05,
-2.9255553057382640e+05,2.7415742993581516e+05,
-1.8709130821695726e+05,1.2927667479726369e+05,
-9.0321796764418832e+04,3.9624435695800639e+05,
1.8230752077070647e+05,1.8205528550201852e+05,
9.1231478932712344e+04,1.3144299856359576e+05,
1.7339225368758198e+05,2.9095390315141121e+05,
-1.2072059114125150e+05,1.6080772206249239e+05,
-1.1013819979817490e+05,1.3479849473202194e+04,
-1.2232787242984050e+05,6.1916905566933565e+03,
-8.8481989422169863e+04,5.0711007060781412e+04,
1.7729895644777280e+05,3.3125063737987366e+05,
3.8547394280121953e+05,2.5307266243789491e+05,
-9.8893534679771983e+04,9.4228291620747768e+03,
-1.2247161972326430e+05,5.3839204437928856e+03,
-8.9692580263222044e+04,-1.0527234224238782e+03,
1.2544193085274892e+05,-2.6664362030453049e+03,
2.4259176875954727e+05,1.4811478236038383e+05,
-5.1594417677348247e+03,4.4009827205206384e+05,
-1.2008819783658837e+05,2.7879569571345637e+05,
-1.1599413238394773e+05,-1.4789355287674698e+04,
8.9596476857992966e+03,0.0000000000000000e+00,
0.0000000000000000e+00,1.0941517994012617e+05,
3.6142915092068652e+04,1.1295977671394736e+05,
-3.0355683653723099e+04,-7.1334899680950912e+04,
4.1444157993959379e+04,2.2449336105153779e+05,
-1.7384699770318985e+05,-2.7698547863529529e+04,
5.6830796553046093e+04,2.0076329103851167e+05,
-6.8186335912253708e+04,1.8299247305558238e+05,
1.2836141945489217e+05,1.9660404164170177e+05,
1.0769148288323486e+05,3.1276644696439907e+05,
1.7977619556271820e+05,2.8893325384510536e+05,
-8.3122610418053227e+04,2.4434426636237331e+05,
-1.2589882359320327e+05,1.0275744781746471e+04,
-1.0966769715767150e+05,-6.7490901311990456e+03,
6.3442162831619498e+03,-3.3692198077199282e+04,
-1.4407349881252012e+05,1.1725775808486651e+05,
-1.3742673732660478e+05,6.2652910042597796e+03,
-1.4107667854496103e+05,1.2890287223867199e+04,
-1.6192466321222892e+05,2.3295931017278053e+04,
-3.8642491890958627e+04,-1.8003361846177722e+04,
-8.5245522009332490e+04,2.2972943781151844e+04,
-1.1117231390330562e+05,7.1941525876615196e+04,
-1.6537422025080741e+05,7.9398712667729706e+04,
3.0073743314243620e+04,5.1415524649561848e+04,
-5.3520309915039979e+04,6.3193529827438761e+04,
-3.8631098982717958e+04,1.6082829726815835e+05,
-8.0661110268085031e+04,3.2069592157009756e+05,
-1.3307061667866656e+05,3.7045451091032592e+05,
-7.7185386004496831e+04,-2.8147761483668000e+04,
-3.1357227345632564e+05,-6.7295253342000069e+04,
-2.9950317121725820e+05,1.4927347605555260e+05,
-5.5742977637509466e+04,1.0091616310977843e+05,
-1.5113898358904989e+05,1.4729391609692248e+05,
5.2219990524201421e+04,1.9904445178471215e+05,
2.1060887996483652e+05,4.4836181784882210e+05,
1.0716027642230911e+05,3.9282396732009074e+05,
-2.2458869930940855e+05,1.4435964093173097e+05,
-2.1831866071731783e+05,-2.4101540056020895e+04,
-1.6249224918952386e+05,-1.1073666123416333e+05,
6.4449724959803279e+04,8.0907285588167724e+04,
-5.0252465677740111e+04,9.4312046208474203e+04,
-6.0129357594049361e+04,2.2681790750705259e+05,
-6.2852312904692371e+04,2.8422476082677313e+05,
1.7720448607197468e+05,3.1680960925246036e+05,
2.6062077068241488e+05,2.4787281779238256e+05,
-1.1574420328641281e+05,4.1977439612052694e+04,
1.3600124873895256e+05,1.3411229168264545e+05,
7.2973789855453651e+04,6.0770871168890153e+04,
2.1368691004666325e+05,2.1377863012805174e+05,
-2.5516991288999852e+05,7.2075041142487316e+04,
3.5270387986674905e+02,-7.9687556865601800e+04,
-1.6137807335265097e+05,4.6792391652212245e+04,
-1.6343992376579263e+05,-1.3885299716251029e+04,
-8.9011933887141640e+04,-1.0609424659794167e+05,
-1.0091649516633333e+05,1.7024419347685325e+05,
-8.4658258105628192e+03,-2.1751247273955960e+04,
-5.1778888103261124e+03,2.9382693713514891e+04,
-1.1582339969211753e+05,1.2666773187188664e+05,
4.6408583001091029e+04,9.7595190460445883e+04,
-8.3083716056952835e+04,2.3718035086928285e+04,
-9.5494389473290357e+04,1.1687187857507524e+05,
-9.8366377986531006e+04,2.0954905839766288e+05,
2.4915666454404709e+04,1.6518619974437606e+05,
-5.4425725617104035e+04,8.3696874354455213e+04,
-7.6093518356504501e+04,5.6782209770240297e+04,
-3.9977232618136622e+04,1.4172429951151425e+05,
-9.4062301557649334e+04,2.0694436092383112e+05,
-2.2684024595917435e+03,-3.1507958103456476e+05,
-3.5320129395433469e+04,-2.1137414348446473e+05,
-2.4527295104908408e+05,-1.5295453690866707e+05,
4.8662953643954825e+04,-2.3716482557403215e+05,
7.9960260102496250e+03,-5.5803220332771889e+04,
-6.6064960279874504e+04,2.0821779031295446e+05,

