1
1
4
4
(9 0
((80,232) (95,247) (0,0))
((96,232) (111,247) (0,0))
((112,232) (127,247) (0,0))
((80,248) (95,263) (0,0))
((96,248) (111,263) (0,0))
((112,248) (127,263) (0,0))
((80,264) (95,279) (0,0))
((96,264) (111,279) (0,0))
((112,264) (127,279) (0,0))
)
9
FabOnDisk: SD_0_New_MF_D_00000 0
FabOnDisk: SD_0_New_MF_D_00000 18518
FabOnDisk: SD_0_New_MF_D_00000 37037
FabOnDisk: SD_0_New_MF_D_00000 55557
FabOnDisk: SD_0_New_MF_D_00000 74075
FabOnDisk: SD_0_New_MF_D_00000 92594
FabOnDisk: SD_0_New_MF_D_00000 111114
FabOnDisk: SD_0_New_MF_D_00000 129632
FabOnDisk: SD_0_New_MF_D_00000 148151

9,4
-2.4573995553948352e-01,-7.4736587181733571e-01,9.9999999999947931e-01,-7.7896367474464428e-13,
-8.7172235557942443e-02,-6.8177821612248224e-01,9.9999999999892064e-01,1.2501716489432194e-14,
5.9761895565492780e-02,-6.2586391280792153e-01,9.9999999999977895e-01,3.0917250363158932e-14,
2.0858610365016867e-02,-6.5892337298847958e-01,9.9999999999913436e-01,1.5983120200580855e-13,
-3.3463303866020716e-01,-6.9927795732669784e-01,9.9999999999926681e-01,9.2181735576570940e-14,
-8.9081903770551085e-01,-7.3428774844174616e-01,9.9999999999976974e-01,9.8091949793863758e-14,
-2.4573995553924510e-01,-2.2108964419285493e-01,9.9999999999974498e-01,-8.2216150055829013e-13,
-8.7172235557951019e-02,-9.4003775571439088e-02,9.9999999999925748e-01,6.6478611562303009e-15,
5.9761895565545960e-02,-8.1655852113393834e-01,9.9999999999982481e-01,2.6126354248133893e-14,

9,4
1.0000000000000000e+40,1.0000000000000000e+40,1.0000000000000000e+40,1.0000000000000000e+40,
1.0000000000000000e+40,1.0000000000000000e+40,1.0000000000000000e+40,1.0000000000000000e+40,
1.5066747152114321e+00,8.1655852113396210e-01,1.0000000000002405e+00,1.1891676364552331e-13,
1.0000000000000000e+40,1.0000000000000000e+40,1.0000000000000000e+40,1.0000000000000000e+40,
1.0000000000000000e+40,1.0000000000000000e+40,1.0000000000000000e+40,1.0000000000000000e+40,
3.7241359633620502e-01,7.3428774844173084e-01,1.0000000000000637e+00,1.1904840473505397e-13,
1.0000000000000000e+40,1.0000000000000000e+40,1.0000000000000000e+40,1.0000000000000000e+40,
1.0000000000000000e+40,1.0000000000000000e+40,1.0000000000000000e+40,1.0000000000000000e+40,
1.5066747152114142e+00,6.2586391280790510e-01,1.0000000000001881e+00,1.1897907506417509e-13,

