1
1
1
1
(9 0
((80,232) (96,248) (1,1))
((96,232) (112,248) (1,1))
((112,232) (128,248) (1,1))
((80,248) (96,264) (1,1))
((96,248) (112,264) (1,1))
((112,248) (128,264) (1,1))
((80,264) (96,280) (1,1))
((96,264) (112,280) (1,1))
((112,264) (128,280) (1,1))
)
9
FabOnDisk: SD_1_New_MF_D_00000 0
FabOnDisk: SD_1_New_MF_D_00000 2974
FabOnDisk: SD_1_New_MF_D_00000 5949
FabOnDisk: SD_1_New_MF_D_00000 8925
FabOnDisk: SD_1_New_MF_D_00000 11899
FabOnDisk: SD_1_New_MF_D_00000 14874
FabOnDisk: SD_1_New_MF_D_00000 17850
FabOnDisk: SD_1_New_MF_D_00000 20824
FabOnDisk: SD_1_New_MF_D_00000 23799

9,1
-1.1623230612100039e+01,
-6.2994093375925253e+00,
-1.1303208129977980e+00,
-7.0160306642074316e-02,
-7.6767700369831204e-01,
-1.1303208129977980e+00,
-1.1623230610059760e+01,
-6.2994093359586936e+00,
-1.1303208129977693e+00,

9,1
2.3894266769356736e+00,
4.0703448643970903e+00,
-1.4835468969865911e-01,
2.3894266769356736e+00,
4.0703448657047065e+00,
5.1923862888555175e-02,
2.3894266766354302e+00,
4.0703448657047065e+00,
-1.4835468969863480e-01,

