1
1
4
4
(64 0
((0,0) (15,15) (0,0))
((16,0) (31,15) (0,0))
((32,0) (47,15) (0,0))
((48,0) (63,15) (0,0))
((64,0) (79,15) (0,0))
((80,0) (95,15) (0,0))
((96,0) (111,15) (0,0))
((112,0) (127,15) (0,0))
((0,16) (15,31) (0,0))
((16,16) (31,31) (0,0))
((32,16) (47,31) (0,0))
((48,16) (63,31) (0,0))
((64,16) (79,31) (0,0))
((80,16) (95,31) (0,0))
((96,16) (111,31) (0,0))
((112,16) (127,31) (0,0))
((0,32) (15,47) (0,0))
((16,32) (31,47) (0,0))
((32,32) (47,47) (0,0))
((48,32) (63,47) (0,0))
((64,32) (79,47) (0,0))
((80,32) (95,47) (0,0))
((96,32) (111,47) (0,0))
((112,32) (127,47) (0,0))
((0,48) (15,63) (0,0))
((16,48) (31,63) (0,0))
((32,48) (47,63) (0,0))
((48,48) (63,63) (0,0))
((64,48) (79,63) (0,0))
((80,48) (95,63) (0,0))
((96,48) (111,63) (0,0))
((112,48) (127,63) (0,0))
((0,64) (15,79) (0,0))
((16,64) (31,79) (0,0))
((32,64) (47,79) (0,0))
((48,64) (63,79) (0,0))
((64,64) (79,79) (0,0))
((80,64) (95,79) (0,0))
((96,64) (111,79) (0,0))
((112,64) (127,79) (0,0))
((0,80) (15,95) (0,0))
((16,80) (31,95) (0,0))
((32,80) (47,95) (0,0))
((48,80) (63,95) (0,0))
((64,80) (79,95) (0,0))
((80,80) (95,95) (0,0))
((96,80) (111,95) (0,0))
((112,80) (127,95) (0,0))
((0,96) (15,111) (0,0))
((16,96) (31,111) (0,0))
((32,96) (47,111) (0,0))
((48,96) (63,111) (0,0))
((64,96) (79,111) (0,0))
((80,96) (95,111) (0,0))
((96,96) (111,111) (0,0))
((112,96) (127,111) (0,0))
((0,112) (15,127) (0,0))
((16,112) (31,127) (0,0))
((32,112) (47,127) (0,0))
((48,112) (63,127) (0,0))
((64,112) (79,127) (0,0))
((80,112) (95,127) (0,0))
((96,112) (111,127) (0,0))
((112,112) (127,127) (0,0))
)
64
FabOnDisk: SD_0_Old_MF_D_00000 0
FabOnDisk: SD_0_Old_MF_D_00000 18516
FabOnDisk: SD_0_Old_MF_D_00000 37032
FabOnDisk: SD_0_Old_MF_D_00000 55548
FabOnDisk: SD_0_Old_MF_D_00000 74064
FabOnDisk: SD_0_Old_MF_D_00000 92580
FabOnDisk: SD_0_Old_MF_D_00000 111096
FabOnDisk: SD_0_Old_MF_D_00000 129613
FabOnDisk: SD_0_Old_MF_D_00000 148131
FabOnDisk: SD_0_Old_MF_D_00000 166647
FabOnDisk: SD_0_Old_MF_D_00000 185163
FabOnDisk: SD_0_Old_MF_D_00000 203679
FabOnDisk: SD_0_Old_MF_D_00000 222195
FabOnDisk: SD_0_Old_MF_D_00000 240711
FabOnDisk: SD_0_Old_MF_D_00000 259227
FabOnDisk: SD_0_Old_MF_D_00000 277744
FabOnDisk: SD_0_Old_MF_D_00000 296262
FabOnDisk: SD_0_Old_MF_D_00000 314778
FabOnDisk: SD_0_Old_MF_D_00000 333294
FabOnDisk: SD_0_Old_MF_D_00000 351810
FabOnDisk: SD_0_Old_MF_D_00000 370326
FabOnDisk: SD_0_Old_MF_D_00000 388842
FabOnDisk: SD_0_Old_MF_D_00000 407358
FabOnDisk: SD_0_Old_MF_D_00000 425875
FabOnDisk: SD_0_Old_MF_D_00000 444393
FabOnDisk: SD_0_Old_MF_D_00000 462909
FabOnDisk: SD_0_Old_MF_D_00000 481425
FabOnDisk: SD_0_Old_MF_D_00000 499941
FabOnDisk: SD_0_Old_MF_D_00000 518457
FabOnDisk: SD_0_Old_MF_D_00000 536973
FabOnDisk: SD_0_Old_MF_D_00000 555489
FabOnDisk: SD_0_Old_MF_D_00000 574006
FabOnDisk: SD_0_Old_MF_D_00000 592524
FabOnDisk: SD_0_Old_MF_D_00000 611040
FabOnDisk: SD_0_Old_MF_D_00000 629556
FabOnDisk: SD_0_Old_MF_D_00000 648072
FabOnDisk: SD_0_Old_MF_D_00000 666588
FabOnDisk: SD_0_Old_MF_D_00000 685104
FabOnDisk: SD_0_Old_MF_D_00000 703620
FabOnDisk: SD_0_Old_MF_D_00000 722137
FabOnDisk: SD_0_Old_MF_D_00000 740655
FabOnDisk: SD_0_Old_MF_D_00000 759171
FabOnDisk: SD_0_Old_MF_D_00000 777687
FabOnDisk: SD_0_Old_MF_D_00000 796203
FabOnDisk: SD_0_Old_MF_D_00000 814719
FabOnDisk: SD_0_Old_MF_D_00000 833235
FabOnDisk: SD_0_Old_MF_D_00000 851751
FabOnDisk: SD_0_Old_MF_D_00000 870268
FabOnDisk: SD_0_Old_MF_D_00000 888786
FabOnDisk: SD_0_Old_MF_D_00000 907303
FabOnDisk: SD_0_Old_MF_D_00000 925820
FabOnDisk: SD_0_Old_MF_D_00000 944337
FabOnDisk: SD_0_Old_MF_D_00000 962854
FabOnDisk: SD_0_Old_MF_D_00000 981371
FabOnDisk: SD_0_Old_MF_D_00000 999888
FabOnDisk: SD_0_Old_MF_D_00000 1018406
FabOnDisk: SD_0_Old_MF_D_00000 1036925
FabOnDisk: SD_0_Old_MF_D_00000 1055443
FabOnDisk: SD_0_Old_MF_D_00000 1073961
FabOnDisk: SD_0_Old_MF_D_00000 1092479
FabOnDisk: SD_0_Old_MF_D_00000 1110997
FabOnDisk: SD_0_Old_MF_D_00000 1129515
FabOnDisk: SD_0_Old_MF_D_00000 1148033
FabOnDisk: SD_0_Old_MF_D_00000 1166552

64,4
-4.7615680192943988e-01,-8.0932384831091364e-01,9.9999999999999967e-01,-3.8910948169455286e-11,
2.8068271525167982e-01,-6.4308206024947989e-01,9.9999999999999944e-01,1.7464300812514317e-11,
6.0688016879842666e-01,-8.6586862925040087e-02,9.9999999999999944e-01,1.1144926661795270e-11,
3.6994517349446354e-01,5.6313076488938929e-03,9.9999999999999967e-01,6.8453380346858290e-12,
1.7787789508429269e-01,4.5049566625711378e-03,1.0000000000000000e+00,4.1797259538166652e-12,
8.2296627072870915e-02,2.4402124336699634e-03,1.0000000000000000e+00,2.5520765156690943e-12,
3.7598653130316954e-02,1.2026183449617726e-03,9.9999999999999989e-01,1.5861500981106697e-12,
1.7133626225813367e-02,2.6998918096243492e-04,9.9999999999999944e-01,1.2554705717051434e-12,
-8.6174172837480500e-01,-2.6291440635276202e+00,9.9999999999999989e-01,-4.1866771958606006e-11,
5.0885339686196895e-01,-1.8387648876169698e+00,1.0000000000000000e+00,1.7987231773282773e-11,
6.8674061951516929e-01,-8.5896620970463688e-02,1.0000000000000000e+00,1.1471122733766427e-11,
1.9161436071113713e-01,2.3774414813252320e-01,1.0000000000000000e+00,7.0417356361353432e-12,
4.4624064907429165e-02,1.4553233486214251e-01,1.0000000000000000e+00,4.2974472087820655e-12,
1.0856827260391506e-02,7.5151119633510399e-02,1.0000000000000000e+00,2.6226319669136108e-12,
2.8964855284727611e-03,3.6221217520564696e-02,1.0000000000000000e+00,1.6292396621165927e-12,
6.6600436718893344e-04,8.0932875077031809e-03,1.0000000000000000e+00,1.2904147541921767e-12,
-9.7706927541904087e-01,-7.0141086174650198e+00,9.9999999999999956e-01,-4.4611767102550706e-11,
1.6385980993099452e+00,-5.9652759714386283e+00,1.0000000000000000e+00,1.9186658180141433e-11,
-2.4902238976122298e-01,3.2632466607905847e-01,1.0000000000000000e+00,1.2218979597342742e-11,
-4.0050578254918684e-01,5.2014122058775347e-01,1.0000000000000000e+00,7.4927386149626591e-12,
-3.1992225609972208e-01,2.2359068377908450e-01,1.0000000000000000e+00,4.5677859132419506e-12,
-1.6044650167883331e-01,9.1369604404417354e-02,1.0000000000000000e+00,2.7846776240512934e-12,
-7.4547542613656745e-02,3.9693366117793581e-02,1.0000000000000000e+00,1.7279814816322424e-12,
-3.4068068781553149e-02,8.6759408638554057e-03,1.0000000000000000e+00,1.3678851456614118e-12,
-2.2674003107981630e+01,-1.7974995142244808e+01,9.9999999999999822e-01,-4.7070973870469163e-11,
-2.7955495642207120e+44,-2.7955495642207120e+44,9.9999999999999956e-01,0.0000000000000000e+00,
-2.5687015822883826e+01,1.3914925550787463e-01,9.9999999999999967e-01,1.2945398269440303e-11,
-2.5820134689980501e+00,2.6765212151760566e-02,9.9999999999999989e-01,7.9382410404039663e-12,
-7.3844371953835863e-01,8.4073870387105058e-03,1.0000000000000000e+00,4.8352315769550639e-12,
-2.7820384893626027e-01,3.2398163224296949e-03,1.0000000000000000e+00,2.9448131777022250e-12,
-1.1661242937691665e-01,1.3733147665839561e-03,1.0000000000000000e+00,1.8256116802108042e-12,
-5.1016778032212898e-02,2.9862054531714169e-04,1.0000000000000000e+00,1.4444549589788959e-12,
-2.2674003107981754e+01,-3.4346885280206621e+01,9.9999999999999667e-01,-4.9213726318857223e-11,
-2.7955495642207120e+44,-2.7955495642207120e+44,9.9999999999999978e-01,0.0000000000000000e+00,
-2.5687015822883900e+01,-1.6013352051789205e+01,9.9999999999999989e-01,1.3587795243573797e-11,
-2.5820134689979874e+00,-1.8955885611353303e+00,1.0000000000000000e+00,8.3394689328059047e-12,
-7.3844371953829546e-01,-5.5941712252319564e-01,1.0000000000000000e+00,5.0758425235899747e-12,
-2.7820384893628713e-01,-2.0297023692600052e-01,1.0000000000000000e+00,3.0887781857223362e-12,
-1.1661242937696027e-01,-8.2853422004149954e-02,1.0000000000000000e+00,1.9133412515778748e-12,
-5.1016778032204398e-02,-3.6004567300107475e-02,1.0000000000000000e+00,1.5131727667981574e-12,
-9.7706927541950683e-01,-3.3747975449726553e+01,9.9999999999999667e-01,-5.0947061102073744e-11,
1.6385980993094955e+00,-3.9422830484418747e+00,1.0000000000000000e+00,2.2330117193650783e-11,
-2.4902238976097102e-01,-4.2291749434013655e+00,1.0000000000000000e+00,1.4193172572935133e-11,
-4.0050578255067493e-01,-1.8255450404959228e+00,1.0000000000000000e+00,8.6858478434155892e-12,
-3.1992225610159236e-01,-5.9620330724993942e-01,1.0000000000000000e+00,5.2819179596907818e-12,
-1.6044650167885433e-01,-2.4636434091603962e-01,1.0000000000000000e+00,3.2119127691400427e-12,
-7.4547542613669360e-02,-1.0981966425730637e-01,1.0000000000000000e+00,1.9882637454420300e-12,
-3.4068068781634091e-02,-4.9952421125043882e-02,1.0000000000000000e+00,1.5718785194986886e-12,
-8.6174172837360319e-01,-1.7867799309133723e+01,9.9999999999999722e-01,-5.2226071271220991e-11,
5.0885339686074638e-01,-1.5878899207440927e-01,1.0000000000000000e+00,2.3108600668202138e-11,
6.8674061951510401e-01,-8.2242857742028030e-01,1.0000000000000000e+00,1.4667835330573100e-11,
1.9161436071112184e-01,-7.9568502367987470e-01,1.0000000000000000e+00,8.9644164928865091e-12,
4.4624064907219117e-02,-4.8275043545112922e-01,1.0000000000000000e+00,5.4475550941188212e-12,
1.0856827264066841e-02,-2.3424917096247855e-01,1.0000000000000000e+00,3.3107654110732740e-12,
2.8964855298533967e-03,-1.0844391720418316e-01,1.0000000000000000e+00,2.0484046562885694e-12,
6.6600436702337360e-04,-4.9761326640633208e-02,1.0000000000000000e+00,1.6189406031315853e-12,
-4.7615680192941401e-01,-6.5481703939065294e+00,9.9999999999999611e-01,-5.3028675851511369e-11,
2.8068271525002919e-01,4.9531281230852072e-03,9.9999999999999745e-01,2.3636354556549864e-11,
6.0688016879860684e-01,-2.1476395035182563e-01,9.9999999999999922e-01,1.4996998423737705e-11,
3.6994517349511091e-01,-2.4396634115611740e-01,9.9999999999999956e-01,9.1613178543995527e-12,
1.7787789508400328e-01,-2.1700866630611426e-01,9.9999999999999956e-01,5.5649359877895766e-12,
8.2296627072759004e-02,-1.3211080370132569e-01,9.9999999999999967e-01,3.3808416728758993e-12,
3.7598653130404926e-02,-6.8144586552576006e-02,9.9999999999999978e-01,2.0909682530442312e-12,
1.7133626225388051e-02,-3.2834984021180798e-02,9.9999999999999989e-01,1.6523133454329791e-12,

64,4
4.2630918669987228e-01,6.5481703939063234e+00,1.0000000000000000e+00,2.0725125003910628e-11,
8.7709082276441708e-01,-4.9531281228880411e-03,1.0000000000000000e+00,2.1685198909037180e-11,
8.7809178246881103e-01,2.1476395035188028e-01,1.0000000000000000e+00,1.7478055266941952e-11,
6.5770803286765989e-01,2.4396634115569968e-01,1.0000000000000000e+00,1.1091189798258950e-11,
3.8405326048675842e-01,2.1700866630616017e-01,1.0000000000000000e+00,6.8038232194061994e-12,
2.0686720851617801e-01,1.3211080370155068e-01,1.0000000000000000e+00,4.1520348532535526e-12,
1.0193468675720332e-01,6.8144586552652611e-02,1.0000000000000000e+00,2.5345291892674879e-12,
4.8097423535228667e-02,3.2834984021125488e-02,1.0000000000000002e+00,1.5804034686971459e-12,
1.3986411825027634e+00,1.7867799309134149e+01,1.0000000000000007e+00,2.2138364349836259e-11,
2.0592162146667117e+00,1.5878899207472350e-01,1.0000000000000000e+00,2.3157561040693659e-11,
1.8333252804784306e+00,8.2242857742000319e-01,1.0000000000000000e+00,1.8637244875387847e-11,
7.1838104410898285e-01,7.9568502367980187e-01,1.0000000000000000e+00,1.1810416729196701e-11,
3.4920969008710201e-01,4.8275043545092888e-01,1.0000000000000000e+00,7.2371270397969224e-12,
1.6445622429541076e-01,2.3424917096252937e-01,1.0000000000000000e+00,4.4117240962410296e-12,
7.5290013600016137e-02,1.0844391720368893e-01,1.0000000000000000e+00,2.6902038506069246e-12,
3.4212387702932022e-02,4.9761326640095242e-02,1.0000000000000000e+00,1.6756441878289797e-12,
4.3581031430497035e+00,3.3747975449726979e+01,1.0000000000000011e+00,2.3568642580182957e-11,
8.1330261325397473e+00,3.9422830484422939e+00,1.0000000000000000e+00,2.4632038957886514e-11,
4.0481229214611139e+00,4.2291749434009791e+00,1.0000000000000000e+00,1.9739714861232983e-11,
6.8575931336015938e-01,1.8255450404956899e+00,1.0000000000000000e+00,1.2520766231359359e-11,
1.5422245856265082e-01,5.9620330724973725e-01,1.0000000000000000e+00,7.6708609744346524e-12,
2.9506932355361361e-02,2.4636434091601972e-01,1.0000000000000000e+00,4.6719879374345237e-12,
4.6650696213774677e-03,1.0981966425733750e-01,1.0000000000000000e+00,2.8461127680312702e-12,
2.4495681679057322e-04,4.9952421125747173e-02,1.0000000000000000e+00,1.7710155150658962e-12,
4.7200942575872968e+00,3.4346885280205484e+01,1.0000000000000011e+00,2.5452384014782173e-11,
1.1647674186761678e+02,1.4268033274068937e+03,1.0000000000000000e+40,2.8218952335687157e-11,
4.2617115328247142e+00,1.6013352051788679e+01,1.0000000000000000e+00,2.0066967165284140e-11,
-3.7309242222007138e-01,1.8955885611355470e+00,1.0000000000000000e+00,1.3150717346580400e-11,
-1.8106707573840378e-01,5.5941712252314046e-01,1.0000000000000000e+00,8.0625510201492521e-12,
-8.3063805712989755e-02,2.0297023692583496e-01,1.0000000000000000e+00,4.9068090065717436e-12,
-3.7756899670588248e-02,8.2853422004014701e-02,1.0000000000000000e+00,2.9866808743656438e-12,
-1.7142054305921674e-02,3.6004567300177218e-02,1.0000000000000000e+00,1.8569863979846593e-12,
4.7200942575902403e+00,1.7974995142244836e+01,1.0000000000000004e+00,2.5964849763996765e-11,
1.1647674186761559e+02,1.5889172509962855e+03,1.0000000000000000e+40,2.8404894755500105e-11,
4.2617115328247772e+00,-1.3914925550809878e-01,1.0000000000000002e+00,2.1709790843916205e-11,
-3.7309242221906480e-01,-2.6765212152066207e-02,1.0000000000000000e+00,1.3737747822319691e-11,
-1.8106707573826791e-01,-8.4073870387330121e-03,1.0000000000000000e+00,8.4014768364827016e-12,
-8.3063805712980637e-02,-3.2398163224053268e-03,1.0000000000000000e+00,5.1086248599184304e-12,
-3.7756899670901206e-02,-1.3733147665746914e-03,1.0000000000000000e+00,3.1072505373171572e-12,
-1.7142054306437227e-02,-2.9862054536260651e-04,1.0000000000000000e+00,1.9307086913730252e-12,
4.3581031430499770e+00,7.0141086174645304e+00,1.0000000000000004e+00,2.6793010777445113e-11,
8.1330261325402304e+00,5.9652759714385644e+00,1.0000000000000002e+00,2.8013570626644675e-11,
4.0481229214603021e+00,-3.2632466607888477e-01,1.0000000000000000e+00,2.2492059476810794e-11,
6.8575931335995599e-01,-5.2014122058788237e-01,1.0000000000000000e+00,1.4205138629830156e-11,
1.5422245856275082e-01,-2.2359068377886979e-01,1.0000000000000000e+00,8.6755095728345213e-12,
2.9506932355336468e-02,-9.1369604404572341e-02,1.0000000000000000e+00,5.2716272993149926e-12,
4.6650696221947410e-03,-3.9693366117938826e-02,1.0000000000000000e+00,3.2045708780164898e-12,
2.4495681613585861e-04,-8.6759408641114717e-03,1.0000000000000000e+00,1.9900961764479118e-12,
1.3986411825028509e+00,2.6291440635269581e+00,1.0000000000000004e+00,2.7430313910762963e-11,
2.0592162146682051e+00,1.8387648876176499e+00,1.0000000000000000e+00,2.8678616631390187e-11,
1.8333252804804636e+00,8.5896620970375592e-02,1.0000000000000000e+00,2.3021352376959237e-11,
7.1838104410921444e-01,-2.3774414813300671e-01,1.0000000000000000e+00,1.4533539016210997e-11,
3.4920969008676384e-01,-1.4553233486204464e-01,1.0000000000000000e+00,8.8717743872061695e-12,
1.6445622429490825e-01,-7.5151119633496910e-02,1.0000000000000000e+00,5.3885782377828948e-12,
7.5290013599416797e-02,-3.6221217520271819e-02,1.0000000000000000e+00,3.2744057947740122e-12,
3.4212387703193382e-02,-8.0932875076439974e-03,1.0000000000000000e+00,2.0326770720897392e-12,
4.2630918670107182e-01,8.0932384831071502e-01,1.0000000000000009e+00,2.7657664065864509e-11,
8.7709082276418737e-01,6.4308206024998082e-01,1.0000000000000007e+00,2.8921381592905361e-11,
8.7809178246863817e-01,8.6586862924693253e-02,1.0000000000000002e+00,2.3216209187708578e-11,
6.5770803286756163e-01,-5.6313076489937488e-03,1.0000000000000000e+00,1.4654381750206169e-11,
3.8405326048735994e-01,-4.5049566630440772e-03,1.0000000000000000e+00,8.9441365371855202e-12,
2.0686720851663573e-01,-2.4402124342380676e-03,1.0000000000000000e+00,5.4317312053269513e-12,
1.0193468675612623e-01,-1.2026183451583315e-03,1.0000000000000000e+00,3.3001743072248157e-12,
4.8097423534537727e-02,-2.6998918147329786e-04,1.0000000000000000e+00,2.0484279894232854e-12,

