1
1
1
1
(64 0
((0,0) (16,16) (1,1))
((16,0) (32,16) (1,1))
((32,0) (48,16) (1,1))
((48,0) (64,16) (1,1))
((64,0) (80,16) (1,1))
((80,0) (96,16) (1,1))
((96,0) (112,16) (1,1))
((112,0) (128,16) (1,1))
((0,16) (16,32) (1,1))
((16,16) (32,32) (1,1))
((32,16) (48,32) (1,1))
((48,16) (64,32) (1,1))
((64,16) (80,32) (1,1))
((80,16) (96,32) (1,1))
((96,16) (112,32) (1,1))
((112,16) (128,32) (1,1))
((0,32) (16,48) (1,1))
((16,32) (32,48) (1,1))
((32,32) (48,48) (1,1))
((48,32) (64,48) (1,1))
((64,32) (80,48) (1,1))
((80,32) (96,48) (1,1))
((96,32) (112,48) (1,1))
((112,32) (128,48) (1,1))
((0,48) (16,64) (1,1))
((16,48) (32,64) (1,1))
((32,48) (48,64) (1,1))
((48,48) (64,64) (1,1))
((64,48) (80,64) (1,1))
((80,48) (96,64) (1,1))
((96,48) (112,64) (1,1))
((112,48) (128,64) (1,1))
((0,64) (16,80) (1,1))
((16,64) (32,80) (1,1))
((32,64) (48,80) (1,1))
((48,64) (64,80) (1,1))
((64,64) (80,80) (1,1))
((80,64) (96,80) (1,1))
((96,64) (112,80) (1,1))
((112,64) (128,80) (1,1))
((0,80) (16,96) (1,1))
((16,80) (32,96) (1,1))
((32,80) (48,96) (1,1))
((48,80) (64,96) (1,1))
((64,80) (80,96) (1,1))
((80,80) (96,96) (1,1))
((96,80) (112,96) (1,1))
((112,80) (128,96) (1,1))
((0,96) (16,112) (1,1))
((16,96) (32,112) (1,1))
((32,96) (48,112) (1,1))
((48,96) (64,112) (1,1))
((64,96) (80,112) (1,1))
((80,96) (96,112) (1,1))
((96,96) (112,112) (1,1))
((112,96) (128,112) (1,1))
((0,112) (16,128) (1,1))
((16,112) (32,128) (1,1))
((32,112) (48,128) (1,1))
((48,112) (64,128) (1,1))
((64,112) (80,128) (1,1))
((80,112) (96,128) (1,1))
((96,112) (112,128) (1,1))
((112,112) (128,128) (1,1))
)
64
FabOnDisk: SD_1_Old_MF_D_00000 0
FabOnDisk: SD_1_Old_MF_D_00000 2972
FabOnDisk: SD_1_Old_MF_D_00000 5944
FabOnDisk: SD_1_Old_MF_D_00000 8916
FabOnDisk: SD_1_Old_MF_D_00000 11888
FabOnDisk: SD_1_Old_MF_D_00000 14860
FabOnDisk: SD_1_Old_MF_D_00000 17832
FabOnDisk: SD_1_Old_MF_D_00000 20805
FabOnDisk: SD_1_Old_MF_D_00000 23779
FabOnDisk: SD_1_Old_MF_D_00000 26751
FabOnDisk: SD_1_Old_MF_D_00000 29723
FabOnDisk: SD_1_Old_MF_D_00000 32695
FabOnDisk: SD_1_Old_MF_D_00000 35667
FabOnDisk: SD_1_Old_MF_D_00000 38639
FabOnDisk: SD_1_Old_MF_D_00000 41611
FabOnDisk: SD_1_Old_MF_D_00000 44584
FabOnDisk: SD_1_Old_MF_D_00000 47558
FabOnDisk: SD_1_Old_MF_D_00000 50530
FabOnDisk: SD_1_Old_MF_D_00000 53502
FabOnDisk: SD_1_Old_MF_D_00000 56474
FabOnDisk: SD_1_Old_MF_D_00000 59446
FabOnDisk: SD_1_Old_MF_D_00000 62418
FabOnDisk: SD_1_Old_MF_D_00000 65390
FabOnDisk: SD_1_Old_MF_D_00000 68363
FabOnDisk: SD_1_Old_MF_D_00000 71337
FabOnDisk: SD_1_Old_MF_D_00000 74309
FabOnDisk: SD_1_Old_MF_D_00000 77281
FabOnDisk: SD_1_Old_MF_D_00000 80253
FabOnDisk: SD_1_Old_MF_D_00000 83225
FabOnDisk: SD_1_Old_MF_D_00000 86197
FabOnDisk: SD_1_Old_MF_D_00000 89169
FabOnDisk: SD_1_Old_MF_D_00000 92142
FabOnDisk: SD_1_Old_MF_D_00000 95116
FabOnDisk: SD_1_Old_MF_D_00000 98088
FabOnDisk: SD_1_Old_MF_D_00000 101060
FabOnDisk: SD_1_Old_MF_D_00000 104032
FabOnDisk: SD_1_Old_MF_D_00000 107004
FabOnDisk: SD_1_Old_MF_D_00000 109976
FabOnDisk: SD_1_Old_MF_D_00000 112948
FabOnDisk: SD_1_Old_MF_D_00000 115921
FabOnDisk: SD_1_Old_MF_D_00000 118895
FabOnDisk: SD_1_Old_MF_D_00000 121867
FabOnDisk: SD_1_Old_MF_D_00000 124839
FabOnDisk: SD_1_Old_MF_D_00000 127811
FabOnDisk: SD_1_Old_MF_D_00000 130783
FabOnDisk: SD_1_Old_MF_D_00000 133755
FabOnDisk: SD_1_Old_MF_D_00000 136727
FabOnDisk: SD_1_Old_MF_D_00000 139700
FabOnDisk: SD_1_Old_MF_D_00000 142674
FabOnDisk: SD_1_Old_MF_D_00000 145647
FabOnDisk: SD_1_Old_MF_D_00000 148620
FabOnDisk: SD_1_Old_MF_D_00000 151593
FabOnDisk: SD_1_Old_MF_D_00000 154566
FabOnDisk: SD_1_Old_MF_D_00000 157539
FabOnDisk: SD_1_Old_MF_D_00000 160512
FabOnDisk: SD_1_Old_MF_D_00000 163486
FabOnDisk: SD_1_Old_MF_D_00000 166461
FabOnDisk: SD_1_Old_MF_D_00000 169435
FabOnDisk: SD_1_Old_MF_D_00000 172409
FabOnDisk: SD_1_Old_MF_D_00000 175383
FabOnDisk: SD_1_Old_MF_D_00000 178357
FabOnDisk: SD_1_Old_MF_D_00000 181331
FabOnDisk: SD_1_Old_MF_D_00000 184305
FabOnDisk: SD_1_Old_MF_D_00000 187280

64,1
1.8620353016402559e-02,
1.1586315333700999e-02,
5.3741201787970063e-03,
2.4039831289665867e-03,
1.0792026392802659e-03,
4.7393127542252574e-04,
1.7884820281947148e-04,
0.0000000000000000e+00,
2.0485500677698228e-02,
6.4298460479338378e-03,
7.1845036124883112e-04,
8.8027157440974201e-05,
1.4894577983084674e-05,
2.9166549522723368e-06,
5.9209959314978128e-07,
0.0000000000000000e+00,
2.6976738980610027e-02,
-2.4927916598567607e-02,
-2.3021465828008229e-02,
-6.3378613483076589e-03,
-2.4562443803144932e-03,
-1.0834087977230787e-03,
-4.7448379517979239e-04,
-1.7891943340117266e-04,
4.6436181111770100e-02,
-1.7354757035032478e+00,
-4.9391761203187744e-02,
-7.2333352557186620e-03,
-3.3635546112670291e-03,
-1.5326200023256236e-03,
-6.7279513196064164e-04,
-2.5352870482325482e-04,
4.6436181111770204e-02,
-1.7354757035032462e+00,
-4.9391761203186224e-02,
-7.2333352557180913e-03,
-3.3635546112670291e-03,
-1.5326200023256236e-03,
-6.7279513196064164e-04,
-2.5352870482325482e-04,
2.6976738980611203e-02,
-2.4927916598567051e-02,
-2.3021465828007577e-02,
-6.3378613483076546e-03,
-2.4562443803144694e-03,
-1.0834087977227222e-03,
-4.7448379517984096e-04,
-1.7891943340177970e-04,
2.0485500677698804e-02,
6.4298460479337034e-03,
7.1845036124969436e-04,
8.8027157441236971e-05,
1.4894577983032984e-05,
2.9166549519498523e-06,
5.9209959197175517e-07,
0.0000000000000000e+00,
1.8620353016402486e-02,
1.1586315333701367e-02,
5.3741201787982831e-03,
2.4039831289674033e-03,
1.0792026392791891e-03,
4.7393127542179060e-04,
1.7884820281811604e-04,
0.0000000000000000e+00,

64,1
2.5237969553226269e-02,
2.0485500677698228e-02,
1.2280805847914080e-02,
6.6535886832741762e-03,
3.2393406373659962e-03,
1.5011919408725906e-03,
6.6614933802133021e-04,
2.5221492955190144e-04,
4.0786630581928322e-02,
2.6976738980610027e-02,
1.1586315333700999e-02,
5.3741201787970063e-03,
2.4039831289665867e-03,
1.0792026392802659e-03,
4.7393127542252574e-04,
1.7884820281947148e-04,
8.8235773058369008e-02,
4.6436181111770100e-02,
6.4298460479338378e-03,
7.1845036124883112e-04,
8.8027157440974201e-05,
1.4894577983084674e-05,
2.9166549522723368e-06,
5.9209959314978128e-07,
3.5636667212911982e-01,
8.0295725612500246e-01,
4.1880240407949826e-02,
-2.4562443803144932e-03,
-1.0834087977230787e-03,
-4.7448379517979239e-04,
-1.7891943340117266e-04,
0.0000000000000000e+00,
3.5636667212911982e-01,
8.0295725612500246e-01,
4.1880240407949826e-02,
-2.4562443803144694e-03,
-1.0834087977227222e-03,
-4.7448379517984096e-04,
-1.7891943340177970e-04,
0.0000000000000000e+00,
8.8235773058370992e-02,
4.6436181111770204e-02,
6.4298460479337034e-03,
7.1845036124969436e-04,
8.8027157441236971e-05,
1.4894577983032984e-05,
2.9166549519498523e-06,
5.9209959197175517e-07,
4.0786630581929190e-02,
2.6976738980611203e-02,
1.1586315333701367e-02,
5.3741201787982831e-03,
2.4039831289674033e-03,
1.0792026392791891e-03,
4.7393127542179060e-04,
1.7884820281811604e-04,
2.5237969553226571e-02,
2.0485500677698804e-02,
1.2280805847915195e-02,
6.6535886832759629e-03,
3.2393406373676303e-03,
1.5011919408728586e-03,
6.6614933802116888e-04,
2.5221492955115703e-04,

