1
1
8
0
(2 0
((104,96) (127,127) (0,0))
((0,120) (103,127) (0,0))
)
2
FabOnDisk: Cell_D_00000 0
FabOnDisk: Cell_D_00000 49239

2,8
-3.2666608333917396e-01,-6.6628138734040943e-01,9.9782437773452159e-01,0.0000000000000000e+00,-7.6062801261641122e-01,-1.3025643841508907e+00,8.5365281549106831e-02,-7.8968726817609830e-02,
-7.3283162124992349e-02,1.4287764045040440e-04,9.9994002787246061e-01,0.0000000000000000e+00,-3.3260397197264002e-01,-9.5958896651267196e+00,3.2041088190261302e-02,-1.2407301650578856e-01,

2,8
9.4010382535608350e-01,1.1122671188178944e-01,1.0013935184046563e+00,0.0000000000000000e+00,3.4821871429537040e+01,3.0122279632790306e+01,6.6850117657082563e+01,7.8261680651604681e-01,
9.3991171811905783e-01,1.9915921493398245e-01,1.0001417938627963e+00,0.0000000000000000e+00,1.3283457177561081e+01,7.8085205568460569e+00,7.2738315361164567e+01,-4.1106049661644153e-03,

