1
1
2
4
(64 0
((0,0) (15,15) (0,0))
((16,0) (31,15) (0,0))
((32,0) (47,15) (0,0))
((48,0) (63,15) (0,0))
((64,0) (79,15) (0,0))
((80,0) (95,15) (0,0))
((96,0) (111,15) (0,0))
((112,0) (127,15) (0,0))
((0,16) (15,31) (0,0))
((16,16) (31,31) (0,0))
((32,16) (47,31) (0,0))
((48,16) (63,31) (0,0))
((64,16) (79,31) (0,0))
((80,16) (95,31) (0,0))
((96,16) (111,31) (0,0))
((112,16) (127,31) (0,0))
((0,32) (15,47) (0,0))
((16,32) (31,47) (0,0))
((32,32) (47,47) (0,0))
((48,32) (63,47) (0,0))
((64,32) (79,47) (0,0))
((80,32) (95,47) (0,0))
((96,32) (111,47) (0,0))
((112,32) (127,47) (0,0))
((0,48) (15,63) (0,0))
((16,48) (31,63) (0,0))
((32,48) (47,63) (0,0))
((48,48) (63,63) (0,0))
((64,48) (79,63) (0,0))
((80,48) (95,63) (0,0))
((96,48) (111,63) (0,0))
((112,48) (127,63) (0,0))
((0,64) (15,79) (0,0))
((16,64) (31,79) (0,0))
((32,64) (47,79) (0,0))
((48,64) (63,79) (0,0))
((64,64) (79,79) (0,0))
((80,64) (95,79) (0,0))
((96,64) (111,79) (0,0))
((112,64) (127,79) (0,0))
((0,80) (15,95) (0,0))
((16,80) (31,95) (0,0))
((32,80) (47,95) (0,0))
((48,80) (63,95) (0,0))
((64,80) (79,95) (0,0))
((80,80) (95,95) (0,0))
((96,80) (111,95) (0,0))
((112,80) (127,95) (0,0))
((0,96) (15,111) (0,0))
((16,96) (31,111) (0,0))
((32,96) (47,111) (0,0))
((48,96) (63,111) (0,0))
((64,96) (79,111) (0,0))
((80,96) (95,111) (0,0))
((96,96) (111,111) (0,0))
((112,96) (127,111) (0,0))
((0,112) (15,127) (0,0))
((16,112) (31,127) (0,0))
((32,112) (47,127) (0,0))
((48,112) (63,127) (0,0))
((64,112) (79,127) (0,0))
((80,112) (95,127) (0,0))
((96,112) (111,127) (0,0))
((112,112) (127,127) (0,0))
)
64
FabOnDisk: SD_2_Old_MF_D_00000 0
FabOnDisk: SD_2_Old_MF_D_00000 9300
FabOnDisk: SD_2_Old_MF_D_00000 18600
FabOnDisk: SD_2_Old_MF_D_00000 27900
FabOnDisk: SD_2_Old_MF_D_00000 37200
FabOnDisk: SD_2_Old_MF_D_00000 46500
FabOnDisk: SD_2_Old_MF_D_00000 55800
FabOnDisk: SD_2_Old_MF_D_00000 65101
FabOnDisk: SD_2_Old_MF_D_00000 74403
FabOnDisk: SD_2_Old_MF_D_00000 83703
FabOnDisk: SD_2_Old_MF_D_00000 93003
FabOnDisk: SD_2_Old_MF_D_00000 102303
FabOnDisk: SD_2_Old_MF_D_00000 111603
FabOnDisk: SD_2_Old_MF_D_00000 120903
FabOnDisk: SD_2_Old_MF_D_00000 130203
FabOnDisk: SD_2_Old_MF_D_00000 139504
FabOnDisk: SD_2_Old_MF_D_00000 148806
FabOnDisk: SD_2_Old_MF_D_00000 158106
FabOnDisk: SD_2_Old_MF_D_00000 167406
FabOnDisk: SD_2_Old_MF_D_00000 176706
FabOnDisk: SD_2_Old_MF_D_00000 186006
FabOnDisk: SD_2_Old_MF_D_00000 195306
FabOnDisk: SD_2_Old_MF_D_00000 204606
FabOnDisk: SD_2_Old_MF_D_00000 213907
FabOnDisk: SD_2_Old_MF_D_00000 223209
FabOnDisk: SD_2_Old_MF_D_00000 232509
FabOnDisk: SD_2_Old_MF_D_00000 241809
FabOnDisk: SD_2_Old_MF_D_00000 251109
FabOnDisk: SD_2_Old_MF_D_00000 260409
FabOnDisk: SD_2_Old_MF_D_00000 269709
FabOnDisk: SD_2_Old_MF_D_00000 279009
FabOnDisk: SD_2_Old_MF_D_00000 288310
FabOnDisk: SD_2_Old_MF_D_00000 297612
FabOnDisk: SD_2_Old_MF_D_00000 306912
FabOnDisk: SD_2_Old_MF_D_00000 316212
FabOnDisk: SD_2_Old_MF_D_00000 325512
FabOnDisk: SD_2_Old_MF_D_00000 334812
FabOnDisk: SD_2_Old_MF_D_00000 344112
FabOnDisk: SD_2_Old_MF_D_00000 353412
FabOnDisk: SD_2_Old_MF_D_00000 362713
FabOnDisk: SD_2_Old_MF_D_00000 372015
FabOnDisk: SD_2_Old_MF_D_00000 381315
FabOnDisk: SD_2_Old_MF_D_00000 390615
FabOnDisk: SD_2_Old_MF_D_00000 399915
FabOnDisk: SD_2_Old_MF_D_00000 409215
FabOnDisk: SD_2_Old_MF_D_00000 418515
FabOnDisk: SD_2_Old_MF_D_00000 427815
FabOnDisk: SD_2_Old_MF_D_00000 437116
FabOnDisk: SD_2_Old_MF_D_00000 446418
FabOnDisk: SD_2_Old_MF_D_00000 455719
FabOnDisk: SD_2_Old_MF_D_00000 465020
FabOnDisk: SD_2_Old_MF_D_00000 474321
FabOnDisk: SD_2_Old_MF_D_00000 483622
FabOnDisk: SD_2_Old_MF_D_00000 492923
FabOnDisk: SD_2_Old_MF_D_00000 502224
FabOnDisk: SD_2_Old_MF_D_00000 511526
FabOnDisk: SD_2_Old_MF_D_00000 520829
FabOnDisk: SD_2_Old_MF_D_00000 530131
FabOnDisk: SD_2_Old_MF_D_00000 539433
FabOnDisk: SD_2_Old_MF_D_00000 548735
FabOnDisk: SD_2_Old_MF_D_00000 558037
FabOnDisk: SD_2_Old_MF_D_00000 567339
FabOnDisk: SD_2_Old_MF_D_00000 576641
FabOnDisk: SD_2_Old_MF_D_00000 585944

64,2
-7.9305879055737460e-01,1.1700974955426366e-02,
-9.0719533850323153e-01,-1.5714169951998158e-01,
-7.9564141952517042e-01,-2.7199862748252795e-01,
-4.4477106487429413e-01,-2.5960374682125820e-01,
-2.3772733521324435e-01,-1.5736614083819181e-01,
-1.1532827040523239e-01,-7.7205117278329335e-02,
-5.5472808090584066e-02,-3.4773306891639155e-02,
-2.9660271019522608e-02,-1.3090025739650612e-02,
-2.2460334439747638e+00,4.2272886529063097e-01,
-2.3446822929602327e+00,-1.0325076695351214e+00,
-1.1867396014622507e+00,-1.0699168354441415e+00,
-4.1831844924510214e-01,-6.4260197958904419e-01,
-1.8453110666856143e-01,-2.6955456126100663e-01,
-8.2740028856601380e-02,-1.1781461105245424e-01,
-3.8763329926137492e-02,-5.1329329320777002e-02,
-2.0546442934923130e-02,-1.9132780617853035e-02,
-9.9606975245043596e+00,1.0921124008380121e+00,
-1.1916714903254269e+01,-8.8333352290391680e+00,
-1.2133301154491130e+00,-5.2235428993015303e+00,
-1.3223772935345682e-01,-7.4625094261269997e-01,
-8.4930462659113387e-03,-2.7327365973187856e-01,
6.5500534626067959e-04,-1.1808594559425326e-01,
6.5365957472829090e-04,-5.1377466236182306e-02,
5.0360616735383422e-04,-1.9142436976950110e-02,
-1.7516877781158449e+01,6.0989702342994367e-01,
-1.3168953647033468e+03,-1.3184612268696089e+03,
-2.2770749900750957e+01,-6.0624590070118991e+00,
2.1818511813561564e-01,-4.2161263390227033e-01,
9.2097871495080086e-02,-1.7955882284272001e-01,
4.2692837440962257e-02,-8.1738025766620134e-02,
2.2305348653746063e-02,-3.5703629175859272e-02,
1.6512723742288668e-02,-1.3275953285006787e-02,
-1.7516877781158300e+01,-5.7349514818756930e+01,
-1.3168953647033568e+03,-6.3805084191139554e+02,
-2.2770749900750676e+01,-2.5236203359075272e+01,
2.1818511813581601e-01,-1.6587056095459865e-01,
9.2097871494987521e-02,2.9874083055637067e-03,
4.2692837440843609e-02,1.3398878552337077e-03,
2.2305348655022064e-02,5.0999916386260580e-04,
1.6512723742225777e-02,1.4245786505801313e-05,
-9.9606975245036011e+00,-7.6617368318083168e+00,
-1.1916714903254212e+01,-3.5807936421990791e+00,
-1.2133301154491012e+00,5.3494079593074706e-01,
-1.3223772935325495e-01,2.0110123534020563e-01,
-8.4930462659441666e-03,9.0428732110360649e-02,
6.5500534601982332e-04,3.9574703239988296e-02,
6.5365957247848271e-04,1.5026920980405476e-02,
5.0360616855640492e-04,4.1907383572263736e-04,
-2.2460334439747704e+00,-2.5406132800815255e+00,
-2.3446822929617337e+00,-8.5318746475262741e-01,
-1.1867396014606117e+00,1.9984231389838636e-01,
-4.1831844924546924e-01,1.7387395624199192e-01,
-1.8453110666839376e-01,8.5309519743110004e-02,
-8.2740028856491343e-02,3.8542508115195648e-02,
-3.8763329926487178e-02,1.4820194002307401e-02,
-2.0546442932306445e-02,4.1215288558533954e-04,
-7.9305879055852646e-01,-7.4972483392010858e-01,
-9.0719533850298073e-01,-3.5361210164922047e-01,
-7.9564141952356993e-01,3.5094761107098624e-03,
-4.4477106487444407e-01,5.3447395697719252e-03,
-2.3772733521392597e-01,2.7979621123893229e-03,
-1.1532827040565788e-01,1.2918100454634954e-03,
-5.5472808090072594e-02,4.9995548801840071e-04,
-2.9660271019518458e-02,1.3906436605727529e-05,

64,2
-4.3336526763544832e-02,7.4972483391982736e-01,
-5.4963558086572517e-01,3.5361210164854084e-01,
-4.4365790239071951e-01,-3.5094761105010017e-03,
-2.0099535242729183e-01,-5.3447395696838446e-03,
-9.0832047266049723e-02,-2.7979621119017571e-03,
-4.2529946164135468e-02,-1.2918100449199632e-03,
-2.2276273101749060e-02,-4.9995548781663339e-04,
-1.6507928840533821e-02,-1.3906436080626225e-05,
-7.6793927536071907e-02,2.5406132800807359e+00,
-8.3894907262551577e-01,8.5318746475187002e-01,
-1.9211447974755719e-01,-1.9984231389845020e-01,
-2.5582462317929853e-02,-1.7387395624133284e-01,
-5.8049785575173714e-03,-8.5309519742962303e-02,
-1.9404201844206816e-03,-3.8542508114943204e-02,
-8.5732685201325167e-04,-1.4820194001783152e-02,
-5.9600368413355146e-04,-4.1215288556777075e-04,
-2.4767054799317914e-01,7.6617368318082280e+00,
1.3213414812672921e+00,3.5807936421992039e+00,
2.1451598275020656e+00,-5.3494079593072663e-01,
6.6063742712165074e-01,-2.0110123534043062e-01,
1.9646390550405604e-01,-9.0428732110623217e-02,
8.3379166691566892e-02,-3.9574703239959388e-02,
3.8816209246080743e-02,-1.5026920980447398e-02,
2.0552970101587336e-02,-4.1907383572612714e-04,
7.2274223727432982e+01,5.7349514818757370e+01,
1.4422723573415117e+03,6.3805084191134415e+02,
1.7296675708994410e+01,2.5236203359075674e+01,
7.6433334354839366e-01,1.6587056095414660e-01,
2.5136315079771321e-01,-2.9874083055763051e-03,
1.1986842899922617e-01,-1.3398878552372856e-03,
5.6471820067255006e-02,-5.0999916376986856e-04,
2.9874993107098669e-02,-1.4245786481787760e-05,
7.2274223727432400e+01,-6.0989702343043350e-01,
1.4422723573415558e+03,1.3184612268696087e+03,
1.7296675708993462e+01,6.0624590070111841e+00,
7.6433334354807581e-01,4.2161263390275699e-01,
2.5136315079770816e-01,1.7955882284294930e-01,
1.1986842899928103e-01,8.1738025766857111e-02,
5.6471820067252453e-02,3.5703629175889304e-02,
2.9874993107104668e-02,1.3275953284464136e-02,
-2.4767054799552485e-01,-1.0921124008381309e+00,
1.3213414812666548e+00,8.8333352290396423e+00,
2.1451598275018866e+00,5.2235428993011572e+00,
6.6063742712197793e-01,7.4625094261268254e-01,
1.9646390550333270e-01,2.7327365973205348e-01,
8.3379166691920512e-02,1.1808594559393440e-01,
3.8816209245935152e-02,5.1377466235955946e-02,
2.0552970101756898e-02,1.9142436976825716e-02,
-7.6793927536091683e-02,-4.2272886529127107e-01,
-8.3894907262560980e-01,1.0325076695341577e+00,
-1.9211447974755713e-01,1.0699168354447561e+00,
-2.5582462317842489e-02,6.4260197958925458e-01,
-5.8049785574927652e-03,2.6955456126125632e-01,
-1.9404201846547023e-03,1.1781461105233720e-01,
-8.5732685318573262e-04,5.1329329320639987e-02,
-5.9600368266006195e-04,1.9132780618389411e-02,
-4.3336526763286011e-02,-1.1700974954990603e-02,
-5.4963558086413933e-01,1.5714169952062584e-01,
-4.4365790239072245e-01,2.7199862748214781e-01,
-2.0099535242778072e-01,2.5960374682124493e-01,
-9.0832047266105859e-02,1.5736614083802131e-01,
-4.2529946164481483e-02,7.7205117278059746e-02,
-2.2276273101871968e-02,3.4773306891691315e-02,
-1.6507928840395852e-02,1.3090025739870455e-02,

