1
1
4
4
(64 0
((0,0) (15,15) (0,0))
((16,0) (31,15) (0,0))
((32,0) (47,15) (0,0))
((48,0) (63,15) (0,0))
((64,0) (79,15) (0,0))
((80,0) (95,15) (0,0))
((96,0) (111,15) (0,0))
((112,0) (127,15) (0,0))
((0,16) (15,31) (0,0))
((16,16) (31,31) (0,0))
((32,16) (47,31) (0,0))
((48,16) (63,31) (0,0))
((64,16) (79,31) (0,0))
((80,16) (95,31) (0,0))
((96,16) (111,31) (0,0))
((112,16) (127,31) (0,0))
((0,32) (15,47) (0,0))
((16,32) (31,47) (0,0))
((32,32) (47,47) (0,0))
((48,32) (63,47) (0,0))
((64,32) (79,47) (0,0))
((80,32) (95,47) (0,0))
((96,32) (111,47) (0,0))
((112,32) (127,47) (0,0))
((0,48) (15,63) (0,0))
((16,48) (31,63) (0,0))
((32,48) (47,63) (0,0))
((48,48) (63,63) (0,0))
((64,48) (79,63) (0,0))
((80,48) (95,63) (0,0))
((96,48) (111,63) (0,0))
((112,48) (127,63) (0,0))
((0,64) (15,79) (0,0))
((16,64) (31,79) (0,0))
((32,64) (47,79) (0,0))
((48,64) (63,79) (0,0))
((64,64) (79,79) (0,0))
((80,64) (95,79) (0,0))
((96,64) (111,79) (0,0))
((112,64) (127,79) (0,0))
((0,80) (15,95) (0,0))
((16,80) (31,95) (0,0))
((32,80) (47,95) (0,0))
((48,80) (63,95) (0,0))
((64,80) (79,95) (0,0))
((80,80) (95,95) (0,0))
((96,80) (111,95) (0,0))
((112,80) (127,95) (0,0))
((0,96) (15,111) (0,0))
((16,96) (31,111) (0,0))
((32,96) (47,111) (0,0))
((48,96) (63,111) (0,0))
((64,96) (79,111) (0,0))
((80,96) (95,111) (0,0))
((96,96) (111,111) (0,0))
((112,96) (127,111) (0,0))
((0,112) (15,127) (0,0))
((16,112) (31,127) (0,0))
((32,112) (47,127) (0,0))
((48,112) (63,127) (0,0))
((64,112) (79,127) (0,0))
((80,112) (95,127) (0,0))
((96,112) (111,127) (0,0))
((112,112) (127,127) (0,0))
)
64
FabOnDisk: SD_0_Old_MF_D_00000 0
FabOnDisk: SD_0_Old_MF_D_00000 18516
FabOnDisk: SD_0_Old_MF_D_00000 37032
FabOnDisk: SD_0_Old_MF_D_00000 55548
FabOnDisk: SD_0_Old_MF_D_00000 74064
FabOnDisk: SD_0_Old_MF_D_00000 92580
FabOnDisk: SD_0_Old_MF_D_00000 111096
FabOnDisk: SD_0_Old_MF_D_00000 129613
FabOnDisk: SD_0_Old_MF_D_00000 148131
FabOnDisk: SD_0_Old_MF_D_00000 166647
FabOnDisk: SD_0_Old_MF_D_00000 185163
FabOnDisk: SD_0_Old_MF_D_00000 203679
FabOnDisk: SD_0_Old_MF_D_00000 222195
FabOnDisk: SD_0_Old_MF_D_00000 240711
FabOnDisk: SD_0_Old_MF_D_00000 259227
FabOnDisk: SD_0_Old_MF_D_00000 277744
FabOnDisk: SD_0_Old_MF_D_00000 296262
FabOnDisk: SD_0_Old_MF_D_00000 314778
FabOnDisk: SD_0_Old_MF_D_00000 333294
FabOnDisk: SD_0_Old_MF_D_00000 351810
FabOnDisk: SD_0_Old_MF_D_00000 370326
FabOnDisk: SD_0_Old_MF_D_00000 388842
FabOnDisk: SD_0_Old_MF_D_00000 407358
FabOnDisk: SD_0_Old_MF_D_00000 425875
FabOnDisk: SD_0_Old_MF_D_00000 444393
FabOnDisk: SD_0_Old_MF_D_00000 462909
FabOnDisk: SD_0_Old_MF_D_00000 481425
FabOnDisk: SD_0_Old_MF_D_00000 499941
FabOnDisk: SD_0_Old_MF_D_00000 518457
FabOnDisk: SD_0_Old_MF_D_00000 536973
FabOnDisk: SD_0_Old_MF_D_00000 555489
FabOnDisk: SD_0_Old_MF_D_00000 574006
FabOnDisk: SD_0_Old_MF_D_00000 592524
FabOnDisk: SD_0_Old_MF_D_00000 611040
FabOnDisk: SD_0_Old_MF_D_00000 629556
FabOnDisk: SD_0_Old_MF_D_00000 648072
FabOnDisk: SD_0_Old_MF_D_00000 666588
FabOnDisk: SD_0_Old_MF_D_00000 685104
FabOnDisk: SD_0_Old_MF_D_00000 703620
FabOnDisk: SD_0_Old_MF_D_00000 722137
FabOnDisk: SD_0_Old_MF_D_00000 740655
FabOnDisk: SD_0_Old_MF_D_00000 759171
FabOnDisk: SD_0_Old_MF_D_00000 777687
FabOnDisk: SD_0_Old_MF_D_00000 796203
FabOnDisk: SD_0_Old_MF_D_00000 814719
FabOnDisk: SD_0_Old_MF_D_00000 833235
FabOnDisk: SD_0_Old_MF_D_00000 851751
FabOnDisk: SD_0_Old_MF_D_00000 870268
FabOnDisk: SD_0_Old_MF_D_00000 888786
FabOnDisk: SD_0_Old_MF_D_00000 907303
FabOnDisk: SD_0_Old_MF_D_00000 925820
FabOnDisk: SD_0_Old_MF_D_00000 944337
FabOnDisk: SD_0_Old_MF_D_00000 962854
FabOnDisk: SD_0_Old_MF_D_00000 981371
FabOnDisk: SD_0_Old_MF_D_00000 999888
FabOnDisk: SD_0_Old_MF_D_00000 1018406
FabOnDisk: SD_0_Old_MF_D_00000 1036925
FabOnDisk: SD_0_Old_MF_D_00000 1055443
FabOnDisk: SD_0_Old_MF_D_00000 1073961
FabOnDisk: SD_0_Old_MF_D_00000 1092479
FabOnDisk: SD_0_Old_MF_D_00000 1110997
FabOnDisk: SD_0_Old_MF_D_00000 1129515
FabOnDisk: SD_0_Old_MF_D_00000 1148033
FabOnDisk: SD_0_Old_MF_D_00000 1166552

64,4
1.0000042315907975e+00,-7.0323682871631195e-03,9.9999999999996392e-01,1.8236746228573692e-15,
1.0025276734468382e+00,-7.0237863471858449e-03,9.9999999999991018e-01,5.8377926015408480e-14,
1.0069603621250371e+00,-1.7389481898323126e-03,9.9999999999991118e-01,1.1524804954626952e-13,
1.0045628031945895e+00,5.3135611747544005e-05,9.9999999999997158e-01,1.6795977584219873e-13,
1.0022289504413091e+00,5.3825738694491406e-05,9.9999999999999611e-01,2.1418955513229218e-13,
1.0010443565964602e+00,2.9646828174711657e-05,9.9999999999998079e-01,2.5214791215179169e-13,
1.0004972831256673e+00,1.4162764398804824e-05,9.9999999999993694e-01,2.8035084056726567e-13,
1.0002677102645674e+00,5.1557776778547969e-06,9.9999999999981970e-01,2.9764613570643498e-13,
1.0000079439496010e+00,-2.1868783165219188e-02,9.9999999999993583e-01,1.8214460824906200e-15,
1.0042471052680415e+00,-2.1771130857411197e-02,9.9999999999999356e-01,6.0063004989422366e-14,
1.0081575041430231e+00,-1.9907299889646681e-03,1.0000000000000013e+00,1.1650439642297548e-13,
1.0027068767617622e+00,2.4234146545764200e-03,1.0000000000000038e+00,1.6876074968125214e-13,
1.0006333017880442e+00,1.7606283005497287e-03,1.0000000000000027e+00,2.1468204880847960e-13,
1.0001524988607797e+00,9.1917163097891906e-04,1.0000000000000016e+00,2.5244327079672443e-13,
1.0000411286233977e+00,4.2811535815753099e-04,1.0000000000000011e+00,2.8052578395646333e-13,
1.0000136875342149e+00,1.5443751749107918e-04,1.0000000000000000e+00,2.9775128882163464e-13,
1.0000266775822051e+00,-7.1383498729583314e-02,9.9999999999993627e-01,1.7969131204534953e-15,
1.0131290832010600e+00,-7.1224889227215815e-02,9.9999999999997324e-01,5.9481969096215025e-14,
1.0000770762167597e+00,1.3212683641480375e-04,9.9999999999998679e-01,1.1673901737499876e-13,
9.9569854393892465e-01,6.3797319597583028e-03,9.9999999999999090e-01,1.6904363912873469e-13,
9.9616987291840819e-01,2.8932564571044076e-03,9.9999999999999745e-01,2.1486501959923941e-13,
9.9799444231772472e-01,1.1542485346625719e-03,9.9999999999999811e-01,2.5254219534549893e-13,
9.9905320346337356e-01,4.7704223848769693e-04,1.0000000000000000e+00,2.8057571508205009e-13,
9.9954710816745240e-01,1.6502338780265038e-04,9.9999999999999800e-01,2.9777857640582642e-13,
8.3455847221075141e-01,-1.4117863065647981e-01,9.9999999999961187e-01,1.7522025081764069e-15,
-8.0554666588525603e-01,-6.5827907844977618e-01,9.9999999999950895e-01,-1.1963423290674008e-12,
1.2756980988243108e-01,2.3772480244868281e-03,9.9999999999982891e-01,7.1066828301126645e-14,
9.6153058027402827e-01,3.7719154723885967e-04,9.9999999999998013e-01,1.6962808505094374e-13,
9.9015152876244772e-01,1.1086014228160954e-04,9.9999999999999467e-01,2.1511991648129087e-13,
9.9640818643436513e-01,4.1253529190896188e-05,9.9999999999999778e-01,2.5265391830499423e-13,
9.9850143167611138e-01,1.6568843436042567e-05,1.0000000000000000e+00,2.8062875139308946e-13,
9.9931876718704649e-01,5.6759617407410607e-06,9.9999999999999933e-01,2.9780707470750406e-13,
8.3455847221075274e-01,1.6282959201564169e-04,9.9999999999944289e-01,1.7522412927601977e-15,
-8.0554666588517809e-01,-7.8012988004650219e-01,9.9999999999929889e-01,-1.2444785346683785e-12,
1.2756980988243882e-01,-5.8023581630121579e-01,9.9999999999994238e-01,6.7868797581869371e-14,
9.6153058027402838e-01,-2.7375973403157158e-02,9.9999999999999001e-01,1.6962791523560845e-13,
9.9015152876244805e-01,-7.4823039311263644e-03,9.9999999999999434e-01,2.1511997138202136e-13,
9.9640818643436557e-01,-2.6273864537191632e-03,9.9999999999999745e-01,2.5265399282571576e-13,
9.9850143167611005e-01,-1.0456981840724334e-03,9.9999999999999978e-01,2.8062853557170113e-13,
9.9931876718704649e-01,-4.3028876421147147e-04,9.9999999999999911e-01,2.9780782683094159e-13,
1.0000266775822044e+00,6.6764722279372384e-04,9.9999999999943734e-01,1.7969959058691979e-15,
1.0131290832010631e+00,-2.8157163127183998e-02,1.0000000000000060e+00,5.9473313660212574e-14,
1.0000770762167666e+00,-4.3504292390868213e-02,9.9999999999999156e-01,1.1673908631862449e-13,
9.9569854393892943e-01,-2.4680212267281364e-02,9.9999999999999722e-01,1.6904334850111709e-13,
9.9616987291841197e-01,-7.7864035665838492e-03,1.0000000000000013e+00,2.1486563866598966e-13,
9.9799444231772683e-01,-3.1190875981895283e-03,1.0000000000000002e+00,2.5254137553089272e-13,
9.9905320346337356e-01,-1.3672477049636821e-03,9.9999999999999989e-01,2.8057610845890018e-13,
9.9954710816745207e-01,-5.9244617025816548e-04,9.9999999999999845e-01,2.9777857523551989e-13,
1.0000079439496008e+00,1.7766990623763591e-04,9.9999999999955669e-01,1.8215689883659136e-15,
1.0042471052680504e+00,1.6214622280503175e-03,1.0000000000000115e+00,6.0061237358611103e-14,
1.0081575041430331e+00,-8.8151203893605742e-03,1.0000000000000053e+00,1.1650453330667673e-13,
1.0027068767617664e+00,-8.8182215813645114e-03,1.0000000000000069e+00,1.6876055237677083e-13,
1.0006333017880442e+00,-5.9071628042578050e-03,1.0000000000000056e+00,2.1468185468575222e-13,
1.0001524988607822e+00,-2.9201295081519862e-03,1.0000000000000031e+00,2.5244343254138024e-13,
1.0000411286233963e+00,-1.3451191343296573e-03,1.0000000000000000e+00,2.8052540176229849e-13,
1.0000136875342125e+00,-5.8951324681456993e-04,9.9999999999999545e-01,2.9775065605809843e-13,
1.0000042315907978e+00,4.2310276151108670e-06,9.9999999999869571e-01,1.8238927454941129e-15,
1.0025276734467634e+00,7.3104130355464172e-05,9.9999999999871791e-01,5.9869829576885751e-14,
1.0069603621249665e+00,-2.0765618866255419e-03,9.9999999999948197e-01,1.1632078260534159e-13,
1.0045628031945908e+00,-2.6703523662287890e-03,9.9999999999982803e-01,1.6860619078075638e-13,
1.0022289504413107e+00,-2.5066949955479118e-03,9.9999999999994771e-01,2.1457566548951439e-13,
1.0010443565964591e+00,-1.5985800746682590e-03,9.9999999999994305e-01,2.5238001996165429e-13,
1.0004972831256633e+00,-8.3253547529387817e-04,9.9999999999994305e-01,2.8049016357363549e-13,
1.0002677102645585e+00,-3.8590365391738188e-04,9.9999999999994460e-01,2.9772978968686113e-13,

64,4
1.0034409475440718e+00,-4.2310276147325753e-06,1.0000000000000497e+00,5.7423514634133609e-14,
1.0094295751389362e+00,-7.3104130355139873e-05,1.0000000000000226e+00,1.1375658229785894e-13,
1.0096167969136027e+00,2.0765618866307434e-03,1.0000000000000242e+00,1.6602409530922369e-13,
1.0078106212412774e+00,2.6703523662284208e-03,1.0000000000000113e+00,2.1223590367920295e-13,
1.0046227847129430e+00,2.5066949955486794e-03,1.0000000000000144e+00,2.5047413958038404e-13,
1.0025531842473281e+00,1.5985800746697160e-03,1.0000000000000044e+00,2.7915286687245982e-13,
1.0012850825835531e+00,8.3253547529462909e-04,1.0000000000000095e+00,2.9705431207375747e-13,
1.0006372389736959e+00,3.8590365391639932e-04,1.0000000000000311e+00,3.0336744249811418e-13,
1.0106568597076091e+00,-1.7766990623717291e-04,1.0000000000001092e+00,5.6468130072493030e-14,
1.0219690831209938e+00,-1.6214622280486483e-03,1.0000000000000084e+00,1.1327592295397665e-13,
1.0211697752620659e+00,8.8151203893593790e-03,1.0000000000000120e+00,1.6591943956450207e-13,
1.0094187263445862e+00,8.8182215813633388e-03,1.0000000000000071e+00,2.1220872594229226e-13,
1.0043296001218787e+00,5.9071628042569159e-03,1.0000000000000064e+00,2.5044720774692863e-13,
1.0020669073730111e+00,2.9201295081518514e-03,1.0000000000000056e+00,2.7912686350029289e-13,
1.0009577213406329e+00,1.3451191343290553e-03,1.0000000000000060e+00,2.9703597450579953e-13,
1.0004550715493457e+00,5.8951324681351662e-04,1.0000000000000109e+00,3.0336282691952360e-13,
1.0327207423449671e+00,-6.6764722279349996e-04,1.0000000000001068e+00,5.6449853433211830e-14,
1.0844359914412862e+00,2.8157163127183187e-02,1.0000000000000102e+00,1.1393098056374739e-13,
1.0624706028745687e+00,4.3504292390864834e-02,1.0000000000000147e+00,1.6651115656609740e-13,
1.0093976016869071e+00,2.4680212267279202e-02,1.0000000000000062e+00,2.1247537299481933e-13,
1.0022345003970814e+00,7.7864035665828673e-03,1.0000000000000044e+00,2.5056717615782834e-13,
1.0004385511195897e+00,3.1190875981879753e-03,1.0000000000000038e+00,2.7918267115668947e-13,
1.0000726382882734e+00,1.3672477049629320e-03,1.0000000000000024e+00,2.9706599905795450e-13,
1.0000058463364567e+00,5.9244617025739103e-04,1.0000000000000020e+00,3.0338520894709316e-13,
1.0341614990639356e+00,-1.6282959201596966e-04,1.0000000000001590e+00,1.7752368962364008e-12,
1.4590160326570738e+00,7.8012988004651240e-01,1.0000000000000000e+40,1.6692597044671965e-12,
1.1033343595501537e+00,5.8023581630121412e-01,1.0000000000001312e+00,1.6710461096179972e-13,
9.9708782238233828e-01,2.7375973403155320e-02,1.0000000000000042e+00,2.1263515201607161e-13,
9.9772861470806284e-01,7.4823039311237372e-03,1.0000000000000013e+00,2.5062573874687019e-13,
9.9894465664165943e-01,2.6273864537169835e-03,1.0000000000000000e+00,2.7920894365603263e-13,
9.9950035500098877e-01,1.0456981840699714e-03,1.0000000000000000e+00,2.9707962592245756e-13,
9.9973183735812232e-01,4.3028876421024887e-04,1.0000000000000011e+00,3.0339502833064481e-13,
1.0341614990639425e+00,1.4117863065649391e-01,1.0000000000002176e+00,1.8895967623020580e-12,
1.4590160326570749e+00,6.5827907844976563e-01,1.0000000000000000e+40,1.7535027850003478e-12,
1.1033343595501544e+00,-2.3772480244918857e-03,1.0000000000001277e+00,1.6766408851985215e-13,
9.9708782238234328e-01,-3.7719154724375002e-04,1.0000000000000033e+00,2.1263421777911113e-13,
9.9772861470806506e-01,-1.1086014228362952e-04,1.0000000000000033e+00,2.5062593862772187e-13,
9.9894465664166043e-01,-4.1253529193165064e-05,1.0000000000000027e+00,2.7920950808451075e-13,
9.9950035500098888e-01,-1.6568843437057356e-05,1.0000000000000000e+00,2.9707905275737622e-13,
9.9973183735812243e-01,-5.6759617409615341e-06,1.0000000000000007e+00,3.0339521028363343e-13,
1.0327207423449731e+00,7.1383498729590225e-02,1.0000000000001847e+00,5.6450581491031814e-14,
1.0844359914412900e+00,7.1224889227222365e-02,1.0000000000000551e+00,1.1392784535304025e-13,
1.0624706028745785e+00,-1.3212683641396786e-04,1.0000000000000280e+00,1.6651165467873060e-13,
1.0093976016869086e+00,-6.3797319597590652e-03,1.0000000000000078e+00,2.1247567946355180e-13,
1.0022345003970852e+00,-2.8932564571066618e-03,1.0000000000000075e+00,2.5056676095425299e-13,
1.0004385511195910e+00,-1.1542485346645944e-03,1.0000000000000058e+00,2.7918324859609152e-13,
1.0000726382882767e+00,-4.7704223848936563e-04,1.0000000000000047e+00,2.9706550075700717e-13,
1.0000058463364563e+00,-1.6502338780266781e-04,1.0000000000000000e+00,3.0338517526742534e-13,
1.0106568597076155e+00,2.1868783165218921e-02,1.0000000000001150e+00,5.6469258677152035e-14,
1.0219690831209989e+00,2.1771130857410326e-02,1.0000000000000373e+00,1.1327609597371596e-13,
1.0211697752620779e+00,1.9907299889671882e-03,1.0000000000000240e+00,1.6592003680746485e-13,
1.0094187263445913e+00,-2.4234146545715290e-03,1.0000000000000209e+00,2.1220798787023293e-13,
1.0043296001218804e+00,-1.7606283005492378e-03,1.0000000000000124e+00,2.5044802776307681e-13,
1.0020669073730095e+00,-9.1917163097862751e-04,1.0000000000000084e+00,2.7912629997766494e-13,
1.0009577213406309e+00,-4.2811535815919210e-04,1.0000000000000060e+00,2.9703634441635283e-13,
1.0004550715493414e+00,-1.5443751749118423e-04,1.0000000000000000e+00,3.0336239241438644e-13,
1.0034409475440813e+00,7.0323682871523668e-03,1.0000000000002420e+00,5.6703670551644527e-14,
1.0094295751389475e+00,7.0237863471755389e-03,1.0000000000002340e+00,1.1321656118906798e-13,
1.0096167969136154e+00,1.7389481898372288e-03,1.0000000000001048e+00,1.6569773439144236e-13,
1.0078106212412876e+00,-5.3135611746637890e-05,1.0000000000000444e+00,2.1204060838098967e-13,
1.0046227847129310e+00,-5.3825738694522449e-05,1.0000000000000140e+00,2.5035715734094084e-13,
1.0025531842473214e+00,-2.9646828174427108e-05,1.0000000000000075e+00,2.7908209902293744e-13,
1.0012850825835571e+00,-1.4162764398968750e-05,1.0000000000000062e+00,2.9701203865340605e-13,
1.0006372389736971e+00,-5.1557776765644439e-06,1.0000000000000060e+00,3.0334230304724605e-13,

