NavierStokes-V1.1
8
x_velocity
y_velocity
density
tracer
gradpx
gradpy
mag_vort
avg_pressure
2
1.34157124951978
2
0 0 
1 1 
2 2 
((0,0) (63,63) (0,0)) ((0,0) (127,127) (0,0)) ((0,0) (255,255) (0,0)) 
200 400 800 
0.015625 0.015625 
0.0078125 0.0078125 
0.00390625 0.00390625 
0
0
0 1 1.34157124951978
200
0 1
0 1
Level_0/Cell
1 3 1.34157124951978
400
0.8125 1
0.25 0.4375
0.75 1
0.5 1
0 0.75
0.8125 1
Level_1/Cell
2 9 1.34157124951978
800
0.84375 0.9375
0.28125 0.34375
0.875 0.9375
0.53125 0.5625
0.78125 0.875
0.78125 0.84375
0.78125 0.8125
0.84375 0.875
0.96875 1
0.8125 0.9375
0.03125 0.0625
0.90625 0.9375
0.71875 1
0.9375 1
0 0.375
0.96875 1
0.375 0.6875
0.96875 1
Level_2/Cell
