1
1
9
0
(64 0
((0,64) (15,79) (0,0))
((16,64) (31,79) (0,0))
((32,64) (47,79) (0,0))
((48,64) (63,79) (0,0))
((64,64) (79,79) (0,0))
((80,64) (95,79) (0,0))
((96,64) (111,79) (0,0))
((112,64) (127,79) (0,0))
((0,80) (15,95) (0,0))
((16,80) (31,95) (0,0))
((32,80) (47,95) (0,0))
((48,80) (63,95) (0,0))
((64,80) (79,95) (0,0))
((80,80) (95,95) (0,0))
((96,80) (111,95) (0,0))
((112,80) (127,95) (0,0))
((0,96) (15,111) (0,0))
((16,96) (31,111) (0,0))
((32,96) (47,111) (0,0))
((48,96) (63,111) (0,0))
((64,96) (79,111) (0,0))
((80,96) (95,111) (0,0))
((96,96) (111,111) (0,0))
((112,96) (127,111) (0,0))
((0,112) (15,127) (0,0))
((16,112) (31,127) (0,0))
((32,112) (47,127) (0,0))
((48,112) (63,127) (0,0))
((64,112) (79,127) (0,0))
((80,112) (95,127) (0,0))
((96,112) (111,127) (0,0))
((112,112) (127,127) (0,0))
((0,128) (15,143) (0,0))
((16,128) (31,143) (0,0))
((32,128) (47,143) (0,0))
((48,128) (63,143) (0,0))
((64,128) (79,143) (0,0))
((80,128) (95,143) (0,0))
((96,128) (111,143) (0,0))
((112,128) (127,143) (0,0))
((0,144) (15,159) (0,0))
((16,144) (31,159) (0,0))
((32,144) (47,159) (0,0))
((48,144) (63,159) (0,0))
((64,144) (79,159) (0,0))
((80,144) (95,159) (0,0))
((96,144) (111,159) (0,0))
((112,144) (127,159) (0,0))
((0,160) (15,175) (0,0))
((16,160) (31,175) (0,0))
((32,160) (47,175) (0,0))
((48,160) (63,175) (0,0))
((64,160) (79,175) (0,0))
((80,160) (95,175) (0,0))
((96,160) (111,175) (0,0))
((112,160) (127,175) (0,0))
((0,176) (15,191) (0,0))
((16,176) (31,191) (0,0))
((32,176) (47,191) (0,0))
((48,176) (63,191) (0,0))
((64,176) (79,191) (0,0))
((80,176) (95,191) (0,0))
((96,176) (111,191) (0,0))
((112,176) (127,191) (0,0))
)
64
FabOnDisk: Cell_D_00000 0
FabOnDisk: Cell_D_00000 18515
FabOnDisk: Cell_D_00000 37031
FabOnDisk: Cell_D_00000 55547
FabOnDisk: Cell_D_00000 74063
FabOnDisk: Cell_D_00000 92579
FabOnDisk: Cell_D_00000 111095
FabOnDisk: Cell_D_00000 129612
FabOnDisk: Cell_D_00000 148130
FabOnDisk: Cell_D_00000 166645
FabOnDisk: Cell_D_00000 185161
FabOnDisk: Cell_D_00000 203677
FabOnDisk: Cell_D_00000 222193
FabOnDisk: Cell_D_00000 240709
FabOnDisk: Cell_D_00000 259225
FabOnDisk: Cell_D_00000 277742
FabOnDisk: Cell_D_00000 296260
FabOnDisk: Cell_D_00000 314776
FabOnDisk: Cell_D_00000 333293
FabOnDisk: Cell_D_00000 351810
FabOnDisk: Cell_D_00000 370327
FabOnDisk: Cell_D_00000 388844
FabOnDisk: Cell_D_00000 407361
FabOnDisk: Cell_D_00000 425879
FabOnDisk: Cell_D_00000 444398
FabOnDisk: Cell_D_00000 462915
FabOnDisk: Cell_D_00000 481433
FabOnDisk: Cell_D_00000 499951
FabOnDisk: Cell_D_00000 518469
FabOnDisk: Cell_D_00000 536987
FabOnDisk: Cell_D_00000 555505
FabOnDisk: Cell_D_00000 574024
FabOnDisk: Cell_D_00000 592544
FabOnDisk: Cell_D_00000 611061
FabOnDisk: Cell_D_00000 629579
FabOnDisk: Cell_D_00000 648097
FabOnDisk: Cell_D_00000 666615
FabOnDisk: Cell_D_00000 685133
FabOnDisk: Cell_D_00000 703651
FabOnDisk: Cell_D_00000 722170
FabOnDisk: Cell_D_00000 740690
FabOnDisk: Cell_D_00000 759207
FabOnDisk: Cell_D_00000 777725
FabOnDisk: Cell_D_00000 796243
FabOnDisk: Cell_D_00000 814761
FabOnDisk: Cell_D_00000 833279
FabOnDisk: Cell_D_00000 851797
FabOnDisk: Cell_D_00000 870316
FabOnDisk: Cell_D_00000 888836
FabOnDisk: Cell_D_00000 907353
FabOnDisk: Cell_D_00000 925871
FabOnDisk: Cell_D_00000 944389
FabOnDisk: Cell_D_00000 962907
FabOnDisk: Cell_D_00000 981425
FabOnDisk: Cell_D_00000 999943
FabOnDisk: Cell_D_00000 1018462
FabOnDisk: Cell_D_00000 1036982
FabOnDisk: Cell_D_00000 1055499
FabOnDisk: Cell_D_00000 1074017
FabOnDisk: Cell_D_00000 1092535
FabOnDisk: Cell_D_00000 1111053
FabOnDisk: Cell_D_00000 1129571
FabOnDisk: Cell_D_00000 1148089
FabOnDisk: Cell_D_00000 1166608

64,9
3.6124014496334905e-01,-4.1543326843610762e-01,9.9997516409362808e-01,1.0108727525457409e-14,-4.6919386929483926e+06,-2.9461512553626103e+06,8.9901771369344274e-01,-6.6757889504362026e+02,1.0000000000000000e+00,
7.5076959889953354e-01,-1.3173150875673689e-01,9.9999999999345557e-01,3.3424251785108493e-13,-6.2170120947994548e+05,-3.3065149814576688e+06,3.4676800979961397e-01,-6.3636472076447853e+02,1.0000000000000000e+00,
8.6953949172526834e-01,4.1627475484630680e-02,9.9999999158692165e-01,6.5853965045731894e-13,-1.3748993149368602e+05,-4.2216224998702342e+06,4.3940262544100994e-01,-6.7321523875264177e+02,1.0000000000000000e+00,
5.2605232098739463e-01,-1.1778474185185049e-01,9.9999999980744436e-01,9.8003010749084410e-13,-7.6803153491232602e+04,-2.8189895938550276e+06,3.7445429811588937e-02,-6.1575556055761410e+02,1.0000000000000000e+00,
8.5610288497251319e-01,-1.6813937683569709e-02,9.9999999943517204e-01,1.2917906548037594e-12,-5.6914335174792606e+04,-2.2119111238957937e+06,4.3270424802566154e-02,-3.7825171313765202e+02,1.0000000000000000e+00,
5.9073727818985644e-01,6.4525973555730864e-02,9.9999999999880140e-01,1.5910709677998069e-12,-2.9902988270173897e+05,-3.2663595026761438e+06,1.4323584624700292e-01,-3.8369611304778243e+02,1.0000000000000000e+00,
5.9245375319723870e-01,1.5363361555245317e-01,9.9999997818598751e-01,1.8746303665918608e-12,-2.2803251599254130e+04,-3.1386531084749401e+06,6.1301104475219859e-03,-3.3456066488929434e+02,1.0000000000000000e+00,
4.3412785094325484e-01,-5.2968783340372028e-02,9.9999999445019094e-01,2.1398383314449072e-12,-1.8730121519911189e+06,-2.6030007940449268e+06,2.4032276249910112e-01,-2.8310439867400851e+02,1.0000000000000000e+00,
4.8867713127983198e-01,-9.6705257188500426e-01,9.9995759670773010e-01,1.0004682201200912e-14,-4.4668561634058440e+06,-2.8436864646427999e+06,3.0782078845943694e-01,-9.4148081250510597e+02,1.0000000000000000e+00,
-1.2459124706455169e-01,-1.9390268840715377e-01,9.9996146810495823e-01,3.3093917306313981e-13,-4.7946471209698841e+06,-5.0142469361607712e+06,2.0868362396005580e-01,-1.0196049433731895e+03,1.0000000000000000e+00,
1.4470449296053425e-01,-6.0385367843183313e-01,9.9983662368997317e-01,6.5416598177140180e-13,-5.3298710755083738e+06,-2.4755821109482069e+06,7.1360774034685548e-01,-9.3716929484505670e+02,1.0000000000000000e+00,
1.0355743828697812e-01,-8.2801166301684825e-01,9.9997926122853231e-01,9.8039455960474894e-13,-4.4170112559812926e+06,-2.7362675803518742e+06,4.0062250716860870e+00,-9.0491869432403701e+02,1.0000000000000000e+00,
3.1113741440107068e-01,-5.5892235817018954e-01,9.9976067443975980e-01,1.2941283095745765e-12,-3.3931748493789453e+06,-3.2525716538465484e+06,1.1121545551526175e+00,-6.7924968627025078e+02,1.0000000000000000e+00,
-2.3850444088547934e-01,-1.6863687054670271e-02,9.9997558241288431e-01,1.5939005430181477e-12,-5.0263083544025868e+06,-4.0542121226021266e+06,8.3466208066839798e+00,-6.9854025113644582e+02,1.0000000000000000e+00,
-1.0272033251613140e-01,-5.4391248873205145e-01,9.9985942446164189e-01,1.8768832448909705e-12,-4.6633781528096600e+06,-4.0194470803530626e+06,1.0542939641509896e+01,-7.0973833896858866e+02,1.0000000000000000e+00,
1.2066921111379103e-01,-6.8732664889834716e-01,9.9999940538714993e-01,2.1413530112653413e-12,-8.1755235885092281e+06,-1.2445562225621715e+06,1.6842112817598132e-01,-2.8362743846865101e+02,1.0000000000000000e+00,
2.6175756207661072e-01,-4.5439911311969361e-01,9.9997091925578385e-01,9.8256763490222698e-15,-3.5580882700978522e+06,-4.7415468471796596e+06,5.3624127409238609e-01,-1.4722537349657637e+03,1.0000000000000000e+00,
-6.8263575613616512e-02,-6.2539553153925798e-01,9.9996650333493831e-01,3.2431950650876778e-13,-5.1874689603768187e+06,-6.3027657370888181e+06,1.9307846517068405e+00,-1.2207288272257681e+03,1.0000000000000000e+00,
1.6341871306387259e-01,-6.7916002743170123e-01,9.9995561212387685e-01,6.3875010480433440e-13,-4.5839390909125619e+06,-2.2050070454521324e+06,3.9528948594892412e+00,-1.0730437845689248e+03,1.0000000000000000e+00,
2.1056291715983300e-01,-3.9234961292215403e-01,9.9995435106664743e-01,9.8078654110596335e-13,-4.1845263452097438e+06,-3.1300401866002441e+06,1.0011321751134744e+01,-1.0274834063322478e+03,1.0000000000000000e+00,
-4.3776586627254574e-02,-5.1914037750246966e-01,9.9988672754157504e-01,1.2998211570977083e-12,-4.8711397830610154e+06,-3.1183925553412922e+06,8.2460834641591951e+00,-7.2959093970571644e+02,1.0000000000000000e+00,
8.8416592723832982e-02,-2.5637550565873840e-01,9.9994654020763618e-01,1.5990970606165094e-12,-7.0624015035905614e+06,-4.6561382811626084e+06,1.8337382699646909e+00,-8.1415292488610044e+02,1.0000000000000000e+00,
-4.7873942477874541e-02,-6.2564005758891172e-01,9.9999019264546030e-01,1.8801105194242058e-12,-5.8732157767674793e+06,-1.4918627136731092e+06,4.4015572735221458e+00,-7.1360279147303868e+02,1.0000000000000000e+00,
-4.9394401946269720e-02,-5.9931688465860089e-01,9.9999994969620343e-01,2.1432749876357603e-12,-7.5070362145212255e+06,-1.4814288689724010e+05,1.4830462155386748e+00,-3.8596268557333428e+02,1.0000000000000000e+00,
-2.8592271651979762e-01,-3.6673293311870664e-01,9.9987667989991058e-01,9.7168064442892616e-15,-2.4592607062325221e+06,-5.1145525682502780e+06,5.8987756057857936e+00,-1.9900768357500815e+03,1.0000000000000000e+00,
9.2846295200756254e-02,-6.6637721557802143e-01,9.9995456706222086e-01,3.1920610249764316e-13,-4.1264462309197173e+06,-4.3272962249637991e+06,6.6227439440883273e-02,-1.3624059345410506e+03,1.0000000000000000e+00,
-3.0468702017771805e-02,-7.3572000730004972e-01,0.0000000000000000e+00,0.0000000000000000e+00,-3.6825202869144734e+06,-7.4714412947755661e+06,0.0000000000000000e+00,-4.0559280225225139e+03,0.0000000000000000e+00,
-5.9037302096846134e-01,-5.7691944930422689e-01,0.0000000000000000e+00,0.0000000000000000e+00,-2.0250007762315818e+06,-1.8653416653657930e+06,0.0000000000000000e+00,-3.8102202348245692e+03,0.0000000000000000e+00,
3.9194446406693728e-01,-4.8471663831981981e-01,9.9955719053861358e-01,1.3170948464610113e-12,-8.1505085319707561e+06,-3.9641314408083088e+06,4.7229468336896474e-01,-7.4590046943064408e+02,1.0000000000000000e+00,
-7.8001575435815901e-02,-7.8207391701837115e-01,9.9994839943453862e-01,1.6076314595998574e-12,-3.2954196362202126e+06,-9.0424542269328120e+05,3.8588922109030754e-01,-9.7453282279905363e+02,1.0000000000000000e+00,
5.8180385954194835e-01,-9.4698498273118570e-01,9.9997822028361072e-01,1.8843307566338329e-12,-3.9176966408800073e+06,-2.8712592397763086e+06,5.8839831712747426e+00,-5.7502985048763321e+02,1.0000000000000000e+00,
5.4848970197441525e-02,-6.0316671688507695e-01,9.9996487167152504e-01,2.1459254808411009e-12,-8.1429439595562201e+06,-2.3333813291284558e+06,2.6550631720843043e-01,-3.8553266504613941e+02,1.0000000000000000e+00,
-5.3138335746117571e-01,-8.5880260260817776e-01,9.9993812320061704e-01,9.7196153043964843e-15,-3.8776534373602420e+06,-1.3961343328356883e+06,6.3430333789188609e+00,-2.0899668604709368e+03,1.0000000000000000e+00,
2.4656402736962305e-01,-4.5205174631643813e-01,9.9997702547907041e-01,3.1922300429762615e-13,-8.0347942002638802e+06,-4.1032534980712077e+06,3.7934038849793073e+00,-1.3249007432236042e+03,1.0000000000000000e+00,
0.0000000000000000e+00,-9.4744160553374968e-01,0.0000000000000000e+00,0.0000000000000000e+00,-3.1984064472974918e+05,-2.4173905320137893e+06,0.0000000000000000e+00,-4.0681710861586621e+03,0.0000000000000000e+00,
-7.1135585176078353e-01,-7.3147840533303798e-01,0.0000000000000000e+00,0.0000000000000000e+00,-5.2703511138215410e+06,-7.6468745231313072e+05,0.0000000000000000e+00,-3.7590648287022923e+03,0.0000000000000000e+00,
1.2435658164630607e-01,-8.4497542249999080e-01,9.9964147198650333e-01,1.3193755819474535e-12,-4.0088379847917436e+06,-2.7847100455482993e+06,1.2939640957393337e+00,-6.9227074852470855e+02,1.0000000000000000e+00,
2.6461879869961853e-02,-9.1354344485083672e-01,9.9990229251387697e-01,1.6102800217738840e-12,-4.8921013121552430e+06,-2.8788013261610554e+06,3.2077416065341424e+00,-9.8674221560580258e+02,1.0000000000000000e+00,
-1.8828394522947325e-01,-8.4972476387712970e-01,9.9996130929871652e-01,1.8873054994554803e-12,-2.3735758615751150e+06,-4.7801295619791100e+05,6.8412675824456315e-01,-5.5370710850717808e+02,1.0000000000000000e+00,
7.4799084639939782e-03,-6.1595889789140457e-01,9.9999780718229458e-01,2.1482531363738470e-12,-1.3471542495077858e+07,-2.4876689096130524e+06,1.1419574659368159e-01,-1.6333711457420634e+02,1.0000000000000000e+00,
-2.1808854512336778e-01,-6.4290495833342498e-01,9.9994389315964416e-01,9.8461595259350226e-15,-2.8057876770931128e+06,-2.4921261539508509e+06,5.4972909796322078e-01,-1.9953271940573113e+03,1.0000000000000000e+00,
1.6796962524751774e-01,-9.9641946711851970e-01,9.9996014955021606e-01,3.2493397495445239e-13,-6.6815656435889890e+06,-1.5417419381989767e+06,3.9233632286625948e+00,-1.2242451087582467e+03,1.0000000000000000e+00,
2.4110728972890674e-01,-7.8043834073634910e-01,9.9995635106620595e-01,6.4007971778891748e-13,-5.2051639320543781e+06,-6.2814173398400890e+05,2.4271616013283355e+00,-1.2164586223042456e+03,1.0000000000000000e+00,
-2.0095862302380280e-01,-9.7098998578915696e-01,9.9992855929344859e-01,9.8385760452665729e-13,-6.2138267548987353e+06,-5.4187948787689470e+06,3.1644082298679201e+00,-1.0735297170199024e+03,1.0000000000000000e+00,
1.4054812135178107e-01,-1.4279984313924221e+00,9.9985597984489161e-01,1.3042463109844734e-12,-6.4481624349064194e+06,-9.9703670827916625e+05,1.6003518720648344e+00,-8.0729955799082586e+02,1.0000000000000000e+00,
4.3170358311284890e-01,-8.8777668315126479e-01,9.9993171886525256e-01,1.6044263689957789e-12,-5.2073038595475266e+06,-3.3618770615150281e+06,6.4408464792707498e-01,-6.4832864865182012e+02,1.0000000000000000e+00,
-1.8470517916615412e-01,-6.2098737399318327e-01,9.9989151163577195e-01,1.8863226921925438e-12,-2.1850202194538387e+06,-9.3281846514262445e+05,3.2771896748179898e+00,-5.2731912668839834e+02,1.0000000000000000e+00,
5.5092659130378685e-01,-4.8964909075082425e-01,9.9999762152094041e-01,2.1494612011146076e-12,-1.1512851192204457e+07,-2.2044468434176231e+06,4.9437800112805963e-01,-2.0198024308970378e+02,1.0000000000000000e+00,
-4.3431186580848345e-02,-6.7690408632039090e-01,9.9994510807011672e-01,1.0039321664608394e-14,-2.0763492087828661e+06,-1.2557760030615933e+06,1.5879704351972652e+00,-1.8922946275395539e+03,1.0000000000000000e+00,
-2.1056216011899595e-01,-7.9486669552487998e-01,9.9991493743618642e-01,3.3209443683761971e-13,-5.2899430559538035e+06,-1.8416523808494071e+06,2.7903159891367046e+00,-1.2897605692093321e+03,1.0000000000000000e+00,
7.5955974248592698e-02,-6.1148327122469681e-01,9.9998583273561215e-01,6.5647573520166858e-13,-5.0336548581254687e+06,-3.5198268231351133e+06,1.2503812960770633e+00,-8.7478857724962506e+02,1.0000000000000000e+00,
2.8859608108626161e-01,-6.1334029674421309e-01,9.9997121855259696e-01,9.8422763524221899e-13,-3.9712023011433166e+06,-1.8068543234447008e+06,4.8813719963719748e+00,-8.3722577648731112e+02,1.0000000000000000e+00,
3.1493685887953832e-01,-8.9678707920650036e-01,9.9985289003489286e-01,1.3005667984638692e-12,-3.4176185726753860e+06,-1.2580702513110326e+06,8.9863936097294150e-01,-7.4897582432867296e+02,1.0000000000000000e+00,
-2.7563023186698504e-01,-8.6113512111916890e-01,9.9994605320096197e-01,1.6017615699193754e-12,-2.0014076786471170e+06,-8.6295488366783201e+05,3.4072335880040772e+00,-5.8610363073357667e+02,1.0000000000000000e+00,
-6.1667478275777773e-02,-1.0470432133053420e+00,9.9995524608246922e-01,1.8860309407708514e-12,-2.8796086578388168e+06,-4.0728509227761906e+06,4.4404930142602979e+00,-3.3716626476389717e+02,1.0000000000000000e+00,
2.8338393624840197e-01,-1.1448227738010728e+00,9.9999971164097667e-01,2.1504441707419229e-12,-8.9144108929249980e+06,-1.6265545875376801e+06,7.7862548677040677e-01,-3.8161072412879196e+02,1.0000000000000000e+00,
2.1911828372758230e-01,-7.7548030874155272e-01,9.9997896513524320e-01,1.0160519498988469e-14,-3.7983820889368054e+05,-9.5634401737438585e+05,1.6074206941478764e-01,-1.4981762207483739e+03,1.0000000000000000e+00,
4.6100425637770637e-01,-6.5065371204011990e-01,9.9999928015316197e-01,3.3594371771545687e-13,-1.0427113835245169e+06,-3.9903849180635891e+05,1.2285626920238713e-03,-1.0086326129483344e+03,1.0000000000000000e+00,
6.2600685499637254e-01,-5.0252677458093831e-01,9.9999999999616895e-01,6.6192381715538819e-13,-1.7087269848212202e+06,1.7850548521059286e+05,5.9593180794070832e-02,-6.4590864621828689e+02,1.0000000000000000e+00,
8.4194307087953824e-01,-3.2610521022677841e-01,9.9999999976116005e-01,9.8533172980365551e-13,1.0592594590192170e+05,5.8576786076327402e+05,5.9936797395643282e-02,-6.1297030664006138e+02,1.0000000000000000e+00,
8.4564281772641092e-01,-3.1848147916261044e-01,9.9999999999924361e-01,1.3000252997107406e-12,1.1715542691545644e+05,6.7053290524700866e+05,1.3605655140880302e-02,-5.5898300929339189e+02,1.0000000000000000e+00,
3.4130257138505604e-01,-5.5675513218396722e-01,9.9999999999961209e-01,1.6011685755197648e-12,-3.4680669087306480e+04,8.6654604477807326e+04,2.7651147546867705e-01,-4.7993517298139375e+02,1.0000000000000000e+00,
7.2039043711651185e-01,-6.1909313559061940e-01,9.9999999995691025e-01,1.8860409822873607e-12,-2.4194078395503372e+05,-1.8621396570766538e+06,4.4060670286087955e-01,-2.6815433713447953e+02,1.0000000000000000e+00,
2.6432411786130322e-01,-9.1601597866308326e-01,9.9999999999942235e-01,2.1518289807153212e-12,-3.4018750355990087e+06,-2.1247499353154646e+06,6.5329495925858794e-03,-4.1366279716941233e+02,1.0000000000000000e+00,

64,9
1.6778542357097448e+00,8.9523498134581792e-01,1.0000055400326364e+00,3.1515681051176277e-13,3.0024071865524235e+05,1.7129121705538793e+06,2.0446743000110505e+03,-1.2113640669863071e+02,1.0000000000000000e+00,
1.4916527223391596e+00,8.4524481302019339e-01,1.0000000000133205e+00,6.3968724041636923e-13,1.3747890993851356e+06,2.9556917230099894e+05,2.1225628264416673e+03,-9.9845294524682231e+01,1.0000000000000000e+00,
1.2700306335388287e+00,8.4105154845255115e-01,1.0000000037627828e+00,9.6037318058631932e-13,2.1971160097934864e+06,5.4347426710116182e+04,1.6954833793848254e+03,-9.0704080755754489e+01,1.0000000000000000e+00,
1.5722019328356152e+00,7.2120005268065535e-01,1.0000000001442637e+00,1.2746417613621690e-12,1.8265649412836791e+06,3.2260997447497735e+04,1.7863199334462220e+03,-2.4980852172271511e+01,1.0000000000000000e+00,
1.1647215198126777e+00,3.6298680095362251e-01,1.0000000003406944e+00,1.5753329844978288e-12,1.1819118315018914e+06,-8.0576663159415592e+04,1.0238469495694643e+03,-3.6351977742798113e+01,1.0000000000000000e+00,
1.2766638040278664e+00,6.0620145287519323e-01,1.0000000000018390e+00,1.8595320822578178e-12,1.3538452782767790e+06,-1.4965648695706978e+05,1.8298162235369032e+03,-5.5840761285098097e+01,1.0000000000000000e+00,
1.3001491547532089e+00,8.0116337535791504e-01,1.0000000624784342e+00,2.1252893552794311e-12,1.8587992421800811e+06,-2.1407563720521631e+05,1.7471681753487651e+03,-4.2339724883571989e+01,1.0000000000000000e+00,
1.1375561416638336e+00,8.0308518223833869e-01,1.0000000034438390e+00,2.3706807660390609e-12,1.3220441951298888e+06,1.9655996525668888e+05,1.2707727567367817e+03,2.1980733354617996e+01,1.0000000000000000e+00,
1.5738832995237697e+00,1.0367665249859208e+00,1.0000700047778412e+00,3.1383399638575995e-13,2.5653227575241702e+05,1.8778669842622464e+05,3.0504891841541203e+03,-5.8193531326032610e+02,1.0000000000000000e+00,
1.6367771744751924e+00,9.8413999705164135e-01,1.0000784600662205e+00,6.3827962206929148e-13,2.0647591314972567e+05,1.3650328805684880e+06,2.3292577715216826e+03,-5.5597055249156608e+02,1.0000000000000000e+00,
1.7626675797961873e+00,7.4761141568640221e-01,1.0000513219918024e+00,9.6043207504499770e-13,1.9858385248924859e+05,5.8445002896029339e+05,2.0702007868778501e+03,-5.8977350909255324e+02,1.0000000000000000e+00,
1.8229162763697109e+00,7.7567559842245981e-01,1.0000126737146273e+00,1.2798974515765016e-12,1.7439520946193722e+06,8.0005452933750860e+05,2.6644785490259228e+03,-3.6362852622874675e+02,1.0000000000000000e+00,
1.6078044425181661e+00,9.0283366294385070e-01,1.0000474831104911e+00,1.5805022832805193e-12,1.7066398981237120e+06,1.7826555554285727e+06,2.4836473838763668e+03,-2.8375290431199085e+02,1.0000000000000000e+00,
1.5392212943207915e+00,9.8172817809175095e-01,1.0000324201270077e+00,1.8628160659566009e-12,7.4973352333914884e+05,8.1583825768772955e+05,2.1119728037966865e+03,-2.7792351687624614e+02,1.0000000000000000e+00,
1.6086960562510462e+00,1.1157877584158893e+00,1.0001841538635539e+00,2.1272517626916273e-12,3.6322448870208166e+06,3.0166821529168240e+06,2.6626912529603965e+03,-6.5875584475125720e+01,1.0000000000000000e+00,
1.5563630520259208e+00,9.7321428362438700e-01,1.0000010807204114e+00,2.3721484013964283e-12,7.3815787105183315e+05,1.6684801449204895e+06,2.1136403741757849e+03,1.4907507780719015e+01,1.0000000000000000e+00,
1.4803017275623984e+00,1.2409325317662834e+00,1.0000190238871847e+00,3.1054314561058209e-13,2.4116099500808124e+06,3.5258070370094239e+05,2.0833456800167414e+03,-8.6114871046652877e+02,1.0000000000000000e+00,
1.6340441143894606e+00,6.9621324091466319e-01,1.0000367079897237e+00,6.3335419262209563e-13,4.0940174045277215e+06,9.7587092131721263e+05,2.4334560933453763e+03,-7.3458719417306304e+02,1.0000000000000000e+00,
1.5844344910859389e+00,3.9698488789526432e-01,1.0000854595835860e+00,9.6036676320426818e-13,1.8050278960786648e+06,2.3883242862418238e+06,2.1164819295998677e+03,-8.7988749853956517e+02,1.0000000000000000e+00,
1.7605018243297188e+00,8.0757322036175594e-01,1.0001110494799388e+00,1.2963471348182817e-12,9.9963348004901386e+05,4.0946559393085619e+06,2.4452002374869226e+03,-4.5734468342855291e+02,1.0000000000000000e+00,
1.9535380222003003e+00,8.6383258544357766e-01,1.0000766501116365e+00,1.5893118855081219e-12,5.4985643611358444e+05,5.0156473874544529e+06,2.3141228161040026e+03,-4.0367558817015822e+02,1.0000000000000000e+00,
1.7547110792739333e+00,9.7480109829766404e-01,1.0001277424362063e+00,1.8671753424588131e-12,1.3507556947304864e+05,1.5149687888041725e+06,2.6526003890136963e+03,-4.9364536333492322e+02,1.0000000000000000e+00,
2.3255888269695850e+00,6.3603803183772345e-01,1.0000387731124949e+00,2.1299171466108696e-12,2.1779855934675675e+05,9.3517657377222506e+05,3.1575872282632431e+03,-9.7391050650300713e+01,1.0000000000000000e+00,
1.6832260387007829e+00,5.5393026869231110e-01,1.0000001596511259e+00,2.3743110810592672e-12,1.7033941380017801e+05,1.3957242868349557e+06,3.3611915282671439e+03,1.1431474644600564e+02,1.0000000000000000e+00,
1.5050177640721025e+00,1.0879702917276128e+00,1.0001161056517651e+00,3.0424674168071347e-13,4.5543271373069528e+06,1.5378123457513149e+06,2.6663646567225314e+03,-1.2758273197228561e+03,1.0000000000000000e+00,
1.6937506648805556e+00,6.4779318176959189e-01,1.0000770585587109e+00,6.1720587730301077e-13,8.6516212275360769e+05,2.8332531641926887e+06,2.2262455013751282e+03,-1.1223180663576409e+03,1.0000000000000000e+00,
1.9832663618910433e+00,6.7474901338117510e-01,1.0000400619455869e+00,9.5914282480484566e-13,3.9304189494633116e+06,2.0600254101376925e+06,3.3867476924072107e+03,0.0000000000000000e+00,1.0000000000000000e+00,
1.9701787156868005e+00,8.3974002851586538e-01,1.0001204264808896e+00,1.3274331709831697e-12,2.0094474698210584e+06,4.6212889906059457e+06,5.1253475749243880e+03,0.0000000000000000e+00,1.0000000000000000e+00,
2.0218101587520900e+00,8.0064322928439779e-01,1.0003304691390751e+00,1.5963350549700848e-12,1.0281182635164899e+06,3.5394081342438529e+06,2.4203714036060960e+03,-3.6895539764653495e+02,1.0000000000000000e+00,
1.7329696002490731e+00,5.8509031352515006e-01,1.0001823629092261e+00,1.8703881844440631e-12,4.2874213426059077e+05,1.9531532074767104e+06,3.3909509628848768e+03,-4.3995892988477442e+02,1.0000000000000000e+00,
2.0844282443031212e+00,3.9205338061922834e-01,1.0000256323506371e+00,2.1323220394527613e-12,2.1278512969528190e+06,1.7802546893129875e+06,3.3753408724691853e+03,-1.2512358810210389e+02,1.0000000000000000e+00,
1.9541392125639216e+00,6.3962276603606361e-01,1.0000380184240838e+00,2.3764601388844191e-12,8.5597886198823259e+05,2.1058470248062019e+06,3.0543661529733222e+03,1.4766568264750606e+02,1.0000000000000000e+00,
1.1473959763695636e+00,8.5723591742110083e-01,1.0001081258654949e+00,3.0479483263019479e-13,2.0372517446309628e+06,3.5047790575538315e+06,2.2330788432508812e+03,-1.1635930125025384e+03,1.0000000000000000e+00,
1.8726825672776495e+00,7.9190022456566966e-01,1.0000161791171029e+00,6.1841100153867212e-13,1.0449696381120395e+06,6.8652827069136901e+06,2.0845457215842116e+03,-9.8640565074577489e+02,1.0000000000000000e+00,
1.5357084647202004e+00,8.0673001126248511e-01,1.0000572251864934e+00,9.6100207535911516e-13,2.7765308056227486e+06,3.4554180809449912e+06,3.4392569525089557e+03,0.0000000000000000e+00,1.0000000000000000e+00,
1.5223414712869263e+00,6.8103465056853207e-01,1.0000552715336006e+00,1.3274985245090904e-12,3.1813173017346603e+05,3.0195386778005580e+06,5.4537449827121600e+03,0.0000000000000000e+00,1.0000000000000000e+00,
2.0477326401465699e+00,4.6970590410822316e-01,1.0003341457615780e+00,1.5964514370217928e-12,1.6805995185434609e+06,1.4738771614150524e+06,2.1337302743918672e+03,-3.7894459406132034e+02,1.0000000000000000e+00,
1.8622631346457601e+00,5.7288221015827467e-01,1.0001899706185799e+00,1.8708220375174749e-12,8.6833997280159150e+05,4.2862717634718521e+06,2.9331124160778086e+03,-4.1702225800470296e+02,1.0000000000000000e+00,
1.4393130030730534e+00,9.6585919287957822e-01,1.0000146065898925e+00,2.1335407552268653e-12,1.3239849450785236e+06,2.2035733153209025e+06,3.6593410327039146e+03,1.3640434357668869e+02,1.0000000000000000e+00,
2.0426361475166335e+00,6.7747278890903817e-01,1.0000008656323809e+00,2.3781723018770225e-12,9.8036440903791098e+05,2.2166880789230289e+06,2.5914673231474380e+03,2.3243780196407386e+02,1.0000000000000000e+00,
1.0219347084529113e+00,1.0970497659428382e+00,1.0000560440499764e+00,3.1159319475392460e-13,1.4584002894964430e+06,3.3157219662942365e+06,2.3896135633893200e+03,-1.1348978206164920e+03,1.0000000000000000e+00,
1.7892975067728161e+00,7.9320727866981600e-01,1.0000683296604589e+00,6.3551623346090953e-13,2.3121661592818582e+06,5.0726050548293414e+06,2.7688094273866036e+03,-8.5918502005233915e+02,1.0000000000000000e+00,
1.4658768329315575e+00,5.8585440137677347e-01,1.0000472992738823e+00,9.6368115809172596e-13,1.9573983974557319e+06,5.5331117831819197e+06,2.1082618991235477e+03,-6.7609037220827236e+02,1.0000000000000000e+00,
1.8004508097149861e+00,7.8035395084060122e-01,1.0000652886807300e+00,1.2987529317506589e-12,1.4598525657607038e+06,1.5235824215828211e+06,3.2745998343132624e+03,-4.5624367296157072e+02,1.0000000000000000e+00,
1.4552645450662940e+00,4.3937996085383657e-01,1.0001451760645472e+00,1.5920888859773316e-12,2.6944221099920031e+06,4.3383555972040761e+06,3.2497993399840643e+03,-5.4506368486654765e+02,1.0000000000000000e+00,
1.8105991198347189e+00,6.4115201322220894e-01,1.0002584861198289e+00,1.8704269599820812e-12,1.6420728038188042e+06,3.4805745180728794e+06,4.0170593006301510e+03,-3.7443219957756912e+02,1.0000000000000000e+00,
1.5904126170520592e+00,7.0991834203276405e-01,1.0000721220074889e+00,2.1344196048643013e-12,1.1449735391208264e+06,3.4920265779360686e+06,3.2372426454672232e+03,2.7339373787188538e+02,1.0000000000000000e+00,
2.0419788469486546e+00,4.4634683793862956e-01,1.0000021648575335e+00,2.3800323319442471e-12,3.9654955779446132e+05,1.7741010696793976e+06,1.7719712328760927e+03,3.0288376755269360e+02,1.0000000000000000e+00,
1.4903712863584118e+00,1.1914994351767831e+00,1.0000967417218907e+00,3.1540428432755838e-13,1.0657892781903576e+06,2.4028766058494765e+06,2.0657344762802391e+03,-1.0739201049683184e+03,1.0000000000000000e+00,
1.3587286993719261e+00,5.7029652090695249e-01,1.0000498200187349e+00,6.4139438436938287e-13,2.7851845725796581e+05,6.0580529709577011e+06,2.1109797566223374e+03,-5.6938602016103266e+02,1.0000000000000000e+00,
1.6382804082075400e+00,8.9972163168565178e-01,1.0000219453511900e+00,9.6523727179192790e-13,3.2504782360002352e+06,4.9879924723446975e+06,2.2184251348873818e+03,-5.5794299130997535e+02,1.0000000000000000e+00,
1.7336634267069715e+00,6.7011612382963459e-01,1.0000261773847654e+00,1.2843756564489023e-12,1.1783683471596220e+06,4.8753310904056560e+06,1.9392318598828047e+03,-5.8538974812778179e+02,1.0000000000000000e+00,
1.6356511258865174e+00,5.2862030369467272e-01,1.0000897837567921e+00,1.5859426859040234e-12,1.8750540224566779e+06,8.1669142683880515e+06,2.6252918120961299e+03,-4.8907003036488106e+02,1.0000000000000000e+00,
1.2553362304792217e+00,1.3678769747617048e-01,1.0000655189957874e+00,1.8691524746531510e-12,2.0077379038557741e+06,5.7441172864940371e+06,2.3841563485610855e+03,-2.7306447310331384e+02,1.0000000000000000e+00,
1.4803530836360035e+00,6.0423733958571924e-01,1.0000392423774449e+00,2.1357174461825637e-12,3.1623895774723613e+06,3.3318061457207222e+06,2.6411519705477240e+03,1.6812924877984005e+02,1.0000000000000000e+00,
2.2991184055223766e+00,5.3880870295841354e-01,1.0000187742311317e+00,2.3821971714362503e-12,4.9869878039792785e+05,8.6260369797188474e+05,2.0471060337498204e+03,2.5305835816215642e+02,1.0000000000000000e+00,
1.1442898897959286e+00,2.9279057222448118e-01,1.0000249847957841e+00,3.1716507530053625e-13,1.9054562858806513e+06,2.1318762343028230e+06,1.8583099391095438e+03,-1.7015545209420532e+02,1.0000000000000000e+00,
1.1016622722580220e+00,2.1633174289784596e-01,1.0000000033495839e+00,6.4380480487599423e-13,1.8583265769157074e+06,4.1265946373071875e+06,1.9846432815136700e+03,-1.0698531662048072e+02,1.0000000000000000e+00,
1.4106242429566020e+00,2.6855274911420979e-01,9.9999999999992384e-01,9.6640473749618329e-13,1.2834077064108453e+06,3.1388903838318330e+06,1.8473007574327373e+03,-7.8610240319746822e+01,1.0000000000000000e+00,
1.1583610381156786e+00,2.1425664099737955e-02,1.0000000006348935e+00,1.2810660314623748e-12,1.3337495439397837e+06,2.2805501435348191e+06,7.5701752285089242e+02,-6.3509579538711932e+01,1.0000000000000000e+00,
1.1333649974656108e+00,-1.9138075750708330e-01,1.0000000000005851e+00,1.5832766202094164e-12,1.6706017057265253e+06,2.9146018811584623e+06,9.0340167232469616e+02,-4.5946634338289641e+01,1.0000000000000000e+00,
1.1478362374981352e+00,-1.4593132248317051e-01,1.0000000000038611e+00,1.8690966166079848e-12,1.8254103477994823e+06,2.7973906209680485e+06,1.9336906539722850e+03,-2.7263184534807579e+01,1.0000000000000000e+00,
1.3496464470749614e+00,-1.1298185383201076e-01,1.0000000000542877e+00,2.1370529024959356e-12,3.5923136180483820e+06,4.3381442557677850e+06,1.6531630715357608e+03,-1.8361883560860178e+01,1.0000000000000000e+00,
1.2639134347983800e+00,9.5910966337048861e-02,1.0000000000004481e+00,2.3842715923003743e-12,1.5192342310158408e+05,2.7401455870356564e+06,1.0279783426265051e+03,-6.1351511924699480e+00,1.0000000000000000e+00,

