1
1
4
4
(64 0
((0,0) (15,15) (0,0))
((16,0) (31,15) (0,0))
((32,0) (47,15) (0,0))
((48,0) (63,15) (0,0))
((64,0) (79,15) (0,0))
((80,0) (95,15) (0,0))
((96,0) (111,15) (0,0))
((112,0) (127,15) (0,0))
((0,16) (15,31) (0,0))
((16,16) (31,31) (0,0))
((32,16) (47,31) (0,0))
((48,16) (63,31) (0,0))
((64,16) (79,31) (0,0))
((80,16) (95,31) (0,0))
((96,16) (111,31) (0,0))
((112,16) (127,31) (0,0))
((0,32) (15,47) (0,0))
((16,32) (31,47) (0,0))
((32,32) (47,47) (0,0))
((48,32) (63,47) (0,0))
((64,32) (79,47) (0,0))
((80,32) (95,47) (0,0))
((96,32) (111,47) (0,0))
((112,32) (127,47) (0,0))
((0,48) (15,63) (0,0))
((16,48) (31,63) (0,0))
((32,48) (47,63) (0,0))
((48,48) (63,63) (0,0))
((64,48) (79,63) (0,0))
((80,48) (95,63) (0,0))
((96,48) (111,63) (0,0))
((112,48) (127,63) (0,0))
((0,64) (15,79) (0,0))
((16,64) (31,79) (0,0))
((32,64) (47,79) (0,0))
((48,64) (63,79) (0,0))
((64,64) (79,79) (0,0))
((80,64) (95,79) (0,0))
((96,64) (111,79) (0,0))
((112,64) (127,79) (0,0))
((0,80) (15,95) (0,0))
((16,80) (31,95) (0,0))
((32,80) (47,95) (0,0))
((48,80) (63,95) (0,0))
((64,80) (79,95) (0,0))
((80,80) (95,95) (0,0))
((96,80) (111,95) (0,0))
((112,80) (127,95) (0,0))
((0,96) (15,111) (0,0))
((16,96) (31,111) (0,0))
((32,96) (47,111) (0,0))
((48,96) (63,111) (0,0))
((64,96) (79,111) (0,0))
((80,96) (95,111) (0,0))
((96,96) (111,111) (0,0))
((112,96) (127,111) (0,0))
((0,112) (15,127) (0,0))
((16,112) (31,127) (0,0))
((32,112) (47,127) (0,0))
((48,112) (63,127) (0,0))
((64,112) (79,127) (0,0))
((80,112) (95,127) (0,0))
((96,112) (111,127) (0,0))
((112,112) (127,127) (0,0))
)
64
FabOnDisk: SD_0_Old_MF_D_00000 0
FabOnDisk: SD_0_Old_MF_D_00000 18516
FabOnDisk: SD_0_Old_MF_D_00000 37032
FabOnDisk: SD_0_Old_MF_D_00000 55548
FabOnDisk: SD_0_Old_MF_D_00000 74064
FabOnDisk: SD_0_Old_MF_D_00000 92580
FabOnDisk: SD_0_Old_MF_D_00000 111096
FabOnDisk: SD_0_Old_MF_D_00000 129613
FabOnDisk: SD_0_Old_MF_D_00000 148131
FabOnDisk: SD_0_Old_MF_D_00000 166647
FabOnDisk: SD_0_Old_MF_D_00000 185163
FabOnDisk: SD_0_Old_MF_D_00000 203679
FabOnDisk: SD_0_Old_MF_D_00000 222195
FabOnDisk: SD_0_Old_MF_D_00000 240711
FabOnDisk: SD_0_Old_MF_D_00000 259227
FabOnDisk: SD_0_Old_MF_D_00000 277744
FabOnDisk: SD_0_Old_MF_D_00000 296262
FabOnDisk: SD_0_Old_MF_D_00000 314778
FabOnDisk: SD_0_Old_MF_D_00000 333294
FabOnDisk: SD_0_Old_MF_D_00000 351810
FabOnDisk: SD_0_Old_MF_D_00000 370326
FabOnDisk: SD_0_Old_MF_D_00000 388842
FabOnDisk: SD_0_Old_MF_D_00000 407358
FabOnDisk: SD_0_Old_MF_D_00000 425875
FabOnDisk: SD_0_Old_MF_D_00000 444393
FabOnDisk: SD_0_Old_MF_D_00000 462909
FabOnDisk: SD_0_Old_MF_D_00000 481425
FabOnDisk: SD_0_Old_MF_D_00000 499941
FabOnDisk: SD_0_Old_MF_D_00000 518457
FabOnDisk: SD_0_Old_MF_D_00000 536973
FabOnDisk: SD_0_Old_MF_D_00000 555489
FabOnDisk: SD_0_Old_MF_D_00000 574006
FabOnDisk: SD_0_Old_MF_D_00000 592524
FabOnDisk: SD_0_Old_MF_D_00000 611040
FabOnDisk: SD_0_Old_MF_D_00000 629556
FabOnDisk: SD_0_Old_MF_D_00000 648072
FabOnDisk: SD_0_Old_MF_D_00000 666588
FabOnDisk: SD_0_Old_MF_D_00000 685104
FabOnDisk: SD_0_Old_MF_D_00000 703620
FabOnDisk: SD_0_Old_MF_D_00000 722137
FabOnDisk: SD_0_Old_MF_D_00000 740655
FabOnDisk: SD_0_Old_MF_D_00000 759171
FabOnDisk: SD_0_Old_MF_D_00000 777687
FabOnDisk: SD_0_Old_MF_D_00000 796203
FabOnDisk: SD_0_Old_MF_D_00000 814719
FabOnDisk: SD_0_Old_MF_D_00000 833235
FabOnDisk: SD_0_Old_MF_D_00000 851751
FabOnDisk: SD_0_Old_MF_D_00000 870268
FabOnDisk: SD_0_Old_MF_D_00000 888786
FabOnDisk: SD_0_Old_MF_D_00000 907303
FabOnDisk: SD_0_Old_MF_D_00000 925820
FabOnDisk: SD_0_Old_MF_D_00000 944337
FabOnDisk: SD_0_Old_MF_D_00000 962854
FabOnDisk: SD_0_Old_MF_D_00000 981371
FabOnDisk: SD_0_Old_MF_D_00000 999888
FabOnDisk: SD_0_Old_MF_D_00000 1018406
FabOnDisk: SD_0_Old_MF_D_00000 1036925
FabOnDisk: SD_0_Old_MF_D_00000 1055443
FabOnDisk: SD_0_Old_MF_D_00000 1073961
FabOnDisk: SD_0_Old_MF_D_00000 1092479
FabOnDisk: SD_0_Old_MF_D_00000 1110997
FabOnDisk: SD_0_Old_MF_D_00000 1129515
FabOnDisk: SD_0_Old_MF_D_00000 1148033
FabOnDisk: SD_0_Old_MF_D_00000 1166552

64,4
-4.7615680192965010e-01,-8.0932384831120108e-01,9.9999999999999967e-01,-3.8910948169455286e-11,
2.8068271525170652e-01,-6.4308206024943704e-01,9.9999999999999944e-01,1.7464300812514278e-11,
6.0688016879859596e-01,-8.6586862925012192e-02,9.9999999999999944e-01,1.1144926661795245e-11,
3.6994517349443140e-01,5.6313076488731517e-03,9.9999999999999967e-01,6.8453380346858169e-12,
1.7787789508433294e-01,4.5049566625856149e-03,1.0000000000000000e+00,4.1797259538166603e-12,
8.2296627072831960e-02,2.4402124335790956e-03,1.0000000000000000e+00,2.5520765156690927e-12,
3.7598653130567670e-02,1.2026183449661764e-03,9.9999999999999989e-01,1.5861500981106691e-12,
1.7133626225820736e-02,2.6998918096121790e-04,9.9999999999999944e-01,1.2554705717051432e-12,
-8.6174172837495311e-01,-2.6291440635275545e+00,9.9999999999999978e-01,-4.1866771958606006e-11,
5.0885339686039910e-01,-1.8387648876168092e+00,1.0000000000000000e+00,1.7987231773282698e-11,
6.8674061951502519e-01,-8.5896620970295753e-02,1.0000000000000000e+00,1.1471122733766385e-11,
1.9161436071117424e-01,2.3774414813266032e-01,1.0000000000000000e+00,7.0417356361353230e-12,
4.4624064907476113e-02,1.4553233486223513e-01,1.0000000000000000e+00,4.2974472087820583e-12,
1.0856827260512274e-02,7.5151119633518879e-02,1.0000000000000000e+00,2.6226319669136084e-12,
2.8964855285289054e-03,3.6221217520476509e-02,1.0000000000000000e+00,1.6292396621165921e-12,
6.6600436484691482e-04,8.0932875077042981e-03,9.9999999999999989e-01,1.2904147541921763e-12,
-9.7706927541905231e-01,-7.0141086174649976e+00,9.9999999999999956e-01,-4.4611767102550693e-11,
1.6385980993102376e+00,-5.9652759714386825e+00,1.0000000000000000e+00,1.9186658180141242e-11,
-2.4902238976105262e-01,3.2632466607881661e-01,9.9999999999999989e-01,1.2218979597342634e-11,
-4.0050578255027858e-01,5.2014122058777768e-01,1.0000000000000000e+00,7.4927386149626139e-12,
-3.1992225610106151e-01,2.2359068377930336e-01,1.0000000000000000e+00,4.5677859132419345e-12,
-1.6044650167871630e-01,9.1369604404529486e-02,1.0000000000000000e+00,2.7846776240512881e-12,
-7.4547542613904089e-02,3.9693366117911549e-02,1.0000000000000000e+00,1.7279814816322410e-12,
-3.4068068781761281e-02,8.6759408638778061e-03,9.9999999999999989e-01,1.3678851456614112e-12,
-2.2674003107982962e+01,-1.7974995142245259e+01,9.9999999999999811e-01,-4.7070973870469118e-11,
-2.7955495642207120e+44,-2.7955495642207120e+44,9.9999999999999956e-01,0.0000000000000000e+00,
-2.5687015822883641e+01,1.3914925550821347e-01,9.9999999999999967e-01,1.2945398269440088e-11,
-2.5820134689981633e+00,2.6765212151802040e-02,9.9999999999999989e-01,7.9382410404038742e-12,
-7.3844371953827115e-01,8.4073870386860115e-03,1.0000000000000000e+00,4.8352315769550316e-12,
-2.7820384893624128e-01,3.2398163225482875e-03,1.0000000000000000e+00,2.9448131777022158e-12,
-1.1661242937690865e-01,1.3733147659018272e-03,1.0000000000000000e+00,1.8256116802108013e-12,
-5.1016778033162027e-02,2.9862054533380414e-04,1.0000000000000000e+00,1.4444549589788949e-12,
-2.2674003107982909e+01,-3.4346885280206507e+01,9.9999999999999645e-01,-4.9213726318857049e-11,
-2.7955495642207120e+44,-2.7955495642207120e+44,9.9999999999999978e-01,0.0000000000000000e+00,
-2.5687015822883883e+01,-1.6013352051789152e+01,9.9999999999999989e-01,1.3587795243573314e-11,
-2.5820134689981158e+00,-1.8955885611354613e+00,1.0000000000000000e+00,8.3394689328057884e-12,
-7.3844371953827259e-01,-5.5941712252323006e-01,1.0000000000000000e+00,5.0758425235899424e-12,
-2.7820384893627037e-01,-2.0297023692604815e-01,1.0000000000000000e+00,3.0887781857223269e-12,
-1.1661242937697801e-01,-8.2853422004036129e-02,1.0000000000000000e+00,1.9133412515778720e-12,
-5.1016778033189450e-02,-3.6004567299895845e-02,1.0000000000000000e+00,1.5131727667981562e-12,
-9.7706927541953981e-01,-3.3747975449726894e+01,9.9999999999999645e-01,-5.0947061102073660e-11,
1.6385980993094955e+00,-3.9422830484420190e+00,1.0000000000000000e+00,2.2330117193650657e-11,
-2.4902238976095131e-01,-4.2291749434016959e+00,1.0000000000000000e+00,1.4193172572935016e-11,
-4.0050578255076275e-01,-1.8255450404958362e+00,1.0000000000000000e+00,8.6858478434155472e-12,
-3.1992225610162389e-01,-5.9620330724945780e-01,1.0000000000000000e+00,5.2819179596907688e-12,
-1.6044650167897823e-01,-2.4636434091608628e-01,1.0000000000000000e+00,3.2119127691400387e-12,
-7.4547542613502105e-02,-1.0981966425735031e-01,1.0000000000000000e+00,1.9882637454420288e-12,
-3.4068068781739944e-02,-4.9952421124679902e-02,1.0000000000000000e+00,1.5718785194986880e-12,
-8.6174172837382279e-01,-1.7867799309133915e+01,9.9999999999999711e-01,-5.2226071271220959e-11,
5.0885339686059872e-01,-1.5878899207356045e-01,1.0000000000000000e+00,2.3108600668202070e-11,
6.8674061951515730e-01,-8.2242857742032627e-01,1.0000000000000000e+00,1.4667835330573080e-11,
1.9161436071117463e-01,-7.9568502367988181e-01,1.0000000000000000e+00,8.9644164928864978e-12,
4.4624064907286633e-02,-4.8275043545114044e-01,1.0000000000000000e+00,5.4475550941188172e-12,
1.0856827260799029e-02,-2.3424917096249814e-01,1.0000000000000000e+00,3.3107654110732728e-12,
2.8964855298607870e-03,-1.0844391720416223e-01,1.0000000000000000e+00,2.0484046562885690e-12,
6.6600436710691788e-04,-4.9761326640612440e-02,1.0000000000000000e+00,1.6189406031315851e-12,
-4.7615680192954413e-01,-6.5481703939063634e+00,9.9999999999999589e-01,-5.3028675851511349e-11,
2.8068271524986821e-01,4.9531281225832970e-03,9.9999999999999722e-01,2.3636354556549864e-11,
6.0688016879870166e-01,-2.1476395035186308e-01,9.9999999999999911e-01,1.4996998423737705e-11,
3.6994517349451606e-01,-2.4396634115620078e-01,9.9999999999999956e-01,9.1613178543995511e-12,
1.7787789508425703e-01,-2.1700866630611021e-01,9.9999999999999956e-01,5.5649359877895758e-12,
8.2296627072965145e-02,-1.3211080370129491e-01,9.9999999999999967e-01,3.3808416728758993e-12,
3.7598653130465017e-02,-6.8144586552649850e-02,9.9999999999999978e-01,2.0909682530442312e-12,
1.7133626225828195e-02,-3.2834984021187480e-02,9.9999999999999989e-01,1.6523133454329789e-12,

64,4
4.2630918669955548e-01,6.5481703939064415e+00,1.0000000000000000e+00,2.0725125003910593e-11,
8.7709082276429562e-01,-4.9531281228761045e-03,1.0000000000000000e+00,2.1685198909037125e-11,
8.7809178246861241e-01,2.1476395035191431e-01,1.0000000000000000e+00,1.7478055266941884e-11,
6.5770803286750823e-01,2.4396634115632682e-01,1.0000000000000000e+00,1.1091189798258913e-11,
3.8405326048677729e-01,2.1700866630624052e-01,1.0000000000000000e+00,6.8038232194061816e-12,
2.0686720851628618e-01,1.3211080370162029e-01,1.0000000000000000e+00,4.1520348532535461e-12,
1.0193468675737095e-01,6.8144586552667155e-02,1.0000000000000000e+00,2.5345291892674859e-12,
4.8097423535189407e-02,3.2834984021070449e-02,1.0000000000000002e+00,1.5804034686971453e-12,
1.3986411825027607e+00,1.7867799309134284e+01,1.0000000000000007e+00,2.2138364349836181e-11,
2.0592162146667130e+00,1.5878899207449637e-01,1.0000000000000000e+00,2.3157561040693510e-11,
1.8333252804784701e+00,8.2242857742009023e-01,1.0000000000000000e+00,1.8637244875387673e-11,
7.1838104410897397e-01,7.9568502367983429e-01,1.0000000000000000e+00,1.1810416729196604e-11,
3.4920969008701580e-01,4.8275043545094964e-01,1.0000000000000000e+00,7.2371270397968828e-12,
1.6445622429539999e-01,2.3424917096253287e-01,1.0000000000000000e+00,4.4117240962410159e-12,
7.5290013599981609e-02,1.0844391720370615e-01,1.0000000000000000e+00,2.6902038506069201e-12,
3.4212387703092074e-02,4.9761326640078499e-02,1.0000000000000000e+00,1.6756441878289783e-12,
4.3581031430497479e+00,3.3747975449726809e+01,1.0000000000000011e+00,2.3568642580182950e-11,
8.1330261325403548e+00,3.9422830484429743e+00,1.0000000000000000e+00,2.4632038957886055e-11,
4.0481229214575229e+00,4.2291749434012935e+00,1.0000000000000000e+00,1.9739714861232434e-11,
6.8575931336014995e-01,1.8255450404956741e+00,1.0000000000000000e+00,1.2520766231359164e-11,
1.5422245856268846e-01,5.9620330724981052e-01,1.0000000000000000e+00,7.6708609744345700e-12,
2.9506932355289471e-02,2.4636434091643794e-01,1.0000000000000000e+00,4.6719879374344946e-12,
4.6650696213796387e-03,1.0981966425730830e-01,1.0000000000000000e+00,2.8461127680312617e-12,
2.4495681680540045e-04,4.9952421125676182e-02,1.0000000000000000e+00,1.7710155150658940e-12,
4.7200942575885918e+00,3.4346885280205370e+01,1.0000000000000011e+00,2.5452384014785146e-11,
1.1647674186761809e+02,1.4268033274068946e+03,1.0000000000000000e+40,2.8218952335616788e-11,
4.2617115328248794e+00,1.6013352051788747e+01,1.0000000000000000e+00,2.0066967165280770e-11,
-3.7309242221966610e-01,1.8955885611355887e+00,1.0000000000000000e+00,1.3150717346579946e-11,
-1.8106707573832501e-01,5.5941712252295617e-01,1.0000000000000000e+00,8.0625510201491390e-12,
-8.3063805712321748e-02,2.0297023692589605e-01,1.0000000000000000e+00,4.9068090065717121e-12,
-3.7756899670847811e-02,8.2853422003731275e-02,1.0000000000000000e+00,2.9866808743656349e-12,
-1.7142054306081778e-02,3.6004567300185773e-02,1.0000000000000000e+00,1.8569863979846569e-12,
4.7200942575902314e+00,1.7974995142244769e+01,1.0000000000000007e+00,2.5964849763996755e-11,
1.1647674186761721e+02,1.5889172509962841e+03,1.0000000000000000e+40,2.8404894755520435e-11,
4.2617115328241413e+00,-1.3914925550809482e-01,1.0000000000000002e+00,2.1709790843916105e-11,
-3.7309242221916361e-01,-2.6765212151773556e-02,1.0000000000000000e+00,1.3737747822319562e-11,
-1.8106707573818137e-01,-8.4073870386857340e-03,1.0000000000000000e+00,8.4014768364826596e-12,
-8.3063805712860692e-02,-3.2398163223519615e-03,1.0000000000000000e+00,5.1086248599184174e-12,
-3.7756899671475101e-02,-1.3733147661988201e-03,1.0000000000000000e+00,3.1072505373171531e-12,
-1.7142054306298001e-02,-2.9862054535829345e-04,1.0000000000000000e+00,1.9307086913730240e-12,
4.3581031430501103e+00,7.0141086174649052e+00,1.0000000000000004e+00,2.6793010777445155e-11,
8.1330261325407172e+00,5.9652759714384755e+00,1.0000000000000002e+00,2.8013570626644649e-11,
4.0481229214604477e+00,-3.2632466607874561e-01,1.0000000000000000e+00,2.2492059476810733e-11,
6.8575931336003892e-01,-5.2014122058787682e-01,1.0000000000000000e+00,1.4205138629830136e-11,
1.5422245856283343e-01,-2.2359068377896485e-01,1.0000000000000000e+00,8.6755095728345100e-12,
2.9506932355397947e-02,-9.1369604404506227e-02,1.0000000000000000e+00,5.2716272993149885e-12,
4.6650696221640529e-03,-3.9693366118097165e-02,1.0000000000000000e+00,3.2045708780164886e-12,
2.4495681621287138e-04,-8.6759408640689848e-03,1.0000000000000000e+00,1.9900961764479114e-12,
1.3986411825028804e+00,2.6291440635276460e+00,1.0000000000000004e+00,2.7430313910763009e-11,
2.0592162146683277e+00,1.8387648876178240e+00,1.0000000000000002e+00,2.8678616631390216e-11,
1.8333252804791931e+00,8.5896620970343091e-02,1.0000000000000000e+00,2.3021352376959233e-11,
7.1838104410932913e-01,-2.3774414813266881e-01,1.0000000000000000e+00,1.4533539016210997e-11,
3.4920969008687663e-01,-1.4553233486229936e-01,1.0000000000000000e+00,8.8717743872061679e-12,
1.6445622429505924e-01,-7.5151119633564856e-02,1.0000000000000000e+00,5.3885782377828940e-12,
7.5290013599874472e-02,-3.6221217520123347e-02,1.0000000000000000e+00,3.2744057947740122e-12,
3.4212387706622015e-02,-8.0932875076804231e-03,1.0000000000000000e+00,2.0326770720897392e-12,
4.2630918669939488e-01,8.0932384831067983e-01,1.0000000000000009e+00,2.7657664065864538e-11,
8.7709082275942651e-01,6.4308206024936199e-01,1.0000000000000007e+00,2.8921381592905383e-11,
8.7809178246813735e-01,8.6586862925329522e-02,1.0000000000000002e+00,2.3216209187708585e-11,
6.5770803286759816e-01,-5.6313076489564661e-03,1.0000000000000000e+00,1.4654381750206172e-11,
3.8405326048734967e-01,-4.5049566630384194e-03,1.0000000000000000e+00,8.9441365371855202e-12,
2.0686720851665444e-01,-2.4402124341295489e-03,1.0000000000000000e+00,5.4317312053269513e-12,
1.0193468675696638e-01,-1.2026183450729502e-03,1.0000000000000000e+00,3.3001743072248157e-12,
4.8097423534299244e-02,-2.6998918147154460e-04,1.0000000000000002e+00,2.0484279894232854e-12,

