1
1
9
0
(6 0
((80,232) (95,247) (0,0))
((96,232) (111,247) (0,0))
((80,248) (95,263) (0,0))
((96,248) (111,263) (0,0))
((80,264) (95,279) (0,0))
((96,264) (111,279) (0,0))
)
6
FabOnDisk: Cell_D_00000 0
FabOnDisk: Cell_D_00000 18518
FabOnDisk: Cell_D_00000 37037
FabOnDisk: Cell_D_00000 55555
FabOnDisk: Cell_D_00000 74074
FabOnDisk: Cell_D_00000 92592

6,9
-2.2208261843658489e-01,-7.3393862388733433e-01,0.0000000000000000e+00,-4.6506921116882290e-14,-9.6775991132482386e+02,-3.2405127690709588e+02,0.0000000000000000e+00,-2.5554288512125565e+00,0.0000000000000000e+00,
-5.8242022520385926e-02,-6.8878546256444029e-01,0.0000000000000000e+00,-1.8207399694206899e-14,-3.8399103732228815e+02,-2.5416463791527553e+02,0.0000000000000000e+00,-7.6188469478867027e-01,0.0000000000000000e+00,
0.0000000000000000e+00,-6.4839917268653013e-01,0.0000000000000000e+00,-3.3359770737492731e-14,-7.7297505711359770e+02,-5.2052760308260167e+02,0.0000000000000000e+00,-9.4262583366537894e-02,0.0000000000000000e+00,
-3.0995859463689096e-01,-6.8445586981006790e-01,0.0000000000000000e+00,-3.5469077908805107e-15,-3.6163308456128982e+02,-3.8094272416015144e+02,0.0000000000000000e+00,-5.3646285484022604e-01,0.0000000000000000e+00,
-2.2208261843642241e-01,-2.0099553486856980e-01,0.0000000000000000e+00,-1.8203028336872588e-14,-9.6775991126988401e+02,-4.6548918935328635e+02,0.0000000000000000e+00,-2.5554288508378415e+00,0.0000000000000000e+00,
-5.8242022520388931e-02,-1.1037321081956569e-02,0.0000000000000000e+00,-1.4231007002964670e-14,-3.8399103732227394e+02,-2.3205258262115422e+02,0.0000000000000000e+00,-7.6188469468864684e-01,0.0000000000000000e+00,

6,9
1.3755217964318047e+00,2.0099553486972513e-01,1.0000000000001765e+00,0.0000000000000000e+00,1.0789005643398589e+02,4.6548918936548711e+02,1.0578973074521953e+04,8.2466090379504220e-01,1.0000000000000000e+00,
1.4556658615498725e+00,1.1037321081973486e-02,1.0000000000005136e+00,0.0000000000000000e+00,1.3068066645057377e+02,2.3205258255850299e+02,3.0727684154103335e+03,1.0061215419517633e+00,1.0000000000000000e+00,
5.4873480854516865e-01,6.4839917268653879e-01,9.9999999999999523e-01,1.3013520789969357e-14,1.2235565884455504e+02,5.2052760308366862e+02,2.1824909577934395e+03,8.8519900394324791e-01,1.0000000000000000e+00,
0.0000000000000000e+00,6.8445586981006734e-01,1.0000000000004503e+00,8.2049876129588426e-15,9.9507579297321598e+01,3.8094272416015747e+02,2.7025270523309423e+03,1.3278411987401355e+00,1.0000000000000000e+00,
1.3755217964317918e+00,7.3393862388731312e-01,1.0000000000001272e+00,7.8603267907436310e-15,1.0789005643405785e+02,3.2405127690707951e+02,1.0578973074500758e+04,8.2466090369022471e-01,1.0000000000000000e+00,
1.4556658615498781e+00,6.8878546256444484e-01,1.0000000000007743e+00,3.5870098990279324e-15,1.3068066645057226e+02,2.5416463791527678e+02,3.0727684154103113e+03,1.0061215423554932e+00,1.0000000000000000e+00,

