1
1
4
2
(4 0
((240,224) (255,239) (0,0))
((224,240) (255,255) (0,0))
((0,248) (127,255) (0,0))
((128,248) (223,255) (0,0))
)
4
FabOnDisk: SD_0_New_MF_D_00000 0
FabOnDisk: SD_0_New_MF_D_00000 12888
FabOnDisk: SD_0_New_MF_D_00000 36016
FabOnDisk: SD_0_New_MF_D_00000 86791

4,4
-2.7653104731915190e-01,-6.3006657769919761e-01,9.9929293140325781e-01,0.0000000000000000e+00,
-7.9530413137986145e-02,-6.4342022774428409e-01,9.9644913687503656e-01,0.0000000000000000e+00,
-8.0805041029828439e-02,3.8810184578061829e-05,9.9999999999804390e-01,0.0000000000000000e+00,
3.7481046193436063e-01,-4.2108727217262183e-06,9.9999562537734521e-01,0.0000000000000000e+00,

4,4
4.1959583485172820e-02,-2.7046576296654187e-02,1.0000608869244143e+00,0.0000000000000000e+00,
9.5925270525289985e-01,2.8607640812098410e-02,1.0034095348060144e+00,0.0000000000000000e+00,
9.5216619842895689e-01,2.4046335779566813e-01,1.0000000000042859e+00,0.0000000000000000e+00,
9.5929793251028839e-01,6.3667638376391890e-03,1.0000401461336788e+00,0.0000000000000000e+00,

