1
1
2
1
(4 0
((240,224) (255,239) (0,0))
((224,240) (255,255) (0,0))
((0,248) (127,255) (0,0))
((128,248) (223,255) (0,0))
)
4
FabOnDisk: SD_2_New_MF_D_00000 0
FabOnDisk: SD_2_New_MF_D_00000 5272
FabOnDisk: SD_2_New_MF_D_00000 15152
FabOnDisk: SD_2_New_MF_D_00000 36039

4,2
-6.9188837322758001e-01,-1.4757046209956473e+00,
-6.9024726801881453e-01,-1.2181247386905492e-01,
-9.0702750555446698e-01,-4.0403987808784613e+01,
-5.7472941246077625e-01,-4.5423899743227025e-02,

4,2
2.4161479121883551e+00,2.2822730014091128e+00,
9.3888201181186574e+01,8.0291063941098429e+01,
5.4566352194633780e+01,2.0706752280724189e+01,
3.9895548077754972e-02,7.6343172364376466e-01,

