1
1
8
0
(9 0
((216,72) (239,87) (0,0))
((224,136) (239,143) (0,0))
((200,200) (223,215) (0,0))
((200,216) (207,223) (0,0))
((248,208) (255,239) (0,0))
((8,232) (15,239) (0,0))
((184,240) (255,255) (0,0))
((0,248) (95,255) (0,0))
((96,248) (175,255) (0,0))
)
9
FabOnDisk: Cell_D_00000 0
FabOnDisk: Cell_D_00000 24662
FabOnDisk: Cell_D_00000 32942
FabOnDisk: Cell_D_00000 57606
FabOnDisk: Cell_D_00000 61790
FabOnDisk: Cell_D_00000 78262
FabOnDisk: Cell_D_00000 82443
FabOnDisk: Cell_D_00000 156259
FabOnDisk: Cell_D_00000 205496

9,8
-1.6004934569987947e-01,-3.0084230832448178e-01,9.9999636472814524e-01,0.0000000000000000e+00,-2.7914150198715376e+01,-2.5736817830190617e+01,1.5017334530479176e-01,-7.2471569564193694e-01,
-1.5055894303754677e-01,-4.2249147378373142e-01,9.9988252758440410e-01,0.0000000000000000e+00,-1.6205634905257455e+01,-9.9609618138825283e+01,3.6998187229158574e-01,-6.0131722164478418e-01,
-4.3471777311334742e-01,-1.9157352739595021e-01,9.9976680329829570e-01,0.0000000000000000e+00,-1.3078073800736078e+01,-2.8704487410472275e+01,3.3849533888350436e-03,-5.9493034543699086e-02,
-5.8269258932160957e-02,-1.1011386074740931e-01,9.9970614068246133e-01,0.0000000000000000e+00,-8.6004612918122803e-01,-4.3891260052389498e+00,8.9510873233605182e-02,-4.1400967800803601e-02,
-1.6393520409646620e-01,-6.0858397247442819e-01,9.9999848478048425e-01,0.0000000000000000e+00,-5.0578832682261691e+01,3.1038805753360066e-01,1.0156936352553192e-01,1.4134169368820255e+00,
-7.7363385743896881e-02,6.4332771651921597e-02,9.9985296886059671e-01,0.0000000000000000e+00,-1.5812944746443662e+01,-3.4533959545681853e+01,7.1813609308605031e-02,-1.2515711408458723e+00,
-5.8654700367597672e-02,-5.9901370140959687e-01,9.9961835803464960e-01,0.0000000000000000e+00,-2.0823123044893123e+01,-3.4870506859895443e+01,1.7229187263845125e-01,-1.9690857439409988e+00,
-1.1610731010411933e-01,1.8627030943662277e-04,9.9159703044592218e-01,0.0000000000000000e+00,-6.8555478221128396e+00,-4.3392173188880804e+01,1.4459266263263615e-01,-2.2744073650591061e+00,
3.9615486578036258e-01,-1.9041104219249955e-01,9.9990994536627753e-01,0.0000000000000000e+00,-2.0149438177818297e+01,-2.1619612496925896e+01,2.1545035484835040e-01,-8.8627122991709528e-01,

9,8
1.2663722454325349e-01,4.9814315589030655e-02,1.0000000101513187e+00,0.0000000000000000e+00,1.9094893772989550e+01,2.8921791654376818e+00,2.5502669079443329e+01,3.7176307879750459e-01,
9.4047998851766665e-02,9.3062789547170462e-03,1.0000761953212600e+00,0.0000000000000000e+00,3.0624206153524355e+01,4.4736252724929670e+00,3.4003196868601314e+01,1.6988053007325163e-01,
-1.7103151801829496e-02,1.2411872055329588e-01,1.0039247412663044e+00,0.0000000000000000e+00,1.8114718807934437e+01,1.4323970884161582e+01,4.5213001920549964e+01,3.7141580383294748e-01,
2.6199745822269103e-02,1.1870521537371065e-01,1.0018170191500595e+00,0.0000000000000000e+00,2.1209252044497291e+01,1.5745005326526453e+01,2.3668097885442293e+01,5.6789154370239847e-01,
1.0882541092636758e-01,-2.1367115848371560e-02,1.0000002566992270e+00,0.0000000000000000e+00,1.9708266342530749e+01,5.5792360500303175e+01,4.4720671794132997e+01,3.1127832974980740e+00,
2.6399437465701590e-02,2.8209012330716488e-01,1.0000120930465417e+00,0.0000000000000000e+00,2.3105917058952883e+01,3.1234374858128263e+01,2.1112860165678910e+01,-6.2862982192887262e-01,
9.2326114423028893e-01,1.2777670723426177e-01,1.0003343590873590e+00,0.0000000000000000e+00,1.0598675953939852e+02,8.2781973840311366e+01,1.3837303402781308e+02,3.7201969833009869e+00,
9.5180736468908111e-01,2.4062300537411754e-01,1.0035539398999154e+00,0.0000000000000000e+00,5.9269445777556655e+01,2.3950523964697595e+01,1.4573688565115702e+02,-1.5673218215532542e-01,
9.6219361958333471e-01,4.3723404178126139e-02,1.0000775488070706e+00,0.0000000000000000e+00,5.0132383538765524e+01,6.1413562747839620e+01,4.0932386840142442e+01,7.1547628009484832e-01,

