1
1
2
1
(4 0
((0,0) (31,31) (0,0))
((32,0) (63,31) (0,0))
((0,32) (31,63) (0,0))
((32,32) (63,63) (0,0))
)
4
FabOnDisk: SD_2_Old_MF_D_00000 0
FabOnDisk: SD_2_Old_MF_D_00001 0
FabOnDisk: SD_2_Old_MF_D_00002 0
FabOnDisk: SD_2_Old_MF_D_00003 0

4,2
-1.5149814191575579e-03,-2.2320734500009008e-02,
-1.9404989120827328e-02,-2.2907256849813467e-02,
-4.9695250659948745e-02,-2.4247627967753740e+00,
-6.7817895484562896e-01,-9.3137318298661365e-01,

4,2
1.4226907502733480e-02,7.6612358866644942e-04,
2.9821544828234528e-02,7.6853525055917797e-03,
7.1724554736356039e+00,6.4893289080036642e-01,
2.2297593579686797e+01,1.5113072039673819e+01,

