CheckPointVersion_1.0
2
0.0022781670268918744
2
2
(0 (-0.040000000000000001,-0.040000000000000001)(0.00062500000000000001,0.00062500000000000001) 1)
(RealBox -0.040000000000000001 0.040000000000000001 -0.040000000000000001 0.040000000000000001 )((0,0) (127,127) (0,0))P(0,0) (0 (-0.040000000000000001,-0.040000000000000001)(0.00031250000000000001,0.00031250000000000001) 1)
(RealBox -0.040000000000000001 0.040000000000000001 -0.040000000000000001 0.040000000000000001 )((0,0) (255,255) (0,0))P(0,0) (0 (-0.040000000000000001,-0.040000000000000001)(0.00015625,0.00015625) 1)
(RealBox -0.040000000000000001 0.040000000000000001 -0.040000000000000001 0.040000000000000001 )((0,0) (511,511) (0,0))P(0,0) 
(2,2) (2,2) 
4.4359450711846099e-06 2.2179725355923049e-06 1.1089862677961525e-06 
4.8795395783030716e-06 2.4397697891515358e-06 1.2198848945757679e-06 
1 2 2 
200 400 800 
4 4 8 
0
(0 (-0.040000000000000001,-0.040000000000000001)(0.00062500000000000001,0.00062500000000000001) 1)
(RealBox -0.040000000000000001 0.040000000000000001 -0.040000000000000001 0.040000000000000001 )((0,0) (127,127) (0,0))P(0,0)
(64 0
((0,0) (15,15) (0,0))
((16,0) (31,15) (0,0))
((32,0) (47,15) (0,0))
((48,0) (63,15) (0,0))
((64,0) (79,15) (0,0))
((80,0) (95,15) (0,0))
((96,0) (111,15) (0,0))
((112,0) (127,15) (0,0))
((0,16) (15,31) (0,0))
((16,16) (31,31) (0,0))
((32,16) (47,31) (0,0))
((48,16) (63,31) (0,0))
((64,16) (79,31) (0,0))
((80,16) (95,31) (0,0))
((96,16) (111,31) (0,0))
((112,16) (127,31) (0,0))
((0,32) (15,47) (0,0))
((16,32) (31,47) (0,0))
((32,32) (47,47) (0,0))
((48,32) (63,47) (0,0))
((64,32) (79,47) (0,0))
((80,32) (95,47) (0,0))
((96,32) (111,47) (0,0))
((112,32) (127,47) (0,0))
((0,48) (15,63) (0,0))
((16,48) (31,63) (0,0))
((32,48) (47,63) (0,0))
((48,48) (63,63) (0,0))
((64,48) (79,63) (0,0))
((80,48) (95,63) (0,0))
((96,48) (111,63) (0,0))
((112,48) (127,63) (0,0))
((0,64) (15,79) (0,0))
((16,64) (31,79) (0,0))
((32,64) (47,79) (0,0))
((48,64) (63,79) (0,0))
((64,64) (79,79) (0,0))
((80,64) (95,79) (0,0))
((96,64) (111,79) (0,0))
((112,64) (127,79) (0,0))
((0,80) (15,95) (0,0))
((16,80) (31,95) (0,0))
((32,80) (47,95) (0,0))
((48,80) (63,95) (0,0))
((64,80) (79,95) (0,0))
((80,80) (95,95) (0,0))
((96,80) (111,95) (0,0))
((112,80) (127,95) (0,0))
((0,96) (15,111) (0,0))
((16,96) (31,111) (0,0))
((32,96) (47,111) (0,0))
((48,96) (63,111) (0,0))
((64,96) (79,111) (0,0))
((80,96) (95,111) (0,0))
((96,96) (111,111) (0,0))
((112,96) (127,111) (0,0))
((0,112) (15,127) (0,0))
((16,112) (31,127) (0,0))
((32,112) (47,127) (0,0))
((48,112) (63,127) (0,0))
((64,112) (79,127) (0,0))
((80,112) (95,127) (0,0))
((96,112) (111,127) (0,0))
((112,112) (127,127) (0,0))
)3
((0,0) (127,127) (0,0))
(64 0
((0,0) (15,15) (0,0))
((16,0) (31,15) (0,0))
((32,0) (47,15) (0,0))
((48,0) (63,15) (0,0))
((64,0) (79,15) (0,0))
((80,0) (95,15) (0,0))
((96,0) (111,15) (0,0))
((112,0) (127,15) (0,0))
((0,16) (15,31) (0,0))
((16,16) (31,31) (0,0))
((32,16) (47,31) (0,0))
((48,16) (63,31) (0,0))
((64,16) (79,31) (0,0))
((80,16) (95,31) (0,0))
((96,16) (111,31) (0,0))
((112,16) (127,31) (0,0))
((0,32) (15,47) (0,0))
((16,32) (31,47) (0,0))
((32,32) (47,47) (0,0))
((48,32) (63,47) (0,0))
((64,32) (79,47) (0,0))
((80,32) (95,47) (0,0))
((96,32) (111,47) (0,0))
((112,32) (127,47) (0,0))
((0,48) (15,63) (0,0))
((16,48) (31,63) (0,0))
((32,48) (47,63) (0,0))
((48,48) (63,63) (0,0))
((64,48) (79,63) (0,0))
((80,48) (95,63) (0,0))
((96,48) (111,63) (0,0))
((112,48) (127,63) (0,0))
((0,64) (15,79) (0,0))
((16,64) (31,79) (0,0))
((32,64) (47,79) (0,0))
((48,64) (63,79) (0,0))
((64,64) (79,79) (0,0))
((80,64) (95,79) (0,0))
((96,64) (111,79) (0,0))
((112,64) (127,79) (0,0))
((0,80) (15,95) (0,0))
((16,80) (31,95) (0,0))
((32,80) (47,95) (0,0))
((48,80) (63,95) (0,0))
((64,80) (79,95) (0,0))
((80,80) (95,95) (0,0))
((96,80) (111,95) (0,0))
((112,80) (127,95) (0,0))
((0,96) (15,111) (0,0))
((16,96) (31,111) (0,0))
((32,96) (47,111) (0,0))
((48,96) (63,111) (0,0))
((64,96) (79,111) (0,0))
((80,96) (95,111) (0,0))
((96,96) (111,111) (0,0))
((112,96) (127,111) (0,0))
((0,112) (15,127) (0,0))
((16,112) (31,127) (0,0))
((32,112) (47,127) (0,0))
((48,112) (63,127) (0,0))
((64,112) (79,127) (0,0))
((80,112) (95,127) (0,0))
((96,112) (111,127) (0,0))
((112,112) (127,127) (0,0))
)0.0022737310818206897
0.0022737310818206897
0.0022781670268918744
0.0022781670268918744
2
Level_0/SD_0_New_MF
Level_0/SD_0_Old_MF
((0,0) (128,128) (1,1))
(64 0
((0,0) (16,16) (1,1))
((16,0) (32,16) (1,1))
((32,0) (48,16) (1,1))
((48,0) (64,16) (1,1))
((64,0) (80,16) (1,1))
((80,0) (96,16) (1,1))
((96,0) (112,16) (1,1))
((112,0) (128,16) (1,1))
((0,16) (16,32) (1,1))
((16,16) (32,32) (1,1))
((32,16) (48,32) (1,1))
((48,16) (64,32) (1,1))
((64,16) (80,32) (1,1))
((80,16) (96,32) (1,1))
((96,16) (112,32) (1,1))
((112,16) (128,32) (1,1))
((0,32) (16,48) (1,1))
((16,32) (32,48) (1,1))
((32,32) (48,48) (1,1))
((48,32) (64,48) (1,1))
((64,32) (80,48) (1,1))
((80,32) (96,48) (1,1))
((96,32) (112,48) (1,1))
((112,32) (128,48) (1,1))
((0,48) (16,64) (1,1))
((16,48) (32,64) (1,1))
((32,48) (48,64) (1,1))
((48,48) (64,64) (1,1))
((64,48) (80,64) (1,1))
((80,48) (96,64) (1,1))
((96,48) (112,64) (1,1))
((112,48) (128,64) (1,1))
((0,64) (16,80) (1,1))
((16,64) (32,80) (1,1))
((32,64) (48,80) (1,1))
((48,64) (64,80) (1,1))
((64,64) (80,80) (1,1))
((80,64) (96,80) (1,1))
((96,64) (112,80) (1,1))
((112,64) (128,80) (1,1))
((0,80) (16,96) (1,1))
((16,80) (32,96) (1,1))
((32,80) (48,96) (1,1))
((48,80) (64,96) (1,1))
((64,80) (80,96) (1,1))
((80,80) (96,96) (1,1))
((96,80) (112,96) (1,1))
((112,80) (128,96) (1,1))
((0,96) (16,112) (1,1))
((16,96) (32,112) (1,1))
((32,96) (48,112) (1,1))
((48,96) (64,112) (1,1))
((64,96) (80,112) (1,1))
((80,96) (96,112) (1,1))
((96,96) (112,112) (1,1))
((112,96) (128,112) (1,1))
((0,112) (16,128) (1,1))
((16,112) (32,128) (1,1))
((32,112) (48,128) (1,1))
((48,112) (64,128) (1,1))
((64,112) (80,128) (1,1))
((80,112) (96,128) (1,1))
((96,112) (112,128) (1,1))
((112,112) (128,128) (1,1))
)0.0022692467573262828
0.0022737310818206897
0.0022737310818206897
0.0022781670268918744
2
Level_0/SD_1_New_MF
Level_0/SD_1_Old_MF
((0,0) (127,127) (0,0))
(64 0
((0,0) (15,15) (0,0))
((16,0) (31,15) (0,0))
((32,0) (47,15) (0,0))
((48,0) (63,15) (0,0))
((64,0) (79,15) (0,0))
((80,0) (95,15) (0,0))
((96,0) (111,15) (0,0))
((112,0) (127,15) (0,0))
((0,16) (15,31) (0,0))
((16,16) (31,31) (0,0))
((32,16) (47,31) (0,0))
((48,16) (63,31) (0,0))
((64,16) (79,31) (0,0))
((80,16) (95,31) (0,0))
((96,16) (111,31) (0,0))
((112,16) (127,31) (0,0))
((0,32) (15,47) (0,0))
((16,32) (31,47) (0,0))
((32,32) (47,47) (0,0))
((48,32) (63,47) (0,0))
((64,32) (79,47) (0,0))
((80,32) (95,47) (0,0))
((96,32) (111,47) (0,0))
((112,32) (127,47) (0,0))
((0,48) (15,63) (0,0))
((16,48) (31,63) (0,0))
((32,48) (47,63) (0,0))
((48,48) (63,63) (0,0))
((64,48) (79,63) (0,0))
((80,48) (95,63) (0,0))
((96,48) (111,63) (0,0))
((112,48) (127,63) (0,0))
((0,64) (15,79) (0,0))
((16,64) (31,79) (0,0))
((32,64) (47,79) (0,0))
((48,64) (63,79) (0,0))
((64,64) (79,79) (0,0))
((80,64) (95,79) (0,0))
((96,64) (111,79) (0,0))
((112,64) (127,79) (0,0))
((0,80) (15,95) (0,0))
((16,80) (31,95) (0,0))
((32,80) (47,95) (0,0))
((48,80) (63,95) (0,0))
((64,80) (79,95) (0,0))
((80,80) (95,95) (0,0))
((96,80) (111,95) (0,0))
((112,80) (127,95) (0,0))
((0,96) (15,111) (0,0))
((16,96) (31,111) (0,0))
((32,96) (47,111) (0,0))
((48,96) (63,111) (0,0))
((64,96) (79,111) (0,0))
((80,96) (95,111) (0,0))
((96,96) (111,111) (0,0))
((112,96) (127,111) (0,0))
((0,112) (15,127) (0,0))
((16,112) (31,127) (0,0))
((32,112) (47,127) (0,0))
((48,112) (63,127) (0,0))
((64,112) (79,127) (0,0))
((80,112) (95,127) (0,0))
((96,112) (111,127) (0,0))
((112,112) (127,127) (0,0))
)0.0022692467573262828
0.0022737310818206897
0.0022737310818206897
0.0022781670268918744
2
Level_0/SD_2_New_MF
Level_0/SD_2_Old_MF
1
(0 (-0.040000000000000001,-0.040000000000000001)(0.00031250000000000001,0.00031250000000000001) 1)
(RealBox -0.040000000000000001 0.040000000000000001 -0.040000000000000001 0.040000000000000001 )((0,0) (255,255) (0,0))P(0,0)
(64 0
((0,64) (15,79) (0,0))
((16,64) (31,79) (0,0))
((32,64) (47,79) (0,0))
((48,64) (63,79) (0,0))
((64,64) (79,79) (0,0))
((80,64) (95,79) (0,0))
((96,64) (111,79) (0,0))
((112,64) (127,79) (0,0))
((0,80) (15,95) (0,0))
((16,80) (31,95) (0,0))
((32,80) (47,95) (0,0))
((48,80) (63,95) (0,0))
((64,80) (79,95) (0,0))
((80,80) (95,95) (0,0))
((96,80) (111,95) (0,0))
((112,80) (127,95) (0,0))
((0,96) (15,111) (0,0))
((16,96) (31,111) (0,0))
((32,96) (47,111) (0,0))
((48,96) (63,111) (0,0))
((64,96) (79,111) (0,0))
((80,96) (95,111) (0,0))
((96,96) (111,111) (0,0))
((112,96) (127,111) (0,0))
((0,112) (15,127) (0,0))
((16,112) (31,127) (0,0))
((32,112) (47,127) (0,0))
((48,112) (63,127) (0,0))
((64,112) (79,127) (0,0))
((80,112) (95,127) (0,0))
((96,112) (111,127) (0,0))
((112,112) (127,127) (0,0))
((0,128) (15,143) (0,0))
((16,128) (31,143) (0,0))
((32,128) (47,143) (0,0))
((48,128) (63,143) (0,0))
((64,128) (79,143) (0,0))
((80,128) (95,143) (0,0))
((96,128) (111,143) (0,0))
((112,128) (127,143) (0,0))
((0,144) (15,159) (0,0))
((16,144) (31,159) (0,0))
((32,144) (47,159) (0,0))
((48,144) (63,159) (0,0))
((64,144) (79,159) (0,0))
((80,144) (95,159) (0,0))
((96,144) (111,159) (0,0))
((112,144) (127,159) (0,0))
((0,160) (15,175) (0,0))
((16,160) (31,175) (0,0))
((32,160) (47,175) (0,0))
((48,160) (63,175) (0,0))
((64,160) (79,175) (0,0))
((80,160) (95,175) (0,0))
((96,160) (111,175) (0,0))
((112,160) (127,175) (0,0))
((0,176) (15,191) (0,0))
((16,176) (31,191) (0,0))
((32,176) (47,191) (0,0))
((48,176) (63,191) (0,0))
((64,176) (79,191) (0,0))
((80,176) (95,191) (0,0))
((96,176) (111,191) (0,0))
((112,176) (127,191) (0,0))
)3
((0,0) (255,255) (0,0))
(64 0
((0,64) (15,79) (0,0))
((16,64) (31,79) (0,0))
((32,64) (47,79) (0,0))
((48,64) (63,79) (0,0))
((64,64) (79,79) (0,0))
((80,64) (95,79) (0,0))
((96,64) (111,79) (0,0))
((112,64) (127,79) (0,0))
((0,80) (15,95) (0,0))
((16,80) (31,95) (0,0))
((32,80) (47,95) (0,0))
((48,80) (63,95) (0,0))
((64,80) (79,95) (0,0))
((80,80) (95,95) (0,0))
((96,80) (111,95) (0,0))
((112,80) (127,95) (0,0))
((0,96) (15,111) (0,0))
((16,96) (31,111) (0,0))
((32,96) (47,111) (0,0))
((48,96) (63,111) (0,0))
((64,96) (79,111) (0,0))
((80,96) (95,111) (0,0))
((96,96) (111,111) (0,0))
((112,96) (127,111) (0,0))
((0,112) (15,127) (0,0))
((16,112) (31,127) (0,0))
((32,112) (47,127) (0,0))
((48,112) (63,127) (0,0))
((64,112) (79,127) (0,0))
((80,112) (95,127) (0,0))
((96,112) (111,127) (0,0))
((112,112) (127,127) (0,0))
((0,128) (15,143) (0,0))
((16,128) (31,143) (0,0))
((32,128) (47,143) (0,0))
((48,128) (63,143) (0,0))
((64,128) (79,143) (0,0))
((80,128) (95,143) (0,0))
((96,128) (111,143) (0,0))
((112,128) (127,143) (0,0))
((0,144) (15,159) (0,0))
((16,144) (31,159) (0,0))
((32,144) (47,159) (0,0))
((48,144) (63,159) (0,0))
((64,144) (79,159) (0,0))
((80,144) (95,159) (0,0))
((96,144) (111,159) (0,0))
((112,144) (127,159) (0,0))
((0,160) (15,175) (0,0))
((16,160) (31,175) (0,0))
((32,160) (47,175) (0,0))
((48,160) (63,175) (0,0))
((64,160) (79,175) (0,0))
((80,160) (95,175) (0,0))
((96,160) (111,175) (0,0))
((112,160) (127,175) (0,0))
((0,176) (15,191) (0,0))
((16,176) (31,191) (0,0))
((32,176) (47,191) (0,0))
((48,176) (63,191) (0,0))
((64,176) (79,191) (0,0))
((80,176) (95,191) (0,0))
((96,176) (111,191) (0,0))
((112,176) (127,191) (0,0))
)0.0022759490543562818
0.0022759490543562818
0.0022781670268918744
0.0022781670268918744
2
Level_1/SD_0_New_MF
Level_1/SD_0_Old_MF
((0,0) (256,256) (1,1))
(64 0
((0,64) (16,80) (1,1))
((16,64) (32,80) (1,1))
((32,64) (48,80) (1,1))
((48,64) (64,80) (1,1))
((64,64) (80,80) (1,1))
((80,64) (96,80) (1,1))
((96,64) (112,80) (1,1))
((112,64) (128,80) (1,1))
((0,80) (16,96) (1,1))
((16,80) (32,96) (1,1))
((32,80) (48,96) (1,1))
((48,80) (64,96) (1,1))
((64,80) (80,96) (1,1))
((80,80) (96,96) (1,1))
((96,80) (112,96) (1,1))
((112,80) (128,96) (1,1))
((0,96) (16,112) (1,1))
((16,96) (32,112) (1,1))
((32,96) (48,112) (1,1))
((48,96) (64,112) (1,1))
((64,96) (80,112) (1,1))
((80,96) (96,112) (1,1))
((96,96) (112,112) (1,1))
((112,96) (128,112) (1,1))
((0,112) (16,128) (1,1))
((16,112) (32,128) (1,1))
((32,112) (48,128) (1,1))
((48,112) (64,128) (1,1))
((64,112) (80,128) (1,1))
((80,112) (96,128) (1,1))
((96,112) (112,128) (1,1))
((112,112) (128,128) (1,1))
((0,128) (16,144) (1,1))
((16,128) (32,144) (1,1))
((32,128) (48,144) (1,1))
((48,128) (64,144) (1,1))
((64,128) (80,144) (1,1))
((80,128) (96,144) (1,1))
((96,128) (112,144) (1,1))
((112,128) (128,144) (1,1))
((0,144) (16,160) (1,1))
((16,144) (32,160) (1,1))
((32,144) (48,160) (1,1))
((48,144) (64,160) (1,1))
((64,144) (80,160) (1,1))
((80,144) (96,160) (1,1))
((96,144) (112,160) (1,1))
((112,144) (128,160) (1,1))
((0,160) (16,176) (1,1))
((16,160) (32,176) (1,1))
((32,160) (48,176) (1,1))
((48,160) (64,176) (1,1))
((64,160) (80,176) (1,1))
((80,160) (96,176) (1,1))
((96,160) (112,176) (1,1))
((112,160) (128,176) (1,1))
((0,176) (16,192) (1,1))
((16,176) (32,192) (1,1))
((32,176) (48,192) (1,1))
((48,176) (64,192) (1,1))
((64,176) (80,192) (1,1))
((80,176) (96,192) (1,1))
((96,176) (112,192) (1,1))
((112,176) (128,192) (1,1))
)0.0022737310818206897
0.0022759490543562818
0.0022759490543562818
0.0022781670268918744
2
Level_1/SD_1_New_MF
Level_1/SD_1_Old_MF
((0,0) (255,255) (0,0))
(64 0
((0,64) (15,79) (0,0))
((16,64) (31,79) (0,0))
((32,64) (47,79) (0,0))
((48,64) (63,79) (0,0))
((64,64) (79,79) (0,0))
((80,64) (95,79) (0,0))
((96,64) (111,79) (0,0))
((112,64) (127,79) (0,0))
((0,80) (15,95) (0,0))
((16,80) (31,95) (0,0))
((32,80) (47,95) (0,0))
((48,80) (63,95) (0,0))
((64,80) (79,95) (0,0))
((80,80) (95,95) (0,0))
((96,80) (111,95) (0,0))
((112,80) (127,95) (0,0))
((0,96) (15,111) (0,0))
((16,96) (31,111) (0,0))
((32,96) (47,111) (0,0))
((48,96) (63,111) (0,0))
((64,96) (79,111) (0,0))
((80,96) (95,111) (0,0))
((96,96) (111,111) (0,0))
((112,96) (127,111) (0,0))
((0,112) (15,127) (0,0))
((16,112) (31,127) (0,0))
((32,112) (47,127) (0,0))
((48,112) (63,127) (0,0))
((64,112) (79,127) (0,0))
((80,112) (95,127) (0,0))
((96,112) (111,127) (0,0))
((112,112) (127,127) (0,0))
((0,128) (15,143) (0,0))
((16,128) (31,143) (0,0))
((32,128) (47,143) (0,0))
((48,128) (63,143) (0,0))
((64,128) (79,143) (0,0))
((80,128) (95,143) (0,0))
((96,128) (111,143) (0,0))
((112,128) (127,143) (0,0))
((0,144) (15,159) (0,0))
((16,144) (31,159) (0,0))
((32,144) (47,159) (0,0))
((48,144) (63,159) (0,0))
((64,144) (79,159) (0,0))
((80,144) (95,159) (0,0))
((96,144) (111,159) (0,0))
((112,144) (127,159) (0,0))
((0,160) (15,175) (0,0))
((16,160) (31,175) (0,0))
((32,160) (47,175) (0,0))
((48,160) (63,175) (0,0))
((64,160) (79,175) (0,0))
((80,160) (95,175) (0,0))
((96,160) (111,175) (0,0))
((112,160) (127,175) (0,0))
((0,176) (15,191) (0,0))
((16,176) (31,191) (0,0))
((32,176) (47,191) (0,0))
((48,176) (63,191) (0,0))
((64,176) (79,191) (0,0))
((80,176) (95,191) (0,0))
((96,176) (111,191) (0,0))
((112,176) (127,191) (0,0))
)0.0022737310818206897
0.0022759490543562818
0.0022759490543562818
0.0022781670268918744
2
Level_1/SD_2_New_MF
Level_1/SD_2_Old_MF
2
(0 (-0.040000000000000001,-0.040000000000000001)(0.00015625,0.00015625) 1)
(RealBox -0.040000000000000001 0.040000000000000001 -0.040000000000000001 0.040000000000000001 )((0,0) (511,511) (0,0))P(0,0)
(113 0
((0,152) (15,167) (0,0))
((0,168) (15,175) (0,0))
((24,152) (39,167) (0,0))
((224,152) (239,167) (0,0))
((72,160) (87,167) (0,0))
((184,160) (191,167) (0,0))
((40,168) (55,183) (0,0))
((40,184) (55,191) (0,0))
((56,168) (71,183) (0,0))
((120,168) (127,175) (0,0))
((208,168) (215,175) (0,0))
((136,176) (151,191) (0,0))
((152,176) (167,191) (0,0))
((200,176) (215,191) (0,0))
((168,184) (175,199) (0,0))
((0,192) (15,207) (0,0))
((48,192) (55,199) (0,0))
((96,168) (111,183) (0,0))
((96,184) (111,199) (0,0))
((128,192) (135,207) (0,0))
((160,192) (167,207) (0,0))
((192,192) (207,207) (0,0))
((208,192) (215,207) (0,0))
((224,192) (239,207) (0,0))
((240,192) (247,207) (0,0))
((224,208) (239,223) (0,0))
((240,208) (247,223) (0,0))
((224,224) (239,231) (0,0))
((240,224) (247,231) (0,0))
((32,200) (39,215) (0,0))
((136,200) (143,215) (0,0))
((136,216) (143,231) (0,0))
((112,208) (127,223) (0,0))
((112,224) (127,231) (0,0))
((176,208) (183,223) (0,0))
((184,208) (199,223) (0,0))
((200,208) (215,223) (0,0))
((184,224) (199,231) (0,0))
((200,224) (215,231) (0,0))
((56,216) (71,231) (0,0))
((40,224) (47,231) (0,0))
((160,224) (167,239) (0,0))
((8,232) (15,239) (0,0))
((24,232) (31,239) (0,0))
((80,232) (95,247) (0,0))
((96,232) (111,247) (0,0))
((112,232) (119,247) (0,0))
((80,248) (95,263) (0,0))
((96,248) (111,263) (0,0))
((112,248) (119,263) (0,0))
((184,232) (191,247) (0,0))
((184,248) (191,263) (0,0))
((232,232) (247,239) (0,0))
((24,240) (39,255) (0,0))
((24,256) (39,263) (0,0))
((216,240) (231,247) (0,0))
((8,248) (23,263) (0,0))
((208,248) (223,263) (0,0))
((224,248) (239,263) (0,0))
((16,264) (23,279) (0,0))
((64,264) (79,279) (0,0))
((80,264) (95,279) (0,0))
((96,264) (111,279) (0,0))
((128,264) (135,271) (0,0))
((184,264) (199,271) (0,0))
((192,272) (207,287) (0,0))
((216,272) (231,287) (0,0))
((0,280) (7,295) (0,0))
((96,280) (111,295) (0,0))
((136,280) (151,295) (0,0))
((152,280) (167,295) (0,0))
((136,296) (151,311) (0,0))
((152,296) (167,311) (0,0))
((168,280) (175,287) (0,0))
((16,288) (31,303) (0,0))
((16,304) (31,311) (0,0))
((168,288) (183,303) (0,0))
((192,288) (207,295) (0,0))
((80,296) (95,311) (0,0))
((96,296) (103,311) (0,0))
((80,312) (95,319) (0,0))
((96,312) (103,319) (0,0))
((192,296) (199,303) (0,0))
((200,296) (215,311) (0,0))
((216,296) (223,311) (0,0))
((56,304) (63,319) (0,0))
((56,320) (63,335) (0,0))
((56,336) (63,351) (0,0))
((56,352) (63,359) (0,0))
((184,304) (191,311) (0,0))
((16,312) (31,327) (0,0))
((32,312) (47,327) (0,0))
((48,312) (55,327) (0,0))
((120,312) (135,327) (0,0))
((120,328) (135,335) (0,0))
((184,312) (199,327) (0,0))
((200,312) (207,327) (0,0))
((208,312) (215,319) (0,0))
((136,320) (143,327) (0,0))
((160,320) (167,327) (0,0))
((0,328) (7,335) (0,0))
((8,328) (23,343) (0,0))
((32,328) (47,343) (0,0))
((88,328) (95,343) (0,0))
((136,328) (151,343) (0,0))
((152,328) (167,343) (0,0))
((184,328) (199,343) (0,0))
((208,328) (223,343) (0,0))
((224,328) (231,343) (0,0))
((8,344) (15,351) (0,0))
((16,344) (31,359) (0,0))
((32,344) (39,359) (0,0))
((48,344) (55,359) (0,0))
)3
((0,0) (511,511) (0,0))
(113 0
((0,152) (15,167) (0,0))
((0,168) (15,175) (0,0))
((24,152) (39,167) (0,0))
((224,152) (239,167) (0,0))
((72,160) (87,167) (0,0))
((184,160) (191,167) (0,0))
((40,168) (55,183) (0,0))
((40,184) (55,191) (0,0))
((56,168) (71,183) (0,0))
((120,168) (127,175) (0,0))
((208,168) (215,175) (0,0))
((136,176) (151,191) (0,0))
((152,176) (167,191) (0,0))
((200,176) (215,191) (0,0))
((168,184) (175,199) (0,0))
((0,192) (15,207) (0,0))
((48,192) (55,199) (0,0))
((96,168) (111,183) (0,0))
((96,184) (111,199) (0,0))
((128,192) (135,207) (0,0))
((160,192) (167,207) (0,0))
((192,192) (207,207) (0,0))
((208,192) (215,207) (0,0))
((224,192) (239,207) (0,0))
((240,192) (247,207) (0,0))
((224,208) (239,223) (0,0))
((240,208) (247,223) (0,0))
((224,224) (239,231) (0,0))
((240,224) (247,231) (0,0))
((32,200) (39,215) (0,0))
((136,200) (143,215) (0,0))
((136,216) (143,231) (0,0))
((112,208) (127,223) (0,0))
((112,224) (127,231) (0,0))
((176,208) (183,223) (0,0))
((184,208) (199,223) (0,0))
((200,208) (215,223) (0,0))
((184,224) (199,231) (0,0))
((200,224) (215,231) (0,0))
((56,216) (71,231) (0,0))
((40,224) (47,231) (0,0))
((160,224) (167,239) (0,0))
((8,232) (15,239) (0,0))
((24,232) (31,239) (0,0))
((80,232) (95,247) (0,0))
((96,232) (111,247) (0,0))
((112,232) (119,247) (0,0))
((80,248) (95,263) (0,0))
((96,248) (111,263) (0,0))
((112,248) (119,263) (0,0))
((184,232) (191,247) (0,0))
((184,248) (191,263) (0,0))
((232,232) (247,239) (0,0))
((24,240) (39,255) (0,0))
((24,256) (39,263) (0,0))
((216,240) (231,247) (0,0))
((8,248) (23,263) (0,0))
((208,248) (223,263) (0,0))
((224,248) (239,263) (0,0))
((16,264) (23,279) (0,0))
((64,264) (79,279) (0,0))
((80,264) (95,279) (0,0))
((96,264) (111,279) (0,0))
((128,264) (135,271) (0,0))
((184,264) (199,271) (0,0))
((192,272) (207,287) (0,0))
((216,272) (231,287) (0,0))
((0,280) (7,295) (0,0))
((96,280) (111,295) (0,0))
((136,280) (151,295) (0,0))
((152,280) (167,295) (0,0))
((136,296) (151,311) (0,0))
((152,296) (167,311) (0,0))
((168,280) (175,287) (0,0))
((16,288) (31,303) (0,0))
((16,304) (31,311) (0,0))
((168,288) (183,303) (0,0))
((192,288) (207,295) (0,0))
((80,296) (95,311) (0,0))
((96,296) (103,311) (0,0))
((80,312) (95,319) (0,0))
((96,312) (103,319) (0,0))
((192,296) (199,303) (0,0))
((200,296) (215,311) (0,0))
((216,296) (223,311) (0,0))
((56,304) (63,319) (0,0))
((56,320) (63,335) (0,0))
((56,336) (63,351) (0,0))
((56,352) (63,359) (0,0))
((184,304) (191,311) (0,0))
((16,312) (31,327) (0,0))
((32,312) (47,327) (0,0))
((48,312) (55,327) (0,0))
((120,312) (135,327) (0,0))
((120,328) (135,335) (0,0))
((184,312) (199,327) (0,0))
((200,312) (207,327) (0,0))
((208,312) (215,319) (0,0))
((136,320) (143,327) (0,0))
((160,320) (167,327) (0,0))
((0,328) (7,335) (0,0))
((8,328) (23,343) (0,0))
((32,328) (47,343) (0,0))
((88,328) (95,343) (0,0))
((136,328) (151,343) (0,0))
((152,328) (167,343) (0,0))
((184,328) (199,343) (0,0))
((208,328) (223,343) (0,0))
((224,328) (231,343) (0,0))
((8,344) (15,351) (0,0))
((16,344) (31,359) (0,0))
((32,344) (39,359) (0,0))
((48,344) (55,359) (0,0))
)0.0022770580406240785
0.0022770580406240785
0.0022781670268918744
0.0022781670268918744
2
Level_2/SD_0_New_MF
Level_2/SD_0_Old_MF
((0,0) (512,512) (1,1))
(113 0
((0,152) (16,168) (1,1))
((0,168) (16,176) (1,1))
((24,152) (40,168) (1,1))
((224,152) (240,168) (1,1))
((72,160) (88,168) (1,1))
((184,160) (192,168) (1,1))
((40,168) (56,184) (1,1))
((40,184) (56,192) (1,1))
((56,168) (72,184) (1,1))
((120,168) (128,176) (1,1))
((208,168) (216,176) (1,1))
((136,176) (152,192) (1,1))
((152,176) (168,192) (1,1))
((200,176) (216,192) (1,1))
((168,184) (176,200) (1,1))
((0,192) (16,208) (1,1))
((48,192) (56,200) (1,1))
((96,168) (112,184) (1,1))
((96,184) (112,200) (1,1))
((128,192) (136,208) (1,1))
((160,192) (168,208) (1,1))
((192,192) (208,208) (1,1))
((208,192) (216,208) (1,1))
((224,192) (240,208) (1,1))
((240,192) (248,208) (1,1))
((224,208) (240,224) (1,1))
((240,208) (248,224) (1,1))
((224,224) (240,232) (1,1))
((240,224) (248,232) (1,1))
((32,200) (40,216) (1,1))
((136,200) (144,216) (1,1))
((136,216) (144,232) (1,1))
((112,208) (128,224) (1,1))
((112,224) (128,232) (1,1))
((176,208) (184,224) (1,1))
((184,208) (200,224) (1,1))
((200,208) (216,224) (1,1))
((184,224) (200,232) (1,1))
((200,224) (216,232) (1,1))
((56,216) (72,232) (1,1))
((40,224) (48,232) (1,1))
((160,224) (168,240) (1,1))
((8,232) (16,240) (1,1))
((24,232) (32,240) (1,1))
((80,232) (96,248) (1,1))
((96,232) (112,248) (1,1))
((112,232) (120,248) (1,1))
((80,248) (96,264) (1,1))
((96,248) (112,264) (1,1))
((112,248) (120,264) (1,1))
((184,232) (192,248) (1,1))
((184,248) (192,264) (1,1))
((232,232) (248,240) (1,1))
((24,240) (40,256) (1,1))
((24,256) (40,264) (1,1))
((216,240) (232,248) (1,1))
((8,248) (24,264) (1,1))
((208,248) (224,264) (1,1))
((224,248) (240,264) (1,1))
((16,264) (24,280) (1,1))
((64,264) (80,280) (1,1))
((80,264) (96,280) (1,1))
((96,264) (112,280) (1,1))
((128,264) (136,272) (1,1))
((184,264) (200,272) (1,1))
((192,272) (208,288) (1,1))
((216,272) (232,288) (1,1))
((0,280) (8,296) (1,1))
((96,280) (112,296) (1,1))
((136,280) (152,296) (1,1))
((152,280) (168,296) (1,1))
((136,296) (152,312) (1,1))
((152,296) (168,312) (1,1))
((168,280) (176,288) (1,1))
((16,288) (32,304) (1,1))
((16,304) (32,312) (1,1))
((168,288) (184,304) (1,1))
((192,288) (208,296) (1,1))
((80,296) (96,312) (1,1))
((96,296) (104,312) (1,1))
((80,312) (96,320) (1,1))
((96,312) (104,320) (1,1))
((192,296) (200,304) (1,1))
((200,296) (216,312) (1,1))
((216,296) (224,312) (1,1))
((56,304) (64,320) (1,1))
((56,320) (64,336) (1,1))
((56,336) (64,352) (1,1))
((56,352) (64,360) (1,1))
((184,304) (192,312) (1,1))
((16,312) (32,328) (1,1))
((32,312) (48,328) (1,1))
((48,312) (56,328) (1,1))
((120,312) (136,328) (1,1))
((120,328) (136,336) (1,1))
((184,312) (200,328) (1,1))
((200,312) (208,328) (1,1))
((208,312) (216,320) (1,1))
((136,320) (144,328) (1,1))
((160,320) (168,328) (1,1))
((0,328) (8,336) (1,1))
((8,328) (24,344) (1,1))
((32,328) (48,344) (1,1))
((88,328) (96,344) (1,1))
((136,328) (152,344) (1,1))
((152,328) (168,344) (1,1))
((184,328) (200,344) (1,1))
((208,328) (224,344) (1,1))
((224,328) (232,344) (1,1))
((8,344) (16,352) (1,1))
((16,344) (32,360) (1,1))
((32,344) (40,360) (1,1))
((48,344) (56,360) (1,1))
)0.0022759490543562823
0.0022770580406240785
0.0022770580406240785
0.0022781670268918744
2
Level_2/SD_1_New_MF
Level_2/SD_1_Old_MF
((0,0) (511,511) (0,0))
(113 0
((0,152) (15,167) (0,0))
((0,168) (15,175) (0,0))
((24,152) (39,167) (0,0))
((224,152) (239,167) (0,0))
((72,160) (87,167) (0,0))
((184,160) (191,167) (0,0))
((40,168) (55,183) (0,0))
((40,184) (55,191) (0,0))
((56,168) (71,183) (0,0))
((120,168) (127,175) (0,0))
((208,168) (215,175) (0,0))
((136,176) (151,191) (0,0))
((152,176) (167,191) (0,0))
((200,176) (215,191) (0,0))
((168,184) (175,199) (0,0))
((0,192) (15,207) (0,0))
((48,192) (55,199) (0,0))
((96,168) (111,183) (0,0))
((96,184) (111,199) (0,0))
((128,192) (135,207) (0,0))
((160,192) (167,207) (0,0))
((192,192) (207,207) (0,0))
((208,192) (215,207) (0,0))
((224,192) (239,207) (0,0))
((240,192) (247,207) (0,0))
((224,208) (239,223) (0,0))
((240,208) (247,223) (0,0))
((224,224) (239,231) (0,0))
((240,224) (247,231) (0,0))
((32,200) (39,215) (0,0))
((136,200) (143,215) (0,0))
((136,216) (143,231) (0,0))
((112,208) (127,223) (0,0))
((112,224) (127,231) (0,0))
((176,208) (183,223) (0,0))
((184,208) (199,223) (0,0))
((200,208) (215,223) (0,0))
((184,224) (199,231) (0,0))
((200,224) (215,231) (0,0))
((56,216) (71,231) (0,0))
((40,224) (47,231) (0,0))
((160,224) (167,239) (0,0))
((8,232) (15,239) (0,0))
((24,232) (31,239) (0,0))
((80,232) (95,247) (0,0))
((96,232) (111,247) (0,0))
((112,232) (119,247) (0,0))
((80,248) (95,263) (0,0))
((96,248) (111,263) (0,0))
((112,248) (119,263) (0,0))
((184,232) (191,247) (0,0))
((184,248) (191,263) (0,0))
((232,232) (247,239) (0,0))
((24,240) (39,255) (0,0))
((24,256) (39,263) (0,0))
((216,240) (231,247) (0,0))
((8,248) (23,263) (0,0))
((208,248) (223,263) (0,0))
((224,248) (239,263) (0,0))
((16,264) (23,279) (0,0))
((64,264) (79,279) (0,0))
((80,264) (95,279) (0,0))
((96,264) (111,279) (0,0))
((128,264) (135,271) (0,0))
((184,264) (199,271) (0,0))
((192,272) (207,287) (0,0))
((216,272) (231,287) (0,0))
((0,280) (7,295) (0,0))
((96,280) (111,295) (0,0))
((136,280) (151,295) (0,0))
((152,280) (167,295) (0,0))
((136,296) (151,311) (0,0))
((152,296) (167,311) (0,0))
((168,280) (175,287) (0,0))
((16,288) (31,303) (0,0))
((16,304) (31,311) (0,0))
((168,288) (183,303) (0,0))
((192,288) (207,295) (0,0))
((80,296) (95,311) (0,0))
((96,296) (103,311) (0,0))
((80,312) (95,319) (0,0))
((96,312) (103,319) (0,0))
((192,296) (199,303) (0,0))
((200,296) (215,311) (0,0))
((216,296) (223,311) (0,0))
((56,304) (63,319) (0,0))
((56,320) (63,335) (0,0))
((56,336) (63,351) (0,0))
((56,352) (63,359) (0,0))
((184,304) (191,311) (0,0))
((16,312) (31,327) (0,0))
((32,312) (47,327) (0,0))
((48,312) (55,327) (0,0))
((120,312) (135,327) (0,0))
((120,328) (135,335) (0,0))
((184,312) (199,327) (0,0))
((200,312) (207,327) (0,0))
((208,312) (215,319) (0,0))
((136,320) (143,327) (0,0))
((160,320) (167,327) (0,0))
((0,328) (7,335) (0,0))
((8,328) (23,343) (0,0))
((32,328) (47,343) (0,0))
((88,328) (95,343) (0,0))
((136,328) (151,343) (0,0))
((152,328) (167,343) (0,0))
((184,328) (199,343) (0,0))
((208,328) (223,343) (0,0))
((224,328) (231,343) (0,0))
((8,344) (15,351) (0,0))
((16,344) (31,359) (0,0))
((32,344) (39,359) (0,0))
((48,344) (55,359) (0,0))
)0.0022759490543562823
0.0022770580406240785
0.0022770580406240785
0.0022781670268918744
2
Level_2/SD_2_New_MF
Level_2/SD_2_Old_MF
