1
1
9
0
(64 0
((0,0) (15,15) (0,0))
((16,0) (31,15) (0,0))
((32,0) (47,15) (0,0))
((48,0) (63,15) (0,0))
((64,0) (79,15) (0,0))
((80,0) (95,15) (0,0))
((96,0) (111,15) (0,0))
((112,0) (127,15) (0,0))
((0,16) (15,31) (0,0))
((16,16) (31,31) (0,0))
((32,16) (47,31) (0,0))
((48,16) (63,31) (0,0))
((64,16) (79,31) (0,0))
((80,16) (95,31) (0,0))
((96,16) (111,31) (0,0))
((112,16) (127,31) (0,0))
((0,32) (15,47) (0,0))
((16,32) (31,47) (0,0))
((32,32) (47,47) (0,0))
((48,32) (63,47) (0,0))
((64,32) (79,47) (0,0))
((80,32) (95,47) (0,0))
((96,32) (111,47) (0,0))
((112,32) (127,47) (0,0))
((0,48) (15,63) (0,0))
((16,48) (31,63) (0,0))
((32,48) (47,63) (0,0))
((48,48) (63,63) (0,0))
((64,48) (79,63) (0,0))
((80,48) (95,63) (0,0))
((96,48) (111,63) (0,0))
((112,48) (127,63) (0,0))
((0,64) (15,79) (0,0))
((16,64) (31,79) (0,0))
((32,64) (47,79) (0,0))
((48,64) (63,79) (0,0))
((64,64) (79,79) (0,0))
((80,64) (95,79) (0,0))
((96,64) (111,79) (0,0))
((112,64) (127,79) (0,0))
((0,80) (15,95) (0,0))
((16,80) (31,95) (0,0))
((32,80) (47,95) (0,0))
((48,80) (63,95) (0,0))
((64,80) (79,95) (0,0))
((80,80) (95,95) (0,0))
((96,80) (111,95) (0,0))
((112,80) (127,95) (0,0))
((0,96) (15,111) (0,0))
((16,96) (31,111) (0,0))
((32,96) (47,111) (0,0))
((48,96) (63,111) (0,0))
((64,96) (79,111) (0,0))
((80,96) (95,111) (0,0))
((96,96) (111,111) (0,0))
((112,96) (127,111) (0,0))
((0,112) (15,127) (0,0))
((16,112) (31,127) (0,0))
((32,112) (47,127) (0,0))
((48,112) (63,127) (0,0))
((64,112) (79,127) (0,0))
((80,112) (95,127) (0,0))
((96,112) (111,127) (0,0))
((112,112) (127,127) (0,0))
)
64
FabOnDisk: Cell_D_00000 0
FabOnDisk: Cell_D_00000 18514
FabOnDisk: Cell_D_00000 37029
FabOnDisk: Cell_D_00000 55544
FabOnDisk: Cell_D_00000 74059
FabOnDisk: Cell_D_00000 92574
FabOnDisk: Cell_D_00000 111089
FabOnDisk: Cell_D_00000 129605
FabOnDisk: Cell_D_00000 148122
FabOnDisk: Cell_D_00000 166637
FabOnDisk: Cell_D_00000 185153
FabOnDisk: Cell_D_00000 203669
FabOnDisk: Cell_D_00000 222185
FabOnDisk: Cell_D_00000 240701
FabOnDisk: Cell_D_00000 259217
FabOnDisk: Cell_D_00000 277734
FabOnDisk: Cell_D_00000 296252
FabOnDisk: Cell_D_00000 314767
FabOnDisk: Cell_D_00000 333283
FabOnDisk: Cell_D_00000 351799
FabOnDisk: Cell_D_00000 370315
FabOnDisk: Cell_D_00000 388831
FabOnDisk: Cell_D_00000 407347
FabOnDisk: Cell_D_00000 425864
FabOnDisk: Cell_D_00000 444382
FabOnDisk: Cell_D_00000 462897
FabOnDisk: Cell_D_00000 481413
FabOnDisk: Cell_D_00000 499929
FabOnDisk: Cell_D_00000 518445
FabOnDisk: Cell_D_00000 536961
FabOnDisk: Cell_D_00000 555477
FabOnDisk: Cell_D_00000 573994
FabOnDisk: Cell_D_00000 592512
FabOnDisk: Cell_D_00000 611027
FabOnDisk: Cell_D_00000 629543
FabOnDisk: Cell_D_00000 648059
FabOnDisk: Cell_D_00000 666575
FabOnDisk: Cell_D_00000 685091
FabOnDisk: Cell_D_00000 703607
FabOnDisk: Cell_D_00000 722124
FabOnDisk: Cell_D_00000 740642
FabOnDisk: Cell_D_00000 759157
FabOnDisk: Cell_D_00000 777673
FabOnDisk: Cell_D_00000 796189
FabOnDisk: Cell_D_00000 814705
FabOnDisk: Cell_D_00000 833221
FabOnDisk: Cell_D_00000 851737
FabOnDisk: Cell_D_00000 870254
FabOnDisk: Cell_D_00000 888772
FabOnDisk: Cell_D_00000 907288
FabOnDisk: Cell_D_00000 925805
FabOnDisk: Cell_D_00000 944322
FabOnDisk: Cell_D_00000 962839
FabOnDisk: Cell_D_00000 981356
FabOnDisk: Cell_D_00000 999873
FabOnDisk: Cell_D_00000 1018391
FabOnDisk: Cell_D_00000 1036910
FabOnDisk: Cell_D_00000 1055427
FabOnDisk: Cell_D_00000 1073945
FabOnDisk: Cell_D_00000 1092463
FabOnDisk: Cell_D_00000 1110981
FabOnDisk: Cell_D_00000 1129499
FabOnDisk: Cell_D_00000 1148017
FabOnDisk: Cell_D_00000 1166536

64,9
1.0000034962275455e+00,-5.7890929959316540e-03,9.9999999999998013e-01,8.1448224458748965e-15,-4.8058451140455211e-01,5.4953578516856762e-03,1.8138153419803779e-04,7.1855353628511387e-03,1.0000000000000000e+00,
1.0033714174834767e+00,-4.6971668373712323e-03,9.9999999999998823e-01,3.4402380413837022e-13,-5.1519776564492115e-01,-1.6625200856033528e-01,5.9780264130603403e-05,3.2352667178947615e-03,1.0000000000000000e+00,
1.0054087504584910e+00,-4.5706877638281539e-04,9.9999999999998934e-01,6.8045453736440507e-13,-3.8409095181617581e-01,-1.9517347044494643e-01,7.4583980925980661e-07,7.6597008872733715e-04,1.0000000000000000e+00,
1.0032767861974399e+00,5.2011447125657294e-05,9.9999999999999145e-01,9.8802001717456937e-13,-1.5478506784353693e-01,-1.4875877619149583e-01,4.4224367802808001e-07,1.4731449408718019e-04,1.0000000000000000e+00,
1.0015851615249629e+00,3.9631623730615754e-05,9.9999999999999412e-01,1.2582133387521990e-12,-5.2812151488547399e-02,-5.4396422867623237e-02,7.6322594761779952e-06,3.4758988617726171e-05,1.0000000000000000e+00,
1.0007467191527506e+00,2.1083152413544098e-05,9.9999999999999434e-01,1.4803031633325081e-12,-1.4793625267790527e-02,-1.4802334026789611e-02,4.7978318984832208e-08,1.1694336082316760e-05,1.0000000000000000e+00,
1.0003693500534747e+00,9.4931038982018727e-06,9.9999999999999356e-01,1.6453944990717621e-12,-3.9503341866531016e-03,-3.7216484280960930e-03,1.0556178065782712e-06,4.7402090199043870e-06,1.0000000000000000e+00,
1.0002286301741548e+00,2.3324537573480920e-06,9.9999999999996958e-01,1.7466424900251578e-12,-4.9998490024530610e-03,-9.3284891330072293e-04,3.9513729284417929e-07,1.1152168693854532e-06,1.0000000000000000e+00,
1.0000065071564905e+00,-1.7710552624936159e-02,9.9999999999994249e-01,7.9381954846211727e-15,-1.5771810672891446e+00,1.9681454399952461e-01,2.2249986510673725e-03,8.1601038237095989e-03,1.0000000000000000e+00,
1.0051156069862257e+00,-1.3634662416594308e-02,9.9999999999999367e-01,3.4809668210618041e-13,-1.6023942423619866e+00,-9.2845908359337903e-01,2.3794146483029424e-04,-1.2142343816010405e-03,1.0000000000000000e+00,
1.0060401512070682e+00,-4.3260907557393375e-04,9.9999999999999467e-01,6.8359290143055795e-13,-4.6094395512743214e-01,-9.1776555352168532e-01,2.5848306293985157e-06,-2.2916930393084836e-03,1.0000000000000000e+00,
1.0017169009871154e+00,2.0982719607768809e-03,9.9999999999999523e-01,9.9017786582446282e-13,-1.0534322222551494e-01,-2.8664527065883139e-01,5.2875512628058896e-06,-1.6079583839612127e-03,1.0000000000000000e+00,
1.0004014950239455e+00,1.2809473518438424e-03,9.9999999999999645e-01,1.2596006999449703e-12,-1.6975352595745879e-02,-6.3458583796682469e-02,5.9823642706291480e-07,-4.4718388297609142e-04,1.0000000000000000e+00,
1.0000982086281891e+00,6.5019019071741488e-04,9.9999999999999689e-01,1.4811505304765463e-12,-2.6717200163373905e-03,-1.5541400945777504e-02,1.3044544784623913e-08,-9.8726394568424052e-05,1.0000000000000000e+00,
1.0000277892354075e+00,2.8644151130034870e-04,9.9999999999999623e-01,1.6459030699806497e-12,-7.2096647757954912e-04,-3.8321218955668646e-03,2.2930952668816229e-05,-2.0557623392148554e-05,1.0000000000000000e+00,
1.0000114590488141e+00,6.9875683540088711e-05,9.9999999999999378e-01,1.7469613412883117e-12,-3.3899314359531764e-03,-9.7028725874474711e-04,9.9612883696850729e-08,-3.9528859316101057e-06,1.0000000000000000e+00,
1.0000224011921299e+00,-4.8237710359823910e-02,9.9999999999993916e-01,7.6061021332552565e-15,-8.2394155370002871e+00,4.7902618456200763e-01,6.3493988551877045e-04,1.1406547264712633e-02,1.0000000000000000e+00,
1.0131635310642004e+00,-4.6156262778144108e-02,9.9999999999999345e-01,3.4517895488432663e-13,-9.5602095860786847e+00,-8.8372185766177740e+00,1.2534351625514972e-04,-3.0762486704525156e-02,1.0000000000000000e+00,
9.9830923109735770e-01,2.7206627832877593e-03,9.9999999999999623e-01,6.8500509755151249e-13,-4.1818192004348681e-01,-4.4289763728665434e+00,7.9172325491774775e-05,-2.4448083275267402e-02,1.0000000000000000e+00,
9.9658655963305598e-01,4.5888181703715820e-03,9.9999999999999822e-01,9.9188666569554857e-13,5.7388211940303774e-02,-2.8610691830346602e-01,1.4374518161192062e-05,-3.0151975978611077e-03,1.0000000000000000e+00,
9.9718570195945999e-01,1.9851958907800564e-03,9.9999999999999867e-01,1.2607440559034217e-12,6.6409038232293754e-03,-3.5979370996193222e-02,9.7794882112506309e-06,-5.3030271631661504e-04,1.0000000000000000e+00,
9.9857039144956916e-01,7.9628278593414463e-04,9.9999999999999889e-01,1.4818066095537458e-12,1.3450708480363090e-03,-4.9221375562149040e-03,7.8567592208186876e-05,-1.0713858101363896e-04,1.0000000000000000e+00,
9.9932211505945567e-01,3.1651542544384477e-04,9.9999999999999889e-01,1.6462962861513929e-12,4.3957484497550507e-04,-1.1992734262458310e-03,4.5212214148417085e-05,-2.2793113195512585e-05,1.0000000000000000e+00,
9.9966200285183049e-01,7.4702340290797538e-05,9.9999999999999845e-01,1.7472296600206663e-12,-2.7528456281526563e-04,-4.5771032893087235e-04,1.6383300543250032e-06,-5.3085128137295104e-06,1.0000000000000000e+00,
8.3539104345679627e-01,-1.2348228761748989e-01,9.9999999999994849e-01,7.1247471503625551e-15,-1.5706655749490203e+01,4.7893184434603275e-01,8.1867814420363838e-04,2.3168539706197547e-02,1.0000000000000000e+00,
-1.9682602195153145e-01,-6.8239890180045593e-01,0.0000000000000000e+00,0.0000000000000000e+00,-7.1350660774364167e+02,-4.9418504479682935e+02,0.0000000000000000e+00,-7.3804384129755052e-01,0.0000000000000000e+00,
7.1619408159083719e-01,1.3351392000842887e-03,9.9999999999999800e-01,6.8996251640257609e-13,-3.4912445852930972e+01,-4.9851335170533151e+00,5.6332482387122518e-05,-4.2982397189607960e-02,1.0000000000000000e+00,
9.7625122874216086e-01,2.4253498725404550e-04,9.9999999999999967e-01,9.9538734759616482e-13,-1.1075442867660328e+00,8.6800843276117062e-03,2.2902503240751146e-04,-2.1986748120135973e-03,1.0000000000000000e+00,
9.9337766336847400e-01,7.4925681718506534e-05,9.9999999999999956e-01,1.2623394253124761e-12,-1.1340544819526224e-01,1.1298175145644596e-03,2.7683692736747874e-05,-1.7932597785831823e-04,1.0000000000000000e+00,
9.9751125907238825e-01,2.8289414890679436e-05,9.9999999999999989e-01,1.4825919436948547e-12,-1.6473361976919357e-02,1.7723613631752595e-04,5.8457677463465141e-06,-3.0217808669979137e-05,1.0000000000000000e+00,
9.9893965001988327e-01,1.0971774871354718e-05,1.0000000000000000e+00,1.6467441933987480e-12,-2.4229973892373607e-03,2.5269751488615170e-05,1.8131281890874690e-06,-1.0075887440378015e-05,1.0000000000000000e+00,
9.9949451798741140e-01,2.5696293762221824e-06,9.9999999999999956e-01,1.7475495261607132e-12,-7.8368747600371120e-04,-1.3361159442439816e-04,2.3142477630831671e-07,-4.2494534161999016e-06,1.0000000000000000e+00,
8.3539104345679538e-01,1.4813303622036292e-04,9.9999999999992761e-01,7.1099528887171321e-15,-1.5706655749480111e+01,-4.7154075739630628e+01,8.1867814564415275e-04,2.3168539706188207e-02,1.0000000000000000e+00,
-1.9682602195157531e-01,-5.7844594848942787e-01,0.0000000000000000e+00,0.0000000000000000e+00,-7.1350660774365804e+02,-5.6716938999707895e+02,0.0000000000000000e+00,-7.3804384129753453e-01,0.0000000000000000e+00,
7.1619408159084486e-01,-1.9555698458733442e-01,9.9999999999985656e-01,6.9009879543686570e-13,-3.4912445852931661e+01,-4.9926060109744157e+01,5.6332483941434752e-05,-4.2982397189605177e-02,1.0000000000000000e+00,
9.7625122874216197e-01,-1.7163613286914015e-02,9.9999999999999378e-01,9.9558609908913841e-13,-1.1075442867649063e+00,-9.9484156292086134e-01,2.2902503106362118e-04,-2.1986748120075414e-03,1.0000000000000000e+00,
9.9337766336847544e-01,-5.0061744543235861e-03,9.9999999999999634e-01,1.2625893127808545e-12,-1.1340544819380782e-01,-1.0843555828594389e-01,2.7683692446019061e-05,-1.7932597785673204e-04,1.0000000000000000e+00,
9.9751125907238936e-01,-1.8016688093778043e-03,9.9999999999999722e-01,1.4828842420075205e-12,-1.6473361976588233e-02,-1.6947578609888311e-02,5.8457685043583315e-06,-3.0217808667429676e-05,1.0000000000000000e+00,
9.9893965001988394e-01,-7.2054676655083059e-04,9.9999999999999933e-01,1.6470416422632389e-12,-2.4229973899740384e-03,-2.7878019091160866e-03,1.8131270982215189e-06,-1.0075887442106193e-05,1.0000000000000000e+00,
9.9949451798741173e-01,-2.8367399362770612e-04,1.0000000000000000e+00,1.7477941360686097e-12,-7.8368747510077603e-04,-3.5816927418678556e-04,2.3142644603319482e-07,-4.2494534177225907e-06,1.0000000000000000e+00,
1.0000224011921297e+00,5.5136681571862553e-04,9.9999999999995426e-01,7.3016974025033286e-15,-8.2394155369957129e+00,-5.5998962216039097e+00,6.3493988761709197e-04,1.1406547264699843e-02,1.0000000000000000e+00,
1.0131635310642007e+00,-2.9124442926713949e-02,9.9999999999998268e-01,3.4476081450422273e-13,-9.5602095860823191e+00,-1.6979013917571559e+00,1.2534351397919252e-04,-3.0762486704524528e-02,1.0000000000000000e+00,
9.9830923109735492e-01,-3.3651149585328742e-02,9.9999999999999090e-01,6.8526736762218474e-13,-4.1818192004039989e-01,-4.1072423642837397e-01,7.9172326230073087e-05,-2.4448083275266048e-02,1.0000000000000000e+00,
9.9658655963305409e-01,-1.6313376105002296e-02,9.9999999999999778e-01,9.9225586944699629e-13,5.7388211936456893e-02,-3.8858591142555016e-01,1.4374519476112457e-05,-3.0151975978544741e-03,1.0000000000000000e+00,
9.9718570195945844e-01,-5.3095430907283804e-03,9.9999999999999778e-01,1.2612151109811229e-12,6.6409038234026291e-03,-9.0435244161710185e-02,9.7794863113814801e-06,-5.3030271631296019e-04,1.0000000000000000e+00,
9.9857039144956816e-01,-2.1779075323230335e-03,9.9999999999999822e-01,1.4823625736247902e-12,1.3450708462094440e-03,-1.5989564834028566e-02,7.8567593907868938e-05,-1.0713858101092334e-04,1.0000000000000000e+00,
9.9932211505945501e-01,-9.5179233140310843e-04,9.9999999999999889e-01,1.6469111050981263e-12,4.3957484445878890e-04,-2.6736286557971847e-03,4.5212214046198504e-05,-2.2793113196113778e-05,1.0000000000000000e+00,
9.9966200285182993e-01,-3.9201615367233183e-04,1.0000000000000000e+00,1.7478832332169792e-12,-2.7528455742307264e-04,-3.1589581714803355e-04,1.6383277886243552e-06,-5.3085128140982391e-06,1.0000000000000000e+00,
1.0000065071564905e+00,1.4612629000531528e-04,9.9999999999996958e-01,7.2777736907767756e-15,-1.5771810672922002e+00,-1.6709401825709755e+00,2.2249986484125517e-03,8.1601038236956865e-03,1.0000000000000000e+00,
1.0051156069862255e+00,-1.4050890373568153e-03,9.9999999999998757e-01,3.4718867241915529e-13,-1.6023942423611859e+00,-3.1482297570579187e-01,2.3794146255633197e-04,-1.2142343816016162e-03,1.0000000000000000e+00,
1.0060401512070660e+00,-7.0234433926664669e-03,9.9999999999998956e-01,6.8393367522838575e-13,-4.6094395512593550e-01,1.6712684289975879e-01,2.5848279395362939e-06,-2.2916930393009384e-03,1.0000000000000000e+00,
1.0017169009871130e+00,-6.9079402572079186e-03,9.9999999999999223e-01,9.9066166233487214e-13,-1.0534322222218866e-01,4.6979991638480351e-02,5.2875494784693222e-06,-1.6079583839567987e-03,1.0000000000000000e+00,
1.0004014950239444e+00,-4.2590344239870973e-03,9.9999999999999567e-01,1.2602218017012596e-12,-1.6975352595421433e-02,7.0852955595095855e-03,5.9823665500557954e-07,-4.4718388297083878e-04,1.0000000000000000e+00,
1.0000982086281884e+00,-2.0667662674434414e-03,9.9999999999999800e-01,1.4818780790248699e-12,-2.6717200158250577e-03,1.6361390636894999e-03,1.3047215044470484e-08,-9.8726394565305006e-05,1.0000000000000000e+00,
1.0000277892354084e+00,-9.3913288423367290e-04,9.9999999999999878e-01,1.6467160125232344e-12,-7.2096647489604715e-04,5.5758127574731563e-04,2.2930953706527812e-05,-2.0557623391873604e-05,1.0000000000000000e+00,
1.0000114590488165e+00,-3.9028755952905971e-04,1.0000000000000000e+00,1.7478232189164739e-12,-3.3899314341269671e-03,9.1486682233800091e-05,9.9615226505957166e-08,-3.9528859320261929e-06,1.0000000000000000e+00,
1.0000034962275457e+00,3.4957982008702157e-06,9.9999999999986289e-01,7.2198866125852310e-15,-4.8058451140120767e-01,-4.4265169176956637e-01,1.8138152206633590e-04,7.1855353628451288e-03,1.0000000000000000e+00,
1.0033714174834993e+00,3.0316345322676259e-05,9.9999999999990230e-01,3.4609166031980888e-13,-5.1519776564302655e-01,-1.5539788019587414e-01,5.9780254248143969e-05,3.2352667178915124e-03,1.0000000000000000e+00,
1.0054087504584952e+00,-1.9366069410173537e-03,9.9999999999996536e-01,6.8301252932216590e-13,-3.8409095181780795e-01,3.8504582222327610e-03,7.4584206726261912e-07,7.6597008873333105e-04,1.0000000000000000e+00,
1.0032767861974408e+00,-2.1580710101748173e-03,9.9999999999998901e-01,9.8986586882316019e-13,-1.5478506785470098e-01,2.1387999548934497e-03,4.4224608941297386e-07,1.4731449409241000e-04,1.0000000000000000e+00,
1.0015851615249640e+00,-1.9155251061608164e-03,9.9999999999999567e-01,1.2596788839858249e-12,-5.2812151490944440e-02,6.6995862338075220e-04,7.6322595109808850e-06,3.4758988620141035e-05,1.0000000000000000e+00,
1.0007467191527497e+00,-1.1622405575395249e-03,9.9999999999999911e-01,1.4815690231477636e-12,-1.4793625265447856e-02,1.7778675817895791e-04,4.7977596765239050e-08,1.1694336084246992e-05,1.0000000000000000e+00,
1.0003693500534767e+00,-5.8809790810906818e-04,9.9999999999999800e-01,1.6465582645247487e-12,-3.9503341895258982e-03,4.4358410287892756e-05,1.0556191261769984e-06,4.7402090202791559e-06,1.0000000000000000e+00,
1.0002286301741565e+00,-2.5646051081808636e-04,9.9999999999999634e-01,1.7477507558599386e-12,-4.9998490019019948e-03,3.1536066929012819e-06,3.9513729139541414e-07,1.1152168687651568e-06,1.0000000000000000e+00,

64,9
1.0045073730541227e+00,-3.4957982006995678e-06,1.0000000000000415e+00,3.3192576947687452e-13,-1.1594779732957078e-02,4.4265169177015512e-01,2.7858904143115835e+00,1.0709989713295223e-02,1.0000000000000000e+00,
1.0077600809662670e+00,-3.0316345323019815e-05,1.0000000000000537e+00,6.6659280419029684e-13,-3.0570766473064698e-01,1.5539788019540363e-01,1.7348715700812780e-03,7.7370365122826365e-03,1.0000000000000000e+00,
1.0077589043475836e+00,1.9366069410150495e-03,1.0000000000000473e+00,9.7355959090195668e-13,-1.2357873037230002e-01,-3.8504582232933926e-03,1.4485757323054373e-03,3.7015769517315172e-03,1.0000000000000000e+00,
1.0057932824242519e+00,2.1580710101732773e-03,1.0000000000000246e+00,1.2449031038185095e-12,-2.3650298283256696e-02,-2.1387999539550021e-03,2.3519652978695044e-03,1.3873275697380103e-03,1.0000000000000000e+00,
1.0034077968492734e+00,1.9155251061601486e-03,1.0000000000000298e+00,1.4693708514427451e-12,-4.3561573580363500e-03,-6.6995862355697300e-04,2.9518066323504927e-04,4.1603745753626594e-04,1.0000000000000000e+00,
1.0018443162715542e+00,1.1622405575400429e-03,1.0000000000000422e+00,1.6377014897997508e-12,-1.1222105229991314e-03,-1.7778675970794589e-04,2.6604825023842705e-04,1.1425443530410691e-04,1.0000000000000000e+00,
1.0009275862017142e+00,5.8809790810887541e-04,1.0000000000000633e+00,1.7427738619511520e-12,-4.1614523244954348e-04,-4.4358408422686565e-05,1.8067360223683268e-04,3.2175385172257868e-05,1.0000000000000000e+00,
1.0004777451261702e+00,2.5646051081809444e-04,1.0000000000001104e+00,1.7798377237553072e-12,2.9855145370253635e-04,-3.1536076689016869e-06,3.1899507113123358e-03,9.7548955974179468e-06,1.0000000000000000e+00,
1.0114152646285657e+00,-1.4612629000463029e-04,1.0000000000000231e+00,3.2589295386878024e-13,-2.1371126516329855e-02,1.6709401825687575e+00,8.1101167434885948e+00,2.0051667930938089e-02,1.0000000000000000e+00,
1.0168801838946748e+00,1.4050890373556899e-03,1.0000000000000020e+00,6.6470206523875822e-13,-4.0369575110222983e-01,3.1482297570640183e-01,1.2301860029929890e-02,1.0122672658607466e-02,1.0000000000000000e+00,
1.0153824405912921e+00,7.0234433926654712e-03,9.9999999999999944e-01,9.7355538623731213e-13,1.6457684937271225e-01,-1.6712684289925764e-01,1.3568894634796019e-02,2.8794612531345982e-03,1.0000000000000000e+00,
1.0062998832059709e+00,6.9079402572071215e-03,9.9999999999999900e-01,1.2451480781554920e-12,1.5923949467272608e-01,-4.6979991640208919e-02,5.7961743037647506e-03,5.9581249240410949e-04,1.0000000000000000e+00,
1.0030940524596033e+00,4.2590344239873184e-03,9.9999999999999922e-01,1.4695147506926165e-12,6.4771872307432601e-02,-7.0852955599151994e-03,4.1601464957873036e-04,9.8596663923241853e-05,1.0000000000000000e+00,
1.0014664555166084e+00,2.0667662674428936e-03,9.9999999999999944e-01,1.6377848075728343e-12,1.5287246923633329e-02,-1.6361390647663180e-03,1.1920524016079126e-04,2.2801217065503322e-05,1.0000000000000000e+00,
1.0006846269924501e+00,9.3913288423470029e-04,9.9999999999999944e-01,1.7428652008714724e-12,3.2601503706096791e-03,-5.5758127743443320e-04,8.3376844127024813e-05,8.6705357347994285e-06,1.0000000000000000e+00,
1.0003393690692779e+00,3.9028755952925481e-04,1.0000000000000024e+00,1.7799837294216338e-12,7.1096539930873043e-04,-9.1486682684227099e-05,4.7856686146737614e-03,3.8978982389896853e-06,1.0000000000000000e+00,
1.0299478491883456e+00,-5.5136681571824563e-04,1.0000000000000282e+00,3.2547093629242365e-13,-7.2442699521655524e-02,5.5998962216002210e+00,1.6224049984258407e+01,5.2828226567322542e-02,1.0000000000000000e+00,
1.0627352041941707e+00,2.9124442926712426e-02,1.0000000000000067e+00,6.6895729917721617e-13,3.2377742742997411e+00,1.6979013917588748e+00,2.1928568542666504e-01,1.5872094036211582e-02,1.0000000000000000e+00,
1.0373592885256839e+00,3.3651149585329755e-02,1.0000000000000060e+00,9.7709574901309408e-13,3.7864355742721783e+00,4.1072423642832651e-01,1.9424043444145611e-01,-1.9085061153343919e-03,1.0000000000000000e+00,
1.0060610156850398e+00,1.6313376105002605e-02,1.0000000000000042e+00,1.2468144144433501e-12,6.3577063117823895e-01,3.8858591142551058e-01,7.9973770732738592e-03,-2.7121653628100248e-04,1.0000000000000000e+00,
1.0013871394073448e+00,5.3095430907284368e-03,1.0000000000000000e+00,1.4703339028881648e-12,8.8276387888873931e-02,9.0435244162189843e-02,2.2154706344555686e-03,-4.4296415812666197e-05,1.0000000000000000e+00,
1.0002666650913075e+00,2.1779075323230591e-03,1.0000000000000000e+00,1.6382552830577889e-12,1.6809520281665331e-02,1.5989564834436212e-02,4.4651784525655963e-04,-1.2577337611648322e-05,1.0000000000000000e+00,
1.0000420414192468e+00,9.5179233140342729e-04,1.0000000000000000e+00,1.7431867372629050e-12,3.4701686235719112e-03,2.6736286579345119e-03,1.2636684602589793e-04,-4.7198264319376680e-06,1.0000000000000000e+00,
1.0000018177997649e+00,3.9201615367315143e-04,1.0000000000000047e+00,1.7802692614292561e-12,3.4025029134987696e-03,3.1589581729768489e-04,4.7971710345248286e-03,-6.4360562392323786e-08,1.0000000000000000e+00,
1.0309468736810785e+00,-1.4813303622147864e-04,1.0000000000002143e+00,3.2193272702502092e-13,5.5747703834958855e+01,4.7154075739633925e+01,1.6293993527735026e+01,2.4362164308529008e-01,1.0000000000000000e+00,
1.5897541155540096e+00,5.7844594848944209e-01,1.0000000000001519e+00,7.1005954349497719e-13,4.8238275192628885e+02,5.6716938999702427e+02,2.2345039671297063e+03,4.8632196128417926e-01,1.0000000000000000e+00,
1.0424651510288259e+00,1.9555698458734405e-01,1.0000000000001297e+00,9.8061363783025759e-13,2.8032039355482329e+01,4.9926060109745904e+01,5.7136559464111755e+01,9.7269673072705315e-02,1.0000000000000000e+00,
9.9671418028370873e-01,1.7163613286914951e-02,1.0000000000000073e+00,1.2478708526543621e-12,5.9911981364321354e-01,9.9484156292123505e-01,3.9776195640284229e-02,4.7427101250779218e-03,1.0000000000000000e+00,
9.9838687004449722e-01,5.0061744543238810e-03,1.0000000000000031e+00,1.4708274391402620e-12,3.9347165538752289e-02,1.0843555828534331e-01,2.6230620603015509e-03,5.7902754459378378e-04,1.0000000000000000e+00,
9.9924637949114614e-01,1.8016688093780815e-03,1.0000000000000000e+00,1.6385702771360194e-12,4.1260154956404768e-03,1.6947578610607208e-02,4.5292369304020252e-04,8.2204381057011385e-05,1.0000000000000000e+00,
9.9962916145847158e-01,7.2054676655221674e-04,1.0000000000000000e+00,1.7434432193914391e-12,9.2526287271147095e-04,2.7878019080644083e-03,1.2151358426077188e-04,8.1020451564001523e-06,1.0000000000000000e+00,
9.9977100597523094e-01,2.8367399362784213e-04,1.0000000000000047e+00,1.7805087751295874e-12,4.8385212846022482e-03,3.5816927388975547e-04,3.4241458958189012e-03,-1.1140594189447062e-06,1.0000000000000000e+00,
1.0309468736810750e+00,1.2348228761749006e-01,1.0000000000002940e+00,3.2140860311289818e-13,5.5747703834959417e+01,-4.7893184434519859e-01,1.6293993527733448e+01,2.4362164308528994e-01,1.0000000000000000e+00,
1.5897541155540176e+00,6.8239890180043539e-01,1.0000000000005387e+00,7.2482704486736921e-13,4.8238275192623064e+02,4.9418504479681224e+02,2.2345039671297650e+03,4.8632196128418403e-01,1.0000000000000000e+00,
1.0424651510288194e+00,-1.3351392000827374e-03,1.0000000000000766e+00,9.8061781647081779e-13,2.8032039355482183e+01,4.9851335170542308e+00,5.7136559464102390e+01,9.7269673072705773e-02,1.0000000000000000e+00,
9.9671418028370729e-01,-2.4253498725284171e-04,1.0000000000000027e+00,1.2478771676791940e-12,5.9911981364297684e-01,-8.6800843290204318e-03,3.9776195640359169e-02,4.7427101250781204e-03,1.0000000000000000e+00,
9.9838687004449556e-01,-7.4925681717307705e-05,1.0000000000000002e+00,1.4708505609347890e-12,3.9347165539361836e-02,-1.1298175145933427e-03,2.6230620610086242e-03,5.7902754459429476e-04,1.0000000000000000e+00,
9.9924637949114525e-01,-2.8289414889803675e-05,1.0000000000000002e+00,1.6386251976115801e-12,4.1260154954421997e-03,-1.7723613629740858e-04,4.5292369426179480e-04,8.2204381057184804e-05,1.0000000000000000e+00,
9.9962916145847236e-01,-1.0971774870596665e-05,1.0000000000000000e+00,1.7435528461064035e-12,9.2526287271663837e-04,-2.5269752179184191e-05,1.2151358454648084e-04,8.1020451562874987e-06,1.0000000000000000e+00,
9.9977100597523105e-01,-2.5696293762495878e-06,1.0000000000000047e+00,1.7806384793043295e-12,4.8385212842560286e-03,1.3361159464208075e-04,3.4241458957137228e-03,-1.1140594191908208e-06,1.0000000000000000e+00,
1.0299478491883398e+00,4.8237710359822356e-02,1.0000000000002696e+00,3.2438518660273819e-13,-7.2442699520110398e-02,-4.7902618456113993e-01,1.6224049984258173e+01,5.2828226567308324e-02,1.0000000000000000e+00,
1.0627352041941653e+00,4.6156262778142797e-02,9.9999999999999611e-01,6.6910955924167358e-13,3.2377742742966715e+00,8.8372185766180760e+00,2.1928568542742832e-01,1.5872094036205278e-02,1.0000000000000000e+00,
1.0373592885256784e+00,-2.7206627832888140e-03,1.0000000000000020e+00,9.7729874142722006e-13,3.7864355742712661e+00,4.4289763728662628e+00,1.9424043443878047e-01,-1.9085061153305053e-03,1.0000000000000000e+00,
1.0060610156850380e+00,-4.5888181703720400e-03,9.9999999999999989e-01,1.2470787887026371e-12,6.3577063118059507e-01,2.8610691830334450e-01,7.9973770745811468e-03,-2.7121653627796367e-04,1.0000000000000000e+00,
1.0013871394073421e+00,-1.9851958907795798e-03,9.9999999999999944e-01,1.4706452540781497e-12,8.8276387887819024e-02,3.5979370995187943e-02,2.2154706352542353e-03,-4.4296415810066443e-05,1.0000000000000000e+00,
1.0002666650913088e+00,-7.9628278593354951e-04,9.9999999999999978e-01,1.6385977637280484e-12,1.6809520281492615e-02,4.9221375561142190e-03,4.4651784459961985e-04,-1.2577337612204278e-05,1.0000000000000000e+00,
1.0000420414192486e+00,-3.1651542544351561e-04,1.0000000000000000e+00,1.7435610969136818e-12,3.4701686226349861e-03,1.1992734252799229e-03,1.2636684632505099e-04,-4.7198264334930746e-06,1.0000000000000000e+00,
1.0000018177997656e+00,-7.4702340290987301e-05,1.0000000000000042e+00,1.7806690798940048e-12,3.4025029137424593e-03,4.5771032921933762e-04,4.7971710330592145e-03,-6.4360561805437117e-08,1.0000000000000000e+00,
1.0114152646285639e+00,1.7710552624938300e-02,1.0000000000001610e+00,3.2442279813445068e-13,-2.1371126515209050e-02,-1.9681454399951057e-01,8.1101167434886623e+00,2.0051667930909605e-02,1.0000000000000000e+00,
1.0168801838946719e+00,1.3634662416595512e-02,9.9999999999999589e-01,6.6496161044661071e-13,-4.0369575110614320e-01,9.2845908359088558e-01,1.2301860031446732e-02,1.0122672658595523e-02,1.0000000000000000e+00,
1.0153824405912908e+00,4.3260907557277669e-04,9.9999999999999856e-01,9.7392862861278048e-13,1.6457684937335273e-01,9.1776555352113609e-01,1.3568894635977713e-02,2.8794612531308252e-03,1.0000000000000000e+00,
1.0062998832059697e+00,-2.0982719607778142e-03,9.9999999999999811e-01,1.2456256529031363e-12,1.5923949467335113e-01,2.8664527066004603e-01,5.7961743050768955e-03,5.9581249241100068e-04,1.0000000000000000e+00,
1.0030940524596037e+00,-1.2809473518440443e-03,9.9999999999999900e-01,1.4700758342028538e-12,6.4771872303942102e-02,6.3458583797601054e-02,4.1601464912804920e-04,9.8596663928746605e-05,1.0000000000000000e+00,
1.0014664555166071e+00,-6.5019019071750877e-04,9.9999999999999989e-01,1.6384126105129647e-12,1.5287246922007945e-02,1.5541400947256791e-02,1.1920524327219129e-04,2.2801217068440433e-05,1.0000000000000000e+00,
1.0006846269924516e+00,-2.8644151130039435e-04,1.0000000000000000e+00,1.7435305965542126e-12,3.2601503671039981e-03,3.8321218968176735e-03,8.3376843215427626e-05,8.6705357358557836e-06,1.0000000000000000e+00,
1.0003393690692799e+00,-6.9875683539988341e-05,1.0000000000000033e+00,1.7806672017845345e-12,7.1096539932771817e-04,9.7028726027537700e-04,4.7856686143814926e-03,3.8978982383392165e-06,1.0000000000000000e+00,
1.0045073730541203e+00,5.7890929959338797e-03,1.0000000000005171e+00,3.2484744563074170e-13,-1.1594779735380790e-02,-5.4953578516958677e-03,2.7858904143107366e+00,1.0709989713266196e-02,1.0000000000000000e+00,
1.0077600809662646e+00,4.6971668373738422e-03,1.0000000000004901e+00,6.6393955169798585e-13,-3.0570766473783323e-01,1.6625200856166850e-01,1.7348715689203143e-03,7.7370365122701691e-03,1.0000000000000000e+00,
1.0077589043475803e+00,4.5706877638207466e-04,1.0000000000002169e+00,9.7240211809194570e-13,-1.2357873037333220e-01,1.9517347044363270e-01,1.4485757307346452e-03,3.7015769517309352e-03,1.0000000000000000e+00,
1.0057932824242504e+00,-5.2011447125759575e-05,1.0000000000000628e+00,1.2446283732283094e-12,-2.3650298280713158e-02,1.4875877619217120e-01,2.3519652996371876e-03,1.3873275697441861e-03,1.0000000000000000e+00,
1.0034077968492721e+00,-3.9631623730081615e-05,1.0000000000000104e+00,1.4695809746980290e-12,-4.3561573584275258e-03,5.4396422867375678e-02,2.9518066409512517e-04,4.1603745754204029e-04,1.0000000000000000e+00,
1.0018443162715527e+00,-2.1083152413459642e-05,1.0000000000000171e+00,1.6382063595912481e-12,-1.1222105264674250e-03,1.4802334025732647e-02,2.6604824847382296e-04,1.1425443530275689e-04,1.0000000000000000e+00,
1.0009275862017113e+00,-9.4931038985867086e-06,1.0000000000000249e+00,1.7434694915530848e-12,-4.1614523272574632e-04,3.7216484280476803e-03,1.8067360283274543e-04,3.2175385170319443e-05,1.0000000000000000e+00,
1.0004777451261646e+00,-2.3324537567960615e-06,1.0000000000000251e+00,1.7806482790089208e-12,2.9855145339512687e-04,9.3284891377627167e-04,3.1899507122349268e-03,9.7548955976073993e-06,1.0000000000000000e+00,

