1
1
9
0
(64 0
((0,0) (15,15) (0,0))
((16,0) (31,15) (0,0))
((32,0) (47,15) (0,0))
((48,0) (63,15) (0,0))
((64,0) (79,15) (0,0))
((80,0) (95,15) (0,0))
((96,0) (111,15) (0,0))
((112,0) (127,15) (0,0))
((0,16) (15,31) (0,0))
((16,16) (31,31) (0,0))
((32,16) (47,31) (0,0))
((48,16) (63,31) (0,0))
((64,16) (79,31) (0,0))
((80,16) (95,31) (0,0))
((96,16) (111,31) (0,0))
((112,16) (127,31) (0,0))
((0,32) (15,47) (0,0))
((16,32) (31,47) (0,0))
((32,32) (47,47) (0,0))
((48,32) (63,47) (0,0))
((64,32) (79,47) (0,0))
((80,32) (95,47) (0,0))
((96,32) (111,47) (0,0))
((112,32) (127,47) (0,0))
((0,48) (15,63) (0,0))
((16,48) (31,63) (0,0))
((32,48) (47,63) (0,0))
((48,48) (63,63) (0,0))
((64,48) (79,63) (0,0))
((80,48) (95,63) (0,0))
((96,48) (111,63) (0,0))
((112,48) (127,63) (0,0))
((0,64) (15,79) (0,0))
((16,64) (31,79) (0,0))
((32,64) (47,79) (0,0))
((48,64) (63,79) (0,0))
((64,64) (79,79) (0,0))
((80,64) (95,79) (0,0))
((96,64) (111,79) (0,0))
((112,64) (127,79) (0,0))
((0,80) (15,95) (0,0))
((16,80) (31,95) (0,0))
((32,80) (47,95) (0,0))
((48,80) (63,95) (0,0))
((64,80) (79,95) (0,0))
((80,80) (95,95) (0,0))
((96,80) (111,95) (0,0))
((112,80) (127,95) (0,0))
((0,96) (15,111) (0,0))
((16,96) (31,111) (0,0))
((32,96) (47,111) (0,0))
((48,96) (63,111) (0,0))
((64,96) (79,111) (0,0))
((80,96) (95,111) (0,0))
((96,96) (111,111) (0,0))
((112,96) (127,111) (0,0))
((0,112) (15,127) (0,0))
((16,112) (31,127) (0,0))
((32,112) (47,127) (0,0))
((48,112) (63,127) (0,0))
((64,112) (79,127) (0,0))
((80,112) (95,127) (0,0))
((96,112) (111,127) (0,0))
((112,112) (127,127) (0,0))
)
64
FabOnDisk: Cell_D_00000 0
FabOnDisk: Cell_D_00000 18514
FabOnDisk: Cell_D_00000 37029
FabOnDisk: Cell_D_00000 55544
FabOnDisk: Cell_D_00000 74059
FabOnDisk: Cell_D_00000 92574
FabOnDisk: Cell_D_00000 111089
FabOnDisk: Cell_D_00000 129605
FabOnDisk: Cell_D_00000 148122
FabOnDisk: Cell_D_00000 166637
FabOnDisk: Cell_D_00000 185153
FabOnDisk: Cell_D_00000 203669
FabOnDisk: Cell_D_00000 222185
FabOnDisk: Cell_D_00000 240701
FabOnDisk: Cell_D_00000 259217
FabOnDisk: Cell_D_00000 277734
FabOnDisk: Cell_D_00000 296252
FabOnDisk: Cell_D_00000 314767
FabOnDisk: Cell_D_00000 333283
FabOnDisk: Cell_D_00000 351799
FabOnDisk: Cell_D_00000 370315
FabOnDisk: Cell_D_00000 388831
FabOnDisk: Cell_D_00000 407347
FabOnDisk: Cell_D_00000 425864
FabOnDisk: Cell_D_00000 444382
FabOnDisk: Cell_D_00000 462897
FabOnDisk: Cell_D_00000 481413
FabOnDisk: Cell_D_00000 499929
FabOnDisk: Cell_D_00000 518445
FabOnDisk: Cell_D_00000 536961
FabOnDisk: Cell_D_00000 555477
FabOnDisk: Cell_D_00000 573994
FabOnDisk: Cell_D_00000 592512
FabOnDisk: Cell_D_00000 611027
FabOnDisk: Cell_D_00000 629543
FabOnDisk: Cell_D_00000 648059
FabOnDisk: Cell_D_00000 666575
FabOnDisk: Cell_D_00000 685091
FabOnDisk: Cell_D_00000 703607
FabOnDisk: Cell_D_00000 722124
FabOnDisk: Cell_D_00000 740642
FabOnDisk: Cell_D_00000 759157
FabOnDisk: Cell_D_00000 777673
FabOnDisk: Cell_D_00000 796189
FabOnDisk: Cell_D_00000 814705
FabOnDisk: Cell_D_00000 833221
FabOnDisk: Cell_D_00000 851737
FabOnDisk: Cell_D_00000 870254
FabOnDisk: Cell_D_00000 888772
FabOnDisk: Cell_D_00000 907288
FabOnDisk: Cell_D_00000 925805
FabOnDisk: Cell_D_00000 944322
FabOnDisk: Cell_D_00000 962839
FabOnDisk: Cell_D_00000 981356
FabOnDisk: Cell_D_00000 999873
FabOnDisk: Cell_D_00000 1018391
FabOnDisk: Cell_D_00000 1036910
FabOnDisk: Cell_D_00000 1055427
FabOnDisk: Cell_D_00000 1073945
FabOnDisk: Cell_D_00000 1092463
FabOnDisk: Cell_D_00000 1110981
FabOnDisk: Cell_D_00000 1129499
FabOnDisk: Cell_D_00000 1148017
FabOnDisk: Cell_D_00000 1166536

64,9
1.0000053823846393e+00,-4.6586598301304365e-03,9.9999999999999467e-01,-5.1461720811702691e-18,-7.9756619809320473e-01,3.9397147384684361e-03,1.2864247958039777e-02,-1.4858116601412927e-02,1.0000000000000000e+00,
1.0023622657867870e+00,-4.7179061531784144e-03,9.9999999999997313e-01,-1.4287179372667356e-17,-8.2146417884973388e-01,-6.5958943829714234e-01,1.6827010558707771e-02,-2.0931786485645539e-02,1.0000000000000000e+00,
1.0037239977478729e+00,-8.5671526671012791e-04,9.9999999999994515e-01,-1.9134872460629723e-15,-2.6171343034515099e-01,-7.1302259563124060e-01,1.6580983775477825e-02,-2.1423864207263939e-02,1.0000000000000000e+00,
1.0017333534873096e+00,-2.2620461673851872e-05,9.9999999999993572e-01,-1.6323177264127326e-14,3.9443781490122282e-01,-4.1566933241941190e-01,1.2568730213850018e-03,-1.8683836830997523e-02,1.0000000000000000e+00,
1.0012886860903818e+00,1.4207661284583320e-06,9.9999999999992251e-01,-1.6366605921953307e-14,4.3665604012761616e-01,1.0453385259248226e-03,6.3791623276283774e-05,-1.1636691888965815e-02,1.0000000000000000e+00,
1.0005643700785862e+00,1.7701074724616826e-05,9.9999999999988542e-01,-1.1080100444855135e-14,2.2629920573387316e-01,4.5524981863355827e-03,7.4031610415538004e-07,-6.5930831040797722e-03,1.0000000000000000e+00,
1.0001335989188320e+00,1.3728322609218575e-05,9.9999999999988565e-01,-6.6608317854477617e-15,1.2188131039067006e-01,2.1688684584881541e-03,5.8961277875867451e-07,-3.2300792495345192e-03,1.0000000000000000e+00,
9.9971046825370891e-01,1.3513025600802239e-05,9.9999999999989464e-01,-3.9830197510215368e-15,7.3549137314835367e-02,5.1948414149879292e-05,3.2172361180845231e-07,-1.2597542791844890e-03,1.0000000000000000e+00,
1.0000117196335281e+00,-2.0264548613059992e-02,9.9999999999999201e-01,-6.1061153944585949e-18,-3.0600292858770595e+00,1.8242431689318578e-01,5.8168613741192465e-01,-1.4058884424667798e-02,1.0000000000000000e+00,
1.0052007363608297e+00,-2.0683107125224802e-02,9.9999999999998945e-01,-1.8929084144631518e-17,-3.2696856567105224e+00,-3.1855788050211076e+00,6.0946734314786832e-01,-3.6840334068677816e-02,1.0000000000000000e+00,
1.0074699942169538e+00,-2.0755654046499226e-03,9.9999999999998457e-01,-5.1655418693523343e-17,-7.2586592228788893e-01,-3.2803980881645063e+00,5.7658061900402979e-01,-3.7991181201724851e-02,1.0000000000000000e+00,
1.0024585365055190e+00,2.9583138249650217e-04,9.9999999999995293e-01,-1.5188114364538724e-16,6.8163286211530649e-01,-8.9408864287997281e-01,4.5012654396488910e-03,-2.5446624210798987e-02,1.0000000000000000e+00,
1.0008422189734762e+00,3.9353029902192480e-04,9.9999999999997824e-01,-9.9312113612315984e-17,3.1299994800473468e-01,1.0556684631924455e-01,7.4306410486647823e-05,-1.1282355430774368e-02,1.0000000000000000e+00,
1.0001942780790898e+00,5.7801268218144234e-04,9.9999999999998879e-01,-4.8856746797389757e-17,7.3707500611238902e-02,1.5383370955773551e-01,1.9157373476296445e-03,-5.5321168189440273e-03,1.0000000000000000e+00,
1.0000376605812382e+00,4.2011966346755433e-04,9.9999999999999378e-01,-2.8989769035346615e-17,1.8872544731649368e-02,6.8855512911638633e-02,6.4459657458113342e-04,-2.4726670816460901e-03,1.0000000000000000e+00,
9.9979570994773870e-01,4.0937568419738160e-04,9.9999999999999445e-01,-2.4568598114241580e-17,6.8543246666933882e-03,1.6109468062872228e-03,1.4537116394619867e-04,-9.2179247223750360e-04,1.0000000000000000e+00,
1.0000388215429268e+00,-8.3508304067316630e-02,9.9999999999999323e-01,-4.4583774645378636e-17,-1.1709655272052050e+01,9.4838501485191473e-01,2.3375776960510564e+00,-9.5165409721346163e-03,1.0000000000000000e+00,
1.0191301275487248e+00,-9.8288657690999467e-02,9.9999999999999900e-01,-1.1248013867970086e-16,-1.9292564085838812e+01,-2.4778005887465685e+01,2.5602029141268634e+00,-1.3478827782481695e-01,1.0000000000000000e+00,
1.0231112826138304e+00,-2.2183854056048724e-03,9.9999999999999833e-01,-2.3256363194782948e-16,-2.7492608038805040e+00,-2.5269212937386559e+01,2.1611294056881505e+00,-1.3736675430902562e-01,1.0000000000000000e+00,
9.9951948078642650e-01,2.9344012395763706e-03,9.9999999999996003e-01,-3.7573922844650022e-16,2.2718458104532024e-01,-8.9574963331270452e-01,1.1715118284273685e-02,-2.9623260900305953e-02,1.0000000000000000e+00,
9.9893312221910235e-01,1.9661823775796862e-03,9.9999999999998268e-01,-7.7227468703226708e-16,-3.7947476530002239e-01,6.0313800978159648e-01,2.2813490016759808e-03,-7.6296779645001096e-03,1.0000000000000000e+00,
9.9908523735096255e-01,9.6610138995997265e-04,9.9999999999998923e-01,-5.2417485054538403e-16,-3.5722333444262427e-01,2.8486473859723577e-01,5.2459145456545606e-03,-1.6358070488770387e-03,1.0000000000000000e+00,
9.9952182831730330e-01,5.0179093452216517e-04,9.9999999999999012e-01,-3.2945219387809840e-17,-2.0154595282041946e-01,9.5027632446016530e-02,1.6015536155966278e-03,-3.0420762341965956e-04,1.0000000000000000e+00,
9.9989506647134152e-01,4.5851960599323260e-04,9.9999999999998845e-01,-1.7145164088550351e-17,-1.1112666739388964e-01,2.0002486177367646e-03,3.3197515027002383e-04,-4.6900338463942300e-05,1.0000000000000000e+00,
8.1597514786973713e-01,-1.5454068093733384e-01,1.0000000000000000e+00,-2.1986537403024328e-15,-1.5056084526396546e+01,6.3868158914261586e-01,4.7805142504236692e-01,2.4740186786481873e-02,1.0000000000000000e+00,
-1.0593745916241941e+00,-6.2198259603016881e-01,0.0000000000000000e+00,-2.4725830830357425e-15,-5.0798646753930967e+02,-2.1304998378083866e+02,0.0000000000000000e+00,-9.3715374267728335e-01,0.0000000000000000e+00,
-1.1635340393689657e+00,-9.0725321970041337e-02,9.9999999999983014e-01,-3.2450957116814789e-16,-9.2188016009852419e+01,-2.4600441627524145e+02,4.6743418660937230e-01,-1.0282665459325053e+00,1.0000000000000000e+00,
6.4086751017465837e-01,2.6649955936315748e-03,9.9999999999980482e-01,-1.6194415355890547e-15,-2.7152264911052381e+01,3.2172169139202833e-01,5.0782943135443959e-03,-2.1554789106766861e-02,1.0000000000000000e+00,
9.8029884823940439e-01,1.5617216622811570e-05,9.9999999999981737e-01,-8.4030256078953479e-15,-4.2022897744839813e+00,3.5795517512990892e-02,6.2095452406662338e-03,5.9382125669429440e-03,1.0000000000000000e+00,
9.9548762039438421e-01,-1.2585989679622368e-04,9.9999999999997280e-01,-7.2064785073708368e-15,-1.0929546828562813e+00,1.1238497380476803e-02,2.2426133013779548e-04,2.7077797887603457e-03,1.0000000000000000e+00,
9.9899962767431016e-01,1.7855918000509933e-05,9.9999999999998246e-01,-2.5869330676876076e-16,-3.7293449413151847e-01,3.4810440210154680e-03,6.3745241095432173e-05,1.0338030279356122e-03,1.0000000000000000e+00,
9.9980835728847406e-01,1.5915880266537877e-05,9.9999999999998923e-01,-1.7608182592581978e-17,-1.7673673529348582e-01,7.1581225049025522e-05,1.3213970498335867e-05,2.2848582263099148e-05,1.0000000000000000e+00,
8.1597350423772763e-01,1.9908746212706161e-04,1.0000000000000000e+00,-2.3343800572973762e-15,-1.5053671013530650e+01,-4.8958265285052917e+01,4.7686598644177064e-01,2.4753640406000213e-02,1.0000000000000000e+00,
-1.0592601811093896e+00,0.0000000000000000e+00,0.0000000000000000e+00,-8.2297416367634165e-15,-5.0934020059744631e+02,-4.5914517929654755e+02,0.0000000000000000e+00,-9.3738509658454561e-01,0.0000000000000000e+00,
-1.1633720899811875e+00,-4.9928105767485276e-01,9.9999999999982003e-01,-3.3292322945465849e-16,-9.2461559697991106e+01,-1.0553125037635864e+02,4.8416789945324723e-01,-1.0290085614527928e+00,1.0000000000000000e+00,
6.4115792325931431e-01,-1.4850769918411391e-01,9.9999999999966693e-01,-1.6709904973292537e-15,-2.7143038804131425e+01,-3.1634604375078126e+01,3.7562587315354001e-03,-2.1550375679485975e-02,1.0000000000000000e+00,
9.8030011208171497e-01,-6.9632522737197930e-03,9.9999999999989519e-01,-8.4207399852289847e-15,-4.2026129830277741e+00,-3.0211484485172537e+00,6.1481992244934169e-03,5.9395679725335066e-03,1.0000000000000000e+00,
9.9548765480744283e-01,-2.3089359729677596e-03,9.9999999999998757e-01,-7.1379390686055783e-15,-1.0929404900720490e+00,-7.8055926226558481e-01,2.2532666147361685e-04,2.7085824244931244e-03,1.0000000000000000e+00,
9.9899963200694741e-01,-8.8688560683598534e-04,9.9999999999999689e-01,-2.2941297245600037e-16,-3.7293543211996266e-01,-2.5790454365440485e-01,6.3775553915779528e-05,1.0341784723722706e-03,1.0000000000000000e+00,
9.9980836099526249e-01,-4.8238821026544399e-04,9.9999999999999745e-01,-1.6523549816661216e-17,-1.7673799751973790e-01,-8.4129136524512663e-02,1.3441396220218631e-05,2.2859693146371212e-05,1.0000000000000000e+00,
1.0000388200426287e+00,9.7702663245514227e-04,9.9999999999999867e-01,-4.3357008652040892e-17,-1.1708733019282578e+01,-9.4242233438531677e+00,2.3376396633795431e+00,-9.5055593596334691e-03,1.0000000000000000e+00,
1.0191300377315240e+00,4.3854470673945862e-03,9.9999999999997424e-01,-1.1273455456991166e-16,-1.9293142308553367e+01,-6.8761399819511677e+00,2.5601948435548847e+00,-1.3477809950963004e-01,1.0000000000000000e+00,
1.0231133588662797e+00,-9.2841954199766333e-02,9.9999999999979317e-01,-2.3198314989112117e-16,-2.7480761534885980e+00,-2.8009218712703396e+00,2.1611067229336758e+00,-1.3735622213255488e-01,1.0000000000000000e+00,
9.9951859231575790e-01,-8.0857381206408493e-02,9.9999999999971556e-01,-3.9323710988568620e-16,2.2709128409463900e-01,-4.9157294486707501e+00,1.1749891970525700e-02,-2.9616496386412103e-02,1.0000000000000000e+00,
9.9893298585018375e-01,-6.2467358166040177e-03,9.9999999999998823e-01,-7.8795076577824794e-16,-3.7955079748354648e-01,-2.6673449975179500e+00,2.2775137165476078e-03,-7.6255436352254341e-03,1.0000000000000000e+00,
9.9908530902285897e-01,-2.3844886607032071e-03,9.9999999999998868e-01,-5.2163804259754067e-16,-3.5729035934908571e-01,-8.0001715743843560e-01,5.2460749737501082e-03,-1.6333171730308019e-03,1.0000000000000000e+00,
9.9952195958912804e-01,-1.0240055388460372e-03,9.9999999999999267e-01,-3.1227891853263149e-17,-2.0159614421132679e-01,-2.9768750481291817e-01,1.6015943852756669e-03,-3.0276640748869306e-04,1.0000000000000000e+00,
9.9989518855680370e-01,-6.6942829243577841e-04,9.9999999999999956e-01,-1.5873773999869795e-17,-1.1116711420328046e-01,-1.0623476004288893e-01,3.3234797602761657e-04,-4.6244620495965454e-05,1.0000000000000000e+00,
1.0000117200085077e+00,2.4328336921259169e-04,9.9999999999996469e-01,-3.8457741124699604e-18,-3.0600027424523919e+00,-2.8885743992665214e+00,5.8174601486897137e-01,-1.4048955754107740e-02,1.0000000000000000e+00,
1.0052010825383355e+00,1.3829783640577182e-03,9.9999999999993805e-01,-1.6217018409664195e-17,-3.2697084948646542e+00,-5.7055580679047913e-01,6.0946360088513840e-01,-3.6830273974126568e-02,1.0000000000000000e+00,
1.0074711900289415e+00,-1.8340041362931620e-02,9.9999999999978739e-01,-5.6943883426586834e-17,-7.2598259243611063e-01,4.8918791988931321e-01,5.7657767448083685e-01,-3.7981525997093743e-02,1.0000000000000000e+00,
1.0024594556207420e+00,-1.8569630714720883e-02,9.9999999999977385e-01,-1.4571483230515547e-16,6.8141804970294040e-01,-7.0438717559408848e-01,4.4711945930177299e-03,-2.5439553398013577e-02,1.0000000000000000e+00,
1.0008426300113664e+00,-2.8313212970452330e-03,9.9999999999996192e-01,-9.5689191342586219e-17,3.1286790456294189e-01,-7.4686435187608435e-01,7.3947406073471278e-05,-1.1277505808843432e-02,1.0000000000000000e+00,
1.0001945715202518e+00,-1.8199185196940155e-03,9.9999999999998035e-01,-3.3967344702456677e-17,7.3615386558945492e-02,-5.5474152789924303e-01,1.9158097936517425e-03,-5.5289735933804485e-03,1.0000000000000000e+00,
1.0000378968720989e+00,-9.6048538224412932e-04,9.9999999999998868e-01,-1.6953516721908958e-17,1.8799117899740626e-02,-2.7051033165021804e-01,6.4465104139834438e-04,-2.4708060104503982e-03,1.0000000000000000e+00,
9.9979598733424380e-01,-6.6693568594274836e-04,9.9999999999999578e-01,-1.5697540113442146e-17,6.7862659283509184e-03,-1.0302437201615340e-01,1.4572719579625075e-04,-9.2093908247270050e-04,1.0000000000000000e+00,
1.0000053829891837e+00,5.3792357924255717e-06,9.9999999999984590e-01,-3.4517245159614282e-18,-7.9761782200333742e-01,-7.0690761130334689e-01,1.2866174950973943e-02,-1.4848532700644745e-02,1.0000000000000000e+00,
1.0023626254068752e+00,3.3634232361234634e-05,9.9999999999975042e-01,-1.3542930797119316e-17,-8.2153162015882186e-01,-1.0347661060149489e-01,1.6827016205758077e-02,-2.0922875883615747e-02,1.0000000000000000e+00,
1.0037249920956723e+00,-3.9744187883736584e-03,9.9999999999973466e-01,-2.2879097604918820e-16,-2.6185981080801729e-01,1.3007857431716245e-02,1.6581045735346158e-02,-2.1415455743055065e-02,1.0000000000000000e+00,
1.0017342687236899e+00,-4.3856382954872907e-03,9.9999999999975764e-01,-1.9392343499661336e-15,3.9425351883387599e-01,-7.0446950033555111e-02,1.2566701173545103e-03,-1.8676894836495872e-02,1.0000000000000000e+00,
1.0012893233492024e+00,-7.5448117127031313e-04,9.9999999999995193e-01,-1.9148722875011966e-15,4.3650401259643073e-01,-2.0669475094845244e-01,6.3763226487505934e-05,-1.1631685577820480e-02,1.0000000000000000e+00,
1.0005647845134455e+00,-7.3900441354846720e-04,9.9999999999995737e-01,-1.3003971339691628e-15,2.2618472677414689e-01,-2.0527960718879423e-01,7.7073689488179210e-07,-6.5897414482157879e-03,1.0000000000000000e+00,
1.0001339175157551e+00,-5.3093943469053294e-04,9.9999999999997713e-01,-7.9055232603579998e-16,1.2178754631424336e-01,-1.3895042435861393e-01,5.6589929428536639e-07,-3.2280751638658319e-03,1.0000000000000000e+00,
9.9971077226655003e-01,-4.4051111467670421e-04,9.9999999999998546e-01,-4.7745396746019297e-16,7.3461564877154065e-02,-6.0634499371428681e-02,3.2226405964494659e-07,-1.2588310438860339e-03,1.0000000000000000e+00,

64,9
1.0043526182679898e+00,-5.3786311206853689e-06,1.0000000000000526e+00,-1.7398834937059744e-19,-1.7047663366647186e-02,7.0686251895906238e-01,6.9955193548775019e-01,-9.6494710635177429e-03,1.0000000000000000e+00,
1.0100376058641525e+00,-3.3622569746404363e-05,1.0000000000001708e+00,4.3461144486172169e-18,-1.5891702819650033e-01,1.0341186160199994e-01,6.2637217507348208e-01,-1.4670649841742376e-02,1.0000000000000000e+00,
1.0101812605743412e+00,3.9744184616601463e-03,1.0000000000002454e+00,1.1508918606236223e-15,6.0889999058178745e-01,-1.3008462993584604e-02,5.4878004406447434e-01,-1.7000830495302870e-02,1.0000000000000000e+00,
1.0065779674716813e+00,4.3855330123335999e-03,1.0000000000002407e+00,1.0972757622097763e-14,7.6499942046223679e-01,7.0476541383532126e-02,1.5481417550121093e+00,-1.1789774010677878e-02,1.0000000000000000e+00,
1.0023238113841619e+00,7.5424145007444842e-04,1.0000000000000888e+00,1.1378100017043456e-14,7.0702256672838737e-01,2.0673287068712701e-01,1.0529800087350308e-01,-5.9363100882874583e-03,1.0000000000000000e+00,
1.0012531317336906e+00,7.3878434856138487e-04,1.0000000000000644e+00,8.0290873131971430e-15,4.2722740922847602e-01,2.0531685248897566e-01,3.3090575512390724e-03,-2.7008825632974260e-03,1.0000000000000000e+00,
1.0006147059993591e+00,5.3080877214054932e-04,1.0000000000000637e+00,4.7695914272161398e-15,2.5492366032522418e-01,1.3897668353090117e-01,1.6834592780128228e-03,-1.0358130940955122e-03,1.0000000000000000e+00,
1.0001300290421440e+00,4.4049705318065246e-04,1.0000000000000688e+00,2.8458766586103799e-15,1.5192289469639506e-01,6.0647206454537736e-02,5.0718631794665139e-03,-2.2984105410886050e-05,1.0000000000000000e+00,
1.0158230521655607e+00,-2.4326562972994375e-04,1.0000000000000051e+00,-1.8500779090458186e-19,-3.7124485785534470e-02,2.8885630122059953e+00,2.8629727680142421e+00,6.1792677178037466e-03,1.0000000000000000e+00,
1.0385589094932020e+00,-1.3825318537090386e-03,1.0000000000000042e+00,3.9532347955135366e-18,-3.5049669646746151e-01,5.7040278879523676e-01,2.6136215857962219e+00,-1.2018338565057660e-02,1.0000000000000000e+00,
1.0387220345552102e+00,1.8339722428334239e-02,1.0000000000000342e+00,5.1139421599701019e-17,2.2083449328174556e+00,-4.8920639792484910e-01,2.3249953647932329e+00,-1.9369097759923092e-02,1.0000000000000000e+00,
1.0198451351524052e+00,1.8569017713601865e-02,1.0000000000000353e+00,9.7085402315810968e-17,2.2144619192175301e+00,7.0450338620851960e-01,4.3863229559713641e+00,-8.8073242787716499e-03,1.0000000000000000e+00,
1.0030830398070789e+00,2.8305459384998129e-03,9.9999999999999845e-01,7.0144340386246920e-17,1.0809015359376795e+00,7.4697816453174448e-01,2.0515047751798102e-01,-2.1777757305689459e-03,1.0000000000000000e+00,
1.0012341488659813e+00,1.8194717990833015e-03,1.0000000000000040e+00,1.7893505877263158e-17,4.2283456482575515e-01,5.5483066556708360e-01,1.1029948159239911e-02,-5.1918203090880251e-04,1.0000000000000000e+00,
1.0005183141140053e+00,9.6024914594773809e-04,1.0000000000000067e+00,-7.7187695513864359e-18,2.1140208309942604e-01,2.7056435827000119e-01,4.7092559917809480e-03,-1.2303662074046102e-04,1.0000000000000000e+00,
1.0001088174846435e+00,6.6691062871580646e-04,1.0000000000000060e+00,-1.0300248226511311e-17,1.1365640123713235e-01,1.0304935819085112e-01,7.9731421686824767e-03,-2.1419764583416837e-06,1.0000000000000000e+00,
1.0394004619551425e+00,-9.7701770263397157e-04,1.0000000000000213e+00,6.6099850013943863e-20,-1.2293084309590602e-01,9.4244656589244755e+00,8.1175091928283898e+00,5.9902347935623476e-02,1.0000000000000000e+00,
1.1796714271510824e+00,-4.3839326272807734e-03,1.0000000000000264e+00,9.5145271309393674e-17,-1.1760168662201558e+00,6.8756395330673898e+00,7.6719473253272721e+00,1.1649750692687595e-02,1.0000000000000000e+00,
1.1802992507121619e+00,9.2840563928884429e-02,1.0000000000000375e+00,1.1697938029904957e-16,1.5804631008050176e+01,2.8016463487984788e+00,7.6279761212647621e+00,-2.7525549160727601e-02,1.0000000000000000e+00,
1.0414169322825066e+00,8.0851714960440316e-02,1.0000000000000409e+00,3.1193757545235393e-16,9.4343883536438824e+00,4.9166760421661904e+00,1.0430442752843231e+01,7.9307025405782171e-03,1.0000000000000000e+00,
1.0030361033799990e+00,6.2455310513226461e-03,1.0000000000000175e+00,1.7539180150652699e-16,1.1111042427518756e+00,2.6676287717038303e+00,5.9830717153860624e-01,8.0517155685942594e-03,1.0000000000000000e+00,
1.0007028541413665e+00,2.3840157883735689e-03,1.0000000000000024e+00,1.2306310424291003e-16,2.6451069641133296e-01,8.0014862865360947e-01,2.9604495229465858e-02,5.1836689567177907e-03,1.0000000000000000e+00,
1.0001430420572126e+00,1.0237448094951079e-03,1.0000000000000020e+00,-1.5763784662538700e-18,5.3297395082614808e-02,2.9775389880484987e-01,8.6286750127345310e-03,2.4040567680196651e-03,1.0000000000000000e+00,
1.0002035268270333e+00,6.6940215903796589e-04,9.9999999999999911e-01,-1.2112311934029407e-17,9.5699701414564305e-03,1.0626300334212739e-01,8.0454632283830964e-03,9.0505872969966271e-04,1.0000000000000000e+00,
1.0390452406879496e+00,-1.9947203843690475e-04,1.0000000000001088e+00,3.4840675118744979e-15,5.8988728887893743e+01,4.8963733391282929e+01,8.8559412953726824e+00,2.9608538784564603e-01,1.0000000000000000e+00,
1.5409846402530982e+00,0.0000000000000000e+00,1.0000000000005784e+00,1.7081855028086563e-15,1.2936193911324492e+02,4.5892666416156055e+02,2.2449913293726672e+03,5.3106943292221886e-01,1.0000000000000000e+00,
1.5584733817478302e+00,4.9956480194607444e-01,1.0000000000002420e+00,8.9612659802644973e-16,2.5855239435529234e+02,1.0537627093985954e+02,1.1097268483731059e+03,2.0556936670844364e-01,1.0000000000000000e+00,
1.0406967966355789e+00,1.4842800279744939e-01,1.0000000000000775e+00,1.2942509187512081e-15,1.1843672287184951e+01,3.1626155063931730e+01,1.4753234464812334e+02,1.5748968792999152e-01,1.0000000000000000e+00,
9.9896498324602401e-01,6.9663564485050403e-03,1.0000000000000713e+00,8.1836782740216839e-15,-1.2619200858602500e-01,3.0214027343461893e+00,4.2382662174873218e+00,3.1689719884446348e-02,1.0000000000000000e+00,
9.9944795739333736e-01,2.3085065127378848e-03,1.0000000000000655e+00,7.1153384513019317e-15,-2.2831815380027670e-01,7.8069442534271294e-01,1.3284814696409604e+00,1.0271114087593585e-02,1.0000000000000000e+00,
9.9986427205939987e-01,8.8661599605697355e-04,9.9999999999999600e-01,2.0687029069158005e-16,-1.2195684556535633e-01,2.5798036807348179e-01,9.8570071186028941e-03,3.9636311216200114e-03,1.0000000000000000e+00,
1.0003016920218497e+00,4.8235714630619810e-04,9.9999999999999722e-01,-1.0391669077815940e-17,-7.3115463241917283e-02,8.4163474786905168e-02,5.9909494539658707e-03,1.4003609287735485e-03,1.0000000000000000e+00,
1.0390412251966565e+00,1.5453283615226915e-01,1.0000000000001183e+00,3.5943725250284799e-15,5.8986146621295248e+01,-6.3758993520354323e-01,8.8552957186491277e+00,2.9608372124280691e-01,1.0000000000000000e+00,
1.5409833148537633e+00,6.2191573241123332e-01,1.0000000000004883e+00,6.8732063001821774e-15,1.2941088823145560e+02,2.1311572452682603e+02,2.2448658457565284e+03,5.3104554147754390e-01,1.0000000000000000e+00,
1.5584761490734063e+00,9.0868832245397907e-02,1.0000000000002365e+00,9.1160458557057562e-16,2.5850186318846977e+02,2.4613108026487458e+02,1.1099857780822010e+03,2.0545775545627368e-01,1.0000000000000000e+00,
1.0407029002831734e+00,-2.6609830175362819e-03,1.0000000000001574e+00,1.3517888226056837e-15,1.1842703885794865e+01,-3.2083040461732087e-01,1.4719290302045155e+02,1.5748333019916180e-01,1.0000000000000000e+00,
9.9896400873270852e-01,-1.5909899140432434e-05,1.0000000000001477e+00,8.2683515319388932e-15,-1.2626267456506104e-01,-3.5652652788670441e-02,4.2400142926931812e+00,3.1689951836455239e-02,1.0000000000000000e+00,
9.9944807910560352e-01,1.2551804565707372e-04,1.0000000000000848e+00,7.0993212970141576e-15,-2.2836619515191181e-01,-1.1154306718470862e-02,1.3284859805392841e+00,1.0271155186151551e-02,1.0000000000000000e+00,
9.9986438745390460e-01,-1.8005957192953573e-05,1.0000000000000155e+00,1.8511342653869133e-16,-1.2199535142114376e-01,-3.4412460549872650e-03,9.8572059188006822e-03,3.9636564670036869e-03,1.0000000000000000e+00,
1.0003016955533393e+00,-1.6005333241107137e-05,1.0000000000000100e+00,-1.1357101092179622e-17,-7.3151018068387891e-02,-7.0403758109065809e-05,5.9876894090792228e-03,1.4003725729182237e-03,1.0000000000000000e+00,
1.0393969742902189e+00,8.3508728705026222e-02,1.0000000000000813e+00,6.9251627696002569e-19,-1.2292587455711435e-01,-9.4853410252372705e-01,8.1171946893306615e+00,5.9911250811886113e-02,1.0000000000000000e+00,
1.1796748561032759e+00,9.8292201895299094e-02,1.0000000000000331e+00,1.1133540793299721e-16,-1.1762237194954241e+00,2.4779061437586904e+01,7.6719941382557142e+00,1.1663579593636671e-02,1.0000000000000000e+00,
1.1803033121380062e+00,2.2202486837297666e-03,9.9999999999999034e-01,1.3569761634735547e-16,1.5803342108301559e+01,2.5270193039911483e+01,7.6280585954818294e+00,-2.7518254515469121e-02,1.0000000000000000e+00,
1.0414218127520414e+00,-2.9352997908766265e-03,1.0000000000000437e+00,3.3559289898716050e-16,9.4332313475459397e+00,8.9574635005874337e-01,1.0430343513848747e+01,7.9329256983014552e-03,1.0000000000000000e+00,
1.0030368848329394e+00,-1.9666590225088810e-03,1.0000000000000289e+00,2.0183258804665492e-16,1.1108882964253102e+00,-6.0304275061591184e-01,5.9835172340961529e-01,8.0538240641502643e-03,1.0000000000000000e+00,
1.0007032349982437e+00,-9.6638062448900844e-04,1.0000000000000018e+00,1.2866246187209219e-16,2.6438463310058907e-01,-2.8478679716002153e-01,2.9601288438658308e-02,5.1850694341994416e-03,1.0000000000000000e+00,
1.0001433212680446e+00,-5.0193591874269554e-04,1.0000000000000024e+00,-2.8342684010473049e-19,5.3208945801064500e-02,-9.4991363875040424e-02,8.6287917628428967e-03,2.4048767525967434e-03,1.0000000000000000e+00,
1.0002036410697277e+00,-4.5860659904438286e-04,1.0000000000000022e+00,-9.3368389833465690e-18,9.4990048504772651e-03,-1.9991780714749461e-03,8.0425737813196244e-03,9.0543156669589220e-04,1.0000000000000000e+00,
1.0158229939682468e+00,2.0265600284363191e-02,1.0000000000000400e+00,-1.1564505577837800e-19,-3.7125294224720808e-02,-1.8249182890013083e-01,2.8630829185000080e+00,6.1897933700163985e-03,1.0000000000000000e+00,
1.0385602910739522e+00,2.0684291225610090e-02,1.0000000000000089e+00,1.1692316531839184e-17,-3.5064501382196828e-01,3.1854046033194767e+00,2.6136269615248398e+00,-1.2007435686330338e-02,1.0000000000000000e+00,
1.0387235272530859e+00,2.0769011032638189e-03,9.9999999999997924e-01,7.6167448716572590e-17,2.2080052447517367e+00,3.2802330814244427e+00,2.3249864871570880e+00,-1.9362013094708391e-02,1.0000000000000000e+00,
1.0198470607534789e+00,-2.9610872985467724e-04,1.0000000000000016e+00,1.2932293521812119e-16,2.2141172266166866e+00,8.9410539116946952e-01,4.3863134053616317e+00,-8.8029751582039580e-03,1.0000000000000000e+00,
1.0030838890450842e+00,-3.9381870107985947e-04,9.9999999999999345e-01,9.1793792070422063e-17,1.0806848544868000e+00,-1.0553255582475429e-01,2.0514133647132807e-01,-2.1751476051305603e-03,1.0000000000000000e+00,
1.0012347274199453e+00,-5.7815660451351241e-04,9.9999999999999623e-01,2.4676929779441950e-17,4.2268732468603304e-01,-1.5380480983423195e-01,1.1029645770939053e-02,-5.1764947955921712e-04,1.0000000000000000e+00,
1.0005187153327340e+00,-4.2019056766754039e-04,1.0000000000000042e+00,-5.9814187056607664e-18,2.1129020249081590e-01,-6.8841101104878469e-02,4.7094145766707861e-03,-1.2231938314275710e-04,1.0000000000000000e+00,
1.0001091285477803e+00,-4.0942862999186454e-04,1.0000000000000060e+00,-8.9233242217776678e-18,1.1356432431698628e-01,-1.6105065865134932e-03,7.9706204840632872e-03,-2.1207081026096620e-06,1.0000000000000000e+00,
1.0043529339828434e+00,4.6591598797333196e-03,1.0000000000005222e+00,-1.2479568361224871e-19,-1.7049256287477669e-02,-3.9417264043653186e-03,6.9963068428917186e-01,-9.6393703825875168e-03,1.0000000000000000e+00,
1.0100385134665533e+00,4.7184087044604590e-03,1.0000000000011511e+00,1.3068267811656586e-17,-1.5905115311812598e-01,6.5952464900649843e-01,6.2636979793916425e-01,-1.4660795986897856e-02,1.0000000000000000e+00,
1.0101822597536985e+00,8.5710890496320060e-04,1.0000000000013192e+00,2.7977919283607405e-16,6.0869040467949365e-01,7.1296254248851787e-01,5.4877841374156433e-01,-1.6993845254421578e-02,1.0000000000000000e+00,
1.0065791327295492e+00,2.2553961430256394e-05,1.0000000000012588e+00,2.5885497811731958e-15,7.6479094336860409e-01,4.1565551459228695e-01,1.5481405359167257e+00,-1.1784782416992740e-02,1.0000000000000000e+00,
1.0023247037729921e+00,-1.4281325672661073e-06,1.0000000000002427e+00,2.7351551155280991e-15,7.0682956465960223e-01,-1.0444073916605120e-03,1.0529761429376944e-01,-5.9330495851303367e-03,1.0000000000000000e+00,
1.0012537386988658e+00,-1.7705547211366396e-05,1.0000000000002196e+00,1.8459826469376897e-15,4.2707838460136910e-01,-4.5516409691483753e-03,3.3088395872846350e-03,-2.6989335264967201e-03,1.0000000000000000e+00,
1.0006151499829998e+00,-1.3730563167399222e-05,1.0000000000001223e+00,1.0770057107928868e-15,2.5480469597440958e-01,-2.1684296298774258e-03,1.6835265623535087e-03,-1.0348931627957583e-03,1.0000000000000000e+00,
1.0001303716686085e+00,-1.3514797061713907e-05,1.0000000000000338e+00,6.3158360984084084e-16,1.5182350122718632e-01,-5.1935003124120046e-05,5.0704473901359067e-03,-2.2956739024110647e-05,1.0000000000000000e+00,

