1
1
9
0
(64 0
((0,0) (15,15) (0,0))
((16,0) (31,15) (0,0))
((32,0) (47,15) (0,0))
((48,0) (63,15) (0,0))
((64,0) (79,15) (0,0))
((80,0) (95,15) (0,0))
((96,0) (111,15) (0,0))
((112,0) (127,15) (0,0))
((0,16) (15,31) (0,0))
((16,16) (31,31) (0,0))
((32,16) (47,31) (0,0))
((48,16) (63,31) (0,0))
((64,16) (79,31) (0,0))
((80,16) (95,31) (0,0))
((96,16) (111,31) (0,0))
((112,16) (127,31) (0,0))
((0,32) (15,47) (0,0))
((16,32) (31,47) (0,0))
((32,32) (47,47) (0,0))
((48,32) (63,47) (0,0))
((64,32) (79,47) (0,0))
((80,32) (95,47) (0,0))
((96,32) (111,47) (0,0))
((112,32) (127,47) (0,0))
((0,48) (15,63) (0,0))
((16,48) (31,63) (0,0))
((32,48) (47,63) (0,0))
((48,48) (63,63) (0,0))
((64,48) (79,63) (0,0))
((80,48) (95,63) (0,0))
((96,48) (111,63) (0,0))
((112,48) (127,63) (0,0))
((0,64) (15,79) (0,0))
((16,64) (31,79) (0,0))
((32,64) (47,79) (0,0))
((48,64) (63,79) (0,0))
((64,64) (79,79) (0,0))
((80,64) (95,79) (0,0))
((96,64) (111,79) (0,0))
((112,64) (127,79) (0,0))
((0,80) (15,95) (0,0))
((16,80) (31,95) (0,0))
((32,80) (47,95) (0,0))
((48,80) (63,95) (0,0))
((64,80) (79,95) (0,0))
((80,80) (95,95) (0,0))
((96,80) (111,95) (0,0))
((112,80) (127,95) (0,0))
((0,96) (15,111) (0,0))
((16,96) (31,111) (0,0))
((32,96) (47,111) (0,0))
((48,96) (63,111) (0,0))
((64,96) (79,111) (0,0))
((80,96) (95,111) (0,0))
((96,96) (111,111) (0,0))
((112,96) (127,111) (0,0))
((0,112) (15,127) (0,0))
((16,112) (31,127) (0,0))
((32,112) (47,127) (0,0))
((48,112) (63,127) (0,0))
((64,112) (79,127) (0,0))
((80,112) (95,127) (0,0))
((96,112) (111,127) (0,0))
((112,112) (127,127) (0,0))
)
64
FabOnDisk: Cell_D_00000 0
FabOnDisk: Cell_D_00000 18514
FabOnDisk: Cell_D_00000 37029
FabOnDisk: Cell_D_00000 55544
FabOnDisk: Cell_D_00000 74059
FabOnDisk: Cell_D_00000 92574
FabOnDisk: Cell_D_00000 111089
FabOnDisk: Cell_D_00000 129605
FabOnDisk: Cell_D_00000 148122
FabOnDisk: Cell_D_00000 166637
FabOnDisk: Cell_D_00000 185153
FabOnDisk: Cell_D_00000 203669
FabOnDisk: Cell_D_00000 222185
FabOnDisk: Cell_D_00000 240701
FabOnDisk: Cell_D_00000 259217
FabOnDisk: Cell_D_00000 277734
FabOnDisk: Cell_D_00000 296252
FabOnDisk: Cell_D_00000 314767
FabOnDisk: Cell_D_00000 333283
FabOnDisk: Cell_D_00000 351799
FabOnDisk: Cell_D_00000 370315
FabOnDisk: Cell_D_00000 388831
FabOnDisk: Cell_D_00000 407347
FabOnDisk: Cell_D_00000 425864
FabOnDisk: Cell_D_00000 444382
FabOnDisk: Cell_D_00000 462897
FabOnDisk: Cell_D_00000 481413
FabOnDisk: Cell_D_00000 499929
FabOnDisk: Cell_D_00000 518445
FabOnDisk: Cell_D_00000 536961
FabOnDisk: Cell_D_00000 555477
FabOnDisk: Cell_D_00000 573994
FabOnDisk: Cell_D_00000 592512
FabOnDisk: Cell_D_00000 611027
FabOnDisk: Cell_D_00000 629543
FabOnDisk: Cell_D_00000 648059
FabOnDisk: Cell_D_00000 666575
FabOnDisk: Cell_D_00000 685091
FabOnDisk: Cell_D_00000 703607
FabOnDisk: Cell_D_00000 722124
FabOnDisk: Cell_D_00000 740642
FabOnDisk: Cell_D_00000 759157
FabOnDisk: Cell_D_00000 777673
FabOnDisk: Cell_D_00000 796189
FabOnDisk: Cell_D_00000 814705
FabOnDisk: Cell_D_00000 833221
FabOnDisk: Cell_D_00000 851737
FabOnDisk: Cell_D_00000 870254
FabOnDisk: Cell_D_00000 888772
FabOnDisk: Cell_D_00000 907288
FabOnDisk: Cell_D_00000 925805
FabOnDisk: Cell_D_00000 944322
FabOnDisk: Cell_D_00000 962839
FabOnDisk: Cell_D_00000 981356
FabOnDisk: Cell_D_00000 999873
FabOnDisk: Cell_D_00000 1018391
FabOnDisk: Cell_D_00000 1036910
FabOnDisk: Cell_D_00000 1055427
FabOnDisk: Cell_D_00000 1073945
FabOnDisk: Cell_D_00000 1092463
FabOnDisk: Cell_D_00000 1110981
FabOnDisk: Cell_D_00000 1129499
FabOnDisk: Cell_D_00000 1148017
FabOnDisk: Cell_D_00000 1166536

64,9
1.0000043273416988e+00,-6.5089453971645464e-03,9.9999999999993561e-01,4.4940943821963943e-15,-5.7192349602214032e-01,6.8468592001699746e-03,5.3365614357725379e-04,9.0550377377022710e-03,1.0000000000000000e+00,
1.0030592743665205e+00,-5.9111619757968555e-03,9.9999999999988465e-01,1.4474651827939613e-13,-6.2148452798566778e-01,-1.9117593575508438e-01,7.2954004683243451e-05,4.2766630666773052e-03,1.0000000000000000e+00,
1.0062054346484202e+00,-1.0192095231671768e-03,9.9999999999989264e-01,2.8363729994045415e-13,-4.6481357534962364e-01,-2.3364264973391316e-01,1.7218676493305218e-07,1.1111093610712904e-03,1.0000000000000000e+00,
1.0039008442694788e+00,5.3754703991756892e-05,9.9999999999997713e-01,4.1198807644736109e-13,-1.9926403122844866e-01,-1.8518808502171250e-01,2.7421429082269411e-06,2.5398283670759376e-04,1.0000000000000000e+00,
1.0018954585430928e+00,4.6624244174438325e-05,9.9999999999999412e-01,5.2472436062012422e-13,-7.1252055851893675e-02,-7.1081006114519230e-02,9.9656371711472416e-06,7.4292779590613147e-05,1.0000000000000000e+00,
1.0008900006239674e+00,2.5237586006858015e-05,9.9999999999997502e-01,6.1738183901424680e-13,-2.1430920412795127e-02,-2.0476736931926205e-02,1.5975020026433306e-08,2.8214740032319188e-05,1.0000000000000000e+00,
1.0004311304201596e+00,1.1737489542585917e-05,9.9999999999992117e-01,6.8625694469423828e-13,-6.4052817481466944e-03,-5.5930701516571880e-03,8.9926222157773669e-07,1.1296414334088742e-05,1.0000000000000000e+00,
1.0002480319740610e+00,3.6711171454560295e-06,9.9999999999978684e-01,7.2849684571151995e-13,-8.0566762950698458e-03,-1.5375840549733666e-03,2.4622312014797865e-07,1.8143729423954859e-06,1.0000000000000000e+00,
1.0000078219896071e+00,-2.0214590398472180e-02,9.9999999999991751e-01,4.4942067972919351e-15,-1.8198979642598574e+00,2.4776013780901454e-01,2.1368955127168410e-02,1.0275188224190671e-02,1.0000000000000000e+00,
1.0048562203083886e+00,-1.7702734825432765e-02,9.9999999999999323e-01,1.4695425262203074e-13,-1.8711780112492042e+00,-1.0923110661567275e+00,4.1631861507941681e-04,-9.0193089802166398e-04,1.0000000000000000e+00,
1.0070880178700412e+00,-1.0501927497566412e-03,1.0000000000000009e+00,2.8510382940548897e-13,-6.1650404507090040e-01,-1.0899607204716544e+00,5.6930327401935599e-06,-2.5692120776307334e-03,1.0000000000000000e+00,
1.0021733890327025e+00,2.3408476180865742e-03,1.0000000000000033e+00,4.1297836109451067e-13,-1.4294852880910253e-01,-3.8405591605289424e-01,1.0235413822994033e-04,-1.9260895456648460e-03,1.0000000000000000e+00,
1.0005081708020527e+00,1.5156177547524967e-03,1.0000000000000022e+00,5.2535146564280510e-13,-2.6656832553828252e-02,-8.4941723272650677e-02,2.1429913538151268e-07,-5.5274367050166099e-04,1.0000000000000000e+00,
1.0001232863488705e+00,7.8028750740543706e-04,1.0000000000000013e+00,6.1775843672031249e-13,-5.6312092349793813e-03,-2.1888480915244719e-02,5.2398180221818746e-07,-1.2240841789504443e-04,1.0000000000000000e+00,
1.0000339957957185e+00,3.5445257347381119e-04,1.0000000000000009e+00,6.8647561381556544e-13,-1.9446212949175926e-03,-5.8949826400833544e-03,2.4231081531284754e-05,-2.5297197582235121e-05,1.0000000000000000e+00,
1.0000125084218789e+00,1.0996051002966540e-04,9.9999999999999500e-01,7.2862672735018069e-13,-5.5232251995990462e-03,-1.6611259506650699e-03,3.8810060373761779e-08,-4.7752112489675918e-06,1.0000000000000000e+00,
1.0000254440677923e+00,-6.0623968528110132e-02,9.9999999999991795e-01,4.4348869786406668e-15,-8.9041517734153857e+00,6.4393260263909302e-01,1.7151357182121352e-02,1.4483319735219068e-02,1.0000000000000000e+00,
1.0135878332158015e+00,-5.7521016407171867e-02,9.9999999999997036e-01,1.4594129503128749e-13,-1.0787360594230295e+01,-9.9638731938726153e+00,5.9383219460085179e-04,-3.5299477694351544e-02,1.0000000000000000e+00,
9.9893133710730708e-01,1.7113698458465117e-03,9.9999999999998423e-01,2.8567654795315180e-13,-5.9793162779988784e-01,-6.0571487092898435e+00,4.4296846782310162e-05,-3.0422238733579382e-02,1.0000000000000000e+00,
9.9613237180677650e-01,5.4600031671719800e-03,9.9999999999999489e-01,4.1366857844228635e-13,8.2945803545483088e-02,-3.8043781600558640e-01,1.7021615494189346e-05,-4.0001713309695637e-03,1.0000000000000000e+00,
9.9668429624289523e-01,2.4157652052596828e-03,9.9999999999999734e-01,5.2579982065229209e-13,1.1182490962549198e-02,-5.4391036472985967e-02,1.1800691555874376e-06,-6.9575453332283049e-04,1.0000000000000000e+00,
9.9829238371539242e-01,9.6707566084452794e-04,9.9999999999999822e-01,6.1799659656231921e-13,2.8386176625569953e-03,-9.6079549311844387e-03,8.1389909171655783e-05,-1.4355887829018069e-04,1.0000000000000000e+00,
9.9919262897965544e-01,3.9315740881893334e-04,1.0000000000000000e+00,6.8660139742851007e-13,1.0245809081327066e-03,-2.9367924458040800e-03,4.9773987276149206e-05,-3.3777653341776024e-05,1.0000000000000000e+00,
9.9960648881081082e-01,1.1746934095039870e-04,9.9999999999999267e-01,7.2869842191682211e-13,-7.5799113487901026e-05,-1.1280807375706639e-03,5.4078797455305722e-06,-1.0395088720746212e-05,1.0000000000000000e+00,
8.3305558462865004e-01,-1.3200089536381479e-01,9.9999999999946199e-01,-3.9490233068384985e-13,-1.5508909572559787e+01,5.0970049823245578e-01,8.0477363887410114e-02,3.0491223831135915e-02,1.0000000000000000e+00,
-5.0396972872453527e-01,-6.6819966988391399e-01,0.0000000000000000e+00,-5.4311404652928143e-13,-6.6585701845665119e+02,-4.2140502332003666e+02,0.0000000000000000e+00,-8.2463848397267137e-01,0.0000000000000000e+00,
4.8505394565368326e-01,1.7870042419428022e-03,9.9999999999980260e-01,2.8278950445038241e-13,-4.9529329457711512e+01,-9.1271531654163542e+00,2.9147418421443527e-03,-7.2393394512998019e-02,1.0000000000000000e+00,
9.6968233419009819e-01,3.0439686838386673e-04,9.9999999999998512e-01,4.1509667438101679e-13,-1.4475949411793296e+00,1.1129043753019914e-02,3.1786356101252446e-04,-3.1800699309757789e-03,1.0000000000000000e+00,
9.9186540386237287e-01,9.1836136358794705e-05,9.9999999999999678e-01,5.2642240468125911e-13,-1.3629659584510836e-01,1.3524493006072491e-03,3.6215768148164899e-05,-3.1015798103622256e-04,1.0000000000000000e+00,
9.9698680206330603e-01,3.4455344211351596e-05,9.9999999999999789e-01,6.1827386970088659e-13,-1.7273923518069348e-02,1.8631193210673011e-04,7.3282134077504776e-06,-6.9276371748412929e-05,1.0000000000000000e+00,
9.9872990722632482e-01,1.3640688188179095e-05,9.9999999999999989e-01,6.8673029947767918e-13,-1.4776827165166422e-03,1.7215935631641611e-05,2.1816949022907916e-06,-2.5840406305095488e-05,1.0000000000000000e+00,
9.9940985087662537e-01,4.0400925276235774e-06,9.9999999999999256e-01,7.2876961173444799e-13,-6.0616479389910484e-04,-2.4145957966255699e-04,3.7408043114420080e-07,-1.0383429291177976e-05,1.0000000000000000e+00,
8.3305558462865315e-01,1.5846246442116551e-04,9.9999999999921430e-01,-4.3893795996121072e-13,-1.5508909572559700e+01,-4.7816468696440154e+01,8.0477363890985032e-02,3.0491223831132092e-02,1.0000000000000000e+00,
-5.0396972872458690e-01,-6.9549482737969359e-01,0.0000000000000000e+00,-5.8376461163708267e-13,-6.6585701845656740e+02,-5.4349213407722209e+02,0.0000000000000000e+00,-8.2463848397265083e-01,0.0000000000000000e+00,
4.8505394565368898e-01,-3.2549009669812939e-01,9.9999999999991884e-01,2.8214203516817681e-13,-4.9529329457710958e+01,-1.0172762202703908e+02,2.9147418405983672e-03,-7.2393394513011175e-02,1.0000000000000000e+00,
9.6968233419009919e-01,-2.1791082968706698e-02,9.9999999999999067e-01,4.1509998111871245e-13,-1.4475949411774991e+00,-1.3247210525874393e+00,3.1786355948154425e-04,-3.1800699309793858e-03,1.0000000000000000e+00,
9.9186540386237287e-01,-6.1663433384739090e-03,9.9999999999999456e-01,5.2642540073466672e-13,-1.3629659584380599e-01,-1.3454029394696351e-01,3.6215768104363132e-05,-3.1015798103705561e-04,1.0000000000000000e+00,
9.9698680206330537e-01,-2.1930974500998005e-03,9.9999999999999711e-01,6.1827730748161491e-13,-1.7273923518804482e-02,-1.9366200904569284e-02,7.3282119283674552e-06,-6.9276371749577524e-05,1.0000000000000000e+00,
9.9872990722632582e-01,-8.7566564497514369e-04,9.9999999999999967e-01,6.8673578816705003e-13,-1.4776827175291352e-03,-2.6390582936144449e-03,2.1816959132280023e-06,-2.5840406302929896e-05,1.0000000000000000e+00,
9.9940985087662459e-01,-3.5365018242503228e-04,9.9999999999999234e-01,7.2877288701218304e-13,-6.0616479417728076e-04,-1.6606575399534561e-04,3.7407953070480978e-07,-1.0383429289739968e-05,1.0000000000000000e+00,
1.0000254440677925e+00,6.5029301141655165e-04,9.9999999999921352e-01,4.4392011641196997e-15,-8.9041517734132274e+00,-6.2972326553339926e+00,1.7151357182088045e-02,1.4483319735218160e-02,1.0000000000000000e+00,
1.0135878332158097e+00,-2.9753635501127952e-02,1.0000000000000118e+00,1.4594459652927163e-13,-1.0787360594230117e+01,-2.5348153285806863e+00,5.9383219468411852e-04,-3.5299477694359302e-02,1.0000000000000000e+00,
9.9893133710731108e-01,-3.8634126988469332e-02,9.9999999999999156e-01,2.8568056756118846e-13,-5.9793162780664044e-01,-4.3721551185909646e-01,4.4296843249025386e-05,-3.0422238733588635e-02,1.0000000000000000e+00,
9.9613237180678160e-01,-2.0241330412936073e-02,9.9999999999999867e-01,4.1367384942128754e-13,8.2945803543758204e-02,-4.3225558937060493e-01,1.7021616414286678e-05,-4.0001713309740080e-03,1.0000000000000000e+00,
9.9668429624290023e-01,-6.4742792912019830e-03,1.0000000000000011e+00,5.2580601582903823e-13,1.1182490958895869e-02,-1.0777998595047608e-01,1.1800689501961781e-06,-6.9575453332256529e-04,1.0000000000000000e+00,
9.9829238371539475e-01,-2.6277799470627405e-03,1.0000000000000002e+00,6.1800578227081630e-13,2.8386176633728834e-03,-1.7686587176338763e-02,8.1389910103028817e-05,-1.4355887829237693e-04,1.0000000000000000e+00,
9.9919262897965744e-01,-1.1508626084881395e-03,9.9999999999999989e-01,6.8660905685447253e-13,1.0245809094326520e-03,-2.3171568370163433e-03,4.9773984481899999e-05,-3.3777653341008375e-05,1.0000000000000000e+00,
9.9960648881081104e-01,-4.8791107721791321e-04,9.9999999999999167e-01,7.2870782045372961e-13,-7.5799114006895596e-05,3.0074150991592219e-06,5.4078812545231558e-06,-1.0395088719139682e-05,1.0000000000000000e+00,
1.0000078219896069e+00,1.7864155038267918e-04,9.9999999999939382e-01,4.5026378776340418e-15,-1.8198979642638222e+00,-1.9389532006277777e+00,2.1368955127056694e-02,1.0275188224184210e-02,1.0000000000000000e+00,
1.0048562203084004e+00,-1.6767348213051129e-04,1.0000000000000118e+00,1.4694433860329557e-13,-1.8711780112498575e+00,-4.4875781799296921e-01,4.1631861164605211e-04,-9.0193089802727115e-04,1.0000000000000000e+00,
1.0070880178700488e+00,-7.9411338908255743e-03,1.0000000000000058e+00,2.8510849791246803e-13,-6.1650404507237078e-01,2.0767517067011743e-01,5.6930298737364882e-06,-2.5692120776327531e-03,1.0000000000000000e+00,
1.0021733890327076e+00,-7.9030380227218134e-03,1.0000000000000069e+00,4.1298462940059881e-13,-1.4294852880648085e-01,6.8452666102342768e-02,1.0235413685673322e-04,-1.9260895456638606e-03,1.0000000000000000e+00,
1.0005081708020573e+00,-5.0616832859102876e-03,1.0000000000000053e+00,5.2536089838365597e-13,-2.6656832555063271e-02,1.2489979353211339e-02,2.1429749398615972e-07,-5.5274367050209196e-04,1.0000000000000000e+00,
1.0001232863488712e+00,-2.4779816207227698e-03,1.0000000000000031e+00,6.1776801520191849e-13,-5.6312092306786219e-03,3.5571916357535708e-03,5.2398135674119883e-07,-1.2240841789563065e-04,1.0000000000000000e+00,
1.0000339957957203e+00,-1.1341923847959952e-03,1.0000000000000000e+00,6.8648857990508301e-13,-1.9446212937412333e-03,1.2847379427799012e-03,2.4231081617500511e-05,-2.5297197581120839e-05,1.0000000000000000e+00,
1.0000125084218803e+00,-4.8564055040870827e-04,9.9999999999999134e-01,7.2864042726461045e-13,-5.5232251990902622e-03,1.4480786677137367e-04,3.8809403542401644e-08,-4.7752112461503271e-06,1.0000000000000000e+00,
1.0000043273416988e+00,4.3268218946056707e-06,9.9999999999846512e-01,4.5098486805771874e-15,-5.7192349601876347e-01,-5.2690625930491142e-01,5.3365615609087674e-04,9.0550377376990409e-03,1.0000000000000000e+00,
1.0030592743664271e+00,4.9733160953724097e-05,9.9999999999876610e-01,1.4636611728915836e-13,-6.2148452798822529e-01,-1.9801692404927512e-01,7.2954032363532068e-05,4.2766630666753397e-03,1.0000000000000000e+00,
1.0062054346483860e+00,-2.0450151504521402e-03,9.9999999999951050e-01,2.8463085825228439e-13,-4.6481357535017831e-01,4.4207639706757285e-03,1.7218462523838074e-07,1.1111093610733445e-03,1.0000000000000000e+00,
1.0039008442694841e+00,-2.4213728699366490e-03,9.9999999999983635e-01,4.1259113252286224e-13,-1.9926403122284769e-01,2.7448460177118428e-03,2.7421376416932042e-06,2.5398283670532594e-04,1.0000000000000000e+00,
1.0018954585430937e+00,-2.2141726588241653e-03,9.9999999999993572e-01,5.2509153533674490e-13,-7.1252055851156293e-02,9.0258716977926860e-04,9.9656381701961755e-06,7.4292779588914284e-05,1.0000000000000000e+00,
1.0008900006239669e+00,-1.3756421798887801e-03,9.9999999999993539e-01,6.1760721398651115e-13,-2.1430920411611265e-02,2.5632890503533368e-04,1.5972098242524740e-08,2.8214740033750291e-05,1.0000000000000000e+00,
1.0004311304201554e+00,-7.0630464468666272e-04,9.9999999999993616e-01,6.8639830955068532e-13,-6.4052817439251251e-03,6.9469523927739364e-05,8.9925925402965443e-07,1.1296414342667813e-05,1.0000000000000000e+00,
1.0002480319740532e+00,-3.1857383022129801e-04,9.9999999999994060e-01,7.2858799411389826e-13,-8.0566762983708493e-03,4.9342900593860598e-06,2.4622725869403832e-07,1.8143729429427822e-06,1.0000000000000000e+00,

64,9
1.0041319381439815e+00,-4.3268218943499659e-06,1.0000000000000682e+00,1.4151701071663410e-13,-1.3824006413697826e-02,5.2690625930578849e-01,2.4840652647276404e+00,1.3273903558653799e-02,1.0000000000000000e+00,
1.0086641638540472e+00,-4.9733160952511437e-05,1.0000000000000324e+00,2.7856460823202927e-13,-3.6946097196906558e-01,1.9801692404850907e-01,1.8341093282256415e-02,9.7631998568545302e-03,1.0000000000000000e+00,
1.0087167777565385e+00,2.0450151504561843e-03,1.0000000000000311e+00,4.0638744227846643e-13,-1.6525468593240084e-01,-4.4207639696189349e-03,2.5960895591797123e-03,4.7919609881530963e-03,1.0000000000000000e+00,
1.0067921463987275e+00,2.4213728699385441e-03,1.0000000000000160e+00,5.1942978339275111e-13,-3.5311455075948128e-02,-2.7448460183059856e-03,2.9277999478986849e-03,1.8726807607343477e-03,1.0000000000000000e+00,
1.0040054789601736e+00,2.2141726588246475e-03,1.0000000000000160e+00,6.1297722930561584e-13,-7.9452131904538432e-03,-9.0258716955861178e-04,5.8739525033487533e-04,5.9944264343799586e-04,1.0000000000000000e+00,
1.0021886980302783e+00,1.3756421798907744e-03,1.0000000000000040e+00,6.8314010779889066e-13,-2.5470204544369764e-03,-2.5632890388775989e-04,3.0220212684573043e-04,1.8167141537002719e-04,1.0000000000000000e+00,
1.0011004232699774e+00,7.0630464468777532e-04,1.0000000000000100e+00,7.2693852734646763e-13,-1.1060814345755505e-03,-6.9469523545563519e-05,2.1067674514250654e-04,5.7833259968326848e-05,1.0000000000000000e+00,
1.0005549876525710e+00,3.1857383022137364e-04,1.0000000000000617e+00,7.4238115999038378e-13,9.5642572058863770e-05,-4.9342884375171880e-06,3.4372886725655321e-03,1.9084905766083240e-05,1.0000000000000000e+00,
1.0114515830179125e+00,-1.7864155038302412e-04,1.0000000000001605e+00,1.3833856239142696e-13,-2.5020222614054871e-02,1.9389532006285668e+00,7.1178199520434084e+00,2.4241348069988865e-02,1.0000000000000000e+00,
1.0194466980704815e+00,1.6767348213257821e-04,1.0000000000000129e+00,2.7720604875569643e-13,-5.0634670022099282e-01,4.4875781799350378e-01,5.5970671465552235e-02,1.2944377425665246e-02,1.0000000000000000e+00,
1.0182608704945955e+00,7.9411338908265475e-03,1.0000000000000131e+00,4.0602659262555619e-13,1.7288012254890575e-01,-2.0767517067297353e-01,1.4546293475520278e-02,3.8459595230948777e-03,1.0000000000000000e+00,
1.0077342869095050e+00,7.9030380227218030e-03,1.0000000000000073e+00,5.1929720157718879e-13,1.8066129285277494e-01,-6.8452666103874807e-02,8.9089539557607456e-03,8.9213990290371958e-04,1.0000000000000000e+00,
1.0036919443831414e+00,5.0616832859093595e-03,1.0000000000000062e+00,6.1287403490483079e-13,7.9434990154496232e-02,-1.2489979351642047e-02,5.6270874124533798e-04,1.8755951128716087e-04,1.0000000000000000e+00,
1.0017554855895539e+00,2.4779816207207055e-03,1.0000000000000053e+00,6.8305424803137359e-13,1.8992124129481595e-02,-3.5571916363756869e-03,1.4101033012359210e-04,5.6549111729348033e-05,1.0000000000000000e+00,
1.0008160181803729e+00,1.1341923847954384e-03,1.0000000000000060e+00,7.2688061174629324e-13,4.0467205091534097e-03,-1.2847379432353988e-03,9.9945501434370310e-05,2.3131978797948365e-05,1.0000000000000000e+00,
1.0003952517361281e+00,4.8564055040831964e-04,1.0000000000000122e+00,7.4236211790615722e-13,8.6734177605338615e-04,-1.4480786569212730e-04,5.1602567164488536e-03,9.6453816843532907e-06,1.0000000000000000e+00,
1.0321603672326845e+00,-6.5029301141651165e-04,1.0000000000001601e+00,1.3830129933929660e-13,-8.1346113589084168e-02,6.2972326553344100e+00,1.5481691390418273e+01,6.1231449283088248e-02,1.0000000000000000e+00,
1.0734556838952858e+00,2.9753635501123709e-02,1.0000000000000160e+00,2.7897040343706136e-13,3.0168969774934156e+00,2.5348153285817716e+00,2.4478390328678268e-01,2.2175354734780110e-02,1.0000000000000000e+00,
1.0490901132871184e+00,3.8634126988464239e-02,1.0000000000000113e+00,4.0747122585898317e-13,4.2429804882503781e+00,4.3721551185996843e-01,2.3243996650244014e-01,-2.0376969460783722e-03,1.0000000000000000e+00,
1.0076162190296776e+00,2.0241330412934137e-02,1.0000000000000062e+00,5.1995101411622438e-13,8.5935914472573405e-01,4.3225558937166664e-01,1.3226080220388181e-02,-4.2857149672968417e-04,1.0000000000000000e+00,
1.0017751496931615e+00,6.4742792912001901e-03,1.0000000000000049e+00,6.1316543047237085e-13,1.1501718586080531e-01,1.0777998594953507e-01,2.7917035367613918e-03,-8.7227570723789162e-05,1.0000000000000000e+00,
1.0003448196419586e+00,2.6277799470611728e-03,1.0000000000000038e+00,6.8319431175758986e-13,2.1938953311790646e-02,1.7686587176792869e-02,5.7856558986178752e-04,-2.9048489886570041e-05,1.0000000000000000e+00,
1.0000558045542265e+00,1.1508626084864766e-03,1.0000000000000024e+00,7.2695552223824508e-13,4.6562284821135124e-03,2.3171568367241239e-03,1.5654792013056196e-04,-6.1221822732964759e-06,1.0000000000000000e+00,
1.0000035471174873e+00,4.8791107721736764e-04,1.0000000000000022e+00,7.4241968239739776e-13,5.5368129014568591e-03,-3.0074141294487988e-06,5.1730768881003836e-03,-7.7997750766629788e-08,1.0000000000000000e+00,
1.0331585311420908e+00,-1.5846246441978263e-04,1.0000000000001896e+00,1.3704573073949039e-13,5.6505106516802236e+01,4.7816468696437525e+01,1.4967621326720288e+01,2.6183124070234010e-01,1.0000000000000000e+00,
1.5144190778226851e+00,6.9549482737973334e-01,1.0000000000001603e+00,7.9050129556876413e-13,7.1710796614534729e+02,5.4349213407715968e+02,2.4409497899885741e+03,5.0300383873699206e-01,1.0000000000000000e+00,
1.0644299236540600e+00,3.2549009669813833e-01,1.0000000000001297e+00,4.0890081077169135e-13,6.6206911158322299e+01,1.0172762202702847e+02,4.0268499490792387e+01,1.2330495568387154e-01,1.0000000000000000e+00,
9.9661083941049522e-01,2.1791082968702920e-02,1.0000000000000042e+00,5.2034072916122496e-13,8.3672042485073006e-01,1.3247210525864577e+00,5.8200392739918283e-02,5.9315961634949614e-03,1.0000000000000000e+00,
9.9806973436541535e-01,6.1663433384716842e-03,1.0000000000000011e+00,6.1331178364885938e-13,5.9505791404817397e-02,1.3454029394755435e-01,3.6848092296211388e-03,6.3641610101182119e-04,1.0000000000000000e+00,
9.9910122047665606e-01,2.1930974500974352e-03,1.0000000000000000e+00,6.8325890096309231e-13,7.9628577616656752e-03,1.9366200904852110e-02,5.8987054909961922e-04,6.1391399978217250e-05,1.0000000000000000e+00,
9.9956698171840042e-01,8.7566564497344116e-04,1.0000000000000000e+00,7.2698993112741246e-13,2.3100384968121196e-03,2.6390582962590742e-03,1.5149402460010522e-04,-7.9975821549454706e-06,1.0000000000000000e+00,
9.9975156579746460e-01,3.5365018242347211e-04,1.0000000000000013e+00,7.4244584392000981e-13,7.9687068042926072e-03,1.6606575422859816e-04,3.6950121257257277e-03,-1.8156509921476202e-06,1.0000000000000000e+00,
1.0331585311420983e+00,1.3200089536382381e-01,1.0000000000002731e+00,1.3707253942202576e-13,5.6505106516802414e+01,-5.0970049823200958e-01,1.4967621326722192e+01,2.6183124070234037e-01,1.0000000000000000e+00,
1.5144190778226632e+00,6.6819966988390089e-01,1.0000000000001990e+00,8.1372067826622259e-13,7.1710796614527351e+02,4.2140502331999801e+02,2.4409497899884236e+03,5.0300383873699772e-01,1.0000000000000000e+00,
1.0644299236540664e+00,-1.7870042419481369e-03,1.0000000000001161e+00,4.0890058122251824e-13,6.6206911158329646e+01,9.1271531654194060e+00,4.0268499490795904e+01,1.2330495568387191e-01,1.0000000000000000e+00,
9.9661083941050010e-01,-3.0439686838789855e-04,1.0000000000000029e+00,5.2034061030491714e-13,8.3672042485152409e-01,-1.1129043753763069e-02,5.8200392736709738e-02,5.9315961634948157e-03,1.0000000000000000e+00,
9.9806973436541691e-01,-9.1836136361586214e-05,1.0000000000000033e+00,6.1331128640996849e-13,5.9505791406689774e-02,-1.3524493004546368e-03,3.6848092285553247e-03,6.3641610101150732e-04,1.0000000000000000e+00,
9.9910122047665517e-01,-3.4455344213547091e-05,1.0000000000000027e+00,6.8325858878045090e-13,7.9628577633549177e-03,-1.8631193055048800e-04,5.8987054852820131e-04,6.1391399977997306e-05,1.0000000000000000e+00,
9.9956698171840186e-01,-1.3640688189741808e-05,1.0000000000000000e+00,7.2699035089934870e-13,2.3100384961449233e-03,-1.7215934249340762e-05,1.5149402447746027e-04,-7.9975821545119930e-06,1.0000000000000000e+00,
9.9975156579746471e-01,-4.0400925274346128e-06,1.0000000000000000e+00,7.4244649960011778e-13,7.9687068045099941e-03,2.4145957971491666e-04,3.6950121280113885e-03,-1.8156509920655565e-06,1.0000000000000000e+00,
1.0321603672326924e+00,6.0623968528118084e-02,1.0000000000002323e+00,1.3833878257684372e-13,-8.1346113586257610e-02,-6.4393260263944441e-01,1.5481691390415502e+01,6.1231449283098982e-02,1.0000000000000000e+00,
1.0734556838953004e+00,5.7521016407178820e-02,1.0000000000000544e+00,2.7897588285925614e-13,3.0168969774911023e+00,9.9638731938731908e+00,2.4478390328785404e-01,2.2175354734776775e-02,1.0000000000000000e+00,
1.0490901132871300e+00,-1.7113698458449656e-03,1.0000000000000187e+00,4.0747239422573629e-13,4.2429804882530409e+00,6.0571487092896925e+00,2.3243996650372245e-01,-2.0376969460848614e-03,1.0000000000000000e+00,
1.0076162190296825e+00,-5.4600031671720355e-03,1.0000000000000080e+00,5.1995479654026000e-13,8.5935914472443864e-01,3.8043781600574778e-01,1.3226080220191117e-02,-4.2857149673090195e-04,1.0000000000000000e+00,
1.0017751496931631e+00,-2.4157652052618482e-03,1.0000000000000073e+00,6.1317013524175541e-13,1.1501718586205022e-01,5.4391036474286891e-02,2.7917035374282195e-03,-8.7227570724122147e-05,1.0000000000000000e+00,
1.0003448196419613e+00,-9.6707566084644719e-04,1.0000000000000056e+00,6.8319782914132933e-13,2.1938953312824805e-02,9.6079549312970934e-03,5.7856558946661751e-04,-2.9048489885271960e-05,1.0000000000000000e+00,
1.0000558045542285e+00,-3.9315740882090870e-04,1.0000000000000047e+00,7.2696166203510492e-13,4.6562284836172852e-03,2.9367924452716439e-03,1.5654791904315055e-04,-6.1221822704213251e-06,1.0000000000000000e+00,
1.0000035471174895e+00,-1.1746934095100232e-04,1.0000000000000000e+00,7.4242541514585944e-13,5.5368129021532674e-03,1.1280807357034117e-03,5.1730768887160803e-03,-7.7997750968711958e-08,1.0000000000000000e+00,
1.0114515830179216e+00,2.0214590398471059e-02,1.0000000000001517e+00,1.3838398477862977e-13,-2.5020222615513080e-02,-2.4776013780590767e-01,7.1178199520479186e+00,2.4241348069998080e-02,1.0000000000000000e+00,
1.0194466980704910e+00,1.7702734825431787e-02,1.0000000000000362e+00,2.7720967709088918e-13,-5.0634670021523498e-01,1.0923110661540956e+00,5.5970671466906707e-02,1.2944377425663263e-02,1.0000000000000000e+00,
1.0182608704946052e+00,1.0501927497606762e-03,1.0000000000000318e+00,4.0603077874421571e-13,1.7288012255222204e-01,1.0899607204722259e+00,1.4546293474401034e-02,3.8459595230943117e-03,1.0000000000000000e+00,
1.0077342869095094e+00,-2.3408476180837657e-03,1.0000000000000207e+00,5.1930443845031860e-13,1.8066129285196181e-01,3.8405591605284067e-01,8.9089539572241583e-03,8.9213990290754205e-04,1.0000000000000000e+00,
1.0036919443831449e+00,-1.5156177547510654e-03,1.0000000000000122e+00,6.1288053624360486e-13,7.9434990152328896e-02,8.4941723272717401e-02,5.6270874189412456e-04,1.8755951128554148e-04,1.0000000000000000e+00,
1.0017554855895554e+00,-7.8028750740495524e-04,1.0000000000000082e+00,6.8306382108555103e-13,1.8992124133746728e-02,2.1888480915377016e-02,1.4101033383659423e-04,5.6549111729588801e-05,1.0000000000000000e+00,
1.0008160181803736e+00,-3.5445257347356432e-04,1.0000000000000058e+00,7.2688885218737249e-13,4.0467205050803293e-03,5.8949826404359846e-03,9.9945501836479211e-05,2.3131978799181980e-05,1.0000000000000000e+00,
1.0003952517361254e+00,-1.0996051002963365e-04,1.0000000000000000e+00,7.4237197187964585e-13,8.6734177972505643e-04,1.6611259506597491e-03,5.1602567169942290e-03,9.6453816920451004e-06,1.0000000000000000e+00,
1.0041319381439937e+00,6.5089453971537209e-03,1.0000000000002964e+00,1.3869207795588261e-13,-1.3824006419285370e-02,-6.8468592013593010e-03,2.4840652647281396e+00,1.3273903558652628e-02,1.0000000000000000e+00,
1.0086641638540592e+00,5.9111619757901881e-03,1.0000000000002562e+00,2.7679055903776784e-13,-3.6946097196522837e-01,1.9117593575415648e-01,1.8341093283622684e-02,9.7631998568494492e-03,1.0000000000000000e+00,
1.0087167777565502e+00,1.0192095231722769e-03,1.0000000000000999e+00,4.0537103625393269e-13,-1.6525468593235892e-01,2.3364264973611679e-01,2.5960895578270617e-03,4.7919609881518143e-03,1.0000000000000000e+00,
1.0067921463987337e+00,-5.3754703990435622e-05,1.0000000000000380e+00,5.1885889505694541e-13,-3.5311455072931916e-02,1.8518808502089631e-01,2.9277999484489392e-03,1.8726807607334990e-03,1.0000000000000000e+00,
1.0040054789601631e+00,-4.6624244174229358e-05,1.0000000000000131e+00,6.1264008200239796e-13,-7.9452131894346047e-03,7.1081006114147083e-02,5.8739525248905494e-04,5.9944264343612247e-04,1.0000000000000000e+00,
1.0021886980302728e+00,-2.5237586006886783e-05,1.0000000000000075e+00,6.8293928595101808e-13,-2.5470204575816675e-03,2.0476736930712027e-02,3.0220212673710964e-04,1.8167141537126815e-04,1.0000000000000000e+00,
1.0011004232699776e+00,-1.1737489542158839e-05,1.0000000000000062e+00,7.2682189244843334e-13,-1.1060814347567506e-03,5.5930701516805357e-03,2.1067674738100184e-04,5.7833259976685687e-05,1.0000000000000000e+00,
1.0005549876525763e+00,-3.6711171460242574e-06,1.0000000000000240e+00,7.4231993088462464e-13,9.5642571657939251e-05,1.5375840582508367e-03,3.4372886759279140e-03,1.9084905771272648e-05,1.0000000000000000e+00,

