1
1
4
2
(4 0
((120,88) (127,95) (0,0))
((112,96) (127,111) (0,0))
((0,112) (63,127) (0,0))
((64,112) (127,127) (0,0))
)
4
FabOnDisk: SD_0_Old_MF_D_00003 0
FabOnDisk: SD_0_Old_MF_D_00001 0
FabOnDisk: SD_0_Old_MF_D_00002 0
FabOnDisk: SD_0_Old_MF_D_00000 0

4,4
-1.6482698065748869e-01,-5.3121789666591224e-01,9.9999999999053846e-01,0.0000000000000000e+00,
-1.5621905282965626e-01,-6.5716168100898553e-01,9.9993599156599511e-01,0.0000000000000000e+00,
-7.9281402510222337e-02,-3.2764341255641437e-03,9.9999999999886613e-01,0.0000000000000000e+00,
-5.3275007144153910e-02,-6.7303645945692392e-01,9.9999873930064365e-01,0.0000000000000000e+00,

4,4
-1.1524201665343099e-03,-1.2497153787449644e-02,1.0000000000006881e+00,0.0000000000000000e+00,
8.5230513029098842e-02,-4.3167918073144171e-02,1.0002165046076001e+00,0.0000000000000000e+00,
9.1664120790175607e-01,2.0788600674880608e-01,1.0000000000025626e+00,0.0000000000000000e+00,
9.4210232585952980e-01,7.7531405107266554e-02,1.0000000010625942e+00,0.0000000000000000e+00,

