1
1
9
0
(4 0
((32,112) (47,127) (0,0))
((48,112) (63,127) (0,0))
((32,128) (47,143) (0,0))
((48,128) (63,143) (0,0))
)
4
FabOnDisk: Cell_D_00000 0
FabOnDisk: Cell_D_00000 18518
FabOnDisk: Cell_D_00000 37036
FabOnDisk: Cell_D_00000 55554

4,9
0.0000000000000000e+00,-7.5427829823672510e-01,0.0000000000000000e+00,0.0000000000000000e+00,-8.4428621438089658e+02,-5.9154632575792925e+02,0.0000000000000000e+00,-8.5884182173137602e-01,0.0000000000000000e+00,
-2.4709788729160595e-01,-3.9382355116873780e-01,0.0000000000000000e+00,0.0000000000000000e+00,-5.5556899106207901e+01,-5.9660847851494373e+02,0.0000000000000000e+00,-8.8628757916042078e-01,0.0000000000000000e+00,
0.0000000000000000e+00,0.0000000000000000e+00,0.0000000000000000e+00,0.0000000000000000e+00,-8.4428621438101061e+02,-5.6716938999708600e+02,0.0000000000000000e+00,-8.5884182173140022e-01,0.0000000000000000e+00,
-2.4709788729167914e-01,-6.5825811884458107e-01,0.0000000000000000e+00,0.0000000000000000e+00,-5.5556899106208490e+01,-4.1678602077883841e+02,0.0000000000000000e+00,-8.8628757916044221e-01,0.0000000000000000e+00,

4,9
1.6000451694830209e+00,0.0000000000000000e+00,1.0000000000001303e+00,7.1192208449824239e-13,1.6630110887178370e+02,5.6716938999702245e+02,3.7065290307969531e+03,5.7661439785931523e-01,1.0000000000000000e+00,
1.6224894179328757e+00,6.5825811884461094e-01,1.0000000000001767e+00,6.9615289668119747e-13,5.4223271558036856e+02,4.1678602077893169e+02,3.9360847321747287e+03,1.3353127137969589e-01,1.0000000000000000e+00,
1.6000451694830213e+00,7.5427829823668413e-01,1.0000000000001779e+00,7.2743280935571783e-13,1.6630110887179006e+02,5.9154632575794051e+02,3.7065290307970963e+03,5.7661439785932000e-01,1.0000000000000000e+00,
1.6224894179328859e+00,3.9382355116874190e-01,1.0000000000005418e+00,6.9774419701003725e-13,5.4223271558031308e+02,5.9660847851492792e+02,3.9360847321748984e+03,1.3353127137969420e-01,1.0000000000000000e+00,

