1
1
8
0
(4 0
((240,224) (255,239) (0,0))
((224,240) (255,255) (0,0))
((0,248) (127,255) (0,0))
((128,248) (223,255) (0,0))
)
4
FabOnDisk: Cell_D_00002 0
FabOnDisk: Cell_D_00003 0
FabOnDisk: Cell_D_00000 0
FabOnDisk: Cell_D_00001 0

4,8
-2.7670889259971782e-01,-6.2850391139531303e-01,9.9994241952331087e-01,0.0000000000000000e+00,-5.9822797428547281e-01,-1.5038760600894108e+00,3.8456879762559737e-02,-4.1909499226158373e-02,
-8.1203007571746283e-02,-6.4261890933462229e-01,9.9575512856941506e-01,0.0000000000000000e+00,-6.4069650111404197e-01,-8.1166647116631019e-02,2.3509370398980778e-01,-4.0408269862070759e-02,
-8.0606907960548868e-02,3.8105522853138784e-05,9.9999999999826539e-01,0.0000000000000000e+00,-7.4885982811363760e-01,-4.0404709652805359e+01,1.2495154071437220e-01,-3.1266626859981517e-01,
3.7318057356389223e-01,-1.6730689805403264e-06,9.9996178709102335e-01,0.0000000000000000e+00,-4.6076799298096072e-01,-4.0406006146167628e-02,1.6005014470201381e+01,-1.9657170228915839e-02,

4,8
3.8467703919161343e-02,-2.8294189034111680e-02,1.0000573624054374e+00,0.0000000000000000e+00,2.4311066332024778e+00,2.2495586689801392e+00,4.5306851143672475e+01,5.6265448341114785e-02,
9.5898461338621621e-01,2.8296238903630977e-02,1.0021103622066161e+00,0.0000000000000000e+00,9.3887909442346910e+01,8.0291523911693204e+01,1.3699507925756510e+02,1.0961892753047813e+00,
9.5198003279830845e-01,2.4043790469671847e-01,1.0000000000028924e+00,0.0000000000000000e+00,5.4567729197179219e+01,2.0710351936533879e+01,1.4654007605769556e+02,-8.9408661552136288e-03,
9.5902419554989782e-01,6.6122563000563309e-03,1.0000188869559090e+00,0.0000000000000000e+00,4.1464642115944583e-02,4.6172202099473258e-01,2.3903696771747619e+01,-1.4409628531563208e-03,

