1
1
2
4
(64 0
((0,0) (15,15) (0,0))
((16,0) (31,15) (0,0))
((32,0) (47,15) (0,0))
((48,0) (63,15) (0,0))
((64,0) (79,15) (0,0))
((80,0) (95,15) (0,0))
((96,0) (111,15) (0,0))
((112,0) (127,15) (0,0))
((0,16) (15,31) (0,0))
((16,16) (31,31) (0,0))
((32,16) (47,31) (0,0))
((48,16) (63,31) (0,0))
((64,16) (79,31) (0,0))
((80,16) (95,31) (0,0))
((96,16) (111,31) (0,0))
((112,16) (127,31) (0,0))
((0,32) (15,47) (0,0))
((16,32) (31,47) (0,0))
((32,32) (47,47) (0,0))
((48,32) (63,47) (0,0))
((64,32) (79,47) (0,0))
((80,32) (95,47) (0,0))
((96,32) (111,47) (0,0))
((112,32) (127,47) (0,0))
((0,48) (15,63) (0,0))
((16,48) (31,63) (0,0))
((32,48) (47,63) (0,0))
((48,48) (63,63) (0,0))
((64,48) (79,63) (0,0))
((80,48) (95,63) (0,0))
((96,48) (111,63) (0,0))
((112,48) (127,63) (0,0))
((0,64) (15,79) (0,0))
((16,64) (31,79) (0,0))
((32,64) (47,79) (0,0))
((48,64) (63,79) (0,0))
((64,64) (79,79) (0,0))
((80,64) (95,79) (0,0))
((96,64) (111,79) (0,0))
((112,64) (127,79) (0,0))
((0,80) (15,95) (0,0))
((16,80) (31,95) (0,0))
((32,80) (47,95) (0,0))
((48,80) (63,95) (0,0))
((64,80) (79,95) (0,0))
((80,80) (95,95) (0,0))
((96,80) (111,95) (0,0))
((112,80) (127,95) (0,0))
((0,96) (15,111) (0,0))
((16,96) (31,111) (0,0))
((32,96) (47,111) (0,0))
((48,96) (63,111) (0,0))
((64,96) (79,111) (0,0))
((80,96) (95,111) (0,0))
((96,96) (111,111) (0,0))
((112,96) (127,111) (0,0))
((0,112) (15,127) (0,0))
((16,112) (31,127) (0,0))
((32,112) (47,127) (0,0))
((48,112) (63,127) (0,0))
((64,112) (79,127) (0,0))
((80,112) (95,127) (0,0))
((96,112) (111,127) (0,0))
((112,112) (127,127) (0,0))
)
64
FabOnDisk: SD_2_Old_MF_D_00000 0
FabOnDisk: SD_2_Old_MF_D_00000 9300
FabOnDisk: SD_2_Old_MF_D_00000 18600
FabOnDisk: SD_2_Old_MF_D_00000 27900
FabOnDisk: SD_2_Old_MF_D_00000 37200
FabOnDisk: SD_2_Old_MF_D_00000 46500
FabOnDisk: SD_2_Old_MF_D_00000 55800
FabOnDisk: SD_2_Old_MF_D_00000 65101
FabOnDisk: SD_2_Old_MF_D_00000 74403
FabOnDisk: SD_2_Old_MF_D_00000 83703
FabOnDisk: SD_2_Old_MF_D_00000 93003
FabOnDisk: SD_2_Old_MF_D_00000 102303
FabOnDisk: SD_2_Old_MF_D_00000 111603
FabOnDisk: SD_2_Old_MF_D_00000 120903
FabOnDisk: SD_2_Old_MF_D_00000 130203
FabOnDisk: SD_2_Old_MF_D_00000 139504
FabOnDisk: SD_2_Old_MF_D_00000 148806
FabOnDisk: SD_2_Old_MF_D_00000 158106
FabOnDisk: SD_2_Old_MF_D_00000 167406
FabOnDisk: SD_2_Old_MF_D_00000 176706
FabOnDisk: SD_2_Old_MF_D_00000 186006
FabOnDisk: SD_2_Old_MF_D_00000 195306
FabOnDisk: SD_2_Old_MF_D_00000 204606
FabOnDisk: SD_2_Old_MF_D_00000 213907
FabOnDisk: SD_2_Old_MF_D_00000 223209
FabOnDisk: SD_2_Old_MF_D_00000 232509
FabOnDisk: SD_2_Old_MF_D_00000 241809
FabOnDisk: SD_2_Old_MF_D_00000 251109
FabOnDisk: SD_2_Old_MF_D_00000 260409
FabOnDisk: SD_2_Old_MF_D_00000 269709
FabOnDisk: SD_2_Old_MF_D_00000 279009
FabOnDisk: SD_2_Old_MF_D_00000 288310
FabOnDisk: SD_2_Old_MF_D_00000 297612
FabOnDisk: SD_2_Old_MF_D_00000 306912
FabOnDisk: SD_2_Old_MF_D_00000 316212
FabOnDisk: SD_2_Old_MF_D_00000 325512
FabOnDisk: SD_2_Old_MF_D_00000 334812
FabOnDisk: SD_2_Old_MF_D_00000 344112
FabOnDisk: SD_2_Old_MF_D_00000 353412
FabOnDisk: SD_2_Old_MF_D_00000 362713
FabOnDisk: SD_2_Old_MF_D_00000 372015
FabOnDisk: SD_2_Old_MF_D_00000 381315
FabOnDisk: SD_2_Old_MF_D_00000 390615
FabOnDisk: SD_2_Old_MF_D_00000 399915
FabOnDisk: SD_2_Old_MF_D_00000 409215
FabOnDisk: SD_2_Old_MF_D_00000 418515
FabOnDisk: SD_2_Old_MF_D_00000 427815
FabOnDisk: SD_2_Old_MF_D_00000 437116
FabOnDisk: SD_2_Old_MF_D_00000 446418
FabOnDisk: SD_2_Old_MF_D_00000 455719
FabOnDisk: SD_2_Old_MF_D_00000 465020
FabOnDisk: SD_2_Old_MF_D_00000 474321
FabOnDisk: SD_2_Old_MF_D_00000 483622
FabOnDisk: SD_2_Old_MF_D_00000 492923
FabOnDisk: SD_2_Old_MF_D_00000 502224
FabOnDisk: SD_2_Old_MF_D_00000 511526
FabOnDisk: SD_2_Old_MF_D_00000 520829
FabOnDisk: SD_2_Old_MF_D_00000 530131
FabOnDisk: SD_2_Old_MF_D_00000 539433
FabOnDisk: SD_2_Old_MF_D_00000 548735
FabOnDisk: SD_2_Old_MF_D_00000 558037
FabOnDisk: SD_2_Old_MF_D_00000 567339
FabOnDisk: SD_2_Old_MF_D_00000 576641
FabOnDisk: SD_2_Old_MF_D_00000 585944

64,2
-5.6932391462663146e-01,5.9941412754990764e-03,
-5.9955035936958567e-01,-2.2756122461206271e-01,
-4.0710757256296332e-01,-2.6097874381352737e-01,
-1.3023633505446530e-01,-1.8504072851998532e-01,
-1.3559495223471843e-02,-4.7593413648302642e-02,
1.3697945199724700e-02,-2.5052380964868115e-03,
7.7718935435821292e-03,1.0244990009767355e-04,
-1.6992184309545487e-03,-3.4463537882563561e-05,
-1.9040689759768152e+00,2.1835585391084891e-01,
-1.9272584548946925e+00,-1.2708718300642967e+00,
-5.2958633040076641e-01,-1.2580241771851797e+00,
-5.4162190389952639e-02,-3.5355746649729236e-01,
2.7277085797846188e-02,-4.9269529614387533e-02,
8.1317221961776931e-03,6.9709218198991951e-04,
1.9256732210223132e-03,3.5961856614568364e-03,
-1.0441172345969571e-03,-4.1104691551044597e-05,
-9.4674068431745528e+00,5.9251324900264146e-01,
-1.1602139535079155e+01,-1.1555975620017957e+01,
-4.8569189396289769e-01,-7.7537398923240239e+00,
4.8204647479472118e-02,-3.3438538886525049e-01,
-1.9594797631518134e-02,2.6897499115936613e-02,
-1.9543233134636129e-02,1.8273763954202930e-02,
-1.2425976527521813e-02,6.5822371484604951e-03,
-7.1035114111333564e-03,-3.7409866189516347e-05,
-1.5909245310822822e+01,5.2256742815375712e-01,
-6.3473359998669321e+02,-4.3240520973680651e+02,
-3.8973375233523797e+01,-1.9049125070510271e+01,
-2.6255270786942950e+00,2.1004237718686043e-02,
-3.3971253736523321e-01,3.5408792368674807e-03,
-8.0810879566678817e-02,8.8734408060259663e-04,
-2.6873725125468720e-02,2.4957605418208281e-04,
-1.2044894779785794e-02,-1.6850959169074356e-05,
-1.5909245310822856e+01,-4.8230755496178347e+01,
-6.3473359998669650e+02,-5.2991206780088214e+02,
-3.8973375233526220e+01,-1.7469566356083195e+02,
-2.6255270786940530e+00,-2.2282921014079924e+00,
-3.3971253736335988e-01,-2.8334004324488005e-01,
-8.0810879565490656e-02,-6.5889112321342674e-02,
-2.6873725125146169e-02,-1.9490998499375724e-02,
-1.2044894780575821e-02,-5.8253231035668247e-03,
-9.4674068431790097e+00,-6.5545590564922653e+00,
-1.1602139535079885e+01,-2.7562575382572287e+00,
-4.8569189396588108e-01,-9.1044887388675655e-01,
4.8204647478740328e-02,-8.9337087847479357e-01,
-1.9594797634435838e-02,-2.6043062388453575e-01,
-1.9543233137227299e-02,-6.6375449807603112e-02,
-1.2425976527486331e-02,-2.1176654925082097e-02,
-7.1035114121591400e-03,-6.8806343864524482e-03,
-1.9040689759781988e+00,-1.9733317347506594e+00,
-1.9272584548928677e+00,-3.8681866320685254e-01,
-5.2958633040437242e-01,2.0993225386529690e-01,
-5.4162190386817036e-02,-9.3358002486370883e-03,
2.7277085799330046e-02,-3.5502807805122806e-02,
8.1317221951574727e-03,-3.2036190286643819e-02,
1.9256732188558529e-03,-1.6697179973893899e-02,
-1.0441172376852107e-03,-6.3132089380224469e-03,
-5.6932391462682441e-01,-5.1726878824308320e-01,
-5.9955035936878764e-01,-1.6887189678169851e-01,
-4.0710757256071128e-01,5.3584426221001819e-03,
-1.3023633504398102e-01,2.1336367583144750e-03,
-1.3559495228059645e-02,2.6412464899725884e-04,
1.3697945194408676e-02,-5.9027514307492344e-03,
7.7718935458870484e-03,-5.8454291501777549e-03,
-1.6992184299801606e-03,-3.1456619639242947e-03,

64,2
-1.3311554523446484e-02,5.1726878824228939e-01,
-3.3842050496545595e-01,1.6887189678108788e-01,
-7.8830976588463081e-02,-5.3584426207713837e-03,
2.8226219255026559e-02,-2.1336367582051007e-03,
3.1733860063624685e-02,-2.6412465106062568e-04,
2.5174660622280930e-02,5.9027514319135096e-03,
1.3652470096469653e-02,5.8454291508099080e-03,
9.1197287824249188e-03,3.1456619633828927e-03,
-2.5143286298975887e-02,1.9733317347489843e+00,
-4.4609813776411433e-01,3.8681866320849567e-01,
3.5818995616888838e-01,-2.0993225386493791e-01,
3.4719792575325092e-01,9.3358002485280367e-03,
1.3851254657348067e-01,3.5502807805882275e-02,
3.4841536871969017e-02,3.2036190286179961e-02,
1.3497800765551918e-02,1.6697179973717766e-02,
7.3184366226889544e-03,6.3132089383722435e-03,
-8.4891240600459827e-02,6.5545590564898051e+00,
3.5160070113192097e+00,2.7562575382581818e+00,
5.5267009116054027e+00,9.1044887388589923e-01,
1.1680885913156809e+00,8.9337087847593777e-01,
1.5420441287810377e-01,2.6043062388514676e-01,
3.2268150893305834e-02,6.6375449808108250e-02,
6.5417500709605576e-03,2.1176654924663883e-02,
1.2628379532983872e-03,6.8806343854702608e-03,
5.7005654033893187e+01,4.8230755496175668e+01,
7.2774301139904719e+02,5.2991206780076368e+02,
2.7903694823089336e+02,1.7469566356085986e+02,
1.1143024565355675e+00,2.2282921014077566e+00,
9.9738303790243288e-03,2.8334004324573669e-01,
-1.4425744965669243e-02,6.5889112320381249e-02,
-7.8566104061734091e-03,1.9490998499574627e-02,
1.3514080638846859e-03,5.8253231035346239e-03,
5.7005654033894984e+01,-5.2256742815211810e-01,
7.2774301139897841e+02,4.3240520973681515e+02,
2.7903694823087073e+02,1.9049125070506911e+01,
1.1143024565352868e+00,-2.1004237719304385e-02,
9.9738303776228387e-03,-3.5408792374316995e-03,
-1.4425744968069152e-02,-8.8734407988827002e-04,
-7.8566104067142872e-03,-2.4957605396916448e-04,
1.3514080639306161e-03,1.6850959521530498e-05,
-8.4891240592983863e-02,-5.9251324900292812e-01,
3.5160070113239867e+00,1.1555975620018108e+01,
5.5267009116046015e+00,7.7537398923259611e+00,
1.1680885913163552e+00,3.3438538886557345e-01,
1.5420441287546280e-01,-2.6897499113962234e-02,
3.2268150895053548e-02,-1.8273763953744686e-02,
6.5417500683841983e-03,-6.5822371478596450e-03,
1.2628379572294270e-03,3.7409866884828184e-05,
-2.5143286295768730e-02,-2.1835585390940562e-01,
-4.4609813776369972e-01,1.2708718300661943e+00,
3.5818995616836624e-01,1.2580241771864005e+00,
3.4719792575431907e-01,3.5355746649755770e-01,
1.3851254657091844e-01,4.9269529612659763e-02,
3.4841536869850274e-02,-6.9709218361011654e-04,
1.3497800766810562e-02,-3.5961856596900842e-03,
7.3184366227478214e-03,4.1104692416494372e-05,
-1.3311554512301926e-02,-5.9941412766266466e-03,
-3.3842050496587400e-01,2.2756122461278538e-01,
-7.8830976588349810e-02,2.6097874381387154e-01,
2.8226219249298565e-02,1.8504072851786393e-01,
3.1733860063769832e-02,4.7593413647356156e-02,
2.5174660622968744e-02,2.5052380967544308e-03,
1.3652470095173634e-02,-1.0244989948645907e-04,
9.1197287819912605e-03,3.4463537448648897e-05,

