1
1
4
4
(64 0
((0,0) (15,15) (0,0))
((16,0) (31,15) (0,0))
((32,0) (47,15) (0,0))
((48,0) (63,15) (0,0))
((64,0) (79,15) (0,0))
((80,0) (95,15) (0,0))
((96,0) (111,15) (0,0))
((112,0) (127,15) (0,0))
((0,16) (15,31) (0,0))
((16,16) (31,31) (0,0))
((32,16) (47,31) (0,0))
((48,16) (63,31) (0,0))
((64,16) (79,31) (0,0))
((80,16) (95,31) (0,0))
((96,16) (111,31) (0,0))
((112,16) (127,31) (0,0))
((0,32) (15,47) (0,0))
((16,32) (31,47) (0,0))
((32,32) (47,47) (0,0))
((48,32) (63,47) (0,0))
((64,32) (79,47) (0,0))
((80,32) (95,47) (0,0))
((96,32) (111,47) (0,0))
((112,32) (127,47) (0,0))
((0,48) (15,63) (0,0))
((16,48) (31,63) (0,0))
((32,48) (47,63) (0,0))
((48,48) (63,63) (0,0))
((64,48) (79,63) (0,0))
((80,48) (95,63) (0,0))
((96,48) (111,63) (0,0))
((112,48) (127,63) (0,0))
((0,64) (15,79) (0,0))
((16,64) (31,79) (0,0))
((32,64) (47,79) (0,0))
((48,64) (63,79) (0,0))
((64,64) (79,79) (0,0))
((80,64) (95,79) (0,0))
((96,64) (111,79) (0,0))
((112,64) (127,79) (0,0))
((0,80) (15,95) (0,0))
((16,80) (31,95) (0,0))
((32,80) (47,95) (0,0))
((48,80) (63,95) (0,0))
((64,80) (79,95) (0,0))
((80,80) (95,95) (0,0))
((96,80) (111,95) (0,0))
((112,80) (127,95) (0,0))
((0,96) (15,111) (0,0))
((16,96) (31,111) (0,0))
((32,96) (47,111) (0,0))
((48,96) (63,111) (0,0))
((64,96) (79,111) (0,0))
((80,96) (95,111) (0,0))
((96,96) (111,111) (0,0))
((112,96) (127,111) (0,0))
((0,112) (15,127) (0,0))
((16,112) (31,127) (0,0))
((32,112) (47,127) (0,0))
((48,112) (63,127) (0,0))
((64,112) (79,127) (0,0))
((80,112) (95,127) (0,0))
((96,112) (111,127) (0,0))
((112,112) (127,127) (0,0))
)
64
FabOnDisk: SD_0_Old_MF_D_00000 0
FabOnDisk: SD_0_Old_MF_D_00000 18516
FabOnDisk: SD_0_Old_MF_D_00000 37032
FabOnDisk: SD_0_Old_MF_D_00000 55548
FabOnDisk: SD_0_Old_MF_D_00000 74064
FabOnDisk: SD_0_Old_MF_D_00000 92580
FabOnDisk: SD_0_Old_MF_D_00000 111096
FabOnDisk: SD_0_Old_MF_D_00000 129613
FabOnDisk: SD_0_Old_MF_D_00000 148131
FabOnDisk: SD_0_Old_MF_D_00000 166647
FabOnDisk: SD_0_Old_MF_D_00000 185163
FabOnDisk: SD_0_Old_MF_D_00000 203679
FabOnDisk: SD_0_Old_MF_D_00000 222195
FabOnDisk: SD_0_Old_MF_D_00000 240711
FabOnDisk: SD_0_Old_MF_D_00000 259227
FabOnDisk: SD_0_Old_MF_D_00000 277744
FabOnDisk: SD_0_Old_MF_D_00000 296262
FabOnDisk: SD_0_Old_MF_D_00000 314778
FabOnDisk: SD_0_Old_MF_D_00000 333294
FabOnDisk: SD_0_Old_MF_D_00000 351810
FabOnDisk: SD_0_Old_MF_D_00000 370326
FabOnDisk: SD_0_Old_MF_D_00000 388842
FabOnDisk: SD_0_Old_MF_D_00000 407358
FabOnDisk: SD_0_Old_MF_D_00000 425875
FabOnDisk: SD_0_Old_MF_D_00000 444393
FabOnDisk: SD_0_Old_MF_D_00000 462909
FabOnDisk: SD_0_Old_MF_D_00000 481425
FabOnDisk: SD_0_Old_MF_D_00000 499941
FabOnDisk: SD_0_Old_MF_D_00000 518457
FabOnDisk: SD_0_Old_MF_D_00000 536973
FabOnDisk: SD_0_Old_MF_D_00000 555489
FabOnDisk: SD_0_Old_MF_D_00000 574006
FabOnDisk: SD_0_Old_MF_D_00000 592524
FabOnDisk: SD_0_Old_MF_D_00000 611040
FabOnDisk: SD_0_Old_MF_D_00000 629556
FabOnDisk: SD_0_Old_MF_D_00000 648072
FabOnDisk: SD_0_Old_MF_D_00000 666588
FabOnDisk: SD_0_Old_MF_D_00000 685104
FabOnDisk: SD_0_Old_MF_D_00000 703620
FabOnDisk: SD_0_Old_MF_D_00000 722137
FabOnDisk: SD_0_Old_MF_D_00000 740655
FabOnDisk: SD_0_Old_MF_D_00000 759171
FabOnDisk: SD_0_Old_MF_D_00000 777687
FabOnDisk: SD_0_Old_MF_D_00000 796203
FabOnDisk: SD_0_Old_MF_D_00000 814719
FabOnDisk: SD_0_Old_MF_D_00000 833235
FabOnDisk: SD_0_Old_MF_D_00000 851751
FabOnDisk: SD_0_Old_MF_D_00000 870268
FabOnDisk: SD_0_Old_MF_D_00000 888786
FabOnDisk: SD_0_Old_MF_D_00000 907303
FabOnDisk: SD_0_Old_MF_D_00000 925820
FabOnDisk: SD_0_Old_MF_D_00000 944337
FabOnDisk: SD_0_Old_MF_D_00000 962854
FabOnDisk: SD_0_Old_MF_D_00000 981371
FabOnDisk: SD_0_Old_MF_D_00000 999888
FabOnDisk: SD_0_Old_MF_D_00000 1018406
FabOnDisk: SD_0_Old_MF_D_00000 1036925
FabOnDisk: SD_0_Old_MF_D_00000 1055443
FabOnDisk: SD_0_Old_MF_D_00000 1073961
FabOnDisk: SD_0_Old_MF_D_00000 1092479
FabOnDisk: SD_0_Old_MF_D_00000 1110997
FabOnDisk: SD_0_Old_MF_D_00000 1129515
FabOnDisk: SD_0_Old_MF_D_00000 1148033
FabOnDisk: SD_0_Old_MF_D_00000 1166552

64,4
1.0000042316202398e+00,-7.0318947051856160e-03,9.9999999999996425e-01,1.8237304305290283e-15,
1.0025273817726761e+00,-7.0233108977661276e-03,9.9999999999991063e-01,5.8379787389419880e-14,
1.0069598128242667e+00,-1.7389373146945765e-03,9.9999999999991107e-01,1.1525164559179521e-13,
1.0045625804265410e+00,5.3129510097474587e-05,9.9999999999997302e-01,1.6796495701923226e-13,
1.0022288573040659e+00,5.3822693725754583e-05,9.9999999999999600e-01,2.1419613138412864e-13,
1.0010443155874371e+00,2.9645415467682340e-05,9.9999999999998102e-01,2.5215563594709322e-13,
1.0004972644025696e+00,1.4162138079030742e-05,9.9999999999993816e-01,2.8035941737036401e-13,
1.0002677012303600e+00,5.1555300436682572e-06,9.9999999999982248e-01,2.9765523528910873e-13,
1.0000079435606579e+00,-2.1867243286111875e-02,9.9999999999993505e-01,1.8215017749022201e-15,
1.0042466150109979e+00,-2.1769587115013745e-02,9.9999999999999356e-01,6.0064844124137737e-14,
1.0081569880147392e+00,-1.9907758587394062e-03,1.0000000000000013e+00,1.1650796398747543e-13,
1.0027068556070635e+00,2.4231528461709966e-03,1.0000000000000038e+00,1.6876591495113117e-13,
1.0006333045977005e+00,1.7605347791534891e-03,1.0000000000000027e+00,2.1468861659951209e-13,
1.0001524992588968e+00,9.1912986164179858e-04,1.0000000000000016e+00,2.5245098961677222e-13,
1.0000411284252870e+00,4.2809694327201019e-04,1.0000000000000009e+00,2.8053435777755274e-13,
1.0000136874755678e+00,1.5443016721891382e-04,1.0000000000000000e+00,2.9776038666881173e-13,
1.0000266756686016e+00,-7.1377998259305589e-02,9.9999999999993583e-01,1.7969645815120127e-15,
1.0131277069067894e+00,-7.1219040448116361e-02,9.9999999999997380e-01,5.9483692747093845e-14,
1.0000786905354702e+00,1.3164362755966897e-04,9.9999999999998657e-01,1.1674256591353635e-13,
9.9569910868870415e-01,6.3793703765603867e-03,9.9999999999999190e-01,1.6904881096858722e-13,
9.9617014667700121e-01,2.8931769966590091e-03,9.9999999999999745e-01,2.1487159389698045e-13,
9.9799453041118402e-01,1.1542103995254853e-03,9.9999999999999822e-01,2.5254991830066349e-13,
9.9905324083123681e-01,4.7702456079231096e-04,1.0000000000000000e+00,2.8058429126419272e-13,
9.9954712517665212e-01,1.6501587679793001e-04,9.9999999999999845e-01,2.9778767575507343e-13,
8.3456383263344280e-01,-1.4117448750908212e-01,9.9999999999961231e-01,1.7522181608532440e-15,
-8.0691975893405699e-01,-6.5829165463703043e-01,9.9999999999951217e-01,-1.1965447546787833e-12,
1.3049655338804039e-01,2.3773527879303469e-03,9.9999999999982114e-01,7.0456918719293038e-14,
9.6152864883074007e-01,3.7719734046350105e-04,9.9999999999998024e-01,1.6963335258918818e-13,
9.9015164992407989e-01,1.1085820279927037e-04,9.9999999999999478e-01,2.1512649795468470e-13,
9.9640828773362056e-01,4.1252312501380124e-05,9.9999999999999789e-01,2.5266164548956188e-13,
9.9850148246018833e-01,1.6568254079210011e-05,9.9999999999999989e-01,2.8063733010401369e-13,
9.9931879127384293e-01,5.6757062393255935e-06,9.9999999999999933e-01,2.9781617561518771e-13,
8.3456383263344502e-01,1.6282189881764824e-04,9.9999999999944478e-01,1.7522557715646336e-15,
-8.0691975893397749e-01,-7.8098203101957309e-01,9.9999999999930433e-01,-1.2446879798208361e-12,
1.3049655338805038e-01,-5.8034388330550690e-01,9.9999999999993905e-01,6.7256397907328408e-14,
9.6152864883073952e-01,-2.7375892430468118e-02,9.9999999999999012e-01,1.6963317191429367e-13,
9.9015164992407956e-01,-7.4821548171087439e-03,9.9999999999999434e-01,2.1512655312997931e-13,
9.9640828773362144e-01,-2.6273156900884741e-03,9.9999999999999700e-01,2.5266172024902690e-13,
9.9850148246018755e-01,-1.0456637223666835e-03,9.9999999999999967e-01,2.8063711456064232e-13,
9.9931879127384238e-01,-4.3027276927963315e-04,9.9999999999999933e-01,2.9781692810631869e-13,
1.0000266756686012e+00,6.6761075148990667e-04,9.9999999999943967e-01,1.7970480203739976e-15,
1.0131277069067943e+00,-2.8153454464403236e-02,1.0000000000000053e+00,5.9475034500810870e-14,
1.0000786905354755e+00,-4.3495110124337405e-02,9.9999999999999112e-01,1.1674263001419670e-13,
9.9569910868870815e-01,-2.4678607450904683e-02,9.9999999999999745e-01,1.6904851941806679e-13,
9.9617014667700376e-01,-7.7861605233787495e-03,1.0000000000000013e+00,2.1487221331805536e-13,
9.9799453041118669e-01,-3.1189728831876305e-03,1.0000000000000007e+00,2.5254909896012578e-13,
9.9905324083123692e-01,-1.3671953529053014e-03,1.0000000000000000e+00,2.8058468519861903e-13,
9.9954712517665123e-01,-5.9242248209723258e-04,9.9999999999999856e-01,2.9778767518687517e-13,
1.0000079435606577e+00,1.7766667989276404e-04,9.9999999999955835e-01,1.8216255081794147e-15,
1.0042466150110041e+00,1.6217441214520640e-03,1.0000000000000115e+00,6.0063076451258074e-14,
1.0081569880147496e+00,-8.8142031638468593e-03,1.0000000000000056e+00,1.1650810116574769e-13,
1.0027068556070695e+00,-8.8173429886702591e-03,1.0000000000000071e+00,1.6876571805193176e-13,
1.0006333045977021e+00,-5.9068293532097580e-03,1.0000000000000056e+00,2.1468842299092836e-13,
1.0001524992589008e+00,-2.9200037487044999e-03,1.0000000000000033e+00,2.5245115204304060e-13,
1.0000411284252873e+00,-1.3450653461874473e-03,1.0000000000000000e+00,2.8053397633779212e-13,
1.0000136874755639e+00,-5.8948943693625498e-04,9.9999999999999512e-01,2.9775975470856205e-13,
1.0000042316202407e+00,4.2310571129972630e-06,9.9999999999870148e-01,1.8239485342113717e-15,
1.0025273817726046e+00,7.3101801398163437e-05,9.9999999999872424e-01,5.9871671306751652e-14,
1.0069598128241979e+00,-2.0763259106398235e-03,9.9999999999948552e-01,1.1632435196684475e-13,
1.0045625804265426e+00,-2.6701377608035230e-03,9.9999999999982714e-01,1.6861135600964920e-13,
1.0022288573040665e+00,-2.5065213772162372e-03,9.9999999999994738e-01,2.1458223259815486e-13,
1.0010443155874358e+00,-1.5984956211373298e-03,9.9999999999994305e-01,2.5238773870001915e-13,
1.0004972644025663e+00,-8.3249767415647866e-04,9.9999999999994316e-01,2.8049873771058330e-13,
1.0002677012303551e+00,-3.8588700152636710e-04,9.9999999999994538e-01,2.9773888804478726e-13,

64,4
1.0034405223478331e+00,-4.2310571122802344e-06,1.0000000000000502e+00,5.7425228237504185e-14,
1.0094288022512670e+00,-7.3101801397007352e-05,1.0000000000000224e+00,1.1376002131801031e-13,
1.0096160510870922e+00,2.0763259106449830e-03,1.0000000000000240e+00,1.6602915008897636e-13,
1.0078101330087053e+00,2.6701377608028560e-03,1.0000000000000113e+00,2.1224238020693322e-13,
1.0046225330608969e+00,2.5065213772174481e-03,1.0000000000000155e+00,2.5048178833730613e-13,
1.0025530645944503e+00,1.5984956211383269e-03,1.0000000000000044e+00,2.7916139280499476e-13,
1.0012850281885426e+00,8.3249767415772061e-04,1.0000000000000095e+00,2.9706338505006973e-13,
1.0006372140664246e+00,3.8588700152637989e-04,1.0000000000000311e+00,3.0337670890150588e-13,
1.0106556862416609e+00,-1.7766667989243211e-04,1.0000000000001092e+00,5.6469858775072637e-14,
1.0219669493477979e+00,-1.6217441214508700e-03,1.0000000000000087e+00,1.1327937209167789e-13,
1.0211677988681225e+00,8.8142031638467101e-03,1.0000000000000120e+00,1.6592451741331957e-13,
1.0094182801587133e+00,8.8173429886693293e-03,1.0000000000000071e+00,2.1221521907454522e-13,
1.0043293957426052e+00,5.9068293532100946e-03,1.0000000000000062e+00,2.5045486683911296e-13,
1.0020668231820307e+00,2.9200037487037761e-03,1.0000000000000056e+00,2.7913539556186055e-13,
1.0009576842817114e+00,1.3450653461866118e-03,1.0000000000000062e+00,2.9704505122640214e-13,
1.0004550545861046e+00,5.8948943693530999e-04,1.0000000000000104e+00,3.0337209602929693e-13,
1.0327192237301481e+00,-6.6761075148959496e-04,1.0000000000001068e+00,5.6451583233918489e-14,
1.0844250557680239e+00,2.8153454464402299e-02,1.0000000000000100e+00,1.1393256490414501e-13,
1.0624585863342406e+00,4.3495110124333818e-02,1.0000000000000142e+00,1.6651632154375817e-13,
1.0093971864690674e+00,2.4678607450902577e-02,1.0000000000000062e+00,2.1248187305064091e-13,
1.0022345042930618e+00,7.7861605233775777e-03,1.0000000000000047e+00,2.5057483968455782e-13,
1.0004385604555566e+00,3.1189728831865497e-03,1.0000000000000036e+00,2.7919120584158597e-13,
1.0000726413114209e+00,1.3671953529040507e-03,1.0000000000000022e+00,2.9707507737630544e-13,
1.0000058473510178e+00,5.9242248209682112e-04,1.0000000000000020e+00,3.0339447934710745e-13,
1.0341604740938297e+00,-1.6282189881800801e-04,1.0000000000001597e+00,1.7752964524741003e-12,
1.4590157737571574e+00,7.8098203101958219e-01,1.0000000000000000e+40,1.6695756730542694e-12,
1.1032452231146406e+00,5.8034388330551068e-01,1.0000000000001330e+00,1.6710879139026085e-13,
9.9708956216903666e-01,2.7375892430466998e-02,1.0000000000000047e+00,2.1264164361086478e-13,
9.9772871090762993e-01,7.4821548171068678e-03,1.0000000000000011e+00,2.5063340478323481e-13,
9.9894469763194205e-01,2.6273156900861109e-03,1.0000000000000000e+00,2.7921747961566141e-13,
9.9950037368795042e-01,1.0456637223644294e-03,1.0000000000000000e+00,2.9708870505268127e-13,
9.9973184636829937e-01,4.3027276927784774e-04,1.0000000000000011e+00,3.0340429941518094e-13,
1.0341604740938362e+00,1.4117448750909664e-01,1.0000000000002178e+00,1.8896614810799175e-12,
1.4590157737571574e+00,6.5829165463702188e-01,1.0000000000000000e+40,1.7538387365685589e-12,
1.1032452231146459e+00,-2.3773527879357623e-03,1.0000000000001299e+00,1.6789954021242543e-13,
9.9708956216904188e-01,-3.7719734046871606e-04,1.0000000000000033e+00,2.1264070944364899e-13,
9.9772871090763005e-01,-1.1085820280167877e-04,1.0000000000000033e+00,2.5063360467622353e-13,
9.9894469763194260e-01,-4.1252312503176444e-05,1.0000000000000024e+00,2.7921804406107073e-13,
9.9950037368794964e-01,-1.6568254080396027e-05,1.0000000000000000e+00,2.9708813191447320e-13,
9.9973184636829970e-01,-5.6757062398077442e-06,1.0000000000000000e+00,3.0340448134335899e-13,
1.0327192237301546e+00,7.1377998259310890e-02,1.0000000000001861e+00,5.6452310915781275e-14,
1.0844250557680297e+00,7.1219040448121274e-02,1.0000000000000548e+00,1.1392921086515585e-13,
1.0624585863342495e+00,-1.3164362755832811e-04,1.0000000000000289e+00,1.6651680922613451e-13,
1.0093971864690694e+00,-6.3793703765600363e-03,1.0000000000000075e+00,2.1248217978429764e-13,
1.0022345042930667e+00,-2.8931769966610752e-03,1.0000000000000073e+00,2.5057442475685443e-13,
1.0004385604555568e+00,-1.1542103995273970e-03,1.0000000000000053e+00,2.7919178357621426e-13,
1.0000726413114216e+00,-4.7702456079412673e-04,1.0000000000000044e+00,2.9707457941528203e-13,
1.0000058473510165e+00,-1.6501587679839329e-04,1.0000000000000000e+00,3.0339444598318760e-13,
1.0106556862416660e+00,2.1867243286110897e-02,1.0000000000001166e+00,5.6470987156059492e-14,
1.0219669493478021e+00,2.1769587115012746e-02,1.0000000000000371e+00,1.1327954140762360e-13,
1.0211677988681311e+00,1.9907758587416422e-03,1.0000000000000238e+00,1.6592511391722175e-13,
1.0094182801587170e+00,-2.4231528461658319e-03,1.0000000000000209e+00,2.1221448139736823e-13,
1.0043293957426078e+00,-1.7605347791525784e-03,1.0000000000000122e+00,2.5045568732404066e-13,
1.0020668231820316e+00,-9.1912986164113439e-04,1.0000000000000082e+00,2.7913483261215690e-13,
1.0009576842817083e+00,-4.2809694327207876e-04,1.0000000000000058e+00,2.9704542175129446e-13,
1.0004550545861031e+00,-1.5443016721874197e-04,1.0000000000000000e+00,3.0337166213229933e-13,
1.0034405223478409e+00,7.0318947051741616e-03,1.0000000000002403e+00,5.6705395393303563e-14,
1.0094288022512776e+00,7.0233108977545752e-03,1.0000000000002329e+00,1.1322001694527480e-13,
1.0096160510871051e+00,1.7389373146985475e-03,1.0000000000001044e+00,1.6570279964068826e-13,
1.0078101330087161e+00,-5.3129510096318435e-05,1.0000000000000433e+00,2.1204709153973584e-13,
1.0046225330608867e+00,-5.3822693726087921e-05,1.0000000000000142e+00,2.5036481047629466e-13,
1.0025530645944454e+00,-2.9645415467777442e-05,1.0000000000000075e+00,2.7909062798245921e-13,
1.0012850281885450e+00,-1.4162138079102430e-05,1.0000000000000064e+00,2.9702111377994842e-13,
1.0006372140664286e+00,-5.1555300423008605e-06,1.0000000000000060e+00,3.0335157107897398e-13,

