1
1
4
4
(64 0
((0,0) (15,15) (0,0))
((16,0) (31,15) (0,0))
((32,0) (47,15) (0,0))
((48,0) (63,15) (0,0))
((64,0) (79,15) (0,0))
((80,0) (95,15) (0,0))
((96,0) (111,15) (0,0))
((112,0) (127,15) (0,0))
((0,16) (15,31) (0,0))
((16,16) (31,31) (0,0))
((32,16) (47,31) (0,0))
((48,16) (63,31) (0,0))
((64,16) (79,31) (0,0))
((80,16) (95,31) (0,0))
((96,16) (111,31) (0,0))
((112,16) (127,31) (0,0))
((0,32) (15,47) (0,0))
((16,32) (31,47) (0,0))
((32,32) (47,47) (0,0))
((48,32) (63,47) (0,0))
((64,32) (79,47) (0,0))
((80,32) (95,47) (0,0))
((96,32) (111,47) (0,0))
((112,32) (127,47) (0,0))
((0,48) (15,63) (0,0))
((16,48) (31,63) (0,0))
((32,48) (47,63) (0,0))
((48,48) (63,63) (0,0))
((64,48) (79,63) (0,0))
((80,48) (95,63) (0,0))
((96,48) (111,63) (0,0))
((112,48) (127,63) (0,0))
((0,64) (15,79) (0,0))
((16,64) (31,79) (0,0))
((32,64) (47,79) (0,0))
((48,64) (63,79) (0,0))
((64,64) (79,79) (0,0))
((80,64) (95,79) (0,0))
((96,64) (111,79) (0,0))
((112,64) (127,79) (0,0))
((0,80) (15,95) (0,0))
((16,80) (31,95) (0,0))
((32,80) (47,95) (0,0))
((48,80) (63,95) (0,0))
((64,80) (79,95) (0,0))
((80,80) (95,95) (0,0))
((96,80) (111,95) (0,0))
((112,80) (127,95) (0,0))
((0,96) (15,111) (0,0))
((16,96) (31,111) (0,0))
((32,96) (47,111) (0,0))
((48,96) (63,111) (0,0))
((64,96) (79,111) (0,0))
((80,96) (95,111) (0,0))
((96,96) (111,111) (0,0))
((112,96) (127,111) (0,0))
((0,112) (15,127) (0,0))
((16,112) (31,127) (0,0))
((32,112) (47,127) (0,0))
((48,112) (63,127) (0,0))
((64,112) (79,127) (0,0))
((80,112) (95,127) (0,0))
((96,112) (111,127) (0,0))
((112,112) (127,127) (0,0))
)
64
FabOnDisk: SD_0_New_MF_D_00000 0
FabOnDisk: SD_0_New_MF_D_00000 18516
FabOnDisk: SD_0_New_MF_D_00000 37032
FabOnDisk: SD_0_New_MF_D_00000 55548
FabOnDisk: SD_0_New_MF_D_00000 74064
FabOnDisk: SD_0_New_MF_D_00000 92580
FabOnDisk: SD_0_New_MF_D_00000 111096
FabOnDisk: SD_0_New_MF_D_00000 129613
FabOnDisk: SD_0_New_MF_D_00000 148131
FabOnDisk: SD_0_New_MF_D_00000 166647
FabOnDisk: SD_0_New_MF_D_00000 185163
FabOnDisk: SD_0_New_MF_D_00000 203679
FabOnDisk: SD_0_New_MF_D_00000 222195
FabOnDisk: SD_0_New_MF_D_00000 240711
FabOnDisk: SD_0_New_MF_D_00000 259227
FabOnDisk: SD_0_New_MF_D_00000 277744
FabOnDisk: SD_0_New_MF_D_00000 296262
FabOnDisk: SD_0_New_MF_D_00000 314778
FabOnDisk: SD_0_New_MF_D_00000 333294
FabOnDisk: SD_0_New_MF_D_00000 351810
FabOnDisk: SD_0_New_MF_D_00000 370326
FabOnDisk: SD_0_New_MF_D_00000 388842
FabOnDisk: SD_0_New_MF_D_00000 407358
FabOnDisk: SD_0_New_MF_D_00000 425875
FabOnDisk: SD_0_New_MF_D_00000 444393
FabOnDisk: SD_0_New_MF_D_00000 462909
FabOnDisk: SD_0_New_MF_D_00000 481425
FabOnDisk: SD_0_New_MF_D_00000 499941
FabOnDisk: SD_0_New_MF_D_00000 518457
FabOnDisk: SD_0_New_MF_D_00000 536973
FabOnDisk: SD_0_New_MF_D_00000 555489
FabOnDisk: SD_0_New_MF_D_00000 574006
FabOnDisk: SD_0_New_MF_D_00000 592524
FabOnDisk: SD_0_New_MF_D_00000 611040
FabOnDisk: SD_0_New_MF_D_00000 629556
FabOnDisk: SD_0_New_MF_D_00000 648072
FabOnDisk: SD_0_New_MF_D_00000 666588
FabOnDisk: SD_0_New_MF_D_00000 685104
FabOnDisk: SD_0_New_MF_D_00000 703620
FabOnDisk: SD_0_New_MF_D_00000 722137
FabOnDisk: SD_0_New_MF_D_00000 740655
FabOnDisk: SD_0_New_MF_D_00000 759171
FabOnDisk: SD_0_New_MF_D_00000 777687
FabOnDisk: SD_0_New_MF_D_00000 796203
FabOnDisk: SD_0_New_MF_D_00000 814719
FabOnDisk: SD_0_New_MF_D_00000 833235
FabOnDisk: SD_0_New_MF_D_00000 851751
FabOnDisk: SD_0_New_MF_D_00000 870268
FabOnDisk: SD_0_New_MF_D_00000 888786
FabOnDisk: SD_0_New_MF_D_00000 907303
FabOnDisk: SD_0_New_MF_D_00000 925820
FabOnDisk: SD_0_New_MF_D_00000 944337
FabOnDisk: SD_0_New_MF_D_00000 962854
FabOnDisk: SD_0_New_MF_D_00000 981371
FabOnDisk: SD_0_New_MF_D_00000 999888
FabOnDisk: SD_0_New_MF_D_00000 1018406
FabOnDisk: SD_0_New_MF_D_00000 1036925
FabOnDisk: SD_0_New_MF_D_00000 1055443
FabOnDisk: SD_0_New_MF_D_00000 1073961
FabOnDisk: SD_0_New_MF_D_00000 1092479
FabOnDisk: SD_0_New_MF_D_00000 1110997
FabOnDisk: SD_0_New_MF_D_00000 1129515
FabOnDisk: SD_0_New_MF_D_00000 1148033
FabOnDisk: SD_0_New_MF_D_00000 1166552

64,4
1.0000042268925431e+00,-7.0362590562385073e-03,9.9999999999996492e-01,1.7894237501333115e-15,
1.0025138691246822e+00,-7.0326907240278848e-03,9.9999999999991118e-01,5.7938875772191250e-14,
1.0069655078770652e+00,-1.7551297039556054e-03,9.9999999999991140e-01,1.1360318037074025e-13,
1.0045755002698753e+00,5.3077996410347847e-05,9.9999999999997291e-01,1.6516954094955793e-13,
1.0022354271522600e+00,5.3960152325763431e-05,9.9999999999999611e-01,2.1044441125704393e-13,
1.0010473531369246e+00,2.9731868246685652e-05,9.9999999999998090e-01,2.4764500178661445e-13,
1.0004985414746908e+00,1.4210915598132660e-05,9.9999999999993838e-01,2.7529351598961650e-13,
1.0002680206509516e+00,5.1871794122149739e-06,9.9999999999982347e-01,2.9224967709526900e-13,
1.0000079433307669e+00,-2.1887122371488123e-02,9.9999999999993527e-01,1.7871029078651078e-15,
1.0042302176671594e+00,-2.1804106143053691e-02,9.9999999999999356e-01,5.8975428969486899e-14,
1.0081772554773853e+00,-2.0145146315814141e-03,1.0000000000000013e+00,1.1437972369073190e-13,
1.0027180003114886e+00,2.4234419585472617e-03,1.0000000000000038e+00,1.6568119230092589e-13,
1.0006359246712695e+00,1.7652629818557259e-03,1.0000000000000027e+00,2.1076431261019886e-13,
1.0001531078327015e+00,9.2186445858760560e-04,1.0000000000000016e+00,2.4783711297752518e-13,
1.0000412746445413e+00,4.2958044453750939e-04,1.0000000000000009e+00,2.7540593479916322e-13,
1.0000137080259137e+00,1.5537861256503357e-04,1.0000000000000000e+00,2.9231614828640767e-13,
1.0000266974127081e+00,-7.1438132118387190e-02,9.9999999999993605e-01,1.7613942831788663e-15,
1.0131075278451760e+00,-7.1408717736743996e-02,9.9999999999997391e-01,5.8661268419530957e-14,
1.0001072353570246e+00,9.2913929718754968e-05,9.9999999999998657e-01,1.1460870819297487e-13,
9.9569162222572927e-01,6.3972773340681055e-03,9.9999999999999178e-01,1.6595772359086035e-13,
9.9616035838392680e-01,2.9028084567303356e-03,9.9999999999999745e-01,2.1094442772361161e-13,
9.9798867316367823e-01,1.1579635993495510e-03,9.9999999999999822e-01,2.4793240196958747e-13,
9.9905049909703503e-01,4.7872411434596811e-04,1.0000000000000000e+00,2.7545563904043429e-13,
9.9954598214544221e-01,1.6603141953942796e-04,9.9999999999999845e-01,2.9234480322996979e-13,
8.3462362642482602e-01,-1.4116523472529757e-01,9.9999999999961264e-01,-1.7069744615255056e-12,
-8.1117406222574051e-01,-6.5814503904556509e-01,9.9999999999951428e-01,-1.5601527866410167e-12,
1.2134904643340290e-01,2.3876463800657044e-03,9.9999999999982125e-01,7.0473030785314312e-14,
9.6135351876313480e-01,3.7872135285086489e-04,9.9999999999998024e-01,1.6653158682298529e-13,
9.9011659953330744e-01,1.1124562293390204e-04,9.9999999999999467e-01,2.1119412144782479e-13,
9.9639667180923353e-01,4.1389182855928214e-05,9.9999999999999789e-01,2.4804338976761196e-13,
9.9849694954640977e-01,1.6627661464631782e-05,9.9999999999999989e-01,2.7550721648873495e-13,
9.9931702882700524e-01,5.7106529060518167e-06,9.9999999999999933e-01,2.9237270386972810e-13,
8.3462362642482801e-01,1.6289967426711931e-04,9.9999999999944567e-01,-1.8231976648412265e-12,
-8.1117406222566346e-01,-7.8285727115105941e-01,9.9999999999931055e-01,-1.6447901091444863e-12,
1.2134904643341254e-01,-5.8710181139177220e-01,9.9999999999993860e-01,6.6971227595844909e-14,
9.6135351876313413e-01,-2.7495663989039645e-02,9.9999999999999012e-01,1.6653182363374660e-13,
9.9011659953330722e-01,-7.5091011218031238e-03,9.9999999999999434e-01,2.1119415408312232e-13,
9.9639667180923419e-01,-2.6360788674724971e-03,9.9999999999999700e-01,2.4804341154800803e-13,
9.9849694954640911e-01,-1.0490747406234294e-03,9.9999999999999967e-01,2.7550752923772407e-13,
9.9931702882700457e-01,-4.3182831237762625e-04,9.9999999999999933e-01,2.9237186141520196e-13,
1.0000266974127074e+00,6.6777108276343743e-04,9.9999999999944045e-01,1.7612977181434721e-15,
1.0131075278451809e+00,-2.8094364091576170e-02,1.0000000000000051e+00,5.8662944392189481e-14,
1.0001072353570302e+00,-4.3578803325149018e-02,9.9999999999999112e-01,1.1460872107623145e-13,
9.9569162222573326e-01,-2.4768964425102100e-02,9.9999999999999734e-01,1.6595813543899099e-13,
9.9616035838392947e-01,-7.8127481931437575e-03,1.0000000000000013e+00,2.1094395713087621e-13,
9.9798867316368078e-01,-3.1287655624955184e-03,1.0000000000000007e+00,2.4793339062588405e-13,
9.9905049909703525e-01,-1.3715075080524819e-03,1.0000000000000000e+00,2.7545545122299352e-13,
9.9954598214544144e-01,-5.9453868995615095e-04,9.9999999999999856e-01,2.9234501154867066e-13,
1.0000079433307669e+00,1.7755844010358568e-04,9.9999999999955869e-01,1.7869801239683491e-15,
1.0042302176671656e+00,1.6641938442385079e-03,1.0000000000000115e+00,5.8977008537139670e-14,
1.0081772554773958e+00,-8.8290238703897673e-03,1.0000000000000056e+00,1.1437970205157174e-13,
1.0027180003114942e+00,-8.8334159953348205e-03,1.0000000000000071e+00,1.6568155577121817e-13,
1.0006359246712710e+00,-5.9232579547053360e-03,1.0000000000000056e+00,2.1076469618723528e-13,
1.0001531078327053e+00,-2.9287304251727252e-03,1.0000000000000033e+00,2.4783719624777231e-13,
1.0000412746445415e+00,-1.3492576964284424e-03,1.0000000000000000e+00,2.7540656033292278e-13,
1.0000137080259097e+00,-5.9159142005272495e-04,9.9999999999999512e-01,2.9231703842553096e-13,
1.0000042268925440e+00,4.2263274853318711e-06,9.9999999999870515e-01,1.7892126255117408e-15,
1.0025138691246112e+00,7.3610626302369946e-05,9.9999999999872546e-01,5.8686182570691028e-14,
1.0069655078769966e+00,-2.0756246228012835e-03,9.9999999999948486e-01,1.1412137012866707e-13,
1.0045755002698764e+00,-2.6745879206352581e-03,9.9999999999982703e-01,1.6548321399866339e-13,
1.0022354271522609e+00,-2.5118862461513398e-03,9.9999999999994760e-01,2.1063242775624289e-13,
1.0010473531369235e+00,-1.6028003062581769e-03,9.9999999999994316e-01,2.4775779204405463e-13,
1.0004985414746874e+00,-8.3498468092965163e-04,9.9999999999994327e-01,2.7536185154011913e-13,
1.0002680206509467e+00,-3.8724570777717865e-04,9.9999999999994549e-01,2.9229073937312008e-13,

64,4
1.0034236467671407e+00,-4.2263274845593220e-06,1.0000000000000502e+00,5.6938975737727822e-14,
1.0094407384736774e+00,-7.3610626301215623e-05,1.0000000000000222e+00,1.1217022061804413e-13,
1.0096321803412587e+00,2.0756246228062995e-03,1.0000000000000238e+00,1.6328902740769314e-13,
1.0078294112338204e+00,2.6745879206345915e-03,1.0000000000000113e+00,2.0853841368019272e-13,
1.0046343243103124e+00,2.5118862461525160e-03,1.0000000000000155e+00,2.4600893295707745e-13,
1.0025601590913489e+00,1.6028003062592523e-03,1.0000000000000044e+00,2.7412179117135892e-13,
1.0012886368139489e+00,8.3498468093092795e-04,1.0000000000000095e+00,2.9167113985811442e-13,
1.0006387907025169e+00,3.8724570777709728e-04,1.0000000000000309e+00,2.9785423652107684e-13,
1.0106328845711714e+00,-1.7755844010327462e-04,1.0000000000001092e+00,5.5430926433732387e-14,
1.0220130220289019e+00,-1.6641938442373166e-03,1.0000000000000087e+00,1.1120905084317163e-13,
1.0212229741112668e+00,8.8290238703895973e-03,1.0000000000000120e+00,1.6289262582539771e-13,
1.0094537105105423e+00,8.8334159953338005e-03,1.0000000000000071e+00,2.0833498362355423e-13,
1.0043418872293646e+00,5.9232579547056673e-03,1.0000000000000062e+00,2.4587738701224966e-13,
1.0020729695145214e+00,2.9287304251719650e-03,1.0000000000000056e+00,2.7403297977346281e-13,
1.0009604742493086e+00,1.3492576964276770e-03,1.0000000000000062e+00,2.9161532064342530e-13,
1.0004562068644058e+00,5.9159142005179004e-04,1.0000000000000104e+00,2.9782635281853162e-13,
1.0327364624338233e+00,-6.6777108276308724e-04,1.0000000000001068e+00,5.5412201559133397e-14,
1.0846421204844390e+00,2.8094364091575202e-02,1.0000000000000100e+00,1.1198031473066575e-13,
1.0627322740887979e+00,4.3578803325145452e-02,1.0000000000000142e+00,1.6347198173612087e-13,
1.0094339624178474e+00,2.4768964425100064e-02,1.0000000000000062e+00,2.0859824885696853e-13,
1.0022441823643984e+00,7.8127481931425952e-03,1.0000000000000047e+00,2.4599384155257475e-13,
1.0004405508138927e+00,3.1287655624944069e-03,1.0000000000000036e+00,2.7408827861434964e-13,
1.0000730034032181e+00,1.3715075080511713e-03,1.0000000000000022e+00,2.9164455253671829e-13,
1.0000058994974128e+00,5.9453868995578882e-04,1.0000000000000020e+00,2.9784854207576312e-13,
1.0342004949451227e+00,-1.6289967426746550e-04,1.0000000000001597e+00,5.6780018357854262e-14,
1.0000000000000000e+40,1.0000000000000000e+40,1.0000000000000000e+40,1.0000000000000000e+40,
1.1042724290548265e+00,5.8710181139177597e-01,1.0000000000001323e+00,1.6634785866790971e-13,
9.9710442310068348e-01,2.7495663989038487e-02,1.0000000000000047e+00,2.0875369605461266e-13,
9.9772198606523010e-01,7.5091011218013041e-03,1.0000000000000011e+00,2.4605220429101715e-13,
9.9894161375873058e-01,2.6360788674701196e-03,1.0000000000000000e+00,2.7411398969910622e-13,
9.9949908664978970e-01,1.0490747406211784e-03,1.0000000000000000e+00,2.9165785999398158e-13,
9.9973152599574977e-01,4.3182831237581086e-04,1.0000000000000011e+00,2.9785834284295214e-13,
1.0342004949451289e+00,1.4116523472531206e-01,1.0000000000002176e+00,5.7019974407595151e-14,
1.0000000000000000e+40,1.0000000000000000e+40,1.0000000000000000e+40,1.0000000000000000e+40,
1.1042724290548314e+00,-2.3876463800711245e-03,1.0000000000001317e+00,1.6961833021624598e-13,
9.9710442310068892e-01,-3.7872135285615098e-04,1.0000000000000033e+00,2.0875462796759970e-13,
9.9772198606523033e-01,-1.1124562293629746e-04,1.0000000000000033e+00,2.4605201252777310e-13,
9.9894161375873103e-01,-4.1389182857681890e-05,1.0000000000000024e+00,2.7411388806935810e-13,
9.9949908664978904e-01,-1.6627661465804024e-05,1.0000000000000000e+00,2.9165793296732405e-13,
9.9973152599575033e-01,-5.7106529065594461e-06,1.0000000000000000e+00,2.9785844260346917e-13,
1.0327364624338298e+00,7.1438132118392728e-02,1.0000000000001859e+00,5.5411454043466631e-14,
1.0846421204844445e+00,7.1408717736749006e-02,1.0000000000000546e+00,1.1198384081229546e-13,
1.0627322740888065e+00,-9.2913929717322724e-05,1.0000000000000289e+00,1.6347158062677026e-13,
1.0094339624178492e+00,-6.3972773340677793e-03,1.0000000000000075e+00,2.0859802679879046e-13,
1.0022441823644033e+00,-2.9028084567323314e-03,1.0000000000000073e+00,2.4599436127698447e-13,
1.0004405508138932e+00,-1.1579635993515152e-03,1.0000000000000053e+00,2.7408782413186612e-13,
1.0000730034032188e+00,-4.7872411434780957e-04,1.0000000000000044e+00,2.9164516355877635e-13,
1.0000058994974117e+00,-1.6603141953990553e-04,1.0000000000000000e+00,2.9784869264727827e-13,
1.0106328845711765e+00,2.1887122371487207e-02,1.0000000000001166e+00,5.5430582707514180e-14,
1.0220130220289059e+00,2.1804106143052851e-02,1.0000000000000371e+00,1.1120895865627840e-13,
1.0212229741112753e+00,2.0145146315836198e-03,1.0000000000000238e+00,1.6289216207499745e-13,
1.0094537105105459e+00,-2.4234419585420436e-03,1.0000000000000209e+00,2.0833587589417019e-13,
1.0043418872293670e+00,-1.7652629818547454e-03,1.0000000000000122e+00,2.4587676183623780e-13,
1.0020729695145221e+00,-9.2186445858697633e-04,1.0000000000000082e+00,2.7403373780171310e-13,
1.0009604742493057e+00,-4.2958044453751204e-04,1.0000000000000058e+00,2.9161516926093853e-13,
1.0004562068644043e+00,-1.5537861256479545e-04,1.0000000000000000e+00,2.9782700706401832e-13,
1.0034236467671485e+00,7.0362590562268500e-03,1.0000000000002398e+00,5.5565149483666720e-14,
1.0094407384736881e+00,7.0326907240163194e-03,1.0000000000002327e+00,1.1107299274571149e-13,
1.0096321803412718e+00,1.7551297039594840e-03,1.0000000000001046e+00,1.6262670269725316e-13,
1.0078294112338313e+00,-5.3077996409188320e-05,1.0000000000000435e+00,2.0815618287602008e-13,
1.0046343243103022e+00,-5.3960152326057318e-05,1.0000000000000142e+00,2.4577936400048183e-13,
1.0025601590913440e+00,-2.9731868246850837e-05,1.0000000000000075e+00,2.7398251657523569e-13,
1.0012886368139515e+00,-1.4210915598224628e-05,1.0000000000000064e+00,2.9158758541411827e-13,
1.0006387907025207e+00,-5.1871794108457638e-06,1.0000000000000060e+00,2.9780532523237918e-13,

