1
1
1
1
(64 0
((0,0) (16,16) (1,1))
((16,0) (32,16) (1,1))
((32,0) (48,16) (1,1))
((48,0) (64,16) (1,1))
((64,0) (80,16) (1,1))
((80,0) (96,16) (1,1))
((96,0) (112,16) (1,1))
((112,0) (128,16) (1,1))
((0,16) (16,32) (1,1))
((16,16) (32,32) (1,1))
((32,16) (48,32) (1,1))
((48,16) (64,32) (1,1))
((64,16) (80,32) (1,1))
((80,16) (96,32) (1,1))
((96,16) (112,32) (1,1))
((112,16) (128,32) (1,1))
((0,32) (16,48) (1,1))
((16,32) (32,48) (1,1))
((32,32) (48,48) (1,1))
((48,32) (64,48) (1,1))
((64,32) (80,48) (1,1))
((80,32) (96,48) (1,1))
((96,32) (112,48) (1,1))
((112,32) (128,48) (1,1))
((0,48) (16,64) (1,1))
((16,48) (32,64) (1,1))
((32,48) (48,64) (1,1))
((48,48) (64,64) (1,1))
((64,48) (80,64) (1,1))
((80,48) (96,64) (1,1))
((96,48) (112,64) (1,1))
((112,48) (128,64) (1,1))
((0,64) (16,80) (1,1))
((16,64) (32,80) (1,1))
((32,64) (48,80) (1,1))
((48,64) (64,80) (1,1))
((64,64) (80,80) (1,1))
((80,64) (96,80) (1,1))
((96,64) (112,80) (1,1))
((112,64) (128,80) (1,1))
((0,80) (16,96) (1,1))
((16,80) (32,96) (1,1))
((32,80) (48,96) (1,1))
((48,80) (64,96) (1,1))
((64,80) (80,96) (1,1))
((80,80) (96,96) (1,1))
((96,80) (112,96) (1,1))
((112,80) (128,96) (1,1))
((0,96) (16,112) (1,1))
((16,96) (32,112) (1,1))
((32,96) (48,112) (1,1))
((48,96) (64,112) (1,1))
((64,96) (80,112) (1,1))
((80,96) (96,112) (1,1))
((96,96) (112,112) (1,1))
((112,96) (128,112) (1,1))
((0,112) (16,128) (1,1))
((16,112) (32,128) (1,1))
((32,112) (48,128) (1,1))
((48,112) (64,128) (1,1))
((64,112) (80,128) (1,1))
((80,112) (96,128) (1,1))
((96,112) (112,128) (1,1))
((112,112) (128,128) (1,1))
)
64
FabOnDisk: SD_1_Old_MF_D_00000 0
FabOnDisk: SD_1_Old_MF_D_00000 2972
FabOnDisk: SD_1_Old_MF_D_00000 5944
FabOnDisk: SD_1_Old_MF_D_00000 8916
FabOnDisk: SD_1_Old_MF_D_00000 11888
FabOnDisk: SD_1_Old_MF_D_00000 14860
FabOnDisk: SD_1_Old_MF_D_00000 17832
FabOnDisk: SD_1_Old_MF_D_00000 20805
FabOnDisk: SD_1_Old_MF_D_00000 23779
FabOnDisk: SD_1_Old_MF_D_00000 26751
FabOnDisk: SD_1_Old_MF_D_00000 29723
FabOnDisk: SD_1_Old_MF_D_00000 32695
FabOnDisk: SD_1_Old_MF_D_00000 35667
FabOnDisk: SD_1_Old_MF_D_00000 38639
FabOnDisk: SD_1_Old_MF_D_00000 41611
FabOnDisk: SD_1_Old_MF_D_00000 44584
FabOnDisk: SD_1_Old_MF_D_00000 47558
FabOnDisk: SD_1_Old_MF_D_00000 50530
FabOnDisk: SD_1_Old_MF_D_00000 53502
FabOnDisk: SD_1_Old_MF_D_00000 56474
FabOnDisk: SD_1_Old_MF_D_00000 59446
FabOnDisk: SD_1_Old_MF_D_00000 62418
FabOnDisk: SD_1_Old_MF_D_00000 65390
FabOnDisk: SD_1_Old_MF_D_00000 68363
FabOnDisk: SD_1_Old_MF_D_00000 71337
FabOnDisk: SD_1_Old_MF_D_00000 74309
FabOnDisk: SD_1_Old_MF_D_00000 77281
FabOnDisk: SD_1_Old_MF_D_00000 80253
FabOnDisk: SD_1_Old_MF_D_00000 83225
FabOnDisk: SD_1_Old_MF_D_00000 86197
FabOnDisk: SD_1_Old_MF_D_00000 89169
FabOnDisk: SD_1_Old_MF_D_00000 92142
FabOnDisk: SD_1_Old_MF_D_00000 95116
FabOnDisk: SD_1_Old_MF_D_00000 98088
FabOnDisk: SD_1_Old_MF_D_00000 101060
FabOnDisk: SD_1_Old_MF_D_00000 104032
FabOnDisk: SD_1_Old_MF_D_00000 107004
FabOnDisk: SD_1_Old_MF_D_00000 109976
FabOnDisk: SD_1_Old_MF_D_00000 112948
FabOnDisk: SD_1_Old_MF_D_00000 115921
FabOnDisk: SD_1_Old_MF_D_00000 118895
FabOnDisk: SD_1_Old_MF_D_00000 121867
FabOnDisk: SD_1_Old_MF_D_00000 124839
FabOnDisk: SD_1_Old_MF_D_00000 127811
FabOnDisk: SD_1_Old_MF_D_00000 130783
FabOnDisk: SD_1_Old_MF_D_00000 133755
FabOnDisk: SD_1_Old_MF_D_00000 136727
FabOnDisk: SD_1_Old_MF_D_00000 139700
FabOnDisk: SD_1_Old_MF_D_00000 142674
FabOnDisk: SD_1_Old_MF_D_00000 145647
FabOnDisk: SD_1_Old_MF_D_00000 148620
FabOnDisk: SD_1_Old_MF_D_00000 151593
FabOnDisk: SD_1_Old_MF_D_00000 154566
FabOnDisk: SD_1_Old_MF_D_00000 157539
FabOnDisk: SD_1_Old_MF_D_00000 160512
FabOnDisk: SD_1_Old_MF_D_00000 163486
FabOnDisk: SD_1_Old_MF_D_00000 166461
FabOnDisk: SD_1_Old_MF_D_00000 169435
FabOnDisk: SD_1_Old_MF_D_00000 172409
FabOnDisk: SD_1_Old_MF_D_00000 175383
FabOnDisk: SD_1_Old_MF_D_00000 178357
FabOnDisk: SD_1_Old_MF_D_00000 181331
FabOnDisk: SD_1_Old_MF_D_00000 184305
FabOnDisk: SD_1_Old_MF_D_00000 187280

64,1
6.3120603349077322e-03,
1.6132344786029319e-03,
-6.6550085371773276e-04,
-7.8772232531746809e-04,
-6.7096054346375779e-04,
-3.5743924955914123e-04,
-1.8897797183122509e-04,
-7.6606671646344557e-05,
7.2402106303761189e-03,
-4.8194411416190271e-03,
-5.6211125251275857e-03,
-3.6820124113417767e-03,
-1.0193089285813544e-03,
-3.5743924955914123e-04,
-1.6226895835800707e-04,
-6.0212986210992088e-05,
1.0459044863189968e-02,
-4.8638367818090632e-02,
-4.3533227747911227e-02,
-5.1557260382704573e-03,
-1.0103252871026284e-03,
-2.2209519817801104e-04,
-4.6463807928687960e-05,
-9.1720180756991368e-06,
2.3270451394261218e-02,
-1.0885029405694922e+00,
-2.0402239733650576e-01,
-3.3410392812101724e-03,
3.4036246550318063e-04,
1.5997570689834929e-04,
5.9861827295070030e-05,
-8.5135515232418149e-07,
2.3270451394252923e-02,
-1.0885029405694722e+00,
-2.0402239733646838e-01,
-3.3410392812124206e-03,
3.4036246550306684e-04,
1.5997570689827565e-04,
5.9861827296990565e-05,
-8.5135515232418149e-07,
1.0459044863178554e-02,
-4.8638367818107979e-02,
-4.3533227747923835e-02,
-5.1557260382720229e-03,
-1.0103252871014933e-03,
-2.2209519817845906e-04,
-4.6463807927875994e-05,
-9.1720180725278895e-06,
7.2402106303636514e-03,
-4.8194411416259504e-03,
-5.6211125251336373e-03,
-3.6820124113420018e-03,
-1.0193089285818007e-03,
-3.5743924956081492e-04,
-1.6226895835702853e-04,
-6.0212986208364694e-05,
6.3120603349076862e-03,
1.6132344785973959e-03,
-6.6550085371513534e-04,
-7.8772232531478317e-04,
-6.7096054346364254e-04,
-3.5743924956081492e-04,
-1.8897797183145855e-04,
-7.6606671640923994e-05,

64,1
1.0654986415184689e-02,
7.2402106303761189e-03,
2.6348314297249512e-03,
2.8072428917723423e-04,
-3.3780825087702650e-04,
-1.6226895835800707e-04,
-6.0212986210992088e-05,
1.0689121362225012e-06,
2.2133449025664206e-02,
1.0459044863189968e-02,
1.6132344786029319e-03,
-6.6550085371773276e-04,
-2.2209519817801104e-04,
-4.6463807928687960e-05,
-9.1720180756991368e-06,
6.7936277687434709e-07,
6.1516229749349241e-02,
2.3270451394261218e-02,
-3.3410392812101724e-03,
4.5599952902493135e-04,
4.8114579177585239e-04,
3.4036246550318063e-04,
1.5997570689834929e-04,
5.9861827295070030e-05,
2.8624960418538209e-01,
5.9016743685252060e-01,
1.5880754482521126e-01,
1.3830302739788415e-02,
2.6037022924256677e-03,
7.7475745764628398e-04,
2.7846440479661839e-04,
9.4290973090644162e-05,
2.8624960418538209e-01,
5.9016743685252060e-01,
1.5880754482521126e-01,
1.3830302739788415e-02,
2.6037022924256677e-03,
7.7475745764628398e-04,
2.7846440479661839e-04,
9.4290973090644162e-05,
6.1516229749353682e-02,
2.3270451394252923e-02,
-3.3410392812124206e-03,
4.5599952902361355e-04,
4.8114579177442585e-04,
3.4036246550306684e-04,
1.5997570689827565e-04,
5.9861827296990565e-05,
2.2133449025665958e-02,
1.0459044863178554e-02,
1.6132344785973959e-03,
-6.6550085371513534e-04,
-2.2209519817845906e-04,
-4.6463807927875994e-05,
-9.1720180725278895e-06,
6.7936277447045911e-07,
1.0654986415175136e-02,
7.2402106303636514e-03,
2.6348314297254560e-03,
2.8072428917738472e-04,
-3.3780825087777828e-04,
-1.6226895835702853e-04,
-6.0212986208364694e-05,
1.0689121332205402e-06,

