1
1
8
0
(7 0
((232,192) (255,215) (0,0))
((0,224) (23,255) (0,0))
((224,224) (239,231) (0,0))
((240,232) (255,239) (0,0))
((200,240) (255,255) (0,0))
((24,248) (119,255) (0,0))
((120,248) (199,255) (0,0))
)
7
FabOnDisk: Cell_D_00000 0
FabOnDisk: Cell_D_00000 36952
FabOnDisk: Cell_D_00000 86189
FabOnDisk: Cell_D_00000 94469
FabOnDisk: Cell_D_00000 102749
FabOnDisk: Cell_D_00000 160181
FabOnDisk: Cell_D_00000 209420

7,8
-1.9168855674917648e-01,-5.7606096635667403e-01,9.9999999999138967e-01,0.0000000000000000e+00,-8.8831631145279744e+00,-1.9108274724732894e+01,4.2078000014575068e-02,-2.2119996692774854e-01,
-1.6369953198668180e-01,-3.1547770896358698e-02,9.9807373937462962e-01,0.0000000000000000e+00,-1.4064030157735765e+01,-4.3387804664874750e+01,2.0385793380540917e-02,-6.9921440639269894e-01,
-1.9859816599106508e-01,-2.8814282608745245e-01,9.9924597631937007e-01,0.0000000000000000e+00,2.5143558075748764e+00,-2.5482051053883570e-01,2.9869510286136602e-02,-4.7950962638574912e-01,
-2.6835165166991681e-01,-5.1654162562374317e-01,9.9999996169387206e-01,0.0000000000000000e+00,-9.3744621615668962e+00,-1.2599626251982073e+01,3.5837530156912933e-01,4.2260699191505713e-01,
-1.5324860373276686e-01,-6.0177092263667842e-01,9.9880281476558841e-01,0.0000000000000000e+00,-3.5455194178345550e-01,-1.0493096243679474e+01,8.3023337941237507e-01,-6.1842134975753904e-01,
2.5534904369236312e-02,6.2497380700898670e-05,9.9997277550260755e-01,0.0000000000000000e+00,-2.7299551766008889e-01,-2.0991378986029119e+00,1.2763880423140952e+00,-4.1726376194671944e-01,
3.0292994767008974e-01,-5.5705630168370185e-02,9.9993344323735922e-01,0.0000000000000000e+00,-9.6498258655958864e+00,-9.3337003986265543e-01,1.5755109170194000e+01,-5.7971619494805027e-01,

7,8
1.5448671181748216e-01,1.5579922320484052e-01,1.0000000004337686e+00,0.0000000000000000e+00,1.5180939547813480e+01,1.0895872053566485e+01,5.1781122246800308e+01,7.6154452624205549e-01,
8.8575876385280183e-01,3.0082112457712712e-01,1.0030234490072949e+00,0.0000000000000000e+00,5.8866703255568467e+01,2.3667321393570404e+01,1.4523035884463641e+02,-8.5381057067947352e-02,
8.2948264264342153e-02,8.7237272687663604e-03,1.0000724497905176e+00,0.0000000000000000e+00,2.2095471305163613e+01,2.4644195170953012e+01,2.9375688803473391e+01,3.7315064187294411e-01,
2.2760362962143892e-02,-4.1794040606848194e-02,1.0000000123882100e+00,0.0000000000000000e+00,1.9235344458035655e+01,1.0009445377771755e+01,3.6854013418224426e+01,8.1538327775215302e-01,
9.3735851531366676e-01,4.2213898638475654e-02,1.0004775978486098e+00,0.0000000000000000e+00,1.0503513383910595e+02,8.3279441541065779e+01,1.3803834633868198e+02,1.4975252565562684e+00,
9.5043580932030358e-01,5.5371273188070336e-02,1.0050198400877481e+00,0.0000000000000000e+00,1.0711724791285221e+01,2.0232132951161546e+01,4.8988714899434676e+01,-4.7732105506762282e-02,
9.5248943943904218e-01,5.0251418604073343e-03,1.0000123861949977e+00,0.0000000000000000e+00,8.8873213605596035e-01,1.3654173632889865e+01,2.7615719455063072e+01,-6.7452976313979479e-02,

