1
1
9
0
(9 0
((80,232) (95,247) (0,0))
((96,232) (111,247) (0,0))
((112,232) (127,247) (0,0))
((80,248) (95,263) (0,0))
((96,248) (111,263) (0,0))
((112,248) (127,263) (0,0))
((80,264) (95,279) (0,0))
((96,264) (111,279) (0,0))
((112,264) (127,279) (0,0))
)
9
FabOnDisk: Cell_D_00000 0
FabOnDisk: Cell_D_00000 18518
FabOnDisk: Cell_D_00000 37037
FabOnDisk: Cell_D_00000 55557
FabOnDisk: Cell_D_00000 74075
FabOnDisk: Cell_D_00000 92594
FabOnDisk: Cell_D_00000 111114
FabOnDisk: Cell_D_00000 129632
FabOnDisk: Cell_D_00000 148151

9,9
-2.4407852756744952e-01,-7.4804391825588534e-01,0.0000000000000000e+00,-5.6718570079739461e-13,-1.1958333375737761e+03,-7.7827272133510780e+02,0.0000000000000000e+00,-3.5957308086820743e+00,0.0000000000000000e+00,
-8.7951867296937478e-02,-6.8156125590641192e-01,0.0000000000000000e+00,0.0000000000000000e+00,-4.7616740340938293e+02,-3.6658986002236594e+02,0.0000000000000000e+00,-2.0243141458661991e+00,0.0000000000000000e+00,
6.2118532973015846e-02,-6.2390444355263852e-01,9.9999999999992450e-01,2.6160974173588209e-13,-5.6629479068684429e+02,-5.2597237967421756e+02,2.4190459126227637e-01,-1.1176272640407634e+00,1.0000000000000000e+00,
0.0000000000000000e+00,-6.5994213130246326e-01,0.0000000000000000e+00,-5.1631734548221924e-13,-5.8985225004203323e+02,-5.4690712393782269e+02,0.0000000000000000e+00,-6.3243048693686042e-03,0.0000000000000000e+00,
-3.3540991088816968e-01,-6.9973924391047515e-01,0.0000000000000000e+00,0.0000000000000000e+00,-4.5250416420264906e+02,-4.7004842969489846e+02,0.0000000000000000e+00,-7.2612358682136990e-01,0.0000000000000000e+00,
-8.7719574542690515e-01,-6.9906186232882928e-01,9.9999999999970279e-01,1.8701636561632363e-13,-5.4901497536571992e+02,-5.7289008409802489e+02,5.5483209905161601e+01,-1.1087256627024780e+00,1.0000000000000000e+00,
-2.4407852756733323e-01,-2.1891526564802444e-01,0.0000000000000000e+00,-5.9477968558782473e-13,-1.1958333374984766e+03,-4.4767713440434306e+02,0.0000000000000000e+00,-3.5957308081684900e+00,0.0000000000000000e+00,
-8.7951867296907210e-02,-9.6097112511587507e-02,0.0000000000000000e+00,0.0000000000000000e+00,-4.7616740340948309e+02,-1.5360172650054471e+02,0.0000000000000000e+00,-2.0243141454475007e+00,0.0000000000000000e+00,
6.2118532972973199e-02,-8.0028056047181684e-01,9.9999999999972544e-01,2.6470485080132601e-13,-5.6629479068662329e+02,-1.7079302446465903e+02,2.4190459123047958e-01,-1.1176272640405742e+00,1.0000000000000000e+00,

9,9
1.4766908279008135e+00,2.1891526564942382e-01,1.0000000000003426e+00,5.1527938825794367e-13,8.4685956437335676e+01,4.4767713441408370e+02,1.1486631050783906e+04,4.8079952060477649e-01,1.0000000000000000e+00,
1.4935773051050412e+00,9.6097112511577210e-02,1.0000000000004861e+00,1.0381952189958195e-12,2.3054172756908520e+02,1.5360172645034061e+02,3.5539355854094574e+03,5.8186000016745987e-01,1.0000000000000000e+00,
1.5044289138722626e+00,8.0028056047183538e-01,1.0000000000003091e+00,1.0352621991324467e-12,9.3400852071695192e+02,1.7079302446465121e+02,2.3170492181077384e+03,-1.7226868179781776e-01,1.0000000000000000e+00,
5.6164821155853628e-01,6.5994213130244728e-01,1.0000000000000422e+00,0.0000000000000000e+00,1.2677459513903777e+02,5.4690712393764829e+02,2.2338360295525031e+03,6.2007632917115529e-01,1.0000000000000000e+00,
0.0000000000000000e+00,6.9973924391055820e-01,1.0000000000006823e+00,6.3170790022338808e-13,9.0018390734250787e+01,4.7004842969499731e+02,2.9515814577949727e+03,1.0064442626226844e+00,1.0000000000000000e+00,
3.7747152162302006e-01,6.9906186232885126e-01,1.0000000000003311e+00,5.7812656242309575e-13,9.1846914360417986e+02,5.7289008409826783e+02,2.3650999503022431e+03,2.3169374146203972e-02,1.0000000000000000e+00,
1.4766908279008910e+00,7.4804391825587935e-01,1.0000000000001856e+00,5.2725312683562928e-13,8.4685956437423755e+01,7.7827272133702286e+02,1.1486631050757664e+04,4.8079952053188291e-01,1.0000000000000000e+00,
1.4935773051051147e+00,6.8156125590649919e-01,1.0000000000001856e+00,1.0675428342298207e-12,2.3054172750465568e+02,3.6658986002237447e+02,3.5539355854097621e+03,5.8186000049144571e-01,1.0000000000000000e+00,
1.5044289138722944e+00,6.2390444355252894e-01,1.0000000000002882e+00,1.0644166443276779e-12,9.3400852071673762e+02,5.2597237967414901e+02,2.3170492181074696e+03,-1.7226868179782173e-01,1.0000000000000000e+00,

