1
1
8
0
(3 0
((120,88) (127,95) (0,0))
((112,96) (127,111) (0,0))
((0,112) (127,127) (0,0))
)
3
FabOnDisk: Cell_D_00000 0
FabOnDisk: Cell_D_00000 4182
FabOnDisk: Cell_D_00000 20653

3,8
-1.6545169708851362e-01,-5.3036784163459538e-01,9.9999999999891698e-01,0.0000000000000000e+00,-1.3434330439097200e-01,-4.1156319077147940e-01,5.1682460692672727e-01,-2.0458693823725522e-02,
-1.5699788646609961e-01,-6.5845135209253103e-01,9.9993845870376785e-01,0.0000000000000000e+00,-1.3538472240229310e-01,-3.2150343928693204e-01,3.3508577017423580e-01,-6.3220564733337564e-02,
-7.4768171726352556e-02,-6.6757426494117988e-01,9.9999998447806104e-01,0.0000000000000000e+00,-2.4001563283115915e-01,-9.6029175111913077e+00,5.0041787897918688e-03,-1.2098794439484004e-01,

3,8
1.0130607153145915e-04,-1.4424875000007211e-02,1.0000000000000180e+00,0.0000000000000000e+00,8.3679194203124330e-01,-1.0846678498398576e-01,1.2404848846078014e+01,1.7721452301068339e-03,
8.5634578385776539e-02,-4.2613960026731797e-02,1.0002149509132814e+00,0.0000000000000000e+00,7.9399385584455395e-01,8.7768946038982687e-01,2.7647702491627065e+01,1.1506557613903626e-02,
9.4155241305345638e-01,1.9929318793133871e-01,1.0000000027428249e+00,0.0000000000000000e+00,3.4847753281160358e+01,3.0110536900454576e+01,7.2737723225583224e+01,8.1750635042963893e-01,

