1
1
4
4
(64 0
((0,0) (15,15) (0,0))
((16,0) (31,15) (0,0))
((32,0) (47,15) (0,0))
((48,0) (63,15) (0,0))
((64,0) (79,15) (0,0))
((80,0) (95,15) (0,0))
((96,0) (111,15) (0,0))
((112,0) (127,15) (0,0))
((0,16) (15,31) (0,0))
((16,16) (31,31) (0,0))
((32,16) (47,31) (0,0))
((48,16) (63,31) (0,0))
((64,16) (79,31) (0,0))
((80,16) (95,31) (0,0))
((96,16) (111,31) (0,0))
((112,16) (127,31) (0,0))
((0,32) (15,47) (0,0))
((16,32) (31,47) (0,0))
((32,32) (47,47) (0,0))
((48,32) (63,47) (0,0))
((64,32) (79,47) (0,0))
((80,32) (95,47) (0,0))
((96,32) (111,47) (0,0))
((112,32) (127,47) (0,0))
((0,48) (15,63) (0,0))
((16,48) (31,63) (0,0))
((32,48) (47,63) (0,0))
((48,48) (63,63) (0,0))
((64,48) (79,63) (0,0))
((80,48) (95,63) (0,0))
((96,48) (111,63) (0,0))
((112,48) (127,63) (0,0))
((0,64) (15,79) (0,0))
((16,64) (31,79) (0,0))
((32,64) (47,79) (0,0))
((48,64) (63,79) (0,0))
((64,64) (79,79) (0,0))
((80,64) (95,79) (0,0))
((96,64) (111,79) (0,0))
((112,64) (127,79) (0,0))
((0,80) (15,95) (0,0))
((16,80) (31,95) (0,0))
((32,80) (47,95) (0,0))
((48,80) (63,95) (0,0))
((64,80) (79,95) (0,0))
((80,80) (95,95) (0,0))
((96,80) (111,95) (0,0))
((112,80) (127,95) (0,0))
((0,96) (15,111) (0,0))
((16,96) (31,111) (0,0))
((32,96) (47,111) (0,0))
((48,96) (63,111) (0,0))
((64,96) (79,111) (0,0))
((80,96) (95,111) (0,0))
((96,96) (111,111) (0,0))
((112,96) (127,111) (0,0))
((0,112) (15,127) (0,0))
((16,112) (31,127) (0,0))
((32,112) (47,127) (0,0))
((48,112) (63,127) (0,0))
((64,112) (79,127) (0,0))
((80,112) (95,127) (0,0))
((96,112) (111,127) (0,0))
((112,112) (127,127) (0,0))
)
64
FabOnDisk: SD_0_Old_MF_D_00000 0
FabOnDisk: SD_0_Old_MF_D_00000 18516
FabOnDisk: SD_0_Old_MF_D_00000 37032
FabOnDisk: SD_0_Old_MF_D_00000 55548
FabOnDisk: SD_0_Old_MF_D_00000 74064
FabOnDisk: SD_0_Old_MF_D_00000 92580
FabOnDisk: SD_0_Old_MF_D_00000 111096
FabOnDisk: SD_0_Old_MF_D_00000 129613
FabOnDisk: SD_0_Old_MF_D_00000 148131
FabOnDisk: SD_0_Old_MF_D_00000 166647
FabOnDisk: SD_0_Old_MF_D_00000 185163
FabOnDisk: SD_0_Old_MF_D_00000 203679
FabOnDisk: SD_0_Old_MF_D_00000 222195
FabOnDisk: SD_0_Old_MF_D_00000 240711
FabOnDisk: SD_0_Old_MF_D_00000 259227
FabOnDisk: SD_0_Old_MF_D_00000 277744
FabOnDisk: SD_0_Old_MF_D_00000 296262
FabOnDisk: SD_0_Old_MF_D_00000 314778
FabOnDisk: SD_0_Old_MF_D_00000 333294
FabOnDisk: SD_0_Old_MF_D_00000 351810
FabOnDisk: SD_0_Old_MF_D_00000 370326
FabOnDisk: SD_0_Old_MF_D_00000 388842
FabOnDisk: SD_0_Old_MF_D_00000 407358
FabOnDisk: SD_0_Old_MF_D_00000 425875
FabOnDisk: SD_0_Old_MF_D_00000 444393
FabOnDisk: SD_0_Old_MF_D_00000 462909
FabOnDisk: SD_0_Old_MF_D_00000 481425
FabOnDisk: SD_0_Old_MF_D_00000 499941
FabOnDisk: SD_0_Old_MF_D_00000 518457
FabOnDisk: SD_0_Old_MF_D_00000 536973
FabOnDisk: SD_0_Old_MF_D_00000 555489
FabOnDisk: SD_0_Old_MF_D_00000 574006
FabOnDisk: SD_0_Old_MF_D_00000 592524
FabOnDisk: SD_0_Old_MF_D_00000 611040
FabOnDisk: SD_0_Old_MF_D_00000 629556
FabOnDisk: SD_0_Old_MF_D_00000 648072
FabOnDisk: SD_0_Old_MF_D_00000 666588
FabOnDisk: SD_0_Old_MF_D_00000 685104
FabOnDisk: SD_0_Old_MF_D_00000 703620
FabOnDisk: SD_0_Old_MF_D_00000 722137
FabOnDisk: SD_0_Old_MF_D_00000 740655
FabOnDisk: SD_0_Old_MF_D_00000 759171
FabOnDisk: SD_0_Old_MF_D_00000 777687
FabOnDisk: SD_0_Old_MF_D_00000 796203
FabOnDisk: SD_0_Old_MF_D_00000 814719
FabOnDisk: SD_0_Old_MF_D_00000 833235
FabOnDisk: SD_0_Old_MF_D_00000 851751
FabOnDisk: SD_0_Old_MF_D_00000 870268
FabOnDisk: SD_0_Old_MF_D_00000 888786
FabOnDisk: SD_0_Old_MF_D_00000 907303
FabOnDisk: SD_0_Old_MF_D_00000 925820
FabOnDisk: SD_0_Old_MF_D_00000 944337
FabOnDisk: SD_0_Old_MF_D_00000 962854
FabOnDisk: SD_0_Old_MF_D_00000 981371
FabOnDisk: SD_0_Old_MF_D_00000 999888
FabOnDisk: SD_0_Old_MF_D_00000 1018406
FabOnDisk: SD_0_Old_MF_D_00000 1036925
FabOnDisk: SD_0_Old_MF_D_00000 1055443
FabOnDisk: SD_0_Old_MF_D_00000 1073961
FabOnDisk: SD_0_Old_MF_D_00000 1092479
FabOnDisk: SD_0_Old_MF_D_00000 1110997
FabOnDisk: SD_0_Old_MF_D_00000 1129515
FabOnDisk: SD_0_Old_MF_D_00000 1148033
FabOnDisk: SD_0_Old_MF_D_00000 1166552

64,4
1.0000042316202398e+00,-7.0318947051858319e-03,9.9999999999996403e-01,1.8237303785542314e-15,
1.0025273817726776e+00,-7.0233108977661622e-03,9.9999999999991085e-01,5.8379786923829087e-14,
1.0069598128242656e+00,-1.7389373146947705e-03,9.9999999999991207e-01,1.1525164509936218e-13,
1.0045625804265419e+00,5.3129510097335315e-05,9.9999999999997391e-01,1.6796495653099781e-13,
1.0022288573040645e+00,5.3822693726094203e-05,9.9999999999999600e-01,2.1419613084500245e-13,
1.0010443155874362e+00,2.9645415467425649e-05,9.9999999999998113e-01,2.5215563534242131e-13,
1.0004972644025689e+00,1.4162138079090067e-05,9.9999999999993894e-01,2.8035941668502624e-13,
1.0002677012303594e+00,5.1555300436602739e-06,9.9999999999982314e-01,2.9765523450009950e-13,
1.0000079435606579e+00,-2.1867243286111483e-02,9.9999999999993550e-01,1.8215018712663527e-15,
1.0042466150109999e+00,-2.1769587115013405e-02,9.9999999999999400e-01,6.0064843787487635e-14,
1.0081569880147390e+00,-1.9907758587393311e-03,1.0000000000000013e+00,1.1650796331571725e-13,
1.0027068556070644e+00,2.4231528461711926e-03,1.0000000000000036e+00,1.6876591450171133e-13,
1.0006333045977005e+00,1.7605347791538987e-03,1.0000000000000024e+00,2.1468861610906812e-13,
1.0001524992588986e+00,9.1912986164181636e-04,1.0000000000000013e+00,2.5245098904212812e-13,
1.0000411284252864e+00,4.2809694327196270e-04,1.0000000000000009e+00,2.8053435709489387e-13,
1.0000136874755672e+00,1.5443016721942372e-04,1.0000000000000000e+00,2.9776038587272137e-13,
1.0000266756686014e+00,-7.1377998259304853e-02,9.9999999999993605e-01,1.7969648592360251e-15,
1.0131277069067883e+00,-7.1219040448115375e-02,9.9999999999997424e-01,5.9483692135445821e-14,
1.0000786905354679e+00,1.3164362755939800e-04,9.9999999999998646e-01,1.1674256481515379e-13,
9.9569910868870459e-01,6.3793703765601005e-03,9.9999999999999178e-01,1.6904881041219870e-13,
9.9617014667700077e-01,2.8931769966588023e-03,9.9999999999999734e-01,2.1487159336559993e-13,
9.9799453041118336e-01,1.1542103995254810e-03,9.9999999999999822e-01,2.5254991771699724e-13,
9.9905324083123603e-01,4.7702456079219436e-04,1.0000000000000000e+00,2.8058429058715185e-13,
9.9954712517665179e-01,1.6501587679790614e-04,9.9999999999999822e-01,2.9778767498276810e-13,
8.3456383263344247e-01,-1.4117448750908243e-01,9.9999999999961231e-01,1.7522231081968181e-15,
-8.0691975893405887e-01,-6.5829165463702977e-01,9.9999999999951106e-01,-1.1965447581733696e-12,
1.3049655338804012e-01,2.3773527879305464e-03,9.9999999999982137e-01,7.0456916767002993e-14,
9.6152864883074063e-01,3.7719734046416344e-04,9.9999999999998068e-01,1.6963335161064419e-13,
9.9015164992407956e-01,1.1085820279912449e-04,9.9999999999999456e-01,2.1512649730351203e-13,
9.9640828773362133e-01,4.1252312501346080e-05,9.9999999999999789e-01,2.5266164486692859e-13,
9.9850148246018866e-01,1.6568254079214534e-05,9.9999999999999989e-01,2.8063732941822739e-13,
9.9931879127384238e-01,5.6757062394076795e-06,9.9999999999999944e-01,2.9781617484887894e-13,
8.3456383263344391e-01,1.6282189881763813e-04,9.9999999999944600e-01,1.7522625699404883e-15,
-8.0691975893397960e-01,-7.8098203101957375e-01,9.9999999999930078e-01,-1.2446879833605013e-12,
1.3049655338804925e-01,-5.8034388330550835e-01,9.9999999999993860e-01,6.7256395849418748e-14,
9.6152864883074163e-01,-2.7375892430468726e-02,9.9999999999999067e-01,1.6963317013987716e-13,
9.9015164992408100e-01,-7.4821548171092097e-03,9.9999999999999456e-01,2.1512655215219599e-13,
9.9640828773362111e-01,-2.6273156900882269e-03,9.9999999999999711e-01,2.5266171945986908e-13,
9.9850148246018866e-01,-1.0456637223670302e-03,9.9999999999999967e-01,2.8063711379611468e-13,
9.9931879127384349e-01,-4.3027276927995944e-04,9.9999999999999922e-01,2.9781692732452427e-13,
1.0000266756686012e+00,6.6761075149004577e-04,9.9999999999944089e-01,1.7970461764118947e-15,
1.0131277069067934e+00,-2.8153454464403531e-02,1.0000000000000060e+00,5.9475030277703955e-14,
1.0000786905354733e+00,-4.3495110124337336e-02,9.9999999999999112e-01,1.1674262815091752e-13,
9.9569910868870781e-01,-2.4678607450904604e-02,9.9999999999999689e-01,1.6904851820609005e-13,
9.9617014667700410e-01,-7.7861605233786012e-03,1.0000000000000011e+00,2.1487221240164887e-13,
9.9799453041118658e-01,-3.1189728831881843e-03,1.0000000000000002e+00,2.5254909814388103e-13,
9.9905324083123692e-01,-1.3671953529053446e-03,9.9999999999999989e-01,2.8058468441917109e-13,
9.9954712517665056e-01,-5.9242248209785372e-04,9.9999999999999845e-01,2.9778767441302721e-13,
1.0000079435606575e+00,1.7766667989295340e-04,9.9999999999955913e-01,1.8216239723973450e-15,
1.0042466150110061e+00,1.6217441214517033e-03,1.0000000000000115e+00,6.0063075905186404e-14,
1.0081569880147498e+00,-8.8142031638475393e-03,1.0000000000000060e+00,1.1650810021156935e-13,
1.0027068556070680e+00,-8.8173429886709686e-03,1.0000000000000069e+00,1.6876571712706576e-13,
1.0006333045977018e+00,-5.9068293532106601e-03,1.0000000000000053e+00,2.1468842212883069e-13,
1.0001524992589008e+00,-2.9200037487047198e-03,1.0000000000000033e+00,2.5245115124072246e-13,
1.0000411284252857e+00,-1.3450653461873463e-03,1.0000000000000000e+00,2.8053397556926883e-13,
1.0000136874755670e+00,-5.8948943693593416e-04,9.9999999999999556e-01,2.9775975396010531e-13,
1.0000042316202404e+00,4.2310571129740518e-06,9.9999999999870148e-01,1.8239485430988979e-15,
1.0025273817726046e+00,7.3101801398133378e-05,9.9999999999872391e-01,5.9871671033348126e-14,
1.0069598128241970e+00,-2.0763259106406735e-03,9.9999999999948541e-01,1.1632435130706643e-13,
1.0045625804265452e+00,-2.6701377608030086e-03,9.9999999999982603e-01,1.6861135532324086e-13,
1.0022288573040647e+00,-2.5065213772159163e-03,9.9999999999994826e-01,2.1458223193496008e-13,
1.0010443155874347e+00,-1.5984956211375252e-03,9.9999999999994349e-01,2.5238773804364265e-13,
1.0004972644025669e+00,-8.3249767415684729e-04,9.9999999999994338e-01,2.8049873702610850e-13,
1.0002677012303529e+00,-3.8588700152600080e-04,9.9999999999994515e-01,2.9773888731986235e-13,

64,4
1.0034405223478304e+00,-4.2310571122148934e-06,1.0000000000000497e+00,5.7425227721792048e-14,
1.0094288022512676e+00,-7.3101801396887887e-05,1.0000000000000222e+00,1.1376002084028647e-13,
1.0096160510870940e+00,2.0763259106452892e-03,1.0000000000000240e+00,1.6602914956936738e-13,
1.0078101330087059e+00,2.6701377608029124e-03,1.0000000000000131e+00,2.1224237963785429e-13,
1.0046225330608960e+00,2.5065213772175079e-03,1.0000000000000158e+00,2.5048178771601903e-13,
1.0025530645944494e+00,1.5984956211384325e-03,1.0000000000000053e+00,2.7916139211757480e-13,
1.0012850281885430e+00,8.3249767415688859e-04,1.0000000000000095e+00,2.9706338427137491e-13,
1.0006372140664255e+00,3.8588700152587119e-04,1.0000000000000313e+00,3.0337670817734454e-13,
1.0106556862416609e+00,-1.7766667989255826e-04,1.0000000000001090e+00,5.6469858540096255e-14,
1.0219669493477967e+00,-1.6217441214503975e-03,1.0000000000000082e+00,1.1327937093981613e-13,
1.0211677988681207e+00,8.8142031638460232e-03,1.0000000000000118e+00,1.6592451688110387e-13,
1.0094182801587150e+00,8.8173429886692599e-03,1.0000000000000071e+00,2.1221521854711797e-13,
1.0043293957426034e+00,5.9068293532103227e-03,1.0000000000000062e+00,2.5045486626168102e-13,
1.0020668231820291e+00,2.9200037487037540e-03,1.0000000000000053e+00,2.7913539489067184e-13,
1.0009576842817089e+00,1.3450653461866595e-03,1.0000000000000060e+00,2.9704505046061500e-13,
1.0004550545861046e+00,5.8948943693475173e-04,1.0000000000000104e+00,3.0337209533315811e-13,
1.0327192237301490e+00,-6.6761075148957046e-04,1.0000000000001072e+00,5.6451583299553307e-14,
1.0844250557680237e+00,2.8153454464402445e-02,1.0000000000000098e+00,1.1393256262406610e-13,
1.0624585863342404e+00,4.3495110124333755e-02,1.0000000000000142e+00,1.6651632058380787e-13,
1.0093971864690658e+00,2.4678607450902397e-02,1.0000000000000062e+00,2.1248187240785556e-13,
1.0022345042930616e+00,7.7861605233773895e-03,1.0000000000000049e+00,2.5057483906946886e-13,
1.0004385604555570e+00,3.1189728831864474e-03,1.0000000000000038e+00,2.7919120516215282e-13,
1.0000726413114220e+00,1.3671953529039397e-03,1.0000000000000024e+00,2.9707507661682848e-13,
1.0000058473510172e+00,5.9242248209715430e-04,1.0000000000000020e+00,3.0339447866002192e-13,
1.0341604740938286e+00,-1.6282189881790219e-04,1.0000000000001597e+00,1.7752964637517722e-12,
1.4590157737571583e+00,7.8098203101958286e-01,1.0000000000000000e+40,1.6695756700317989e-12,
1.1032452231146430e+00,5.8034388330551223e-01,1.0000000000001332e+00,1.6710878987473869e-13,
9.9708956216903732e-01,2.7375892430467140e-02,1.0000000000000042e+00,2.1264164264892328e-13,
9.9772871090762871e-01,7.4821548171071298e-03,1.0000000000000011e+00,2.5063340404238738e-13,
9.9894469763194260e-01,2.6273156900862588e-03,1.0000000000000000e+00,2.7921747889330130e-13,
9.9950037368795008e-01,1.0456637223646883e-03,1.0000000000000000e+00,2.9708870428390049e-13,
9.9973184636829981e-01,4.3027276927786622e-04,1.0000000000000011e+00,3.0340429872570641e-13,
1.0341604740938364e+00,1.4117448750909611e-01,1.0000000000002180e+00,1.8896614837050483e-12,
1.4590157737571576e+00,6.5829165463702122e-01,1.0000000000000000e+40,1.7538387319348508e-12,
1.1032452231146443e+00,-2.3773527879359197e-03,1.0000000000001299e+00,1.6789953756509991e-13,
9.9708956216904243e-01,-3.7719734046853185e-04,1.0000000000000029e+00,2.1264070846718142e-13,
9.9772871090763027e-01,-1.1085820280173446e-04,1.0000000000000033e+00,2.5063360392811228e-13,
9.9894469763194282e-01,-4.1252312503358827e-05,1.0000000000000027e+00,2.7921804333230189e-13,
9.9950037368795053e-01,-1.6568254080654687e-05,1.0000000000000000e+00,2.9708813114383995e-13,
9.9973184636830004e-01,-5.6757062397319745e-06,1.0000000000000000e+00,3.0340448063603333e-13,
1.0327192237301537e+00,7.1377998259311556e-02,1.0000000000001881e+00,5.6452310365429202e-14,
1.0844250557680313e+00,7.1219040448121926e-02,1.0000000000000535e+00,1.1392920724691975e-13,
1.0624585863342493e+00,-1.3164362755821354e-04,1.0000000000000282e+00,1.6651680734976102e-13,
1.0093971864690690e+00,-6.3793703765606165e-03,1.0000000000000075e+00,2.1248217875455120e-13,
1.0022345042930654e+00,-2.8931769966606177e-03,1.0000000000000073e+00,2.5057442395570567e-13,
1.0004385604555581e+00,-1.1542103995275551e-03,1.0000000000000056e+00,2.7919178280944923e-13,
1.0000726413114225e+00,-4.7702456079453564e-04,1.0000000000000044e+00,2.9707457863434755e-13,
1.0000058473510167e+00,-1.6501587679872005e-04,1.0000000000000000e+00,3.0339444526457807e-13,
1.0106556862416660e+00,2.1867243286111698e-02,1.0000000000001186e+00,5.6470986681085154e-14,
1.0219669493478021e+00,2.1769587115013270e-02,1.0000000000000364e+00,1.1327953965168863e-13,
1.0211677988681314e+00,1.9907758587419744e-03,1.0000000000000242e+00,1.6592511271420983e-13,
1.0094182801587188e+00,-2.4231528461664334e-03,1.0000000000000207e+00,2.1221448047657156e-13,
1.0043293957426060e+00,-1.7605347791524526e-03,1.0000000000000122e+00,2.5045568650618118e-13,
1.0020668231820311e+00,-9.1912986164121397e-04,1.0000000000000082e+00,2.7913483183199709e-13,
1.0009576842817096e+00,-4.2809694327213742e-04,1.0000000000000058e+00,2.9704542098006567e-13,
1.0004550545861031e+00,-1.5443016721901202e-04,1.0000000000000000e+00,3.0337166140009268e-13,
1.0034405223478404e+00,7.0318947051747445e-03,1.0000000000002411e+00,5.6705395091522154e-14,
1.0094288022512778e+00,7.0233108977554018e-03,1.0000000000002331e+00,1.1322001626734129e-13,
1.0096160510871037e+00,1.7389373146986502e-03,1.0000000000001037e+00,1.6570279890099715e-13,
1.0078101330087168e+00,-5.3129510096011463e-05,1.0000000000000437e+00,2.1204709082622809e-13,
1.0046225330608858e+00,-5.3822693726018600e-05,1.0000000000000135e+00,2.5036480978111857e-13,
1.0025530645944445e+00,-2.9645415467597024e-05,1.0000000000000075e+00,2.7909062727981184e-13,
1.0012850281885464e+00,-1.4162138079206878e-05,1.0000000000000062e+00,2.9702111305657615e-13,
1.0006372140664286e+00,-5.1555300415466073e-06,1.0000000000000062e+00,3.0335157035313415e-13,

