CheckPointVersion_1.0
2
2.8024928591735003
2
2
(0 (0,0)(0.015625,0.015625) 1)
(RealBox 0 1 0 1 )((0,0) (63,63) (0,0))P(0,0) (0 (0,0)(0.0078125,0.0078125) 1)
(RealBox 0 1 0 1 )((0,0) (127,127) (0,0))P(0,0) (0 (0,0)(0.00390625,0.00390625) 1)
(RealBox 0 1 0 1 )((0,0) (255,255) (0,0))P(0,0) 
(2,2) (2,2) 
0.0140625 0.0070312500000000002 0.0035156250000000001 
0.0140625 0.0070312500000000002 0.0035156250000000001 
1 2 2 
200 400 800 
4 4 8 
0
(0 (0,0)(0.015625,0.015625) 1)
(RealBox 0 1 0 1 )((0,0) (63,63) (0,0))P(0,0)
(1 0
((0,0) (63,63) (0,0))
)3
((0,0) (63,63) (0,0))
(1 0
((0,0) (63,63) (0,0))
)2.7884303591735002
2.7884303591735002
2.8024928591735003
2.8024928591735003
2
Level_0/SD_0_New_MF
Level_0/SD_0_Old_MF
((0,0) (64,64) (1,1))
(1 0
((0,0) (64,64) (1,1))
)2.7743678591735002
2.7884303591735002
2.7884303591735002
2.8024928591735003
2
Level_0/SD_1_New_MF
Level_0/SD_1_Old_MF
((0,0) (63,63) (0,0))
(1 0
((0,0) (63,63) (0,0))
)2.7743678591735002
2.7884303591735002
2.7884303591735002
2.8024928591735003
2
Level_0/SD_2_New_MF
Level_0/SD_2_Old_MF
1
(0 (0,0)(0.0078125,0.0078125) 1)
(RealBox 0 1 0 1 )((0,0) (127,127) (0,0))P(0,0)
(3 0
((120,88) (127,95) (0,0))
((112,96) (127,111) (0,0))
((0,112) (127,127) (0,0))
)3
((0,0) (127,127) (0,0))
(3 0
((120,88) (127,95) (0,0))
((112,96) (127,111) (0,0))
((0,112) (127,127) (0,0))
)2.7954616091735001
2.7954616091735001
2.8024928591735003
2.8024928591735003
2
Level_1/SD_0_New_MF
Level_1/SD_0_Old_MF
((0,0) (128,128) (1,1))
(3 0
((120,88) (128,96) (1,1))
((112,96) (128,112) (1,1))
((0,112) (128,128) (1,1))
)2.7884303591735002
2.7954616091735001
2.7954616091735001
2.8024928591735003
2
Level_1/SD_1_New_MF
Level_1/SD_1_Old_MF
((0,0) (127,127) (0,0))
(3 0
((120,88) (127,95) (0,0))
((112,96) (127,111) (0,0))
((0,112) (127,127) (0,0))
)2.7884303591735002
2.7954616091735001
2.7954616091735001
2.8024928591735003
2
Level_1/SD_2_New_MF
Level_1/SD_2_Old_MF
2
(0 (0,0)(0.00390625,0.00390625) 1)
(RealBox 0 1 0 1 )((0,0) (255,255) (0,0))P(0,0)
(3 0
((248,200) (255,231) (0,0))
((232,232) (255,255) (0,0))
((0,248) (127,255) (0,0))
)3
((0,0) (255,255) (0,0))
(3 0
((248,200) (255,231) (0,0))
((232,232) (255,255) (0,0))
((0,248) (127,255) (0,0))
)2.7989772341735
2.7989772341735
2.8024928591735003
2.8024928591735003
2
Level_2/SD_0_New_MF
Level_2/SD_0_Old_MF
((0,0) (256,256) (1,1))
(3 0
((248,200) (256,232) (1,1))
((232,232) (256,256) (1,1))
((0,248) (128,256) (1,1))
)2.7954616091735001
2.7989772341735
2.7989772341735
2.8024928591735003
2
Level_2/SD_1_New_MF
Level_2/SD_1_Old_MF
((0,0) (255,255) (0,0))
(3 0
((248,200) (255,231) (0,0))
((232,232) (255,255) (0,0))
((0,248) (127,255) (0,0))
)2.7954616091735001
2.7989772341735
2.7989772341735
2.8024928591735003
2
Level_2/SD_2_New_MF
Level_2/SD_2_Old_MF
