1
1
1
1
(64 0
((0,0) (16,16) (1,1))
((16,0) (32,16) (1,1))
((32,0) (48,16) (1,1))
((48,0) (64,16) (1,1))
((64,0) (80,16) (1,1))
((80,0) (96,16) (1,1))
((96,0) (112,16) (1,1))
((112,0) (128,16) (1,1))
((0,16) (16,32) (1,1))
((16,16) (32,32) (1,1))
((32,16) (48,32) (1,1))
((48,16) (64,32) (1,1))
((64,16) (80,32) (1,1))
((80,16) (96,32) (1,1))
((96,16) (112,32) (1,1))
((112,16) (128,32) (1,1))
((0,32) (16,48) (1,1))
((16,32) (32,48) (1,1))
((32,32) (48,48) (1,1))
((48,32) (64,48) (1,1))
((64,32) (80,48) (1,1))
((80,32) (96,48) (1,1))
((96,32) (112,48) (1,1))
((112,32) (128,48) (1,1))
((0,48) (16,64) (1,1))
((16,48) (32,64) (1,1))
((32,48) (48,64) (1,1))
((48,48) (64,64) (1,1))
((64,48) (80,64) (1,1))
((80,48) (96,64) (1,1))
((96,48) (112,64) (1,1))
((112,48) (128,64) (1,1))
((0,64) (16,80) (1,1))
((16,64) (32,80) (1,1))
((32,64) (48,80) (1,1))
((48,64) (64,80) (1,1))
((64,64) (80,80) (1,1))
((80,64) (96,80) (1,1))
((96,64) (112,80) (1,1))
((112,64) (128,80) (1,1))
((0,80) (16,96) (1,1))
((16,80) (32,96) (1,1))
((32,80) (48,96) (1,1))
((48,80) (64,96) (1,1))
((64,80) (80,96) (1,1))
((80,80) (96,96) (1,1))
((96,80) (112,96) (1,1))
((112,80) (128,96) (1,1))
((0,96) (16,112) (1,1))
((16,96) (32,112) (1,1))
((32,96) (48,112) (1,1))
((48,96) (64,112) (1,1))
((64,96) (80,112) (1,1))
((80,96) (96,112) (1,1))
((96,96) (112,112) (1,1))
((112,96) (128,112) (1,1))
((0,112) (16,128) (1,1))
((16,112) (32,128) (1,1))
((32,112) (48,128) (1,1))
((48,112) (64,128) (1,1))
((64,112) (80,128) (1,1))
((80,112) (96,128) (1,1))
((96,112) (112,128) (1,1))
((112,112) (128,128) (1,1))
)
64
FabOnDisk: SD_1_Old_MF_D_00002 0
FabOnDisk: SD_1_Old_MF_D_00002 2972
FabOnDisk: SD_1_Old_MF_D_00002 5944
FabOnDisk: SD_1_Old_MF_D_00002 8916
FabOnDisk: SD_1_Old_MF_D_00003 0
FabOnDisk: SD_1_Old_MF_D_00003 2972
FabOnDisk: SD_1_Old_MF_D_00003 5944
FabOnDisk: SD_1_Old_MF_D_00003 8917
FabOnDisk: SD_1_Old_MF_D_00002 11888
FabOnDisk: SD_1_Old_MF_D_00002 14860
FabOnDisk: SD_1_Old_MF_D_00002 17832
FabOnDisk: SD_1_Old_MF_D_00002 20804
FabOnDisk: SD_1_Old_MF_D_00003 11891
FabOnDisk: SD_1_Old_MF_D_00003 14863
FabOnDisk: SD_1_Old_MF_D_00003 17835
FabOnDisk: SD_1_Old_MF_D_00003 20808
FabOnDisk: SD_1_Old_MF_D_00002 23776
FabOnDisk: SD_1_Old_MF_D_00002 26748
FabOnDisk: SD_1_Old_MF_D_00002 29720
FabOnDisk: SD_1_Old_MF_D_00002 32692
FabOnDisk: SD_1_Old_MF_D_00003 23782
FabOnDisk: SD_1_Old_MF_D_00003 26754
FabOnDisk: SD_1_Old_MF_D_00003 29726
FabOnDisk: SD_1_Old_MF_D_00003 32699
FabOnDisk: SD_1_Old_MF_D_00002 35664
FabOnDisk: SD_1_Old_MF_D_00002 38636
FabOnDisk: SD_1_Old_MF_D_00002 41608
FabOnDisk: SD_1_Old_MF_D_00002 44580
FabOnDisk: SD_1_Old_MF_D_00003 35673
FabOnDisk: SD_1_Old_MF_D_00003 38645
FabOnDisk: SD_1_Old_MF_D_00003 41617
FabOnDisk: SD_1_Old_MF_D_00003 44590
FabOnDisk: SD_1_Old_MF_D_00000 0
FabOnDisk: SD_1_Old_MF_D_00000 2972
FabOnDisk: SD_1_Old_MF_D_00000 5944
FabOnDisk: SD_1_Old_MF_D_00000 8916
FabOnDisk: SD_1_Old_MF_D_00001 0
FabOnDisk: SD_1_Old_MF_D_00001 2972
FabOnDisk: SD_1_Old_MF_D_00001 5944
FabOnDisk: SD_1_Old_MF_D_00001 8917
FabOnDisk: SD_1_Old_MF_D_00000 11888
FabOnDisk: SD_1_Old_MF_D_00000 14860
FabOnDisk: SD_1_Old_MF_D_00000 17832
FabOnDisk: SD_1_Old_MF_D_00000 20804
FabOnDisk: SD_1_Old_MF_D_00001 11891
FabOnDisk: SD_1_Old_MF_D_00001 14863
FabOnDisk: SD_1_Old_MF_D_00001 17835
FabOnDisk: SD_1_Old_MF_D_00001 20808
FabOnDisk: SD_1_Old_MF_D_00000 23776
FabOnDisk: SD_1_Old_MF_D_00000 26749
FabOnDisk: SD_1_Old_MF_D_00000 29722
FabOnDisk: SD_1_Old_MF_D_00000 32695
FabOnDisk: SD_1_Old_MF_D_00001 23782
FabOnDisk: SD_1_Old_MF_D_00001 26755
FabOnDisk: SD_1_Old_MF_D_00001 29728
FabOnDisk: SD_1_Old_MF_D_00001 32702
FabOnDisk: SD_1_Old_MF_D_00000 35668
FabOnDisk: SD_1_Old_MF_D_00000 38642
FabOnDisk: SD_1_Old_MF_D_00000 41616
FabOnDisk: SD_1_Old_MF_D_00000 44590
FabOnDisk: SD_1_Old_MF_D_00001 35677
FabOnDisk: SD_1_Old_MF_D_00001 38651
FabOnDisk: SD_1_Old_MF_D_00001 41625
FabOnDisk: SD_1_Old_MF_D_00001 44600

64,1
7.9153109244479310e+01,
6.4664790223348064e+01,
4.5544582732131403e+01,
2.7145980418707040e+01,
1.5484438378945924e+01,
8.4614978667834748e+00,
3.7527902410519118e+00,
0.0000000000000000e+00,
8.3795722801848569e+01,
6.6503196202818344e+01,
4.2473416213681503e+01,
1.6246392142840705e+01,
8.9364401808770708e+00,
5.0758547260322757e+00,
2.3236673598388506e+00,
0.0000000000000000e+00,
-5.5953597442670798e+01,
-5.5953597442670798e+01,
4.2217305051421135e+01,
-1.2755824923418913e+01,
-3.1642170595400785e+00,
6.2543543679566937e-02,
4.9595818492775834e-01,
0.0000000000000000e+00,
6.7505222408380178e+01,
-5.4162073152356497e+03,
1.1311464283912073e+02,
-2.5625060562174440e+01,
-1.4846022190444273e+01,
-6.6210199333272612e+00,
-2.9204850554974655e+00,
-1.1010683298965205e+00,
4.4027622206234082e+02,
-5.4162073152356497e+03,
2.6116050821443832e+02,
-2.8208218298771044e+01,
-1.8090107690709829e+01,
-9.5456009850954615e+00,
-4.8431083625018800e+00,
-2.0488054408049265e+00,
3.0098307450951324e+01,
1.0282777638121843e+01,
-1.2935135791733956e+01,
-2.9312802781628761e+01,
-2.0141792598448774e+01,
-9.7036441231780373e+00,
-5.1238368508813892e+00,
-2.3134180579704662e+00,
2.2891080623661765e+01,
1.0607897634100482e+01,
-8.7023208130863168e+00,
-1.4832558401611550e+01,
-1.3871726524384940e+01,
-8.6655056232880270e+00,
-5.0233493059402008e+00,
-2.3134180579704662e+00,
2.0063720482802182e+01,
1.1243582077226620e+01,
5.2820798422999360e-02,
-5.6695476627296557e+00,
-6.2825884380281423e+00,
-6.0126466782662646e+00,
-4.3363011991166331e+00,
-2.1996833564439839e+00,

64,1
9.0897686212313602e+01,
8.3795722801848569e+01,
6.6503196202818344e+01,
4.6469703211129854e+01,
2.9785674414566984e+01,
1.7647495796755265e+01,
9.6950366186013071e+00,
4.2863560363842907e+00,
1.1215184894134381e+02,
9.8851452882714511e+01,
7.1546963634813892e+01,
4.5544582732131403e+01,
2.7145980418707040e+01,
1.5484438378945924e+01,
8.4614978667834748e+00,
3.7527902410519118e+00,
5.0137026430858350e+02,
5.7254828224551329e+02,
4.8814289488584700e+02,
4.3683405141544790e+02,
1.6246392142840705e+01,
8.9364401808770708e+00,
5.0758547260322757e+00,
2.3236673598388506e+00,
8.1348252865249560e+02,
5.7254828224551329e+02,
5.0917080778359013e+02,
5.4954386324621828e+02,
6.2543543679566937e-02,
7.1894886840254912e-01,
7.2118042312513353e-01,
4.9595818492775834e-01,
8.1348252865249560e+02,
5.8046736095881488e+02,
5.8046736095881488e+02,
5.9242816124690762e+02,
-6.6210199333272612e+00,
-2.9204850554974655e+00,
-1.1010683298965205e+00,
0.0000000000000000e+00,
6.8028242961838987e+02,
5.9876000013646853e+02,
6.5276353257753408e+02,
4.9974377392743827e+02,
-8.6655056232880270e+00,
-4.8431083625018800e+00,
-2.0488054408049265e+00,
0.0000000000000000e+00,
4.4006026704062606e+01,
3.2812437520716230e+01,
1.1264407821572604e+01,
5.2820798422999360e-02,
-5.6695476627296557e+00,
-4.3363011991166331e+00,
-2.1996833564439839e+00,
0.0000000000000000e+00,
2.7821100626983025e+01,
2.2891080623661765e+01,
1.1271109661437094e+01,
2.1482540479742056e+00,
-3.4114657071663714e+00,
-3.9525268230679558e+00,
-2.1039824901898783e+00,
0.0000000000000000e+00,

