1
1
9
0
(64 0
((0,0) (15,15) (0,0))
((16,0) (31,15) (0,0))
((32,0) (47,15) (0,0))
((48,0) (63,15) (0,0))
((64,0) (79,15) (0,0))
((80,0) (95,15) (0,0))
((96,0) (111,15) (0,0))
((112,0) (127,15) (0,0))
((0,16) (15,31) (0,0))
((16,16) (31,31) (0,0))
((32,16) (47,31) (0,0))
((48,16) (63,31) (0,0))
((64,16) (79,31) (0,0))
((80,16) (95,31) (0,0))
((96,16) (111,31) (0,0))
((112,16) (127,31) (0,0))
((0,32) (15,47) (0,0))
((16,32) (31,47) (0,0))
((32,32) (47,47) (0,0))
((48,32) (63,47) (0,0))
((64,32) (79,47) (0,0))
((80,32) (95,47) (0,0))
((96,32) (111,47) (0,0))
((112,32) (127,47) (0,0))
((0,48) (15,63) (0,0))
((16,48) (31,63) (0,0))
((32,48) (47,63) (0,0))
((48,48) (63,63) (0,0))
((64,48) (79,63) (0,0))
((80,48) (95,63) (0,0))
((96,48) (111,63) (0,0))
((112,48) (127,63) (0,0))
((0,64) (15,79) (0,0))
((16,64) (31,79) (0,0))
((32,64) (47,79) (0,0))
((48,64) (63,79) (0,0))
((64,64) (79,79) (0,0))
((80,64) (95,79) (0,0))
((96,64) (111,79) (0,0))
((112,64) (127,79) (0,0))
((0,80) (15,95) (0,0))
((16,80) (31,95) (0,0))
((32,80) (47,95) (0,0))
((48,80) (63,95) (0,0))
((64,80) (79,95) (0,0))
((80,80) (95,95) (0,0))
((96,80) (111,95) (0,0))
((112,80) (127,95) (0,0))
((0,96) (15,111) (0,0))
((16,96) (31,111) (0,0))
((32,96) (47,111) (0,0))
((48,96) (63,111) (0,0))
((64,96) (79,111) (0,0))
((80,96) (95,111) (0,0))
((96,96) (111,111) (0,0))
((112,96) (127,111) (0,0))
((0,112) (15,127) (0,0))
((16,112) (31,127) (0,0))
((32,112) (47,127) (0,0))
((48,112) (63,127) (0,0))
((64,112) (79,127) (0,0))
((80,112) (95,127) (0,0))
((96,112) (111,127) (0,0))
((112,112) (127,127) (0,0))
)
64
FabOnDisk: Cell_D_00000 0
FabOnDisk: Cell_D_00000 18514
FabOnDisk: Cell_D_00000 37029
FabOnDisk: Cell_D_00000 55544
FabOnDisk: Cell_D_00000 74059
FabOnDisk: Cell_D_00000 92574
FabOnDisk: Cell_D_00000 111089
FabOnDisk: Cell_D_00000 129605
FabOnDisk: Cell_D_00000 148122
FabOnDisk: Cell_D_00000 166637
FabOnDisk: Cell_D_00000 185153
FabOnDisk: Cell_D_00000 203669
FabOnDisk: Cell_D_00000 222185
FabOnDisk: Cell_D_00000 240701
FabOnDisk: Cell_D_00000 259217
FabOnDisk: Cell_D_00000 277734
FabOnDisk: Cell_D_00000 296252
FabOnDisk: Cell_D_00000 314767
FabOnDisk: Cell_D_00000 333283
FabOnDisk: Cell_D_00000 351799
FabOnDisk: Cell_D_00000 370315
FabOnDisk: Cell_D_00000 388831
FabOnDisk: Cell_D_00000 407347
FabOnDisk: Cell_D_00000 425864
FabOnDisk: Cell_D_00000 444382
FabOnDisk: Cell_D_00000 462897
FabOnDisk: Cell_D_00000 481413
FabOnDisk: Cell_D_00000 499929
FabOnDisk: Cell_D_00000 518445
FabOnDisk: Cell_D_00000 536961
FabOnDisk: Cell_D_00000 555477
FabOnDisk: Cell_D_00000 573994
FabOnDisk: Cell_D_00000 592512
FabOnDisk: Cell_D_00000 611027
FabOnDisk: Cell_D_00000 629543
FabOnDisk: Cell_D_00000 648059
FabOnDisk: Cell_D_00000 666575
FabOnDisk: Cell_D_00000 685091
FabOnDisk: Cell_D_00000 703607
FabOnDisk: Cell_D_00000 722124
FabOnDisk: Cell_D_00000 740642
FabOnDisk: Cell_D_00000 759157
FabOnDisk: Cell_D_00000 777673
FabOnDisk: Cell_D_00000 796189
FabOnDisk: Cell_D_00000 814705
FabOnDisk: Cell_D_00000 833221
FabOnDisk: Cell_D_00000 851737
FabOnDisk: Cell_D_00000 870254
FabOnDisk: Cell_D_00000 888772
FabOnDisk: Cell_D_00000 907288
FabOnDisk: Cell_D_00000 925805
FabOnDisk: Cell_D_00000 944322
FabOnDisk: Cell_D_00000 962839
FabOnDisk: Cell_D_00000 981356
FabOnDisk: Cell_D_00000 999873
FabOnDisk: Cell_D_00000 1018391
FabOnDisk: Cell_D_00000 1036910
FabOnDisk: Cell_D_00000 1055427
FabOnDisk: Cell_D_00000 1073945
FabOnDisk: Cell_D_00000 1092463
FabOnDisk: Cell_D_00000 1110981
FabOnDisk: Cell_D_00000 1129499
FabOnDisk: Cell_D_00000 1148017
FabOnDisk: Cell_D_00000 1166536

64,9
1.0001276193279813e+00,-4.4169682017469129e-03,1.0000000000000000e+00,2.6115498652501401e-11,-7.9305879055762973e-01,1.1700974955410927e-02,4.9960951431504697e-06,1.8788586141657147e-02,1.0000000000000000e+00,
1.0037061358998585e+00,-2.8093211332294197e-03,1.0000000000000000e+00,1.5953516285804881e-11,-9.0719533850325651e-01,-1.5714169952039914e-01,3.8632672884689190e-05,1.1894247923255703e-02,1.0000000000000000e+00,
1.0042104780745500e+00,2.0664287162918543e-07,1.0000000000000000e+00,9.7432062418079113e-12,-7.9564141952422340e-01,-2.7199862748249432e-01,9.0019315578115933e-07,5.5945824929893237e-03,1.0000000000000000e+00,
1.0024053042600385e+00,4.6340144102107600e-05,1.0000000000000000e+00,5.9489080328489763e-12,-4.4477106487428997e-01,-2.5960374682126514e-01,1.2512469463668574e-05,2.5169663860299448e-03,1.0000000000000000e+00,
1.0011589105593268e+00,2.9542058199881678e-05,1.0000000000000000e+00,3.6314284912464245e-12,-2.3772733521344075e-01,-1.5736614083802075e-01,4.5077309300187163e-06,1.1322862782173824e-03,1.0000000000000000e+00,
1.0005531843305489e+00,1.5172566162426114e-05,1.0000000000000000e+00,2.2162272017567375e-12,-1.1532827040527886e-01,-7.7205117278339175e-02,3.0346932518993119e-08,4.9837599719403938e-04,1.0000000000000000e+00,
1.0002914398116005e+00,6.1716308499923134e-06,1.0000000000000000e+00,1.3523071551446719e-12,-5.5472808090299995e-02,-3.4773306891738388e-02,1.1833059201330626e-06,1.9005600029293085e-04,1.0000000000000000e+00,
1.0002167695552349e+00,1.7114817266371192e-07,1.0000000000000000e+00,8.2495121844772257e-13,-2.9660271020640117e-02,-1.3090025739656704e-02,1.6668420048810686e-06,5.2910642563822592e-06,1.0000000000000000e+00,
1.0001802993057374e+00,-1.2347746043706899e-02,1.0000000000000000e+00,2.8302304944105572e-11,-2.2460334439748761e+00,4.2272886529100967e-01,1.2845400444716493e-06,2.0871529736741168e-02,1.0000000000000000e+00,
1.0051650912919154e+00,-7.7790083567493527e-03,1.0000000000000000e+00,1.7263801499467490e-11,-2.3446822929617497e+00,-1.0325076695351021e+00,5.5997667492181658e-04,7.1634245201922814e-03,1.0000000000000000e+00,
1.0044913256033796e+00,3.0496684795990178e-04,1.0000000000000000e+00,1.0528411475974053e-11,-1.1867396014621976e+00,-1.0699168354441910e+00,2.2184028398986033e-07,9.8465739992037904e-04,1.0000000000000000e+00,
1.0011421597913424e+00,1.6104349692032541e-03,1.0000000000000000e+00,6.4195315729875801e-12,-4.1831844924521328e-01,-6.4260197958913301e-01,2.0996100851336519e-04,1.8249202916257118e-04,1.0000000000000000e+00,
1.0002682023386447e+00,9.4669036585964318e-04,1.0000000000000000e+00,3.9134806506524455e-12,-1.8453110666869257e-01,-2.6955456126101185e-01,4.4491121932443978e-07,5.4465023063029738e-05,1.0000000000000000e+00,
1.0000668115263305e+00,4.6634788929938428e-04,1.0000000000000000e+00,2.3853141684071488e-12,-8.2740028856715261e-02,-1.1781461105246537e-01,4.8648638130074917e-07,1.9996334740128167e-05,1.0000000000000000e+00,
1.0000202555496247e+00,1.8615778359452889e-04,1.0000000000000000e+00,1.4536150061417175e-12,-3.8763329926493555e-02,-5.1329329320808463e-02,2.0125286926677907e-05,7.0675991282377157e-06,1.0000000000000000e+00,
1.0000113025599491e+00,5.1342598991521081e-06,1.0000000000000000e+00,8.8573592904594989e-13,-2.0546442933720353e-02,-1.9132780618428987e-02,1.7625101924169471e-05,2.0133615619552086e-07,1.0000000000000000e+00,
1.0002273270070170e+00,-3.1436662386778551e-02,1.0000000000000000e+00,3.0388636051981166e-11,-9.9606975245037219e+00,1.0921124008380676e+00,7.0721615776092595e-05,2.8047525507798359e-02,1.0000000000000000e+00,
1.0112864358604050e+00,-2.9707383549192272e-02,1.0000000000000000e+00,1.8512025246053554e-11,-1.1916714903252235e+01,-8.8333352290392515e+00,3.5833265806944903e-04,-2.2483012356001843e-02,1.0000000000000000e+00,
9.9805915612068985e-01,3.4715828666643384e-03,1.0000000000000000e+00,1.1275314015790627e-11,-1.2133301154490201e+00,-5.2235428993010675e+00,1.2530355131268323e-05,-2.0685045803733405e-02,1.0000000000000000e+00,
9.9731414306639865e-01,3.3641263787012338e-03,1.0000000000000000e+00,6.8665073627016682e-12,-1.3223772935347122e-01,-7.4625094261272262e-01,3.4296088857743712e-06,-5.9720677607025732e-03,1.0000000000000000e+00,
9.9791096541256841e-01,1.4099928458916184e-03,1.0000000000000000e+00,4.1810443995871083e-12,-8.4930462658839561e-03,-2.7327365973190004e-01,4.9825587634944046e-06,-2.3335806871951754e-03,1.0000000000000000e+00,
9.9895328492348556e-01,5.6245051003682076e-04,1.0000000000000000e+00,2.5454638397093277e-12,6.5500534613096217e-04,-1.1808594559430385e-01,6.9039703194228447e-05,-1.0298060580042046e-03,1.0000000000000000e+00,
9.9949677773691015e-01,2.0536574479659332e-04,1.0000000000000000e+00,1.5495382754693310e-12,6.5365957228323969e-04,-5.1377466236203706e-02,3.5856824755773134e-05,-4.5031863158151865e-04,1.0000000000000000e+00,
9.9973133107137002e-01,5.5226349508113773e-06,1.0000000000000000e+00,9.4313445941907048e-13,5.0360616849865652e-04,-1.9142436976926101e-02,2.3676809352593227e-05,-1.6797312417955859e-04,1.0000000000000000e+00,
8.5269118372670416e-01,-1.0345523102264767e-01,1.0000000000000000e+00,3.2324531940020051e-11,-1.7516877781158595e+01,6.0989702342990126e-01,3.6122118801107383e-04,5.1515298490625472e-02,1.0000000000000000e+00,
0.0000000000000000e+00,-8.7393708493610056e-01,0.0000000000000000e+00,0.0000000000000000e+00,-1.3168953647033468e+03,-1.3184612268696094e+03,0.0000000000000000e+00,-1.1546758736779221e+00,0.0000000000000000e+00,
8.4935707786579107e-01,8.4025758969343261e-04,1.0000000000000000e+00,1.1966594382073481e-11,-2.2770749900750300e+01,-6.0624590070117153e+00,2.4932876318550790e-04,-4.4144456549353811e-02,1.0000000000000000e+00,
9.8412780419687007e-01,1.6550369582911742e-04,1.0000000000000000e+00,7.2797323724671514e-12,2.1818511813572486e-01,-4.2161263390267406e-01,1.4043337953611318e-04,-7.0072255425028688e-03,1.0000000000000000e+00,
9.9534645387522902e-01,5.2711976443608360e-05,1.0000000000000000e+00,4.4280690225662056e-12,9.2097871495117861e-02,-1.7955882284264388e-01,1.8169910069240625e-05,-3.2834075317352217e-03,1.0000000000000000e+00,
9.9821209269575839e-01,1.9911136513766823e-05,1.0000000000000000e+00,2.6932345242869360e-12,4.2692837440732628e-02,-8.1738025766590033e-02,4.0419105362590052e-06,-1.4942493154398101e-03,1.0000000000000000e+00,
9.9921956049056537e-01,7.1159972451670487e-06,1.0000000000000000e+00,1.6379120282294934e-12,2.2305348654432778e-02,-3.5703629175834861e-02,1.3642584784198837e-06,-6.5474012755365515e-04,1.0000000000000000e+00,
9.9959994621897275e-01,1.9023348023811092e-07,1.0000000000000000e+00,9.9598107539122793e-13,1.6512723742364201e-02,-1.3275953284493252e-02,8.5341016745058202e-07,-2.4403924401644392e-04,1.0000000000000000e+00,
8.5269118372670416e-01,1.6242405142865950e-03,1.0000000000000000e+00,3.4060920750533796e-11,-1.7516877781158360e+01,-5.7349514818757171e+01,3.6122118789172486e-04,5.1515298490624535e-02,1.0000000000000000e+00,
0.0000000000000000e+00,-8.7271186636688780e-01,0.0000000000000000e+00,0.0000000000000000e+00,-1.3168953647033568e+03,-6.3805084191139588e+02,0.0000000000000000e+00,-1.1546758737149903e+00,0.0000000000000000e+00,
8.4935707786579107e-01,-1.0138598987050906e-01,1.0000000000000000e+00,1.2585210651394618e-11,-2.2770749900750090e+01,-2.5236203359075244e+01,2.4932876320493680e-04,-4.4144456549352451e-02,1.0000000000000000e+00,
9.8412780419687007e-01,-1.1546245651737652e-02,1.0000000000000000e+00,7.6491035727599410e-12,2.1818511813527317e-01,-1.6587056095463282e-01,1.4043337953611318e-04,-7.0072255425022529e-03,1.0000000000000000e+00,
9.9534645387522902e-01,-3.4981543030696673e-03,1.0000000000000000e+00,4.6486703375592242e-12,9.2097871494945915e-02,2.9874083055361246e-03,1.8169910064903816e-05,-3.2834075317352109e-03,1.0000000000000000e+00,
9.9821209269575839e-01,-1.2789274060349435e-03,1.0000000000000000e+00,2.8250179973099421e-12,4.2692837440888531e-02,1.3398878552467182e-03,4.0419105362590052e-06,-1.4942493154398253e-03,1.0000000000000000e+00,
9.9921956049056537e-01,-5.0791254319735538e-04,1.0000000000000000e+00,1.7166268406754170e-12,2.2305348653748096e-02,5.0999916370618795e-04,1.3642584789619848e-06,-6.5474012755364160e-04,1.0000000000000000e+00,
9.9959994621897275e-01,-1.8157888286825927e-04,1.0000000000000000e+00,1.0430545316353346e-12,1.6512723742284401e-02,1.4245786758243728e-05,8.5341016741670070e-07,-2.4403924401639193e-04,1.0000000000000000e+00,
1.0002273270070170e+00,8.9103930759506685e-03,1.0000000000000000e+00,3.5551617205697994e-11,-9.9606975245025087e+00,-7.6617368318082955e+00,7.0721615792745940e-05,2.8047525507799001e-02,1.0000000000000000e+00,
1.0112864358604050e+00,-2.4306899353431867e-02,1.0000000000000000e+00,2.1593837828959295e-11,-1.1916714903254231e+01,-3.5807936421987536e+00,3.5833265810275572e-04,-2.2483012356001485e-02,1.0000000000000000e+00,
9.9805915612068974e-01,-2.5542703228685435e-02,1.0000000000000000e+00,1.3115342145653131e-11,-1.2133301154490121e+00,5.3494079593110122e-01,1.2530355122247760e-05,-2.0685045803732122e-02,1.0000000000000000e+00,
9.9731414306639865e-01,-1.1219417273929414e-02,1.0000000000000000e+00,7.9653506013244169e-12,-1.3223772935310271e-01,2.0110123534043758e-01,3.4296088892438181e-06,-5.9720677607019226e-03,1.0000000000000000e+00,
9.9791096541256841e-01,-3.7645590053190007e-03,1.0000000000000000e+00,4.8374082517455008e-12,-8.4930462659992493e-03,9.0428732110365992e-02,4.9825587634944046e-06,-2.3335806871953280e-03,1.0000000000000000e+00,
9.9895328492348556e-01,-1.5660510075375890e-03,1.0000000000000000e+00,2.9376501231581642e-12,6.5500534604117527e-04,3.9574703239938828e-02,6.9039703193968238e-05,-1.0298060580042410e-03,1.0000000000000000e+00,
9.9949677773691015e-01,-6.7517053987453787e-04,1.0000000000000000e+00,1.7839063559677015e-12,6.5365957231244376e-04,1.5026920980223988e-02,3.5856824755252717e-05,-4.5031863158174915e-04,1.0000000000000000e+00,
9.9973133107137002e-01,-2.5104640731856245e-04,1.0000000000000000e+00,1.0832446051267652e-12,5.0360616841315558e-04,4.1907383572950443e-04,2.3676809352490228e-05,-1.6797312418002512e-04,1.0000000000000000e+00,
1.0001802993057374e+00,3.2161133490804950e-03,1.0000000000000000e+00,3.6755321008996589e-11,-2.2460334439748411e+00,-2.5406132800814185e+00,1.2845400271244145e-06,2.0871529736741678e-02,1.0000000000000000e+00,
1.0051650912919154e+00,-2.5335166146989423e-03,1.0000000000000000e+00,2.2311041902867146e-11,-2.3446822929604534e+00,-8.5318746475244633e-01,5.5997667490446934e-04,7.1634245201927776e-03,1.0000000000000000e+00,
1.0044913256033796e+00,-5.5788300409948463e-03,1.0000000000000000e+00,1.3542722498982585e-11,-1.1867396014604226e+00,1.9984231389835375e-01,2.2184029266347771e-07,9.8465739992118135e-04,1.0000000000000000e+00,
1.0011421597913424e+00,-5.3338096802608408e-03,1.0000000000000000e+00,8.2201467854758903e-12,-4.1831844924550649e-01,1.7387395624205307e-01,2.0996100851128352e-04,1.8249202916258844e-04,1.0000000000000000e+00,
1.0002682023386447e+00,-3.1282477741170545e-03,1.0000000000000000e+00,4.9893422726654535e-12,-1.8453110666841299e-01,8.5309519742992210e-02,4.4491121828360569e-07,5.4465023062078032e-05,1.0000000000000000e+00,
1.0000668115263305e+00,-1.4980532121807760e-03,1.0000000000000000e+00,3.0282998331188082e-12,-8.2740028856624626e-02,3.8542508115118813e-02,4.8648637809151074e-07,1.9996334739846413e-05,1.0000000000000000e+00,
1.0000202555496247e+00,-6.6720468079487177e-04,1.0000000000000000e+00,1.8379742172669467e-12,-3.8763329926562576e-02,1.4820194002484865e-02,2.0125286927523585e-05,7.0675991279545348e-06,1.0000000000000000e+00,
1.0000113025599491e+00,-2.4995588840626289e-04,1.0000000000000000e+00,1.1154965839921260e-12,-2.0546442933777637e-02,4.1215288575646968e-04,1.7625101924136945e-05,2.0133615622788369e-07,1.0000000000000000e+00,
1.0001276193279813e+00,8.8114404460620625e-05,1.0000000000000000e+00,3.7637726268968663e-11,-7.9305879055868911e-01,-7.4972483392023725e-01,4.9960951084560001e-06,1.8788586141656450e-02,1.0000000000000000e+00,
1.0037061358998585e+00,-8.2657067378730069e-05,1.0000000000000000e+00,2.2836454949271001e-11,-9.0719533850268197e-01,-3.5361210164936480e-01,3.8632672707053506e-05,1.1894247923256183e-02,1.0000000000000000e+00,
1.0042104780745500e+00,-1.6885952677139554e-03,1.0000000000000000e+00,1.3855694369624416e-11,-7.9564141952418277e-01,3.5094761107162808e-03,9.0019314710754195e-07,5.5945824929904998e-03,1.0000000000000000e+00,
1.0024053042600385e+00,-1.7544794708096239e-03,1.0000000000000000e+00,8.4066642536129166e-12,-4.4477106487473284e-01,5.3447395692184183e-03,1.2512469476679000e-05,2.5169663860306365e-03,1.0000000000000000e+00,
1.0011589105593268e+00,-1.4681448770355787e-03,1.0000000000000000e+00,5.1004755974304317e-12,-2.3772733521442105e-01,2.7979621123476028e-03,4.5077309278503119e-06,1.1322862782164682e-03,1.0000000000000000e+00,
1.0005531843305489e+00,-8.5831773066907824e-04,1.0000000000000000e+00,3.0945246365376988e-12,-1.1532827040601458e-01,1.2918100454635821e-03,3.0346932518993119e-08,4.9837599719329854e-04,1.0000000000000000e+00,
1.0002914398116005e+00,-4.2080668726017392e-04,1.0000000000000000e+00,1.8774981569436022e-12,-5.5472808090112923e-02,4.9995548808877356e-04,1.1833059233856691e-06,1.9005600029171993e-04,1.0000000000000000e+00,
1.0002167695552349e+00,-1.6432092935649188e-04,1.0000000000000000e+00,1.1390888232654106e-12,-2.9660271019628818e-02,1.3906436611695046e-05,1.6668420048471873e-06,5.2910642562504752e-06,1.0000000000000000e+00,

64,9
1.0047581804461674e+00,-8.8114404460620625e-05,1.0000000000000000e+00,4.4761194750719824e-11,-4.3336526763533209e-02,7.4972483391985401e-01,3.5335877896619969e+00,2.4909331381414684e-02,1.0000000000000000e+00,
1.0063067475526100e+00,8.2657067378740911e-05,1.0000000000000000e+00,2.7311430894627620e-11,-5.4963558086576159e-01,3.5361210164851203e-01,1.1006903604907081e-03,2.0112320678393813e-02,1.0000000000000000e+00,
1.0062159173228558e+00,1.6885952677139771e-03,1.0000000000000000e+00,1.6660617330188643e-11,-4.4365790239078468e-01,-3.5094761104758482e-03,9.3375122317169990e-04,1.2077095247413129e-02,1.0000000000000000e+00,
1.0043434714088331e+00,1.7544794708096347e-03,1.0000000000000000e+00,1.0161260721730514e-11,-2.0099535242741626e-01,-5.3447395696584743e-03,3.5716194542699531e-04,6.5122615429385900e-03,1.0000000000000000e+00,
1.0025535586824474e+00,1.4681448770355924e-03,1.0000000000000000e+00,6.1960991892817674e-12,-9.0832047266143745e-02,-2.7979621118629861e-03,2.2317132243781027e-04,3.1634090812188691e-03,1.0000000000000000e+00,
1.0013646373058369e+00,8.5831773066908095e-04,1.0000000000000000e+00,3.7775338412870951e-12,-4.2529946164379495e-02,-1.2918100449550263e-03,2.1002827780914127e-04,1.4642972087594453e-03,1.0000000000000000e+00,
1.0006929222451402e+00,4.2080668726017262e-04,1.0000000000000000e+00,2.3026025530725747e-12,-2.2276273101829426e-02,-4.9995548791487295e-04,1.3861347925507410e-04,6.4842084193939128e-04,1.0000000000000000e+00,
1.0003810824688537e+00,1.6432092935649153e-04,1.0000000000000000e+00,1.4033219031261979e-12,-1.6507928840541544e-02,-1.3906436097707153e-05,7.7901996061807942e-03,2.4279554597363736e-04,1.0000000000000000e+00,
1.0101540847121013e+00,-3.2161133490804950e-03,1.0000000000000000e+00,4.8150816667202889e-11,-7.6793927536115275e-02,2.5406132800802950e+00,9.8780397671189011e+00,3.9796113809374728e-02,1.0000000000000000e+00,
1.0127918120319650e+00,2.5335166146989965e-03,1.0000000000000000e+00,2.9339308760256699e-11,-8.3894907262408680e-01,8.5318746475212048e-01,5.8524759621120248e-03,2.5964106457771488e-02,1.0000000000000000e+00,
1.0110638387802842e+00,5.5788300409948680e-03,1.0000000000000000e+00,1.7874035584952708e-11,-1.9211447974765899e-01,-1.9984231389841600e-01,2.6255188319272704e-03,1.1272200352979149e-02,1.0000000000000000e+00,
1.0044659742897371e+00,5.3338096802608434e-03,1.0000000000000000e+00,1.0887402090986598e-11,-2.5582462317908491e-02,-1.7387395624113502e-01,2.0210056204145177e-03,5.1550361260244704e-03,1.0000000000000000e+00,
1.0022630184690406e+00,3.1282477741170624e-03,1.0000000000000000e+00,6.6306959922712849e-12,-5.8049785576469682e-03,-8.5309519742971185e-02,2.6082672671748353e-04,2.2930805058500132e-03,1.0000000000000000e+00,
1.0010705537848446e+00,1.4980532121807795e-03,1.0000000000000000e+00,4.0377146071080006e-12,-1.9404201844010842e-03,-3.8542508115101543e-02,9.1794862211273809e-05,1.0273186491742373e-03,1.0000000000000000e+00,
1.0005076520803413e+00,6.6720468079487416e-04,1.0000000000000000e+00,2.4583668434274841e-12,-8.5732685363101705e-04,-1.4820194002562069e-02,6.3251541127570116e-05,4.5008915907889782e-04,1.0000000000000000e+00,
1.0002696065198058e+00,2.4995588840626414e-04,1.0000000000000000e+00,1.4965806371947110e-12,-5.9600368245649291e-04,-4.1215288582883443e-04,1.1716634870555850e-02,1.6796516590366836e-04,1.0000000000000000e+00,
1.0238941540543525e+00,-8.9103930759506234e-03,1.0000000000000000e+00,5.1306126014338815e-11,-2.4767054799145968e-01,7.6617368318082493e+00,1.9650408286549169e+01,8.5883472418099002e-02,1.0000000000000000e+00,
1.0455323946854309e+00,2.4306899353431884e-02,1.0000000000000000e+00,3.1224411944918984e-11,1.3213414812678124e+00,3.5807936421994055e+00,1.7241856555590823e-01,4.1747035579342763e-02,1.0000000000000000e+00,
1.0226150781096319e+00,2.5542703228685452e-02,1.0000000000000000e+00,1.9000467865737392e-11,2.1451598275022019e+00,-5.3494079593106492e-01,7.5514809482529754e-02,5.6889954092475235e-03,1.0000000000000000e+00,
1.0040452734586163e+00,1.1219417273929425e-02,1.0000000000000000e+00,1.1560641333119293e-11,6.6063742712134610e-01,-2.0110123534043767e-01,3.1905125288334002e-03,4.6345237074252950e-04,1.0000000000000000e+00,
1.0009064012230058e+00,3.7645590053190089e-03,1.0000000000000000e+00,7.0331518386979042e-12,1.9646390550399698e-01,-9.0428732110454546e-02,1.2434389305687049e-03,-1.8060142688540691e-06,1.0000000000000000e+00,
1.0001716514672072e+00,1.5660510075375935e-03,1.0000000000000000e+00,4.2782999365442720e-12,8.3379166691671100e-02,-3.9574703239785278e-02,2.9664370061258105e-04,-1.3872923397437500e-05,1.0000000000000000e+00,
1.0000257188781538e+00,6.7517053987454026e-04,1.0000000000000000e+00,2.6022517474189044e-12,3.8816209245993591e-02,-1.5026920980144066e-02,8.9090522912334963e-05,-5.8231167552913616e-06,1.0000000000000000e+00,
9.9999990922594406e-01,2.5104640731856369e-04,1.0000000000000000e+00,1.5826784327543919e-12,2.0552970101475353e-02,-4.1907383570976008e-04,1.1748755886826922e-02,-1.5737692765583018e-07,1.0000000000000000e+00,
1.0249267325528786e+00,-1.6242405142862480e-03,1.0000000000000000e+00,5.4146132022481197e-11,7.2274223727433110e+01,5.7349514818757008e+01,2.0191085162881834e+01,3.2963522145815255e-01,1.0000000000000000e+00,
1.7983824341857795e+00,8.7271186636688769e-01,1.0000000000000000e+00,3.2920055570428985e-11,1.4422723573415087e+03,6.3805084191134381e+02,4.2730360404659649e+02,7.4160236289291892e-01,1.0000000000000000e+00,
1.0232672514697421e+00,1.0138598987050911e-01,1.0000000000000000e+00,2.0011992063473372e-11,1.7296675708994456e+01,2.5236203359075226e+01,2.4644173446852768e+00,3.2649131064294436e-02,1.0000000000000000e+00,
9.9757663802748642e-01,1.1546245651737662e-02,1.0000000000000000e+00,1.2164547147364146e-11,7.6433334354799043e-01,1.6587056095420000e-01,1.9796859078989593e-02,-2.5818863127153825e-03,1.0000000000000000e+00,
9.9882223083151134e-01,3.4981543030696807e-03,1.0000000000000000e+00,7.3938077882473863e-12,2.5136315079776356e-01,-2.9874083056079638e-03,1.5915851112636992e-03,-1.1383744958822174e-03,1.0000000000000000e+00,
9.9944224852881336e-01,1.2789274060349435e-03,1.0000000000000000e+00,4.4937387144727836e-12,1.1986842899918865e-01,-1.3398878552345426e-03,2.9894936118581017e-04,-4.9928453673528492e-04,1.0000000000000000e+00,
9.9970754776364001e-01,5.0791254319735679e-04,1.0000000000000000e+00,2.7309265959729601e-12,5.6471820067213685e-02,-5.0999916403278217e-04,8.4733466919600237e-05,-1.9019748938786890e-04,1.0000000000000000e+00,
9.9978284262086603e-01,1.8157888286826027e-04,1.0000000000000000e+00,1.6595613772096840e-12,2.9874993108291371e-02,-1.4245786475199029e-05,8.4056224888677828e-03,-5.2933303377117694e-06,1.0000000000000000e+00,
1.0249267325528784e+00,1.0345523102264749e-01,1.0000000000000000e+00,5.6594229302930898e-11,7.2274223727432513e+01,-6.0989702343047025e-01,2.0191085162882132e+01,3.2963522145815272e-01,1.0000000000000000e+00,
1.7983824341857804e+00,8.7393708493610112e-01,1.0000000000000000e+00,3.4378444535576591e-11,1.4422723573415537e+03,1.3184612268696083e+03,4.2730360404660064e+02,7.4160236289291437e-01,1.0000000000000000e+00,
1.0232672514697421e+00,-8.4025758969345429e-04,1.0000000000000000e+00,2.0882184870174569e-11,1.7296675708993124e+01,6.0624590070117748e+00,2.4644173446853732e+00,3.2649131064294588e-02,1.0000000000000000e+00,
9.9757663802748642e-01,-1.6550369582912826e-04,1.0000000000000000e+00,1.2683576411376407e-11,7.6433334354802418e-01,4.2161263390280818e-01,1.9796859078988205e-02,-2.5818863127153296e-03,1.0000000000000000e+00,
9.9882223083151134e-01,-5.2711976443600228e-05,1.0000000000000000e+00,7.7034489898153424e-12,2.5136315079774185e-01,1.7955882284290464e-01,1.5915851112550256e-03,-1.1383744958821122e-03,1.0000000000000000e+00,
9.9944224852881336e-01,-1.9911136513765468e-05,1.0000000000000000e+00,4.6785353369216409e-12,1.1986842899918079e-01,8.1738025766517647e-02,2.9894936118702448e-04,-4.9928453673561528e-04,1.0000000000000000e+00,
9.9970754776364001e-01,-7.1159972451670487e-06,1.0000000000000000e+00,2.8412827646207006e-12,5.6471820067231497e-02,3.5703629175826965e-02,8.4733466919686973e-05,-1.9019748938834115e-04,1.0000000000000000e+00,
9.9978284262086603e-01,-1.9023348023806856e-07,1.0000000000000000e+00,1.7253976025699558e-12,2.9874993108573226e-02,1.3275953284764004e-02,8.4056224888678019e-03,-5.2933303376837699e-06,1.0000000000000000e+00,
1.0238941540543522e+00,3.1436662386778551e-02,1.0000000000000000e+00,5.8581639539312391e-11,-2.4767054799544574e-01,-1.0921124008381597e+00,1.9650408286549240e+01,8.5883472418099821e-02,1.0000000000000000e+00,
1.0455323946854311e+00,2.9707383549192317e-02,1.0000000000000000e+00,3.5562275346734395e-11,1.3213414812660385e+00,8.8333352290391325e+00,1.7241856555590823e-01,4.1747035579342638e-02,1.0000000000000000e+00,
1.0226150781096319e+00,-3.4715828666642950e-03,1.0000000000000000e+00,2.1587509557718931e-11,2.1451598275017423e+00,5.2235428993009547e+00,7.5514809482529754e-02,5.6889954092482990e-03,1.0000000000000000e+00,
1.0040452734586163e+00,-3.3641263787012260e-03,1.0000000000000000e+00,1.3103962359650723e-11,6.6063742712178219e-01,7.4625094261264802e-01,3.1905125288320124e-03,4.6345237074343795e-04,1.0000000000000000e+00,
1.0009064012230058e+00,-1.4099928458916101e-03,1.0000000000000000e+00,7.9540818376244715e-12,1.9646390550373991e-01,2.7327365973193940e-01,1.2434389305711335e-03,-1.8060142690026387e-06,1.0000000000000000e+00,
1.0001716514672072e+00,-5.6245051003681870e-04,1.0000000000000000e+00,4.8279713560361870e-12,8.3379166691600629e-02,1.1808594559409977e-01,2.9664370061032591e-04,-1.3872923397625941e-05,1.0000000000000000e+00,
1.0000257188781538e+00,-2.0536574479659164e-04,1.0000000000000000e+00,2.9304336734981007e-12,3.8816209246001925e-02,5.1377466236356750e-02,8.9090522909646142e-05,-5.8231167557211682e-06,1.0000000000000000e+00,
9.9999990922594406e-01,-5.5226349508113350e-06,1.0000000000000000e+00,1.7786327966007320e-12,2.0552970101519810e-02,1.9142436976775219e-02,1.1748755886826974e-02,-1.5737692762911111e-07,1.0000000000000000e+00,
1.0101540847121013e+00,1.2347746043706856e-02,1.0000000000000000e+00,6.0050797667798861e-11,-7.6793927535500836e-02,-4.2272886529124126e-01,9.8780397671188673e+00,3.9796113809374117e-02,1.0000000000000000e+00,
1.0127918120319650e+00,7.7790083567493744e-03,1.0000000000000000e+00,3.6436798023231631e-11,-8.3894907262547935e-01,1.0325076695344266e+00,5.8524759621814137e-03,2.5964106457772168e-02,1.0000000000000000e+00,
1.0110638387802842e+00,-3.0496684795990178e-04,1.0000000000000000e+00,2.2108315178570592e-11,-1.9211447974625390e-01,1.0699168354440796e+00,2.6255188319224132e-03,1.1272200352978896e-02,1.0000000000000000e+00,
1.0044659742897371e+00,-1.6104349692032513e-03,1.0000000000000000e+00,1.3414158672730991e-11,-2.5582462317899353e-02,6.4260197958986398e-01,2.0210056204124360e-03,5.1550361260255355e-03,1.0000000000000000e+00,
1.0022630184690406e+00,-9.4669036585964047e-04,1.0000000000000000e+00,8.1389339712245601e-12,-5.8049785575081721e-03,2.6955456126122074e-01,2.6082672671297324e-04,2.2930805058504846e-03,1.0000000000000000e+00,
1.0010705537848446e+00,-4.6634788929938499e-04,1.0000000000000000e+00,4.9381609912302338e-12,-1.9404201841682900e-03,1.1781461105247905e-01,9.1794862210926864e-05,1.0273186491735508e-03,1.0000000000000000e+00,
1.0005076520803413e+00,-1.8615778359452889e-04,1.0000000000000000e+00,2.9961033654046787e-12,-8.5732685324832903e-04,5.1329329320691529e-02,6.3251541127483379e-05,4.5008915907814918e-04,1.0000000000000000e+00,
1.0002696065198058e+00,-5.1342598991521081e-06,1.0000000000000000e+00,1.8178236693700001e-12,-5.9600368251535630e-04,1.9132780618309819e-02,1.1716634870555902e-02,1.6796516590246861e-04,1.0000000000000000e+00,
1.0047581804461672e+00,4.4169682017469996e-03,1.0000000000000000e+00,6.0958071923522539e-11,-4.3336526763362339e-02,-1.1700974954813835e-02,3.5335877896620489e+00,2.4909331381415403e-02,1.0000000000000000e+00,
1.0063067475526097e+00,2.8093211332294414e-03,1.0000000000000000e+00,3.6976643968955614e-11,-5.4963558086506015e-01,1.5714169952089335e-01,1.1006903605080554e-03,2.0112320678394018e-02,1.0000000000000000e+00,
1.0062159173228558e+00,-2.0664287162918543e-07,1.0000000000000000e+00,2.2429613721897113e-11,-4.4365790239092912e-01,2.7199862748204529e-01,9.3375122316302628e-04,1.2077095247412807e-02,1.0000000000000000e+00,
1.0043434714088331e+00,-4.6340144102118442e-05,1.0000000000000000e+00,1.3605505611025137e-11,-2.0099535242779579e-01,2.5960374682125265e-01,3.5716194541832169e-04,6.5122615429396256e-03,1.0000000000000000e+00,
1.0025535586824474e+00,-2.9542058199887099e-05,1.0000000000000000e+00,8.2528983647023324e-12,-9.0832047265948651e-02,1.5736614083809555e-01,2.2317132243781027e-04,3.1634090812209300e-03,1.0000000000000000e+00,
1.0013646373058369e+00,-1.5172566162422049e-05,1.0000000000000000e+00,5.0060511291860621e-12,-4.2529946164497269e-02,7.7205117278149687e-02,2.1002827780046765e-04,1.4642972087599542e-03,1.0000000000000000e+00,
1.0006929222451402e+00,-6.1716308499933298e-06,1.0000000000000000e+00,3.0365709946522657e-12,-2.2276273101619663e-02,3.4773306891663462e-02,1.3861347926049511e-04,6.4842084193848077e-04,1.0000000000000000e+00,
1.0003810824688537e+00,-1.7114817266373309e-07,1.0000000000000000e+00,1.8419155090043660e-12,-1.6507928840325051e-02,1.3090025739886116e-02,7.7901996061807942e-03,2.4279554597159223e-04,1.0000000000000000e+00,

