1
1
1
1
(9 0
((80,232) (96,248) (1,1))
((96,232) (112,248) (1,1))
((112,232) (128,248) (1,1))
((80,248) (96,264) (1,1))
((96,248) (112,264) (1,1))
((112,248) (128,264) (1,1))
((80,264) (96,280) (1,1))
((96,264) (112,280) (1,1))
((112,264) (128,280) (1,1))
)
9
FabOnDisk: SD_1_Old_MF_D_00000 0
FabOnDisk: SD_1_Old_MF_D_00000 2974
FabOnDisk: SD_1_Old_MF_D_00000 5949
FabOnDisk: SD_1_Old_MF_D_00000 8925
FabOnDisk: SD_1_Old_MF_D_00000 11899
FabOnDisk: SD_1_Old_MF_D_00000 14874
FabOnDisk: SD_1_Old_MF_D_00000 17850
FabOnDisk: SD_1_Old_MF_D_00000 20824
FabOnDisk: SD_1_Old_MF_D_00000 23799

9,1
-1.1664712966526130e+01,
-6.3296704223388947e+00,
-1.1411660638851657e+00,
-6.5911760464335639e-02,
-7.8070194062687814e-01,
-1.1411660638851657e+00,
-1.1664712964483170e+01,
-6.3296704206989975e+00,
-1.1411660638851329e+00,

9,1
2.3728700222451549e+00,
4.1138941472093018e+00,
-1.5741104245064455e-01,
2.3728700222451549e+00,
4.1138941485325295e+00,
3.5075096488955695e-02,
2.3728700219456242e+00,
4.1138941485325295e+00,
-1.5741104245060925e-01,

