1
1
2
4
(9 0
((80,232) (95,247) (0,0))
((96,232) (111,247) (0,0))
((112,232) (127,247) (0,0))
((80,248) (95,263) (0,0))
((96,248) (111,263) (0,0))
((112,248) (127,263) (0,0))
((80,264) (95,279) (0,0))
((96,264) (111,279) (0,0))
((112,264) (127,279) (0,0))
)
9
FabOnDisk: SD_2_Old_MF_D_00000 0
FabOnDisk: SD_2_Old_MF_D_00000 9302
FabOnDisk: SD_2_Old_MF_D_00000 18605
FabOnDisk: SD_2_Old_MF_D_00000 27909
FabOnDisk: SD_2_Old_MF_D_00000 37211
FabOnDisk: SD_2_Old_MF_D_00000 46514
FabOnDisk: SD_2_Old_MF_D_00000 55818
FabOnDisk: SD_2_Old_MF_D_00000 65120
FabOnDisk: SD_2_Old_MF_D_00000 74423

9,2
-1.1958761567153583e+03,-7.7974859628640820e+02,
-4.8062722121138427e+02,-3.6610031126723538e+02,
-5.6974879634165916e+02,-5.3335602812168861e+02,
-6.1463451964137880e+02,-5.5092451482818547e+02,
-4.5472532748100355e+02,-4.6806331541299357e+02,
-5.5196697968184765e+02,-5.7052380192836233e+02,
-1.1958761566404587e+03,-4.5535530871247295e+02,
-4.8062722121146101e+02,-1.5593049187303870e+02,
-5.6974879634160129e+02,-1.8026262702957095e+02,

9,2
8.4580190504556555e+01,4.5535530872240582e+02,
2.2227103275558761e+02,1.5593049182180005e+02,
9.0912875677113198e+02,1.8026262702955069e+02,
1.2148933463322358e+02,5.5092451482802812e+02,
8.9174422343204157e+01,4.6806331541302882e+02,
9.2081441333806811e+02,5.7052380192841770e+02,
8.4580190504635922e+01,7.7974859628884622e+02,
2.2227103269249324e+02,3.6610031126729865e+02,
9.0912875677135639e+02,5.3335602812175148e+02,

