1
1
9
0
(36 0
((8,80) (23,95) (0,0))
((24,80) (39,95) (0,0))
((40,80) (55,95) (0,0))
((56,80) (71,95) (0,0))
((72,80) (87,95) (0,0))
((88,80) (103,95) (0,0))
((8,96) (23,111) (0,0))
((24,96) (39,111) (0,0))
((40,96) (55,111) (0,0))
((56,96) (71,111) (0,0))
((72,96) (87,111) (0,0))
((88,96) (103,111) (0,0))
((8,112) (23,127) (0,0))
((24,112) (39,127) (0,0))
((40,112) (55,127) (0,0))
((56,112) (71,127) (0,0))
((72,112) (87,127) (0,0))
((88,112) (103,127) (0,0))
((8,128) (23,143) (0,0))
((24,128) (39,143) (0,0))
((40,128) (55,143) (0,0))
((56,128) (71,143) (0,0))
((72,128) (87,143) (0,0))
((88,128) (103,143) (0,0))
((8,144) (23,159) (0,0))
((24,144) (39,159) (0,0))
((40,144) (55,159) (0,0))
((56,144) (71,159) (0,0))
((72,144) (87,159) (0,0))
((88,144) (103,159) (0,0))
((8,160) (23,175) (0,0))
((24,160) (39,175) (0,0))
((40,160) (55,175) (0,0))
((56,160) (71,175) (0,0))
((72,160) (87,175) (0,0))
((88,160) (103,175) (0,0))
)
36
FabOnDisk: Cell_D_00000 0
FabOnDisk: Cell_D_00000 18515
FabOnDisk: Cell_D_00000 37031
FabOnDisk: Cell_D_00000 55547
FabOnDisk: Cell_D_00000 74063
FabOnDisk: Cell_D_00000 92579
FabOnDisk: Cell_D_00000 111096
FabOnDisk: Cell_D_00000 129612
FabOnDisk: Cell_D_00000 148129
FabOnDisk: Cell_D_00000 166646
FabOnDisk: Cell_D_00000 185163
FabOnDisk: Cell_D_00000 203680
FabOnDisk: Cell_D_00000 222198
FabOnDisk: Cell_D_00000 240715
FabOnDisk: Cell_D_00000 259233
FabOnDisk: Cell_D_00000 277751
FabOnDisk: Cell_D_00000 296269
FabOnDisk: Cell_D_00000 314787
FabOnDisk: Cell_D_00000 333306
FabOnDisk: Cell_D_00000 351823
FabOnDisk: Cell_D_00000 370341
FabOnDisk: Cell_D_00000 388859
FabOnDisk: Cell_D_00000 407377
FabOnDisk: Cell_D_00000 425895
FabOnDisk: Cell_D_00000 444414
FabOnDisk: Cell_D_00000 462931
FabOnDisk: Cell_D_00000 481449
FabOnDisk: Cell_D_00000 499967
FabOnDisk: Cell_D_00000 518485
FabOnDisk: Cell_D_00000 537003
FabOnDisk: Cell_D_00000 555522
FabOnDisk: Cell_D_00000 574039
FabOnDisk: Cell_D_00000 592557
FabOnDisk: Cell_D_00000 611075
FabOnDisk: Cell_D_00000 629593
FabOnDisk: Cell_D_00000 648111

36,9
6.2318053521632499e-01,-8.9814624246045049e-01,9.9998532388559447e-01,1.9121317428199033e-13,-1.1321635675481843e+07,-5.6391742290824531e+06,1.4697514274178758e+00,-4.6597666627828875e+02,1.0000000000000000e+00,
1.1188651939141905e+00,-2.9168120707775552e-01,9.9999824713927898e-01,5.5275900442676074e-13,-5.3015457233969616e+06,-2.3625333349882565e+06,2.5538938647062803e-01,-1.9706760791515751e+02,1.0000000000000000e+00,
8.7720134129233873e-01,-2.2154970558244377e-01,9.9999999998833899e-01,9.1832935326770473e-13,-5.7244458470544768e+06,-3.3114394636428277e+06,6.5568453756706391e-02,-2.0218554768682534e+02,1.0000000000000000e+00,
1.1946985341756504e+00,-1.5938421478382600e-01,9.9999999999064437e-01,1.2796412221947041e-12,-7.3250964085429702e+06,-5.5005585501760626e+06,6.2832720731476055e-02,-4.9609363847874641e+02,1.0000000000000000e+00,
6.7616396692981628e-01,1.9210736327056267e-02,9.9999999999237488e-01,1.6243497406239345e-12,-2.7631003289886699e+06,-6.5936116376564801e+06,1.1443294780176139e+00,-5.1754678446004186e+02,1.0000000000000000e+00,
3.6007838287618116e-01,-1.8661501028809593e-01,9.9999999999688238e-01,1.9510185893268590e-12,-8.8645406941452175e+06,-1.9849615263637553e+06,1.3462418818428468e-01,-5.9440126778868361e+01,1.0000000000000000e+00,
5.1018201027789034e-01,-3.7584535644152750e-01,9.9999999640524340e-01,1.8760635077682855e-13,-1.9964753831466187e+07,-6.2180262014077501e+06,2.2813830671399860e-01,-7.6678060525438468e+02,1.0000000000000000e+00,
9.4750337068778015e-02,-5.5835230747709885e-01,9.9997827253145222e-01,5.4024694543855472e-13,-2.8169817272092141e+06,-2.2349953814899120e+06,5.8677504878983200e-01,-5.7409688667008754e+02,1.0000000000000000e+00,
3.2009314256042204e-01,-1.1161407791389870e+00,9.9984515548657094e-01,9.0285521774130668e-13,-1.0767947037040008e+07,-2.5909653981574853e+06,9.9137541917038163e-02,-2.4040404091612277e+02,1.0000000000000000e+00,
7.1773591327979724e-01,-3.6368651994086487e-01,9.9985495353562837e-01,1.2838467470614364e-12,-1.0096124803255891e+07,-4.1062397489173207e+06,2.3283203627665472e-01,-4.7011778184460502e+02,1.0000000000000000e+00,
-9.4812492296561704e-02,-6.3527746802026608e-01,9.9984924330564073e-01,1.6311912670518545e-12,-1.0168414314578444e+06,-2.2020257488046321e+06,1.8790816821664542e+00,-4.8488854306902738e+02,1.0000000000000000e+00,
3.3773695435843543e-01,-9.6985205218289339e-01,9.9999677335222603e-01,1.9562269249262512e-12,-2.0357762994594797e+07,-2.5381237495544887e+05,3.6325244510153176e+00,-4.3394811756491023e+01,1.0000000000000000e+00,
4.5181625741976927e-01,-5.1948088060438014e-01,9.9992637366512571e-01,1.8560637360839255e-13,-2.1882724171896689e+07,-1.7547357425795288e+06,1.9610325851826538e-01,-7.7702881318605569e+02,1.0000000000000000e+00,
-5.7959461365430488e-02,-5.6180062265500308e-01,9.9987021174935065e-01,5.2771829426996876e-13,2.7675972115447934e+04,-6.1283399384386139e+04,8.3681427896991067e-01,-5.7701942588188626e+02,1.0000000000000000e+00,
-4.4073719834939601e-02,-7.7547544360437903e-01,0.0000000000000000e+00,0.0000000000000000e+00,-1.9286801253929136e+06,-1.0269476587983026e+06,0.0000000000000000e+00,-2.3369587777359453e+02,0.0000000000000000e+00,
1.2822076253184339e-01,-1.5834150756253004e-01,9.9990474258727768e-01,1.3034546709881003e-12,-1.1976588457762999e+07,-3.5806336287617157e+06,7.3891499925826665e-01,-4.6416926637961228e+02,1.0000000000000000e+00,
6.3952677944539449e-01,-6.1559271375582592e-01,9.9999366198688466e-01,1.6457816802754603e-12,5.2988160322101627e+04,-5.3078702341209369e+04,5.5332478465777157e-01,-3.3252722012910033e+02,1.0000000000000000e+00,
7.1236535171169998e-02,-9.8084593249257901e-01,9.9999997161029985e-01,1.9633973842630613e-12,-1.5543506889141509e+07,-1.8151471986851252e+06,9.0940420578011771e-01,2.7498967427942404e+01,1.0000000000000000e+00,
3.5106798477155199e-02,-5.5133936020867014e-01,9.9981403801493363e-01,1.8564300212029337e-13,-7.7840561820146684e+06,-1.0429379289809092e+06,1.0359673366286959e+00,-5.4529288132031752e+02,1.0000000000000000e+00,
2.1622373017327590e-01,-6.7750641312903692e-01,9.9990486739695739e-01,5.2778132422799427e-13,-7.4152947969056154e+06,-5.0461124394700304e+05,3.5810550642732721e+00,-5.9649176355928478e+02,1.0000000000000000e+00,
-5.4286978235617338e-02,-1.0726390746969419e+00,0.0000000000000000e+00,0.0000000000000000e+00,-5.5581158669870092e+04,-4.2013961964056143e+04,0.0000000000000000e+00,-2.8605505410438940e+02,0.0000000000000000e+00,
1.2402790688354461e-01,-1.2305122518005254e+00,9.9996305630506699e-01,1.3072295716564718e-12,-8.8153522909617219e+06,-6.7951462455147423e+05,1.8406520690268380e+00,-4.5084383171342085e+02,1.0000000000000000e+00,
2.7062827197643691e-01,-9.2533065114010615e-01,9.9998679126181300e-01,1.6502264323715364e-12,-7.6274271280697780e+06,-3.3240358428332773e+06,1.0492769737482588e+00,-5.2455343118388760e+02,1.0000000000000000e+00,
2.1480449514502270e-01,-5.9607891567922333e-01,9.9999600874601624e-01,1.9689268284500019e-12,-1.1858525783271590e+07,-2.1198839620309165e+06,4.6501432801184933e-01,1.4795597295178581e+01,1.0000000000000000e+00,
-1.6070686149670266e-01,-3.3827038674692295e-01,9.9985497965587744e-01,1.8841974589426038e-13,-1.5858661712008404e+07,-3.9533417199666500e+06,8.2038030932585215e-02,-3.5969852117641324e+02,1.0000000000000000e+00,
6.3608650436957737e-01,-6.3206364129662418e-01,9.9976726081995781e-01,5.4224067152745753e-13,-9.0722771159143560e+06,-1.1472971487103363e+06,3.6032680774628361e+00,-6.3041304740205192e+02,1.0000000000000000e+00,
3.6974698829480201e-01,-7.0672612138436652e-01,9.9993394120985157e-01,9.0590176553945478e-13,-5.3284293321366436e+04,-1.4570132853200089e+05,4.0238412972384729e+00,-2.8662848316905865e+02,1.0000000000000000e+00,
6.0896623968406760e-01,-1.1010354140379996e+00,9.9991397787267156e-01,1.2907101079849484e-12,-1.2529739614259955e+07,-1.5282119869618223e+06,7.8794445210511519e+00,-2.9094652060144273e+02,1.0000000000000000e+00,
1.9578186838935982e-01,-9.1394872666934857e-01,9.9991348432626648e-01,1.6397402733030816e-12,-9.7833585561950896e+06,-2.5570052904240047e+06,9.1930723873504832e+00,-4.9138305939612138e+02,1.0000000000000000e+00,
3.3505219070754111e-01,-5.6300300363833711e-01,9.9999788863459194e-01,1.9665125001763156e-12,-1.0380796365178447e+07,-3.3794065879909927e+06,4.7009562762765356e-01,-1.0335345950352387e+02,1.0000000000000000e+00,
6.1733869852482604e-01,-1.0307062011069767e+00,9.9995841776088690e-01,1.9232773992059034e-13,-1.4826374645098537e+07,-2.0563759875847085e+06,4.9864384521218774e-01,-3.4744585040225553e+02,1.0000000000000000e+00,
8.7262712219769056e-01,-7.4517100843527895e-01,9.9999999455924649e-01,5.5590470851774854e-13,-4.9615947808685070e+06,-6.3831967895581271e+05,1.7927536465249805e+00,-2.2544926388303469e+02,1.0000000000000000e+00,
8.8040273432351590e-01,-2.9764620869347314e-01,9.9999340025429773e-01,9.2354942771722239e-13,-2.6677668754652985e+06,-2.1155236342365788e+06,1.3675373481780717e-01,-1.2017527142439849e+02,1.0000000000000000e+00,
9.1242495456584849e-01,-2.5979906057389401e-01,9.9999999988447819e-01,1.2893058106499531e-12,-6.7765168023001580e+06,-2.2342053125797380e+06,9.4741141310353549e-01,-1.0831601117389968e+02,1.0000000000000000e+00,
5.8473969457626007e-01,-8.2541809846522296e-01,9.9999999989867139e-01,1.6366611909718914e-12,-9.4899264132429752e+06,-4.9105067672594944e+06,1.5560028769245449e+00,-3.5333712941577971e+02,1.0000000000000000e+00,
7.7026877181438225e-01,-8.4642101803512604e-01,9.9999999999916889e-01,1.9656913539674258e-12,-7.5995660724130636e+06,-2.1539915284288488e+06,2.0732900962485701e-01,-1.0782418392308631e+02,1.0000000000000000e+00,

36,9
2.3117547228652389e+00,7.0972559588390238e-01,1.0000095724845477e+00,5.3545631276001877e-13,3.6191073767130147e+05,1.7176443346005124e+06,1.9511140967474848e+03,1.1525902681939613e+01,1.0000000000000000e+00,
1.8372572955399984e+00,3.4529419747842144e-01,1.0000000081549241e+00,8.9917257366299175e-13,7.0171748332822492e+04,2.1449961197879724e+06,1.5486881770420746e+03,-7.3275823758655520e+01,1.0000000000000000e+00,
1.7421583044695752e+00,2.9054802449796235e-01,1.0000000000871010e+00,1.2609296251687387e-12,-4.7421582199614448e+05,1.7362123499073734e+05,1.1306334697473035e+03,-6.6392524116953467e+01,1.0000000000000000e+00,
1.6098462248156469e+00,5.6764154455744309e-01,1.0000000000035294e+00,1.6095233009285406e-12,-1.6263593380740361e+05,1.7971256545660093e+06,1.2707714296779898e+03,-5.9420388616637993e+01,1.0000000000000000e+00,
1.3958910864757230e+00,6.5980573567983747e-01,1.0000000000550850e+00,1.9361026772789344e-12,2.0953228448688423e+06,2.2965544797271336e+06,1.3619776972428963e+03,6.7301731750280510e+01,1.0000000000000000e+00,
1.6429337246768585e+00,8.8535272410674626e-01,1.0000000000022553e+00,2.2422599564259010e-12,3.4742857553140243e+05,3.3678327359461561e+06,2.0534977072994284e+03,2.1617998313658495e+02,1.0000000000000000e+00,
2.5700176930328702e+00,8.6053218351239946e-01,1.0000000172806414e+00,5.2954887080290683e-13,3.2565131216752966e+05,5.0644348210349912e+05,2.4105929390237702e+03,-3.6808036873572235e+01,1.0000000000000000e+00,
1.8929405297831807e+00,1.1536031031144791e+00,1.0000419032659138e+00,8.9493478311564381e-13,2.2312200598492182e+05,1.0226855905879531e+06,2.6879828332336929e+03,5.5149265550790574e+00,1.0000000000000000e+00,
2.0469098790854328e+00,5.6546463683317605e-01,1.0001034257142785e+00,1.2773978928860718e-12,1.6273275253287837e+05,1.4138337127855339e+06,2.4020035029016012e+03,1.7720594333483609e+02,1.0000000000000000e+00,
2.2089269717621534e+00,8.9825024223610583e-01,1.0001445396286046e+00,1.6241913659730860e-12,1.7774000043918504e+05,3.0219091670732941e+06,2.8075496803355431e+03,-9.2485208219061718e+01,1.0000000000000000e+00,
1.5336129149918416e+00,9.0585637394836016e-01,1.0000648721458556e+00,1.9434799167317595e-12,6.2202995356097026e+05,8.1147369285678875e+05,2.9211592433320498e+03,2.0012173379636755e+02,1.0000000000000000e+00,
2.6270575906043501e+00,7.7269549217465006e-01,1.0000233481606706e+00,2.2468574258680434e-12,8.5636357122827100e+05,5.9978777655781452e+06,2.5262211222541773e+03,4.8178710539573495e+02,1.0000000000000000e+00,
2.3194340243756684e+00,5.8736791306132508e-01,1.0001069207817499e+00,5.1725035211619361e-13,2.3217523648759056e+05,2.1853819055039366e+06,1.8914571504712335e+03,-2.0550710079424510e+02,1.0000000000000000e+00,
1.9206505963199243e+00,7.9872246800561197e-01,1.0000510828966618e+00,8.7640772411371656e-13,1.4791270221917465e+05,4.6827484414887113e+04,2.7262501497229873e+03,-2.8242324177216744e+01,1.0000000000000000e+00,
2.2771176952425836e+00,1.2794852635479255e+00,1.0000986356325223e+00,1.3876849636877906e-12,2.9835137325955153e+05,1.5640499955853524e+06,6.5350947458072187e+03,1.3573403020167664e+03,1.0000000000000000e+00,
2.2963540823805029e+00,1.1205634601729983e+00,1.0000320702905745e+00,1.6400582167241890e-12,1.3949985468611811e+05,1.6729470050328651e+06,3.8012739670480069e+03,-4.3622054921849980e+01,1.0000000000000000e+00,
2.0399688930468387e+00,8.0749336183590281e-01,1.0000222552434246e+00,1.9496704535732728e-12,1.2573930136718355e+05,3.1424653286028832e+04,3.6680425555129013e+03,1.5833242581879313e+02,1.0000000000000000e+00,
2.7005881450028122e+00,7.4000891134303026e-01,1.0000020208163882e+00,2.2513392027042731e-12,1.2720966828949144e+05,3.6704421639716648e+06,4.8630338455079109e+03,3.1151542312125173e+02,1.0000000000000000e+00,
2.1227866761412675e+00,3.7647424524922674e-01,1.0003062204210018e+00,5.1909746284793257e-13,2.1353599310210987e+05,4.5092750624920912e+06,2.7254199515208352e+03,-6.2520574087183093e+01,1.0000000000000000e+00,
1.9066712755032884e+00,7.5415079101466986e-01,1.0000689224847819e+00,8.7924027518408833e-13,1.3898687911513663e+05,4.7331451953922994e+06,2.8526334858408322e+03,-1.6237346302922151e+02,1.0000000000000000e+00,
2.2922619218469835e+00,1.0383386737652018e+00,1.0000526919523038e+00,1.3878737257841454e-12,1.6809335650997236e+05,1.1352553534940720e+05,6.5967910752593816e+03,1.2747138700584696e+03,1.0000000000000000e+00,
2.1882531035681430e+00,2.7294929403017559e-01,1.0000557962403651e+00,1.6402075179144657e-12,1.2617468419727530e+05,3.4230962558928728e+06,4.4904147968967209e+03,2.0525595726318244e+02,1.0000000000000000e+00,
2.5678724104529018e+00,8.6606293311748983e-01,1.0000281304244696e+00,1.9503446628457896e-12,2.1091245158209826e+05,2.0420269987487863e+06,5.5635485282779255e+03,1.1500899597707477e+01,1.0000000000000000e+00,
2.0585415152220978e+00,5.6164265286750947e-01,1.0000044121915495e+00,2.2535721506137378e-12,2.0515814823579200e+05,3.7414935733460734e+05,2.7547371862116174e+03,3.9429963975743601e+02,1.0000000000000000e+00,
1.9299132027692396e+00,9.8601002536008575e-01,1.0000978944981331e+00,5.3250302161044027e-13,2.0789300262082589e+05,1.4438034324373552e+06,3.4615891828419722e+03,-3.0465502130868686e+01,1.0000000000000000e+00,
2.0838152018346179e+00,7.5953163577329263e-01,1.0001099533838849e+00,8.9988589312567732e-13,2.6690874397674156e+05,4.5368269148535943e+06,2.1654600550190139e+03,-7.8884980307982687e+01,1.0000000000000000e+00,
1.7833875892186954e+00,4.5969135360902619e-01,1.0000161038060680e+00,1.2812888585749232e-12,1.6115366408863195e+05,1.4800298198706919e+05,2.7970904050534509e+03,2.1115944208826119e+02,1.0000000000000000e+00,
2.2373462007123326e+00,6.6885842249608141e-01,1.0000365195773009e+00,1.6288625541692286e-12,1.1331419330562063e+05,5.2737973858692292e+06,2.4921164598951050e+03,2.0105752185957959e+02,1.0000000000000000e+00,
1.9114062421518030e+00,8.8081011230520645e-01,1.0000438404484044e+00,1.9492643719624973e-12,1.1875673498466613e+06,5.5842898078703899e+06,3.2003596137975355e+03,6.7865831057832224e+00,1.0000000000000000e+00,
1.9218135177974542e+00,9.9106205113642620e-01,1.0000012906412199e+00,2.2543340945868102e-12,1.8906484532436734e+05,1.3061606215970428e+05,2.6544598195388121e+03,3.7750047603647295e+02,1.0000000000000000e+00,
1.9055431063214501e+00,1.0441504431795889e+00,1.0000404025132490e+00,5.3947682501451436e-13,6.4639121140964143e+05,5.7620930931984568e+06,2.8178095066750898e+03,6.0358085716663936e+01,1.0000000000000000e+00,
1.6767959100102339e+00,1.6169103225810011e-01,1.0000000019085242e+00,9.0604486956636893e-13,6.1715100215475453e+04,2.8726061196362297e+06,1.6709101933859745e+03,-4.4554538513680029e+01,1.0000000000000000e+00,
1.6526750578474076e+00,2.1695192819405618e-01,1.0000174694879513e+00,1.2678864932761590e-12,7.6269530260464328e+05,3.4876984431338012e+06,1.3275698868955758e+03,1.5437656053399280e+01,1.0000000000000000e+00,
1.5322921249203731e+00,1.2730488864438919e-01,1.0000000000276950e+00,1.6181934883864658e-12,-2.7718740180613328e+05,2.0338050921704441e+06,1.3650628092280460e+03,3.4447135501986224e+01,1.0000000000000000e+00,
1.6781124530274671e+00,1.2804961143015403e-01,1.0000000000798874e+00,1.9465567797712661e-12,1.3471840164604785e+06,6.3638762432710631e+06,1.6135199236655164e+03,1.5819823810801830e+02,1.0000000000000000e+00,
1.8303926679595091e+00,2.4439717960977481e-01,1.0000000000033371e+00,2.2555413915842385e-12,3.8187912671159557e+05,3.1858011698626978e+06,2.2016897755614154e+03,1.5652655822250878e+02,1.0000000000000000e+00,

