1
1
9
0
(14 0
((144,200) (159,215) (0,0))
((144,216) (159,231) (0,0))
((144,232) (159,239) (0,0))
((56,224) (71,239) (0,0))
((80,232) (95,247) (0,0))
((96,232) (111,247) (0,0))
((80,248) (95,263) (0,0))
((96,248) (111,263) (0,0))
((80,264) (95,279) (0,0))
((96,264) (111,279) (0,0))
((144,272) (159,287) (0,0))
((56,280) (71,295) (0,0))
((120,280) (127,287) (0,0))
((144,296) (151,311) (0,0))
)
14
FabOnDisk: Cell_D_00000 0
FabOnDisk: Cell_D_00000 18520
FabOnDisk: Cell_D_00000 37040
FabOnDisk: Cell_D_00000 46344
FabOnDisk: Cell_D_00000 64862
FabOnDisk: Cell_D_00000 83380
FabOnDisk: Cell_D_00000 101899
FabOnDisk: Cell_D_00000 120417
FabOnDisk: Cell_D_00000 138936
FabOnDisk: Cell_D_00000 157454
FabOnDisk: Cell_D_00000 175973
FabOnDisk: Cell_D_00000 194493
FabOnDisk: Cell_D_00000 213011
FabOnDisk: Cell_D_00000 217707

14,9
4.5183090674674103e-01,-2.0339680452611900e-01,9.9999738651048908e-01,2.0330732627551866e-12,5.1653233342072781e+03,-9.1027569872317137e+04,7.0454524316421185e-02,-3.4167365469772488e+02,1.0000000000000000e+00,
4.7017736457967763e-01,-6.3495107090715630e-01,9.9704197023736996e-01,2.0439009004130538e-12,8.6016305513539279e+04,-2.2201723839242823e+04,1.4207614729155722e+00,-3.6326318545305651e+02,1.0000000000000000e+00,
1.1873131438407520e+00,-4.5463800378159047e-01,9.9999719400813436e-01,2.0570972006878368e-12,3.4144672686063859e+04,-8.5687909490159742e+04,7.4986041237320222e+00,-3.6172141728547990e+02,1.0000000000000000e+00,
6.9957276109394129e-01,-4.3819688090899300e-01,9.9999993060398140e-01,7.7018916379725598e-13,-2.6554614487392973e+04,-1.1919656938495464e+05,4.8398049041065150e-01,-7.1500778057134198e+01,1.0000000000000000e+00,
0.0000000000000000e+00,-1.0565425401924846e+00,0.0000000000000000e+00,0.0000000000000000e+00,-5.6048224762649625e+03,-9.6293940846999787e+04,0.0000000000000000e+00,-1.8650089902510970e+02,0.0000000000000000e+00,
0.0000000000000000e+00,-1.7746439997683741e-01,0.0000000000000000e+00,0.0000000000000000e+00,-3.6309878172933168e+03,-2.2882768866736569e+04,0.0000000000000000e+00,-3.8420144489115913e+01,0.0000000000000000e+00,
-5.2950248399284083e-02,-1.1307818991928844e+00,0.0000000000000000e+00,0.0000000000000000e+00,-1.0307800119291089e+04,-3.3294595983618885e+04,0.0000000000000000e+00,-1.4580105567785321e+02,0.0000000000000000e+00,
-5.7817725074804788e-02,-1.2979473758068387e+00,0.0000000000000000e+00,0.0000000000000000e+00,-1.5258835074695180e+04,-2.2551666873738395e+04,0.0000000000000000e+00,0.0000000000000000e+00,0.0000000000000000e+00,
0.0000000000000000e+00,-3.0769124207738141e-01,0.0000000000000000e+00,0.0000000000000000e+00,0.0000000000000000e+00,-1.4244067177104080e+04,0.0000000000000000e+00,-2.0414009647795160e+02,0.0000000000000000e+00,
0.0000000000000000e+00,-1.3278053929573967e+00,0.0000000000000000e+00,0.0000000000000000e+00,0.0000000000000000e+00,-8.8966047663707650e+04,0.0000000000000000e+00,-6.0425981055770123e+01,0.0000000000000000e+00,
9.0656787410567952e-01,-9.5760623059339423e-01,9.9905333545285535e-01,2.0621594127383975e-12,3.9004674833605350e+03,-8.0958044518366296e+04,3.5881779621820264e+00,-2.9779918765143873e+02,1.0000000000000000e+00,
6.1657775914594115e-01,-4.5888396795702641e-01,9.9999999999707634e-01,7.8156745710384983e-13,3.9464155802848836e+03,-7.6203279869569087e+04,1.4644897798063994e-01,-5.8142073727805325e+01,1.0000000000000000e+00,
3.7050974929371439e-01,-1.0123230560919698e+00,9.9997641845162499e-01,1.7488933999307123e-12,-1.0459753247092622e+05,-1.3354647690871119e+05,2.3964994180542078e+01,-1.5947511824570697e+01,1.0000000000000000e+00,
4.0115986689675831e-01,-1.2307744220465791e+00,9.9999768206460482e-01,2.0532765460286860e-12,2.0390834588458074e+04,-3.7050857762690473e+04,6.5498477466323202e+00,-2.1535992682934076e+02,1.0000000000000000e+00,

14,9
1.0982548451665270e+00,1.3662499905411136e+00,1.0000003082106641e+00,2.2306496721193324e-12,1.2696740892119068e+05,6.6311969405310985e+04,3.5446313438753609e+03,-1.1617684444846763e+02,1.0000000000000000e+00,
1.4049844833490890e+00,8.7296187907762124e-01,1.0013358968262742e+00,2.2396640720781203e-12,1.3447886198231316e+05,3.9563351239024996e+03,3.8407214204656466e+03,-1.1766754609448289e+02,1.0000000000000000e+00,
1.7610187216369424e+00,4.7682023297915654e-01,1.0000000538762863e+00,2.2437896675448347e-12,1.3808339780070493e+05,9.5278962549480464e+04,3.2174216569134096e+03,-1.4905364490794000e+02,1.0000000000000000e+00,
1.6445578738675080e+00,3.7001780867723966e-01,1.0000112279438131e+00,9.9246472002907901e-13,9.2918958805535658e+04,3.8992575580047196e+04,4.4773183609779026e+03,5.5998738677109202e+01,1.0000000000000000e+00,
2.4398372291572952e+00,2.3061419227975022e-01,1.0000314926255671e+00,1.3602555634397238e-12,6.0000879248322053e+04,8.4060240807920563e+03,5.8169694967404594e+03,0.0000000000000000e+00,1.0000000000000000e+00,
2.5128023930438825e+00,1.2757588394345096e+00,1.0000009564511201e+00,1.7045841274440123e-12,7.8212231991965833e+04,1.0130687644325499e+05,8.9327973711256072e+03,4.4738371336511456e+01,1.0000000000000000e+00,
7.0962575249772153e-01,1.2073924479939779e+00,1.0000701316153930e+00,1.0729921027982947e-12,2.9541755149709155e+04,2.5016545951290245e+04,5.1852297830008929e+03,0.0000000000000000e+00,1.0000000000000000e+00,
7.2954127250730727e-01,1.2150267082665298e+00,1.0000000005236149e+00,1.7435460446531947e-12,2.4898091349087626e+04,2.2058734455133708e+04,6.7770576435453677e+03,3.7979866419432945e+01,1.0000000000000000e+00,
2.3910633948824902e+00,1.1467464361568696e+00,1.0000000010627130e+00,1.3679379807257904e-12,7.4122795084931393e+04,1.1767613127326622e+05,6.0695904063927801e+03,0.0000000000000000e+00,1.0000000000000000e+00,
2.4701875706858485e+00,1.8430193078182783e-01,1.0000000014843486e+00,1.7083669869132955e-12,8.2559584523839658e+04,2.0758853403936791e+04,8.8538128223037911e+03,5.1733621506204230e+01,1.0000000000000000e+00,
1.8435802360873499e+00,6.8205143783941291e-01,1.0011436878402116e+00,2.2504901103872249e-12,1.1822830132337367e+05,8.5650721073852488e+04,3.5419147680776236e+03,-1.4331181951378716e+02,1.0000000000000000e+00,
1.7254666337707447e+00,4.7810421549738547e-01,1.0000000000008158e+00,1.0088946592737398e-12,9.4873258152434020e+04,1.3477802876330898e+05,5.0748396697149301e+03,8.4725809831407659e+01,1.0000000000000000e+00,
1.8499176974915101e+00,-2.6052789613285504e-01,1.0000025601581386e+00,1.8517535740412489e-12,8.2874543218073173e+04,5.8558498264951959e+04,4.3464768016277803e+03,5.2056628141518999e+01,1.0000000000000000e+00,
1.2120173112506816e+00,1.2426738079158381e-01,1.0000007096766286e+00,2.1470144994673308e-12,1.4793312197763071e+05,6.7948593757068913e+04,2.9891358104755195e+03,-1.0248311568325991e+02,1.0000000000000000e+00,

