1
1
9
0
(64 0
((0,0) (15,15) (0,0))
((16,0) (31,15) (0,0))
((32,0) (47,15) (0,0))
((48,0) (63,15) (0,0))
((64,0) (79,15) (0,0))
((80,0) (95,15) (0,0))
((96,0) (111,15) (0,0))
((112,0) (127,15) (0,0))
((0,16) (15,31) (0,0))
((16,16) (31,31) (0,0))
((32,16) (47,31) (0,0))
((48,16) (63,31) (0,0))
((64,16) (79,31) (0,0))
((80,16) (95,31) (0,0))
((96,16) (111,31) (0,0))
((112,16) (127,31) (0,0))
((0,32) (15,47) (0,0))
((16,32) (31,47) (0,0))
((32,32) (47,47) (0,0))
((48,32) (63,47) (0,0))
((64,32) (79,47) (0,0))
((80,32) (95,47) (0,0))
((96,32) (111,47) (0,0))
((112,32) (127,47) (0,0))
((0,48) (15,63) (0,0))
((16,48) (31,63) (0,0))
((32,48) (47,63) (0,0))
((48,48) (63,63) (0,0))
((64,48) (79,63) (0,0))
((80,48) (95,63) (0,0))
((96,48) (111,63) (0,0))
((112,48) (127,63) (0,0))
((0,64) (15,79) (0,0))
((16,64) (31,79) (0,0))
((32,64) (47,79) (0,0))
((48,64) (63,79) (0,0))
((64,64) (79,79) (0,0))
((80,64) (95,79) (0,0))
((96,64) (111,79) (0,0))
((112,64) (127,79) (0,0))
((0,80) (15,95) (0,0))
((16,80) (31,95) (0,0))
((32,80) (47,95) (0,0))
((48,80) (63,95) (0,0))
((64,80) (79,95) (0,0))
((80,80) (95,95) (0,0))
((96,80) (111,95) (0,0))
((112,80) (127,95) (0,0))
((0,96) (15,111) (0,0))
((16,96) (31,111) (0,0))
((32,96) (47,111) (0,0))
((48,96) (63,111) (0,0))
((64,96) (79,111) (0,0))
((80,96) (95,111) (0,0))
((96,96) (111,111) (0,0))
((112,96) (127,111) (0,0))
((0,112) (15,127) (0,0))
((16,112) (31,127) (0,0))
((32,112) (47,127) (0,0))
((48,112) (63,127) (0,0))
((64,112) (79,127) (0,0))
((80,112) (95,127) (0,0))
((96,112) (111,127) (0,0))
((112,112) (127,127) (0,0))
)
64
FabOnDisk: Cell_D_00000 0
FabOnDisk: Cell_D_00000 18514
FabOnDisk: Cell_D_00000 37029
FabOnDisk: Cell_D_00000 55544
FabOnDisk: Cell_D_00000 74059
FabOnDisk: Cell_D_00000 92574
FabOnDisk: Cell_D_00000 111089
FabOnDisk: Cell_D_00000 129605
FabOnDisk: Cell_D_00000 148122
FabOnDisk: Cell_D_00000 166637
FabOnDisk: Cell_D_00000 185153
FabOnDisk: Cell_D_00000 203669
FabOnDisk: Cell_D_00000 222185
FabOnDisk: Cell_D_00000 240701
FabOnDisk: Cell_D_00000 259217
FabOnDisk: Cell_D_00000 277734
FabOnDisk: Cell_D_00000 296252
FabOnDisk: Cell_D_00000 314767
FabOnDisk: Cell_D_00000 333283
FabOnDisk: Cell_D_00000 351799
FabOnDisk: Cell_D_00000 370315
FabOnDisk: Cell_D_00000 388831
FabOnDisk: Cell_D_00000 407347
FabOnDisk: Cell_D_00000 425864
FabOnDisk: Cell_D_00000 444382
FabOnDisk: Cell_D_00000 462897
FabOnDisk: Cell_D_00000 481413
FabOnDisk: Cell_D_00000 499929
FabOnDisk: Cell_D_00000 518445
FabOnDisk: Cell_D_00000 536961
FabOnDisk: Cell_D_00000 555477
FabOnDisk: Cell_D_00000 573994
FabOnDisk: Cell_D_00000 592512
FabOnDisk: Cell_D_00000 611027
FabOnDisk: Cell_D_00000 629543
FabOnDisk: Cell_D_00000 648059
FabOnDisk: Cell_D_00000 666575
FabOnDisk: Cell_D_00000 685091
FabOnDisk: Cell_D_00000 703607
FabOnDisk: Cell_D_00000 722124
FabOnDisk: Cell_D_00000 740642
FabOnDisk: Cell_D_00000 759157
FabOnDisk: Cell_D_00000 777673
FabOnDisk: Cell_D_00000 796189
FabOnDisk: Cell_D_00000 814705
FabOnDisk: Cell_D_00000 833221
FabOnDisk: Cell_D_00000 851737
FabOnDisk: Cell_D_00000 870254
FabOnDisk: Cell_D_00000 888772
FabOnDisk: Cell_D_00000 907288
FabOnDisk: Cell_D_00000 925805
FabOnDisk: Cell_D_00000 944322
FabOnDisk: Cell_D_00000 962839
FabOnDisk: Cell_D_00000 981356
FabOnDisk: Cell_D_00000 999873
FabOnDisk: Cell_D_00000 1018391
FabOnDisk: Cell_D_00000 1036910
FabOnDisk: Cell_D_00000 1055427
FabOnDisk: Cell_D_00000 1073945
FabOnDisk: Cell_D_00000 1092463
FabOnDisk: Cell_D_00000 1110981
FabOnDisk: Cell_D_00000 1129499
FabOnDisk: Cell_D_00000 1148017
FabOnDisk: Cell_D_00000 1166536

64,9
1.0000043273416988e+00,-6.5089453971648890e-03,9.9999999999993139e-01,4.4940943822142864e-15,-5.7192349602159587e-01,6.8468592006949019e-03,5.3365614217054484e-04,9.0550377377940621e-03,1.0000000000000000e+00,
1.0030592743665205e+00,-5.9111619757961772e-03,9.9999999999987665e-01,1.4474651828030045e-13,-6.2148452798892273e-01,-1.9117593575662101e-01,7.2954003955049904e-05,4.2766630667554414e-03,1.0000000000000000e+00,
1.0062054346484188e+00,-1.0192095231673934e-03,9.9999999999988431e-01,2.8363729994170901e-13,-4.6481357534907192e-01,-2.3364264973350116e-01,1.7218495795834343e-07,1.1111093611372940e-03,1.0000000000000000e+00,
1.0039008442694801e+00,5.3754703991081610e-05,9.9999999999997391e-01,4.1198807644872167e-13,-1.9926403122885825e-01,-1.8518808502275363e-01,2.7421422715400573e-06,2.5398283676037999e-04,1.0000000000000000e+00,
1.0018954585430921e+00,4.6624244174989587e-05,9.9999999999999278e-01,5.2472436062139286e-13,-7.1252055851828616e-02,-7.1081006114825498e-02,9.9656377532120199e-06,7.4292779629805145e-05,1.0000000000000000e+00,
1.0008900006239683e+00,2.5237586006828446e-05,9.9999999999997236e-01,6.1738183901535014e-13,-2.1430920413662707e-02,-2.0476736931699498e-02,1.5973254500773609e-08,2.8214740057707683e-05,1.0000000000000000e+00,
1.0004311304201590e+00,1.1737489542668741e-05,9.9999999999991473e-01,6.8625694469516674e-13,-6.4052817498056001e-03,-5.5930701527278524e-03,8.9926102390296483e-07,1.1296414349786031e-05,1.0000000000000000e+00,
1.0002480319740601e+00,3.6711171457337272e-06,9.9999999999977207e-01,7.2849684571232482e-13,-8.0566762917535541e-03,-1.5375840566342128e-03,2.4622489693036740e-07,1.8143729421759163e-06,1.0000000000000000e+00,
1.0000078219896067e+00,-2.0214590398472537e-02,9.9999999999991562e-01,4.4942067973772575e-15,-1.8198979642641397e+00,2.4776013780765627e-01,2.1368955127655520e-02,1.0275188224283001e-02,1.0000000000000000e+00,
1.0048562203083871e+00,-1.7702734825432640e-02,9.9999999999999267e-01,1.4695425262332170e-13,-1.8711780112509209e+00,-1.0923110661567363e+00,4.1631861736786402e-04,-9.0193089794448733e-04,1.0000000000000000e+00,
1.0070880178700419e+00,-1.0501927497565697e-03,1.0000000000000011e+00,2.8510382940723058e-13,-6.1650404507290357e-01,-1.0899607204728619e+00,5.6930320860293371e-06,-2.5692120775592112e-03,1.0000000000000000e+00,
1.0021733890327023e+00,2.3408476180867923e-03,1.0000000000000038e+00,4.1297836109617902e-13,-1.4294852881241038e-01,-3.8405591605428618e-01,1.0235413694624496e-04,-1.9260895455975955e-03,1.0000000000000000e+00,
1.0005081708020551e+00,1.5156177547526360e-03,1.0000000000000024e+00,5.2535146564419794e-13,-2.6656832555187845e-02,-8.4941723271218433e-02,2.1429832526564940e-07,-5.5274367044982377e-04,1.0000000000000000e+00,
1.0001232863488674e+00,7.8028750740602893e-04,1.0000000000000018e+00,6.1775843672146531e-13,-5.6312092341293668e-03,-2.1888480914752036e-02,5.2398176665635621e-07,-1.2240841785727131e-04,1.0000000000000000e+00,
1.0000339957957196e+00,3.5445257347392416e-04,1.0000000000000011e+00,6.8647561381651309e-13,-1.9446212943447436e-03,-5.8949826405306199e-03,2.4231082012410310e-05,-2.5297197557567854e-05,1.0000000000000000e+00,
1.0000125084218783e+00,1.0996051002933869e-04,9.9999999999999534e-01,7.2862672735099172e-13,-5.5232251980840185e-03,-1.6611259511931510e-03,3.8811211297735959e-08,-4.7752112377400997e-06,1.0000000000000000e+00,
1.0000254440677923e+00,-6.0623968528110320e-02,9.9999999999991562e-01,4.4348869792110219e-15,-8.9041517734186471e+00,6.4393260264023200e-01,1.7151357181394156e-02,1.4483319735312085e-02,1.0000000000000000e+00,
1.0135878332158008e+00,-5.7521016407172366e-02,9.9999999999996880e-01,1.4594129507486722e-13,-1.0787360594231105e+01,-9.9638731938714997e+00,5.9383219841446788e-04,-3.5299477694269762e-02,1.0000000000000000e+00,
9.9893133710730475e-01,1.7113698458462877e-03,9.9999999999998301e-01,2.8567654795946133e-13,-5.9793162780084053e-01,-6.0571487092901162e+00,4.4296844539659652e-05,-3.0422238733502811e-02,1.0000000000000000e+00,
9.9613237180677594e-01,5.4600031671714700e-03,9.9999999999999500e-01,4.1366857844547925e-13,8.2945803545171878e-02,-3.8043781600609394e-01,1.7021614989731759e-05,-4.0001713309066617e-03,1.0000000000000000e+00,
9.9668429624289467e-01,2.4157652052597409e-03,9.9999999999999745e-01,5.2579982065401592e-13,1.1182490957012523e-02,-5.4391036473040430e-02,1.1800701200936903e-06,-6.9575453327054765e-04,1.0000000000000000e+00,
9.9829238371539120e-01,9.6707566084471073e-04,9.9999999999999811e-01,6.1799659656356008e-13,2.8386176609388226e-03,-9.6079549306337161e-03,8.1389910370349705e-05,-1.4355887825181978e-04,1.0000000000000000e+00,
9.9919262897965599e-01,3.9315740881918303e-04,1.0000000000000000e+00,6.8660139742948578e-13,1.0245809076411235e-03,-2.9367924450137296e-03,4.9773985626990966e-05,-3.3777653316120826e-05,1.0000000000000000e+00,
9.9960648881080993e-01,1.1746934095046130e-04,9.9999999999999223e-01,7.2869842191764162e-13,-7.5799114474342424e-05,-1.1280807371834990e-03,5.4078794522322005e-06,-1.0395088709035688e-05,1.0000000000000000e+00,
8.3305558462865015e-01,-1.3200089536381487e-01,9.9999999999943190e-01,-3.9490233050038665e-13,-1.5508909572565209e+01,5.0970049823331753e-01,8.0477363888287190e-02,3.0491223831226683e-02,1.0000000000000000e+00,
-5.0396972872453361e-01,-6.6819966988391444e-01,0.0000000000000000e+00,-5.4311404604995197e-13,-6.6585701845665221e+02,-4.2140502332003524e+02,0.0000000000000000e+00,-8.2463848397258799e-01,0.0000000000000000e+00,
4.8505394565368332e-01,1.7870042419426524e-03,9.9999999999980083e-01,2.8278950458496234e-13,-4.9529329457712606e+01,-9.1271531654157734e+00,2.9147418393798974e-03,-7.2393394512917666e-02,1.0000000000000000e+00,
9.6968233419009831e-01,3.0439686838333818e-04,9.9999999999998401e-01,4.1509667438882482e-13,-1.4475949411789670e+00,1.1129043753991923e-02,3.1786356032787247e-04,-3.1800699309114766e-03,1.0000000000000000e+00,
9.9186540386237199e-01,9.1836136358930013e-05,9.9999999999999678e-01,5.2642240468345741e-13,-1.3629659584345566e-01,1.3524492998377366e-03,3.6215767195346346e-05,-3.1015798098349683e-04,1.0000000000000000e+00,
9.9698680206330670e-01,3.4455344210920876e-05,9.9999999999999778e-01,6.1827386970219804e-13,-1.7273923521522110e-02,1.8631193147735075e-04,7.3282127500029666e-06,-6.9276371709957199e-05,1.0000000000000000e+00,
9.9872990722632449e-01,1.3640688187836458e-05,1.0000000000000000e+00,6.8673029947866095e-13,-1.4776827196165175e-03,1.7215935399597952e-05,2.1816950785007497e-06,-2.5840406277585003e-05,1.0000000000000000e+00,
9.9940985087662415e-01,4.0400925277206084e-06,9.9999999999999223e-01,7.2876961173525871e-13,-6.0616479719753538e-04,-2.4145957984647646e-04,3.7407966196306816e-07,-1.0383429279553731e-05,1.0000000000000000e+00,
8.3305558462865315e-01,1.5846246442106972e-04,9.9999999999916811e-01,-4.3893795932160523e-13,-1.5508909572565898e+01,-4.7816468696443167e+01,8.0477363889275288e-02,3.0491223831215181e-02,1.0000000000000000e+00,
-5.0396972872458690e-01,-6.9549482737969259e-01,0.0000000000000000e+00,-5.8376461100003333e-13,-6.6585701845656774e+02,-5.4349213407722470e+02,0.0000000000000000e+00,-8.2463848397256900e-01,0.0000000000000000e+00,
4.8505394565368948e-01,-3.2549009669812928e-01,9.9999999999991895e-01,2.8214203519474978e-13,-4.9529329457711142e+01,-1.0172762202703859e+02,2.9147418412589499e-03,-7.2393394512931017e-02,1.0000000000000000e+00,
9.6968233419009897e-01,-2.1791082968706698e-02,9.9999999999998990e-01,4.1509998112233869e-13,-1.4475949411777724e+00,-1.3247210525872839e+00,3.1786356014243053e-04,-3.1800699309167150e-03,1.0000000000000000e+00,
9.9186540386237265e-01,-6.1663433384743678e-03,9.9999999999999434e-01,5.2642540073664531e-13,-1.3629659584311726e-01,-1.3454029394707553e-01,3.6215769016036212e-05,-3.1015798098570470e-04,1.0000000000000000e+00,
9.9698680206330548e-01,-2.1930974500998851e-03,9.9999999999999700e-01,6.1827730748291788e-13,-1.7273923519942298e-02,-1.9366200904987970e-02,7.3282111719033365e-06,-6.9276371711100274e-05,1.0000000000000000e+00,
9.9872990722632515e-01,-8.7566564497548629e-04,9.9999999999999978e-01,6.8673578816798808e-13,-1.4776827187120865e-03,-2.6390582954549102e-03,2.1816955827414961e-06,-2.5840406279380635e-05,1.0000000000000000e+00,
9.9940985087662437e-01,-3.5365018242534540e-04,9.9999999999999201e-01,7.2877288701292621e-13,-6.0616479614122843e-04,-1.6606575523543980e-04,3.7407976111200158e-07,-1.0383429278588224e-05,1.0000000000000000e+00,
1.0000254440677923e+00,6.5029301141668935e-04,9.9999999999916733e-01,4.4392011664076740e-15,-8.9041517734178655e+00,-6.2972326553343683e+00,1.7151357180911209e-02,1.4483319735303863e-02,1.0000000000000000e+00,
1.0135878332158090e+00,-2.9753635501128417e-02,1.0000000000000135e+00,1.4594459654078267e-13,-1.0787360594233188e+01,-2.5348153285815660e+00,5.9383219592201719e-04,-3.5299477694281878e-02,1.0000000000000000e+00,
9.9893133710731186e-01,-3.8634126988467951e-02,9.9999999999999190e-01,2.8568056756341156e-13,-5.9793162780945464e-01,-4.3721551185796270e-01,4.4296844714519779e-05,-3.0422238733511506e-02,1.0000000000000000e+00,
9.9613237180678138e-01,-2.0241330412935812e-02,9.9999999999999867e-01,4.1367384942315905e-13,8.2945803544007699e-02,-4.3225558937184955e-01,1.7021616554452335e-05,-4.0001713309106238e-03,1.0000000000000000e+00,
9.9668429624290011e-01,-6.4742792912020055e-03,1.0000000000000013e+00,5.2580601583048206e-13,1.1182490959818707e-02,-1.0777998594959801e-01,1.1800691861185708e-06,-6.9575453327089015e-04,1.0000000000000000e+00,
9.9829238371539430e-01,-2.6277799470629058e-03,1.0000000000000004e+00,6.1800578227186956e-13,2.8386176603373402e-03,-1.7686587176625933e-02,8.1389909262034876e-05,-1.4355887825339873e-04,1.0000000000000000e+00,
9.9919262897965577e-01,-1.1508626084876638e-03,9.9999999999999989e-01,6.8660905685526962e-13,1.0245809070281010e-03,-2.3171568374039673e-03,4.9773984645614527e-05,-3.3777653316517203e-05,1.0000000000000000e+00,
9.9960648881081027e-01,-4.8791107721809438e-04,9.9999999999999145e-01,7.2870782045438373e-13,-7.5799116573620423e-05,3.0074144179575990e-06,5.4078820046609549e-06,-1.0395088707782176e-05,1.0000000000000000e+00,
1.0000078219896069e+00,1.7864155038268683e-04,9.9999999999935851e-01,4.5026378785221895e-15,-1.8198979642607895e+00,-1.9389532006282160e+00,2.1368955125238009e-02,1.0275188224273380e-02,1.0000000000000000e+00,
1.0048562203084002e+00,-1.6767348213054311e-04,1.0000000000000127e+00,1.4694433860417306e-13,-1.8711780112517704e+00,-4.4875781799454256e-01,4.1631861162540890e-04,-9.0193089795184646e-04,1.0000000000000000e+00,
1.0070880178700485e+00,-7.9411338908254529e-03,1.0000000000000058e+00,2.8510849791362161e-13,-6.1650404507402512e-01,2.0767517067042593e-01,5.6930318386577694e-06,-2.5692120775639348e-03,1.0000000000000000e+00,
1.0021733890327080e+00,-7.9030380227216868e-03,1.0000000000000073e+00,4.1298462940182231e-13,-1.4294852880732523e-01,6.8452666102708781e-02,1.0235413896338141e-04,-1.9260895456007640e-03,1.0000000000000000e+00,
1.0005081708020553e+00,-5.0616832859100526e-03,1.0000000000000056e+00,5.2536089838471186e-13,-2.6656832553691640e-02,1.2489979352514322e-02,2.1429599310340830e-07,-5.5274367045165195e-04,1.0000000000000000e+00,
1.0001232863488712e+00,-2.4779816207227377e-03,1.0000000000000033e+00,6.1776801520276576e-13,-5.6312092354662089e-03,3.5571916353126561e-03,5.2398166621586695e-07,-1.2240841785678453e-04,1.0000000000000000e+00,
1.0000339957957212e+00,-1.1341923847962348e-03,1.0000000000000000e+00,6.8648857990576226e-13,-1.9446212969468071e-03,1.2847379436816079e-03,2.4231079668972366e-05,-2.5297197556283376e-05,1.0000000000000000e+00,
1.0000125084218798e+00,-4.8564055040857253e-04,9.9999999999999079e-01,7.2864042726519024e-13,-5.5232251998228211e-03,1.4480786631001786e-04,3.8808912442185595e-08,-4.7752112362015525e-06,1.0000000000000000e+00,
1.0000043273416990e+00,4.3268218947088546e-06,9.9999999999837930e-01,4.5098486809116707e-15,-5.7192349601916792e-01,-5.2690625930629409e-01,5.3365615772778350e-04,9.0550377377869376e-03,1.0000000000000000e+00,
1.0030592743664206e+00,4.9733160953039972e-05,9.9999999999868461e-01,1.4636611728988081e-13,-6.2148452798955789e-01,-1.9801692404866553e-01,7.2954034939509693e-05,4.2766630667506033e-03,1.0000000000000000e+00,
1.0062054346483829e+00,-2.0450151504519910e-03,9.9999999999947453e-01,2.8463085825306769e-13,-4.6481357535104578e-01,4.4207639709741009e-03,1.7218511737943087e-07,1.1111093611362918e-03,1.0000000000000000e+00,
1.0039008442694837e+00,-2.4213728699360284e-03,9.9999999999982547e-01,4.1259113252379716e-13,-1.9926403122700584e-01,2.7448460173885771e-03,2.7421387686129423e-06,2.5398283675742424e-04,1.0000000000000000e+00,
1.0018954585430939e+00,-2.2141726588241631e-03,9.9999999999993161e-01,5.2509153533760611e-13,-7.1252055854640561e-02,9.0258717063229719e-04,9.9656369874183415e-06,7.4292779628384040e-05,1.0000000000000000e+00,
1.0008900006239674e+00,-1.3756421798892251e-03,9.9999999999993139e-01,6.1760721398724059e-13,-2.1430920415196942e-02,2.5632890415242448e-04,1.5972134693401779e-08,2.8214740058454688e-05,1.0000000000000000e+00,
1.0004311304201545e+00,-7.0630464468655408e-04,9.9999999999993205e-01,6.8639830955129844e-13,-6.4052817469632886e-03,6.9469524383781902e-05,8.9926094395389664e-07,1.1296414352303704e-05,1.0000000000000000e+00,
1.0002480319740543e+00,-3.1857383022045456e-04,9.9999999999993683e-01,7.2858799411444120e-13,-8.0566762985899536e-03,4.9342895880245913e-06,2.4623132779152783e-07,1.8143729429723454e-06,1.0000000000000000e+00,

64,9
1.0041319381439813e+00,-4.3268218944719090e-06,1.0000000000000719e+00,1.4151701071752320e-13,-1.3824006416097642e-02,5.2690625930500445e-01,2.4840652647284815e+00,1.3273903558755604e-02,1.0000000000000000e+00,
1.0086641638540479e+00,-4.9733160952044694e-05,1.0000000000000351e+00,2.7856460823326519e-13,-3.6946097196935734e-01,1.9801692404841609e-01,1.8341093284132692e-02,9.7631998569444635e-03,1.0000000000000000e+00,
1.0087167777565387e+00,2.0450151504560476e-03,1.0000000000000340e+00,4.0638744227982337e-13,-1.6525468593369119e-01,-4.4207639698952764e-03,2.5960895593226535e-03,4.7919609882318597e-03,1.0000000000000000e+00,
1.0067921463987266e+00,2.4213728699381287e-03,1.0000000000000158e+00,5.1942978339403177e-13,-3.5311455078655254e-02,-2.7448460173726610e-03,2.9277999452567011e-03,1.8726807607986891e-03,1.0000000000000000e+00,
1.0040054789601744e+00,2.2141726588255192e-03,1.0000000000000162e+00,6.1297722930673574e-13,-7.9452131910206329e-03,-9.0258716881849201e-04,5.8739525180297181e-04,5.9944264349005632e-04,1.0000000000000000e+00,
1.0021886980302779e+00,1.3756421798903841e-03,1.0000000000000044e+00,6.8314010779983356e-13,-2.5470204566041769e-03,-2.5632890321282235e-04,3.0220212623156243e-04,1.8167141541113231e-04,1.0000000000000000e+00,
1.0011004232699776e+00,7.0630464468796148e-04,1.0000000000000109e+00,7.2693852734727916e-13,-1.1060814345475729e-03,-6.9469523319165842e-05,2.1067674846006761e-04,5.7833259997822059e-05,1.0000000000000000e+00,
1.0005549876525708e+00,3.1857383022175934e-04,1.0000000000000651e+00,7.4238115999114714e-13,9.5642569942632101e-05,-4.9342897104100102e-06,3.4372886745209449e-03,1.9084905779410646e-05,1.0000000000000000e+00,
1.0114515830179145e+00,-1.7864155038303328e-04,1.0000000000001692e+00,1.3833856239394587e-13,-2.5020222618908280e-02,1.9389532006294243e+00,7.1178199520451289e+00,2.4241348070089215e-02,1.0000000000000000e+00,
1.0194466980704857e+00,1.6767348213232115e-04,1.0000000000000138e+00,2.7720604876155445e-13,-5.0634670021871708e-01,4.4875781799527109e-01,5.5970671467067690e-02,1.2944377425757428e-02,1.0000000000000000e+00,
1.0182608704945966e+00,7.9411338908260392e-03,1.0000000000000138e+00,4.0602659262872461e-13,1.7288012255142124e-01,-2.0767517067346072e-01,1.4546293473176319e-02,3.8459595231740487e-03,1.0000000000000000e+00,
1.0077342869095047e+00,7.9030380227222592e-03,1.0000000000000080e+00,5.1929720157892393e-13,1.8066129285447624e-01,-6.8452666101256721e-02,8.9089539559342179e-03,8.9213990296831093e-04,1.0000000000000000e+00,
1.0036919443831402e+00,5.0616832859096041e-03,1.0000000000000067e+00,6.1287403490608570e-13,7.9434990152416632e-02,-1.2489979352139174e-02,5.6270874147362759e-04,1.8755951133856447e-04,1.0000000000000000e+00,
1.0017554855895543e+00,2.4779816207211093e-03,1.0000000000000056e+00,6.8305424803236142e-13,1.8992124134239740e-02,-3.5571916353325655e-03,1.4101033150096254e-04,5.6549111768312843e-05,1.0000000000000000e+00,
1.0008160181803727e+00,1.1341923847950765e-03,1.0000000000000064e+00,7.2688061174711891e-13,4.0467205042589239e-03,-1.2847379430416905e-03,9.9945505107994215e-05,2.3131978823663503e-05,1.0000000000000000e+00,
1.0003952517361274e+00,4.8564055040809304e-04,1.0000000000000129e+00,7.4236211790693270e-13,8.6734177869586461e-04,-1.4480786554662824e-04,5.1602567153169899e-03,9.6453816989878466e-06,1.0000000000000000e+00,
1.0321603672326827e+00,-6.5029301141649473e-04,1.0000000000001685e+00,1.3830129934484945e-13,-8.1346113592005442e-02,6.2972326553347839e+00,1.5481691390417856e+01,6.1231449283190270e-02,1.0000000000000000e+00,
1.0734556838952864e+00,2.9753635501123744e-02,1.0000000000000162e+00,2.7897040348448531e-13,3.0168969774902550e+00,2.5348153285809132e+00,2.4478390328733224e-01,2.2175354734870416e-02,1.0000000000000000e+00,
1.0490901132871167e+00,3.8634126988463219e-02,1.0000000000000111e+00,4.0747122586747394e-13,4.2429804882506801e+00,4.3721551185774066e-01,2.3243996649897625e-01,-2.0376969460030835e-03,1.0000000000000000e+00,
1.0076162190296774e+00,2.0241330412934293e-02,1.0000000000000062e+00,5.1995101411852730e-13,8.5935914472318853e-01,4.3225558937086733e-01,1.3226080222225600e-02,-4.2857149667638978e-04,1.0000000000000000e+00,
1.0017751496931604e+00,6.4742792912002561e-03,1.0000000000000049e+00,6.1316543047371158e-13,1.1501718586284081e-01,1.0777998595008879e-01,2.7917035356248010e-03,-8.7227570684208803e-05,1.0000000000000000e+00,
1.0003448196419586e+00,2.6277799470611793e-03,1.0000000000000038e+00,6.8319431175858768e-13,2.1938953310156981e-02,1.7686587177035220e-02,5.7856558946002556e-04,-2.9048489859251961e-05,1.0000000000000000e+00,
1.0000558045542285e+00,1.1508626084863647e-03,1.0000000000000027e+00,7.2695552223906368e-13,4.6562284785671010e-03,2.3171568371357356e-03,1.5654791895788889e-04,-6.1221822619095189e-06,1.0000000000000000e+00,
1.0000035471174882e+00,4.8791107721729283e-04,1.0000000000000022e+00,7.4241968239816344e-13,5.5368129012392979e-03,-3.0074143614272977e-06,5.1730768899161186e-03,-7.7997750357590656e-08,1.0000000000000000e+00,
1.0331585311420910e+00,-1.5846246441983278e-04,1.0000000000001921e+00,1.3704573078470406e-13,5.6505106516802130e+01,4.7816468696436672e+01,1.4967621326720455e+01,2.6183124070242325e-01,1.0000000000000000e+00,
1.5144190778226840e+00,6.9549482737973345e-01,1.0000000000001683e+00,7.9050129530431625e-13,7.1710796614534740e+02,5.4349213407716150e+02,2.4409497899885769e+03,5.0300383873707499e-01,1.0000000000000000e+00,
1.0644299236540595e+00,3.2549009669813850e-01,1.0000000000001301e+00,4.0890081078123998e-13,6.6206911158321461e+01,1.0172762202702555e+02,4.0268499490791591e+01,1.2330495568394934e-01,1.0000000000000000e+00,
9.9661083941049400e-01,2.1791082968703062e-02,1.0000000000000049e+00,5.2034072916391774e-13,8.3672042485174336e-01,1.3247210525866122e+00,5.8200392737575712e-02,5.9315961635591774e-03,1.0000000000000000e+00,
9.9806973436541480e-01,6.1663433384716556e-03,1.0000000000000011e+00,6.1331178365032461e-13,5.9505791402018025e-02,1.3454029394736172e-01,3.6848092307764646e-03,6.3641610106396438e-04,1.0000000000000000e+00,
9.9910122047665484e-01,2.1930974500976113e-03,1.0000000000000000e+00,6.8325890096411165e-13,7.9628577649226064e-03,1.9366200904419005e-02,5.8987054929980631e-04,6.1391400016875793e-05,1.0000000000000000e+00,
9.9956698171840030e-01,8.7566564497301204e-04,1.0000000000000000e+00,7.2698993112821692e-13,2.3100384964094530e-03,2.6390582943446659e-03,1.5149402554622340e-04,-7.9975821296953134e-06,1.0000000000000000e+00,
9.9975156579746383e-01,3.5365018242323836e-04,1.0000000000000013e+00,7.4244584392074591e-13,7.9687068039214388e-03,1.6606575438133785e-04,3.6950121262667988e-03,-1.8156509919527245e-06,1.0000000000000000e+00,
1.0331585311420997e+00,1.3200089536382389e-01,1.0000000000002758e+00,1.3707253943534158e-13,5.6505106516802314e+01,-5.0970049823136909e-01,1.4967621326723146e+01,2.6183124070242270e-01,1.0000000000000000e+00,
1.5144190778226629e+00,6.6819966988390189e-01,1.0000000000002078e+00,8.1372067795546107e-13,7.1710796614526953e+02,4.2140502331999340e+02,2.4409497899884254e+03,5.0300383873708099e-01,1.0000000000000000e+00,
1.0644299236540682e+00,-1.7870042419485656e-03,1.0000000000001183e+00,4.0890058123167418e-13,6.6206911158336908e+01,9.1271531654181306e+00,4.0268499490794341e+01,1.2330495568394899e-01,1.0000000000000000e+00,
9.9661083941049966e-01,-3.0439686838804329e-04,1.0000000000000033e+00,5.2034061030762133e-13,8.3672042484989650e-01,-1.1129043753883155e-02,5.8200392734850115e-02,5.9315961635587663e-03,1.0000000000000000e+00,
9.9806973436541713e-01,-9.1836136361893856e-05,1.0000000000000033e+00,6.1331128641144281e-13,5.9505791402918395e-02,-1.3524493013765014e-03,3.6848092296967727e-03,6.3641610106381172e-04,1.0000000000000000e+00,
9.9910122047665628e-01,-3.4455344213740310e-05,1.0000000000000029e+00,6.8325858878147367e-13,7.9628577640155976e-03,-1.8631193146863376e-04,5.8987054874885814e-04,6.1391400016639735e-05,1.0000000000000000e+00,
9.9956698171840130e-01,-1.3640688189447177e-05,1.0000000000000000e+00,7.2699035090015024e-13,2.3100384964891149e-03,-1.7215934593138560e-05,1.5149402607991108e-04,-7.9975821297397488e-06,1.0000000000000000e+00,
9.9975156579746483e-01,-4.0400925275557631e-06,1.0000000000000000e+00,7.4244649960084237e-13,7.9687068035997708e-03,2.4145958000752467e-04,3.6950121274568841e-03,-1.8156509918733230e-06,1.0000000000000000e+00,
1.0321603672326940e+00,6.0623968528118133e-02,1.0000000000002316e+00,1.3833878257888544e-13,-8.1346113588574506e-02,-6.4393260263956442e-01,1.5481691390416403e+01,6.1231449283194739e-02,1.0000000000000000e+00,
1.0734556838952996e+00,5.7521016407178514e-02,1.0000000000000582e+00,2.7897588286592316e-13,3.0168969774911409e+00,9.9638731938741145e+00,2.4478390328462885e-01,2.2175354734859477e-02,1.0000000000000000e+00,
1.0490901132871286e+00,-1.7113698458447752e-03,1.0000000000000193e+00,4.0747239422933228e-13,4.2429804882527282e+00,6.0571487092903205e+00,2.3243996650088028e-01,-2.0376969460122150e-03,1.0000000000000000e+00,
1.0076162190296831e+00,-5.4600031671720017e-03,1.0000000000000084e+00,5.1995479654225838e-13,8.5935914472362107e-01,3.8043781600553628e-01,1.3226080221098724e-02,-4.2857149667772357e-04,1.0000000000000000e+00,
1.0017751496931662e+00,-2.4157652052619934e-03,1.0000000000000078e+00,6.1317013524306989e-13,1.1501718586085689e-01,5.4391036473009302e-02,2.7917035372741761e-03,-8.7227570685219482e-05,1.0000000000000000e+00,
1.0003448196419631e+00,-9.6707566084660798e-04,1.0000000000000056e+00,6.8319782914227758e-13,2.1938953309884834e-02,9.6079549327082615e-03,5.7856559003734154e-04,-2.9048489860980078e-05,1.0000000000000000e+00,
1.0000558045542294e+00,-3.9315740882092253e-04,1.0000000000000049e+00,7.2696166203585142e-13,4.6562284778681020e-03,2.9367924466307729e-03,1.5654791894574582e-04,-6.1221822604047361e-06,1.0000000000000000e+00,
1.0000035471174891e+00,-1.1746934095035829e-04,1.0000000000000000e+00,7.4242541514653335e-13,5.5368129013016821e-03,1.1280807370669739e-03,5.1730768882050958e-03,-7.7997750383974886e-08,1.0000000000000000e+00,
1.0114515830179205e+00,2.0214590398470508e-02,1.0000000000001501e+00,1.3838398477994302e-13,-2.5020222616229520e-02,-2.4776013780649156e-01,7.1178199520456360e+00,2.4241348070093472e-02,1.0000000000000000e+00,
1.0194466980704922e+00,1.7702734825432127e-02,1.0000000000000386e+00,2.7720967709306331e-13,-5.0634670021966266e-01,1.0923110661558235e+00,5.5970671466809563e-02,1.2944377425749004e-02,1.0000000000000000e+00,
1.0182608704946050e+00,1.0501927497604307e-03,1.0000000000000335e+00,4.0603077874605864e-13,1.7288012254769414e-01,1.0899607204731414e+00,1.4546293474303890e-02,3.8459595231679650e-03,1.0000000000000000e+00,
1.0077342869095101e+00,-2.3408476180830470e-03,1.0000000000000224e+00,5.1930443845175900e-13,1.8066129285507310e-01,3.8405591605352163e-01,8.9089539571408916e-03,8.9213990296896915e-04,1.0000000000000000e+00,
1.0036919443831438e+00,-1.5156177547514412e-03,1.0000000000000129e+00,6.1288053624466418e-13,7.9434990149412618e-02,8.4941723272612707e-02,5.6270874113431568e-04,1.8755951133582282e-04,1.0000000000000000e+00,
1.0017554855895567e+00,-7.8028750740420140e-04,1.0000000000000089e+00,6.8306382108635064e-13,1.8992124134419929e-02,2.1888480915074383e-02,1.4101033448468692e-04,5.6549111766474158e-05,1.0000000000000000e+00,
1.0008160181803736e+00,-3.5445257347302542e-04,1.0000000000000060e+00,7.2688885218802660e-13,4.0467205083396960e-03,5.8949826395512436e-03,9.9945503547436976e-05,2.3131978823131529e-05,1.0000000000000000e+00,
1.0003952517361256e+00,-1.0996051002929490e-04,1.0000000000000000e+00,7.4237197188024523e-13,8.6734178079995604e-04,1.6611259515659214e-03,5.1602567173842599e-03,9.6453817022493469e-06,1.0000000000000000e+00,
1.0041319381439953e+00,6.5089453971523079e-03,1.0000000000003146e+00,1.3869207795657512e-13,-1.3824006419440454e-02,-6.8468592016382446e-03,2.4840652647268255e+00,1.3273903558751490e-02,1.0000000000000000e+00,
1.0086641638540612e+00,5.9111619757899999e-03,1.0000000000002727e+00,2.7679055903851929e-13,-3.6946097196709926e-01,1.9117593575403505e-01,1.8341093283905097e-02,9.7631998569378195e-03,1.0000000000000000e+00,
1.0087167777565507e+00,1.0192095231730224e-03,1.0000000000001068e+00,4.0537103625513489e-13,-1.6525468593342457e-01,2.3364264973512541e-01,2.5960895583653464e-03,4.7919609882277649e-03,1.0000000000000000e+00,
1.0067921463987350e+00,-5.3754703990307022e-05,1.0000000000000406e+00,5.1885889505799635e-13,-3.5311455081146789e-02,1.8518808502210771e-01,2.9277999486754941e-03,1.8726807607967640e-03,1.0000000000000000e+00,
1.0040054789601627e+00,-4.6624244174040389e-05,1.0000000000000140e+00,6.1264008200324756e-13,-7.9452131927737445e-03,7.1081006116051948e-02,5.8739525073039228e-04,5.9944264348733563e-04,1.0000000000000000e+00,
1.0021886980302728e+00,-2.5237586007007638e-05,1.0000000000000073e+00,6.8293928595170056e-13,-2.5470204584053845e-03,2.0476736930102608e-02,3.0220213027013420e-04,1.8167141540755384e-04,1.0000000000000000e+00,
1.0011004232699765e+00,-1.1737489542309120e-05,1.0000000000000064e+00,7.2682189244901373e-13,-1.1060814354284573e-03,5.5930701520307061e-03,2.1067674595691313e-04,5.7833260000273705e-05,1.0000000000000000e+00,
1.0005549876525763e+00,-3.6711171458493578e-06,1.0000000000000244e+00,7.4231993088516576e-13,9.5642570327838291e-05,1.5375840564313421e-03,3.4372886759540433e-03,1.9084905780958588e-05,1.0000000000000000e+00,

