1
1
1
1
(145 0
((0,168) (16,184) (1,1))
((16,168) (32,184) (1,1))
((32,168) (40,184) (1,1))
((0,184) (16,200) (1,1))
((16,184) (32,200) (1,1))
((32,184) (40,200) (1,1))
((192,168) (208,184) (1,1))
((208,168) (216,184) (1,1))
((40,184) (48,200) (1,1))
((144,184) (152,192) (1,1))
((176,184) (192,200) (1,1))
((192,184) (208,200) (1,1))
((176,200) (192,208) (1,1))
((192,200) (208,208) (1,1))
((72,192) (80,208) (1,1))
((120,184) (136,200) (1,1))
((48,200) (64,216) (1,1))
((96,192) (112,208) (1,1))
((96,208) (112,216) (1,1))
((112,200) (120,208) (1,1))
((152,200) (168,208) (1,1))
((88,208) (96,216) (1,1))
((112,208) (128,216) (1,1))
((24,200) (40,216) (1,1))
((24,216) (40,232) (1,1))
((40,216) (48,232) (1,1))
((56,216) (72,232) (1,1))
((72,216) (88,232) (1,1))
((88,216) (104,232) (1,1))
((104,216) (112,232) (1,1))
((56,232) (72,248) (1,1))
((72,232) (88,248) (1,1))
((88,232) (104,248) (1,1))
((104,232) (112,248) (1,1))
((56,248) (72,256) (1,1))
((72,248) (88,256) (1,1))
((88,248) (104,256) (1,1))
((104,248) (112,256) (1,1))
((112,216) (120,232) (1,1))
((120,216) (128,224) (1,1))
((144,208) (160,224) (1,1))
((160,208) (176,224) (1,1))
((176,208) (192,224) (1,1))
((192,208) (208,224) (1,1))
((208,208) (216,224) (1,1))
((144,224) (160,232) (1,1))
((160,224) (176,232) (1,1))
((176,224) (192,232) (1,1))
((192,224) (208,232) (1,1))
((208,224) (216,232) (1,1))
((128,224) (144,232) (1,1))
((16,232) (32,248) (1,1))
((32,232) (40,248) (1,1))
((16,248) (32,256) (1,1))
((32,248) (40,256) (1,1))
((112,232) (128,248) (1,1))
((128,232) (136,248) (1,1))
((136,232) (144,240) (1,1))
((152,232) (160,240) (1,1))
((160,232) (176,248) (1,1))
((176,232) (192,248) (1,1))
((192,232) (208,248) (1,1))
((208,232) (224,248) (1,1))
((224,232) (232,248) (1,1))
((160,248) (176,256) (1,1))
((176,248) (192,256) (1,1))
((192,248) (208,256) (1,1))
((208,248) (224,256) (1,1))
((224,248) (232,256) (1,1))
((40,248) (56,256) (1,1))
((40,256) (56,272) (1,1))
((56,256) (72,272) (1,1))
((72,256) (88,272) (1,1))
((88,256) (104,272) (1,1))
((104,256) (112,272) (1,1))
((40,272) (56,280) (1,1))
((56,272) (72,280) (1,1))
((72,272) (88,280) (1,1))
((88,272) (104,280) (1,1))
((104,272) (112,280) (1,1))
((120,256) (128,264) (1,1))
((144,240) (160,256) (1,1))
((144,256) (160,272) (1,1))
((160,256) (176,272) (1,1))
((176,256) (192,272) (1,1))
((192,256) (208,272) (1,1))
((208,256) (216,272) (1,1))
((160,272) (176,288) (1,1))
((176,272) (192,288) (1,1))
((192,272) (208,288) (1,1))
((208,272) (216,288) (1,1))
((160,288) (176,304) (1,1))
((176,288) (192,304) (1,1))
((192,288) (208,304) (1,1))
((208,288) (216,304) (1,1))
((160,304) (176,312) (1,1))
((176,304) (192,312) (1,1))
((192,304) (208,312) (1,1))
((208,304) (216,312) (1,1))
((8,264) (24,280) (1,1))
((24,264) (40,280) (1,1))
((8,280) (24,296) (1,1))
((24,280) (40,296) (1,1))
((8,296) (24,312) (1,1))
((24,296) (40,312) (1,1))
((128,264) (136,272) (1,1))
((112,272) (128,288) (1,1))
((128,272) (144,288) (1,1))
((64,280) (80,296) (1,1))
((80,280) (96,296) (1,1))
((64,296) (80,312) (1,1))
((80,296) (96,312) (1,1))
((104,280) (112,296) (1,1))
((104,296) (112,312) (1,1))
((128,288) (144,304) (1,1))
((144,288) (152,304) (1,1))
((128,304) (144,312) (1,1))
((144,304) (152,312) (1,1))
((40,296) (56,312) (1,1))
((56,296) (64,312) (1,1))
((112,304) (128,312) (1,1))
((24,312) (40,328) (1,1))
((40,312) (48,328) (1,1))
((56,312) (72,328) (1,1))
((72,312) (88,328) (1,1))
((56,328) (72,336) (1,1))
((72,328) (88,336) (1,1))
((104,312) (120,320) (1,1))
((120,312) (128,320) (1,1))
((136,312) (152,328) (1,1))
((152,312) (160,328) (1,1))
((136,328) (152,336) (1,1))
((152,328) (160,336) (1,1))
((184,320) (200,336) (1,1))
((200,320) (216,336) (1,1))
((216,320) (224,336) (1,1))
((184,336) (200,344) (1,1))
((200,336) (216,344) (1,1))
((216,336) (224,344) (1,1))
((0,328) (16,344) (1,1))
((16,328) (32,344) (1,1))
((32,328) (40,344) (1,1))
((0,344) (16,360) (1,1))
((16,344) (32,360) (1,1))
((32,344) (40,360) (1,1))
)
145
FabOnDisk: SD_1_Old_MF_D_00000 0
FabOnDisk: SD_1_Old_MF_D_00000 2974
FabOnDisk: SD_1_Old_MF_D_00000 5948
FabOnDisk: SD_1_Old_MF_D_00000 7706
FabOnDisk: SD_1_Old_MF_D_00000 10680
FabOnDisk: SD_1_Old_MF_D_00000 13654
FabOnDisk: SD_1_Old_MF_D_00000 15412
FabOnDisk: SD_1_Old_MF_D_00000 18388
FabOnDisk: SD_1_Old_MF_D_00000 20148
FabOnDisk: SD_1_Old_MF_D_00000 21906
FabOnDisk: SD_1_Old_MF_D_00000 22962
FabOnDisk: SD_1_Old_MF_D_00000 25938
FabOnDisk: SD_1_Old_MF_D_00000 28914
FabOnDisk: SD_1_Old_MF_D_00000 30674
FabOnDisk: SD_1_Old_MF_D_00000 32434
FabOnDisk: SD_1_Old_MF_D_00000 34192
FabOnDisk: SD_1_Old_MF_D_00000 37168
FabOnDisk: SD_1_Old_MF_D_00000 40142
FabOnDisk: SD_1_Old_MF_D_00000 43117
FabOnDisk: SD_1_Old_MF_D_00000 44876
FabOnDisk: SD_1_Old_MF_D_00000 45932
FabOnDisk: SD_1_Old_MF_D_00000 47692
FabOnDisk: SD_1_Old_MF_D_00000 48746
FabOnDisk: SD_1_Old_MF_D_00000 50506
FabOnDisk: SD_1_Old_MF_D_00000 53480
FabOnDisk: SD_1_Old_MF_D_00000 56454
FabOnDisk: SD_1_Old_MF_D_00000 58212
FabOnDisk: SD_1_Old_MF_D_00000 61186
FabOnDisk: SD_1_Old_MF_D_00000 64160
FabOnDisk: SD_1_Old_MF_D_00000 67135
FabOnDisk: SD_1_Old_MF_D_00000 68895
FabOnDisk: SD_1_Old_MF_D_00000 71869
FabOnDisk: SD_1_Old_MF_D_00000 74843
FabOnDisk: SD_1_Old_MF_D_00000 77818
FabOnDisk: SD_1_Old_MF_D_00000 79578
FabOnDisk: SD_1_Old_MF_D_00000 81336
FabOnDisk: SD_1_Old_MF_D_00000 83094
FabOnDisk: SD_1_Old_MF_D_00000 84853
FabOnDisk: SD_1_Old_MF_D_00000 85909
FabOnDisk: SD_1_Old_MF_D_00000 87669
FabOnDisk: SD_1_Old_MF_D_00000 88725
FabOnDisk: SD_1_Old_MF_D_00000 91701
FabOnDisk: SD_1_Old_MF_D_00000 94677
FabOnDisk: SD_1_Old_MF_D_00000 97653
FabOnDisk: SD_1_Old_MF_D_00000 100629
FabOnDisk: SD_1_Old_MF_D_00000 102389
FabOnDisk: SD_1_Old_MF_D_00000 104149
FabOnDisk: SD_1_Old_MF_D_00000 105909
FabOnDisk: SD_1_Old_MF_D_00000 107669
FabOnDisk: SD_1_Old_MF_D_00000 109429
FabOnDisk: SD_1_Old_MF_D_00000 110485
FabOnDisk: SD_1_Old_MF_D_00000 112245
FabOnDisk: SD_1_Old_MF_D_00000 115219
FabOnDisk: SD_1_Old_MF_D_00000 116977
FabOnDisk: SD_1_Old_MF_D_00000 118735
FabOnDisk: SD_1_Old_MF_D_00000 119789
FabOnDisk: SD_1_Old_MF_D_00000 122765
FabOnDisk: SD_1_Old_MF_D_00000 124525
FabOnDisk: SD_1_Old_MF_D_00000 125581
FabOnDisk: SD_1_Old_MF_D_00000 126637
FabOnDisk: SD_1_Old_MF_D_00000 129613
FabOnDisk: SD_1_Old_MF_D_00000 132589
FabOnDisk: SD_1_Old_MF_D_00000 135565
FabOnDisk: SD_1_Old_MF_D_00000 138541
FabOnDisk: SD_1_Old_MF_D_00000 140301
FabOnDisk: SD_1_Old_MF_D_00000 142061
FabOnDisk: SD_1_Old_MF_D_00000 143821
FabOnDisk: SD_1_Old_MF_D_00000 145581
FabOnDisk: SD_1_Old_MF_D_00000 147341
FabOnDisk: SD_1_Old_MF_D_00000 148397
FabOnDisk: SD_1_Old_MF_D_00000 150155
FabOnDisk: SD_1_Old_MF_D_00000 153129
FabOnDisk: SD_1_Old_MF_D_00000 156103
FabOnDisk: SD_1_Old_MF_D_00000 159077
FabOnDisk: SD_1_Old_MF_D_00000 162052
FabOnDisk: SD_1_Old_MF_D_00000 163812
FabOnDisk: SD_1_Old_MF_D_00000 165570
FabOnDisk: SD_1_Old_MF_D_00000 167328
FabOnDisk: SD_1_Old_MF_D_00000 169086
FabOnDisk: SD_1_Old_MF_D_00000 170845
FabOnDisk: SD_1_Old_MF_D_00000 171901
FabOnDisk: SD_1_Old_MF_D_00000 172957
FabOnDisk: SD_1_Old_MF_D_00000 175933
FabOnDisk: SD_1_Old_MF_D_00000 178909
FabOnDisk: SD_1_Old_MF_D_00000 181885
FabOnDisk: SD_1_Old_MF_D_00000 184861
FabOnDisk: SD_1_Old_MF_D_00000 187837
FabOnDisk: SD_1_Old_MF_D_00000 189597
FabOnDisk: SD_1_Old_MF_D_00000 192573
FabOnDisk: SD_1_Old_MF_D_00000 195549
FabOnDisk: SD_1_Old_MF_D_00000 198525
FabOnDisk: SD_1_Old_MF_D_00000 200285
FabOnDisk: SD_1_Old_MF_D_00000 203261
FabOnDisk: SD_1_Old_MF_D_00000 206237
FabOnDisk: SD_1_Old_MF_D_00000 209213
FabOnDisk: SD_1_Old_MF_D_00000 210973
FabOnDisk: SD_1_Old_MF_D_00000 212733
FabOnDisk: SD_1_Old_MF_D_00000 214493
FabOnDisk: SD_1_Old_MF_D_00000 216253
FabOnDisk: SD_1_Old_MF_D_00000 217309
FabOnDisk: SD_1_Old_MF_D_00000 220282
FabOnDisk: SD_1_Old_MF_D_00000 223256
FabOnDisk: SD_1_Old_MF_D_00000 226229
FabOnDisk: SD_1_Old_MF_D_00000 229203
FabOnDisk: SD_1_Old_MF_D_00000 232176
FabOnDisk: SD_1_Old_MF_D_00000 235150
FabOnDisk: SD_1_Old_MF_D_00000 236206
FabOnDisk: SD_1_Old_MF_D_00000 239182
FabOnDisk: SD_1_Old_MF_D_00000 242158
FabOnDisk: SD_1_Old_MF_D_00000 245132
FabOnDisk: SD_1_Old_MF_D_00000 248106
FabOnDisk: SD_1_Old_MF_D_00000 251080
FabOnDisk: SD_1_Old_MF_D_00000 254054
FabOnDisk: SD_1_Old_MF_D_00000 255814
FabOnDisk: SD_1_Old_MF_D_00000 257574
FabOnDisk: SD_1_Old_MF_D_00000 260550
FabOnDisk: SD_1_Old_MF_D_00000 262310
FabOnDisk: SD_1_Old_MF_D_00000 264070
FabOnDisk: SD_1_Old_MF_D_00000 265126
FabOnDisk: SD_1_Old_MF_D_00000 268100
FabOnDisk: SD_1_Old_MF_D_00000 269858
FabOnDisk: SD_1_Old_MF_D_00000 271618
FabOnDisk: SD_1_Old_MF_D_00000 274592
FabOnDisk: SD_1_Old_MF_D_00000 276350
FabOnDisk: SD_1_Old_MF_D_00000 279324
FabOnDisk: SD_1_Old_MF_D_00000 282298
FabOnDisk: SD_1_Old_MF_D_00000 284056
FabOnDisk: SD_1_Old_MF_D_00000 285814
FabOnDisk: SD_1_Old_MF_D_00000 287574
FabOnDisk: SD_1_Old_MF_D_00000 288630
FabOnDisk: SD_1_Old_MF_D_00000 291606
FabOnDisk: SD_1_Old_MF_D_00000 293366
FabOnDisk: SD_1_Old_MF_D_00000 295126
FabOnDisk: SD_1_Old_MF_D_00000 296182
FabOnDisk: SD_1_Old_MF_D_00000 299158
FabOnDisk: SD_1_Old_MF_D_00000 302134
FabOnDisk: SD_1_Old_MF_D_00000 303894
FabOnDisk: SD_1_Old_MF_D_00000 305654
FabOnDisk: SD_1_Old_MF_D_00000 307414
FabOnDisk: SD_1_Old_MF_D_00000 308470
FabOnDisk: SD_1_Old_MF_D_00000 311444
FabOnDisk: SD_1_Old_MF_D_00000 314418
FabOnDisk: SD_1_Old_MF_D_00000 316176
FabOnDisk: SD_1_Old_MF_D_00000 319150
FabOnDisk: SD_1_Old_MF_D_00000 322124

145,1
-4.0798746131197549e+02,
-3.0277399574264473e+02,
-4.5720335656736734e+02,
3.6904477931450310e+02,
4.6043120854602421e+01,
-2.8947867533699082e+02,
-9.1393689066408569e+02,
-9.1393689066408569e+02,
-3.5070427433764462e+02,
-3.8596481024617015e+02,
-4.6822131665987445e+02,
-1.1632813099703935e+03,
-5.1756261854877221e+02,
-1.1799145226433925e+03,
1.6095350881742343e+02,
-2.7042799797418729e+02,
1.5627216600554766e+02,
-3.9194052738708388e+02,
-1.9218714998125233e+02,
-4.2298590283130989e+02,
1.0658923426567981e+01,
1.4483827757370273e+02,
-3.8433594882781472e+02,
3.1015795252226144e+02,
7.7330183160740944e+02,
7.1383025246997386e+02,
3.7986554584462010e+02,
3.1285458695012312e+02,
-2.3419801030149756e+00,
-1.5304128841593410e+02,
7.4197448711133893e+02,
0.0000000000000000e+00,
-9.3121749655480016e+01,
-2.7960657553234842e+02,
8.8464229645980777e+02,
0.0000000000000000e+00,
0.0000000000000000e+00,
-3.3512058453500822e+02,
-3.5911442571258658e+02,
-3.8433594882781472e+02,
7.0564935689022604e+01,
-1.9635972320078645e+02,
-5.4339311077384491e+02,
-1.1430485985687801e+03,
-1.1993499697279417e+03,
2.9268418400856717e+01,
-2.1133538248909190e+02,
-5.4303527373260567e+02,
-9.3446272979749074e+02,
-1.1666323397624146e+03,
-1.2534471213583629e+02,
1.5638458391387976e+03,
1.1234120580647532e+03,
1.7697191270309713e+03,
1.3627612417451519e+03,
-3.0687894648949077e+02,
-1.9946048543266170e+02,
-1.0103002894560541e+02,
8.4584260798395917e+01,
-2.1700988464089596e+02,
-5.3682873989188329e+02,
-8.6740152211253508e+02,
-1.1163693234416610e+03,
-1.0625218484725447e+03,
-2.1675868834738549e+02,
-5.3024705303136170e+02,
-8.2677877601660975e+02,
-9.9582164428398892e+02,
-9.4510965506705679e+02,
1.2372974291122273e+03,
1.1410326854924451e+03,
8.0216116680400864e+02,
0.0000000000000000e+00,
-1.9269345319025615e+02,
-3.5081376643574640e+02,
1.0406098734018005e+03,
7.6817687561555886e+02,
2.0642333792555019e+02,
-1.1403678004078074e+02,
-2.8561304604845827e+02,
-2.5541505859423478e+02,
7.1140392009087009e+01,
-2.9339322692505448e+01,
-2.1229471903241756e+02,
-5.4942813189763183e+02,
-9.2255868129164674e+02,
-1.1269548724392848e+03,
-2.0929031541085897e+02,
-5.5749050486577744e+02,
-9.5731339590760399e+02,
-1.2125850731751962e+03,
-2.7180879946784034e+02,
-5.5728849526634031e+02,
-9.5261820865385835e+02,
-1.2034000255802634e+03,
-2.7629233834410479e+02,
-5.1948317449736942e+02,
-8.4247243956088732e+02,
-1.0737782130490068e+03,
2.0183253885547319e+03,
1.1703184148513019e+03,
1.7652116397614573e+03,
9.5436922930308901e+02,
1.5460634358794014e+03,
8.0197462134192119e+02,
-2.0352034007223483e+02,
-3.3447804231576220e+02,
-3.6499661480185841e+02,
2.6870971789905616e+02,
-2.8476531867546646e+02,
-6.0004641945069125e+01,
-3.3721554716114179e+02,
-3.6580340843665408e+02,
-3.6580340843665408e+02,
-3.1122583350105924e+02,
-3.1122583350105924e+02,
-1.6759351370415015e+02,
-3.2263598618950255e+02,
5.1800330801600921e+02,
4.3212716546262436e+02,
-2.2564083765611576e+02,
6.0042574691242407e+01,
1.5291541247092937e+01,
-1.1477136259217332e+02,
-6.2012908776406766e+02,
-2.4806601684544967e+02,
-6.2012908776406766e+02,
-2.3684482902131322e+02,
-2.8270408538398806e+02,
-3.0439474829929350e+02,
-4.8209045745335516e+02,
-2.7270596257036323e+02,
-4.7496072804616233e+02,
-6.1987829465404457e+02,
-7.9144112361384987e+02,
-9.0771557889829410e+02,
-4.1552088252878229e+02,
-6.7460383272957097e+02,
-8.7778700598691876e+02,
2.8389259863232110e+02,
-1.1669786209023550e+02,
-4.4929551457992375e+02,
-4.2701133523728549e+02,
-4.1276798318265992e+02,
-6.0830985063484241e+02,

145,1
4.3518618516161496e+02,
3.6904477931450310e+02,
4.6043120854602421e+01,
1.3815893057132471e+03,
1.3082360078972670e+03,
7.2250139039121314e+02,
-1.1417456904574692e+02,
-4.4889405700078851e+02,
3.1460770492179108e+02,
-2.3104524841553848e+02,
1.4789891669719191e+02,
-1.4694291940436960e+02,
9.0426962917875699e+01,
-4.6822131665987445e+02,
5.1080420242900891e+02,
1.6166949891978766e+02,
9.1666541704310930e+02,
2.0035863046570921e+02,
1.5857987380146733e+02,
-1.4325803422932177e+02,
2.0997079614918221e+02,
3.5688627735338378e+02,
-1.5304128841593410e+02,
1.8549038314015716e+03,
2.0410713617341053e+03,
1.1691736878328720e+03,
1.2853947385166257e+03,
7.4197448711133893e+02,
3.8295603008111448e+02,
1.9946040969767637e+01,
1.3662578780303129e+03,
8.8464229645980777e+02,
5.5213722150369995e+02,
1.9495510835214191e+01,
1.2980726139861081e+03,
8.9410751623063243e+02,
0.0000000000000000e+00,
0.0000000000000000e+00,
-1.2819572465585225e+02,
-1.2534471213583629e+02,
3.2613669952247801e+02,
8.0972599417438232e+01,
-3.4641152069580585e+01,
-5.1756261854877221e+02,
-9.3446272979749074e+02,
3.0498268200481289e+02,
8.4584260798395917e+01,
-1.9635972320078645e+02,
-5.3682873989188329e+02,
-8.6740152211253508e+02,
3.0498268200481289e+02,
2.5463790142378530e+03,
1.7697191270309713e+03,
2.5559100489328384e+03,
1.9349872204218800e+03,
1.0462783875836976e+01,
1.7932943433613218e+01,
1.2310013192121551e+02,
3.1782163541370710e+02,
9.2694110112997805e+01,
-2.1133538248909190e+02,
-5.2601107165986969e+02,
-7.9790038859070364e+02,
-7.1277776705317729e+02,
7.4966417179910877e+01,
-2.1229471903241756e+02,
-5.2602152479688948e+02,
-7.9852279938050560e+02,
-6.6669867933735850e+02,
1.7804571880927133e+03,
1.9035211519127160e+03,
1.2372974291122273e+03,
8.9062376215386485e+02,
4.6027918313860391e+02,
0.0000000000000000e+00,
1.5271793962499423e+03,
1.1410326854924451e+03,
8.0216116680400864e+02,
3.3449822639438025e+02,
1.4963743989390423e+01,
-1.4340703840506967e+02,
3.2507957166803681e+02,
3.1739852718139628e+02,
2.5484327769626407e+02,
-1.8862738371897740e+02,
-5.3024705303136170e+02,
-8.2677877601660975e+02,
3.0901351483909502e+02,
-1.8576072627086342e+02,
-5.4942813189763183e+02,
-9.2255868129164674e+02,
2.0858705815680150e+02,
-2.0929031541085897e+02,
-5.1948317449736942e+02,
-8.4247243956088732e+02,
-1.0624638745795664e+02,
-2.5631496070352887e+02,
-4.9754942287122594e+02,
-7.4133154923739494e+02,
2.9630644552779522e+03,
2.1954291646450656e+03,
2.9045770511806668e+03,
2.0183253885547319e+03,
2.6327908103172003e+03,
1.7652116397614573e+03,
-6.4585360503614538e+01,
1.7994663202420452e+02,
1.7994663202420452e+02,
1.1318399704156991e+03,
4.8536431931962034e+02,
9.9786592772495442e+02,
2.6870971789905616e+02,
5.0480045728510959e+01,
4.6291065794199312e+01,
2.6558689966334987e+02,
-8.5392984699067256e+01,
8.6184733714623690e+01,
-1.1215816671078301e+02,
1.0619152844489245e+03,
1.0101021275194298e+03,
4.9056471306845197e+01,
1.6052013788041040e+03,
8.0197462134192119e+02,
6.6495185821764881e+02,
1.9677378908168339e+02,
3.1864796803832905e+02,
-1.1477136259217332e+02,
-3.1674207971428586e+01,
-1.6743921411040901e+02,
1.6360096399467056e+02,
-2.5996539431927340e+02,
1.4555662538946126e+02,
-2.5214805533236313e+02,
-6.7499330406556510e+01,
-4.1552088252878229e+02,
-6.7460383272957097e+02,
-5.8775690572698295e+01,
-3.4888300935527786e+02,
-5.2839530670735166e+02,
1.4327847304826610e+03,
1.1781765268151858e+03,
5.7116188522459561e+02,
3.9157422865089757e+02,
2.8389259863232110e+02,
-1.1669786209023550e+02,

