1
1
4
4
(4 0
((80,240) (95,255) (0,0))
((96,240) (111,255) (0,0))
((80,256) (95,271) (0,0))
((96,256) (111,271) (0,0))
)
4
FabOnDisk: SD_0_Old_MF_D_00000 0
FabOnDisk: SD_0_Old_MF_D_00000 18518
FabOnDisk: SD_0_Old_MF_D_00000 37037
FabOnDisk: SD_0_Old_MF_D_00000 55555

4,4
-2.7955495642207120e+44,-2.7955495642207120e+44,9.9999999999999933e-01,0.0000000000000000e+00,
-2.7955495642207120e+44,-2.7955495642207120e+44,9.9999999999999822e-01,0.0000000000000000e+00,
-2.7955495642207120e+44,-2.7955495642207120e+44,9.9999999999999933e-01,0.0000000000000000e+00,
-2.7955495642207120e+44,-2.7955495642207120e+44,9.9999999999999900e-01,0.0000000000000000e+00,

4,4
3.0781141781087803e+02,3.5266851982645974e+04,1.0000000000000000e+40,2.8523414234477833e-11,
2.5867619116114150e+02,2.2377813332989061e+02,1.0000000000000000e+40,2.4173604470121217e-11,
3.0781141781087535e+02,1.8234955314168434e+02,1.0000000000000000e+40,2.8614746788117714e-11,
2.5867619116114633e+02,3.5283054622329473e+04,1.0000000000000000e+40,2.5405270404080646e-11,

