1
1
1
1
(56 0
((0,80) (16,96) (1,1))
((16,80) (32,96) (1,1))
((32,80) (48,96) (1,1))
((48,80) (64,96) (1,1))
((64,80) (80,96) (1,1))
((80,80) (96,96) (1,1))
((96,80) (112,96) (1,1))
((112,80) (120,96) (1,1))
((0,96) (16,112) (1,1))
((16,96) (32,112) (1,1))
((32,96) (48,112) (1,1))
((48,96) (64,112) (1,1))
((64,96) (80,112) (1,1))
((80,96) (96,112) (1,1))
((96,96) (112,112) (1,1))
((112,96) (120,112) (1,1))
((0,112) (16,128) (1,1))
((16,112) (32,128) (1,1))
((32,112) (48,128) (1,1))
((48,112) (64,128) (1,1))
((64,112) (80,128) (1,1))
((80,112) (96,128) (1,1))
((96,112) (112,128) (1,1))
((112,112) (120,128) (1,1))
((0,128) (16,144) (1,1))
((16,128) (32,144) (1,1))
((32,128) (48,144) (1,1))
((48,128) (64,144) (1,1))
((64,128) (80,144) (1,1))
((80,128) (96,144) (1,1))
((96,128) (112,144) (1,1))
((112,128) (120,144) (1,1))
((0,144) (16,160) (1,1))
((16,144) (32,160) (1,1))
((32,144) (48,160) (1,1))
((48,144) (64,160) (1,1))
((64,144) (80,160) (1,1))
((80,144) (96,160) (1,1))
((96,144) (112,160) (1,1))
((112,144) (120,160) (1,1))
((0,160) (16,176) (1,1))
((16,160) (32,176) (1,1))
((32,160) (48,176) (1,1))
((48,160) (64,176) (1,1))
((64,160) (80,176) (1,1))
((80,160) (96,176) (1,1))
((96,160) (112,176) (1,1))
((112,160) (120,176) (1,1))
((0,176) (16,184) (1,1))
((16,176) (32,184) (1,1))
((32,176) (48,184) (1,1))
((48,176) (64,184) (1,1))
((64,176) (80,184) (1,1))
((80,176) (96,184) (1,1))
((96,176) (112,184) (1,1))
((112,176) (120,184) (1,1))
)
56
FabOnDisk: SD_1_Old_MF_D_00000 0
FabOnDisk: SD_1_Old_MF_D_00000 2972
FabOnDisk: SD_1_Old_MF_D_00000 5944
FabOnDisk: SD_1_Old_MF_D_00000 8916
FabOnDisk: SD_1_Old_MF_D_00000 11888
FabOnDisk: SD_1_Old_MF_D_00000 14860
FabOnDisk: SD_1_Old_MF_D_00000 17832
FabOnDisk: SD_1_Old_MF_D_00000 20805
FabOnDisk: SD_1_Old_MF_D_00000 22563
FabOnDisk: SD_1_Old_MF_D_00000 25536
FabOnDisk: SD_1_Old_MF_D_00000 28509
FabOnDisk: SD_1_Old_MF_D_00000 31482
FabOnDisk: SD_1_Old_MF_D_00000 34455
FabOnDisk: SD_1_Old_MF_D_00000 37428
FabOnDisk: SD_1_Old_MF_D_00000 40401
FabOnDisk: SD_1_Old_MF_D_00000 43375
FabOnDisk: SD_1_Old_MF_D_00000 45134
FabOnDisk: SD_1_Old_MF_D_00000 48108
FabOnDisk: SD_1_Old_MF_D_00000 51082
FabOnDisk: SD_1_Old_MF_D_00000 54056
FabOnDisk: SD_1_Old_MF_D_00000 57030
FabOnDisk: SD_1_Old_MF_D_00000 60004
FabOnDisk: SD_1_Old_MF_D_00000 62978
FabOnDisk: SD_1_Old_MF_D_00000 65953
FabOnDisk: SD_1_Old_MF_D_00000 67713
FabOnDisk: SD_1_Old_MF_D_00000 70687
FabOnDisk: SD_1_Old_MF_D_00000 73661
FabOnDisk: SD_1_Old_MF_D_00000 76635
FabOnDisk: SD_1_Old_MF_D_00000 79609
FabOnDisk: SD_1_Old_MF_D_00000 82583
FabOnDisk: SD_1_Old_MF_D_00000 85557
FabOnDisk: SD_1_Old_MF_D_00000 88532
FabOnDisk: SD_1_Old_MF_D_00000 90292
FabOnDisk: SD_1_Old_MF_D_00000 93266
FabOnDisk: SD_1_Old_MF_D_00000 96240
FabOnDisk: SD_1_Old_MF_D_00000 99214
FabOnDisk: SD_1_Old_MF_D_00000 102188
FabOnDisk: SD_1_Old_MF_D_00000 105162
FabOnDisk: SD_1_Old_MF_D_00000 108136
FabOnDisk: SD_1_Old_MF_D_00000 111111
FabOnDisk: SD_1_Old_MF_D_00000 112871
FabOnDisk: SD_1_Old_MF_D_00000 115845
FabOnDisk: SD_1_Old_MF_D_00000 118819
FabOnDisk: SD_1_Old_MF_D_00000 121793
FabOnDisk: SD_1_Old_MF_D_00000 124767
FabOnDisk: SD_1_Old_MF_D_00000 127741
FabOnDisk: SD_1_Old_MF_D_00000 130715
FabOnDisk: SD_1_Old_MF_D_00000 133690
FabOnDisk: SD_1_Old_MF_D_00000 135450
FabOnDisk: SD_1_Old_MF_D_00000 137208
FabOnDisk: SD_1_Old_MF_D_00000 138966
FabOnDisk: SD_1_Old_MF_D_00000 140724
FabOnDisk: SD_1_Old_MF_D_00000 142482
FabOnDisk: SD_1_Old_MF_D_00000 144240
FabOnDisk: SD_1_Old_MF_D_00000 145998
FabOnDisk: SD_1_Old_MF_D_00000 147757

56,1
4.2205139185427070e+03,
4.0215044739406367e+03,
4.3407762168920617e+03,
3.9327879056332599e+03,
3.7213083250988066e+03,
3.5610649051298687e+03,
2.7946815392822136e+03,
3.1637256992232533e+03,
4.8342239184985956e+03,
4.1736128664236430e+03,
4.3503464296566935e+03,
3.7934071983098074e+03,
3.7946142496823450e+03,
3.4219424159595674e+03,
2.6843618015180432e+03,
2.7313629062347113e+03,
5.8747719017286954e+03,
5.1491187664956278e+03,
-9.0888119593258776e-01,
-3.6321862276802150e+00,
3.9135777177137675e+03,
3.4237132723583168e+03,
2.6952126634869592e+03,
2.7313629062347113e+03,
5.8107694796813912e+03,
5.2272827599789762e+03,
-9.3676391232876166e-01,
-2.8861587692969866e+00,
3.7371081867658813e+03,
3.4387818160396214e+03,
2.7498234562992407e+03,
2.8202776581207286e+03,
5.2889003052485341e+03,
4.5081791580010686e+03,
3.6764914696447922e+03,
3.8151043153448563e+03,
3.5733633457285027e+03,
3.4407746092067150e+03,
2.7635243778748272e+03,
2.8319201585569099e+03,
4.0890986496557143e+03,
3.7708320400076423e+03,
3.6252056754651599e+03,
3.8488500544844101e+03,
3.5686349500455885e+03,
3.5097578563067323e+03,
3.0512577124324416e+03,
3.0512577124324416e+03,
4.0079507967758168e+03,
3.7708320400076423e+03,
3.9323451672609781e+03,
3.9332967005710448e+03,
3.9040062990585202e+03,
3.7562729704717794e+03,
3.3328092648313182e+03,
3.3328092648313182e+03,

56,1
5.3679849256014768e+03,
4.8342239184985956e+03,
4.7314575887857472e+03,
4.3998442616141929e+03,
4.1989033704849808e+03,
4.2563715932096720e+03,
3.8544861595813513e+03,
3.9276578814994859e+03,
6.4055551482397432e+03,
5.8747719017286954e+03,
5.1491187664956278e+03,
4.4988455464365661e+03,
4.4506041011178268e+03,
4.2563715932096720e+03,
3.5610649051298687e+03,
3.9305198738602830e+03,
6.9292108842311436e+03,
6.2917529010360176e+03,
5.4056922366336357e+03,
4.4728761649516937e+03,
4.4353810946305657e+03,
4.1624122275069240e+03,
3.4516024236817639e+03,
3.8508373475718518e+03,
7.3241304025356067e+03,
6.3015647002573323e+03,
5.4303243248509298e+03,
4.3203959970420538e+03,
4.4251590114721103e+03,
4.3742260524026578e+03,
3.4507871255715581e+03,
3.9753433677925136e+03,
7.1573652721845428e+03,
5.8107694796813912e+03,
5.4077919270543371e+03,
4.4056560114897848e+03,
4.4056560114897848e+03,
4.2732538400220819e+03,
3.5662290125345253e+03,
4.0371001592121006e+03,
5.9373849443266163e+03,
5.2889003052485341e+03,
4.5714272980825808e+03,
4.0647108905848804e+03,
4.2786134797368486e+03,
3.9128750480951808e+03,
3.7562729704717794e+03,
4.0278483714682693e+03,
4.5803972457625705e+03,
4.4110980858445655e+03,
4.3150806783835696e+03,
4.2330236073885799e+03,
4.1451817279453717e+03,
4.0089108592380039e+03,
3.8684281017809835e+03,
3.9712546663836533e+03,

