1
1
2
4
(56 0
((0,80) (15,95) (0,0))
((16,80) (31,95) (0,0))
((32,80) (47,95) (0,0))
((48,80) (63,95) (0,0))
((64,80) (79,95) (0,0))
((80,80) (95,95) (0,0))
((96,80) (111,95) (0,0))
((112,80) (119,95) (0,0))
((0,96) (15,111) (0,0))
((16,96) (31,111) (0,0))
((32,96) (47,111) (0,0))
((48,96) (63,111) (0,0))
((64,96) (79,111) (0,0))
((80,96) (95,111) (0,0))
((96,96) (111,111) (0,0))
((112,96) (119,111) (0,0))
((0,112) (15,127) (0,0))
((16,112) (31,127) (0,0))
((32,112) (47,127) (0,0))
((48,112) (63,127) (0,0))
((64,112) (79,127) (0,0))
((80,112) (95,127) (0,0))
((96,112) (111,127) (0,0))
((112,112) (119,127) (0,0))
((0,128) (15,143) (0,0))
((16,128) (31,143) (0,0))
((32,128) (47,143) (0,0))
((48,128) (63,143) (0,0))
((64,128) (79,143) (0,0))
((80,128) (95,143) (0,0))
((96,128) (111,143) (0,0))
((112,128) (119,143) (0,0))
((0,144) (15,159) (0,0))
((16,144) (31,159) (0,0))
((32,144) (47,159) (0,0))
((48,144) (63,159) (0,0))
((64,144) (79,159) (0,0))
((80,144) (95,159) (0,0))
((96,144) (111,159) (0,0))
((112,144) (119,159) (0,0))
((0,160) (15,175) (0,0))
((16,160) (31,175) (0,0))
((32,160) (47,175) (0,0))
((48,160) (63,175) (0,0))
((64,160) (79,175) (0,0))
((80,160) (95,175) (0,0))
((96,160) (111,175) (0,0))
((112,160) (119,175) (0,0))
((0,176) (15,183) (0,0))
((16,176) (31,183) (0,0))
((32,176) (47,183) (0,0))
((48,176) (63,183) (0,0))
((64,176) (79,183) (0,0))
((80,176) (95,183) (0,0))
((96,176) (111,183) (0,0))
((112,176) (119,183) (0,0))
)
56
FabOnDisk: SD_2_New_MF_D_00000 0
FabOnDisk: SD_2_New_MF_D_00000 9300
FabOnDisk: SD_2_New_MF_D_00000 18600
FabOnDisk: SD_2_New_MF_D_00000 27900
FabOnDisk: SD_2_New_MF_D_00000 37200
FabOnDisk: SD_2_New_MF_D_00000 46500
FabOnDisk: SD_2_New_MF_D_00000 55800
FabOnDisk: SD_2_New_MF_D_00000 65101
FabOnDisk: SD_2_New_MF_D_00000 71331
FabOnDisk: SD_2_New_MF_D_00000 80632
FabOnDisk: SD_2_New_MF_D_00000 89933
FabOnDisk: SD_2_New_MF_D_00000 99234
FabOnDisk: SD_2_New_MF_D_00000 108535
FabOnDisk: SD_2_New_MF_D_00000 117836
FabOnDisk: SD_2_New_MF_D_00000 127137
FabOnDisk: SD_2_New_MF_D_00000 136439
FabOnDisk: SD_2_New_MF_D_00000 142670
FabOnDisk: SD_2_New_MF_D_00000 151972
FabOnDisk: SD_2_New_MF_D_00000 161274
FabOnDisk: SD_2_New_MF_D_00000 170576
FabOnDisk: SD_2_New_MF_D_00000 179878
FabOnDisk: SD_2_New_MF_D_00000 189180
FabOnDisk: SD_2_New_MF_D_00000 198482
FabOnDisk: SD_2_New_MF_D_00000 207785
FabOnDisk: SD_2_New_MF_D_00000 214017
FabOnDisk: SD_2_New_MF_D_00000 223319
FabOnDisk: SD_2_New_MF_D_00000 232621
FabOnDisk: SD_2_New_MF_D_00000 241923
FabOnDisk: SD_2_New_MF_D_00000 251225
FabOnDisk: SD_2_New_MF_D_00000 260527
FabOnDisk: SD_2_New_MF_D_00000 269829
FabOnDisk: SD_2_New_MF_D_00000 279132
FabOnDisk: SD_2_New_MF_D_00000 285364
FabOnDisk: SD_2_New_MF_D_00000 294666
FabOnDisk: SD_2_New_MF_D_00000 303968
FabOnDisk: SD_2_New_MF_D_00000 313270
FabOnDisk: SD_2_New_MF_D_00000 322572
FabOnDisk: SD_2_New_MF_D_00000 331874
FabOnDisk: SD_2_New_MF_D_00000 341176
FabOnDisk: SD_2_New_MF_D_00000 350479
FabOnDisk: SD_2_New_MF_D_00000 356711
FabOnDisk: SD_2_New_MF_D_00000 366013
FabOnDisk: SD_2_New_MF_D_00000 375315
FabOnDisk: SD_2_New_MF_D_00000 384617
FabOnDisk: SD_2_New_MF_D_00000 393919
FabOnDisk: SD_2_New_MF_D_00000 403221
FabOnDisk: SD_2_New_MF_D_00000 412523
FabOnDisk: SD_2_New_MF_D_00000 421826
FabOnDisk: SD_2_New_MF_D_00000 428058
FabOnDisk: SD_2_New_MF_D_00000 434288
FabOnDisk: SD_2_New_MF_D_00000 440518
FabOnDisk: SD_2_New_MF_D_00000 446748
FabOnDisk: SD_2_New_MF_D_00000 452978
FabOnDisk: SD_2_New_MF_D_00000 459208
FabOnDisk: SD_2_New_MF_D_00000 465438
FabOnDisk: SD_2_New_MF_D_00000 471669

56,2
-1.4091157035938026e+06,-1.6767776547681998e+07,
-1.6157430037304203e+06,-8.0905532775581870e+06,
-5.2669265636977963e+06,-6.5894521777431797e+06,
-7.7946376536984276e+06,-6.4328407297837306e+06,
-7.5340465307515850e+06,-8.7127059843003638e+06,
-5.0508948555519683e+06,-6.1690858473031279e+06,
-4.1388870791997225e+06,-5.9345477480236553e+06,
-2.4911283340077163e+06,-8.4520782212014229e+05,
-3.8764668788972129e+06,-1.4826429398475137e+07,
-1.8241176813004753e+06,-1.0019453845320450e+07,
-7.4863978333492996e+06,-8.5271458759746328e+06,
-1.3075468791653740e+06,-8.8786460835404776e+05,
-1.1150129422933765e+07,-9.5115445031626411e+06,
-1.9996804669268688e+06,-2.9957971512762862e+06,
-2.2442229794409096e+07,-6.7383323549807444e+05,
-3.4523732925546691e+06,-1.6913277184538002e+05,
-5.2971869577119593e+06,-1.1293069505294353e+07,
-2.4781407702426529e+06,-6.2432569895377588e+06,
9.6456243654796581e+03,-1.9532159077931679e+05,
-8.4532753928369023e+06,-2.6716994949838794e+06,
-6.8403963234693911e+06,-2.0641644524570585e+06,
9.2235797703206670e+04,-1.3297804720690146e+04,
-2.2494206894674663e+07,-2.6176121725877625e+05,
-4.3505977247118754e+06,-7.5116756309643970e+05,
-5.6126592631215369e+06,-2.1771240513182343e+06,
1.0360150448431163e+04,-4.2276168265958382e+06,
1.1150224727596049e+04,-1.1474910369952377e+05,
-1.2158496488517730e+07,-7.8169764681113977e+06,
-1.3687963989432719e+07,-2.2198153532688543e+06,
7.6467431246679364e+04,-1.9857125412252636e+05,
-1.6952861753428239e+07,-3.6408149013588442e+06,
-3.4148064124510619e+06,-7.1705212688913033e+05,
-2.0666698804698274e+06,4.7635725924410508e+03,
-1.7183968168014688e+06,-2.4768694690915346e+06,
-1.2176327195186473e+06,8.4536200199327595e+03,
-8.5307993626717776e+06,-1.3361415473814993e+06,
-1.2199610888872666e+07,-7.1017365593447979e+05,
-1.0137650805119316e+06,-9.1758480454428028e+05,
-1.6000027863582518e+07,-2.6341795853536935e+06,
-3.3891335014869734e+06,-4.7515974885948171e+05,
-1.4980121833499516e+06,1.5375413224810219e+05,
-3.5940784559741723e+06,-2.0649748315536780e+06,
-5.7175439210116491e+06,-6.7986764804377151e+05,
-4.8102084990987731e+06,-9.0814371279663465e+05,
-1.1372495692210365e+06,-5.2628607022980286e+05,
-3.6916332767569413e+06,-1.8412925289887860e+06,
-3.9423259153078427e+06,-3.5784985573452096e+06,
-3.6605103533709124e+06,-3.0744125002958793e+06,
-7.3257571623273871e+03,8.6888755527954170e+04,
-6.0246091045931540e+05,-9.0685764242869779e+05,
8.4737307152834069e+05,1.0560303674640763e+06,
7.6025469598255469e+05,1.1000175517196977e+06,
6.2491664568018552e+05,8.5774035007346561e+05,
3.7975291266399162e+05,9.8963266367228865e+05,
-1.0567077241891602e+05,-1.5495266115658588e+05,
-9.0077338630043343e+05,-4.3846021735041519e+05,

56,2
5.0759256935785664e+06,-9.4559524323117774e+04,
6.2665201886484148e+06,8.4898359129267093e+05,
3.9380896552601596e+06,3.5296723741693487e+06,
2.0787389023230290e+06,5.6557419264025870e+05,
4.0325687565335329e+06,2.5956004732910222e+06,
4.8571961580784777e+06,5.5362467063806029e+06,
4.3802909292991469e+06,2.9317986868475531e+06,
-4.3241106111949761e+04,1.6882412564235507e+06,
9.1988903472752124e+06,-1.4562879222807460e+05,
2.9504841887890338e+06,-7.3018282960478333e+04,
3.4126440779602192e+06,1.3995040531278136e+06,
4.8788896119778825e+05,1.8795497256884037e+06,
7.3453067295654817e+05,5.2884926087412545e+06,
2.5990119957657317e+06,1.7154437441775005e+06,
3.6872853129101743e+05,5.4959270588977225e+06,
-1.8590081503433478e+06,8.9229748194826627e+05,
2.0150385499323842e+06,2.0597249577144219e+06,
5.0122427036155043e+06,3.3849755158408661e+06,
1.0000000000000000e+40,1.0000000000000000e+40,
1.0000000000000000e+40,1.0000000000000000e+40,
2.0291083297298939e+05,3.2190646745223957e+06,
1.4805907017845864e+05,1.7524814678055867e+04,
2.5377195193761672e+05,1.2170641916015749e+06,
-4.3284812719416368e+04,8.9640529634314962e+05,
4.7128957721659364e+06,1.1497600874703173e+07,
7.7324026132782362e+06,3.5778690939889466e+06,
1.0000000000000000e+40,1.0000000000000000e+40,
1.0000000000000000e+40,1.0000000000000000e+40,
2.4730439737450407e+05,7.8988437486017263e+06,
3.1753479567100236e+05,1.2232230125318549e+05,
2.1540420659004900e+05,1.8101784634796277e+05,
-2.5149186369093619e+06,1.2491111109393515e+05,
2.0519987607329357e+06,1.4382649389151530e+07,
6.7081116868001278e+06,7.6104703079161020e+06,
4.2603342052703083e+05,1.4770904037131944e+06,
3.0839990685480949e+05,4.6842617414005967e+06,
2.9416097624937369e+05,6.4277769610726126e+06,
1.2829155205507891e+06,1.8823519343965515e+06,
1.4759703602608000e+06,1.9951986817389280e+06,
-2.1598332366554406e+06,8.7373311525192834e+05,
1.2880354006856172e+06,1.3980118749781182e+07,
1.7319796951799861e+06,8.9321168566715512e+06,
3.3268179392436729e+05,4.6453680525955902e+06,
1.8678287607240127e+06,7.4009543465612065e+06,
2.5456556407250036e+06,3.1516660907967528e+06,
9.4919780795560405e+05,4.8308729549083952e+06,
4.3670684808997102e+06,4.3969598129528910e+06,
8.7967462852902012e+04,5.4084450802686857e+05,
3.0998633170434390e+06,8.4289888008236662e+06,
2.6226174176442223e+06,2.6275114889184735e+06,
1.3323744408837426e+06,1.8956522771985759e+06,
1.0565450239811498e+06,1.3689385375675345e+06,
1.1596506106685153e+06,1.3048078387906486e+06,
1.4051265805828955e+06,1.9847926586618344e+06,
1.5997209966802958e+06,1.6440879922376461e+06,
1.7006498141548663e+05,1.0070713081383692e+06,

