1
1
2
4
(4 0
((80,240) (95,255) (0,0))
((96,240) (111,255) (0,0))
((80,256) (95,271) (0,0))
((96,256) (111,271) (0,0))
)
4
FabOnDisk: SD_2_New_MF_D_00000 0
FabOnDisk: SD_2_New_MF_D_00000 9302
FabOnDisk: SD_2_New_MF_D_00000 18605
FabOnDisk: SD_2_New_MF_D_00000 27907

4,2
-2.0366918518563657e+03,-1.7610404909900376e+03,
-2.0463385864176200e+02,-2.1855346999197395e+03,
-2.0366918518401417e+03,-8.8805355259263331e+02,
-2.0463385864176735e+02,-1.6765308179159185e+03,

4,2
2.8116749293723450e+02,8.8805355259310215e+02,
2.9873342605720550e+03,1.6765308178354496e+03,
2.8116749293723575e+02,1.7610404909900544e+03,
2.9873342605724847e+03,2.1855346999197473e+03,

