1
1
9
0
(64 0
((0,0) (15,15) (0,0))
((16,0) (31,15) (0,0))
((32,0) (47,15) (0,0))
((48,0) (63,15) (0,0))
((64,0) (79,15) (0,0))
((80,0) (95,15) (0,0))
((96,0) (111,15) (0,0))
((112,0) (127,15) (0,0))
((0,16) (15,31) (0,0))
((16,16) (31,31) (0,0))
((32,16) (47,31) (0,0))
((48,16) (63,31) (0,0))
((64,16) (79,31) (0,0))
((80,16) (95,31) (0,0))
((96,16) (111,31) (0,0))
((112,16) (127,31) (0,0))
((0,32) (15,47) (0,0))
((16,32) (31,47) (0,0))
((32,32) (47,47) (0,0))
((48,32) (63,47) (0,0))
((64,32) (79,47) (0,0))
((80,32) (95,47) (0,0))
((96,32) (111,47) (0,0))
((112,32) (127,47) (0,0))
((0,48) (15,63) (0,0))
((16,48) (31,63) (0,0))
((32,48) (47,63) (0,0))
((48,48) (63,63) (0,0))
((64,48) (79,63) (0,0))
((80,48) (95,63) (0,0))
((96,48) (111,63) (0,0))
((112,48) (127,63) (0,0))
((0,64) (15,79) (0,0))
((16,64) (31,79) (0,0))
((32,64) (47,79) (0,0))
((48,64) (63,79) (0,0))
((64,64) (79,79) (0,0))
((80,64) (95,79) (0,0))
((96,64) (111,79) (0,0))
((112,64) (127,79) (0,0))
((0,80) (15,95) (0,0))
((16,80) (31,95) (0,0))
((32,80) (47,95) (0,0))
((48,80) (63,95) (0,0))
((64,80) (79,95) (0,0))
((80,80) (95,95) (0,0))
((96,80) (111,95) (0,0))
((112,80) (127,95) (0,0))
((0,96) (15,111) (0,0))
((16,96) (31,111) (0,0))
((32,96) (47,111) (0,0))
((48,96) (63,111) (0,0))
((64,96) (79,111) (0,0))
((80,96) (95,111) (0,0))
((96,96) (111,111) (0,0))
((112,96) (127,111) (0,0))
((0,112) (15,127) (0,0))
((16,112) (31,127) (0,0))
((32,112) (47,127) (0,0))
((48,112) (63,127) (0,0))
((64,112) (79,127) (0,0))
((80,112) (95,127) (0,0))
((96,112) (111,127) (0,0))
((112,112) (127,127) (0,0))
)
64
FabOnDisk: Cell_D_00000 0
FabOnDisk: Cell_D_00000 18514
FabOnDisk: Cell_D_00000 37029
FabOnDisk: Cell_D_00000 55544
FabOnDisk: Cell_D_00000 74059
FabOnDisk: Cell_D_00000 92574
FabOnDisk: Cell_D_00000 111089
FabOnDisk: Cell_D_00000 129605
FabOnDisk: Cell_D_00000 148122
FabOnDisk: Cell_D_00000 166637
FabOnDisk: Cell_D_00000 185153
FabOnDisk: Cell_D_00000 203669
FabOnDisk: Cell_D_00000 222185
FabOnDisk: Cell_D_00000 240701
FabOnDisk: Cell_D_00000 259217
FabOnDisk: Cell_D_00000 277734
FabOnDisk: Cell_D_00000 296252
FabOnDisk: Cell_D_00000 314767
FabOnDisk: Cell_D_00000 333283
FabOnDisk: Cell_D_00000 351799
FabOnDisk: Cell_D_00000 370315
FabOnDisk: Cell_D_00000 388831
FabOnDisk: Cell_D_00000 407347
FabOnDisk: Cell_D_00000 425864
FabOnDisk: Cell_D_00000 444382
FabOnDisk: Cell_D_00000 462897
FabOnDisk: Cell_D_00000 481413
FabOnDisk: Cell_D_00000 499929
FabOnDisk: Cell_D_00000 518445
FabOnDisk: Cell_D_00000 536961
FabOnDisk: Cell_D_00000 555477
FabOnDisk: Cell_D_00000 573994
FabOnDisk: Cell_D_00000 592512
FabOnDisk: Cell_D_00000 611027
FabOnDisk: Cell_D_00000 629543
FabOnDisk: Cell_D_00000 648059
FabOnDisk: Cell_D_00000 666575
FabOnDisk: Cell_D_00000 685091
FabOnDisk: Cell_D_00000 703607
FabOnDisk: Cell_D_00000 722124
FabOnDisk: Cell_D_00000 740642
FabOnDisk: Cell_D_00000 759157
FabOnDisk: Cell_D_00000 777673
FabOnDisk: Cell_D_00000 796189
FabOnDisk: Cell_D_00000 814705
FabOnDisk: Cell_D_00000 833221
FabOnDisk: Cell_D_00000 851737
FabOnDisk: Cell_D_00000 870254
FabOnDisk: Cell_D_00000 888772
FabOnDisk: Cell_D_00000 907288
FabOnDisk: Cell_D_00000 925805
FabOnDisk: Cell_D_00000 944322
FabOnDisk: Cell_D_00000 962839
FabOnDisk: Cell_D_00000 981356
FabOnDisk: Cell_D_00000 999873
FabOnDisk: Cell_D_00000 1018391
FabOnDisk: Cell_D_00000 1036910
FabOnDisk: Cell_D_00000 1055427
FabOnDisk: Cell_D_00000 1073945
FabOnDisk: Cell_D_00000 1092463
FabOnDisk: Cell_D_00000 1110981
FabOnDisk: Cell_D_00000 1129499
FabOnDisk: Cell_D_00000 1148017
FabOnDisk: Cell_D_00000 1166536

64,9
1.0000043273287680e+00,-6.5091878975670559e-03,9.9999999999993561e-01,4.4940116262308000e-15,-5.7194062691278691e-01,6.8466572117998475e-03,5.3369178055851039e-04,9.0538231238145098e-03,1.0000000000000000e+00,
1.0030593945295825e+00,-5.9113874886568898e-03,9.9999999999988354e-01,1.4474376552377912e-13,-6.2149621276506739e-01,-1.9120592191744240e-01,7.2941113229757146e-05,4.2753599539199529e-03,1.0000000000000000e+00,
1.0062056458438440e+00,-1.0192260186446885e-03,9.9999999999989064e-01,2.8363198825534394e-13,-4.6479519730265473e-01,-2.3366825244270395e-01,1.7355921005934860e-07,1.1101284885149569e-03,1.0000000000000000e+00,
1.0039009540021777e+00,5.3757212588939935e-05,9.9999999999997524e-01,4.1198040344821987e-13,-1.9923085253382661e-01,-1.8519659398177798e-01,2.7843498793915511e-06,2.5343417905787240e-04,1.0000000000000000e+00,
1.0018955068562263e+00,4.6625698487507893e-05,9.9999999999999367e-01,5.2471460880190230e-13,-7.1220212235514460e-02,-7.1070256908154189e-02,9.9641847141774403e-06,7.4027803188100069e-05,1.0000000000000000e+00,
1.0008900222297545e+00,2.5238298731534336e-05,9.9999999999997347e-01,6.1737037591643881e-13,-2.1409954463028263e-02,-2.0465400680169839e-02,1.6523506055163978e-08,2.8095878348138161e-05,1.0000000000000000e+00,
1.0004311401205812e+00,1.1737822771311996e-05,9.9999999999992017e-01,6.8624420851809018e-13,-6.3935296560808669e-03,-5.5863737491076574e-03,8.9969527569113902e-07,1.1250925942705157e-05,1.0000000000000000e+00,
1.0002480361766779e+00,3.6712674045897821e-06,9.9999999999978428e-01,7.2848332866921087e-13,-8.0516075290903242e-03,-1.5347853561109275e-03,2.4630118446351563e-07,1.8131921133834575e-06,1.0000000000000000e+00,
1.0000078221666708e+00,-2.0215325740788381e-02,9.9999999999991829e-01,4.4941241177434908e-15,-1.8200031498681197e+00,2.4775450169650765e-01,2.1369612044529196e-02,1.0273941669280244e-02,1.0000000000000000e+00,
1.0048564186371656e+00,-1.7703423218234465e-02,9.9999999999999312e-01,1.4695154211207142e-13,-1.8712878029387483e+00,-1.0924562150083930e+00,4.1638993451467016e-04,-9.0395373739988766e-04,1.0000000000000000e+00,
1.0070882523137561e+00,-1.0502062372423856e-03,1.0000000000000011e+00,2.8509854061804857e-13,-6.1648075812339376e-01,-1.0901046216788357e+00,5.6425331067255780e-06,-2.5708431642443605e-03,1.0000000000000000e+00,
1.0021734132204188e+00,2.3409549286941161e-03,1.0000000000000036e+00,4.1297069994576273e-13,-1.4290118764024792e-01,-3.8405879571397006e-01,1.0313517407496697e-04,-1.9271328047121481e-03,1.0000000000000000e+00,
1.0005081740493589e+00,1.5156630852781968e-03,1.0000000000000027e+00,5.2534172030894722e-13,-2.6620359137588423e-02,-8.4919586031687727e-02,5.2258023429396783e-07,-5.5303433092698622e-04,1.0000000000000000e+00,
1.0001232872384835e+00,7.8030886665441757e-04,1.0000000000000013e+00,6.1774697752785147e-13,-5.6119872080218468e-03,-2.1873747626051671e-02,5.4079270193907458e-07,-1.2247718407671222e-04,1.0000000000000000e+00,
1.0000339961229412e+00,3.5446245773997168e-04,1.0000000000000009e+00,6.8646288004294288e-13,-1.9353033632129148e-03,-5.8866807788536119e-03,2.4237442590967218e-05,-2.5313605379692251e-05,1.0000000000000000e+00,
1.0000125084433820e+00,1.0996500239089005e-04,9.9999999999999478e-01,7.2861321173254209e-13,-5.5196122533874431e-03,-1.6575894986000617e-03,3.9645966652852860e-08,-4.7791242566132938e-06,1.0000000000000000e+00,
1.0000254451167894e+00,-6.0626002787442367e-02,9.9999999999991795e-01,4.4348055337652702e-15,-8.9045358937480241e+00,6.4394221502742410e-01,1.7143674841951784e-02,1.4482048495310059e-02,1.0000000000000000e+00,
1.0135883550549565e+00,-5.7523207717250419e-02,9.9999999999996936e-01,1.4593861337333371e-13,-1.0788090160058831e+01,-9.9649855067159994e+00,5.4595872544527246e-04,-3.5306023583328336e-02,1.0000000000000000e+00,
9.9893085307951723e-01,1.7115286091989057e-03,9.9999999999998390e-01,2.8567124834437362e-13,-5.9790218331271783e-01,-6.0584534239070171e+00,4.5170125373417136e-05,-3.0429030276243271e-02,1.0000000000000000e+00,
9.9613214339180745e-01,5.4601705671376566e-03,9.9999999999999478e-01,4.1366090464566729e-13,8.2937553827690552e-02,-3.8043478321131952e-01,1.4796168602837501e-05,-4.0008913825525559e-03,1.0000000000000000e+00,
9.9668417571586043e-01,2.4158131807301498e-03,9.9999999999999745e-01,5.2579006722936331e-13,1.1165873887748909e-02,-5.4346240561359768e-02,1.7105324920385634e-06,-6.9581149049968488e-04,1.0000000000000000e+00,
9.9829233879830614e-01,9.6709732983163584e-04,9.9999999999999811e-01,6.1798513300267171e-13,2.8294262767326181e-03,-9.5815723973784201e-03,8.1456873280566500e-05,-1.4352317589876726e-04,1.0000000000000000e+00,
9.9919260934239007e-01,3.9316739071748868e-04,1.0000000000000000e+00,6.8658866136836577e-13,1.0248817984185191e-03,-2.9246184910242121e-03,4.9781844342969284e-05,-3.3731738660204006e-05,1.0000000000000000e+00,
9.9960648002626562e-01,1.1747409626060454e-04,9.9999999999999267e-01,7.2868490499251794e-13,-7.9607240097792327e-05,-1.1234959997605562e-03,5.4070311119973347e-06,-1.0355172563832173e-05,1.0000000000000000e+00,
8.3305354839477541e-01,-1.3200265204759212e-01,9.9999999999946121e-01,-3.9491307960348890e-13,-1.5509002233739189e+01,5.0971651376312677e-01,8.0359597611978639e-02,3.0491394073564163e-02,1.0000000000000000e+00,
-5.0321730827945665e-01,-6.6819470467297792e-01,0.0000000000000000e+00,-5.4310446916967757e-13,-6.6583979602634065e+02,-4.2117624068422754e+02,0.0000000000000000e+00,-8.2427195433223344e-01,0.0000000000000000e+00,
4.8433771406717957e-01,1.7869217928655015e-03,9.9999999999980660e-01,2.8278410242792497e-13,-4.9823282531735302e+01,-9.1312452886702378e+00,2.8669687167248714e-03,-7.2426211475946745e-02,1.0000000000000000e+00,
9.6968259463733886e-01,3.0439799818489296e-04,9.9999999999998512e-01,4.1508897607098752e-13,-1.4482526003359335e+00,1.1135184538742324e-02,3.1818068534751956e-04,-3.1801335960421851e-03,1.0000000000000000e+00,
9.9186528985264388e-01,9.1837595620348543e-05,9.9999999999999656e-01,5.2641263998613908e-13,-1.3640925109673391e-01,1.3538121798606362e-03,3.6232105996730248e-05,-3.0969969276498831e-04,1.0000000000000000e+00,
9.9698674143556654e-01,3.4456066621797275e-05,9.9999999999999778e-01,6.1826240113144263e-13,-1.7311113625344404e-02,1.8674441912592014e-04,7.3293466777148934e-06,-6.9029535588599830e-05,1.0000000000000000e+00,
9.9872987909986677e-01,1.3641025971092341e-05,1.0000000000000000e+00,6.8671756097473866e-13,-1.4928854192517924e-03,1.7358680027231336e-05,2.1818049567923822e-06,-2.5728196355146357e-05,1.0000000000000000e+00,
9.9940983819229201e-01,4.0402557021199243e-06,9.9999999999999256e-01,7.2875609338251086e-13,-6.1188261881831539e-04,-2.4116410605134618e-04,3.7405612613957730e-07,-1.0341251054005873e-05,1.0000000000000000e+00,
8.3305354839477852e-01,1.5846639218315516e-04,9.9999999999921219e-01,-4.3894946857283907e-13,-1.5509002233741466e+01,-4.7816755593552998e+01,8.0359597613688383e-02,3.0491394073561183e-02,1.0000000000000000e+00,
-5.0321730827950961e-01,-6.9523549662658046e-01,0.0000000000000000e+00,-5.8375257092226139e-13,-6.6583979602625197e+02,-5.4348295674053998e+02,0.0000000000000000e+00,-8.2427195433221379e-01,0.0000000000000000e+00,
4.8433771406718534e-01,-3.2564904294428426e-01,9.9999999999992040e-01,2.8212636898325721e-13,-4.9823282531731962e+01,-1.0227448241863539e+02,2.8669687171911651e-03,-7.2426211475957167e-02,1.0000000000000000e+00,
9.6968259463733930e-01,-2.1791449002960456e-02,9.9999999999999034e-01,4.1509228310095148e-13,-1.4482526003345653e+00,-1.3252794850836060e+00,3.1818068518632038e-04,-3.1801335960440435e-03,1.0000000000000000e+00,
9.9186528985264399e-01,-6.1664459797676156e-03,9.9999999999999434e-01,5.2641563579853956e-13,-1.3640925109610125e-01,-1.3463042470369768e-01,3.6232106533844004e-05,-3.0969969276629683e-04,1.0000000000000000e+00,
9.9698674143556654e-01,-2.1931405701421389e-03,9.9999999999999745e-01,6.1826583859709046e-13,-1.7311113625019785e-02,-1.9392170876646273e-02,7.3293452375745687e-06,-6.9029535588949309e-05,1.0000000000000000e+00,
9.9872987909986544e-01,-8.7568526579316988e-04,9.9999999999999978e-01,6.8672304927590997e-13,-1.4928854205595032e-03,-2.6480227248176988e-03,2.1818049846970356e-06,-2.5728196354677230e-05,1.0000000000000000e+00,
9.9940983819229134e-01,-3.5365924537472958e-04,9.9999999999999223e-01,7.2875936823225507e-13,-6.1188261928156310e-04,-1.6843841294526178e-04,3.7405822143481452e-07,-1.0341251056269467e-05,1.0000000000000000e+00,
1.0000254451167891e+00,6.5031174698481232e-04,9.9999999999921163e-01,4.4391197215320486e-15,-8.9045358937425263e+00,-6.2975434446740843e+00,1.7143674843916878e-02,1.4482048495307031e-02,1.0000000000000000e+00,
1.0135883550549640e+00,-2.9755264262460234e-02,1.0000000000000118e+00,1.4594191826536186e-13,-1.0788090160059754e+01,-2.5351980200014532e+00,5.4595872273632828e-04,-3.5306023583335115e-02,1.0000000000000000e+00,
9.9893085307952412e-01,-3.8636785685772584e-02,9.9999999999999212e-01,2.8567526778254982e-13,-5.9790218330769851e-01,-4.3748042561694334e-01,4.5170126738991456e-05,-3.0429030276249804e-02,1.0000000000000000e+00,
9.9613214339181366e-01,-2.0241941005218450e-02,9.9999999999999889e-01,4.1366617532043985e-13,8.2937553828766469e-02,-4.3251760638855796e-01,1.4796168205238880e-05,-4.0008913825546498e-03,1.0000000000000000e+00,
9.9668417571586454e-01,-6.4744208365758969e-03,1.0000000000000013e+00,5.2579626191114879e-13,1.1165873885976160e-02,-1.0787274255666419e-01,1.7105313901422114e-06,-6.9581149050250283e-04,1.0000000000000000e+00,
9.9829233879830881e-01,-2.6278418471421330e-03,1.0000000000000002e+00,6.1799431809578449e-13,2.8294262778834388e-03,-1.7716458242473664e-02,8.1456874231715382e-05,-1.4352317590012064e-04,1.0000000000000000e+00,
9.9919260934239063e-01,-1.1508910741416403e-03,9.9999999999999989e-01,6.8659632005986384e-13,1.0248818013389514e-03,-2.3279896805784329e-03,4.9781839892622942e-05,-3.3731738660456754e-05,1.0000000000000000e+00,
9.9960648002626684e-01,-4.8792415886829958e-04,9.9999999999999167e-01,7.2869430273550775e-13,-7.9607243148486790e-05,-6.9060353608441268e-07,5.4070275463599660e-06,-1.0355172566535739e-05,1.0000000000000000e+00,
1.0000078221666708e+00,1.7864304805374710e-04,9.9999999999939282e-01,4.5025551912268140e-15,-1.8200031498658484e+00,-1.9390377053600549e+00,2.1369612047241610e-02,1.0273941669274082e-02,1.0000000000000000e+00,
1.0048564186371789e+00,-1.6775393211628431e-04,1.0000000000000113e+00,1.4694163354405152e-13,-1.8712878029371414e+00,-4.4875342381946604e-01,4.1638993298030724e-04,-9.0395373740652569e-04,1.0000000000000000e+00,
1.0070882523137654e+00,-7.9415018886787921e-03,1.0000000000000053e+00,2.8510320899724004e-13,-6.1648075812692460e-01,2.0768618976770525e-01,5.6425319793287909e-06,-2.5708431642476014e-03,1.0000000000000000e+00,
1.0021734132204245e+00,-7.9033861514953268e-03,1.0000000000000067e+00,4.1297696780346227e-13,-1.4290118763934706e-01,6.8410655731402120e-02,1.0313517212028056e-04,-1.9271328047133968e-03,1.0000000000000000e+00,
1.0005081740493633e+00,-5.0618384247301347e-03,1.0000000000000053e+00,5.2535115239272558e-13,-2.6620359135332155e-02,1.2463335068156523e-02,5.2258086608025778e-07,-5.5303433092687118e-04,1.0000000000000000e+00,
1.0001232872384846e+00,-2.4780461872402041e-03,1.0000000000000031e+00,6.1775655517030697e-13,-5.6119872037269317e-03,3.5445618262051328e-03,5.4079053804501065e-07,-1.2247718407820980e-04,1.0000000000000000e+00,
1.0000339961229452e+00,-1.1342210172186648e-03,1.0000000000000000e+00,6.8647584516353993e-13,-1.9353033610328549e-03,1.2798397777006643e-03,2.4237441194514819e-05,-2.5313605380156205e-05,1.0000000000000000e+00,
1.0000125084433806e+00,-4.8565365426364322e-04,9.9999999999999123e-01,7.2862691062152900e-13,-5.5196122526096460e-03,1.4472279784422053e-04,3.9646928557020289e-08,-4.7791242550984160e-06,1.0000000000000000e+00,
1.0000043273287680e+00,4.3268089174738470e-06,9.9999999999845857e-01,4.5097658705755055e-15,-5.7194062691304470e-01,-5.2692066145730754e-01,5.3369179534518488e-04,9.0538231238109449e-03,1.0000000000000000e+00,
1.0030593945294872e+00,4.9734489702951484e-05,9.9999999999876055e-01,1.4636340485818003e-13,-6.2149621276462652e-01,-1.9800929822329749e-01,7.2941143485069290e-05,4.2753599539139013e-03,1.0000000000000000e+00,
1.0062056458438100e+00,-2.0451112096923391e-03,9.9999999999950917e-01,2.8462556693769068e-13,-4.6479519729574931e-01,4.4215074323462542e-03,1.7355946176772497e-07,1.1101284885187209e-03,1.0000000000000000e+00,
1.0039009540021806e+00,-2.4214701471950493e-03,9.9999999999983791e-01,4.1258347140312035e-13,-1.9923085253590522e-01,2.7446028845972466e-03,2.7843418348282717e-06,2.5343417905636416e-04,1.0000000000000000e+00,
1.0018955068562287e+00,-2.2142509664090583e-03,9.9999999999993472e-01,5.2508179019572229e-13,-7.1220212239010788e-02,9.0224186713911986e-04,9.9641840015530364e-06,7.4027803187248211e-05,1.0000000000000000e+00,
1.0008900222297545e+00,-1.3756832013454754e-03,9.9999999999993483e-01,6.1759575441103289e-13,-2.1409954457986137e-02,2.5610081142231518e-04,1.6521860789209253e-08,2.8095878347566597e-05,1.0000000000000000e+00,
1.0004311401205770e+00,-7.0632399842914342e-04,9.9999999999993561e-01,6.8638557501007090e-13,-6.3935296553874980e-03,6.9367443319943447e-05,8.9969625367402467e-07,1.1250925943434034e-05,1.0000000000000000e+00,
1.0002480361766726e+00,-3.1858279531919069e-04,9.9999999999994049e-01,7.2857447753052064e-13,-8.0516075282497171e-03,4.9315146595948865e-06,2.4630369361905088e-07,1.8131921125399141e-06,1.0000000000000000e+00,

64,9
1.0041321076512801e+00,-4.3268089174008243e-06,1.0000000000000686e+00,1.4151451781806709e-13,-1.3824402195202617e-02,5.2692066145555783e-01,2.4841038301452416e+00,1.3272769082091511e-02,1.0000000000000000e+00,
1.0086644942416203e+00,-4.9734489702147805e-05,1.0000000000000326e+00,2.7855951145174143e-13,-3.6946354043978519e-01,1.9800929822331342e-01,1.8343206852693833e-02,9.7619461576353497e-03,1.0000000000000000e+00,
1.0087171058742923e+00,2.0451112096967210e-03,1.0000000000000318e+00,4.0637994579200990e-13,-1.6520974704743696e-01,-4.4215074339592000e-03,2.5958338111843615e-03,4.7907944807247787e-03,1.0000000000000000e+00,
1.0067923695447165e+00,2.4214701471967667e-03,1.0000000000000144e+00,5.1942017319643922e-13,-3.5274378279191852e-02,-2.7446028844644969e-03,2.9273900244732726e-03,1.8717697668128427e-03,1.0000000000000000e+00,
1.0040056000692141e+00,2.2142509664108130e-03,1.0000000000000151e+00,6.1296587399086258e-13,-7.9248799670504459e-03,-9.0224186858613945e-04,5.8733147743489367e-04,5.9887123650010352e-04,1.0000000000000000e+00,
1.0021887580591975e+00,1.3756832013463675e-03,1.0000000000000044e+00,6.8312744502133074e-13,-2.5369778393014297e-03,-2.5610080991022178e-04,3.0221317352956720e-04,1.8136581087493635e-04,1.0000000000000000e+00,
1.0011004512316082e+00,7.0632399843098103e-04,1.0000000000000100e+00,7.2692504859037456e-13,-1.1007458333353827e-03,-6.9367443186914551e-05,2.1068297295719247e-04,5.7687848537991626e-05,1.0000000000000000e+00,
1.0005550003577619e+00,3.1858279531978055e-04,1.0000000000000620e+00,7.4236739263104103e-13,9.9660441111926613e-05,-4.9315162321864308e-06,3.4373673465766313e-03,1.9028781794338050e-05,1.0000000000000000e+00,
1.0114520269199649e+00,-1.7864304805404599e-04,1.0000000000001612e+00,1.3833602172203383e-13,-2.5021390957671863e-02,1.9390377053582561e+00,7.1179614171468950e+00,2.4240626177016351e-02,1.0000000000000000e+00,
1.0194475000042194e+00,1.6775393211827981e-04,1.0000000000000127e+00,2.7720090647538777e-13,-5.0633432370319698e-01,4.4875342381848760e-01,5.5979076879894563e-02,1.2943034519721234e-02,1.0000000000000000e+00,
1.0182616130394448e+00,7.9415018886804141e-03,1.0000000000000131e+00,4.0601906058890480e-13,1.7299750137893816e-01,-2.0768618976855052e-01,1.4545642066182696e-02,3.8446460149869780e-03,1.0000000000000000e+00,
1.0077344988932275e+00,7.9033861514960623e-03,1.0000000000000073e+00,5.1928756871148058e-13,1.8077652146944317e-01,-6.8410655731835371e-02,8.9063697709973466e-03,8.9118180059075418e-04,1.0000000000000000e+00,
1.0036920459976872e+00,5.0618384247293428e-03,1.0000000000000064e+00,6.1286266640623311e-13,7.9475829754953500e-02,-1.2463335066570769e-02,5.6231142117682542e-04,1.8704074166423800e-04,1.0000000000000000e+00,
1.0017555296109597e+00,2.4780461872384940e-03,1.0000000000000056e+00,6.8304157774769547e-13,1.9002098910268352e-02,-3.5445618269063757e-03,1.4111254673654372e-04,5.6303920201212232e-05,1.0000000000000000e+00,
1.0008160377837017e+00,1.1342210172179856e-03,1.0000000000000064e+00,7.2686712853338536e-13,4.0490325598618818e-03,-1.2798397774393560e-03,9.9962873328571233e-05,2.3023573277374139e-05,1.0000000000000000e+00,
1.0003952605178044e+00,4.8565365426319533e-04,1.0000000000000124e+00,7.4234834751612134e-13,8.6795099338241120e-04,-1.4472279854655247e-04,5.1603681308325620e-03,9.6049742716340278e-06,1.0000000000000000e+00,
1.0321609373001042e+00,-6.5031174698472190e-04,1.0000000000001603e+00,1.3829876011550090e-13,-8.1350462313746486e-02,6.2975434446734164e+00,1.5481609907111126e+01,6.1232391816658439e-02,1.0000000000000000e+00,
1.0734587966204865e+00,2.9755264262455880e-02,1.0000000000000160e+00,2.7896521929138203e-13,3.0170621558643331e+00,2.5351980200018276e+00,2.4470649422251856e-01,2.2175001701505780e-02,1.0000000000000000e+00,
1.0490929153196662e+00,3.8636785685768262e-02,1.0000000000000109e+00,4.0746366901291930e-13,4.2437547459426801e+00,4.3748042561682965e-01,2.3244131651096733e-01,-2.0398026633886837e-03,1.0000000000000000e+00,
1.0076164012716560e+00,2.0241941005216098e-02,1.0000000000000064e+00,5.1994136946066627e-13,8.5960856891450388e-01,4.3251760638768344e-01,1.3209506613828803e-02,-4.2816544595935499e-04,1.0000000000000000e+00,
1.0017751621565936e+00,6.4744208365743608e-03,1.0000000000000047e+00,6.1315405663924844e-13,1.1504574203591764e-01,1.0787274255761002e-01,2.7945719091114485e-03,-8.6988936670614187e-05,1.0000000000000000e+00,
1.0003448192594535e+00,2.6278418471404000e-03,1.0000000000000038e+00,6.8318163888415918e-13,2.1942697726842340e-02,1.7716458243247458e-02,5.7883574810443927e-04,-2.8937293332622194e-05,1.0000000000000000e+00,
1.0000558039738563e+00,1.1508910741401220e-03,1.0000000000000027e+00,7.2694203756769370e-13,4.6552261343278693e-03,2.3279896806251564e-03,1.5657152949736727e-04,-6.1234124782809357e-06,1.0000000000000000e+00,
1.0000035467981729e+00,4.8792415886702575e-04,1.0000000000000022e+00,7.4240591084472923e-13,5.5332320635016275e-03,6.9060280306898481e-07,5.1731876101096357e-03,-7.8010419250354040e-08,1.0000000000000000e+00,
1.0331588774401244e+00,-1.5846639218181012e-04,1.0000000000001898e+00,1.3704322650334842e-13,5.6505677635171701e+01,4.7816755593548450e+01,1.4967479223771829e+01,2.6183702822669502e-01,1.0000000000000000e+00,
1.5143931911848729e+00,6.9523549662661988e-01,1.0000000000001616e+00,7.9049764020343381e-13,7.1637249980857882e+02,5.4348295674048097e+02,2.4409879348783052e+03,5.0301007800520436e-01,1.0000000000000000e+00,
1.0644365497289363e+00,3.2564904294429298e-01,1.0000000000001303e+00,4.0889325397903606e-13,6.6259030125599836e+01,1.0227448241862598e+02,4.1586143358922847e+01,1.2360648409888984e-01,1.0000000000000000e+00,
9.9661031393833344e-01,2.1791449002956598e-02,1.0000000000000042e+00,5.2033107728922859e-13,8.3695909365890508e-01,1.3252794850831136e+00,5.8270384243636064e-02,5.9354774927156155e-03,1.0000000000000000e+00,
9.9806968477314362e-01,6.1664459797649094e-03,1.0000000000000013e+00,6.1330040709367723e-13,5.9487284814207370e-02,1.3463042470486580e-01,3.6885856812433893e-03,6.3749033889513081e-04,1.0000000000000000e+00,
9.9910119880538661e-01,2.1931405701398820e-03,1.0000000000000000e+00,6.8324622679994732e-13,7.9447408422896586e-03,1.9392170875672701e-02,5.9013744275124291e-04,6.1801649525544244e-05,1.0000000000000000e+00,
9.9956697201607692e-01,8.7568526579090921e-04,1.0000000000000000e+00,7.2697644564411503e-13,2.3005524521743353e-03,2.6480227258178154e-03,1.5151646607760097e-04,-7.8300065046682551e-06,1.0000000000000000e+00,
9.9975156160656820e-01,3.5365924537336338e-04,1.0000000000000016e+00,7.4243207172119235e-13,7.9633335712062520e-03,1.6843841287206458e-04,3.6950865124068849e-03,-1.8144703505672596e-06,1.0000000000000000e+00,
1.0331588774401319e+00,1.3200265204760067e-01,1.0000000000002698e+00,1.3707003920220115e-13,5.6505677635172006e+01,-5.0971651376316429e-01,1.4967479223774905e+01,2.6183702822669475e-01,1.0000000000000000e+00,
1.5143931911848518e+00,6.6819470467296438e-01,1.0000000000002021e+00,8.1371761344177403e-13,7.1637249980850754e+02,4.2117624068419047e+02,2.4409879348781560e+03,5.0301007800521069e-01,1.0000000000000000e+00,
1.0644365497289425e+00,-1.7869217928713557e-03,1.0000000000001130e+00,4.0889302490798794e-13,6.6259030125612952e+01,9.1312452886733215e+00,4.1586143358927885e+01,1.2360648409888923e-01,1.0000000000000000e+00,
9.9661031393833888e-01,-3.0439799818897964e-04,1.0000000000000033e+00,5.2033095848041741e-13,8.3695909365948240e-01,-1.1135184539410843e-02,5.8270384242101181e-02,5.9354774927153362e-03,1.0000000000000000e+00,
9.9806968477314495e-01,-9.1837595623239717e-05,1.0000000000000033e+00,6.1329990983008290e-13,5.9487284815284328e-02,-1.3538121806038568e-03,3.6885856802219841e-03,6.3749033889543428e-04,1.0000000000000000e+00,
9.9910119880538806e-01,-3.4456066624497304e-05,1.0000000000000027e+00,6.8324591460412039e-13,7.9447408428577268e-03,-1.8674441880450841e-04,5.9013744286469383e-04,6.1801649525329463e-05,1.0000000000000000e+00,
9.9956697201607647e-01,-1.3641025972793888e-05,1.0000000000000000e+00,7.2697686540702206e-13,2.3005524539911927e-03,-1.7358681234916004e-05,1.5151646766157698e-04,-7.8300065047746729e-06,1.0000000000000000e+00,
9.9975156160657064e-01,-4.0402557015667347e-06,1.0000000000000000e+00,7.4243272738885253e-13,7.9633335714233058e-03,2.4116410674253249e-04,3.6950865130968170e-03,-1.8144703506644279e-06,1.0000000000000000e+00,
1.0321609373001135e+00,6.0626002787450332e-02,1.0000000000002254e+00,1.3833624821249683e-13,-8.1350462309799296e-02,-6.4394221502747651e-01,1.5481609907109661e+01,6.1232391816664650e-02,1.0000000000000000e+00,
1.0734587966205027e+00,5.7523207717256747e-02,1.0000000000000551e+00,2.7897069222231274e-13,3.0170621558616784e+00,9.9649855067172624e+00,2.4470649422245472e-01,2.2175001701503841e-02,1.0000000000000000e+00,
1.0490929153196766e+00,-1.7115286091969309e-03,1.0000000000000182e+00,4.0746483780629031e-13,4.2437547459466405e+00,6.0584534239087322e+00,2.3244131651050659e-01,-2.0398026633936845e-03,1.0000000000000000e+00,
1.0076164012716613e+00,-5.4601705671380269e-03,1.0000000000000080e+00,5.1994515160935011e-13,8.5960856891441795e-01,3.8043478321224539e-01,1.3209506609646038e-02,-4.2816544596165312e-04,1.0000000000000000e+00,
1.0017751621565987e+00,-2.4158131807322262e-03,1.0000000000000075e+00,6.1315876106598868e-13,1.1504574203599444e-01,5.4346240561639093e-02,2.7945719101307720e-03,-8.6988936670497486e-05,1.0000000000000000e+00,
1.0003448192594555e+00,-9.6709732983356442e-04,1.0000000000000058e+00,6.8318515584861623e-13,2.1942697726086889e-02,9.5815723979220929e-03,5.7883574650190173e-04,-2.8937293332762469e-05,1.0000000000000000e+00,
1.0000558039738570e+00,-3.9316739071881287e-04,1.0000000000000047e+00,7.2694817690854519e-13,4.6552261334412426e-03,2.9246184903134343e-03,1.5657152836650104e-04,-6.1234124773736558e-06,1.0000000000000000e+00,
1.0000035467981740e+00,-1.1747409626052790e-04,1.0000000000000000e+00,7.4241164313126396e-13,5.5332320636299753e-03,1.1234960011081996e-03,5.1731876119222916e-03,-7.8010418295540346e-08,1.0000000000000000e+00,
1.0114520269199734e+00,2.0215325740787264e-02,1.0000000000001459e+00,1.3838145004996498e-13,-2.5021390959044376e-02,-2.4775450169388680e-01,7.1179614171500205e+00,2.4240626177022648e-02,1.0000000000000000e+00,
1.0194475000042285e+00,1.7703423218234635e-02,1.0000000000000371e+00,2.7720453472748659e-13,-5.0633432370215681e-01,1.0924562150082815e+00,5.5979076879403289e-02,1.2943034519717934e-02,1.0000000000000000e+00,
1.0182616130394515e+00,1.0502062372464451e-03,1.0000000000000315e+00,4.0602324636348419e-13,1.7299750137880204e-01,1.0901046216776875e+00,1.4545642063434200e-02,3.8446460149820427e-03,1.0000000000000000e+00,
1.0077344988932349e+00,-2.3409549286904897e-03,1.0000000000000211e+00,5.1929480510919005e-13,1.8077652147175854e-01,3.8405879571512042e-01,8.9063697681815435e-03,8.9118180059489821e-04,1.0000000000000000e+00,
1.0036920459976919e+00,-1.5156630852762264e-03,1.0000000000000124e+00,6.1286916709133335e-13,7.9475829756228134e-02,8.4919586032771874e-02,5.6231142048987492e-04,1.8704074166353351e-04,1.0000000000000000e+00,
1.0017555296109606e+00,-7.8030886665266745e-04,1.0000000000000084e+00,6.8305115007647893e-13,1.9002098909549254e-02,2.1873747624143982e-02,1.4111254791407402e-04,5.6303920201050605e-05,1.0000000000000000e+00,
1.0008160377837001e+00,-3.5446245773955670e-04,1.0000000000000060e+00,7.2687536816851493e-13,4.0490325589631043e-03,5.8866807773962290e-03,9.9962870662127778e-05,2.3023573275675516e-05,1.0000000000000000e+00,
1.0003952605178013e+00,-1.0996500239007666e-04,1.0000000000000000e+00,7.4235820065950231e-13,8.6795099185350713e-04,1.6575894990648863e-03,5.1603681318277295e-03,9.6049742730816172e-06,1.0000000000000000e+00,
1.0041321076512946e+00,6.5091878975562789e-03,1.0000000000002964e+00,1.3868955218860967e-13,-1.3824402200832836e-02,-6.8466572116718249e-03,2.4841038301444263e+00,1.3272769082088250e-02,1.0000000000000000e+00,
1.0086644942416338e+00,5.9113874886511739e-03,1.0000000000002573e+00,2.7678543319442870e-13,-3.6946354043783536e-01,1.9120592191820135e-01,1.8343206852432237e-02,9.7619461576298923e-03,1.0000000000000000e+00,
1.0087171058743050e+00,1.0192260186499191e-03,1.0000000000001004e+00,4.0536351583504881e-13,-1.6520974704951591e-01,2.3366825244386727e-01,2.5958338117347025e-03,4.7907944807219337e-03,1.0000000000000000e+00,
1.0067923695447243e+00,-5.3757212587196287e-05,1.0000000000000382e+00,5.1884926961694479e-13,-3.5274378277736072e-02,1.8519659398099431e-01,2.9273900251439167e-03,1.8717697668177641e-03,1.0000000000000000e+00,
1.0040056000692015e+00,-4.6625698487374123e-05,1.0000000000000133e+00,6.1262871706065834e-13,-7.9248799681219985e-03,7.1070256907082310e-02,5.8733147518877371e-04,5.9887123649924158e-04,1.0000000000000000e+00,
1.0021887580591908e+00,-2.5238298731929044e-05,1.0000000000000075e+00,6.8292661700920675e-13,-2.5369778439593722e-03,2.0465400680515233e-02,3.0221316923817031e-04,1.8136581087894541e-04,1.0000000000000000e+00,
1.0011004512316066e+00,-1.1737822771112598e-05,1.0000000000000062e+00,7.2680840954491998e-13,-1.1007458304984541e-03,5.5863737502863803e-03,2.1068296928404020e-04,5.7687848540628331e-05,1.0000000000000000e+00,
1.0005550003577661e+00,-3.6712674046246032e-06,1.0000000000000235e+00,7.4230616048074822e-13,9.9660440964576815e-05,1.5347853557598841e-03,3.4373673483434255e-03,1.9028781794594186e-05,1.0000000000000000e+00,

