1
1
4
4
(64 0
((0,0) (15,15) (0,0))
((16,0) (31,15) (0,0))
((32,0) (47,15) (0,0))
((48,0) (63,15) (0,0))
((64,0) (79,15) (0,0))
((80,0) (95,15) (0,0))
((96,0) (111,15) (0,0))
((112,0) (127,15) (0,0))
((0,16) (15,31) (0,0))
((16,16) (31,31) (0,0))
((32,16) (47,31) (0,0))
((48,16) (63,31) (0,0))
((64,16) (79,31) (0,0))
((80,16) (95,31) (0,0))
((96,16) (111,31) (0,0))
((112,16) (127,31) (0,0))
((0,32) (15,47) (0,0))
((16,32) (31,47) (0,0))
((32,32) (47,47) (0,0))
((48,32) (63,47) (0,0))
((64,32) (79,47) (0,0))
((80,32) (95,47) (0,0))
((96,32) (111,47) (0,0))
((112,32) (127,47) (0,0))
((0,48) (15,63) (0,0))
((16,48) (31,63) (0,0))
((32,48) (47,63) (0,0))
((48,48) (63,63) (0,0))
((64,48) (79,63) (0,0))
((80,48) (95,63) (0,0))
((96,48) (111,63) (0,0))
((112,48) (127,63) (0,0))
((0,64) (15,79) (0,0))
((16,64) (31,79) (0,0))
((32,64) (47,79) (0,0))
((48,64) (63,79) (0,0))
((64,64) (79,79) (0,0))
((80,64) (95,79) (0,0))
((96,64) (111,79) (0,0))
((112,64) (127,79) (0,0))
((0,80) (15,95) (0,0))
((16,80) (31,95) (0,0))
((32,80) (47,95) (0,0))
((48,80) (63,95) (0,0))
((64,80) (79,95) (0,0))
((80,80) (95,95) (0,0))
((96,80) (111,95) (0,0))
((112,80) (127,95) (0,0))
((0,96) (15,111) (0,0))
((16,96) (31,111) (0,0))
((32,96) (47,111) (0,0))
((48,96) (63,111) (0,0))
((64,96) (79,111) (0,0))
((80,96) (95,111) (0,0))
((96,96) (111,111) (0,0))
((112,96) (127,111) (0,0))
((0,112) (15,127) (0,0))
((16,112) (31,127) (0,0))
((32,112) (47,127) (0,0))
((48,112) (63,127) (0,0))
((64,112) (79,127) (0,0))
((80,112) (95,127) (0,0))
((96,112) (111,127) (0,0))
((112,112) (127,127) (0,0))
)
64
FabOnDisk: SD_0_New_MF_D_00000 0
FabOnDisk: SD_0_New_MF_D_00000 18516
FabOnDisk: SD_0_New_MF_D_00000 37032
FabOnDisk: SD_0_New_MF_D_00000 55548
FabOnDisk: SD_0_New_MF_D_00000 74064
FabOnDisk: SD_0_New_MF_D_00000 92580
FabOnDisk: SD_0_New_MF_D_00000 111096
FabOnDisk: SD_0_New_MF_D_00000 129613
FabOnDisk: SD_0_New_MF_D_00000 148131
FabOnDisk: SD_0_New_MF_D_00000 166647
FabOnDisk: SD_0_New_MF_D_00000 185163
FabOnDisk: SD_0_New_MF_D_00000 203679
FabOnDisk: SD_0_New_MF_D_00000 222195
FabOnDisk: SD_0_New_MF_D_00000 240711
FabOnDisk: SD_0_New_MF_D_00000 259227
FabOnDisk: SD_0_New_MF_D_00000 277744
FabOnDisk: SD_0_New_MF_D_00000 296262
FabOnDisk: SD_0_New_MF_D_00000 314778
FabOnDisk: SD_0_New_MF_D_00000 333294
FabOnDisk: SD_0_New_MF_D_00000 351810
FabOnDisk: SD_0_New_MF_D_00000 370326
FabOnDisk: SD_0_New_MF_D_00000 388842
FabOnDisk: SD_0_New_MF_D_00000 407358
FabOnDisk: SD_0_New_MF_D_00000 425875
FabOnDisk: SD_0_New_MF_D_00000 444393
FabOnDisk: SD_0_New_MF_D_00000 462909
FabOnDisk: SD_0_New_MF_D_00000 481425
FabOnDisk: SD_0_New_MF_D_00000 499941
FabOnDisk: SD_0_New_MF_D_00000 518457
FabOnDisk: SD_0_New_MF_D_00000 536973
FabOnDisk: SD_0_New_MF_D_00000 555489
FabOnDisk: SD_0_New_MF_D_00000 574006
FabOnDisk: SD_0_New_MF_D_00000 592524
FabOnDisk: SD_0_New_MF_D_00000 611040
FabOnDisk: SD_0_New_MF_D_00000 629556
FabOnDisk: SD_0_New_MF_D_00000 648072
FabOnDisk: SD_0_New_MF_D_00000 666588
FabOnDisk: SD_0_New_MF_D_00000 685104
FabOnDisk: SD_0_New_MF_D_00000 703620
FabOnDisk: SD_0_New_MF_D_00000 722137
FabOnDisk: SD_0_New_MF_D_00000 740655
FabOnDisk: SD_0_New_MF_D_00000 759171
FabOnDisk: SD_0_New_MF_D_00000 777687
FabOnDisk: SD_0_New_MF_D_00000 796203
FabOnDisk: SD_0_New_MF_D_00000 814719
FabOnDisk: SD_0_New_MF_D_00000 833235
FabOnDisk: SD_0_New_MF_D_00000 851751
FabOnDisk: SD_0_New_MF_D_00000 870268
FabOnDisk: SD_0_New_MF_D_00000 888786
FabOnDisk: SD_0_New_MF_D_00000 907303
FabOnDisk: SD_0_New_MF_D_00000 925820
FabOnDisk: SD_0_New_MF_D_00000 944337
FabOnDisk: SD_0_New_MF_D_00000 962854
FabOnDisk: SD_0_New_MF_D_00000 981371
FabOnDisk: SD_0_New_MF_D_00000 999888
FabOnDisk: SD_0_New_MF_D_00000 1018406
FabOnDisk: SD_0_New_MF_D_00000 1036925
FabOnDisk: SD_0_New_MF_D_00000 1055443
FabOnDisk: SD_0_New_MF_D_00000 1073961
FabOnDisk: SD_0_New_MF_D_00000 1092479
FabOnDisk: SD_0_New_MF_D_00000 1110997
FabOnDisk: SD_0_New_MF_D_00000 1129515
FabOnDisk: SD_0_New_MF_D_00000 1148033
FabOnDisk: SD_0_New_MF_D_00000 1166552

64,4
9.7875118506291037e-01,4.4976386204099522e-04,9.9999999999756906e-01,2.0354127633556759e-14,
9.4096214994798788e-01,8.0404083837016518e-04,9.9999999999719325e-01,6.7031126397043776e-13,
8.7167326367232323e-01,1.7152854482006578e-03,9.9999999999728317e-01,1.2988985914385397e-12,
7.7018380755073834e-01,2.7045561827162448e-03,9.9999999999716482e-01,1.8795656410059434e-12,
6.7996313581058443e-01,1.8377543769999307e-03,9.9999999999508993e-01,2.3881766926647273e-12,
6.4981393147566147e-01,8.0268661671756194e-04,9.9999999999544154e-01,2.8047159406322037e-12,
6.3907691767615815e-01,2.9184148270926301e-04,9.9999999999816735e-01,3.1134718134488520e-12,
6.3591847772336640e-01,1.6303494099570011e-05,9.9999999999135303e-01,3.3024820773458667e-12,
9.9203717876364728e-01,-3.1004463158059922e-02,9.9999999999208777e-01,2.0311519954427311e-14,
9.5829103840382668e-01,2.4389727286725043e-02,9.9999999999960421e-01,6.7002424134960379e-13,
8.8786065381161616e-01,5.5436114995456691e-02,9.9999999999944167e-01,1.2994539322726090e-12,
7.3056219654384391e-01,9.3741841072613200e-02,9.9999999999956402e-01,1.8805292147947608e-12,
5.3167323894858365e-01,5.8198704532892345e-02,9.9999999999968747e-01,2.3891910411166708e-12,
6.0723024638888368e-01,2.3056909504758340e-02,9.9999999999964295e-01,2.8056323818454323e-12,
6.2543116465656867e-01,8.3727777697189289e-03,9.9999999999959388e-01,3.1144484861452222e-12,
6.2768250764383071e-01,4.7982182913274923e-04,9.9999999999956690e-01,3.3035601148299749e-12,
2.6161907771945708e-01,-5.9052382569926321e-01,9.9998831771613350e-01,2.0021259830724072e-14,
3.3712303971036733e-01,-4.5173583626068103e-01,9.9995297143830186e-01,6.6456244115686375e-13,
9.3694009581145959e-02,-3.7099294346373329e-01,9.9993605066561442e-01,1.3013962690460470e-12,
3.2181114080210446e-02,-4.6762084716769542e-01,9.9996673254555746e-01,1.8832556913061275e-12,
2.3042578975896674e-01,-2.7789329339061714e-01,9.9999999999979061e-01,2.3915754113562067e-12,
5.8589107641336247e-01,1.1048641521513919e-02,9.9999999999995737e-01,2.8078984554836078e-12,
6.1077527380137087e-01,7.9305050367052786e-03,1.0000000000000073e+00,3.1170846683174875e-12,
6.1763118774348913e-01,5.0588108998923049e-04,1.0000000000000133e+00,3.3065197060895067e-12,
6.2552364307326101e-03,-5.2402618574479509e-01,9.9996946401693831e-01,1.9435620646596701e-14,
-5.9037302096852706e-01,-5.4429931934074405e-01,9.9992961958720394e-01,6.1725233858266932e-13,
1.1356228097744643e-01,-5.7836940853679297e-01,9.9960755920659161e-01,1.3097685254461433e-12,
4.0238896890160686e-01,-8.2207050465179865e-01,9.9999159770291668e-01,1.8887229606382771e-12,
5.1328134415178694e-01,-2.8025990998647049e-01,9.9999999999993106e-01,2.3942219202191810e-12,
5.9742657314571768e-01,7.6989167278104084e-03,1.0000000000000353e+00,2.8111206768548433e-12,
6.0375895189344531e-01,2.7071614916086379e-03,9.9999999999999190e-01,3.1210662012764083e-12,
6.1203913453001357e-01,1.0004320270833019e-04,9.9999999999994316e-01,3.3109822435678025e-12,
-8.4721228013780070e-02,-5.8979986110718763e-01,9.9996994634347025e-01,1.9445546907699644e-14,
-7.1135585176070959e-01,-6.6672715181891273e-01,9.9996308484836749e-01,6.1737154603692741e-13,
2.8382773907593550e-01,-8.5048645002209566e-01,9.9970308455632839e-01,1.3141586813576504e-12,
4.1851172655095137e-02,-7.4010052634196988e-01,9.9997631316354185e-01,1.8948671419620666e-12,
4.7785496956707879e-01,-3.5630262999746696e-03,9.9999999999976408e-01,2.3984891856785945e-12,
5.6445291519094598e-01,-9.0065901215674732e-03,9.9999999999989031e-01,2.8155056323625883e-12,
5.9974900865172320e-01,-8.1682618842646004e-03,9.9999999999993405e-01,3.1260648192310438e-12,
6.1128395088682541e-01,-3.9228479844459598e-03,9.9999999999991340e-01,3.3163855755035919e-12,
1.5774432567161001e-01,-7.6121428452564810e-01,9.9997885130259434e-01,2.0091009055985390e-14,
3.6218419393890300e-01,-4.5702543381519117e-01,9.9999232953810513e-01,6.6694451647319492e-13,
1.6282493434549263e-02,-8.2349190652213433e-01,9.9996834726831729e-01,1.3096441975391690e-12,
1.3451663359647173e-01,-8.7126895236113011e-01,9.9998821717753861e-01,1.8945987850678339e-12,
2.6882950141568684e-01,-5.2180918393142317e-01,9.9999999999960310e-01,2.4021749580843052e-12,
5.6222708875226057e-01,-7.0718924912452852e-02,9.9999999999970002e-01,2.8204988092319714e-12,
6.0033965889235630e-01,-2.5506101613837297e-02,9.9999999999980527e-01,3.1314535051604357e-12,
6.1261645864121617e-01,-9.0186231771867721e-03,9.9999999999991662e-01,3.3219631710703863e-12,
8.6863666629132985e-01,-2.7244076962806579e-01,9.9999999999382461e-01,2.0444826944171106e-14,
9.1163812703140934e-01,-6.8018898854392273e-02,9.9999999999790612e-01,6.7442483618055245e-13,
8.6784087676862764e-01,-1.2946549276571054e-01,9.9999999999803513e-01,1.3096634237114009e-12,
7.4085373787614306e-01,-5.3157257878977349e-01,9.9999999999871769e-01,1.8950884177035546e-12,
5.3553547411332814e-01,-5.1178691483111949e-01,9.9999999999924327e-01,2.4064944331548864e-12,
5.9847082820361874e-01,-7.7413015636456473e-02,9.9999999999952671e-01,2.8252869922676096e-12,
6.1646924528843128e-01,-2.7381114702144181e-02,9.9999999999969857e-01,3.1362773598409622e-12,
6.2097955183675746e-01,-9.4371719245837440e-03,9.9999999999989242e-01,3.3268029313304993e-12,
9.4441481010308626e-01,-8.6053571931573702e-02,9.9999999998002598e-01,2.0527044355943867e-14,
9.0868501317585759e-01,-4.0938491140802738e-02,9.9999999998116906e-01,6.7605750848508314e-13,
8.5154113631043815e-01,-6.8513583458714444e-02,9.9999999999150924e-01,1.3103408270608780e-12,
7.6783053836583015e-01,-9.2978386780955297e-02,9.9999999999206068e-01,1.8960806148439585e-12,
6.7543145641253477e-01,-9.2419704628349406e-02,9.9999999999181610e-01,2.4087355144015088e-12,
6.4314686252109410e-01,-5.3514532355934730e-02,9.9999999999622091e-01,2.8283696548315763e-12,
6.3238166201108004e-01,-2.1387660604297646e-02,9.9999999999903422e-01,3.1395194684570454e-12,
6.2942048401972694e-01,-7.3693026277321582e-03,9.9999999999815847e-01,3.3300513104188934e-12,

64,4
9.9881100346760998e-01,3.9634414652120510e-02,1.0000000000054441e+00,6.3007114324195471e-13,
9.8910410206678012e-01,5.0189849708254249e-02,1.0000000000125080e+00,1.2612062168387744e-12,
9.5308471929872052e-01,8.5535274633501315e-02,1.0000000000124805e+00,1.8459890823724356e-12,
8.7971764737378544e-01,1.0146136126890494e-01,1.0000000000042453e+00,2.3598050272043105e-12,
7.7328835620581615e-01,9.7866611017575711e-02,1.0000000000008769e+00,2.7825101256649099e-12,
6.9751378188648738e-01,5.2176073840551479e-02,1.0000000000012343e+00,3.0984353949874099e-12,
6.5884322334449374e-01,2.0780207563516912e-02,1.0000000000056530e+00,3.2952978380467610e-12,
6.4336279978164357e-01,7.4241771214114752e-03,1.0000000000210461e+00,3.3647655178688011e-12,
1.0621198037185062e+00,5.5938827506026523e-02,1.0000000000024070e+00,6.3007174012010262e-13,
1.0379161677339706e+00,8.7523838340036519e-02,1.0000000000001665e+00,1.2628963058613991e-12,
1.0042100122451973e+00,1.9446552260870548e-01,9.9999999999982836e-01,1.8486124921308280e-12,
9.3982461963359054e-01,4.9849088187276830e-01,9.9999999999981726e-01,2.3621748788895618e-12,
7.6076095043950165e-01,5.0724758472557563e-01,9.9999999999995370e-01,2.7846998275903847e-12,
6.7392672375095364e-01,7.1870847785672584e-02,1.0000000000000198e+00,3.1009539724154272e-12,
6.4753549691026635e-01,2.6781700659166800e-02,1.0000000000000606e+00,3.2981347360272939e-12,
6.3812816285463025e-01,1.0080067930348467e-02,1.0000000000005924e+00,3.3677271809649313e-12,
1.5385322456559711e+00,7.9490176239494847e-01,1.0000213577517267e+00,6.2955921137638494e-13,
1.5859978213618648e+00,7.1904376860826624e-01,1.0000171922520120e+00,1.2699190342589918e-12,
1.5473674662506900e+00,8.1872677796568560e-01,1.0000101839316806e+00,1.8541236505325709e-12,
1.5312054251251670e+00,9.9934405032397111e-01,1.0000419885974186e+00,2.3647363509273149e-12,
6.4703870952411136e-01,4.8313784627222400e-01,1.0000000000002187e+00,2.7878005196069268e-12,
6.2361236378693807e-01,6.2557993001982740e-02,1.0000000000001477e+00,3.1048193193778118e-12,
6.2690292919294477e-01,2.5607715772424353e-02,1.0000000000001263e+00,3.3024973747063075e-12,
6.2725045388683465e-01,1.0019142136356678e-02,1.0000000000005578e+00,3.3722652889933654e-12,
1.5083180162518943e+00,9.0358274873860978e-01,1.0000318367858188e+00,6.2293728200908080e-13,
1.0000000000000000e+40,1.0000000000000000e+40,1.0000000000000000e+40,1.0000000000000000e+40,
1.8826122843831321e+00,8.2439237654840192e-01,1.0002355101588591e+00,1.8619042548533215e-12,
2.2091013256154270e+00,5.4427191033879796e-01,1.0000095007138510e+00,2.3690640604050980e-12,
8.9857933566015968e-01,2.9966594288136361e-01,1.0000000000003268e+00,2.7920892042293664e-12,
6.0967789834344810e-01,2.4457463953803701e-02,1.0000000000001594e+00,3.1097338505166758e-12,
6.1686922915584430e-01,1.5283502147801335e-02,1.0000000000001261e+00,3.3078445233159144e-12,
6.1924149964436048e-01,7.1685738573950787e-03,1.0000000000003562e+00,3.3777633365173553e-12,
1.7133462481675594e+00,7.2783588096102958e-01,1.0000324780869565e+00,6.2502925727847296e-13,
1.0000000000000000e+40,1.0000000000000000e+40,1.0000000000000000e+40,1.0000000000000000e+40,
1.9685392898289893e+00,5.3356217108665804e-01,1.0001763944860944e+00,1.8623781682976170e-12,
2.0270810278565494e+00,4.9779904749056503e-01,1.0000173421334553e+00,2.3725970715698098e-12,
5.9694482782054570e-01,1.9387825877785958e-01,1.0000000000001035e+00,2.7970175400950032e-12,
6.0262911661027818e-01,2.4567982708011173e-02,1.0000000000000504e+00,3.1151055196179492e-12,
6.1190842864130790e-01,6.5668936077598666e-03,1.0000000000000451e+00,3.3134285559526384e-12,
6.1550518265725640e-01,2.1492776577192851e-03,1.0000000000005609e+00,3.3834209181490085e-12,
1.3954186064096086e+00,7.1745135814326788e-01,1.0000240203050914e+00,6.3358495202687527e-13,
1.5740471044573190e+00,5.5548000921543517e-01,1.0000071460515165e+00,1.2744278239098664e-12,
1.4293366069300961e+00,4.3453158982219292e-01,1.0000512853607526e+00,1.8605291034382294e-12,
2.2230375397693138e+00,4.2030525586216633e-01,1.0000095180221211e+00,2.3768229150800923e-12,
5.9049596548746219e-01,1.0981326788011914e-01,9.9999999999997524e-01,2.8018566725288909e-12,
6.1425719849549620e-01,-8.4777100965601222e-03,9.9999999999995681e-01,3.1199950146547926e-12,
6.2012334909605227e-01,-4.6301631710171740e-03,9.9999999999998257e-01,3.3183402666129087e-12,
6.2137201615329674e-01,-3.8233008075139419e-04,1.0000000000008391e+00,3.3883413231540811e-12,
9.9927073956360013e-01,-1.1703630190017630e-02,1.0000000000311915e+00,6.3536939758778140e-13,
9.6750650539062899e-01,-4.2743443131327110e-03,9.9999999999971556e-01,1.2718019042303127e-12,
9.6366521538657535e-01,-4.4527135078183240e-02,9.9999999999987799e-01,1.8613347707557638e-12,
9.1878350269235121e-01,-7.5168645987633204e-02,9.9999999999984224e-01,2.3791579239804936e-12,
7.5958468771467758e-01,-5.9722394013349972e-02,9.9999999999974554e-01,2.8050494924719857e-12,
6.6920756044640139e-01,-2.3776229762513330e-02,9.9999999999983946e-01,3.1233566118738087e-12,
6.4075609221492669e-01,-8.3129477788706791e-03,9.9999999999994693e-01,3.3217089819582015e-12,
6.3143779456616800e-01,-4.6654242883844042e-04,1.0000000000009437e+00,3.3917023572243014e-12,
9.9755018071676105e-01,-1.2894592940164743e-03,1.0000000001099523e+00,6.3578761496193133e-13,
9.4741151675299817e-01,-1.2440000279002113e-03,1.0000000000873239e+00,1.2721872695961620e-12,
9.1506451449663295e-01,-1.4636612620179382e-03,1.0000000000257721e+00,1.8617249051679291e-12,
8.6125230389595619e-01,-2.2518528847663881e-03,1.0000000000064084e+00,2.3798371470715214e-12,
7.6532532195399450e-01,-1.8408025680603645e-03,1.0000000000032059e+00,2.8061191713137800e-12,
6.9195052824460812e-01,-8.2329257647266007e-04,1.0000000000038782e+00,3.1245745609398175e-12,
6.5257831923769971e-01,-2.9401219796169935e-04,1.0000000000066087e+00,3.3229474145127786e-12,
6.3680320525145695e-01,-1.6059238081077642e-05,1.0000000000066542e+00,3.3929388017366863e-12,

