1
1
2
4
(64 0
((0,0) (15,15) (0,0))
((16,0) (31,15) (0,0))
((32,0) (47,15) (0,0))
((48,0) (63,15) (0,0))
((64,0) (79,15) (0,0))
((80,0) (95,15) (0,0))
((96,0) (111,15) (0,0))
((112,0) (127,15) (0,0))
((0,16) (15,31) (0,0))
((16,16) (31,31) (0,0))
((32,16) (47,31) (0,0))
((48,16) (63,31) (0,0))
((64,16) (79,31) (0,0))
((80,16) (95,31) (0,0))
((96,16) (111,31) (0,0))
((112,16) (127,31) (0,0))
((0,32) (15,47) (0,0))
((16,32) (31,47) (0,0))
((32,32) (47,47) (0,0))
((48,32) (63,47) (0,0))
((64,32) (79,47) (0,0))
((80,32) (95,47) (0,0))
((96,32) (111,47) (0,0))
((112,32) (127,47) (0,0))
((0,48) (15,63) (0,0))
((16,48) (31,63) (0,0))
((32,48) (47,63) (0,0))
((48,48) (63,63) (0,0))
((64,48) (79,63) (0,0))
((80,48) (95,63) (0,0))
((96,48) (111,63) (0,0))
((112,48) (127,63) (0,0))
((0,64) (15,79) (0,0))
((16,64) (31,79) (0,0))
((32,64) (47,79) (0,0))
((48,64) (63,79) (0,0))
((64,64) (79,79) (0,0))
((80,64) (95,79) (0,0))
((96,64) (111,79) (0,0))
((112,64) (127,79) (0,0))
((0,80) (15,95) (0,0))
((16,80) (31,95) (0,0))
((32,80) (47,95) (0,0))
((48,80) (63,95) (0,0))
((64,80) (79,95) (0,0))
((80,80) (95,95) (0,0))
((96,80) (111,95) (0,0))
((112,80) (127,95) (0,0))
((0,96) (15,111) (0,0))
((16,96) (31,111) (0,0))
((32,96) (47,111) (0,0))
((48,96) (63,111) (0,0))
((64,96) (79,111) (0,0))
((80,96) (95,111) (0,0))
((96,96) (111,111) (0,0))
((112,96) (127,111) (0,0))
((0,112) (15,127) (0,0))
((16,112) (31,127) (0,0))
((32,112) (47,127) (0,0))
((48,112) (63,127) (0,0))
((64,112) (79,127) (0,0))
((80,112) (95,127) (0,0))
((96,112) (111,127) (0,0))
((112,112) (127,127) (0,0))
)
64
FabOnDisk: SD_2_New_MF_D_00000 0
FabOnDisk: SD_2_New_MF_D_00000 9300
FabOnDisk: SD_2_New_MF_D_00000 18600
FabOnDisk: SD_2_New_MF_D_00000 27900
FabOnDisk: SD_2_New_MF_D_00000 37200
FabOnDisk: SD_2_New_MF_D_00000 46500
FabOnDisk: SD_2_New_MF_D_00000 55800
FabOnDisk: SD_2_New_MF_D_00000 65101
FabOnDisk: SD_2_New_MF_D_00000 74403
FabOnDisk: SD_2_New_MF_D_00000 83703
FabOnDisk: SD_2_New_MF_D_00000 93003
FabOnDisk: SD_2_New_MF_D_00000 102303
FabOnDisk: SD_2_New_MF_D_00000 111603
FabOnDisk: SD_2_New_MF_D_00000 120903
FabOnDisk: SD_2_New_MF_D_00000 130203
FabOnDisk: SD_2_New_MF_D_00000 139504
FabOnDisk: SD_2_New_MF_D_00000 148806
FabOnDisk: SD_2_New_MF_D_00000 158106
FabOnDisk: SD_2_New_MF_D_00000 167406
FabOnDisk: SD_2_New_MF_D_00000 176706
FabOnDisk: SD_2_New_MF_D_00000 186006
FabOnDisk: SD_2_New_MF_D_00000 195306
FabOnDisk: SD_2_New_MF_D_00000 204606
FabOnDisk: SD_2_New_MF_D_00000 213907
FabOnDisk: SD_2_New_MF_D_00000 223209
FabOnDisk: SD_2_New_MF_D_00000 232509
FabOnDisk: SD_2_New_MF_D_00000 241809
FabOnDisk: SD_2_New_MF_D_00000 251109
FabOnDisk: SD_2_New_MF_D_00000 260409
FabOnDisk: SD_2_New_MF_D_00000 269709
FabOnDisk: SD_2_New_MF_D_00000 279009
FabOnDisk: SD_2_New_MF_D_00000 288310
FabOnDisk: SD_2_New_MF_D_00000 297612
FabOnDisk: SD_2_New_MF_D_00000 306912
FabOnDisk: SD_2_New_MF_D_00000 316212
FabOnDisk: SD_2_New_MF_D_00000 325512
FabOnDisk: SD_2_New_MF_D_00000 334812
FabOnDisk: SD_2_New_MF_D_00000 344112
FabOnDisk: SD_2_New_MF_D_00000 353412
FabOnDisk: SD_2_New_MF_D_00000 362713
FabOnDisk: SD_2_New_MF_D_00000 372015
FabOnDisk: SD_2_New_MF_D_00000 381315
FabOnDisk: SD_2_New_MF_D_00000 390615
FabOnDisk: SD_2_New_MF_D_00000 399915
FabOnDisk: SD_2_New_MF_D_00000 409215
FabOnDisk: SD_2_New_MF_D_00000 418515
FabOnDisk: SD_2_New_MF_D_00000 427815
FabOnDisk: SD_2_New_MF_D_00000 437116
FabOnDisk: SD_2_New_MF_D_00000 446418
FabOnDisk: SD_2_New_MF_D_00000 455719
FabOnDisk: SD_2_New_MF_D_00000 465020
FabOnDisk: SD_2_New_MF_D_00000 474321
FabOnDisk: SD_2_New_MF_D_00000 483622
FabOnDisk: SD_2_New_MF_D_00000 492923
FabOnDisk: SD_2_New_MF_D_00000 502224
FabOnDisk: SD_2_New_MF_D_00000 511526
FabOnDisk: SD_2_New_MF_D_00000 520829
FabOnDisk: SD_2_New_MF_D_00000 530131
FabOnDisk: SD_2_New_MF_D_00000 539433
FabOnDisk: SD_2_New_MF_D_00000 548735
FabOnDisk: SD_2_New_MF_D_00000 558037
FabOnDisk: SD_2_New_MF_D_00000 567339
FabOnDisk: SD_2_New_MF_D_00000 576641
FabOnDisk: SD_2_New_MF_D_00000 585944

64,2
3.1511786953706178e+01,-9.8135538465576246e+02,
9.1564165707604843e+02,-7.6091541883106402e+02,
1.5582276941837335e+03,-5.0297541981635732e+02,
1.8498110806318437e+03,-3.1066838732076576e+02,
1.1334340786441317e+03,1.4913285417060251e+01,
5.2876496478110494e+02,1.3117131006401905e+01,
2.9138116384674504e+02,5.4564001180551713e+00,
2.2635728175833356e+02,1.5091502686459535e-01,
-2.6438259487804316e+03,-5.1136544635355676e+03,
1.0935337020699080e+03,-1.3470358715563634e+03,
1.4183482601223659e+03,-2.1749368914843217e+03,
2.1676331686830963e+03,-3.0163746375117626e+03,
2.3314114880849957e+02,6.5373359886070830e+02,
6.3964070396832540e+01,4.1683116613930906e+02,
5.0036062739134650e+01,1.6452678862178800e+02,
4.8132421251488267e+01,4.5018837932218503e+00,
-4.3258899679870987e+06,-3.6348683342030179e+06,
-4.8802139835700905e+06,-3.6394332404456032e+06,
-4.5607932123795534e+06,-3.9591963637354630e+06,
-7.9387316560490029e+06,-3.4711824677717048e+06,
-8.9545400030645396e+03,-1.0308882296085358e+02,
-1.2068510648055963e+03,4.1432427947256656e+02,
-4.2173801419921801e+02,1.6233794236586618e+02,
-1.8852029861355550e+02,4.4735194150518964e+00,
-4.3416935650308803e+06,-4.5874366552601801e+06,
-3.7640751017722441e+06,-5.6465476741451854e+06,
-7.6936037923560534e+06,-3.6670959252792853e+06,
-7.8305498426915146e+06,-1.9011494049311492e+06,
-8.7032699064449844e+03,-4.8137844199362007e+03,
-1.2715883432643750e+03,-2.0521911069045018e+02,
-5.4262288721020741e+02,-2.3208076571245329e+01,
-2.7982313720312959e+02,3.7302758801160962e-01,
-7.2005130236306917e+06,-3.3434683391172709e+06,
-5.6418873115415704e+06,-3.8413970790753104e+06,
-5.7423974886512328e+06,-2.0578377144785456e+06,
-1.3148712198603205e+07,-1.6168508607187411e+06,
-6.4620395384761650e+03,-3.2816405694589776e+03,
-1.0740572282378707e+03,-7.9429318432194123e+02,
-5.2813317680865293e+02,-3.1644605408564530e+02,
-2.7937817878354690e+02,-1.0887893245535452e+02,
-4.7914079423531117e+06,-6.9578110972527927e+05,
-4.5824569595608590e+06,-1.6817905090263498e+06,
-3.2119731630931804e+06,-5.6169622797401354e+05,
-8.8161680459597204e+06,-2.0210453514599933e+06,
-4.1285309387261805e+03,-3.5343006075258018e+03,
-5.5758438682751148e+02,-8.9451501729818119e+02,
-3.0947707764391089e+02,-3.8049383715242584e+02,
-1.9243925184564432e+02,-1.4163167937213075e+02,
1.1393315510649700e+02,5.4373271584154281e+02,
2.4711590218063066e+03,-6.3139567531579814e+02,
1.9624962704554491e+03,-1.5621534544159658e+03,
-1.4269089388490102e+03,-2.5538767727211962e+03,
-3.9026113628751773e+02,-1.7101923350634024e+03,
2.0065072111348854e+01,-7.9230566436926892e+02,
-2.4563517572547426e+01,-3.6663488613558002e+02,
-3.3304306137506501e+01,-1.3966112116186196e+02,
6.3740078420596546e+01,3.5444078168438864e+01,
1.6584868037534761e+03,-9.7123367213498568e+01,
1.8055789641686715e+03,-5.8933441419176233e+02,
1.1384791991305974e+03,-6.6827493333148595e+02,
5.7569225391016516e+02,-6.1306385752213828e+02,
2.6348054116388084e+02,-4.0567591423059639e+02,
1.2106250804681622e+02,-2.1605671741326660e+02,
7.9697421830336680e+01,-8.7765163219228270e+01,

64,2
1.0179521069865586e+03,-2.4789306210004725e+01,
1.6016021190742322e+03,-1.6939563998676022e+01,
2.1773531303100754e+03,-7.4272999900131254e+00,
2.3959305007338116e+03,5.4141045529286203e+02,
2.1401130114922125e+03,7.9210152643900074e+02,
1.1873665305360191e+03,7.1058007531428302e+02,
6.4500219334477151e+02,3.7514207172989700e+02,
3.7121605309758161e+02,1.4516832452563904e+02,
2.4223631425265921e+03,9.9732799082848942e+02,
2.1424626302767138e+03,-5.3847962727886625e+02,
2.4144467734589853e+03,-3.8448359904868994e+02,
7.2669797962556913e+03,4.7111884536487196e+03,
3.8782198654746026e+03,4.4232958694570698e+03,
1.0582294860229013e+03,1.5497387897823501e+03,
4.8712619141407777e+02,5.9664587962506630e+02,
2.7203724655129190e+02,2.1506217817695870e+02,
1.1173172148631890e+06,1.2993576792935366e+06,
1.9309503338086747e+06,3.5534480865422433e+05,
1.2817389990148675e+06,6.9465268127794936e+05,
2.4721797296924829e+06,2.5039803862685449e+06,
3.6416916922128439e+04,8.6371323264222156e+03,
1.0224338463522145e+02,1.5908476276941656e+03,
3.2782336856151232e+01,5.9760884157094551e+02,
3.5592349635524442e+01,2.1504209569593513e+02,
3.6575408731791298e+06,1.3823789635233788e+06,
1.0000000000000000e+40,1.0000000000000000e+40,
4.1218805690518179e+05,3.3247212377789291e+06,
1.4278053773899816e+06,1.2215354949622459e+06,
5.5766844587056039e+04,3.2540780874227494e+03,
-4.6721680139143427e+02,7.4351433351039304e+02,
-2.0782132610928966e+02,3.6888649381962750e+02,
-1.4202935388857441e+02,1.4304052928309829e+02,
1.6866618131317799e+06,5.7327755945342807e+06,
1.0000000000000000e+40,1.0000000000000000e+40,
1.8485988459347389e+06,3.3959782630050848e+06,
1.0850921131114196e+06,1.8292854533443351e+06,
5.8704630538124547e+04,1.5798350280936575e+03,
-3.4022739097892190e+02,-5.3413296444159641e+01,
-2.0641241885651834e+02,-2.4005686292184691e+00,
-1.6446886838928913e+02,1.1272709566128469e+00,
1.6552355480777901e+06,5.0343266208800543e+06,
1.8845483787557618e+06,4.4913880019498551e+06,
1.6727822878752835e+06,7.7684929490301041e+06,
3.0609857702995287e+06,3.5837876014650334e+06,
3.9752504830367252e+04,-1.4981886286113877e+01,
1.4268726276895904e+02,-3.4714832334993844e+02,
-4.0359193462936673e+00,-1.2285010543309909e+02,
-3.6394373305578483e+01,-3.2385587317321551e+00,
7.1005250734833680e+03,1.0027910604806675e+04,
5.7816887905231852e+03,1.2551137974889571e+03,
3.0705906171162496e+03,-1.6316913306363858e+02,
3.1371879847665696e+03,2.2359105243922386e+02,
1.0829366152305738e+03,-4.4589388499771303e+02,
5.3564508648341871e+02,-2.3927886936817231e+02,
2.4030906752124429e+02,-9.9479715664710966e+01,
1.0936144171237538e+02,-2.7767225249021976e+00,
2.3020787643767108e+03,2.2635976185036270e+03,
2.5591011889137008e+03,9.9178000930078269e+02,
2.4618438288925972e+03,-1.4073510006710421e+00,
1.8947849638851039e+03,-1.7228094837992103e+01,
1.1643987154249771e+03,-1.3538791241080617e+01,
6.4908198384364368e+02,-7.5907401667791419e+00,
3.2718393256455602e+02,-3.2399495399658917e+00,
1.6722705219144700e+02,-9.1180042778660209e-02,

