1
1
8
0
(4 0
((0,112) (31,127) (0,0))
((32,112) (63,127) (0,0))
((64,112) (95,127) (0,0))
((96,112) (127,127) (0,0))
)
4
FabOnDisk: Cell_D_00000 0
FabOnDisk: Cell_D_00001 0
FabOnDisk: Cell_D_00002 0
FabOnDisk: Cell_D_00003 0

4,8
-6.8699540025857167e-02,6.0815337449870370e-04,9.9999999999954126e-01,0.0000000000000000e+00,-1.0126232657708079e-01,-9.5402801156165680e+00,1.4463986241741722e-04,-1.4799131855109257e-01,
-5.3911375411751374e-02,6.2107061636851866e-05,9.9999999999959888e-01,0.0000000000000000e+00,6.1606480166121802e-02,-7.1435442567387472e-02,1.1362311203051423e-03,-2.5740787886664777e-02,
-5.5195711526078467e-02,-1.2677567943636817e-02,9.9999999999962752e-01,0.0000000000000000e+00,6.2590540405569189e-02,-1.5097687037180708e-02,2.0501860266866623e-03,-5.0942857507068357e-03,
-2.3064738727696266e-01,-5.5769830517625618e-01,9.9999999999988876e-01,0.0000000000000000e+00,-5.0496487111050858e-01,-1.4670438035972706e+00,1.9901256465852946e-03,-9.0706541863638768e-04,

4,8
8.5725910542423489e-01,1.9899658617240287e-01,1.0000000000010272e+00,0.0000000000000000e+00,1.3311538275102750e+01,7.8105187946768293e+00,7.2636056967053392e+01,-2.0488084567977939e-02,
8.7181176684103479e-01,2.4304143321253704e-02,1.0000000000002391e+00,0.0000000000000000e+00,9.8818190559925398e-02,2.9263433431471596e-02,3.0610074700327324e+01,-4.4368639448683321e-03,
8.7291949091078436e-01,2.1550222695007506e-03,1.0000000000000318e+00,0.0000000000000000e+00,7.6236859197665069e-02,2.3831370730899026e-03,2.8721609511618343e+01,1.2073843669460212e-02,
8.7524046402701561e-01,4.7454257778282551e-03,1.0000000000000955e+00,0.0000000000000000e+00,3.5057547624947730e+01,3.0468934263904490e+01,6.6352808277503726e+01,6.4449206524296732e-01,

