1
1
8
0
(4 0
((0,0) (31,31) (0,0))
((32,0) (63,31) (0,0))
((0,32) (31,63) (0,0))
((32,32) (63,63) (0,0))
)
4
FabOnDisk: Cell_D_00000 0
FabOnDisk: Cell_D_00001 0
FabOnDisk: Cell_D_00002 0
FabOnDisk: Cell_D_00003 0

4,8
-1.7435085300933201e-02,3.4299716549428761e-06,9.9999999999974742e-01,0.0000000000000000e+00,-1.0224843142093085e-03,-2.2625533810891399e-02,6.2473602037357856e-06,-7.2661959084138906e-03,
-1.7501019124071947e-02,-1.7416208877469478e-02,9.9999999999916889e-01,0.0000000000000000e+00,-7.0346874953567968e-04,-3.0759494347924478e-03,6.1899171026405519e-06,-1.5170061238559718e-04,
-6.5943930496519407e-02,1.7488514643407434e-04,9.9999999999949629e-01,0.0000000000000000e+00,-6.6073054378644247e-02,-2.3919280496880617e+00,3.7229160199103717e-08,-1.0501197413359925e-01,
-2.2581138674393286e-01,-4.7725216504135121e-01,9.9999999999926181e-01,0.0000000000000000e+00,-4.4702962610419605e-01,-1.1961448839386613e+00,7.9220179582950578e-09,-4.8189146219754578e-03,

4,8
-1.4578250372486436e-05,1.6225369706170147e-02,1.0000000000004179e+00,0.0000000000000000e+00,2.4937071523710552e-02,3.0965929248523774e-04,4.0691772221359057e-01,1.0479989925946499e-04,
-1.5922478592942506e-05,1.6652859194129537e-04,1.0000000000007145e+00,0.0000000000000000e+00,2.5731784644025153e-02,2.7078228255235728e-02,4.3901120160949814e-01,8.4571872711006607e-03,
7.5112954081676642e-01,1.6692477133572531e-01,1.0000000000020257e+00,0.0000000000000000e+00,7.2132421070106272e+00,6.7709422876480796e-01,3.6992946831960303e+01,-6.1152951713512875e-04,
7.5425085179727358e-01,4.1585199042153183e-03,1.0000000000001579e+00,0.0000000000000000e+00,2.2789672613907946e+01,1.5432910969626796e+01,3.5570068982126081e+01,4.5339561388275601e-01,

