1
1
9
0
(4 0
((32,112) (47,127) (0,0))
((48,112) (63,127) (0,0))
((32,128) (47,143) (0,0))
((48,128) (63,143) (0,0))
)
4
FabOnDisk: Cell_D_00000 0
FabOnDisk: Cell_D_00000 18518
FabOnDisk: Cell_D_00000 37036
FabOnDisk: Cell_D_00000 55554

4,9
0.0000000000000000e+00,-7.4455306893343087e-01,0.0000000000000000e+00,-7.8289040382629047e-13,-7.7760091939823940e+02,-4.6129063101064617e+02,0.0000000000000000e+00,-7.1549098513122900e-01,0.0000000000000000e+00,
-5.8197300191283352e-01,-6.0569814660369403e-01,0.0000000000000000e+00,0.0000000000000000e+00,-4.3326492597124644e+02,-4.8532071696111433e+02,0.0000000000000000e+00,-9.1424394253321528e-01,0.0000000000000000e+00,
0.0000000000000000e+00,0.0000000000000000e+00,0.0000000000000000e+00,-8.4727388730962184e-13,-7.7760091939826145e+02,-5.4349213407722141e+02,0.0000000000000000e+00,-7.1549098513124720e-01,0.0000000000000000e+00,
-5.8197300191291779e-01,-7.6347261461214788e-01,0.0000000000000000e+00,0.0000000000000000e+00,-4.3326492597117010e+02,-5.4952964723760692e+02,0.0000000000000000e+00,-9.1424394253316488e-01,0.0000000000000000e+00,

4,9
1.5222118715379909e+00,0.0000000000000000e+00,1.0000000000002172e+00,8.1545685596633879e-13,1.6298858669332728e+02,5.4349213407716024e+02,3.4104728084410353e+03,5.9151863372607361e-01,1.0000000000000000e+00,
1.5322663046757354e+00,7.6347261461215221e-01,1.0000000000002756e+00,4.2704501212156339e-13,8.5024621747256811e+02,5.4952964723767752e+02,3.0733413938511244e+03,1.2209682170623869e-01,1.0000000000000000e+00,
1.5222118715379498e+00,7.4455306893340933e-01,1.0000000000003120e+00,8.4762860679727519e-13,1.6298858669336349e+02,4.6129063101065907e+02,3.4104728084406806e+03,5.9151863372608560e-01,1.0000000000000000e+00,
1.5322663046757266e+00,6.0569814660370358e-01,1.0000000000002611e+00,4.3991052812545771e-13,8.5024621747237848e+02,4.8532071696100462e+02,3.0733413938510748e+03,1.2209682170623894e-01,1.0000000000000000e+00,

