1
1
9
0
(64 0
((0,0) (15,15) (0,0))
((16,0) (31,15) (0,0))
((32,0) (47,15) (0,0))
((48,0) (63,15) (0,0))
((64,0) (79,15) (0,0))
((80,0) (95,15) (0,0))
((96,0) (111,15) (0,0))
((112,0) (127,15) (0,0))
((0,16) (15,31) (0,0))
((16,16) (31,31) (0,0))
((32,16) (47,31) (0,0))
((48,16) (63,31) (0,0))
((64,16) (79,31) (0,0))
((80,16) (95,31) (0,0))
((96,16) (111,31) (0,0))
((112,16) (127,31) (0,0))
((0,32) (15,47) (0,0))
((16,32) (31,47) (0,0))
((32,32) (47,47) (0,0))
((48,32) (63,47) (0,0))
((64,32) (79,47) (0,0))
((80,32) (95,47) (0,0))
((96,32) (111,47) (0,0))
((112,32) (127,47) (0,0))
((0,48) (15,63) (0,0))
((16,48) (31,63) (0,0))
((32,48) (47,63) (0,0))
((48,48) (63,63) (0,0))
((64,48) (79,63) (0,0))
((80,48) (95,63) (0,0))
((96,48) (111,63) (0,0))
((112,48) (127,63) (0,0))
((0,64) (15,79) (0,0))
((16,64) (31,79) (0,0))
((32,64) (47,79) (0,0))
((48,64) (63,79) (0,0))
((64,64) (79,79) (0,0))
((80,64) (95,79) (0,0))
((96,64) (111,79) (0,0))
((112,64) (127,79) (0,0))
((0,80) (15,95) (0,0))
((16,80) (31,95) (0,0))
((32,80) (47,95) (0,0))
((48,80) (63,95) (0,0))
((64,80) (79,95) (0,0))
((80,80) (95,95) (0,0))
((96,80) (111,95) (0,0))
((112,80) (127,95) (0,0))
((0,96) (15,111) (0,0))
((16,96) (31,111) (0,0))
((32,96) (47,111) (0,0))
((48,96) (63,111) (0,0))
((64,96) (79,111) (0,0))
((80,96) (95,111) (0,0))
((96,96) (111,111) (0,0))
((112,96) (127,111) (0,0))
((0,112) (15,127) (0,0))
((16,112) (31,127) (0,0))
((32,112) (47,127) (0,0))
((48,112) (63,127) (0,0))
((64,112) (79,127) (0,0))
((80,112) (95,127) (0,0))
((96,112) (111,127) (0,0))
((112,112) (127,127) (0,0))
)
64
FabOnDisk: Cell_D_00000 0
FabOnDisk: Cell_D_00000 18514
FabOnDisk: Cell_D_00000 37029
FabOnDisk: Cell_D_00000 55544
FabOnDisk: Cell_D_00000 74059
FabOnDisk: Cell_D_00000 92574
FabOnDisk: Cell_D_00000 111089
FabOnDisk: Cell_D_00000 129605
FabOnDisk: Cell_D_00000 148122
FabOnDisk: Cell_D_00000 166637
FabOnDisk: Cell_D_00000 185153
FabOnDisk: Cell_D_00000 203669
FabOnDisk: Cell_D_00000 222185
FabOnDisk: Cell_D_00000 240701
FabOnDisk: Cell_D_00000 259217
FabOnDisk: Cell_D_00000 277734
FabOnDisk: Cell_D_00000 296252
FabOnDisk: Cell_D_00000 314767
FabOnDisk: Cell_D_00000 333283
FabOnDisk: Cell_D_00000 351799
FabOnDisk: Cell_D_00000 370315
FabOnDisk: Cell_D_00000 388831
FabOnDisk: Cell_D_00000 407347
FabOnDisk: Cell_D_00000 425864
FabOnDisk: Cell_D_00000 444382
FabOnDisk: Cell_D_00000 462897
FabOnDisk: Cell_D_00000 481413
FabOnDisk: Cell_D_00000 499929
FabOnDisk: Cell_D_00000 518445
FabOnDisk: Cell_D_00000 536961
FabOnDisk: Cell_D_00000 555477
FabOnDisk: Cell_D_00000 573994
FabOnDisk: Cell_D_00000 592512
FabOnDisk: Cell_D_00000 611027
FabOnDisk: Cell_D_00000 629543
FabOnDisk: Cell_D_00000 648059
FabOnDisk: Cell_D_00000 666575
FabOnDisk: Cell_D_00000 685091
FabOnDisk: Cell_D_00000 703607
FabOnDisk: Cell_D_00000 722124
FabOnDisk: Cell_D_00000 740642
FabOnDisk: Cell_D_00000 759157
FabOnDisk: Cell_D_00000 777673
FabOnDisk: Cell_D_00000 796189
FabOnDisk: Cell_D_00000 814705
FabOnDisk: Cell_D_00000 833221
FabOnDisk: Cell_D_00000 851737
FabOnDisk: Cell_D_00000 870254
FabOnDisk: Cell_D_00000 888772
FabOnDisk: Cell_D_00000 907288
FabOnDisk: Cell_D_00000 925805
FabOnDisk: Cell_D_00000 944322
FabOnDisk: Cell_D_00000 962839
FabOnDisk: Cell_D_00000 981356
FabOnDisk: Cell_D_00000 999873
FabOnDisk: Cell_D_00000 1018391
FabOnDisk: Cell_D_00000 1036910
FabOnDisk: Cell_D_00000 1055427
FabOnDisk: Cell_D_00000 1073945
FabOnDisk: Cell_D_00000 1092463
FabOnDisk: Cell_D_00000 1110981
FabOnDisk: Cell_D_00000 1129499
FabOnDisk: Cell_D_00000 1148017
FabOnDisk: Cell_D_00000 1166536

64,9
1.0000042182807183e+00,-7.0122776876557560e-03,9.9999999999994316e-01,-1.0252744254477726e-12,-5.6834335731802321e-01,6.0241083255412053e-03,9.2129708355940566e-03,6.4897938708621105e-03,1.0000000000000000e+00,
1.0025283604414619e+00,-7.0235339962810518e-03,9.9999999999987521e-01,-2.0354020117293689e-12,-6.0001958166271141e-01,-2.2596904228791068e-01,1.0156188183342921e-04,1.8903828909109007e-03,1.0000000000000000e+00,
1.0069677629371596e+00,-1.7449560319263517e-03,9.9999999999987521e-01,-1.0974342348003168e-13,-4.0922896724709373e-01,-2.6003745779932380e-01,9.0398930959346285e-06,-5.3498123801688389e-04,1.0000000000000000e+00,
1.0045715965202640e+00,5.3154667319602429e-05,9.9999999999989964e-01,1.5510625373770901e-13,-1.3226007298356018e-01,-1.8518093143367950e-01,1.7582719486104736e-07,-7.1622585583069149e-04,1.0000000000000000e+00,
1.0022331437085068e+00,5.3913721866160174e-05,9.9999999999993994e-01,1.8013640050675929e-13,-1.5246981208624017e-02,-4.8489548185274053e-02,5.6564000098374700e-07,-6.2300958699418535e-04,1.0000000000000000e+00,
1.0010462042729062e+00,2.9696895465816591e-05,9.9999999999994194e-01,2.2674676081133094e-13,1.3109919731533620e-02,-2.9339382065286064e-03,7.0637848174903706e-08,-3.3887421875492571e-04,1.0000000000000000e+00,
1.0004981277289440e+00,1.4185732448123651e-05,9.9999999999990608e-01,2.5719036201524873e-13,7.5278447422938545e-03,9.7218756620900092e-05,3.4754209213847323e-06,-1.7847423718721990e-04,1.0000000000000000e+00,
1.0002681872876680e+00,5.2083568330371995e-06,9.9999999999978506e-01,2.7607480123745982e-13,-6.0817133109102191e-04,-1.8691611964899705e-05,2.2971572690512520e-06,-7.1616753357370979e-05,1.0000000000000000e+00,
1.0000079406421944e+00,-2.1850154172744791e-02,9.9999999999995637e-01,-1.1128905761156839e-12,-1.8892111610958784e+00,2.1941624434296034e-01,3.7832913152828218e-01,7.5668021592190998e-03,1.0000000000000000e+00,
1.0042496324795558e+00,-2.1792966361138751e-02,9.9999999999999645e-01,-2.2127895499506140e-12,-1.9254921197554165e+00,-1.2636758888278190e+00,1.6717431428822649e-04,-4.1268028177006933e-03,1.0000000000000000e+00,
1.0081720918089061e+00,-1.9997113437977151e-03,1.0000000000000016e+00,-8.6253656067329187e-14,-5.3046188314209175e-01,-1.2520758373576450e+00,4.7799798345155020e-06,-5.1964843380634352e-03,1.0000000000000000e+00,
1.0027169428844183e+00,2.4251256284581169e-03,1.0000000000000044e+00,1.8765343220720885e-13,-5.6866614592828012e-02,-3.5000581775009793e-01,1.4117606222940893e-05,-3.4200800627801776e-03,1.0000000000000000e+00,
1.0006355883434288e+00,1.7637623246360100e-03,1.0000000000000029e+00,1.9927632219691506e-13,2.6362539830857755e-02,-5.0420922662868767e-02,4.8272510468072571e-08,-9.6962428827375999e-04,1.0000000000000000e+00,
1.0001529824235120e+00,9.2079428579843153e-04,1.0000000000000020e+00,2.3850407892716044e-13,8.1596218720695612e-03,-7.5334396150027530e-05,8.4651862679308021e-06,-3.3917320253013992e-04,1.0000000000000000e+00,
1.0000412399128777e+00,4.2882471875611681e-04,1.0000000000000013e+00,2.6422194894743334e-13,1.9692886211731234e-03,3.4337457092719721e-03,4.1786611531223483e-05,-1.5183478822541698e-04,1.0000000000000000e+00,
1.0000137319174269e+00,1.5601116791694864e-04,1.0000000000000004e+00,2.8028813408893212e-13,-2.3443179923842154e-04,-1.9598279716254354e-05,2.5187680222126321e-05,-5.5492795536580774e-05,1.0000000000000000e+00,
1.0000267019296605e+00,-7.1144164967678974e-02,9.9999999999994982e-01,-1.2024132970165849e-12,-9.2149291544864003e+00,5.9460980547009035e-01,1.5089422635811423e+00,1.1358461638510732e-02,1.0000000000000000e+00,
1.0131395939975398e+00,-7.1034961851364514e-02,9.9999999999997746e-01,-2.4475673047512094e-12,-1.1574591280630804e+01,-1.1503595401301506e+01,5.4670927250310974e-04,-4.4562527203915112e-02,1.0000000000000000e+00,
1.0001186391241479e+00,1.1370825297557325e-04,9.9999999999998634e-01,-1.7108998375256827e-13,-4.8890791026674019e-01,-7.6690529475460298e+00,9.0036052997205518e-05,-3.9200659567719627e-02,1.0000000000000000e+00,
9.9569999385462382e-01,6.3939021209534494e-03,9.9999999999999090e-01,1.8601923447585228e-13,4.9879390313565197e-02,-3.4066871445147578e-01,7.5486542266967049e-06,-4.8328014278167164e-03,1.0000000000000000e+00,
9.9616521186894635e-01,2.9010965011300491e-03,9.9999999999999734e-01,1.9829414374807609e-13,-1.8062502132350958e-02,2.3818128201580573e-02,6.5815560786053329e-06,-9.5366521274310636e-04,1.0000000000000000e+00,
9.9799083916529718e-01,1.1567663084603972e-03,9.9999999999999789e-01,2.3858483690307574e-13,-1.8075755435559941e-02,1.7539012571433144e-02,1.6074746335675155e-04,-2.0241616183970130e-04,1.0000000000000000e+00,
9.9905154363326776e-01,4.7791555077238460e-04,9.9999999999999789e-01,2.6428419490466382e-13,-1.1722370364397699e-02,6.3792037289603053e-03,8.1958786817297111e-05,-4.0147813031233640e-05,1.0000000000000000e+00,
9.9954633998245224e-01,1.6669919058215555e-04,9.9999999999999933e-01,2.8032731379176520e-13,-6.7306243270494441e-03,-1.0582454243314310e-05,3.9467160148484379e-05,-7.2356810609066670e-06,1.0000000000000000e+00,
8.3488567612077780e-01,-1.4148456498407208e-01,9.9999999999958711e-01,-1.8379899643516752e-12,-1.5828487652507222e+01,5.2181620966813280e-01,3.8971439812396064e-01,2.8025382991967218e-02,1.0000000000000000e+00,
-8.0626975517999999e-01,-6.5920783208564115e-01,0.0000000000000000e+00,-2.4581908598741286e-12,-6.3532762171681043e+02,-4.3056447661741311e+02,0.0000000000000000e+00,-9.9114601148268910e-01,0.0000000000000000e+00,
1.1835944214010621e-01,2.4784596539477533e-03,9.9999999999993139e-01,-2.9949408444966053e-13,-4.1258091115116912e+01,-1.9210462271095395e+01,4.0294453942102404e-04,-1.3774966452216197e-01,1.0000000000000000e+00,
9.6137040494700965e-01,3.7884973887211291e-04,9.9999999999997780e-01,1.6614282485968073e-13,-2.5905408654209849e+00,2.0669127305335874e-02,4.2310358840799353e-04,-2.6879360298468469e-03,1.0000000000000000e+00,
9.9011981795937931e-01,1.1119736785347220e-04,9.9999999999999489e-01,1.9743651023355506e-13,-3.3157517795729208e-01,3.4633906984461987e-03,5.3147036248909606e-05,3.5000369316551749e-04,1.0000000000000000e+00,
9.9639973999921716e-01,4.1348323926947790e-05,9.9999999999999745e-01,2.3866258354320582e-13,-7.8107440386642427e-02,8.6328617393534941e-04,1.0901451649839066e-05,1.6245263229786692e-04,1.0000000000000000e+00,
9.9849852973415143e-01,1.6599897218752986e-05,9.9999999999999800e-01,2.6438560001483940e-13,-2.5797967609462031e-02,2.4234787424340560e-04,3.1229154748182823e-06,6.1332358536567868e-05,1.0000000000000000e+00,
9.9931756555829387e-01,5.7335609978759730e-06,9.9999999999999933e-01,2.8039472342078789e-13,-1.1512346731431387e-02,3.3381428942339761e-07,1.4485973949182867e-06,-1.1586584606301193e-07,1.0000000000000000e+00,
8.3488567612078146e-01,1.6283389838686420e-04,9.9999999999943656e-01,-1.9078214701127531e-12,-1.5828487652508823e+01,-4.8044580626739616e+01,3.8971439812412284e-01,2.8025382991956095e-02,1.0000000000000000e+00,
-8.0626975517991151e-01,-7.5986816371230004e-01,0.0000000000000000e+00,-2.6956394159928114e-12,-6.3532762171677666e+02,-5.3187642160811913e+02,0.0000000000000000e+00,-9.9114601148255743e-01,0.0000000000000000e+00,
1.1835944214011324e-01,-5.9294402417524905e-01,9.9999999999983635e-01,-3.0080443298381552e-13,-4.1258091115114865e+01,-1.8271070432523337e+02,4.0294453850509004e-04,-1.3774966452216272e-01,1.0000000000000000e+00,
9.6137040494701020e-01,-2.7471494798642464e-02,9.9999999999998845e-01,1.6762068572491333e-13,-2.5905408654207820e+00,-2.1988566330191550e+00,4.2310358792105665e-04,-2.6879360298530499e-03,1.0000000000000000e+00,
9.9011981795937865e-01,-7.5076587462402436e-03,9.9999999999999845e-01,1.9741799570056389e-13,-3.3157517795755098e-01,-2.7789333553834900e-01,5.3147036720266501e-05,3.5000369316354120e-04,1.0000000000000000e+00,
9.9639973999921705e-01,-2.6344852069550657e-03,9.9999999999999956e-01,2.3867168923777600e-13,-7.8107440386460725e-02,-6.4195508681368710e-02,1.0901451464792860e-05,1.6245263229690453e-04,1.0000000000000000e+00,
9.9849852973415176e-01,-1.0479647605161303e-03,9.9999999999999944e-01,2.6439213338762632e-13,-2.5797967609221102e-02,-1.8908315390786443e-02,3.1229148267039077e-06,6.1332358536839745e-05,1.0000000000000000e+00,
9.9931756555829443e-01,-4.3106913780756843e-04,9.9999999999999911e-01,2.8039696923057256e-13,-1.1512346731210200e-02,-5.6482518136361185e-03,1.4485974611874340e-06,-1.1586584599705493e-07,1.0000000000000000e+00,
1.0000267019296596e+00,6.6731101800273382e-04,9.9999999999945399e-01,-1.3589324681510828e-12,-9.2149291544867769e+00,-6.5456013458044353e+00,1.5089422635815670e+00,1.1358461638503112e-02,1.0000000000000000e+00,
1.0131395939975427e+00,-2.8059844019455323e-02,1.0000000000000135e+00,-2.7061566319002368e-12,-1.1574591280632928e+01,-2.8126770607452718e+00,5.4670927204791830e-04,-4.4562527203931598e-02,1.0000000000000000e+00,
1.0001186391241517e+00,-4.3471530665078716e-02,9.9999999999999678e-01,-1.9527509427989907e-13,-4.8890791026627828e-01,-8.9114461457563121e-01,9.0036053944364536e-05,-3.9200659567734358e-02,1.0000000000000000e+00,
9.9569999385462737e-01,-2.4757904545661610e-02,9.9999999999999667e-01,1.8747331819516225e-13,4.9879390313826558e-02,-8.7474271971342132e-01,7.5486541295521903e-06,-4.8328014278236527e-03,1.0000000000000000e+00,
9.9616521186894880e-01,-7.8101460667168356e-03,1.0000000000000020e+00,1.9791232947442985e-13,-1.8062502132655121e-02,-2.5506828879368998e-01,6.5815563998761206e-06,-9.5366521274722134e-04,1.0000000000000000e+00,
9.9799083916529885e-01,-3.1264687004074888e-03,1.0000000000000013e+00,2.3871032049499549e-13,-1.8075755435017951e-02,-6.4628942144772938e-02,1.6074746367576720e-04,-2.0241616184354803e-04,1.0000000000000000e+00,
9.9905154363326820e-01,-1.3699720431653566e-03,1.0000000000000007e+00,2.6429685285995116e-13,-1.1722370364321662e-02,-2.0488980935854585e-02,8.1958787686046627e-05,-4.0147813033037413e-05,1.0000000000000000e+00,
9.9954633998245213e-01,-5.9347300584385975e-04,9.9999999999999789e-01,2.8034239306712127e-13,-6.7306243279182188e-03,-6.6543179141873776e-03,3.9467159536777513e-05,-7.2356810615457660e-06,1.0000000000000000e+00,
1.0000079406421936e+00,1.7725112226113412e-04,9.9999999999959355e-01,-1.3834600239159163e-12,-1.8892111610970266e+00,-1.9721699052117845e+00,3.7832913152867698e-01,7.5668021592114323e-03,1.0000000000000000e+00,
1.0042496324795571e+00,1.6414967708476174e-03,1.0000000000000075e+00,-2.7507605953101753e-12,-1.9254921197555339e+00,-3.8970441093398800e-01,1.6717431470351929e-04,-4.1268028177099871e-03,1.0000000000000000e+00,
1.0081720918089083e+00,-8.8245218777352561e-03,1.0000000000000038e+00,-1.3509007616283825e-13,-5.3046188314192333e-01,2.1000012368584103e-01,4.7799799583747582e-06,-5.1964843380716292e-03,1.0000000000000000e+00,
1.0027169428844189e+00,-8.8304543604021245e-03,1.0000000000000036e+00,1.8828773332667618e-13,-5.6866614593370064e-02,-6.3735167437580335e-03,1.4117606152164175e-05,-3.4200800627873168e-03,1.0000000000000000e+00,
1.0006355883434290e+00,-5.9200736642907115e-03,1.0000000000000047e+00,1.9846166010756652e-13,2.6362539831221860e-02,-3.3464177764885097e-02,4.8270435218378260e-08,-9.6962428827783703e-04,1.0000000000000000e+00,
1.0001529824235138e+00,-2.9263793596702339e-03,1.0000000000000029e+00,2.3855561611310658e-13,8.1596218707503578e-03,-3.0481113949958526e-02,8.4651849672351398e-06,-3.3917320253386935e-04,1.0000000000000000e+00,
1.0000412399128762e+00,-1.3477224993127396e-03,1.0000000000000009e+00,2.6418170682181704e-13,1.9692886209246876e-03,-1.6014867337196148e-02,4.1786612230794093e-05,-1.5183478822727094e-04,1.0000000000000000e+00,
1.0000137319174263e+00,-5.9052800312038936e-04,9.9999999999999623e-01,2.8027294621282365e-13,-2.3443179961002490e-04,-6.0843844708885018e-03,2.5187679539382529e-05,-5.5492795536763828e-05,1.0000000000000000e+00,
1.0000042182807183e+00,4.2160259195181543e-06,9.9999999999891531e-01,-1.4000289541506397e-12,-5.6834335731794672e-01,-5.1727669850341362e-01,9.2129708363514039e-03,6.4897938708546920e-03,1.0000000000000000e+00,
1.0025283604414399e+00,7.3292240352576616e-05,9.9999999999894973e-01,-2.7904068453966064e-12,-6.0001958166269487e-01,-1.7007534800539056e-01,1.0156189009292473e-04,1.8903828909040297e-03,1.0000000000000000e+00,
1.0069677629371430e+00,-2.0777053131479551e-03,9.9999999999963995e-01,-1.4020294580936860e-13,-4.0922896724708380e-01,5.3291594492423620e-03,9.0398927864816445e-06,-5.3498123802310830e-04,1.0000000000000000e+00,
1.0045715965202637e+00,-2.6737240073709833e-03,9.9999999999989941e-01,1.8676133500005904e-13,-1.3226007297527848e-01,2.1569625202769041e-03,1.7582748130726134e-07,-7.1622585583618525e-04,1.0000000000000000e+00,
1.0022331437085072e+00,-2.5107541254838425e-03,9.9999999999993461e-01,1.9712291428610421e-13,-1.5246981206605646e-02,2.8671980724547441e-04,5.6563910135615236e-07,-6.2300958699937239e-04,1.0000000000000000e+00,
1.0010462042729049e+00,-1.6014047553869436e-03,9.9999999999993094e-01,2.3777981899258457e-13,1.3109919733625651e-02,-5.4846725453981228e-03,7.0638492754779292e-08,-3.3887421875857849e-04,1.0000000000000000e+00,
1.0004981277289418e+00,-8.3399460435100350e-04,9.9999999999993328e-01,2.6370860195679701e-13,7.5278447427731300e-03,-5.4597592245963621e-03,3.4754231100202898e-06,-1.7847423718872759e-04,1.0000000000000000e+00,
1.0002681872876653e+00,-3.8653731167384190e-04,9.9999999999994815e-01,2.8000244151618171e-13,-6.0817132794924677e-04,-3.0045718976031421e-03,2.2971573198569658e-06,-7.1616753358038076e-05,1.0000000000000000e+00,

64,9
1.0034434107484327e+00,-4.2160259190303768e-06,1.0000000000000433e+00,2.2324083229589521e-12,-1.3318028545304499e-02,5.1727669850291158e-01,2.5565570407331561e+00,1.0559649978126584e-02,1.0000000000000000e+00,
1.0094413252976462e+00,-7.3292240352599967e-05,1.0000000000000271e+00,9.7892206071156828e-13,-3.3976650417277099e-01,1.7007534800561364e-01,3.0211767024414526e-01,7.0779607059066711e-03,1.0000000000000000e+00,
1.0096301992315853e+00,2.0777053131509817e-03,1.0000000000000278e+00,1.9508300208240157e-13,-8.1456253362302417e-02,-5.3291594488206508e-03,3.2183239855995173e-03,2.5933900792665461e-03,1.0000000000000000e+00,
1.0078244067848556e+00,2.6737240073722254e-03,1.0000000000000193e+00,2.0453733854323968e-13,2.6372292318647524e-02,-2.1569625198572312e-03,1.9149921256150781e-03,2.8359366303605369e-04,1.0000000000000000e+00,
1.0046302557642257e+00,2.5107541254846648e-03,1.0000000000000111e+00,2.4099997906465988e-13,3.0269182681337228e-02,-2.8671980744743959e-04,4.5798389433950037e-04,-3.2789810677540354e-04,1.0000000000000000e+00,
1.0025574358389600e+00,1.6014047553874506e-03,1.0000000000000071e+00,2.6552585603680991e-13,2.4280849892641881e-02,5.4846725453129852e-03,3.3330902765482304e-04,-1.6379755686986582e-04,1.0000000000000000e+00,
1.0012872114525726e+00,8.3399460435121286e-04,1.0000000000000113e+00,2.8119591917762741e-13,1.3181869939562650e-02,5.4597592246447280e-03,2.4080623139794376e-04,-6.2071641399154731e-05,1.0000000000000000e+00,
1.0006382894957409e+00,3.8653731167394463e-04,1.0000000000000440e+00,2.8649159695573274e-13,8.7826263954249237e-03,3.0045718973325010e-03,5.0483013488283662e-03,1.9005354096594437e-07,1.0000000000000000e+00,
1.0106636135528029e+00,-1.7725112226100892e-04,1.0000000000001159e+00,2.4241945575016297e-12,-2.5141890334888506e-02,1.9721699052121111e+00,7.5184640216387599e+00,2.1562004545073045e-02,1.0000000000000000e+00,
1.0220000226186958e+00,-1.6414967708476970e-03,1.0000000000000113e+00,1.0498848373767423e-12,-4.4707633948229886e-01,3.8970441093390279e-01,1.0941540149934315e+00,9.8140831553884447e-03,1.0000000000000000e+00,
1.0212060341886169e+00,8.8245218777355198e-03,1.0000000000000104e+00,1.8345613206906736e-13,3.5196928997432259e-01,-2.1000012368626339e-01,1.1703381491236231e-02,1.4696274966103696e-03,1.0000000000000000e+00,
1.0094485117160450e+00,8.8304543604025010e-03,1.0000000000000098e+00,1.9715769006288695e-13,3.4121498639161413e-01,6.3735167438225965e-03,8.1559811024117801e-03,-6.7425194260836360e-04,1.0000000000000000e+00,
1.0043381375005906e+00,5.9200736642906638e-03,1.0000000000000082e+00,2.3666025780905796e-13,1.3696911043050486e-01,3.3464177764531942e-02,7.2240313150340185e-04,-2.4410382338305994e-04,1.0000000000000000e+00,
1.0020708468680386e+00,2.9263793596697599e-03,1.0000000000000064e+00,2.6293080466566931e-13,3.4416437788248606e-02,3.0481113950309648e-02,3.2461289658815284e-04,-5.5235044411999301e-05,1.0000000000000000e+00,
1.0009594247941767e+00,1.3477224993122016e-03,1.0000000000000071e+00,2.7963578658668709e-13,1.3091348300533601e-02,1.6014867337541379e-02,1.6915261523003933e-04,-1.2262387083798217e-05,1.0000000000000000e+00,
1.0004558473944996e+00,5.9052800311950216e-04,1.0000000000000087e+00,2.8553766640611621e-13,7.0936189679030306e-03,6.0843844709746664e-03,7.5501260403972210e-03,7.3259937262006685e-08,1.0000000000000000e+00,
1.0329197572348461e+00,-6.6731101800259634e-04,1.0000000000001195e+00,2.6277986585070184e-12,-8.4707717169599933e-02,6.5456013458041964e+00,1.5914871242792172e+01,5.9613237693670232e-02,1.0000000000000000e+00,
1.0844851942703424e+00,2.8059844019454789e-02,1.0000000000000184e+00,1.0748232101982301e-12,3.5115674060946560e+00,2.8126770607463110e+00,1.9510638579652018e+00,1.9187859841329275e-02,1.0000000000000000e+00,
1.0625915084882076e+00,4.3471530665077862e-02,1.0000000000000124e+00,1.8382278519444910e-13,5.4338791665808399e+00,8.9114461457520588e-01,2.0324884109472752e-01,-3.8836353365831709e-03,1.0000000000000000e+00,
1.0094281523707653e+00,2.4757904545661073e-02,1.0000000000000058e+00,1.9664321999981306e-13,1.1578570981007374e+00,8.7474271971294393e-01,1.2235584538800026e-02,3.1783284074290817e-04,1.0000000000000000e+00,
1.0022434956737074e+00,7.8101460667163395e-03,1.0000000000000047e+00,2.3672722581917301e-13,1.5321124255889337e-01,2.5506828879366777e-01,4.3678213765968588e-03,3.8982863675018334e-04,1.0000000000000000e+00,
1.0004403941755313e+00,3.1264687004069862e-03,1.0000000000000024e+00,2.6304394849627725e-13,3.2157037181784809e-02,6.4628942144634813e-02,9.0368122101572301e-04,2.9503508411835716e-04,1.0000000000000000e+00,
1.0000729611080510e+00,1.3699720431643841e-03,1.0000000000000018e+00,2.7970491671458404e-13,6.6110315208101613e-03,2.0488980935588774e-02,2.4160115084520539e-04,1.4211535397687985e-04,1.0000000000000000e+00,
1.0000058941110819e+00,5.9347300584330670e-04,1.0000000000000020e+00,2.8559099429954344e-13,1.3269864168056963e-03,6.6543179140082821e-03,7.5666634125110335e-03,5.3147599137220967e-05,1.0000000000000000e+00,
1.0342966385283234e+00,-1.6283389838693676e-04,1.0000000000001292e+00,2.6160065217535854e-12,5.6798754242531558e+01,4.8044580626736774e+01,1.5491761564054002e+01,2.6419486717682206e-01,1.0000000000000000e+00,
1.4571372084974596e+00,7.5986816371231092e-01,1.0000000000004861e+00,1.7838794128276664e-12,7.4135109700884834e+02,5.3187642160799112e+02,2.5004138731179255e+03,5.0458696231480893e-01,1.0000000000000000e+00,
1.1038402139992578e+00,5.9294402417525116e-01,1.0000000000000855e+00,8.8026724171424113e-13,2.8088940555615528e+02,1.8271070432523055e+02,2.1829498975776630e+02,1.4400624894113803e-01,1.0000000000000000e+00,
9.9711620753969832e-01,2.7471494798641052e-02,9.9999999999999778e-01,1.9553874862029364e-13,1.1054654310856593e+00,2.1988566330188379e+00,1.4517904621257349e-01,1.2680356477549929e-02,1.0000000000000000e+00,
9.9772436950107912e-01,7.5076587462391152e-03,9.9999999999999956e-01,2.3672698960509698e-13,1.2633865056073498e-02,2.7789333553788059e-01,5.4562091285639824e-03,2.4166535291509071e-03,1.0000000000000000e+00,
9.9894277440904089e-01,2.6344852069536111e-03,9.9999999999999956e-01,2.6308312460380120e-13,-1.3647718970741983e-02,6.4195508681326077e-02,9.1181309125297483e-04,7.2065487073425926e-04,1.0000000000000000e+00,
9.9949950253715159e-01,1.0479647605149455e-03,1.0000000000000004e+00,2.7974134139109071e-13,-7.4540656558840877e-03,1.8908315390780746e-02,2.3099942648759780e-04,2.5896253164748911e-04,1.0000000000000000e+00,
9.9973135758259124e-01,4.3106913780643186e-04,1.0000000000000009e+00,2.8561837546314351e-13,3.7077070740163811e-04,5.6482518136945041e-03,5.3837048858133623e-03,8.6933634822017981e-05,1.0000000000000000e+00,
1.0342966385283292e+00,1.4148456498407824e-01,1.0000000000001905e+00,2.8644044310244125e-12,5.6798754242532922e+01,-5.2181620966767617e-01,1.5491761564054690e+01,2.6419486717682250e-01,1.0000000000000000e+00,
1.4571372084974985e+00,6.5920783208565448e-01,1.0000000000003000e+00,1.8598618097535463e-12,7.4135109700864473e+02,4.3056447661726463e+02,2.5004138731181843e+03,5.0458696231481814e-01,1.0000000000000000e+00,
1.1038402139992631e+00,-2.4784596539497755e-03,1.0000000000001030e+00,8.9705602276549774e-13,2.8088940555614147e+02,1.9210462271090652e+01,2.1829498975776994e+02,1.4400624894113287e-01,1.0000000000000000e+00,
9.9711620753970243e-01,-3.7884973887406572e-04,1.0000000000000113e+00,1.9577185396239841e-13,1.1054654310862488e+00,-2.0669127305555882e-02,1.4517904621125510e-01,1.2680356477549750e-02,1.0000000000000000e+00,
9.9772436950108034e-01,-1.1119736785543830e-04,1.0000000000000064e+00,2.3677823296295934e-13,1.2633865056791239e-02,-3.4633906988331504e-03,5.4562091277257641e-03,2.4166535291508294e-03,1.0000000000000000e+00,
9.9894277440904145e-01,-4.1348323928301471e-05,1.0000000000000031e+00,2.6308626711399342e-13,-1.3647718971061771e-02,-8.6328617398231163e-04,9.1181309077210948e-04,7.2065487073412569e-04,1.0000000000000000e+00,
9.9949950253715258e-01,-1.6599897220137963e-05,1.0000000000000018e+00,2.7973923947684205e-13,-7.4540656554555208e-03,-2.4234787418514058e-04,2.3099942757821845e-04,2.5896253164759070e-04,1.0000000000000000e+00,
9.9973135758259135e-01,-5.7335609982295059e-06,1.0000000000000011e+00,2.8561695636051798e-13,3.7077070719057571e-04,-3.3381428151202518e-07,5.3837048859707018e-03,8.6933634822008996e-05,1.0000000000000000e+00,
1.0329197572348512e+00,7.1144164967679460e-02,1.0000000000001328e+00,2.9406877382382033e-12,-8.4707717160395143e-02,-5.9460980546922404e-01,1.5914871242790651e+01,5.9613237693669309e-02,1.0000000000000000e+00,
1.0844851942703471e+00,7.1034961851364944e-02,1.0000000000000639e+00,1.2563118950448479e-12,3.5115674060948869e+00,1.1503595401302915e+01,1.9510638579633977e+00,1.9187859841317888e-02,1.0000000000000000e+00,
1.0625915084882143e+00,-1.1370825297545988e-04,1.0000000000000211e+00,1.8916031714745738e-13,5.4338791665821775e+00,7.6690529475476863e+00,2.0324884109321761e-01,-3.8836353365899693e-03,1.0000000000000000e+00,
1.0094281523707687e+00,-6.3939021209533592e-03,1.0000000000000056e+00,1.9978217599745103e-13,1.1578570981014991e+00,3.4066871445121355e-01,1.2235584537814703e-02,3.1783284073951483e-04,1.0000000000000000e+00,
1.0022434956737103e+00,-2.9010965011310496e-03,1.0000000000000053e+00,2.3679804284532577e-13,1.5321124255851193e-01,-2.3818128201656165e-02,4.3678213771852770e-03,3.8982863674756727e-04,1.0000000000000000e+00,
1.0004403941755320e+00,-1.1567663084614507e-03,1.0000000000000040e+00,2.6303955524636461e-13,3.2157037182156921e-02,-1.7539012571466200e-02,9.0368122051508182e-04,2.9503508411644880e-04,1.0000000000000000e+00,
1.0000729611080497e+00,-4.7791555077364640e-04,1.0000000000000024e+00,2.7971401321797149e-13,6.6110315200653058e-03,-6.3792037290965539e-03,2.4160115109205654e-04,1.4211535397595258e-04,1.0000000000000000e+00,
1.0000058941110805e+00,-1.6669919058262528e-04,1.0000000000000011e+00,2.8559609199830549e-13,1.3269864168866121e-03,1.0582453926086052e-05,7.5666634130965678e-03,5.3147599137369611e-05,1.0000000000000000e+00,
1.0106636135528042e+00,2.1850154172742987e-02,1.0000000000000902e+00,2.9811982077474193e-12,-2.5141890330747547e-02,-2.1941624434317369e-01,7.5184640216386809e+00,2.1562004545071223e-02,1.0000000000000000e+00,
1.0220000226186994e+00,2.1792966361137169e-02,1.0000000000000304e+00,1.2854541165271309e-12,-4.4707633948339753e-01,1.2636758888281041e+00,1.0941540149941420e+00,9.8140831553804944e-03,1.0000000000000000e+00,
1.0212060341886215e+00,1.9997113437982446e-03,1.0000000000000213e+00,1.9120842847658864e-13,3.5196928997393295e-01,1.2520758373585066e+00,1.1703381491354192e-02,1.4696274966029704e-03,1.0000000000000000e+00,
1.0094485117160479e+00,-2.4251256284554112e-03,1.0000000000000153e+00,2.0102363789465741e-13,3.4121498639147768e-01,3.5000581775025680e-01,8.1559811026664375e-03,-6.7425194261361353e-04,1.0000000000000000e+00,
1.0043381375005909e+00,-1.7637623246355742e-03,1.0000000000000102e+00,2.3676431682614795e-13,1.3696911043097160e-01,5.0420922662569263e-02,7.2240312922119965e-04,-2.4410382338666494e-04,1.0000000000000000e+00,
1.0020708468680384e+00,-9.2079428579814509e-04,1.0000000000000060e+00,2.6295114995797107e-13,3.4416437788663608e-02,7.5334396392519321e-05,3.2461289774833590e-04,-5.5235044413414362e-05,1.0000000000000000e+00,
1.0009594247941755e+00,-4.2882471875560247e-04,1.0000000000000042e+00,2.7965237085572197e-13,1.3091348301750658e-02,-3.4337457095640939e-03,1.6915261472211229e-04,-1.2262387084224475e-05,1.0000000000000000e+00,
1.0004558473944971e+00,-1.5601116791747523e-04,1.0000000000000016e+00,2.8555831748201849e-13,7.0936189681181545e-03,1.9598280039276725e-05,7.5501260416170135e-03,7.3259937378132758e-08,1.0000000000000000e+00,
1.0034434107484353e+00,7.0122776876514201e-03,1.0000000000002003e+00,3.0391779917091655e-12,-1.3318028545354632e-02,-6.0241083261101946e-03,2.5565570407309499e+00,1.0559649978120887e-02,1.0000000000000000e+00,
1.0094413252976489e+00,7.0235339962767176e-03,1.0000000000001710e+00,1.3091268168132681e-12,-3.3976650418207849e-01,2.2596904228811196e-01,3.0211767024410502e-01,7.0779607058987330e-03,1.0000000000000000e+00,
1.0096301992315875e+00,1.7449560319268977e-03,1.0000000000000790e+00,1.9682710669502925e-13,-8.1456253362556255e-02,2.6003745779906401e-01,3.2183239886735340e-03,2.5933900792620311e-03,1.0000000000000000e+00,
1.0078244067848563e+00,-5.3154667318887160e-05,1.0000000000000329e+00,2.0604349635834846e-13,2.6372292320133581e-02,1.8518093143311212e-01,1.9149921246346124e-03,2.8359366302939442e-04,1.0000000000000000e+00,
1.0046302557642239e+00,-5.3913721866507051e-05,1.0000000000000111e+00,2.3849355585225493e-13,3.0269182680319827e-02,4.8489548184979456e-02,4.5798389394016703e-04,-3.2789810677976062e-04,1.0000000000000000e+00,
1.0025574358389593e+00,-2.9696895465915063e-05,1.0000000000000064e+00,2.6393101802134264e-13,2.4280849892741853e-02,2.9339382063691528e-03,3.3330902749239871e-04,-1.6379755687203791e-04,1.0000000000000000e+00,
1.0012872114525713e+00,-1.4185732448034569e-05,1.0000000000000044e+00,2.8025072005398249e-13,1.3181869939924788e-02,-9.7218756399839400e-05,2.4080622965385007e-04,-6.2071641399672560e-05,1.0000000000000000e+00,
1.0006382894957406e+00,-5.2083568319895858e-06,1.0000000000000162e+00,2.8590991288717070e-13,8.7826263926742872e-03,1.8691611937040368e-05,5.0483013497205778e-03,1.9005353998413964e-07,1.0000000000000000e+00,

