1
1
4
4
(6 0
((32,112) (47,127) (0,0))
((48,112) (63,127) (0,0))
((64,112) (71,127) (0,0))
((32,128) (47,143) (0,0))
((48,128) (63,143) (0,0))
((64,128) (71,143) (0,0))
)
6
FabOnDisk: SD_0_New_MF_D_00000 0
FabOnDisk: SD_0_New_MF_D_00000 18518
FabOnDisk: SD_0_New_MF_D_00000 37036
FabOnDisk: SD_0_New_MF_D_00000 49410
FabOnDisk: SD_0_New_MF_D_00000 67928
FabOnDisk: SD_0_New_MF_D_00000 86446

6,4
2.7399790121652078e-02,-7.0290036484920415e-01,9.9999999999914513e-01,-3.0343875378985389e-15,
-1.1299900192266805e+00,-5.3104630536473729e-01,9.9999999999976297e-01,-2.9484384875842244e-15,
-1.2097039702231360e+00,-1.2926462625116411e-01,9.9999999999980715e-01,-1.0626615132067623e-16,
2.7372538398062890e-02,1.5460985866374009e-02,9.9999999999928213e-01,-8.4127362701610319e-15,
-1.1297797745564047e+00,-7.7165803737584970e-03,9.9999999999816813e-01,-2.1019592332257557e-15,
-1.2096781100849912e+00,-3.1367842818644631e-01,9.9999999999988309e-01,-4.6453161697155105e-17,

6,4
1.0000000000000000e+40,1.0000000000000000e+40,1.0000000000000000e+40,1.0000000000000000e+40,
1.0000000000000000e+40,1.0000000000000000e+40,1.0000000000000000e+40,1.0000000000000000e+40,
1.5855073585230686e+00,3.1359042142637605e-01,1.0000000000002622e+00,7.1189258285033929e-16,
1.0000000000000000e+40,1.0000000000000000e+40,1.0000000000000000e+40,1.0000000000000000e+40,
1.0000000000000000e+40,1.0000000000000000e+40,1.0000000000000000e+40,1.0000000000000000e+40,
1.5855486490505037e+00,1.2946157953673612e-01,1.0000000000002793e+00,7.1260118962625798e-16,

