1
1
4
4
(6 0
((32,112) (47,127) (0,0))
((48,112) (63,127) (0,0))
((64,112) (71,127) (0,0))
((32,128) (47,143) (0,0))
((48,128) (63,143) (0,0))
((64,128) (71,143) (0,0))
)
6
FabOnDisk: SD_0_Old_MF_D_00000 0
FabOnDisk: SD_0_Old_MF_D_00000 18518
FabOnDisk: SD_0_Old_MF_D_00000 37036
FabOnDisk: SD_0_Old_MF_D_00000 49410
FabOnDisk: SD_0_Old_MF_D_00000 67928
FabOnDisk: SD_0_Old_MF_D_00000 86446

6,4
0.0000000000000000e+00,-7.0254388175316296e-01,9.9999999999914624e-01,-2.1446219003069180e-15,
-1.1310144050324402e+00,-5.3155266385473732e-01,9.9999999999976297e-01,-3.1097516276000069e-15,
-1.2106805552291473e+00,-1.2887310583951961e-01,9.9999999999980760e-01,-3.3636754471586357e-16,
0.0000000000000000e+00,0.0000000000000000e+00,9.9999999999927525e-01,-7.8744334945525895e-15,
-1.1307984884970392e+00,-7.6519503096620801e-03,9.9999999999817202e-01,-2.1776449362662605e-15,
-1.2106408044771784e+00,-3.1067595843222801e-01,9.9999999999988243e-01,-3.2849329746575184e-16,

6,4
1.2702005460251848e+00,0.0000000000000000e+00,1.0000000000000000e+40,5.8054061010784246e-16,
1.5697876638090689e+00,7.6821249647516755e-03,1.0000000000000000e+40,1.2758300536671188e-15,
1.5855887305732372e+00,3.1058847024854924e-01,1.0000000000002611e+00,3.0428008234099417e-17,
1.2701210048991753e+00,7.0252318109883549e-01,1.0000000000000000e+40,2.0964670020649480e-15,
1.5698207612511059e+00,5.3150379095904454e-01,1.0000000000000000e+40,8.2921589219633309e-15,
1.5856294111625400e+00,1.2907848276461295e-01,1.0000000000002780e+00,4.4614620143958369e-17,

