1
1
1
1
(6 0
((32,112) (48,128) (1,1))
((48,112) (64,128) (1,1))
((64,112) (72,128) (1,1))
((32,128) (48,144) (1,1))
((48,128) (64,144) (1,1))
((64,128) (72,144) (1,1))
)
6
FabOnDisk: SD_1_New_MF_D_00000 0
FabOnDisk: SD_1_New_MF_D_00000 2974
FabOnDisk: SD_1_New_MF_D_00000 5948
FabOnDisk: SD_1_New_MF_D_00000 7706
FabOnDisk: SD_1_New_MF_D_00000 10680
FabOnDisk: SD_1_New_MF_D_00000 13654

6,1
-4.0673785787689154e-01,
-1.0097412718890553e+00,
-1.0603650088240388e+00,
-4.0690657124726132e-01,
-1.0101079051725339e+00,
-1.0610134070574002e+00,

6,1
6.4303693374907500e-01,
0.0000000000000000e+00,
-4.2289560894229195e-01,
6.4303693374907500e-01,
0.0000000000000000e+00,
-4.2287782661312096e-01,

