1
1
4
4
(64 0
((0,0) (15,15) (0,0))
((16,0) (31,15) (0,0))
((32,0) (47,15) (0,0))
((48,0) (63,15) (0,0))
((64,0) (79,15) (0,0))
((80,0) (95,15) (0,0))
((96,0) (111,15) (0,0))
((112,0) (127,15) (0,0))
((0,16) (15,31) (0,0))
((16,16) (31,31) (0,0))
((32,16) (47,31) (0,0))
((48,16) (63,31) (0,0))
((64,16) (79,31) (0,0))
((80,16) (95,31) (0,0))
((96,16) (111,31) (0,0))
((112,16) (127,31) (0,0))
((0,32) (15,47) (0,0))
((16,32) (31,47) (0,0))
((32,32) (47,47) (0,0))
((48,32) (63,47) (0,0))
((64,32) (79,47) (0,0))
((80,32) (95,47) (0,0))
((96,32) (111,47) (0,0))
((112,32) (127,47) (0,0))
((0,48) (15,63) (0,0))
((16,48) (31,63) (0,0))
((32,48) (47,63) (0,0))
((48,48) (63,63) (0,0))
((64,48) (79,63) (0,0))
((80,48) (95,63) (0,0))
((96,48) (111,63) (0,0))
((112,48) (127,63) (0,0))
((0,64) (15,79) (0,0))
((16,64) (31,79) (0,0))
((32,64) (47,79) (0,0))
((48,64) (63,79) (0,0))
((64,64) (79,79) (0,0))
((80,64) (95,79) (0,0))
((96,64) (111,79) (0,0))
((112,64) (127,79) (0,0))
((0,80) (15,95) (0,0))
((16,80) (31,95) (0,0))
((32,80) (47,95) (0,0))
((48,80) (63,95) (0,0))
((64,80) (79,95) (0,0))
((80,80) (95,95) (0,0))
((96,80) (111,95) (0,0))
((112,80) (127,95) (0,0))
((0,96) (15,111) (0,0))
((16,96) (31,111) (0,0))
((32,96) (47,111) (0,0))
((48,96) (63,111) (0,0))
((64,96) (79,111) (0,0))
((80,96) (95,111) (0,0))
((96,96) (111,111) (0,0))
((112,96) (127,111) (0,0))
((0,112) (15,127) (0,0))
((16,112) (31,127) (0,0))
((32,112) (47,127) (0,0))
((48,112) (63,127) (0,0))
((64,112) (79,127) (0,0))
((80,112) (95,127) (0,0))
((96,112) (111,127) (0,0))
((112,112) (127,127) (0,0))
)
64
FabOnDisk: SD_0_New_MF_D_00000 0
FabOnDisk: SD_0_New_MF_D_00000 18516
FabOnDisk: SD_0_New_MF_D_00000 37032
FabOnDisk: SD_0_New_MF_D_00000 55548
FabOnDisk: SD_0_New_MF_D_00000 74064
FabOnDisk: SD_0_New_MF_D_00000 92580
FabOnDisk: SD_0_New_MF_D_00000 111096
FabOnDisk: SD_0_New_MF_D_00000 129613
FabOnDisk: SD_0_New_MF_D_00000 148131
FabOnDisk: SD_0_New_MF_D_00000 166647
FabOnDisk: SD_0_New_MF_D_00000 185163
FabOnDisk: SD_0_New_MF_D_00000 203679
FabOnDisk: SD_0_New_MF_D_00000 222195
FabOnDisk: SD_0_New_MF_D_00000 240711
FabOnDisk: SD_0_New_MF_D_00000 259227
FabOnDisk: SD_0_New_MF_D_00000 277744
FabOnDisk: SD_0_New_MF_D_00000 296262
FabOnDisk: SD_0_New_MF_D_00000 314778
FabOnDisk: SD_0_New_MF_D_00000 333294
FabOnDisk: SD_0_New_MF_D_00000 351810
FabOnDisk: SD_0_New_MF_D_00000 370326
FabOnDisk: SD_0_New_MF_D_00000 388842
FabOnDisk: SD_0_New_MF_D_00000 407358
FabOnDisk: SD_0_New_MF_D_00000 425875
FabOnDisk: SD_0_New_MF_D_00000 444393
FabOnDisk: SD_0_New_MF_D_00000 462909
FabOnDisk: SD_0_New_MF_D_00000 481425
FabOnDisk: SD_0_New_MF_D_00000 499941
FabOnDisk: SD_0_New_MF_D_00000 518457
FabOnDisk: SD_0_New_MF_D_00000 536973
FabOnDisk: SD_0_New_MF_D_00000 555489
FabOnDisk: SD_0_New_MF_D_00000 574006
FabOnDisk: SD_0_New_MF_D_00000 592524
FabOnDisk: SD_0_New_MF_D_00000 611040
FabOnDisk: SD_0_New_MF_D_00000 629556
FabOnDisk: SD_0_New_MF_D_00000 648072
FabOnDisk: SD_0_New_MF_D_00000 666588
FabOnDisk: SD_0_New_MF_D_00000 685104
FabOnDisk: SD_0_New_MF_D_00000 703620
FabOnDisk: SD_0_New_MF_D_00000 722137
FabOnDisk: SD_0_New_MF_D_00000 740655
FabOnDisk: SD_0_New_MF_D_00000 759171
FabOnDisk: SD_0_New_MF_D_00000 777687
FabOnDisk: SD_0_New_MF_D_00000 796203
FabOnDisk: SD_0_New_MF_D_00000 814719
FabOnDisk: SD_0_New_MF_D_00000 833235
FabOnDisk: SD_0_New_MF_D_00000 851751
FabOnDisk: SD_0_New_MF_D_00000 870268
FabOnDisk: SD_0_New_MF_D_00000 888786
FabOnDisk: SD_0_New_MF_D_00000 907303
FabOnDisk: SD_0_New_MF_D_00000 925820
FabOnDisk: SD_0_New_MF_D_00000 944337
FabOnDisk: SD_0_New_MF_D_00000 962854
FabOnDisk: SD_0_New_MF_D_00000 981371
FabOnDisk: SD_0_New_MF_D_00000 999888
FabOnDisk: SD_0_New_MF_D_00000 1018406
FabOnDisk: SD_0_New_MF_D_00000 1036925
FabOnDisk: SD_0_New_MF_D_00000 1055443
FabOnDisk: SD_0_New_MF_D_00000 1073961
FabOnDisk: SD_0_New_MF_D_00000 1092479
FabOnDisk: SD_0_New_MF_D_00000 1110997
FabOnDisk: SD_0_New_MF_D_00000 1129515
FabOnDisk: SD_0_New_MF_D_00000 1148033
FabOnDisk: SD_0_New_MF_D_00000 1166552

64,4
1.0000042268746288e+00,-7.0367251786727543e-03,9.9999999999996469e-01,1.7893689829614796e-15,
1.0025141586553108e+00,-7.0331651015613150e-03,9.9999999999991085e-01,5.7937053426207219e-14,
1.0069660551824255e+00,-1.7551403595873758e-03,9.9999999999991129e-01,1.1359966429817647e-13,
1.0045757207214814e+00,5.3084102677730693e-05,9.9999999999997158e-01,1.6516446716221294e-13,
1.0022355189162013e+00,5.3963175905402100e-05,9.9999999999999634e-01,2.1043796724998142e-13,
1.0010473934435733e+00,2.9733266129896638e-05,9.9999999999998002e-01,2.4763743104425384e-13,
1.0004985598111324e+00,1.4211535461390920e-05,9.9999999999993772e-01,2.7528510781955313e-13,
1.0002680293767221e+00,5.1874281661568548e-06,9.9999999999982103e-01,2.9224075567323798e-13,
1.0000079437266509e+00,-2.1888660210571061e-02,9.9999999999993572e-01,1.7870481573535204e-15,
1.0042307058891364e+00,-2.1805648453391162e-02,9.9999999999999345e-01,5.8973624002151196e-14,
1.0081777690706648e+00,-2.0144681050113860e-03,1.0000000000000016e+00,1.1437622538524340e-13,
1.0027180184264299e+00,2.4237040702571014e-03,1.0000000000000038e+00,1.6567612773604078e-13,
1.0006359210218014e+00,1.7653557231804859e-03,1.0000000000000024e+00,2.1075787386812108e-13,
1.0001531072356045e+00,9.2190573786824653e-04,1.0000000000000016e+00,2.4782954519565383e-13,
1.0000412747916279e+00,4.2959865554017575e-04,1.0000000000000011e+00,2.7539752841456835e-13,
1.0000137080613296e+00,1.5538599510218765e-04,1.0000000000000000e+00,2.9230722788376331e-13,
1.0000266993593856e+00,-7.1443563917558517e-02,9.9999999999993638e-01,1.7613384056085409e-15,
1.0131089038887651e+00,-7.1414557668318307e-02,9.9999999999997324e-01,5.8659405591602512e-14,
1.0001055924574689e+00,9.3399870743350840e-05,9.9999999999998646e-01,1.1460517808433612e-13,
9.9569105377121980e-01,6.3976364145169424e-03,9.9999999999999145e-01,1.6595264782758501e-13,
9.9616008493665542e-01,2.9028854670043475e-03,9.9999999999999745e-01,2.1093798253936145e-13,
9.9798858622476272e-01,1.1580008912866657e-03,9.9999999999999822e-01,2.4792483057126421e-13,
9.9905046236439743e-01,4.7874151652838850e-04,1.0000000000000000e+00,2.7544723046287739e-13,
9.9954596549352581e-01,1.6603895866306562e-04,9.9999999999999789e-01,2.9233588144096517e-13,
8.3461828543346850e-01,-1.4116935732921518e-01,9.9999999999961209e-01,-1.7069131400481140e-12,
-8.0973241035309662e-01,-6.5813139206698468e-01,9.9999999999951039e-01,-1.5598317158085472e-12,
1.1842192252878253e-01,2.3874718415363670e-03,9.9999999999982914e-01,7.0681058587369491e-14,
9.6135549269505671e-01,3.7871490834154927e-04,9.9999999999998046e-01,1.6652657250959630e-13,
9.9011648964676846e-01,1.1124744889624408e-04,9.9999999999999467e-01,2.1118766728011674e-13,
9.9639657352111211e-01,4.1390366957428306e-05,9.9999999999999789e-01,2.4803581403293524e-13,
9.9849689989875123e-01,1.6628240827643059e-05,1.0000000000000000e+00,2.7549880565951523e-13,
9.9931700529911527e-01,5.7109093229308151e-06,9.9999999999999933e-01,2.9236378065357672e-13,
8.3461828543347139e-01,1.6290721802538643e-04,9.9999999999944367e-01,-1.8231308880532956e-12,
-8.0973241035302068e-01,-7.8206728748842913e-01,9.9999999999930600e-01,-1.6444487415591677e-12,
1.1842192252878941e-01,-5.8691337925021281e-01,9.9999999999994160e-01,6.7202212052335367e-14,
9.6135549269505571e-01,-2.7495709998251384e-02,9.9999999999999012e-01,1.6652679842736140e-13,
9.9011648964676913e-01,-7.5092425913930259e-03,9.9999999999999412e-01,2.1118769999147371e-13,
9.9639657352111011e-01,-2.6361473850570649e-03,9.9999999999999722e-01,2.4803583546886199e-13,
9.9849689989875223e-01,-1.0491084393620881e-03,9.9999999999999967e-01,2.7549911804836094e-13,
9.9931700529911505e-01,-4.3184406469993825e-04,9.9999999999999922e-01,2.9236293783466818e-13,
1.0000266993593856e+00,6.6780997930508657e-04,9.9999999999943789e-01,1.7612423085176765e-15,
1.0131089038887682e+00,-2.8098068431767993e-02,1.0000000000000060e+00,5.8661077811040772e-14,
1.0001055924574758e+00,-4.3588023165975875e-02,9.9999999999999178e-01,1.1460518787572362e-13,
9.9569105377122369e-01,-2.4770563940384519e-02,9.9999999999999756e-01,1.6595305940782286e-13,
9.9616008493666020e-01,-7.8129850600406527e-03,1.0000000000000016e+00,2.1093751149913969e-13,
9.9798858622476438e-01,-3.1288781178445092e-03,1.0000000000000002e+00,2.4792581858401831e-13,
9.9905046236439876e-01,-1.3715589813755840e-03,9.9999999999999989e-01,2.7544704198267577e-13,
9.9954596549352670e-01,-5.9456207275185573e-04,9.9999999999999856e-01,2.9233608909315522e-13,
1.0000079437266509e+00,1.7756201208337337e-04,9.9999999999955635e-01,1.7869259229191640e-15,
1.0042307058891453e+00,1.6639100992724737e-03,1.0000000000000120e+00,5.8975203163845644e-14,
1.0081777690706750e+00,-8.8299446191500153e-03,1.0000000000000056e+00,1.1437620349619911e-13,
1.0027180184264333e+00,-8.8342934648205588e-03,1.0000000000000069e+00,1.6567649067676319e-13,
1.0006359210218037e+00,-5.9235890679141864e-03,1.0000000000000053e+00,2.1075825666572109e-13,
1.0001531072356054e+00,-2.9288544633358912e-03,1.0000000000000029e+00,2.4782962763219105e-13,
1.0000412747916279e+00,-1.3493106568195396e-03,1.0000000000000000e+00,2.7539815306375492e-13,
1.0000137080613281e+00,-5.9161493007265677e-04,9.9999999999999534e-01,2.9230811714415230e-13,
1.0000042268746294e+00,4.2263095150300142e-06,9.9999999999869638e-01,1.7891578257017510e-15,
1.0025141586552355e+00,7.3612953311645051e-05,9.9999999999871647e-01,5.8684374321133048e-14,
1.0069660551823554e+00,-2.0758609186578660e-03,9.9999999999948008e-01,1.1411786906473185e-13,
1.0045757207214838e+00,-2.6748021077194627e-03,9.9999999999982769e-01,1.6547814890459947e-13,
1.0022355189162020e+00,-2.5120592645067078e-03,9.9999999999994726e-01,2.1062598851021781e-13,
1.0010473934435706e+00,-1.6028840458807239e-03,9.9999999999994316e-01,2.4775022372973786e-13,
1.0004985598111287e+00,-8.3502203992124810e-04,9.9999999999994293e-01,2.7535344445227447e-13,
1.0002680293767163e+00,-3.8726218210279718e-04,9.9999999999994460e-01,2.9228181821021717e-13,

64,4
1.0034240701172690e+00,-4.2263095145035070e-06,1.0000000000000500e+00,5.6937293274127344e-14,
1.0094415098060470e+00,-7.3612953311377497e-05,1.0000000000000222e+00,1.1216685896523559e-13,
1.0096329238935262e+00,2.0758609186632263e-03,1.0000000000000238e+00,1.6328407788768488e-13,
1.0078298969396866e+00,2.6748021077194215e-03,1.0000000000000098e+00,2.0853206765142105e-13,
1.0046345739263685e+00,2.5120592645084751e-03,1.0000000000000147e+00,2.4600143590825624e-13,
1.0025602773515785e+00,1.6028840458820702e-03,1.0000000000000044e+00,2.7411343296169583e-13,
1.0012886903982146e+00,8.3502203992181015e-04,1.0000000000000091e+00,2.9166224457421407e-13,
1.0006388151202594e+00,3.8726218210220493e-04,1.0000000000000311e+00,2.9784515126552198e-13,
1.0106340572527253e+00,-1.7756201208289022e-04,1.0000000000001095e+00,5.5429229345263009e-14,
1.0220151578522187e+00,-1.6639100992712345e-03,1.0000000000000082e+00,1.1120563181779460e-13,
1.0212249520872514e+00,8.8299446191486136e-03,1.0000000000000127e+00,1.6288764507175667e-13,
1.0094541518550679e+00,8.8342934648195145e-03,1.0000000000000073e+00,2.0832861794501419e-13,
1.0043420893147395e+00,5.9235890679139305e-03,1.0000000000000064e+00,2.4586987823003606e-13,
1.0020730523991450e+00,2.9288544633349640e-03,1.0000000000000056e+00,2.7402461450613408e-13,
1.0009605106538870e+00,1.3493106568181242e-03,1.0000000000000060e+00,2.9160642104692674e-13,
1.0004562234668188e+00,5.9161493007219490e-04,1.0000000000000104e+00,2.9781726452708452e-13,
1.0327379871746007e+00,-6.6780997930488231e-04,1.0000000000001072e+00,5.5410506616329665e-14,
1.0846530683415028e+00,2.8098068431767396e-02,1.0000000000000102e+00,1.1197490788164059e-13,
1.0627443211454659e+00,4.3588023165971837e-02,1.0000000000000144e+00,1.6346705651591494e-13,
1.0094343721728893e+00,2.4770563940383815e-02,1.0000000000000058e+00,2.0859187321835143e-13,
1.0022441756148777e+00,7.8129850600397593e-03,1.0000000000000047e+00,2.4598632818545325e-13,
1.0004405407805521e+00,3.1288781178434619e-03,1.0000000000000036e+00,2.7407991094645493e-13,
1.0000730002425269e+00,1.3715589813742129e-03,1.0000000000000022e+00,2.9163565143500541e-13,
1.0000058984603895e+00,5.9456207275054092e-04,1.0000000000000022e+00,2.9783945256165911e-13,
1.0342015324104032e+00,-1.6290721802580323e-04,1.0000000000001592e+00,5.6778795522548924e-14,
1.0000000000000000e+40,1.0000000000000000e+40,1.0000000000000000e+40,1.0000000000000000e+40,
1.1043607301186873e+00,5.8691337925021148e-01,1.0000000000001303e+00,1.6574108920576161e-13,
9.9710265475096460e-01,2.7495709998249494e-02,1.0000000000000042e+00,2.0874730087669488e-13,
9.9772189122897581e-01,7.5092425913911940e-03,1.0000000000000011e+00,2.4604468881314257e-13,
9.9894157348429058e-01,2.6361473850554490e-03,1.0000000000000000e+00,2.7410562086954331e-13,
9.9949906835304503e-01,1.0491084393600707e-03,1.0000000000000000e+00,2.9164895814540413e-13,
9.9973151729525545e-01,4.3184406469829714e-04,1.0000000000000011e+00,2.9784925269591723e-13,
1.0342015324104072e+00,1.4116935732922897e-01,1.0000000000002178e+00,5.7018781523485122e-14,
1.0000000000000000e+40,1.0000000000000000e+40,1.0000000000000000e+40,1.0000000000000000e+40,
1.1043607301186893e+00,-2.3874718415416957e-03,1.0000000000001301e+00,1.6900932808145914e-13,
9.9710265475096904e-01,-3.7871490834699229e-04,1.0000000000000031e+00,2.0874823286557631e-13,
9.9772189122897637e-01,-1.1124744889897337e-04,1.0000000000000031e+00,2.4604449704489025e-13,
9.9894157348429180e-01,-4.1390366959062809e-05,1.0000000000000024e+00,2.7410551923504224e-13,
9.9949906835304569e-01,-1.6628240828894022e-05,1.0000000000000000e+00,2.9164903109750748e-13,
9.9973151729525445e-01,-5.7109093233258831e-06,1.0000000000000000e+00,2.9784935243488117e-13,
1.0327379871746074e+00,7.1443563917565164e-02,1.0000000000001839e+00,5.5409759331193905e-14,
1.0846530683415083e+00,7.1414557668324025e-02,1.0000000000000551e+00,1.1197821200905572e-13,
1.0627443211454772e+00,-9.3399870743321594e-05,1.0000000000000284e+00,1.6346664419901169e-13,
1.0094343721728973e+00,-6.3976364145174993e-03,1.0000000000000075e+00,2.0859165126674645e-13,
1.0022441756148819e+00,-2.9028854670063893e-03,1.0000000000000073e+00,2.4598684757106415e-13,
1.0004405407805548e+00,-1.1580008912885078e-03,1.0000000000000056e+00,2.7407945608475418e-13,
1.0000730002425298e+00,-4.7874151653052173e-04,1.0000000000000044e+00,2.9163626208654719e-13,
1.0000058984603919e+00,-1.6603895866423247e-04,1.0000000000000000e+00,2.9783960275830549e-13,
1.0106340572527293e+00,2.1888660210571193e-02,1.0000000000001159e+00,5.5428885468076098e-14,
1.0220151578522239e+00,2.1805648453391040e-02,1.0000000000000373e+00,1.1120553766039707e-13,
1.0212249520872607e+00,2.0144681050143099e-03,1.0000000000000242e+00,1.6288718118351722e-13,
1.0094541518550744e+00,-2.4237040702517637e-03,1.0000000000000209e+00,2.0832950980817577e-13,
1.0043420893147423e+00,-1.7653557231792978e-03,1.0000000000000124e+00,2.4586925238573385e-13,
1.0020730523991461e+00,-9.2190573786741299e-04,1.0000000000000084e+00,2.7402537185963001e-13,
1.0009605106538861e+00,-4.2959865554058780e-04,1.0000000000000060e+00,2.9160626898040683e-13,
1.0004562234668164e+00,-1.5538599510377549e-04,1.0000000000000000e+00,2.9781791812240210e-13,
1.0034240701172756e+00,7.0367251786612054e-03,1.0000000000002423e+00,5.5563454875132212e-14,
1.0094415098060563e+00,7.0331651015503524e-03,1.0000000000002347e+00,1.1106960288520827e-13,
1.0096329238935355e+00,1.7551403595914930e-03,1.0000000000001055e+00,1.6262173561899630e-13,
1.0078298969396970e+00,-5.3084102676863379e-05,1.0000000000000446e+00,2.0814982284515649e-13,
1.0046345739263571e+00,-5.3963175905681072e-05,1.0000000000000135e+00,2.4577185799323567e-13,
1.0025602773515725e+00,-2.9733266130336723e-05,1.0000000000000078e+00,2.7397415260040484e-13,
1.0012886903982166e+00,-1.4211535460505181e-05,1.0000000000000067e+00,2.9157868631012836e-13,
1.0006388151202641e+00,-5.1874281645829736e-06,1.0000000000000067e+00,2.9779623721070434e-13,

