1
1
1
1
(64 0
((0,0) (16,16) (1,1))
((16,0) (32,16) (1,1))
((32,0) (48,16) (1,1))
((48,0) (64,16) (1,1))
((64,0) (80,16) (1,1))
((80,0) (96,16) (1,1))
((96,0) (112,16) (1,1))
((112,0) (128,16) (1,1))
((0,16) (16,32) (1,1))
((16,16) (32,32) (1,1))
((32,16) (48,32) (1,1))
((48,16) (64,32) (1,1))
((64,16) (80,32) (1,1))
((80,16) (96,32) (1,1))
((96,16) (112,32) (1,1))
((112,16) (128,32) (1,1))
((0,32) (16,48) (1,1))
((16,32) (32,48) (1,1))
((32,32) (48,48) (1,1))
((48,32) (64,48) (1,1))
((64,32) (80,48) (1,1))
((80,32) (96,48) (1,1))
((96,32) (112,48) (1,1))
((112,32) (128,48) (1,1))
((0,48) (16,64) (1,1))
((16,48) (32,64) (1,1))
((32,48) (48,64) (1,1))
((48,48) (64,64) (1,1))
((64,48) (80,64) (1,1))
((80,48) (96,64) (1,1))
((96,48) (112,64) (1,1))
((112,48) (128,64) (1,1))
((0,64) (16,80) (1,1))
((16,64) (32,80) (1,1))
((32,64) (48,80) (1,1))
((48,64) (64,80) (1,1))
((64,64) (80,80) (1,1))
((80,64) (96,80) (1,1))
((96,64) (112,80) (1,1))
((112,64) (128,80) (1,1))
((0,80) (16,96) (1,1))
((16,80) (32,96) (1,1))
((32,80) (48,96) (1,1))
((48,80) (64,96) (1,1))
((64,80) (80,96) (1,1))
((80,80) (96,96) (1,1))
((96,80) (112,96) (1,1))
((112,80) (128,96) (1,1))
((0,96) (16,112) (1,1))
((16,96) (32,112) (1,1))
((32,96) (48,112) (1,1))
((48,96) (64,112) (1,1))
((64,96) (80,112) (1,1))
((80,96) (96,112) (1,1))
((96,96) (112,112) (1,1))
((112,96) (128,112) (1,1))
((0,112) (16,128) (1,1))
((16,112) (32,128) (1,1))
((32,112) (48,128) (1,1))
((48,112) (64,128) (1,1))
((64,112) (80,128) (1,1))
((80,112) (96,128) (1,1))
((96,112) (112,128) (1,1))
((112,112) (128,128) (1,1))
)
64
FabOnDisk: SD_1_New_MF_D_00000 0
FabOnDisk: SD_1_New_MF_D_00000 2972
FabOnDisk: SD_1_New_MF_D_00000 5944
FabOnDisk: SD_1_New_MF_D_00000 8916
FabOnDisk: SD_1_New_MF_D_00000 11888
FabOnDisk: SD_1_New_MF_D_00000 14860
FabOnDisk: SD_1_New_MF_D_00000 17832
FabOnDisk: SD_1_New_MF_D_00000 20805
FabOnDisk: SD_1_New_MF_D_00000 23779
FabOnDisk: SD_1_New_MF_D_00000 26751
FabOnDisk: SD_1_New_MF_D_00000 29723
FabOnDisk: SD_1_New_MF_D_00000 32695
FabOnDisk: SD_1_New_MF_D_00000 35667
FabOnDisk: SD_1_New_MF_D_00000 38639
FabOnDisk: SD_1_New_MF_D_00000 41611
FabOnDisk: SD_1_New_MF_D_00000 44584
FabOnDisk: SD_1_New_MF_D_00000 47558
FabOnDisk: SD_1_New_MF_D_00000 50530
FabOnDisk: SD_1_New_MF_D_00000 53502
FabOnDisk: SD_1_New_MF_D_00000 56474
FabOnDisk: SD_1_New_MF_D_00000 59446
FabOnDisk: SD_1_New_MF_D_00000 62418
FabOnDisk: SD_1_New_MF_D_00000 65390
FabOnDisk: SD_1_New_MF_D_00000 68363
FabOnDisk: SD_1_New_MF_D_00000 71337
FabOnDisk: SD_1_New_MF_D_00000 74309
FabOnDisk: SD_1_New_MF_D_00000 77281
FabOnDisk: SD_1_New_MF_D_00000 80253
FabOnDisk: SD_1_New_MF_D_00000 83225
FabOnDisk: SD_1_New_MF_D_00000 86197
FabOnDisk: SD_1_New_MF_D_00000 89169
FabOnDisk: SD_1_New_MF_D_00000 92142
FabOnDisk: SD_1_New_MF_D_00000 95116
FabOnDisk: SD_1_New_MF_D_00000 98088
FabOnDisk: SD_1_New_MF_D_00000 101060
FabOnDisk: SD_1_New_MF_D_00000 104032
FabOnDisk: SD_1_New_MF_D_00000 107004
FabOnDisk: SD_1_New_MF_D_00000 109976
FabOnDisk: SD_1_New_MF_D_00000 112948
FabOnDisk: SD_1_New_MF_D_00000 115921
FabOnDisk: SD_1_New_MF_D_00000 118895
FabOnDisk: SD_1_New_MF_D_00000 121867
FabOnDisk: SD_1_New_MF_D_00000 124839
FabOnDisk: SD_1_New_MF_D_00000 127811
FabOnDisk: SD_1_New_MF_D_00000 130783
FabOnDisk: SD_1_New_MF_D_00000 133755
FabOnDisk: SD_1_New_MF_D_00000 136727
FabOnDisk: SD_1_New_MF_D_00000 139700
FabOnDisk: SD_1_New_MF_D_00000 142674
FabOnDisk: SD_1_New_MF_D_00000 145647
FabOnDisk: SD_1_New_MF_D_00000 148620
FabOnDisk: SD_1_New_MF_D_00000 151593
FabOnDisk: SD_1_New_MF_D_00000 154566
FabOnDisk: SD_1_New_MF_D_00000 157539
FabOnDisk: SD_1_New_MF_D_00000 160512
FabOnDisk: SD_1_New_MF_D_00000 163486
FabOnDisk: SD_1_New_MF_D_00000 166461
FabOnDisk: SD_1_New_MF_D_00000 169435
FabOnDisk: SD_1_New_MF_D_00000 172409
FabOnDisk: SD_1_New_MF_D_00000 175383
FabOnDisk: SD_1_New_MF_D_00000 178357
FabOnDisk: SD_1_New_MF_D_00000 181331
FabOnDisk: SD_1_New_MF_D_00000 184305
FabOnDisk: SD_1_New_MF_D_00000 187280

64,1
6.2424032137314896e-03,
1.5497166512311185e-03,
-7.0840796602267384e-04,
-8.2164438220986040e-04,
-6.9386057308692560e-04,
-3.6829637627784617e-04,
-1.9537628380460903e-04,
-7.9086616234017273e-05,
7.1699027527635430e-03,
-4.9051694880479692e-03,
-5.6954359253265658e-03,
-3.7227954403859457e-03,
-1.0322478447651845e-03,
-3.6829637627784617e-04,
-1.6709584929216475e-04,
-6.2030123335689576e-05,
1.0373841879260513e-02,
-4.8889144660153622e-02,
-4.3781026016400083e-02,
-5.1837878485571738e-03,
-1.0208680031163410e-03,
-2.2439217999093309e-04,
-4.6943848041773816e-05,
-9.2673601003596986e-06,
2.3206023632729441e-02,
-1.0866913693764104e+00,
-2.1118936877522329e-01,
-3.3346509680603517e-03,
3.5110531565609875e-04,
1.6478973965663256e-04,
6.1677064432566961e-05,
-7.3812782601153882e-07,
2.3206023632719473e-02,
-1.0866913693763873e+00,
-2.1118936877518985e-01,
-3.3346509680630553e-03,
3.5110531565501313e-04,
1.6478973965686138e-04,
6.1677064430425634e-05,
-7.3812782601153882e-07,
1.0373841879251808e-02,
-4.8889144660169123e-02,
-4.3781026016412879e-02,
-5.1837878485622357e-03,
-1.0208680031157458e-03,
-2.2439217999099185e-04,
-4.6943848041687825e-05,
-9.2673600991808150e-06,
7.1699027527482809e-03,
-4.9051694880592788e-03,
-5.6954359253354268e-03,
-3.7227954403890547e-03,
-1.0322478447640684e-03,
-3.6829637627865217e-04,
-1.6709584929152502e-04,
-6.2030123335833246e-05,
6.2424032137225914e-03,
1.5497166512235426e-03,
-7.0840796602237622e-04,
-8.2164438220310831e-04,
-6.9386057308828031e-04,
-3.6829637627865217e-04,
-1.9537628380306455e-04,
-7.9086616233922243e-05,

64,1
1.0579454265791096e-02,
7.1699027527635430e-03,
2.5754620565244515e-03,
2.3790744250649898e-04,
-3.5134869502329187e-04,
-1.6709584929216475e-04,
-6.2030123335689576e-05,
9.6038014296979715e-07,
2.2057597785693030e-02,
1.0373841879260513e-02,
1.5497166512311185e-03,
-6.9386057308692560e-04,
-2.2439217999093309e-04,
-4.6943848041773816e-05,
-9.2673601003596986e-06,
6.0099560036563783e-07,
6.1463059503728587e-02,
2.3206023632729441e-02,
-3.3346509680603517e-03,
4.7711246894979736e-04,
5.0014465170323478e-04,
3.5110531565609875e-04,
1.6478973965663256e-04,
6.1677064432566961e-05,
2.8629009602340971e-01,
5.9016618271546284e-01,
1.5975574751331689e-01,
1.4021670969911105e-02,
2.6530125532681541e-03,
7.9291669562611352e-04,
2.8580749496260834e-04,
9.6957921487494491e-05,
2.8629009602340971e-01,
5.9016618271546284e-01,
1.5975574751331689e-01,
1.4021670969911105e-02,
2.6530125532681541e-03,
7.9291669562611352e-04,
2.8580749496260834e-04,
9.6957921487494491e-05,
6.1463059503734728e-02,
2.3206023632719473e-02,
-3.3346509680630553e-03,
4.7711246894817995e-04,
5.0014465170068994e-04,
3.5110531565501313e-04,
1.6478973965686138e-04,
6.1677064430425634e-05,
2.2057597785689539e-02,
1.0373841879251808e-02,
1.5497166512235426e-03,
-6.9386057308828031e-04,
-2.2439217999099185e-04,
-4.6943848041687825e-05,
-9.2673600991808150e-06,
6.0099559992730548e-07,
1.0579454265775480e-02,
7.1699027527482809e-03,
2.5754620565238031e-03,
2.3790744250543300e-04,
-3.5134869502720357e-04,
-1.6709584929152502e-04,
-6.2030123335833246e-05,
9.6038014076269780e-07,

