1
1
2
4
(64 0
((0,0) (15,15) (0,0))
((16,0) (31,15) (0,0))
((32,0) (47,15) (0,0))
((48,0) (63,15) (0,0))
((64,0) (79,15) (0,0))
((80,0) (95,15) (0,0))
((96,0) (111,15) (0,0))
((112,0) (127,15) (0,0))
((0,16) (15,31) (0,0))
((16,16) (31,31) (0,0))
((32,16) (47,31) (0,0))
((48,16) (63,31) (0,0))
((64,16) (79,31) (0,0))
((80,16) (95,31) (0,0))
((96,16) (111,31) (0,0))
((112,16) (127,31) (0,0))
((0,32) (15,47) (0,0))
((16,32) (31,47) (0,0))
((32,32) (47,47) (0,0))
((48,32) (63,47) (0,0))
((64,32) (79,47) (0,0))
((80,32) (95,47) (0,0))
((96,32) (111,47) (0,0))
((112,32) (127,47) (0,0))
((0,48) (15,63) (0,0))
((16,48) (31,63) (0,0))
((32,48) (47,63) (0,0))
((48,48) (63,63) (0,0))
((64,48) (79,63) (0,0))
((80,48) (95,63) (0,0))
((96,48) (111,63) (0,0))
((112,48) (127,63) (0,0))
((0,64) (15,79) (0,0))
((16,64) (31,79) (0,0))
((32,64) (47,79) (0,0))
((48,64) (63,79) (0,0))
((64,64) (79,79) (0,0))
((80,64) (95,79) (0,0))
((96,64) (111,79) (0,0))
((112,64) (127,79) (0,0))
((0,80) (15,95) (0,0))
((16,80) (31,95) (0,0))
((32,80) (47,95) (0,0))
((48,80) (63,95) (0,0))
((64,80) (79,95) (0,0))
((80,80) (95,95) (0,0))
((96,80) (111,95) (0,0))
((112,80) (127,95) (0,0))
((0,96) (15,111) (0,0))
((16,96) (31,111) (0,0))
((32,96) (47,111) (0,0))
((48,96) (63,111) (0,0))
((64,96) (79,111) (0,0))
((80,96) (95,111) (0,0))
((96,96) (111,111) (0,0))
((112,96) (127,111) (0,0))
((0,112) (15,127) (0,0))
((16,112) (31,127) (0,0))
((32,112) (47,127) (0,0))
((48,112) (63,127) (0,0))
((64,112) (79,127) (0,0))
((80,112) (95,127) (0,0))
((96,112) (111,127) (0,0))
((112,112) (127,127) (0,0))
)
64
FabOnDisk: SD_2_Old_MF_D_00000 0
FabOnDisk: SD_2_Old_MF_D_00000 9300
FabOnDisk: SD_2_Old_MF_D_00000 18600
FabOnDisk: SD_2_Old_MF_D_00000 27900
FabOnDisk: SD_2_Old_MF_D_00000 37200
FabOnDisk: SD_2_Old_MF_D_00000 46500
FabOnDisk: SD_2_Old_MF_D_00000 55800
FabOnDisk: SD_2_Old_MF_D_00000 65101
FabOnDisk: SD_2_Old_MF_D_00000 74403
FabOnDisk: SD_2_Old_MF_D_00000 83703
FabOnDisk: SD_2_Old_MF_D_00000 93003
FabOnDisk: SD_2_Old_MF_D_00000 102303
FabOnDisk: SD_2_Old_MF_D_00000 111603
FabOnDisk: SD_2_Old_MF_D_00000 120903
FabOnDisk: SD_2_Old_MF_D_00000 130203
FabOnDisk: SD_2_Old_MF_D_00000 139504
FabOnDisk: SD_2_Old_MF_D_00000 148806
FabOnDisk: SD_2_Old_MF_D_00000 158106
FabOnDisk: SD_2_Old_MF_D_00000 167406
FabOnDisk: SD_2_Old_MF_D_00000 176706
FabOnDisk: SD_2_Old_MF_D_00000 186006
FabOnDisk: SD_2_Old_MF_D_00000 195306
FabOnDisk: SD_2_Old_MF_D_00000 204606
FabOnDisk: SD_2_Old_MF_D_00000 213907
FabOnDisk: SD_2_Old_MF_D_00000 223209
FabOnDisk: SD_2_Old_MF_D_00000 232509
FabOnDisk: SD_2_Old_MF_D_00000 241809
FabOnDisk: SD_2_Old_MF_D_00000 251109
FabOnDisk: SD_2_Old_MF_D_00000 260409
FabOnDisk: SD_2_Old_MF_D_00000 269709
FabOnDisk: SD_2_Old_MF_D_00000 279009
FabOnDisk: SD_2_Old_MF_D_00000 288310
FabOnDisk: SD_2_Old_MF_D_00000 297612
FabOnDisk: SD_2_Old_MF_D_00000 306912
FabOnDisk: SD_2_Old_MF_D_00000 316212
FabOnDisk: SD_2_Old_MF_D_00000 325512
FabOnDisk: SD_2_Old_MF_D_00000 334812
FabOnDisk: SD_2_Old_MF_D_00000 344112
FabOnDisk: SD_2_Old_MF_D_00000 353412
FabOnDisk: SD_2_Old_MF_D_00000 362713
FabOnDisk: SD_2_Old_MF_D_00000 372015
FabOnDisk: SD_2_Old_MF_D_00000 381315
FabOnDisk: SD_2_Old_MF_D_00000 390615
FabOnDisk: SD_2_Old_MF_D_00000 399915
FabOnDisk: SD_2_Old_MF_D_00000 409215
FabOnDisk: SD_2_Old_MF_D_00000 418515
FabOnDisk: SD_2_Old_MF_D_00000 427815
FabOnDisk: SD_2_Old_MF_D_00000 437116
FabOnDisk: SD_2_Old_MF_D_00000 446418
FabOnDisk: SD_2_Old_MF_D_00000 455719
FabOnDisk: SD_2_Old_MF_D_00000 465020
FabOnDisk: SD_2_Old_MF_D_00000 474321
FabOnDisk: SD_2_Old_MF_D_00000 483622
FabOnDisk: SD_2_Old_MF_D_00000 492923
FabOnDisk: SD_2_Old_MF_D_00000 502224
FabOnDisk: SD_2_Old_MF_D_00000 511526
FabOnDisk: SD_2_Old_MF_D_00000 520829
FabOnDisk: SD_2_Old_MF_D_00000 530131
FabOnDisk: SD_2_Old_MF_D_00000 539433
FabOnDisk: SD_2_Old_MF_D_00000 548735
FabOnDisk: SD_2_Old_MF_D_00000 558037
FabOnDisk: SD_2_Old_MF_D_00000 567339
FabOnDisk: SD_2_Old_MF_D_00000 576641
FabOnDisk: SD_2_Old_MF_D_00000 585944

64,2
-5.6932391462723864e-01,5.9941412761707613e-03,
-5.9955035936988743e-01,-2.2756122461309453e-01,
-4.0710757256246966e-01,-2.6097874381371228e-01,
-1.3023633505391938e-01,-1.8504072851981559e-01,
-1.3559495226188420e-02,-4.7593413647383440e-02,
1.3697945198294334e-02,-2.5052380959027197e-03,
7.7718935422412296e-03,1.0244989872461104e-04,
-1.6992184332570862e-03,-3.4463536368548059e-05,
-1.9040689759772489e+00,2.1835585391167395e-01,
-1.9272584548926242e+00,-1.2708718300655018e+00,
-5.2958633040033709e-01,-1.2580241771867180e+00,
-5.4162190392631926e-02,-3.5355746649681047e-01,
2.7277085799680426e-02,-4.9269529614341362e-02,
8.1317221954794149e-03,6.9709218321519634e-04,
1.9256732222427094e-03,3.5961856611596665e-03,
-1.0441172364724334e-03,-4.1104690559716186e-05,
-9.4674068431790630e+00,5.9251324900446645e-01,
-1.1602139535077885e+01,-1.1555975620018758e+01,
-4.8569189396287998e-01,-7.7537398923255489e+00,
4.8204647480243251e-02,-3.3438538886523006e-01,
-1.9594797631851693e-02,2.6897499113925485e-02,
-1.9543233137562489e-02,1.8273763953354109e-02,
-1.2425976526787908e-02,6.5822371477382907e-03,
-7.1035114148515150e-03,-3.7409867396946363e-05,
-1.5909245310815562e+01,5.2256742815407065e-01,
-6.3473359998669491e+02,-4.3240520973680492e+02,
-3.8973375233521807e+01,-1.9049125070508545e+01,
-2.6255270786966394e+00,2.1004237718399467e-02,
-3.3971253736496937e-01,3.5408792356004821e-03,
-8.0810879565117399e-02,8.8734408040538025e-04,
-2.6873725124349390e-02,2.4957605442702305e-04,
-1.2044894782794673e-02,-1.6850959363220717e-05,
-1.5909245310821127e+01,-4.8230755496177352e+01,
-6.3473359998666592e+02,-5.2991206780087623e+02,
-3.8973375233525196e+01,-1.7469566356083337e+02,
-2.6255270786953457e+00,-2.2282921014078063e+00,
-3.3971253736385754e-01,-2.8334004324549822e-01,
-8.0810879563035468e-02,-6.5889112319094792e-02,
-2.6873725123558463e-02,-1.9490998499099181e-02,
-1.2044894782044777e-02,-5.8253231041784379e-03,
-9.4674068431788978e+00,-6.5545590564909020e+00,
-1.1602139535082310e+01,-2.7562575382570969e+00,
-4.8569189396250634e-01,-9.1044887388669760e-01,
4.8204647482127064e-02,-8.9337087847655638e-01,
-1.9594797631826113e-02,-2.6043062388496030e-01,
-1.9543233136688352e-02,-6.6375449808490361e-02,
-1.2425976526792313e-02,-2.1176654925158665e-02,
-7.1035114138659813e-03,-6.8806343848861577e-03,
-1.9040689759790388e+00,-1.9733317347512160e+00,
-1.9272584548923608e+00,-3.8681866320867958e-01,
-5.2958633040771930e-01,2.0993225386454589e-01,
-5.4162190387245512e-02,-9.3358002486291919e-03,
2.7277085799796548e-02,-3.5502807804889056e-02,
8.1317221948340509e-03,-3.2036190286618020e-02,
1.9256732214299908e-03,-1.6697179975031458e-02,
-1.0441172370115629e-03,-6.3132089409584577e-03,
-5.6932391462904341e-01,-5.1726878824356892e-01,
-5.9955035936831858e-01,-1.6887189678239586e-01,
-4.0710757256272184e-01,5.3584426223416554e-03,
-1.3023633505187174e-01,2.1336367595748383e-03,
-1.3559495228321006e-02,2.6412465067313182e-04,
1.3697945199039382e-02,-5.9027514314064057e-03,
7.7718935443520923e-03,-5.8454291493469568e-03,
-1.6992184335333383e-03,-3.1456619625324788e-03,

64,2
-1.3311554523460362e-02,5.1726878824215616e-01,
-3.3842050496470483e-01,1.6887189678249578e-01,
-7.8830976592233426e-02,-5.3584426209885710e-03,
2.8226219246184063e-02,-2.1336367579585964e-03,
3.1733860061993843e-02,-2.6412465003591368e-04,
2.5174660625394012e-02,5.9027514313055428e-03,
1.3652470092952042e-02,5.8454291510680314e-03,
9.1197287835447817e-03,3.1456619634502897e-03,
-2.5143286296024775e-02,1.9733317347501165e+00,
-4.4609813776551532e-01,3.8681866320957814e-01,
3.5818995616774602e-01,-2.0993225386617892e-01,
3.4719792575408520e-01,9.3358002489552921e-03,
1.3851254657543524e-01,3.5502807805535663e-02,
3.4841536870006698e-02,3.2036190286467245e-02,
1.3497800766350831e-02,1.6697179974545329e-02,
7.3184366230119270e-03,6.3132089394097694e-03,
-8.4891240601722706e-02,6.5545590564918523e+00,
3.5160070113208768e+00,2.7562575382598031e+00,
5.5267009116058929e+00,9.1044887388589024e-01,
1.1680885913162760e+00,8.9337087847601404e-01,
1.5420441287493022e-01,2.6043062388507393e-01,
3.2268150895442563e-02,6.6375449808385778e-02,
6.5417500687565315e-03,2.1176654924520547e-02,
1.2628379525959584e-03,6.8806343864782878e-03,
5.7005654033893180e+01,4.8230755496176663e+01,
7.2774301139904651e+02,5.2991206780076448e+02,
2.7903694823089296e+02,1.7469566356086091e+02,
1.1143024565370443e+00,2.2282921014084054e+00,
9.9738303793354688e-03,2.8334004324481588e-01,
-1.4425744966314036e-02,6.5889112319547638e-02,
-7.8566104062558189e-03,1.9490998500436625e-02,
1.3514080622176391e-03,5.8253231028607428e-03,
5.7005654033895013e+01,-5.2256742815331436e-01,
7.2774301139897784e+02,4.3240520973681475e+02,
2.7903694823086948e+02,1.9049125070506971e+01,
1.1143024565330124e+00,-2.1004237718794463e-02,
9.9738303773245496e-03,-3.5408792369010910e-03,
-1.4425744963966470e-02,-8.8734408044907360e-04,
-7.8566104066141330e-03,-2.4957605431022737e-04,
1.3514080627371741e-03,1.6850959085081525e-05,
-8.4891240593917838e-02,-5.9251324900584723e-01,
3.5160070113188802e+00,1.1555975620018565e+01,
5.5267009116080494e+00,7.7537398923261183e+00,
1.1680885913119277e+00,3.3438538886492480e-01,
1.5420441287492745e-01,-2.6897499114970067e-02,
3.2268150890732011e-02,-1.8273763955787982e-02,
6.5417500703358784e-03,-6.5822371487114341e-03,
1.2628379552978102e-03,3.7409867188306997e-05,
-2.5143286294326828e-02,-2.1835585391255796e-01,
-4.4609813776606139e-01,1.2708718300665620e+00,
3.5818995616504379e-01,1.2580241771867577e+00,
3.4719792575562741e-01,3.5355746649873998e-01,
1.3851254657148088e-01,4.9269529615104946e-02,
3.4841536871379031e-02,-6.9709218438076051e-04,
1.3497800763685151e-02,-3.5961856606161165e-03,
7.3184366258363508e-03,4.1104691355787755e-05,
-1.3311554515080259e-02,-5.9941412757655299e-03,
-3.3842050496732912e-01,2.2756122461247766e-01,
-7.8830976587761392e-02,2.6097874381505526e-01,
2.8226219251786276e-02,1.8504072851877815e-01,
3.1733860067714698e-02,4.7593413646870725e-02,
2.5174660622118140e-02,2.5052380973341112e-03,
1.3652470094012614e-02,-1.0244989822619127e-04,
9.1197287821370900e-03,3.4463537560561601e-05,

