1
1
4
2
(4 0
((120,88) (127,95) (0,0))
((112,96) (127,111) (0,0))
((0,112) (63,127) (0,0))
((64,112) (127,127) (0,0))
)
4
FabOnDisk: SD_0_Old_MF_D_00002 0
FabOnDisk: SD_0_Old_MF_D_00001 0
FabOnDisk: SD_0_Old_MF_D_00000 0
FabOnDisk: SD_0_Old_MF_D_00003 0

4,4
-1.6479395803038999e-01,-5.3119328387145659e-01,9.9999999999019962e-01,0.0000000000000000e+00,
-1.5618056035154493e-01,-6.5712524797615979e-01,9.9993662123340354e-01,0.0000000000000000e+00,
-7.9281561396892297e-02,-3.2767722661723787e-03,9.9999999999884526e-01,0.0000000000000000e+00,
-5.3281618321495826e-02,-6.7300944371608851e-01,9.9999973346047610e-01,0.0000000000000000e+00,

4,4
-1.1520191770137680e-03,-1.2502673009661522e-02,9.9999999999995437e-01,0.0000000000000000e+00,
8.5240719756071628e-02,-4.3172560991041303e-02,1.0002170997120106e+00,0.0000000000000000e+00,
9.1663620224803732e-01,2.0788602635710451e-01,1.0000000000027498e+00,0.0000000000000000e+00,
9.4208562410188668e-01,7.7473853028009410e-02,1.0000000004662353e+00,0.0000000000000000e+00,

