1
1
9
0
(6 0
((80,232) (95,247) (0,0))
((96,232) (111,247) (0,0))
((80,248) (95,263) (0,0))
((96,248) (111,263) (0,0))
((80,264) (95,279) (0,0))
((96,264) (111,279) (0,0))
)
6
FabOnDisk: Cell_D_00000 0
FabOnDisk: Cell_D_00000 18518
FabOnDisk: Cell_D_00000 37037
FabOnDisk: Cell_D_00000 55555
FabOnDisk: Cell_D_00000 74074
FabOnDisk: Cell_D_00000 92592

6,9
-2.0707100553044167e-01,-7.1295147369870748e-01,0.0000000000000000e+00,-8.1056059455573651e-16,-8.2999363893206737e+02,-3.9897554159119596e+02,0.0000000000000000e+00,-2.1910248818409608e+00,0.0000000000000000e+00,
-1.0157983649240664e-01,-5.1998447918293400e-01,0.0000000000000000e+00,-2.4793742090665128e-15,-3.1722629286492804e+02,-1.5622374622068290e+02,0.0000000000000000e+00,-3.6327308498155853e-01,0.0000000000000000e+00,
0.0000000000000000e+00,-6.3050365610805337e-01,0.0000000000000000e+00,-8.3468782364898821e-15,-4.9161060018981715e+02,-4.8766814517148646e+02,0.0000000000000000e+00,0.0000000000000000e+00,0.0000000000000000e+00,
-2.0586034426036107e-01,-4.9533898592647357e-01,0.0000000000000000e+00,-3.0466142857025592e-15,-3.8057707251402832e+02,-2.0415271181102861e+02,0.0000000000000000e+00,-3.4798844536620610e-01,0.0000000000000000e+00,
-2.0639010230740004e-01,-1.8674114442466691e-01,0.0000000000000000e+00,-8.4859504344687555e-15,-8.2928627645903532e+02,-4.0916516297576050e+02,0.0000000000000000e+00,-2.1654567915425686e+00,0.0000000000000000e+00,
-1.0168744375184548e-01,-7.8004573872675941e-03,0.0000000000000000e+00,-2.6093695008956649e-15,-3.1713208212683753e+02,-2.5180358250924974e+02,0.0000000000000000e+00,-3.6313867462043625e-01,0.0000000000000000e+00,

6,9
1.2782010408309645e+00,1.8673372230562174e-01,1.0000000000001250e+00,7.8969223044939691e-16,5.0693102266590451e+01,4.0927481848886947e+02,9.7177085794822342e+03,8.7588545766596637e-01,1.0000000000000000e+00,
1.3605230107394617e+00,7.7942194844044591e-03,1.0000000000008040e+00,2.0448315184408672e-15,1.0222377644701187e+02,2.5137150812528978e+02,2.7983032244437504e+03,1.2503829641845603e+00,1.0000000000000000e+00,
5.3119769622321311e-01,6.3045688187713700e-01,1.0000000000000686e+00,1.0150238023632787e-17,1.1553836954530787e+02,4.8793065934810505e+02,2.1230448546061152e+03,1.0001844341877710e+00,1.0000000000000000e+00,
0.0000000000000000e+00,4.9507226105324881e-01,1.0000000000005844e+00,8.5736676225711036e-15,1.1246686630042787e+02,1.8201675046501765e+02,1.7502415003236390e+03,1.3740621796239243e+00,1.0000000000000000e+00,
1.2781148872585759e+00,7.1292595052461927e-01,1.0000000000000842e+00,4.3256195728134404e-16,5.0565709784100932e+01,3.9936668671814232e+02,9.7051720846333810e+03,8.7578257877575960e-01,1.0000000000000000e+00,
1.3604936708235491e+00,5.1990073560725170e-01,1.0000000000014502e+00,6.3918163770524943e-15,1.0216466371045419e+02,1.5622624878110133e+02,2.7981981762611335e+03,1.2516044105551642e+00,1.0000000000000000e+00,

