1
1
9
0
(6 0
((32,112) (47,127) (0,0))
((48,112) (63,127) (0,0))
((64,112) (71,127) (0,0))
((32,128) (47,143) (0,0))
((48,128) (63,143) (0,0))
((64,128) (71,143) (0,0))
)
6
FabOnDisk: Cell_D_00000 0
FabOnDisk: Cell_D_00000 18518
FabOnDisk: Cell_D_00000 37036
FabOnDisk: Cell_D_00000 46338
FabOnDisk: Cell_D_00000 64856
FabOnDisk: Cell_D_00000 83374

6,9
0.0000000000000000e+00,-7.1165946713353867e-01,0.0000000000000000e+00,-6.5323866476853403e-15,-5.9254820769374862e+02,-2.3901660747368473e+02,0.0000000000000000e+00,-4.1301974947870218e-01,0.0000000000000000e+00,
-1.1846017091564085e+00,-5.8545087786763483e-01,0.0000000000000000e+00,-7.7813963934414377e-15,-3.7773349802210663e+02,-2.7791598928417386e+02,0.0000000000000000e+00,-1.0705847951745953e+00,0.0000000000000000e+00,
-1.1973037586260937e+00,-2.4193925861807331e-03,9.9999999999976730e-01,-7.7769286107643019e-16,8.0780435898889333e+00,-2.8668322551357960e+02,1.5983246161210829e-01,-1.0739079231682918e+00,1.0000000000000000e+00,
0.0000000000000000e+00,0.0000000000000000e+00,0.0000000000000000e+00,-1.8103141863468441e-14,-5.9254847646747032e+02,-4.7441631155988938e+02,0.0000000000000000e+00,-4.1301970093338575e-01,0.0000000000000000e+00,
-1.1846017090258845e+00,-2.8614262525812312e-02,0.0000000000000000e+00,-3.9584126797700225e-15,-3.7773349852700903e+02,-2.3767000758150598e+02,0.0000000000000000e+00,-1.0705847948758682e+00,0.0000000000000000e+00,
-1.1973037585117363e+00,-4.5174055975821381e-01,9.9999999999970113e-01,-7.7015278723716130e-16,8.0780438808274422e+00,-1.3671759452398666e+02,1.5983249593762849e-01,-1.0739079229992230e+00,1.0000000000000000e+00,

6,9
1.3059508878037063e+00,0.0000000000000000e+00,1.0000000000001308e+00,1.7561052296750988e-14,1.5115408985845735e+02,4.7441628245243942e+02,2.8364323214671481e+03,6.0773101684613839e-01,1.0000000000000000e+00,
1.5762151921694263e+00,2.8614262917307350e-02,1.0000000000006637e+00,2.7805901596498121e-16,1.0526960200479934e+02,2.3767001476349267e+02,2.0902649702690132e+03,0.0000000000000000e+00,1.0000000000000000e+00,
1.5739873399185351e+00,4.5174055966884041e-01,1.0000000000002562e+00,3.8259771884822044e-15,3.0672722933628131e+02,1.3671759460000391e+02,1.3778202627865223e+03,-3.1745309903974389e-01,1.0000000000000000e+00,
1.3059508891068787e+00,7.1165947345071534e-01,1.0000000000001605e+00,1.7995239898894595e-14,1.5115409105762876e+02,2.3901664746541798e+02,2.8364323840055667e+03,6.0773101798424489e-01,1.0000000000000000e+00,
1.5762151930181492e+00,5.8545087611561231e-01,1.0000000000011269e+00,1.1595843930460855e-14,1.0526951461215809e+02,2.7791598913482039e+02,2.0902650312996184e+03,0.0000000000000000e+00,1.0000000000000000e+00,
1.5739873406951534e+00,2.4193922521604902e-03,1.0000000000001463e+00,3.8255761963213215e-15,3.0672722934284303e+02,2.8668322539861862e+02,1.3778202627873038e+03,-3.1745309901497559e-01,1.0000000000000000e+00,

