1
1
8
0
(2 0
((112,96) (127,111) (0,0))
((0,112) (127,127) (0,0))
)
2
FabOnDisk: Cell_D_00000 0
FabOnDisk: Cell_D_00000 16471

2,8
-2.5076507208289112e-01,-6.5541182670148179e-01,9.9956667937616539e-01,0.0000000000000000e+00,-1.9771684933433323e-01,-7.1335739378807528e-01,9.9991695423264915e-02,-7.5562272119011009e-02,
-7.4435976760982139e-02,-6.7047407279006610e-01,9.9973724342594150e-01,0.0000000000000000e+00,-3.3566789964255395e-01,-9.6015721891727601e+00,1.7638853655554954e-03,-1.2192580464881561e-01,

2,8
8.2365254043970160e-02,-2.6355952731758718e-02,1.0002921394834285e+00,0.0000000000000000e+00,1.0208167750147756e+00,7.3611221214507572e-01,2.7465447409558728e+01,2.7768824502389941e-03,
9.4315869779517392e-01,1.9926212168343307e-01,1.0007790066568434e+00,0.0000000000000000e+00,3.4831459200504483e+01,3.0066313912623251e+01,7.2738515181219014e+01,8.0666772386991970e-01,

