1
1
4
4
(64 0
((0,0) (15,15) (0,0))
((16,0) (31,15) (0,0))
((32,0) (47,15) (0,0))
((48,0) (63,15) (0,0))
((64,0) (79,15) (0,0))
((80,0) (95,15) (0,0))
((96,0) (111,15) (0,0))
((112,0) (127,15) (0,0))
((0,16) (15,31) (0,0))
((16,16) (31,31) (0,0))
((32,16) (47,31) (0,0))
((48,16) (63,31) (0,0))
((64,16) (79,31) (0,0))
((80,16) (95,31) (0,0))
((96,16) (111,31) (0,0))
((112,16) (127,31) (0,0))
((0,32) (15,47) (0,0))
((16,32) (31,47) (0,0))
((32,32) (47,47) (0,0))
((48,32) (63,47) (0,0))
((64,32) (79,47) (0,0))
((80,32) (95,47) (0,0))
((96,32) (111,47) (0,0))
((112,32) (127,47) (0,0))
((0,48) (15,63) (0,0))
((16,48) (31,63) (0,0))
((32,48) (47,63) (0,0))
((48,48) (63,63) (0,0))
((64,48) (79,63) (0,0))
((80,48) (95,63) (0,0))
((96,48) (111,63) (0,0))
((112,48) (127,63) (0,0))
((0,64) (15,79) (0,0))
((16,64) (31,79) (0,0))
((32,64) (47,79) (0,0))
((48,64) (63,79) (0,0))
((64,64) (79,79) (0,0))
((80,64) (95,79) (0,0))
((96,64) (111,79) (0,0))
((112,64) (127,79) (0,0))
((0,80) (15,95) (0,0))
((16,80) (31,95) (0,0))
((32,80) (47,95) (0,0))
((48,80) (63,95) (0,0))
((64,80) (79,95) (0,0))
((80,80) (95,95) (0,0))
((96,80) (111,95) (0,0))
((112,80) (127,95) (0,0))
((0,96) (15,111) (0,0))
((16,96) (31,111) (0,0))
((32,96) (47,111) (0,0))
((48,96) (63,111) (0,0))
((64,96) (79,111) (0,0))
((80,96) (95,111) (0,0))
((96,96) (111,111) (0,0))
((112,96) (127,111) (0,0))
((0,112) (15,127) (0,0))
((16,112) (31,127) (0,0))
((32,112) (47,127) (0,0))
((48,112) (63,127) (0,0))
((64,112) (79,127) (0,0))
((80,112) (95,127) (0,0))
((96,112) (111,127) (0,0))
((112,112) (127,127) (0,0))
)
64
FabOnDisk: SD_0_Old_MF_D_00000 0
FabOnDisk: SD_0_Old_MF_D_00000 18516
FabOnDisk: SD_0_Old_MF_D_00000 37032
FabOnDisk: SD_0_Old_MF_D_00000 55548
FabOnDisk: SD_0_Old_MF_D_00000 74064
FabOnDisk: SD_0_Old_MF_D_00000 92580
FabOnDisk: SD_0_Old_MF_D_00000 111096
FabOnDisk: SD_0_Old_MF_D_00000 129613
FabOnDisk: SD_0_Old_MF_D_00000 148131
FabOnDisk: SD_0_Old_MF_D_00000 166647
FabOnDisk: SD_0_Old_MF_D_00000 185163
FabOnDisk: SD_0_Old_MF_D_00000 203679
FabOnDisk: SD_0_Old_MF_D_00000 222195
FabOnDisk: SD_0_Old_MF_D_00000 240711
FabOnDisk: SD_0_Old_MF_D_00000 259227
FabOnDisk: SD_0_Old_MF_D_00000 277744
FabOnDisk: SD_0_Old_MF_D_00000 296262
FabOnDisk: SD_0_Old_MF_D_00000 314778
FabOnDisk: SD_0_Old_MF_D_00000 333294
FabOnDisk: SD_0_Old_MF_D_00000 351810
FabOnDisk: SD_0_Old_MF_D_00000 370326
FabOnDisk: SD_0_Old_MF_D_00000 388842
FabOnDisk: SD_0_Old_MF_D_00000 407358
FabOnDisk: SD_0_Old_MF_D_00000 425875
FabOnDisk: SD_0_Old_MF_D_00000 444393
FabOnDisk: SD_0_Old_MF_D_00000 462909
FabOnDisk: SD_0_Old_MF_D_00000 481425
FabOnDisk: SD_0_Old_MF_D_00000 499941
FabOnDisk: SD_0_Old_MF_D_00000 518457
FabOnDisk: SD_0_Old_MF_D_00000 536973
FabOnDisk: SD_0_Old_MF_D_00000 555489
FabOnDisk: SD_0_Old_MF_D_00000 574006
FabOnDisk: SD_0_Old_MF_D_00000 592524
FabOnDisk: SD_0_Old_MF_D_00000 611040
FabOnDisk: SD_0_Old_MF_D_00000 629556
FabOnDisk: SD_0_Old_MF_D_00000 648072
FabOnDisk: SD_0_Old_MF_D_00000 666588
FabOnDisk: SD_0_Old_MF_D_00000 685104
FabOnDisk: SD_0_Old_MF_D_00000 703620
FabOnDisk: SD_0_Old_MF_D_00000 722137
FabOnDisk: SD_0_Old_MF_D_00000 740655
FabOnDisk: SD_0_Old_MF_D_00000 759171
FabOnDisk: SD_0_Old_MF_D_00000 777687
FabOnDisk: SD_0_Old_MF_D_00000 796203
FabOnDisk: SD_0_Old_MF_D_00000 814719
FabOnDisk: SD_0_Old_MF_D_00000 833235
FabOnDisk: SD_0_Old_MF_D_00000 851751
FabOnDisk: SD_0_Old_MF_D_00000 870268
FabOnDisk: SD_0_Old_MF_D_00000 888786
FabOnDisk: SD_0_Old_MF_D_00000 907303
FabOnDisk: SD_0_Old_MF_D_00000 925820
FabOnDisk: SD_0_Old_MF_D_00000 944337
FabOnDisk: SD_0_Old_MF_D_00000 962854
FabOnDisk: SD_0_Old_MF_D_00000 981371
FabOnDisk: SD_0_Old_MF_D_00000 999888
FabOnDisk: SD_0_Old_MF_D_00000 1018406
FabOnDisk: SD_0_Old_MF_D_00000 1036925
FabOnDisk: SD_0_Old_MF_D_00000 1055443
FabOnDisk: SD_0_Old_MF_D_00000 1073961
FabOnDisk: SD_0_Old_MF_D_00000 1092479
FabOnDisk: SD_0_Old_MF_D_00000 1110997
FabOnDisk: SD_0_Old_MF_D_00000 1129515
FabOnDisk: SD_0_Old_MF_D_00000 1148033
FabOnDisk: SD_0_Old_MF_D_00000 1166552

64,4
9.5353667107557039e-01,1.3551527613901299e-03,9.9999999999613964e-01,2.1473443599476812e-14,
9.0388573075129741e-01,1.4447167599439517e-03,9.9999999999711264e-01,7.0691086973135726e-13,
8.4638902412563144e-01,1.6890021262331483e-03,9.9999999999744393e-01,1.3690692658486247e-12,
7.8679142986020290e-01,1.4229293607698351e-03,9.9999999999871558e-01,1.9798164482026322e-12,
7.5103255726528173e-01,8.3545650242397552e-04,9.9999999999786071e-01,2.5140911872326637e-12,
7.3578014171476602e-01,3.9794845368369122e-04,9.9999999999869749e-01,2.9513013887996108e-12,
7.2944202661886870e-01,1.5805044160643441e-04,9.9999999999826350e-01,3.2751336268888315e-12,
7.2750807295096687e-01,9.5497712394611679e-06,9.9999999999038891e-01,3.4732176628977494e-12,
9.5749173525908582e-01,4.2422788438064164e-02,9.9999999998875322e-01,2.1441000960189817e-14,
9.0810222701436472e-01,4.6815592913434019e-02,9.9999999999927691e-01,7.0688093317758664e-13,
8.4089194088014430e-01,5.6672508061914637e-02,9.9999999999917899e-01,1.3698934903696751e-12,
7.4314931581201360e-01,4.8606747645165586e-02,9.9999999999930089e-01,1.9811280233908661e-12,
7.2268642432036756e-01,2.6206212780748615e-02,9.9999999999952771e-01,2.5154589107522547e-12,
7.2295919785033624e-01,1.1905883926776398e-02,9.9999999999948019e-01,2.9526359809413576e-12,
7.2295250660321086e-01,4.7049325362157179e-03,9.9999999999939049e-01,3.2765394389048889e-12,
7.2263445914976188e-01,2.8584250173534388e-04,9.9999999999930156e-01,3.4747086346913933e-12,
1.3251788726805061e-01,-9.9786541641821491e-01,9.9987424014705506e-01,2.1103267456087400e-14,
4.7958380868631162e-01,-5.4307696350014156e-01,9.9999942077709236e-01,7.0048583888596111e-13,
9.9015065260887034e-02,-2.0565680819427654e-01,9.9998851633416141e-01,1.3723046380035591e-12,
-8.5342327773156951e-02,-5.4924819854405960e-01,9.9996732531671439e-01,1.9848955849586694e-12,
5.9838442637892530e-01,-3.5785946626751407e-02,9.9999999999974087e-01,2.5189956912536220e-12,
7.0151866964176046e-01,1.2913256395278544e-02,9.9999999999989964e-01,2.9561213862373558e-12,
7.1254771398254202e-01,5.7633764545670573e-03,9.9999999999997813e-01,3.2803322093344473e-12,
7.1614910839854262e-01,3.3960403801193276e-04,9.9999999999998090e-01,3.4787677750306397e-12,
-1.8814356925012354e-01,-4.9056537462652083e-01,9.9995280750272530e-01,2.0463356687190969e-14,
-3.5923740545831828e-01,-4.6785058377975852e-01,9.9990085224648206e-01,0.0000000000000000e+00,
-6.8752119174218404e-02,-5.3808084893429442e-01,9.9996139674229512e-01,1.3809074576149304e-12,
4.0685516903860006e-02,-7.7018697613386944e-01,9.9995385626574829e-01,1.9912129334364450e-12,
6.4721730088042817e-01,-5.1878558763968220e-02,1.0000000000000280e+00,2.5233324848510948e-12,
7.0136326153939832e-01,6.6389011501073398e-03,1.0000000000000588e+00,2.9610148789682723e-12,
7.0648217447218309e-01,2.8009655997877961e-03,1.0000000000000124e+00,3.2858975655906608e-12,
7.1161012703969495e-01,1.0286043106782480e-04,9.9999999999997802e-01,3.4847646188366014e-12,
-1.5980430110680371e-01,-7.3427641344164762e-01,9.9995330987838615e-01,2.0465800429966591e-14,
-4.6224759001140858e-01,-8.6821207441875381e-01,9.9996278066973276e-01,0.0000000000000000e+00,
-5.2342546622628140e-02,-1.1363432594120335e+00,9.9998877031450961e-01,1.3864482907831411e-12,
-1.7231274513301691e-02,-6.5903073132191425e-01,9.9999944599382351e-01,1.9989180018970464e-12,
6.3524318155407333e-01,1.5468269327916758e-03,9.9999999999978939e-01,2.5285544956330574e-12,
6.8474221119964473e-01,-2.5829790770923707e-03,9.9999999999986411e-01,2.9668265795545367e-12,
7.0379420756602395e-01,-2.4188616269774027e-03,9.9999999999993072e-01,3.2924715281509932e-12,
7.1047158734492399e-01,-1.0928655651944277e-03,9.9999999999995082e-01,3.4918017727138622e-12,
-5.0201227812245196e-02,-9.8258246945718553e-01,9.9996583024402985e-01,2.1196979873475652e-14,
4.7825892341433118e-01,-4.2517693286277419e-01,9.9999724836755699e-01,7.0358845462503544e-13,
1.7214455667150996e-01,-5.5662057055691894e-01,9.9998625223869420e-01,1.3823209562643063e-12,
1.9694058969176489e-01,-5.3759151761384460e-01,9.9999634135626725e-01,1.9988030390385378e-12,
5.4379701506073386e-01,-1.5522104189463087e-01,9.9999999999953648e-01,2.5333516577366975e-12,
6.8302196732840104e-01,-3.4138976886458963e-02,9.9999999999963718e-01,2.9728741567045933e-12,
7.0393516630934572e-01,-1.1840922804934654e-02,9.9999999999978573e-01,3.2991317915456383e-12,
7.1070968437048621e-01,-4.0279443273132419e-03,9.9999999999995293e-01,3.4988247168231720e-12,
9.5857450862572657e-01,-1.5475935570096186e-01,9.9999999999431111e-01,2.1599494793616579e-14,
9.1853372028849400e-01,-9.1648639442290528e-02,9.9999999999766587e-01,7.1214182582377402e-13,
8.5920555006024779e-01,-1.4254321125087649e-01,9.9999999999786437e-01,1.3823518011582529e-12,
7.0994776829802786e-01,-1.9497720501828747e-01,9.9999999999857858e-01,1.9993772640706083e-12,
6.8993859624739962e-01,-1.4534072096191261e-01,9.9999999999912603e-01,2.5376173323775798e-12,
7.0220669657442536e-01,-3.7299017140520412e-02,9.9999999999944023e-01,2.9781197133602683e-12,
7.1148716555626013e-01,-1.3029685949919026e-02,9.9999999999966427e-01,3.3048093107653917e-12,
7.1423605440196347e-01,-4.3531132415301045e-03,9.9999999999992151e-01,3.5047519722360506e-12,
9.5657580679644272e-01,-6.2899055546430618e-02,9.9999999997688904e-01,2.1685088157142113e-14,
9.1141041235786779e-01,-4.8060697614554670e-02,9.9999999997920608e-01,7.1398945356892978e-13,
8.5514996809452715e-01,-6.2112225457828900e-02,9.9999999999197009e-01,1.3831602429511900e-12,
7.8501060564124148e-01,-6.4107554822955104e-02,9.9999999999739031e-01,2.0003469951579746e-12,
7.3976098098160814e-01,-5.5342726066654080e-02,9.9999999999905553e-01,2.5399479462274666e-12,
7.2461841705421792e-01,-2.7106001989141770e-02,9.9999999999950084e-01,2.9814419733391148e-12,
7.1960578758600535e-01,-1.0427356003534541e-02,9.9999999999934319e-01,3.3085394678086178e-12,
7.1824360463951231e-01,-3.5038330257445276e-03,9.9999999999687283e-01,3.5086633106254908e-12,

64,4
9.9795619457462748e-01,6.5073303255177545e-02,1.0000000000083176e+00,6.6462635409436226e-13,
9.5423578499669837e-01,5.2599522940534750e-02,1.0000000000142126e+00,1.3296018956311450e-12,
9.0405860546999806e-01,5.7395654510104380e-02,1.0000000000135452e+00,1.9447892952564123e-12,
8.4442161432320284e-01,5.7057890230764567e-02,1.0000000000047564e+00,2.4845654119469332e-12,
7.9292305476305514e-01,4.4210943906518266e-02,1.0000000000009786e+00,2.9283277471431551e-12,
7.5795487927006822e-01,2.3676680953689820e-02,1.0000000000023979e+00,3.2597079992123073e-12,
7.3970433534706415e-01,1.0747722289333213e-02,1.0000000000079323e+00,3.4660119722387698e-12,
7.3166726510108404e-01,4.1676831715278494e-03,1.0000000000243274e+00,3.5387711686124989e-12,
9.9882718629076517e-01,1.3665621887734516e-01,1.0000000000025642e+00,6.6468968731094499e-13,
9.7108846640665925e-01,1.0758652644910370e-01,1.0000000000000568e+00,1.3317320122941984e-12,
9.1911753951252539e-01,1.4023774103913630e-01,9.9999999999981370e-01,1.9483798013845510e-12,
8.4209330098107604e-01,1.3898094829097407e-01,9.9999999999979206e-01,2.4880192273111985e-12,
7.8237801691507003e-01,1.0019565550073121e-01,9.9999999999989064e-01,2.9316886694105387e-12,
7.4849913519100697e-01,3.6390990669620649e-02,9.9999999999996247e-01,3.2633478747761824e-12,
7.3462140820554245e-01,1.5768883774867699e-02,1.0000000000000000e+00,3.4699139269112205e-12,
7.2890470625317205e-01,6.2565286763564976e-03,1.0000000000011118e+00,3.5427756206523850e-12,
1.5474279868895873e+00,8.0015063577921341e-01,1.0000741604069974e+00,6.6420747585553256e-13,
1.8237403227722897e+00,3.2943080095502186e-01,1.0000000066747081e+00,1.3388944387844046e-12,
1.5734627914660195e+00,6.3141127066693237e-01,1.0000130711306159e+00,1.9547447870171771e-12,
1.6576855057916056e+00,4.6581229422082038e-01,1.0000231417491385e+00,2.4923328857230026e-12,
7.3199576640305464e-01,1.2084203900295136e-01,1.0000000000001732e+00,2.9364674970153612e-12,
7.2267306885716787e-01,3.6204174813520625e-02,1.0000000000001588e+00,3.2687882419267952e-12,
7.2270287602642014e-01,1.5774576054586570e-02,1.0000000000001374e+00,3.4757954624234066e-12,
7.2247165010095316e-01,6.3021434126504456e-03,1.0000000000010540e+00,3.5488144187458064e-12,
1.7058762520358288e+00,1.0292326352472290e+00,1.0000506855208422e+00,6.5656797648747425e-13,
1.7888467789293370e+00,8.2538469436352224e-01,1.0000000000000000e+40,1.3913998887847876e-12,
1.9367763107162739e+00,1.0498539113591472e+00,1.0000370293149381e+00,1.9632218421739885e-12,
2.1446901772847236e+00,7.0225831713257492e-01,1.0000500775815393e+00,2.4975484966224725e-12,
7.5376886939945253e-01,4.5541056150400265e-02,1.0000000000002356e+00,2.9421835982766039e-12,
7.1167787860779141e-01,1.8243138243144583e-02,1.0000000000001743e+00,3.2752844613356067e-12,
7.1564343249978113e-01,1.2044287236492044e-02,1.0000000000001339e+00,3.4827776289013696e-12,
7.1684731126358348e-01,5.2577810991939139e-03,1.0000000000008451e+00,3.5559651324976994e-12,
1.5622995628550285e+00,6.7342796632764468e-01,1.0000511426284850e+00,6.5931210913292855e-13,
2.0075820651397738e+00,4.2522188245017206e-01,1.0000000000000000e+40,1.3915544469505791e-12,
2.0024777513655945e+00,7.9809264197631813e-01,1.0000114534429190e+00,1.9639643937090065e-12,
2.0901208116974552e+00,6.6283107452148837e-01,1.0000025549321983e+00,2.5022172418119179e-12,
7.2908405262689835e-01,7.6516730743553321e-02,1.0000000000000449e+00,2.9481916911761194e-12,
7.0575521974715827e-01,1.3187727810538251e-02,1.0000000000000608e+00,3.2819385528485669e-12,
7.1120992001460159e-01,5.9113791277666519e-03,1.0000000000000528e+00,3.4898177100858185e-12,
7.1316218095894801e-01,2.4006534891994604e-03,1.0000000000008908e+00,3.5631419268520105e-12,
1.7641589029137819e+00,8.9326907725677240e-01,1.0000304391631996e+00,6.6903405002370858e-13,
1.6181473640918413e+00,2.7509677875882971e-01,1.0000012647272438e+00,1.3446250811554792e-12,
1.5855823883954689e+00,3.1139959669067913e-01,1.0000038507867970e+00,1.9628434752693379e-12,
1.8899229267433988e+00,6.0897068519906628e-01,1.0000005672369396e+00,2.5064664581248264e-12,
6.9842228565377495e-01,7.2391327637378405e-02,9.9999999999990308e-01,2.9534888887748464e-12,
7.1036310421508697e-01,-1.3929409295551883e-03,9.9999999999995826e-01,3.2876876159220994e-12,
7.1381653498722253e-01,-1.4209896515841537e-03,9.9999999999998346e-01,3.4958320090872370e-12,
7.1462642636658347e-01,-1.8474921980055173e-04,1.0000000000009095e+00,3.5692509656365111e-12,
9.9772381288357204e-01,-4.0307595093264280e-02,1.0000000000404217e+00,6.7104001810633438e-13,
9.6360732715932795e-01,-4.1112291275380422e-02,9.9999999999967082e-01,1.3425237570912134e-12,
9.4177475119546128e-01,-5.2040243218807965e-02,9.9999999999989353e-01,1.9637592157789428e-12,
8.7374784485581547e-01,-6.1092583352521525e-02,9.9999999999981537e-01,2.5088168041863611e-12,
7.7924233670219134e-01,-3.0205738139155527e-02,9.9999999999972522e-01,2.9569088650035040e-12,
7.3665701668830419e-01,-1.1592762789290851e-02,9.9999999999983025e-01,3.2915432047046448e-12,
7.2345234482777743e-01,-3.9495135562908389e-03,9.9999999999994738e-01,3.4998830965235639e-12,
7.1916001920093364e-01,-2.5092181769937954e-04,1.0000000000008222e+00,3.5733638390687745e-12,
9.9806036329366565e-01,-1.2671817627965165e-03,1.0000000001241449e+00,6.7144402121918756e-13,
9.5607521600579315e-01,-1.3045653251520313e-03,1.0000000000928215e+00,1.3429122656610865e-12,
9.1458337390944722e-01,-1.5954566645261167e-03,1.0000000000226752e+00,1.9641609498173132e-12,
8.5417504047055937e-01,-1.7185799734438618e-03,1.0000000000060603e+00,2.5095922093691372e-12,
7.9158034649269726e-01,-9.7673353721417465e-04,1.0000000000039397e+00,2.9580947843376295e-12,
7.4954385525979905e-01,-4.0828226985713376e-04,1.0000000000059279e+00,3.2929366747577673e-12,
7.2945513999030442e-01,-1.4163556809927751e-04,1.0000000000064184e+00,3.5013614659391888e-12,
7.2175454020093466e-01,-8.6692000614795198e-06,1.0000000000054206e+00,3.5748664131580929e-12,

