1
1
4
4
(64 0
((0,0) (15,15) (0,0))
((16,0) (31,15) (0,0))
((32,0) (47,15) (0,0))
((48,0) (63,15) (0,0))
((64,0) (79,15) (0,0))
((80,0) (95,15) (0,0))
((96,0) (111,15) (0,0))
((112,0) (127,15) (0,0))
((0,16) (15,31) (0,0))
((16,16) (31,31) (0,0))
((32,16) (47,31) (0,0))
((48,16) (63,31) (0,0))
((64,16) (79,31) (0,0))
((80,16) (95,31) (0,0))
((96,16) (111,31) (0,0))
((112,16) (127,31) (0,0))
((0,32) (15,47) (0,0))
((16,32) (31,47) (0,0))
((32,32) (47,47) (0,0))
((48,32) (63,47) (0,0))
((64,32) (79,47) (0,0))
((80,32) (95,47) (0,0))
((96,32) (111,47) (0,0))
((112,32) (127,47) (0,0))
((0,48) (15,63) (0,0))
((16,48) (31,63) (0,0))
((32,48) (47,63) (0,0))
((48,48) (63,63) (0,0))
((64,48) (79,63) (0,0))
((80,48) (95,63) (0,0))
((96,48) (111,63) (0,0))
((112,48) (127,63) (0,0))
((0,64) (15,79) (0,0))
((16,64) (31,79) (0,0))
((32,64) (47,79) (0,0))
((48,64) (63,79) (0,0))
((64,64) (79,79) (0,0))
((80,64) (95,79) (0,0))
((96,64) (111,79) (0,0))
((112,64) (127,79) (0,0))
((0,80) (15,95) (0,0))
((16,80) (31,95) (0,0))
((32,80) (47,95) (0,0))
((48,80) (63,95) (0,0))
((64,80) (79,95) (0,0))
((80,80) (95,95) (0,0))
((96,80) (111,95) (0,0))
((112,80) (127,95) (0,0))
((0,96) (15,111) (0,0))
((16,96) (31,111) (0,0))
((32,96) (47,111) (0,0))
((48,96) (63,111) (0,0))
((64,96) (79,111) (0,0))
((80,96) (95,111) (0,0))
((96,96) (111,111) (0,0))
((112,96) (127,111) (0,0))
((0,112) (15,127) (0,0))
((16,112) (31,127) (0,0))
((32,112) (47,127) (0,0))
((48,112) (63,127) (0,0))
((64,112) (79,127) (0,0))
((80,112) (95,127) (0,0))
((96,112) (111,127) (0,0))
((112,112) (127,127) (0,0))
)
64
FabOnDisk: SD_0_New_MF_D_00000 0
FabOnDisk: SD_0_New_MF_D_00000 18516
FabOnDisk: SD_0_New_MF_D_00000 37032
FabOnDisk: SD_0_New_MF_D_00000 55548
FabOnDisk: SD_0_New_MF_D_00000 74064
FabOnDisk: SD_0_New_MF_D_00000 92580
FabOnDisk: SD_0_New_MF_D_00000 111096
FabOnDisk: SD_0_New_MF_D_00000 129613
FabOnDisk: SD_0_New_MF_D_00000 148131
FabOnDisk: SD_0_New_MF_D_00000 166647
FabOnDisk: SD_0_New_MF_D_00000 185163
FabOnDisk: SD_0_New_MF_D_00000 203679
FabOnDisk: SD_0_New_MF_D_00000 222195
FabOnDisk: SD_0_New_MF_D_00000 240711
FabOnDisk: SD_0_New_MF_D_00000 259227
FabOnDisk: SD_0_New_MF_D_00000 277744
FabOnDisk: SD_0_New_MF_D_00000 296262
FabOnDisk: SD_0_New_MF_D_00000 314778
FabOnDisk: SD_0_New_MF_D_00000 333294
FabOnDisk: SD_0_New_MF_D_00000 351810
FabOnDisk: SD_0_New_MF_D_00000 370326
FabOnDisk: SD_0_New_MF_D_00000 388842
FabOnDisk: SD_0_New_MF_D_00000 407358
FabOnDisk: SD_0_New_MF_D_00000 425875
FabOnDisk: SD_0_New_MF_D_00000 444393
FabOnDisk: SD_0_New_MF_D_00000 462909
FabOnDisk: SD_0_New_MF_D_00000 481425
FabOnDisk: SD_0_New_MF_D_00000 499941
FabOnDisk: SD_0_New_MF_D_00000 518457
FabOnDisk: SD_0_New_MF_D_00000 536973
FabOnDisk: SD_0_New_MF_D_00000 555489
FabOnDisk: SD_0_New_MF_D_00000 574006
FabOnDisk: SD_0_New_MF_D_00000 592524
FabOnDisk: SD_0_New_MF_D_00000 611040
FabOnDisk: SD_0_New_MF_D_00000 629556
FabOnDisk: SD_0_New_MF_D_00000 648072
FabOnDisk: SD_0_New_MF_D_00000 666588
FabOnDisk: SD_0_New_MF_D_00000 685104
FabOnDisk: SD_0_New_MF_D_00000 703620
FabOnDisk: SD_0_New_MF_D_00000 722137
FabOnDisk: SD_0_New_MF_D_00000 740655
FabOnDisk: SD_0_New_MF_D_00000 759171
FabOnDisk: SD_0_New_MF_D_00000 777687
FabOnDisk: SD_0_New_MF_D_00000 796203
FabOnDisk: SD_0_New_MF_D_00000 814719
FabOnDisk: SD_0_New_MF_D_00000 833235
FabOnDisk: SD_0_New_MF_D_00000 851751
FabOnDisk: SD_0_New_MF_D_00000 870268
FabOnDisk: SD_0_New_MF_D_00000 888786
FabOnDisk: SD_0_New_MF_D_00000 907303
FabOnDisk: SD_0_New_MF_D_00000 925820
FabOnDisk: SD_0_New_MF_D_00000 944337
FabOnDisk: SD_0_New_MF_D_00000 962854
FabOnDisk: SD_0_New_MF_D_00000 981371
FabOnDisk: SD_0_New_MF_D_00000 999888
FabOnDisk: SD_0_New_MF_D_00000 1018406
FabOnDisk: SD_0_New_MF_D_00000 1036925
FabOnDisk: SD_0_New_MF_D_00000 1055443
FabOnDisk: SD_0_New_MF_D_00000 1073961
FabOnDisk: SD_0_New_MF_D_00000 1092479
FabOnDisk: SD_0_New_MF_D_00000 1110997
FabOnDisk: SD_0_New_MF_D_00000 1129515
FabOnDisk: SD_0_New_MF_D_00000 1148033
FabOnDisk: SD_0_New_MF_D_00000 1166552

64,4
9.5127485640601750e-01,1.4310800480787612e-03,9.9999999999605094e-01,2.1443679116776921e-14,
9.0016744525776937e-01,1.5057733111430603e-03,9.9999999999707201e-01,7.0593600371425676e-13,
8.4187978215618342e-01,1.7134506893494875e-03,9.9999999999740607e-01,1.3672018478691936e-12,
7.8342549871646250e-01,1.3919990001042396e-03,9.9999999999861655e-01,1.9771504071511062e-12,
7.4892617964561670e-01,8.0727541362776256e-04,9.9999999999774847e-01,2.5107484283077998e-12,
7.3440019225628395e-01,3.8064230695890609e-04,9.9999999999860378e-01,2.9474194223216074e-12,
7.2841880998237285e-01,1.5020578161891777e-04,9.9999999999825329e-01,3.2708612426038586e-12,
7.2659502636659290e-01,9.3510481593622174e-06,9.9999999999031808e-01,3.4687112049630440e-12,
9.5465686316003950e-01,4.5167637553135201e-02,9.9999999998876077e-01,2.1409555793947116e-14,
9.0373272805786320e-01,4.8947923730088404e-02,9.9999999999927380e-01,7.0589433488516779e-13,
8.3357918414807297e-01,5.7466409223315779e-02,9.9999999999917599e-01,1.3680204429679923e-12,
7.4013313946772086e-01,4.7408108024541137e-02,9.9999999999929934e-01,1.9784538406998461e-12,
7.2112812858178188e-01,2.5243254133727532e-02,9.9999999999952804e-01,2.5121070770309766e-12,
7.2165559971865156e-01,1.1349668684835348e-02,9.9999999999948108e-01,2.9487439617163256e-12,
7.2228509067638047e-01,4.4575721942345815e-03,9.9999999999938982e-01,3.2722562808694784e-12,
7.2202700979191436e-01,2.7956990890184232e-04,9.9999999999929712e-01,3.4701912687201891e-12,
1.0263904251992502e-01,-2.0257463168505677e-01,9.9987642654016629e-01,2.1075977009340361e-14,
5.0837132859915635e-01,-2.4974189637257838e-01,9.9999943431693517e-01,6.9954649424927386e-13,
1.4145224214731703e-01,-3.1416602268525540e-01,9.9998879917603767e-01,1.3704318612850600e-12,
-7.6142988649077481e-02,-5.6940177009249027e-01,9.9996803142031720e-01,1.9822123760807778e-12,
5.9834727475961091e-01,-4.0118805979200249e-02,9.9999999999973965e-01,2.5156251428145630e-12,
7.0154430634304388e-01,1.1853319235078865e-02,9.9999999999989986e-01,2.9522019348875994e-12,
7.1241066710866474e-01,5.3045081997711739e-03,9.9999999999997868e-01,3.2760197074318073e-12,
7.1596406824264025e-01,3.2757381448219214e-04,9.9999999999998024e-01,3.4742209024176702e-12,
-1.5876560192163763e-01,-4.2414115167495908e-01,9.9995305101293486e-01,2.0436654149014978e-14,
-3.7104446146102910e-01,-4.3785034399244493e-01,9.9990165294392119e-01,6.4987914588410605e-13,
-7.9338649141590403e-02,-5.6737377882312301e-01,9.9996237342573380e-01,1.3790265864586316e-12,
4.3047380533110247e-02,-7.5800092345356129e-01,9.9995455587533688e-01,1.9884914765123380e-12,
6.4821395138184679e-01,-5.5797223629505614e-02,1.0000000000000271e+00,2.5199099145548134e-12,
7.0153760619853001e-01,5.8287899780204745e-03,1.0000000000000580e+00,2.9570524714818753e-12,
7.0697739268065940e-01,2.4334020228829445e-03,1.0000000000000111e+00,3.2815424121967809e-12,
7.1186903403768664e-01,9.2643875475431706e-05,9.9999999999997669e-01,3.4801750743569307e-12,
-1.4159118453145686e-01,-6.4039274388704015e-01,9.9995321803421189e-01,2.0439087903426991e-14,
-4.8041264396207456e-01,-8.5602154847554124e-01,9.9996323210117055e-01,6.4999004910864096e-13,
-1.7421611583763749e-02,-1.1403843733669223e+00,9.9998853443339442e-01,1.3845304603064414e-12,
-1.5338855309365611e-02,-5.0452442020962429e-01,9.9999945808518387e-01,1.9961842276267545e-12,
6.3863629467389738e-01,1.0541950913156174e-03,9.9999999999978850e-01,2.5251152666520365e-12,
6.8628765114296209e-01,-2.9821159244204968e-03,9.9999999999986267e-01,2.9628215895211215e-12,
7.0460424117108889e-01,-2.7756519175358226e-03,9.9999999999992961e-01,3.2880698080456030e-12,
7.1095362613793256e-01,-1.2790342723399081e-03,9.9999999999994948e-01,3.4871643302893304e-12,
-6.4749392974271749e-02,-1.0092763669886617e+00,9.9996665217010561e-01,2.1170310021240532e-14,
5.0406600957350411e-01,-4.6002894245955228e-01,9.9999724830997072e-01,7.0262795599525295e-13,
2.1011407646818892e-01,-6.1828377505885412e-01,9.9998655731745656e-01,1.3803739045529850e-12,
2.4062016303816897e-01,-7.6017893572395978e-01,9.9999637771105432e-01,1.9960417560161689e-12,
5.4759084740013519e-01,-1.5281518795360652e-01,9.9999999999953371e-01,2.5298740645201204e-12,
6.8456623751930701e-01,-3.3731215193306317e-02,9.9999999999963418e-01,2.9688341264576230e-12,
7.0477553162324424e-01,-1.1835143228264766e-02,9.9999999999978406e-01,3.2946883610591574e-12,
7.1126555763655219e-01,-4.0742986089445429e-03,9.9999999999995193e-01,3.4941423163865889e-12,
9.5759479674185932e-01,-1.4995173113651300e-01,9.9999999999425238e-01,2.1566838530158523e-14,
9.1688745100522950e-01,-9.2137882630721715e-02,9.9999999999765177e-01,7.1111111379494885e-13,
8.5783560364496381e-01,-1.4087190993638862e-01,9.9999999999784384e-01,1.3803977910512253e-12,
7.1090738136518461e-01,-1.9173603001681178e-01,9.9999999999856626e-01,1.9965860959536015e-12,
6.9118859307761293e-01,-1.4308335347376314e-01,9.9999999999912093e-01,2.5341180450305560e-12,
7.0329786832459285e-01,-3.6812863125712518e-02,9.9999999999943645e-01,2.9740510652080484e-12,
7.1228526374908852e-01,-1.2947984772215515e-02,9.9999999999966238e-01,3.3003336795645987e-12,
7.1487745789708335e-01,-4.3671768958211165e-03,9.9999999999992095e-01,3.5000337784783645e-12,
9.5579804418383463e-01,-6.3460893748309197e-02,9.9999999997669098e-01,2.1652965469448920e-14,
9.1016333975085839e-01,-4.8219161323846710e-02,9.9999999997899136e-01,7.1294634777462618e-13,
8.5411064652246160e-01,-6.1513275763037951e-02,9.9999999999188660e-01,1.3811771365427632e-12,
7.8476212436473036e-01,-6.3312442802500354e-02,9.9999999999736111e-01,1.9975272929214232e-12,
7.4020333277689576e-01,-5.4546964124972001e-02,9.9999999999905342e-01,2.5364240152928619e-12,
7.2522933653164812e-01,-2.6738779835746830e-02,9.9999999999950273e-01,2.9773550945527702e-12,
7.2022704363435686e-01,-1.0329103648673163e-02,9.9999999999932399e-01,3.3040437198581139e-12,
7.1885680630385684e-01,-3.4916978196912556e-03,9.9999999999688460e-01,3.5039223682959104e-12,

64,4
9.9788854066535315e-01,6.7333741384688311e-02,1.0000000000083942e+00,6.6370429747311433e-13,
9.5133034227427493e-01,5.3420821863594613e-02,1.0000000000143348e+00,1.3277828177942377e-12,
8.9971670162557149e-01,5.7233142836278388e-02,1.0000000000136586e+00,1.9421626074589874e-12,
8.4046124056718674e-01,5.6625173213754987e-02,1.0000000000047451e+00,2.4812529776048150e-12,
7.8972031170175727e-01,4.3098516121212987e-02,1.0000000000009812e+00,2.9244663951966005e-12,
7.5573885336957281e-01,2.2799267516612438e-02,1.0000000000023801e+00,3.2554459835001951e-12,
7.3819628195263787e-01,1.0244302209066060e-02,1.0000000000079738e+00,3.4615058537297973e-12,
7.3053634012062330e-01,3.9495022871069516e-03,1.0000000000245262e+00,3.5341800952884017e-12,
9.9885583439571757e-01,1.4142754909500732e-01,1.0000000000025591e+00,6.6376332492775760e-13,
9.6522791649267003e-01,1.0889959833640576e-01,1.0000000000000573e+00,1.3299124156801816e-12,
9.1340066774263695e-01,1.3964989715840240e-01,9.9999999999981259e-01,1.9457437887870481e-12,
8.3754219037514943e-01,1.3797438047807334e-01,9.9999999999979128e-01,2.4846894132158788e-12,
7.7909827004313414e-01,9.6820630999029919e-02,9.9999999999989042e-01,2.9278011904739530e-12,
7.4647821091872923e-01,3.4667648608637101e-02,9.9999999999996236e-01,3.2590576052336181e-12,
7.3329422556543056e-01,1.4859861522710707e-02,9.9999999999999989e-01,3.4653793364254911e-12,
7.2791066066567023e-01,5.8735151934910211e-03,1.0000000000011044e+00,3.5381561353183363e-12,
1.1834966873494988e+00,8.0306837009134913e-01,1.0000726411900926e+00,6.6327851757373739e-13,
1.3453175154805950e+00,5.5503396571039143e-01,1.0000000065034216e+00,1.3370716810916640e-12,
1.7150171559186360e+00,7.9170349948678043e-01,1.0000142228048732e+00,1.9520754630229002e-12,
1.4240845247481715e+00,1.0624424458931674e+00,1.0000224534339917e+00,2.4889515986140834e-12,
7.2932692406609556e-01,1.1650588526740607e-01,1.0000000000001736e+00,2.9325376521130698e-12,
7.2184708487051585e-01,3.4392688969415670e-02,1.0000000000001588e+00,3.2644559131340946e-12,
7.2194982023122367e-01,1.4848413852931822e-02,1.0000000000001366e+00,3.4712188069167909e-12,
7.2183903546789085e-01,5.9028946036222395e-03,1.0000000000010478e+00,3.5441528951596840e-12,
1.3171980366448637e+00,1.0500277642712761e+00,1.0000500990365777e+00,6.5569219935964766e-13,
1.0000000000000000e+40,1.0000000000000000e+40,1.0000000000000000e+40,1.0000000000000000e+40,
1.8127864336655011e+00,8.5841193391494275e-01,1.0000361714867185e+00,1.9605375654486398e-12,
2.1927659583583972e+00,6.8554630713211240e-01,1.0000492309057345e+00,2.4941534915792487e-12,
7.5557626869529682e-01,4.3412978625946799e-02,1.0000000000002354e+00,2.9382112788375136e-12,
7.1159249252562229e-01,1.6294088652370808e-02,1.0000000000001743e+00,3.2709056258902654e-12,
7.1549082448344925e-01,1.1036034144985232e-02,1.0000000000001332e+00,3.4781531993921457e-12,
7.1667825947169650e-01,4.8313486539663395e-03,1.0000000000008438e+00,3.5512554398122293e-12,
1.3698041980643689e+00,5.5580641821140009e-01,1.0000509282496859e+00,6.5841682611434701e-13,
1.0000000000000000e+40,1.0000000000000000e+40,1.0000000000000000e+40,1.0000000000000000e+40,
2.0015543788081138e+00,8.0501518454860976e-01,1.0000111323608731e+00,1.9612692177450660e-12,
2.0682390139682609e+00,6.6508022061002181e-01,1.0000024920057364e+00,2.4987805232134097e-12,
7.3035686552471113e-01,7.5499975723154006e-02,1.0000000000000446e+00,2.9441842916169932e-12,
7.0630547455603998e-01,1.1882056645759720e-02,1.0000000000000608e+00,3.2775178281262462e-12,
7.1150126151596160e-01,5.1563072049508885e-03,1.0000000000000528e+00,3.4851480581798574e-12,
7.1338071044742424e-01,2.0655303122217141e-03,1.0000000000008982e+00,3.5583859237534213e-12,
1.6002978501609841e+00,1.0374528634752000e-01,1.0000300316533481e+00,6.6806570399897371e-13,
1.4352668512988374e+00,2.8108163669555125e-01,1.0000012396452187e+00,1.3427639456358764e-12,
1.2998664705290774e+00,3.7390973454045306e-01,1.0000038618018225e+00,1.9601041045965357e-12,
1.3463141063652881e+00,6.2657378609629355e-01,1.0000005520355040e+00,2.5030104747551813e-12,
6.9958926528915477e-01,7.1661362199487863e-02,9.9999999999990274e-01,2.9494526675970438e-12,
7.1118671100480257e-01,-1.8080037933835696e-03,9.9999999999995803e-01,3.2832342796300958e-12,
7.1446362370787386e-01,-1.6077381864003065e-03,9.9999999999998335e-01,3.4911260216605378e-12,
7.1521800346555731e-01,-1.9088818757274337e-04,1.0000000000009195e+00,3.5644571774609123e-12,
9.9774978829548289e-01,-4.1268105893806140e-02,1.0000000000404143e+00,6.7005786401699103e-13,
9.6056584011441026e-01,-4.1970754425894853e-02,9.9999999999966871e-01,1.3405969975196691e-12,
9.3924924692379719e-01,-5.2161057462743701e-02,9.9999999999989186e-01,1.9609884354352502e-12,
8.7096725714124879e-01,-6.0211136584399527e-02,9.9999999999981415e-01,2.5053334771213800e-12,
7.7907930552730054e-01,-2.9791977616020177e-02,9.9999999999972433e-01,2.9528535439926080e-12,
7.3714575307232622e-01,-1.1481523691513739e-02,9.9999999999982969e-01,3.2870691345511027e-12,
7.2407621763098950e-01,-3.9358416059107441e-03,9.9999999999994715e-01,3.4951535967547606e-12,
7.1978280477545531e-01,-2.5156850021259094e-04,1.0000000000008351e+00,3.5685453773037004e-12,
9.9804470572545989e-01,-1.2932101822129881e-03,1.0000000001252878e+00,6.7046722933192132e-13,
9.5505359914553800e-01,-1.3266096858025613e-03,1.0000000000938587e+00,1.3409864718060429e-12,
9.1297483614648456e-01,-1.5986754145624626e-03,1.0000000000230782e+00,1.9613897457169539e-12,
8.5290068878250891e-01,-1.6954786022603558e-03,1.0000000000061351e+00,2.5061048137599059e-12,
7.9128385112056177e-01,-9.6344482686959443e-04,1.0000000000039346e+00,2.9540333068276731e-12,
7.4982767902890035e-01,-4.0386447955706353e-04,1.0000000000058864e+00,3.2884552155693518e-12,
7.2998929229697906e-01,-1.4077191330035658e-04,1.0000000000064615e+00,3.4966235229050057e-12,
7.2235499150735538e-01,-8.6798216421355387e-06,1.0000000000055260e+00,3.5700390685289853e-12,

