1
1
1
1
(64 0
((0,0) (16,16) (1,1))
((16,0) (32,16) (1,1))
((32,0) (48,16) (1,1))
((48,0) (64,16) (1,1))
((64,0) (80,16) (1,1))
((80,0) (96,16) (1,1))
((96,0) (112,16) (1,1))
((112,0) (128,16) (1,1))
((0,16) (16,32) (1,1))
((16,16) (32,32) (1,1))
((32,16) (48,32) (1,1))
((48,16) (64,32) (1,1))
((64,16) (80,32) (1,1))
((80,16) (96,32) (1,1))
((96,16) (112,32) (1,1))
((112,16) (128,32) (1,1))
((0,32) (16,48) (1,1))
((16,32) (32,48) (1,1))
((32,32) (48,48) (1,1))
((48,32) (64,48) (1,1))
((64,32) (80,48) (1,1))
((80,32) (96,48) (1,1))
((96,32) (112,48) (1,1))
((112,32) (128,48) (1,1))
((0,48) (16,64) (1,1))
((16,48) (32,64) (1,1))
((32,48) (48,64) (1,1))
((48,48) (64,64) (1,1))
((64,48) (80,64) (1,1))
((80,48) (96,64) (1,1))
((96,48) (112,64) (1,1))
((112,48) (128,64) (1,1))
((0,64) (16,80) (1,1))
((16,64) (32,80) (1,1))
((32,64) (48,80) (1,1))
((48,64) (64,80) (1,1))
((64,64) (80,80) (1,1))
((80,64) (96,80) (1,1))
((96,64) (112,80) (1,1))
((112,64) (128,80) (1,1))
((0,80) (16,96) (1,1))
((16,80) (32,96) (1,1))
((32,80) (48,96) (1,1))
((48,80) (64,96) (1,1))
((64,80) (80,96) (1,1))
((80,80) (96,96) (1,1))
((96,80) (112,96) (1,1))
((112,80) (128,96) (1,1))
((0,96) (16,112) (1,1))
((16,96) (32,112) (1,1))
((32,96) (48,112) (1,1))
((48,96) (64,112) (1,1))
((64,96) (80,112) (1,1))
((80,96) (96,112) (1,1))
((96,96) (112,112) (1,1))
((112,96) (128,112) (1,1))
((0,112) (16,128) (1,1))
((16,112) (32,128) (1,1))
((32,112) (48,128) (1,1))
((48,112) (64,128) (1,1))
((64,112) (80,128) (1,1))
((80,112) (96,128) (1,1))
((96,112) (112,128) (1,1))
((112,112) (128,128) (1,1))
)
64
FabOnDisk: SD_1_Old_MF_D_00000 0
FabOnDisk: SD_1_Old_MF_D_00000 2972
FabOnDisk: SD_1_Old_MF_D_00000 5944
FabOnDisk: SD_1_Old_MF_D_00000 8916
FabOnDisk: SD_1_Old_MF_D_00000 11888
FabOnDisk: SD_1_Old_MF_D_00000 14860
FabOnDisk: SD_1_Old_MF_D_00000 17832
FabOnDisk: SD_1_Old_MF_D_00000 20805
FabOnDisk: SD_1_Old_MF_D_00000 23779
FabOnDisk: SD_1_Old_MF_D_00000 26751
FabOnDisk: SD_1_Old_MF_D_00000 29723
FabOnDisk: SD_1_Old_MF_D_00000 32695
FabOnDisk: SD_1_Old_MF_D_00000 35667
FabOnDisk: SD_1_Old_MF_D_00000 38639
FabOnDisk: SD_1_Old_MF_D_00000 41611
FabOnDisk: SD_1_Old_MF_D_00000 44584
FabOnDisk: SD_1_Old_MF_D_00000 47558
FabOnDisk: SD_1_Old_MF_D_00000 50530
FabOnDisk: SD_1_Old_MF_D_00000 53502
FabOnDisk: SD_1_Old_MF_D_00000 56474
FabOnDisk: SD_1_Old_MF_D_00000 59446
FabOnDisk: SD_1_Old_MF_D_00000 62418
FabOnDisk: SD_1_Old_MF_D_00000 65390
FabOnDisk: SD_1_Old_MF_D_00000 68363
FabOnDisk: SD_1_Old_MF_D_00000 71337
FabOnDisk: SD_1_Old_MF_D_00000 74309
FabOnDisk: SD_1_Old_MF_D_00000 77281
FabOnDisk: SD_1_Old_MF_D_00000 80253
FabOnDisk: SD_1_Old_MF_D_00000 83225
FabOnDisk: SD_1_Old_MF_D_00000 86197
FabOnDisk: SD_1_Old_MF_D_00000 89169
FabOnDisk: SD_1_Old_MF_D_00000 92142
FabOnDisk: SD_1_Old_MF_D_00000 95116
FabOnDisk: SD_1_Old_MF_D_00000 98088
FabOnDisk: SD_1_Old_MF_D_00000 101060
FabOnDisk: SD_1_Old_MF_D_00000 104032
FabOnDisk: SD_1_Old_MF_D_00000 107004
FabOnDisk: SD_1_Old_MF_D_00000 109976
FabOnDisk: SD_1_Old_MF_D_00000 112948
FabOnDisk: SD_1_Old_MF_D_00000 115921
FabOnDisk: SD_1_Old_MF_D_00000 118895
FabOnDisk: SD_1_Old_MF_D_00000 121867
FabOnDisk: SD_1_Old_MF_D_00000 124839
FabOnDisk: SD_1_Old_MF_D_00000 127811
FabOnDisk: SD_1_Old_MF_D_00000 130783
FabOnDisk: SD_1_Old_MF_D_00000 133755
FabOnDisk: SD_1_Old_MF_D_00000 136727
FabOnDisk: SD_1_Old_MF_D_00000 139700
FabOnDisk: SD_1_Old_MF_D_00000 142674
FabOnDisk: SD_1_Old_MF_D_00000 145647
FabOnDisk: SD_1_Old_MF_D_00000 148620
FabOnDisk: SD_1_Old_MF_D_00000 151593
FabOnDisk: SD_1_Old_MF_D_00000 154566
FabOnDisk: SD_1_Old_MF_D_00000 157539
FabOnDisk: SD_1_Old_MF_D_00000 160512
FabOnDisk: SD_1_Old_MF_D_00000 163486
FabOnDisk: SD_1_Old_MF_D_00000 166461
FabOnDisk: SD_1_Old_MF_D_00000 169435
FabOnDisk: SD_1_Old_MF_D_00000 172409
FabOnDisk: SD_1_Old_MF_D_00000 175383
FabOnDisk: SD_1_Old_MF_D_00000 178357
FabOnDisk: SD_1_Old_MF_D_00000 181331
FabOnDisk: SD_1_Old_MF_D_00000 184305
FabOnDisk: SD_1_Old_MF_D_00000 187280

64,1
7.9153109316469909e+01,
6.4664790293771148e+01,
4.5544582800689113e+01,
2.7145980479164336e+01,
1.5484438427526584e+01,
8.4614979003588360e+00,
3.7527902581297212e+00,
0.0000000000000000e+00,
8.3795722874480361e+01,
6.6503196274597485e+01,
4.2473416289632496e+01,
1.6246392210129216e+01,
8.9364402336127569e+00,
5.0758547617251679e+00,
2.3236673777931856e+00,
0.0000000000000000e+00,
-5.5953597241191346e+01,
-5.5953597241191346e+01,
4.2217305129728629e+01,
-1.2755824839839534e+01,
-3.1642169809165352e+00,
6.2543601911329461e-02,
4.9595820387798994e-01,
0.0000000000000000e+00,
6.7505222761054938e+01,
-5.4165222748156302e+03,
1.1311464299066256e+02,
-2.5625060464301896e+01,
-1.4846022100816299e+01,
-6.6210198709950419e+00,
-2.9204850154853830e+00,
-1.1010683102254006e+00,
4.4027622238399181e+02,
-5.4165222748156302e+03,
2.6116050844258007e+02,
-2.8208218201646559e+01,
-1.8090107604044533e+01,
-9.5456009231784265e+00,
-4.8431083223438236e+00,
-2.0488054209894244e+00,
3.0098307602992463e+01,
1.0282777729257759e+01,
-1.2935135701907711e+01,
-2.9312802690459193e+01,
-2.0141792514584267e+01,
-9.7036440619062887e+00,
-5.1238368112151420e+00,
-2.3134180383852936e+00,
2.2891080731935745e+01,
1.0607897727802083e+01,
-8.7023207246384118e+00,
-1.4832558320320004e+01,
-1.3871726447026504e+01,
-8.6655055643359447e+00,
-5.0233492666748134e+00,
-2.3134180383852936e+00,
2.0063720588334945e+01,
1.1243582173085997e+01,
5.2820883854110434e-02,
-5.6695475902533872e+00,
-6.2825883742020778e+00,
-6.0126466218175665e+00,
-4.3363011608430497e+00,
-2.1996833371728144e+00,

64,1
9.0897686285318741e+01,
8.3795722874480361e+01,
6.6503196274597485e+01,
4.6469703277452027e+01,
2.9785674472859228e+01,
1.7647495843814795e+01,
9.6950366513460722e+00,
4.2863560531109215e+00,
1.1215184901415159e+02,
9.8851452956268076e+01,
7.1546963709818101e+01,
4.5544582800689113e+01,
2.7145980479164336e+01,
1.5484438427526584e+01,
8.4614979003588360e+00,
3.7527902581297212e+00,
5.0137026462041104e+02,
5.7254828248293961e+02,
4.8814289501623580e+02,
4.3683405149328382e+02,
1.6246392210129216e+01,
8.9364402336127569e+00,
5.0758547617251679e+00,
2.3236673777931856e+00,
8.1348252899088311e+02,
5.7254828248293961e+02,
5.0917080804265333e+02,
5.4954386329206773e+02,
6.2543601911329461e-02,
7.1894890661405952e-01,
7.2118046011769366e-01,
4.9595820387798994e-01,
8.1348252899088311e+02,
5.8046736123544179e+02,
5.8046736123544179e+02,
5.9242816127461447e+02,
-6.6210198709950419e+00,
-2.9204850154853830e+00,
-1.1010683102254006e+00,
0.0000000000000000e+00,
6.8028242989162027e+02,
5.9876000039568589e+02,
6.5276353266210253e+02,
4.9974377396352475e+02,
-8.6655055643359447e+00,
-4.8431083223438236e+00,
-2.0488054209894244e+00,
0.0000000000000000e+00,
4.4006026836231285e+01,
3.2812437633691843e+01,
1.1264407917970857e+01,
5.2820883854110434e-02,
-5.6695475902533872e+00,
-4.3363011608430497e+00,
-2.1996833371728144e+00,
0.0000000000000000e+00,
2.7821100742074123e+01,
2.2891080731935745e+01,
1.1271109757704835e+01,
2.1482541323734949e+00,
-3.4114656360998197e+00,
-3.9525267852768593e+00,
-2.1039824710964012e+00,
0.0000000000000000e+00,

