1
1
9
0
(4 0
((32,112) (47,127) (0,0))
((48,112) (63,127) (0,0))
((32,128) (47,143) (0,0))
((48,128) (63,143) (0,0))
)
4
FabOnDisk: Cell_D_00003 0
FabOnDisk: Cell_D_00002 0
FabOnDisk: Cell_D_00001 0
FabOnDisk: Cell_D_00000 0

4,9
0.0000000000000000e+00,-7.4454927347558286e-01,0.0000000000000000e+00,-7.8287740110946539e-13,-7.7757729408822820e+02,-4.6124353260040732e+02,0.0000000000000000e+00,-7.1543761475241430e-01,0.0000000000000000e+00,
-5.8142104313132104e-01,-6.0469346970283433e-01,0.0000000000000000e+00,0.0000000000000000e+00,-4.3257087779441832e+02,-4.8482714948808172e+02,0.0000000000000000e+00,-9.1361045136690611e-01,0.0000000000000000e+00,
0.0000000000000000e+00,0.0000000000000000e+00,0.0000000000000000e+00,-8.4725710866648842e-13,-7.7757729408827254e+02,-5.4348295674045892e+02,0.0000000000000000e+00,-7.1543761475288714e-01,0.0000000000000000e+00,
-5.8142104313145304e-01,-7.6312940568185561e-01,0.0000000000000000e+00,0.0000000000000000e+00,-4.3257087779434357e+02,-5.4827206562764115e+02,0.0000000000000000e+00,-9.1361045136703878e-01,0.0000000000000000e+00,

4,9
1.5221881892676146e+00,0.0000000000000000e+00,1.0000000000002005e+00,8.1544922425137497e-13,1.6298755870853358e+02,5.4348295674042527e+02,3.4104261987638029e+03,5.9152426636848676e-01,1.0000000000000000e+00,
1.5322538982663305e+00,7.6312940568204690e-01,1.0000000000003193e+00,4.2703997821513154e-13,8.4918222062435336e+02,5.4827206562763968e+02,3.0731142735897502e+03,1.2222206736840441e-01,1.0000000000000000e+00,
1.5221881892677285e+00,7.4454927347577571e-01,1.0000000000003288e+00,8.4762029146776289e-13,1.6298755870855840e+02,4.6124353260023247e+02,3.4104261987642972e+03,5.9152426636846367e-01,1.0000000000000000e+00,
1.5322538982663825e+00,6.0469346970305071e-01,1.0000000000002840e+00,4.3990524746055832e-13,8.4918222062436598e+02,4.8482714948782387e+02,3.0731142735901271e+03,1.2222206736840052e-01,1.0000000000000000e+00,

