1
1
8
0
(3 0
((248,208) (255,231) (0,0))
((232,232) (255,255) (0,0))
((0,248) (127,255) (0,0))
)
3
FabOnDisk: Cell_D_00000 0
FabOnDisk: Cell_D_00000 12376
FabOnDisk: Cell_D_00000 49328

3,8
-8.4243619022006416e-02,-6.8188782403902448e-01,9.9999999992614141e-01,0.0000000000000000e+00,-6.2847245698758969e-01,-2.1921135365430144e-01,1.9724546556632916e-01,-1.5132895190369301e-02,
-4.4683049051170244e-02,-6.8127859869052820e-01,9.9999987496442799e-01,0.0000000000000000e+00,-2.4589650773470506e-01,-6.9046834107394606e-01,2.3660192751028575e-01,-2.1441387183342001e-02,
-8.2024538632726865e-02,-5.5682032297401261e-03,9.9999999999778610e-01,0.0000000000000000e+00,-7.5484063158422465e-01,-4.0401911825250899e+01,5.9757150888945176e-02,-3.0188981285786742e-01,

3,8
3.1561268129374842e-03,-4.2645387856939207e-02,1.0000000000691300e+00,0.0000000000000000e+00,1.0403425239516553e+00,1.7861171592995726e+00,4.3193994650045923e+01,4.3546876072863575e-02,
9.3707019660094437e-01,5.5485110093749486e-03,1.0007631094886380e+00,0.0000000000000000e+00,9.3893952370371593e+01,8.0270735837099508e+01,1.3707077999968135e+02,1.1850739327042827e+00,
9.5765634180259884e-01,2.4070876584875375e-01,1.0000000000054756e+00,0.0000000000000000e+00,5.4565415609518723e+01,2.0712565423155919e+01,1.4651568259679405e+02,-1.0204835200343482e-03,

