1
1
8
0
(4 0
((248,224) (255,239) (0,0))
((224,240) (255,255) (0,0))
((0,248) (127,255) (0,0))
((128,248) (223,255) (0,0))
)
4
FabOnDisk: Cell_D_00000 0
FabOnDisk: Cell_D_00000 8280
FabOnDisk: Cell_D_00000 41136
FabOnDisk: Cell_D_00000 106758

4,8
-1.7160584376354363e-01,-6.2996225533736494e-01,9.9999990233234226e-01,0.0000000000000000e+00,-6.9066407764718196e-01,-4.6584053022739447e-01,1.7592894662197089e-01,1.0700176398847447e-02,
-7.9385344290376123e-02,-6.4323989352360400e-01,9.9659420077695549e-01,0.0000000000000000e+00,-6.9079064481241215e-01,-1.2190536228649318e-01,1.6963119718907205e-01,-4.0796876762929875e-02,
-8.0809251016821501e-02,3.8820184471489670e-05,9.9999999999826883e-01,0.0000000000000000e+00,-9.0687034649681753e-01,-4.0404142146847860e+01,3.8004042546496919e-02,-3.1173924283771209e-01,
3.7482565938655993e-01,-4.4256161029601980e-06,9.9999602769748897e-01,0.0000000000000000e+00,-5.7470452379308190e-01,-4.5486519592075059e-02,1.5886042118645223e+01,-2.1109677272218078e-02,

4,8
4.0695177553034265e-04,-2.7110374601192221e-02,1.0000000003351459e+00,0.0000000000000000e+00,2.7896328947679288e+00,2.2740721145856106e+00,4.5489082915249647e+01,5.6895469540314103e-02,
9.5924971039930285e-01,2.8640862309321360e-02,1.0034270723401482e+00,0.0000000000000000e+00,9.3888271148602740e+01,8.0290663118472267e+01,1.3699959991643112e+02,1.0973528317881247e+00,
9.5216516645855709e-01,2.4046107654475524e-01,1.0000000000042291e+00,0.0000000000000000e+00,5.4566287978253307e+01,2.0706734553060720e+01,1.4653855143851675e+02,-8.8509296752772963e-03,
9.5929539869553160e-01,6.3648331371146984e-03,1.0000404001317660e+00,0.0000000000000000e+00,3.9875944510660455e-02,7.6335926408771382e-01,2.3823657142613765e+01,-1.7307990451856628e-03,

