1
1
2
4
(56 0
((0,80) (15,95) (0,0))
((16,80) (31,95) (0,0))
((32,80) (47,95) (0,0))
((48,80) (63,95) (0,0))
((64,80) (79,95) (0,0))
((80,80) (95,95) (0,0))
((96,80) (111,95) (0,0))
((112,80) (119,95) (0,0))
((0,96) (15,111) (0,0))
((16,96) (31,111) (0,0))
((32,96) (47,111) (0,0))
((48,96) (63,111) (0,0))
((64,96) (79,111) (0,0))
((80,96) (95,111) (0,0))
((96,96) (111,111) (0,0))
((112,96) (119,111) (0,0))
((0,112) (15,127) (0,0))
((16,112) (31,127) (0,0))
((32,112) (47,127) (0,0))
((48,112) (63,127) (0,0))
((64,112) (79,127) (0,0))
((80,112) (95,127) (0,0))
((96,112) (111,127) (0,0))
((112,112) (119,127) (0,0))
((0,128) (15,143) (0,0))
((16,128) (31,143) (0,0))
((32,128) (47,143) (0,0))
((48,128) (63,143) (0,0))
((64,128) (79,143) (0,0))
((80,128) (95,143) (0,0))
((96,128) (111,143) (0,0))
((112,128) (119,143) (0,0))
((0,144) (15,159) (0,0))
((16,144) (31,159) (0,0))
((32,144) (47,159) (0,0))
((48,144) (63,159) (0,0))
((64,144) (79,159) (0,0))
((80,144) (95,159) (0,0))
((96,144) (111,159) (0,0))
((112,144) (119,159) (0,0))
((0,160) (15,175) (0,0))
((16,160) (31,175) (0,0))
((32,160) (47,175) (0,0))
((48,160) (63,175) (0,0))
((64,160) (79,175) (0,0))
((80,160) (95,175) (0,0))
((96,160) (111,175) (0,0))
((112,160) (119,175) (0,0))
((0,176) (15,183) (0,0))
((16,176) (31,183) (0,0))
((32,176) (47,183) (0,0))
((48,176) (63,183) (0,0))
((64,176) (79,183) (0,0))
((80,176) (95,183) (0,0))
((96,176) (111,183) (0,0))
((112,176) (119,183) (0,0))
)
56
FabOnDisk: SD_2_New_MF_D_00000 0
FabOnDisk: SD_2_New_MF_D_00000 9300
FabOnDisk: SD_2_New_MF_D_00000 18600
FabOnDisk: SD_2_New_MF_D_00000 27900
FabOnDisk: SD_2_New_MF_D_00000 37200
FabOnDisk: SD_2_New_MF_D_00000 46500
FabOnDisk: SD_2_New_MF_D_00000 55800
FabOnDisk: SD_2_New_MF_D_00000 65101
FabOnDisk: SD_2_New_MF_D_00000 71331
FabOnDisk: SD_2_New_MF_D_00000 80632
FabOnDisk: SD_2_New_MF_D_00000 89933
FabOnDisk: SD_2_New_MF_D_00000 99234
FabOnDisk: SD_2_New_MF_D_00000 108535
FabOnDisk: SD_2_New_MF_D_00000 117836
FabOnDisk: SD_2_New_MF_D_00000 127137
FabOnDisk: SD_2_New_MF_D_00000 136439
FabOnDisk: SD_2_New_MF_D_00000 142670
FabOnDisk: SD_2_New_MF_D_00000 151972
FabOnDisk: SD_2_New_MF_D_00000 161274
FabOnDisk: SD_2_New_MF_D_00000 170576
FabOnDisk: SD_2_New_MF_D_00000 179878
FabOnDisk: SD_2_New_MF_D_00000 189180
FabOnDisk: SD_2_New_MF_D_00000 198482
FabOnDisk: SD_2_New_MF_D_00000 207785
FabOnDisk: SD_2_New_MF_D_00000 214017
FabOnDisk: SD_2_New_MF_D_00000 223319
FabOnDisk: SD_2_New_MF_D_00000 232621
FabOnDisk: SD_2_New_MF_D_00000 241923
FabOnDisk: SD_2_New_MF_D_00000 251225
FabOnDisk: SD_2_New_MF_D_00000 260527
FabOnDisk: SD_2_New_MF_D_00000 269829
FabOnDisk: SD_2_New_MF_D_00000 279132
FabOnDisk: SD_2_New_MF_D_00000 285364
FabOnDisk: SD_2_New_MF_D_00000 294666
FabOnDisk: SD_2_New_MF_D_00000 303968
FabOnDisk: SD_2_New_MF_D_00000 313270
FabOnDisk: SD_2_New_MF_D_00000 322572
FabOnDisk: SD_2_New_MF_D_00000 331874
FabOnDisk: SD_2_New_MF_D_00000 341176
FabOnDisk: SD_2_New_MF_D_00000 350479
FabOnDisk: SD_2_New_MF_D_00000 356711
FabOnDisk: SD_2_New_MF_D_00000 366013
FabOnDisk: SD_2_New_MF_D_00000 375315
FabOnDisk: SD_2_New_MF_D_00000 384617
FabOnDisk: SD_2_New_MF_D_00000 393919
FabOnDisk: SD_2_New_MF_D_00000 403221
FabOnDisk: SD_2_New_MF_D_00000 412523
FabOnDisk: SD_2_New_MF_D_00000 421826
FabOnDisk: SD_2_New_MF_D_00000 428058
FabOnDisk: SD_2_New_MF_D_00000 434288
FabOnDisk: SD_2_New_MF_D_00000 440518
FabOnDisk: SD_2_New_MF_D_00000 446748
FabOnDisk: SD_2_New_MF_D_00000 452978
FabOnDisk: SD_2_New_MF_D_00000 459208
FabOnDisk: SD_2_New_MF_D_00000 465438
FabOnDisk: SD_2_New_MF_D_00000 471669

56,2
-1.4091157035938099e+06,-1.6767776547681693e+07,
-1.6157430037304575e+06,-8.0905532775580613e+06,
-5.2669265636975709e+06,-6.5894521777433595e+06,
-7.7946376536991568e+06,-6.4328407297847364e+06,
-7.5340465307522276e+06,-8.7127059843006991e+06,
-5.0508948555513462e+06,-6.1690858473032173e+06,
-4.1388870791994496e+06,-5.9345477480237987e+06,
-2.4911283340076753e+06,-8.4520782212014729e+05,
-3.8764668788969568e+06,-1.4826429398474803e+07,
-1.8241176813026764e+06,-1.0019453845322946e+07,
-7.4863978333445610e+06,-8.5271458759739175e+06,
-1.3075468791652834e+06,-8.8786460835353495e+05,
-1.1150129422935724e+07,-9.5115445031625740e+06,
-1.9996804669264068e+06,-2.9957971512770453e+06,
-2.2442229794408605e+07,-6.7383323549803859e+05,
-3.4523732925545797e+06,-1.6913277184538372e+05,
-5.2971869577122396e+06,-1.1293069505294753e+07,
-2.4781407702416992e+06,-6.2432569895380335e+06,
9.6456243654801474e+03,-1.9532159077930334e+05,
-8.4532753928349614e+06,-2.6716994949847925e+06,
-6.8403963234685976e+06,-2.0641644524567530e+06,
9.2235797703185395e+04,-1.3297804720690601e+04,
-2.2494206894673802e+07,-2.6176121725875451e+05,
-4.3505977247117590e+06,-7.5116756309642934e+05,
-5.6126592631214000e+06,-2.1771240513182436e+06,
1.0360150448403871e+04,-4.2276168265962424e+06,
1.1150224727602254e+04,-1.1474910369950483e+05,
-1.2158496488517497e+07,-7.8169764681093683e+06,
-1.3687963989429239e+07,-2.2198153532685433e+06,
7.6467431246670472e+04,-1.9857125412248887e+05,
-1.6952861753428016e+07,-3.6408149013585192e+06,
-3.4148064124510419e+06,-7.1705212688906013e+05,
-2.0666698804697832e+06,4.7635725924577837e+03,
-1.7183968168013068e+06,-2.4768694690918191e+06,
-1.2176327195187316e+06,8.4536200199017931e+03,
-8.5307993626724333e+06,-1.3361415473819524e+06,
-1.2199610888871588e+07,-7.1017365593452321e+05,
-1.0137650805119798e+06,-9.1758480454422999e+05,
-1.6000027863582214e+07,-2.6341795853538522e+06,
-3.3891335014869156e+06,-4.7515974885948247e+05,
-1.4980121833497435e+06,1.5375413224809826e+05,
-3.5940784559742305e+06,-2.0649748315533921e+06,
-5.7175439210118437e+06,-6.7986764804351539e+05,
-4.8102084990997752e+06,-9.0814371279645292e+05,
-1.1372495692209839e+06,-5.2628607022976363e+05,
-3.6916332767569157e+06,-1.8412925289886801e+06,
-3.9423259153076056e+06,-3.5784985573451337e+06,
-3.6605103533708844e+06,-3.0744125002959305e+06,
-7.3257571623306831e+03,8.6888755527950125e+04,
-6.0246091045935568e+05,-9.0685764242869022e+05,
8.4737307152831345e+05,1.0560303674641531e+06,
7.6025469598259265e+05,1.1000175517197798e+06,
6.2491664568025805e+05,8.5774035007353057e+05,
3.7975291266404022e+05,9.8963266367237410e+05,
-1.0567077241884921e+05,-1.5495266115660203e+05,
-9.0077338630039454e+05,-4.3846021735042590e+05,

56,2
5.0759256935785851e+06,-9.4559524323120742e+04,
6.2665201886482351e+06,8.4898359129263065e+05,
3.9380896552603310e+06,3.5296723741694763e+06,
2.0787389023232444e+06,5.6557419264016859e+05,
4.0325687565333284e+06,2.5956004732914087e+06,
4.8571961580785895e+06,5.5362467063804660e+06,
4.3802909292991934e+06,2.9317986868474148e+06,
-4.3241106111904817e+04,1.6882412564235071e+06,
9.1988903472752608e+06,-1.4562879222808985e+05,
2.9504841887867483e+06,-7.3018282960469049e+04,
3.4126440779580371e+06,1.3995040531270022e+06,
4.8788896119769808e+05,1.8795497256879809e+06,
7.3453067295678542e+05,5.2884926087429207e+06,
2.5990119957667985e+06,1.7154437441781145e+06,
3.6872853129102022e+05,5.4959270588976908e+06,
-1.8590081503432954e+06,8.9229748194822902e+05,
2.0150385499323171e+06,2.0597249577143709e+06,
5.0122427036160473e+06,3.3849755158409663e+06,
1.0000000000000000e+40,1.0000000000000000e+40,
1.0000000000000000e+40,1.0000000000000000e+40,
2.0291083297296279e+05,3.2190646745228032e+06,
1.4805907017844249e+05,1.7524814678049639e+04,
2.5377195193760563e+05,1.2170641916010738e+06,
-4.3284812719394351e+04,8.9640529634313006e+05,
4.7128957721658163e+06,1.1497600874703046e+07,
7.7324026132792747e+06,3.5778690939903120e+06,
1.0000000000000000e+40,1.0000000000000000e+40,
1.0000000000000000e+40,1.0000000000000000e+40,
2.4730439737448562e+05,7.8988437486009225e+06,
3.1753479567089642e+05,1.2232230125312528e+05,
2.1540420659004032e+05,1.8101784634795281e+05,
-2.5149186369093847e+06,1.2491111109392589e+05,
2.0519987607329199e+06,1.4382649389151532e+07,
6.7081116867992599e+06,7.6104703079166505e+06,
4.2603342052703199e+05,1.4770904037134652e+06,
3.0839990685494978e+05,4.6842617414019294e+06,
2.9416097624946665e+05,6.4277769610703308e+06,
1.2829155205506177e+06,1.8823519343961817e+06,
1.4759703602605932e+06,1.9951986817389436e+06,
-2.1598332366553824e+06,8.7373311525190377e+05,
1.2880354006856694e+06,1.3980118749781113e+07,
1.7319796951802457e+06,8.9321168566716947e+06,
3.3268179392442980e+05,4.6453680525950268e+06,
1.8678287607241003e+06,7.4009543465631371e+06,
2.5456556407251665e+06,3.1516660907968469e+06,
9.4919780795575795e+05,4.8308729549086187e+06,
4.3670684808997950e+06,4.3969598129529124e+06,
8.7967462852928540e+04,5.4084450802687427e+05,
3.0998633170433259e+06,8.4289888008236755e+06,
2.6226174176441818e+06,2.6275114889184595e+06,
1.3323744408837492e+06,1.8956522771986418e+06,
1.0565450239811665e+06,1.3689385375676060e+06,
1.1596506106685447e+06,1.3048078387907324e+06,
1.4051265805829165e+06,1.9847926586618817e+06,
1.5997209966803258e+06,1.6440879922376892e+06,
1.7006498141549891e+05,1.0070713081383684e+06,

