1
1
9
0
(6 0
((32,112) (47,127) (0,0))
((48,112) (63,127) (0,0))
((64,112) (71,127) (0,0))
((32,128) (47,143) (0,0))
((48,128) (63,143) (0,0))
((64,128) (71,143) (0,0))
)
6
FabOnDisk: Cell_D_00000 0
FabOnDisk: Cell_D_00000 18518
FabOnDisk: Cell_D_00000 37036
FabOnDisk: Cell_D_00000 46338
FabOnDisk: Cell_D_00000 64856
FabOnDisk: Cell_D_00000 83374

6,9
0.0000000000000000e+00,-7.3787837404060597e-01,0.0000000000000000e+00,-2.3139923305395490e-12,-7.3278846531700685e+02,-3.8786955786393372e+02,0.0000000000000000e+00,-6.4423737707628881e-01,0.0000000000000000e+00,
-8.6990595408967419e-01,-6.8948282004244166e-01,0.0000000000000000e+00,-7.3623424489733012e-14,-5.5732020218387345e+02,-5.0649471882503377e+02,0.0000000000000000e+00,-1.0883711600302988e+00,0.0000000000000000e+00,
-8.6262600269622590e-03,1.9436120398734477e-02,9.9999999999981570e-01,6.1888362608137927e-14,-4.3575485784890134e+01,-2.7210273926614082e+01,3.6210407453163285e-02,-1.7179857569417750e-01,1.0000000000000000e+00,
0.0000000000000000e+00,0.0000000000000000e+00,0.0000000000000000e+00,-2.4364366718224299e-12,-7.3278846531731097e+02,-5.2978839279511647e+02,0.0000000000000000e+00,-6.4423737707638318e-01,0.0000000000000000e+00,
-8.6990595408958948e-01,-8.1184153521600677e-01,0.0000000000000000e+00,-8.3079453877368109e-14,-5.5732020218389380e+02,-5.3794261765789815e+02,0.0000000000000000e+00,-1.0883711600302688e+00,0.0000000000000000e+00,
-8.6262600269462527e-03,-6.5083400179758322e-01,9.9999999999993394e-01,5.7718197770462494e-14,-4.3575485784892322e+01,-2.1228487102220748e+02,3.6210407436065850e-02,-1.7179857569415186e-01,1.0000000000000000e+00,

6,9
1.4605785351686427e+00,0.0000000000000000e+00,1.0000000000000389e+00,1.4860353581843380e-12,1.6013417772082178e+02,5.2978839279499311e+02,3.2844194303738282e+03,5.9108343742482128e-01,1.0000000000000000e+00,
1.4999276583304157e+00,8.1184153521604308e-01,1.0000000000002314e+00,6.0462287133935163e-13,8.6076919559042221e+02,5.3794261765790327e+02,2.5302127884224483e+03,0.0000000000000000e+00,1.0000000000000000e+00,
1.1159811408931832e+00,6.5083400179759499e-01,1.0000000000001452e+00,1.2864009634326054e-13,3.7698336410180264e+02,2.1228487102223167e+02,2.6181656050481860e+02,1.5860318811235755e-01,1.0000000000000000e+00,
1.4605785351686689e+00,7.3787837404055312e-01,1.0000000000001787e+00,1.5447407262216496e-12,1.6013417772083042e+02,3.8786955786399483e+02,3.2844194303737022e+03,5.9108343742483038e-01,1.0000000000000000e+00,
1.4999276583303902e+00,6.8948282004251094e-01,1.0000000000002280e+00,6.2918278458725457e-13,8.6076919559044325e+02,5.0649471882508971e+02,2.5302127884225520e+03,0.0000000000000000e+00,1.0000000000000000e+00,
1.1159811408931788e+00,-1.9436120398744944e-02,1.0000000000001394e+00,1.2872474067565158e-13,3.7698336410179297e+02,2.7210273926596663e+01,2.6181656050473703e+02,1.5860318811236002e-01,1.0000000000000000e+00,

