1
1
2
1
(4 0
((0,0) (31,31) (0,0))
((32,0) (63,31) (0,0))
((0,32) (31,63) (0,0))
((32,32) (63,63) (0,0))
)
4
FabOnDisk: SD_2_Old_MF_D_00000 0
FabOnDisk: SD_2_Old_MF_D_00001 0
FabOnDisk: SD_2_Old_MF_D_00002 0
FabOnDisk: SD_2_Old_MF_D_00003 0

4,2
-1.5722833930992830e-03,-1.3694238873181929e-02,
-1.5513224044210712e-03,-6.3003737967612730e-03,
-1.3128440414104992e-01,-3.6626637671424818e+00,
-7.3516548261527814e-01,-1.4763056637200007e+00,

4,2
1.5752142495201221e-02,5.5403541670509190e-04,
1.9155530054534995e-02,2.0652105277539599e-02,
1.2309303628586777e+01,1.2440925189835901e+00,
2.9120048614147777e+01,2.1525918791169605e+01,

