1
1
9
0
(25 0
((16,96) (31,111) (0,0))
((32,96) (47,111) (0,0))
((48,96) (63,111) (0,0))
((64,96) (79,111) (0,0))
((80,96) (87,111) (0,0))
((16,112) (31,127) (0,0))
((32,112) (47,127) (0,0))
((48,112) (63,127) (0,0))
((64,112) (79,127) (0,0))
((80,112) (87,127) (0,0))
((16,128) (31,143) (0,0))
((32,128) (47,143) (0,0))
((48,128) (63,143) (0,0))
((64,128) (79,143) (0,0))
((80,128) (87,143) (0,0))
((16,144) (31,159) (0,0))
((32,144) (47,159) (0,0))
((48,144) (63,159) (0,0))
((64,144) (79,159) (0,0))
((80,144) (87,159) (0,0))
((16,160) (31,167) (0,0))
((32,160) (47,167) (0,0))
((48,160) (63,167) (0,0))
((64,160) (79,167) (0,0))
((80,160) (87,167) (0,0))
)
25
FabOnDisk: Cell_D_00002 0
FabOnDisk: Cell_D_00002 18517
FabOnDisk: Cell_D_00002 37034
FabOnDisk: Cell_D_00000 0
FabOnDisk: Cell_D_00000 18517
FabOnDisk: Cell_D_00002 55551
FabOnDisk: Cell_D_00002 74069
FabOnDisk: Cell_D_00000 27818
FabOnDisk: Cell_D_00000 46336
FabOnDisk: Cell_D_00000 64854
FabOnDisk: Cell_D_00000 74156
FabOnDisk: Cell_D_00001 0
FabOnDisk: Cell_D_00001 18518
FabOnDisk: Cell_D_00003 0
FabOnDisk: Cell_D_00003 18518
FabOnDisk: Cell_D_00001 37036
FabOnDisk: Cell_D_00001 55554
FabOnDisk: Cell_D_00001 74072
FabOnDisk: Cell_D_00003 27820
FabOnDisk: Cell_D_00003 46338
FabOnDisk: Cell_D_00003 55640
FabOnDisk: Cell_D_00003 64942
FabOnDisk: Cell_D_00003 74244
FabOnDisk: Cell_D_00003 83546
FabOnDisk: Cell_D_00003 92848

25,9
9.1204407436560131e-01,-1.3214431944126364e+00,9.9999999844657961e-01,3.9702870037441689e-13,-1.1277148931349317e+07,-4.6727311487413142e+06,1.0581464256486299e+00,-2.9881308182709847e+02,1.0000000000000000e+00,
3.9558003600047642e-01,-4.9205274064134535e-01,9.9997829966321694e-01,7.8193748241391558e-13,-3.5401631183977355e+06,-1.7109573351456351e+06,7.9156864249885217e-01,-1.4172999090861489e+02,1.0000000000000000e+00,
4.7528970608864007e-01,-4.5725386445286798e-01,9.9976753176531874e-01,1.2001720962363639e-12,-9.9256884631086774e+06,-4.0797374630900524e+06,3.0931869689750329e+00,-2.0002752492351505e+02,1.0000000000000000e+00,
6.0347359686276258e-01,-2.8597327008962581e-01,9.9995306800730133e-01,1.5893501303341485e-12,-1.1888721643582707e+07,-2.5848083481310853e+06,4.5200785265997467e-02,-1.0971316763290005e+02,1.0000000000000000e+00,
2.1873065233200872e-01,-6.1678744832383181e-01,9.9999999999823364e-01,1.9533652694414948e-12,-6.2972623481430998e+06,-1.3402292090873048e+06,4.2183065296059397e-01,-1.4265161774875526e+02,1.0000000000000000e+00,
6.1825021204420294e-02,-3.2329320694193869e-01,9.9997893346958178e-01,3.9128301429067876e-13,-1.0933176210315410e+07,-1.0250423603429130e+05,2.7593792622199942e-01,-3.3083263865618972e+02,1.0000000000000000e+00,
-4.6635285250428649e-01,-7.6913766967273500e-01,0.0000000000000000e+00,0.0000000000000000e+00,-1.9169295370125114e+06,-1.4823855914333011e+06,0.0000000000000000e+00,-1.8992027502927351e+02,0.0000000000000000e+00,
-3.9136675142044934e-02,-3.7278530519379305e-01,0.0000000000000000e+00,0.0000000000000000e+00,-6.7254228732407074e+06,-2.0064000997914579e+06,0.0000000000000000e+00,-1.6632718879078061e+02,0.0000000000000000e+00,
-9.4346883630806760e-02,-1.1273033002949815e+00,9.9998225428353094e-01,1.6110891966349718e-12,-1.3168129148036603e+07,-2.5197153670893735e+06,1.8570255817968118e+00,-1.7205557394702703e+02,1.0000000000000000e+00,
1.2543165827574814e+00,-5.7910383893584205e-01,9.9999999925392002e-01,1.9648075605983237e-12,-8.2613299509303151e+06,-9.3131962433439621e+05,8.8329214681586166e-01,-8.3858654876226666e+00,1.0000000000000000e+00,
3.7430089277113798e-01,-1.2958025435693313e-01,9.9998423037150452e-01,3.9135704841289938e-13,-8.6334812156130634e+06,-5.9537242970355740e+05,3.1608897266026759e-01,-2.9255620740981800e+02,1.0000000000000000e+00,
-1.0031594350210776e-01,-9.8532771676397868e-01,0.0000000000000000e+00,0.0000000000000000e+00,-1.6340753969590417e+06,-3.9534490191563341e+05,0.0000000000000000e+00,-1.6728437850403984e+02,0.0000000000000000e+00,
-1.4513199441078992e-01,-7.7093847470933441e-01,0.0000000000000000e+00,0.0000000000000000e+00,-2.8553829942300990e+06,-6.3566196915725071e+05,0.0000000000000000e+00,-3.1424377788690606e+02,0.0000000000000000e+00,
-2.3985962333890304e-02,-1.1780838524852406e+00,9.9994581453200748e-01,1.6173608586883675e-12,-3.0191771176887136e+06,-8.6412461803173297e+05,3.0981134775910135e+00,-2.9445034694134932e+02,1.0000000000000000e+00,
2.5305282233010506e-01,-8.3578589091645639e-01,9.9999850120905831e-01,1.9722222806626749e-12,-1.0678664880070178e+07,-1.0475705569204272e+06,5.4007352850935320e+00,7.2452997959610101e+00,1.0000000000000000e+00,
6.9527173677211029e-01,-7.9661423872964732e-01,9.9999999477918144e-01,3.9896830194917528e-13,-1.4762503016810433e+06,-6.6433460861617878e+03,1.2372907282746759e+00,-2.3637382588221129e+02,1.0000000000000000e+00,
3.1439102771570593e-01,-8.2808540052238089e-01,9.9998850921433502e-01,7.8569917453186677e-13,-7.3809825592919085e+06,-4.9731659502635673e+06,3.2900966608544877e+00,2.7160045467988766e+01,1.0000000000000000e+00,
8.4599743311937270e-01,-9.7542649003309356e-01,9.9970472685396994e-01,1.2074419178238583e-12,-6.3722491821037354e+06,-1.6617737001097528e+06,7.2049745557538358e-01,-3.5553374238612150e+02,1.0000000000000000e+00,
6.0849821360440859e-01,-9.6530873654487603e-01,9.9997268644596260e-01,1.6006806622011111e-12,-2.5252816939188084e+06,-9.4764166771421471e+04,3.9022581222489805e-01,-3.4654607189444397e+02,1.0000000000000000e+00,
4.8160867240656446e-01,-1.0311849048644992e+00,9.9999999999946243e-01,1.9671233510999254e-12,-9.9551241352146808e+06,-2.9030834885362471e+06,2.0419707249311614e+00,-1.0738610740942332e+02,1.0000000000000000e+00,
1.1876729802395611e+00,-5.7771358925236591e-02,9.9999999999204559e-01,4.0837790141289878e-13,-9.6159480313653103e+05,-4.2394088435425161e+05,9.5274373008550128e-02,-9.3089225553843050e+01,1.0000000000000000e+00,
1.1619192765321222e+00,1.2440316506707733e-01,9.9999999999499489e-01,8.0692278118003351e-13,-5.3382530214800010e+05,-9.9290330097928538e+05,1.1655573858000423e-01,-4.1528950558226654e+01,1.0000000000000000e+00,
1.2363960174406683e+00,-1.5374985684020481e-01,9.9999999999732270e-01,1.2089592207735965e-12,-5.3248414207827428e+05,-1.6673815189985331e+05,4.3456629605592667e-01,-2.2681193890329141e+01,1.0000000000000000e+00,
1.0959921366548599e+00,-2.8352402914275687e-01,9.9999999999916611e-01,1.5982730314208774e-12,-2.7566104941842757e+05,1.3210676291986182e+05,9.4003249173916679e+00,-2.0597044720050761e+01,1.0000000000000000e+00,
1.0990149613915825e+00,-4.5213152347703583e-01,1.0000000000000864e+00,1.9656760239786754e-12,-4.2914389420525450e+05,6.6386090255109521e+04,3.8912407539486935e+00,-6.0385580151633462e+00,1.0000000000000000e+00,

25,9
2.0228140604048868e+00,3.9222110527555193e-01,1.0000000000745335e+00,7.7537860165262434e-13,1.7487274718128957e+05,2.1151721037671380e+06,2.2210576858271097e+03,1.8530325024928996e+02,1.0000000000000000e+00,
1.8211523821381248e+00,6.3929988351477030e-01,1.0000135165093007e+00,1.1752245346931574e-12,1.0864206252587016e+06,3.2081495550792529e+06,2.3220916590257457e+03,2.8540699981238879e+02,1.0000000000000000e+00,
2.2388029889474956e+00,7.6842362856595969e-01,1.0002303698409911e+00,1.5857387798281823e-12,1.4020112124721386e+05,3.2727973083035531e+06,2.4815931411738839e+03,2.4791249161269849e+02,1.0000000000000000e+00,
2.5754420307903958e+00,1.1296960310150161e+00,1.0000355174094757e+00,1.9423611792867101e-12,7.6975148353469069e+05,2.5568024176956746e+06,2.1906115787201034e+03,5.0149723346835879e+02,1.0000000000000000e+00,
1.8461572015835348e+00,1.2401736386893489e+00,1.0000000000045053e+00,2.1132724454193409e-12,1.5957072125850397e+05,1.1113690461486585e+06,3.3054829358693751e+03,5.8478464647987359e+01,1.0000000000000000e+00,
1.9861177105020431e+00,1.1922646013452237e-01,1.0000281693362996e+00,7.5561295440449244e-13,1.5994298950204244e+05,1.4598197317251011e+06,1.5414958721702758e+03,1.1163872636538088e+01,1.0000000000000000e+00,
2.0856074474254744e+00,1.0021765143544594e+00,1.0001332785244155e+00,1.1738443187045164e-12,2.5387519857560552e+05,7.1869023523264425e+05,4.9308124917718160e+03,6.3946536675930497e+02,1.0000000000000000e+00,
2.3720704223755704e+00,1.0979336127419452e+00,1.0001265888725694e+00,1.6253893962263407e-12,1.5009053772026664e+05,2.9912487211868395e+06,6.3301643908364877e+03,4.7252431402308173e+02,1.0000000000000000e+00,
3.0338394306620993e+00,1.5088217152006727e+00,1.0000428563301462e+00,1.9530400351134748e-12,2.0355583893336775e+05,2.1480025266590035e+06,3.8560463033857459e+03,5.5100918158525519e+02,1.0000000000000000e+00,
2.7429960711966106e+00,9.5094202445823683e-01,1.0000000056912794e+00,2.1209456756546849e-12,7.4696856525874828e+04,1.5306515698021303e+06,2.5242028254795314e+03,2.6037740295508235e+02,1.0000000000000000e+00,
1.6026046620172509e+00,4.8073323247990812e-01,1.0000412470977278e+00,7.5908379435978469e-13,1.3570800164293990e+05,9.8465579830073548e+04,1.3619359589824430e+03,-1.2874153785862262e+01,1.0000000000000000e+00,
2.3250148221627001e+00,8.3918015572196869e-01,1.0000478243940041e+00,1.1791159197284527e-12,2.1855583857739010e+05,1.6317384672203837e+06,5.1933354197848821e+03,6.5395657451017951e+02,1.0000000000000000e+00,
2.4081812342006264e+00,3.6314798296359430e-01,1.0000791744442550e+00,1.6256154830670176e-12,5.7190391489364636e+04,6.8245373481698660e+05,6.4799189857719684e+03,3.7508199851094349e+02,1.0000000000000000e+00,
2.1550862492034715e+00,1.0753976370760816e+00,1.0000501744591173e+00,1.9536554273599759e-12,1.8241810672808002e+05,7.8365873611650150e+05,4.4514227495062723e+03,1.7375182392636566e+02,1.0000000000000000e+00,
2.6238877738211777e+00,7.1975505316561628e-01,1.0000123776649461e+00,2.1222267433100072e-12,1.4634714464138856e+05,1.3754108934997485e+06,5.5606456000035632e+03,2.5847119546590500e+02,1.0000000000000000e+00,
1.5418246526643808e+00,4.1790672185361460e-01,1.0000000023733440e+00,7.8111095501798318e-13,1.2782452705895255e+05,8.1781015938305855e+05,2.3180876984892138e+03,9.6532942966242956e+01,1.0000000000000000e+00,
2.0764752969195226e+00,5.9639318021327004e-01,1.0000170502965189e+00,1.1837505333916047e-12,2.0387080668154015e+05,1.3352046667590514e+06,2.6946809956656648e+03,4.1333856162498802e+02,1.0000000000000000e+00,
2.0955448154808254e+00,4.1261270009937040e-01,1.0001247713665977e+00,1.5922960814377899e-12,2.2938847274916472e+04,3.9258291580715501e+06,2.0373508554446871e+03,2.1271524076167350e+02,1.0000000000000000e+00,
1.7457500920832196e+00,1.4211769909850600e-01,1.0000002418424230e+00,1.9502039125674852e-12,7.5693190639336500e+05,3.8892926091343011e+06,2.0503192794239567e+03,7.9563910824085639e+01,1.0000000000000000e+00,
2.3113699330113726e+00,1.2792452200656870e+00,1.0000000000027696e+00,2.1217193154938611e-12,6.8312073913904023e+05,9.1498853713819000e+05,3.3736190921825810e+03,2.1853287363226661e+02,1.0000000000000000e+00,
1.7242687905773071e+00,6.0259503608718368e-01,9.9999999999892164e-01,7.8611567249645489e-13,2.8264407730774523e+05,9.3151892217749415e+05,1.6972030345153703e+03,8.8191207667050350e+01,1.0000000000000000e+00,
1.4443801098523099e+00,3.6022282301403719e-01,1.0000000000006724e+00,1.1854031216035639e-12,3.4971291340325703e+05,2.5710486281314319e+04,5.4715631274085524e+02,2.2608495810710559e+02,1.0000000000000000e+00,
1.4295879155556823e+00,1.3791698861184229e-01,1.0000000000003466e+00,1.5764294676380080e-12,-2.2669348157385646e+05,3.4396640322229324e+05,3.6348623515981643e+02,1.6175879251482758e+02,1.0000000000000000e+00,
1.3552499676333594e+00,-4.4559199221911025e-02,1.0000000000011964e+00,1.9446739608250827e-12,-1.0941749220074774e+05,3.5601577446088061e+05,1.0235875396323579e+03,6.1455630537452748e+01,1.0000000000000000e+00,
1.4604258144839783e+00,2.2060599141327089e-02,1.0000000000015015e+00,2.1197429421105820e-12,-1.7676142237612925e+05,3.8277757708513812e+05,5.6625188274871550e+02,5.9650889365609096e+01,1.0000000000000000e+00,

