1
1
1
1
(64 0
((0,0) (16,16) (1,1))
((16,0) (32,16) (1,1))
((32,0) (48,16) (1,1))
((48,0) (64,16) (1,1))
((64,0) (80,16) (1,1))
((80,0) (96,16) (1,1))
((96,0) (112,16) (1,1))
((112,0) (128,16) (1,1))
((0,16) (16,32) (1,1))
((16,16) (32,32) (1,1))
((32,16) (48,32) (1,1))
((48,16) (64,32) (1,1))
((64,16) (80,32) (1,1))
((80,16) (96,32) (1,1))
((96,16) (112,32) (1,1))
((112,16) (128,32) (1,1))
((0,32) (16,48) (1,1))
((16,32) (32,48) (1,1))
((32,32) (48,48) (1,1))
((48,32) (64,48) (1,1))
((64,32) (80,48) (1,1))
((80,32) (96,48) (1,1))
((96,32) (112,48) (1,1))
((112,32) (128,48) (1,1))
((0,48) (16,64) (1,1))
((16,48) (32,64) (1,1))
((32,48) (48,64) (1,1))
((48,48) (64,64) (1,1))
((64,48) (80,64) (1,1))
((80,48) (96,64) (1,1))
((96,48) (112,64) (1,1))
((112,48) (128,64) (1,1))
((0,64) (16,80) (1,1))
((16,64) (32,80) (1,1))
((32,64) (48,80) (1,1))
((48,64) (64,80) (1,1))
((64,64) (80,80) (1,1))
((80,64) (96,80) (1,1))
((96,64) (112,80) (1,1))
((112,64) (128,80) (1,1))
((0,80) (16,96) (1,1))
((16,80) (32,96) (1,1))
((32,80) (48,96) (1,1))
((48,80) (64,96) (1,1))
((64,80) (80,96) (1,1))
((80,80) (96,96) (1,1))
((96,80) (112,96) (1,1))
((112,80) (128,96) (1,1))
((0,96) (16,112) (1,1))
((16,96) (32,112) (1,1))
((32,96) (48,112) (1,1))
((48,96) (64,112) (1,1))
((64,96) (80,112) (1,1))
((80,96) (96,112) (1,1))
((96,96) (112,112) (1,1))
((112,96) (128,112) (1,1))
((0,112) (16,128) (1,1))
((16,112) (32,128) (1,1))
((32,112) (48,128) (1,1))
((48,112) (64,128) (1,1))
((64,112) (80,128) (1,1))
((80,112) (96,128) (1,1))
((96,112) (112,128) (1,1))
((112,112) (128,128) (1,1))
)
64
FabOnDisk: SD_1_New_MF_D_00000 0
FabOnDisk: SD_1_New_MF_D_00000 2972
FabOnDisk: SD_1_New_MF_D_00000 5944
FabOnDisk: SD_1_New_MF_D_00000 8916
FabOnDisk: SD_1_New_MF_D_00000 11888
FabOnDisk: SD_1_New_MF_D_00000 14860
FabOnDisk: SD_1_New_MF_D_00000 17832
FabOnDisk: SD_1_New_MF_D_00000 20805
FabOnDisk: SD_1_New_MF_D_00000 23779
FabOnDisk: SD_1_New_MF_D_00000 26751
FabOnDisk: SD_1_New_MF_D_00000 29723
FabOnDisk: SD_1_New_MF_D_00000 32695
FabOnDisk: SD_1_New_MF_D_00000 35667
FabOnDisk: SD_1_New_MF_D_00000 38639
FabOnDisk: SD_1_New_MF_D_00000 41611
FabOnDisk: SD_1_New_MF_D_00000 44584
FabOnDisk: SD_1_New_MF_D_00000 47558
FabOnDisk: SD_1_New_MF_D_00000 50530
FabOnDisk: SD_1_New_MF_D_00000 53502
FabOnDisk: SD_1_New_MF_D_00000 56474
FabOnDisk: SD_1_New_MF_D_00000 59446
FabOnDisk: SD_1_New_MF_D_00000 62418
FabOnDisk: SD_1_New_MF_D_00000 65390
FabOnDisk: SD_1_New_MF_D_00000 68363
FabOnDisk: SD_1_New_MF_D_00000 71337
FabOnDisk: SD_1_New_MF_D_00000 74309
FabOnDisk: SD_1_New_MF_D_00000 77281
FabOnDisk: SD_1_New_MF_D_00000 80253
FabOnDisk: SD_1_New_MF_D_00000 83225
FabOnDisk: SD_1_New_MF_D_00000 86197
FabOnDisk: SD_1_New_MF_D_00000 89169
FabOnDisk: SD_1_New_MF_D_00000 92142
FabOnDisk: SD_1_New_MF_D_00000 95116
FabOnDisk: SD_1_New_MF_D_00000 98088
FabOnDisk: SD_1_New_MF_D_00000 101060
FabOnDisk: SD_1_New_MF_D_00000 104032
FabOnDisk: SD_1_New_MF_D_00000 107004
FabOnDisk: SD_1_New_MF_D_00000 109976
FabOnDisk: SD_1_New_MF_D_00000 112948
FabOnDisk: SD_1_New_MF_D_00000 115921
FabOnDisk: SD_1_New_MF_D_00000 118895
FabOnDisk: SD_1_New_MF_D_00000 121867
FabOnDisk: SD_1_New_MF_D_00000 124839
FabOnDisk: SD_1_New_MF_D_00000 127811
FabOnDisk: SD_1_New_MF_D_00000 130783
FabOnDisk: SD_1_New_MF_D_00000 133755
FabOnDisk: SD_1_New_MF_D_00000 136727
FabOnDisk: SD_1_New_MF_D_00000 139700
FabOnDisk: SD_1_New_MF_D_00000 142674
FabOnDisk: SD_1_New_MF_D_00000 145647
FabOnDisk: SD_1_New_MF_D_00000 148620
FabOnDisk: SD_1_New_MF_D_00000 151593
FabOnDisk: SD_1_New_MF_D_00000 154566
FabOnDisk: SD_1_New_MF_D_00000 157539
FabOnDisk: SD_1_New_MF_D_00000 160512
FabOnDisk: SD_1_New_MF_D_00000 163486
FabOnDisk: SD_1_New_MF_D_00000 166461
FabOnDisk: SD_1_New_MF_D_00000 169435
FabOnDisk: SD_1_New_MF_D_00000 172409
FabOnDisk: SD_1_New_MF_D_00000 175383
FabOnDisk: SD_1_New_MF_D_00000 178357
FabOnDisk: SD_1_New_MF_D_00000 181331
FabOnDisk: SD_1_New_MF_D_00000 184305
FabOnDisk: SD_1_New_MF_D_00000 187280

64,1
-1.4978565564916866e-02,
-2.1241839271850554e-02,
-2.1647196017099826e-02,
-1.9018992860511123e-02,
-1.1809851108004100e-02,
-6.7272320804081477e-03,
-3.3108399191644536e-03,
-1.3077456517300769e-03,
-1.4372586184579704e-02,
-3.8187499413155836e-02,
-3.9036020247366410e-02,
-2.6448414751476971e-02,
-1.1538519646375679e-02,
-5.7335474639222126e-03,
-2.5856290522918977e-03,
-9.7796610821914570e-04,
-1.0808645688327073e-02,
-1.4412623777478217e-01,
-1.4592092372773369e-01,
-3.1459362728910603e-02,
-8.2208490170875160e-03,
-1.9029857048614835e-03,
-4.0923245583431310e-04,
-8.3609316443737335e-05,
1.8075503275814499e-02,
-1.0109744140921169e+00,
-1.0613337898031954e+00,
-2.6102966421945817e-02,
5.5518036363697114e-03,
2.5532526173100960e-03,
9.6836098244742531e-04,
0.0000000000000000e+00,
1.8083513644691056e-02,
-1.0113182500657216e+00,
-1.0619622721345856e+00,
-2.6099121554615835e-02,
5.5527725633205778e-03,
2.5538327909596899e-03,
9.6863006992060549e-04,
0.0000000000000000e+00,
-1.0801446186241145e-02,
-1.4411988504900197e-01,
-1.4591353879645055e-01,
-3.1454037150584001e-02,
-8.2177713212302390e-03,
-1.9011443203764454e-03,
-4.0816223655419572e-04,
-8.3114700125388698e-05,
-1.4365880635094641e-02,
-3.8180384344838128e-02,
-3.9029071399518514e-02,
-2.6443108009910430e-02,
-1.1534967495279148e-02,
-5.7312354000566747e-03,
-2.5842536408925403e-03,
-9.7732584814618699e-04,
-1.4972035268280977e-02,
-2.1235627164361521e-02,
-2.1641224367706199e-02,
-1.9013967688733847e-02,
-1.1806217707659815e-02,
-6.7247865976147857e-03,
-3.3093652554087821e-03,
-1.3070559858438730e-03,

64,1
-9.4152210157803212e-03,
-1.4372586184579704e-02,
-1.6880279511258721e-02,
-1.1538519646375679e-02,
-5.7335474639222126e-03,
-2.5856290522918977e-03,
-9.7796610821914570e-04,
0.0000000000000000e+00,
7.1217099665424576e-03,
-1.0808645688327073e-02,
-1.9018992860511123e-02,
-8.2208490170875160e-03,
-1.9029857048614835e-03,
-4.0923245583431310e-04,
-8.3609316443737335e-05,
0.0000000000000000e+00,
6.2499486072771025e-02,
1.8075503275814499e-02,
-2.6102966421945817e-02,
8.8670341629063579e-03,
8.8670341629063579e-03,
5.5518036363697114e-03,
2.5532526173100960e-03,
9.6836098244742531e-04,
3.1818995128610617e-01,
6.1115062144180410e-01,
2.1181190703806849e-01,
1.6840041545843912e-01,
3.3094120264826957e-02,
1.0632867494437285e-02,
4.0834941841363026e-03,
1.4566270882378873e-03,
3.1818995128610617e-01,
6.1115062144180410e-01,
2.1181190703806849e-01,
1.6840041545843912e-01,
3.3094120264826957e-02,
1.0632867494437285e-02,
4.0834941841363026e-03,
1.4566270882378873e-03,
6.2504410256991563e-02,
1.8083513644691056e-02,
-2.6099121554615835e-02,
8.8684275715083232e-03,
8.8684275715083232e-03,
5.5527725633205778e-03,
2.5538327909596899e-03,
9.6863006992060549e-04,
7.1284311488513255e-03,
-1.0801446186241145e-02,
-1.9013967688733847e-02,
-8.2177713212302390e-03,
-1.9011443203764454e-03,
-4.0816223655419572e-04,
-8.3114700125388698e-05,
0.0000000000000000e+00,
-9.4084602560179278e-03,
-1.4365880635094641e-02,
-1.6875353063342369e-02,
-1.1534967495279148e-02,
-5.7312354000566747e-03,
-2.5842536408925403e-03,
-9.7732584814618699e-04,
0.0000000000000000e+00,

