1
1
2
4
(64 0
((0,0) (15,15) (0,0))
((16,0) (31,15) (0,0))
((32,0) (47,15) (0,0))
((48,0) (63,15) (0,0))
((64,0) (79,15) (0,0))
((80,0) (95,15) (0,0))
((96,0) (111,15) (0,0))
((112,0) (127,15) (0,0))
((0,16) (15,31) (0,0))
((16,16) (31,31) (0,0))
((32,16) (47,31) (0,0))
((48,16) (63,31) (0,0))
((64,16) (79,31) (0,0))
((80,16) (95,31) (0,0))
((96,16) (111,31) (0,0))
((112,16) (127,31) (0,0))
((0,32) (15,47) (0,0))
((16,32) (31,47) (0,0))
((32,32) (47,47) (0,0))
((48,32) (63,47) (0,0))
((64,32) (79,47) (0,0))
((80,32) (95,47) (0,0))
((96,32) (111,47) (0,0))
((112,32) (127,47) (0,0))
((0,48) (15,63) (0,0))
((16,48) (31,63) (0,0))
((32,48) (47,63) (0,0))
((48,48) (63,63) (0,0))
((64,48) (79,63) (0,0))
((80,48) (95,63) (0,0))
((96,48) (111,63) (0,0))
((112,48) (127,63) (0,0))
((0,64) (15,79) (0,0))
((16,64) (31,79) (0,0))
((32,64) (47,79) (0,0))
((48,64) (63,79) (0,0))
((64,64) (79,79) (0,0))
((80,64) (95,79) (0,0))
((96,64) (111,79) (0,0))
((112,64) (127,79) (0,0))
((0,80) (15,95) (0,0))
((16,80) (31,95) (0,0))
((32,80) (47,95) (0,0))
((48,80) (63,95) (0,0))
((64,80) (79,95) (0,0))
((80,80) (95,95) (0,0))
((96,80) (111,95) (0,0))
((112,80) (127,95) (0,0))
((0,96) (15,111) (0,0))
((16,96) (31,111) (0,0))
((32,96) (47,111) (0,0))
((48,96) (63,111) (0,0))
((64,96) (79,111) (0,0))
((80,96) (95,111) (0,0))
((96,96) (111,111) (0,0))
((112,96) (127,111) (0,0))
((0,112) (15,127) (0,0))
((16,112) (31,127) (0,0))
((32,112) (47,127) (0,0))
((48,112) (63,127) (0,0))
((64,112) (79,127) (0,0))
((80,112) (95,127) (0,0))
((96,112) (111,127) (0,0))
((112,112) (127,127) (0,0))
)
64
FabOnDisk: SD_2_Old_MF_D_00000 0
FabOnDisk: SD_2_Old_MF_D_00000 9300
FabOnDisk: SD_2_Old_MF_D_00000 18600
FabOnDisk: SD_2_Old_MF_D_00000 27900
FabOnDisk: SD_2_Old_MF_D_00000 37200
FabOnDisk: SD_2_Old_MF_D_00000 46500
FabOnDisk: SD_2_Old_MF_D_00000 55800
FabOnDisk: SD_2_Old_MF_D_00000 65101
FabOnDisk: SD_2_Old_MF_D_00000 74403
FabOnDisk: SD_2_Old_MF_D_00000 83703
FabOnDisk: SD_2_Old_MF_D_00000 93003
FabOnDisk: SD_2_Old_MF_D_00000 102303
FabOnDisk: SD_2_Old_MF_D_00000 111603
FabOnDisk: SD_2_Old_MF_D_00000 120903
FabOnDisk: SD_2_Old_MF_D_00000 130203
FabOnDisk: SD_2_Old_MF_D_00000 139504
FabOnDisk: SD_2_Old_MF_D_00000 148806
FabOnDisk: SD_2_Old_MF_D_00000 158106
FabOnDisk: SD_2_Old_MF_D_00000 167406
FabOnDisk: SD_2_Old_MF_D_00000 176706
FabOnDisk: SD_2_Old_MF_D_00000 186006
FabOnDisk: SD_2_Old_MF_D_00000 195306
FabOnDisk: SD_2_Old_MF_D_00000 204606
FabOnDisk: SD_2_Old_MF_D_00000 213907
FabOnDisk: SD_2_Old_MF_D_00000 223209
FabOnDisk: SD_2_Old_MF_D_00000 232509
FabOnDisk: SD_2_Old_MF_D_00000 241809
FabOnDisk: SD_2_Old_MF_D_00000 251109
FabOnDisk: SD_2_Old_MF_D_00000 260409
FabOnDisk: SD_2_Old_MF_D_00000 269709
FabOnDisk: SD_2_Old_MF_D_00000 279009
FabOnDisk: SD_2_Old_MF_D_00000 288310
FabOnDisk: SD_2_Old_MF_D_00000 297612
FabOnDisk: SD_2_Old_MF_D_00000 306912
FabOnDisk: SD_2_Old_MF_D_00000 316212
FabOnDisk: SD_2_Old_MF_D_00000 325512
FabOnDisk: SD_2_Old_MF_D_00000 334812
FabOnDisk: SD_2_Old_MF_D_00000 344112
FabOnDisk: SD_2_Old_MF_D_00000 353412
FabOnDisk: SD_2_Old_MF_D_00000 362713
FabOnDisk: SD_2_Old_MF_D_00000 372015
FabOnDisk: SD_2_Old_MF_D_00000 381315
FabOnDisk: SD_2_Old_MF_D_00000 390615
FabOnDisk: SD_2_Old_MF_D_00000 399915
FabOnDisk: SD_2_Old_MF_D_00000 409215
FabOnDisk: SD_2_Old_MF_D_00000 418515
FabOnDisk: SD_2_Old_MF_D_00000 427815
FabOnDisk: SD_2_Old_MF_D_00000 437116
FabOnDisk: SD_2_Old_MF_D_00000 446418
FabOnDisk: SD_2_Old_MF_D_00000 455719
FabOnDisk: SD_2_Old_MF_D_00000 465020
FabOnDisk: SD_2_Old_MF_D_00000 474321
FabOnDisk: SD_2_Old_MF_D_00000 483622
FabOnDisk: SD_2_Old_MF_D_00000 492923
FabOnDisk: SD_2_Old_MF_D_00000 502224
FabOnDisk: SD_2_Old_MF_D_00000 511526
FabOnDisk: SD_2_Old_MF_D_00000 520829
FabOnDisk: SD_2_Old_MF_D_00000 530131
FabOnDisk: SD_2_Old_MF_D_00000 539433
FabOnDisk: SD_2_Old_MF_D_00000 548735
FabOnDisk: SD_2_Old_MF_D_00000 558037
FabOnDisk: SD_2_Old_MF_D_00000 567339
FabOnDisk: SD_2_Old_MF_D_00000 576641
FabOnDisk: SD_2_Old_MF_D_00000 585944

64,2
-7.9572447992584616e-01,3.9340181923750057e-03,
-8.1949932030873218e-01,-6.5737390037815580e-01,
-2.6110576250302697e-01,-7.1046089620532071e-01,
3.9228248035285818e-01,-4.1365116223286374e-01,
4.3429560701727665e-01,1.0129973233304491e-03,
2.2499222460301413e-01,4.5273787745142204e-03,
1.2118258022188381e-01,2.1562611597503510e-03,
7.2919369023723812e-02,5.1514775414518031e-05,
-3.0540417617591906e+00,1.8197426660343335e-01,
-3.2619751448233223e+00,-3.1763238686178483e+00,
-7.2344611112227730e-01,-3.2696026877822555e+00,
6.7840678096763385e-01,-8.8508161011477271e-01,
3.1092210184142827e-01,1.0549987602958964e-01,
7.3233453673967330e-02,1.5296473240926886e-01,
1.8774989386520325e-02,6.8449190282484806e-02,
6.8077621337718124e-03,1.5972468919252659e-03,
-1.1703629087119992e+01,9.4478821206197128e-01,
-1.9252508741787278e+01,-2.4724147093191835e+01,
-2.7645205263842061e+00,-2.5204364886070614e+01,
2.1873992699527134e-01,-8.8605670371462841e-01,
-3.7775825649628869e-01,5.9971275743945651e-01,
-3.5524840791956253e-01,2.8302012454547609e-01,
-2.0028094390072465e-01,9.4430973152839881e-02,
-1.1042402113663032e-01,1.9814853483246485e-03,
-1.5063531791992807e+01,6.3901620983675689e-01,
-5.1003609438808854e+02,-2.1380226876688022e+02,
-9.0253316499432458e+01,-2.4616425734961530e+02,
-2.7152723780019215e+01,3.1544603809399424e-01,
-4.1613965075851524e+00,3.8479624623767909e-02,
-1.0369991812044517e+00,1.1177383273914338e-02,
-3.7049074296632262e-01,3.4709628348643905e-03,
-1.7562135066527118e-01,7.1269548166515717e-05,
-1.5060177950539984e+01,-4.8957390522911965e+01,
-5.0819834170797270e+02,-4.5914474371236173e+02,
-9.0546155400440426e+01,-1.0584729299940082e+02,
-2.7143900586957354e+01,-3.1315730253841974e+01,
-4.1615958885434843e+00,-2.9994074141001694e+00,
-1.0369865398066975e+00,-7.7507229975915126e-01,
-3.7049298606372116e-01,-2.5618544286459194e-01,
-1.7562341623846744e-01,-8.3579311927336683e-02,
-1.1702492372807344e+01,-9.4110656362375629e+00,
-1.9253366548844095e+01,-6.8570302302752131e+00,
-2.7640422881010607e+00,-2.8167056384833717e+00,
2.1854449050863442e-01,-4.9007256252326190e+00,
-3.7789067690605205e-01,-2.6493582992140743e+00,
-3.5536707719400873e-01,-7.9459422794643564e-01,
-2.0036441940350994e-01,-2.9580635924433862e-01,
-1.1048993951295788e-01,-1.0556314811119186e-01,
-3.0540728269820479e+00,-2.8834191970953027e+00,
-3.2621010416252574e+00,-5.6805854064405625e-01,
-7.2380154591537538e-01,4.8682816809042678e-01,
6.7803899388447886e-01,-7.0119265526952002e-01,
3.1070671905070951e-01,-7.4368380376484278e-01,
7.3083276186985416e-02,-5.5154470646216258e-01,
1.8655880167795427e-02,-2.6885623446877177e-01,
6.6979819779535588e-03,-1.0238138146021972e-01,
-7.9584748201412547e-01,-7.0547334332092548e-01,
-8.1965215529210889e-01,-1.0330535675297610e-01,
-2.6139152285100326e-01,1.2951832987047633e-02,
3.9196422417966031e-01,-7.0265139489848777e-02,
4.3404807076408392e-01,-2.0561328071906904e-01,
2.2480680171227652e-01,-2.0421285041444351e-01,
1.2103096806620091e-01,-1.3814890233142543e-01,
7.2778424629241792e-02,-6.0268653066767222e-02,

64,2
-1.7010138226978156e-02,7.0535470855709148e-01,
-1.5892175405353751e-01,1.0316861486961314e-01,
6.0600995897381571e-01,-1.2952558766189410e-02,
7.6132557618082508e-01,7.0316819697857413e-02,
7.0380120600544849e-01,2.0567516644044578e-01,
4.2487012311527811e-01,2.0427274342918994e-01,
2.5348127562305767e-01,1.3819083754378625e-01,
1.5105517518636791e-01,6.0288992648925566e-02,
-3.7047574189160493e-02,2.8832700542942904e+00,
-3.4954846401198475e-01,5.6770694407981703e-01,
2.1990008296552799e+00,-4.8684739604210020e-01,
2.2036740926488183e+00,7.0137247953815440e-01,
1.0747055630171598e+00,7.4386094038325112e-01,
4.2042886590765521e-01,5.5168484912109628e-01,
2.1017725766008144e-01,2.6894251134476910e-01,
1.1300542213637732e-01,1.0242148820682037e-01,
-1.2276096456137250e-01,9.4109513176972630e+00,
-1.1679911987549612e+00,6.8557597175418303e+00,
1.5764249337289144e+01,2.8176718215399377e+00,
9.3697337435888439e+00,4.9018535898026849e+00,
1.1021731933586232e+00,2.6497692390753071e+00,
2.6270689664319052e-01,7.9480225863985632e-01,
5.2949482881290699e-02,2.9591267261715709e-01,
9.5295530053073479e-03,1.0560863075665157e-01,
5.8982474064755770e+01,4.8959781778691983e+01,
1.2946389106034877e+02,4.5945963508415201e+02,
2.5934670922394190e+02,1.0570833623299855e+02,
1.1718210614359309e+01,3.1311014041028834e+01,
-1.2602145265883957e-01,2.9997674880502672e+00,
-2.2687782859392508e-01,7.7528973633932319e-01,
-1.2118541563388523e-01,2.5630842292953387e-01,
-7.2427744515289522e-02,8.3634928793977353e-02,
5.8985822130277313e+01,-6.3634314467990039e-01,
1.2940499821821362e+02,2.1385824600722401e+02,
2.5931415481020611e+02,2.4628928267553187e+02,
1.1717114062217620e+01,-3.1457299631097002e-01,
-1.2617632283525712e-01,-3.8233126007255189e-02,
-2.2695804823719376e-01,-1.1038226791072888e-02,
-1.2124823989363151e-01,-3.4061695564073487e-03,
-7.2485255224302186e-02,-6.9354858252630694e-05,
-1.2275528653500692e-01,-9.4514909667159319e-01,
-1.1684395515506447e+00,2.4724716997070001e+01,
1.5762439911328514e+01,2.5204939832810187e+01,
9.3683403504696319e+00,8.8608859541334062e-01,
1.1018265819823929e+00,-5.9956332011231084e-01,
2.6250080714027851e-01,-2.8289388710895519e-01,
5.2805210350108871e-02,-9.4372262587903946e-02,
9.4144059276176605e-03,-1.9797486336805073e-03,
-3.7051060056261881e-02,-1.8211985162918196e-01,
-3.4983625541807745e-01,3.1760147153263341e+00,
2.1984440369079694e+00,3.2693259926459337e+00,
2.2031158968476072e+00,8.8512476207913382e-01,
1.0743608486661709e+00,-1.0544144130460747e-01,
4.2018993448763137e-01,-1.5291859447218339e-01,
2.0999604006102149e-01,-6.8426131411809019e-02,
1.1285652874921169e-01,-1.5965473872955182e-03,
-1.7014422562095562e-02,-3.9381946118918244e-03,
-1.5917331918204242e-01,6.5726268656405151e-01,
6.0564887150292779e-01,7.1036640519663607e-01,
7.6098015948546804e-01,4.1363857033225498e-01,
7.0348521346541271e-01,-1.0113685941925618e-03,
4.2462776152011678e-01,-4.5260065620599975e-03,
2.5328872044830880e-01,-2.1555599263859259e-03,
1.5089460072532396e-01,-5.1493411638473128e-05,

