1
1
2
4
(64 0
((0,0) (15,15) (0,0))
((16,0) (31,15) (0,0))
((32,0) (47,15) (0,0))
((48,0) (63,15) (0,0))
((64,0) (79,15) (0,0))
((80,0) (95,15) (0,0))
((96,0) (111,15) (0,0))
((112,0) (127,15) (0,0))
((0,16) (15,31) (0,0))
((16,16) (31,31) (0,0))
((32,16) (47,31) (0,0))
((48,16) (63,31) (0,0))
((64,16) (79,31) (0,0))
((80,16) (95,31) (0,0))
((96,16) (111,31) (0,0))
((112,16) (127,31) (0,0))
((0,32) (15,47) (0,0))
((16,32) (31,47) (0,0))
((32,32) (47,47) (0,0))
((48,32) (63,47) (0,0))
((64,32) (79,47) (0,0))
((80,32) (95,47) (0,0))
((96,32) (111,47) (0,0))
((112,32) (127,47) (0,0))
((0,48) (15,63) (0,0))
((16,48) (31,63) (0,0))
((32,48) (47,63) (0,0))
((48,48) (63,63) (0,0))
((64,48) (79,63) (0,0))
((80,48) (95,63) (0,0))
((96,48) (111,63) (0,0))
((112,48) (127,63) (0,0))
((0,64) (15,79) (0,0))
((16,64) (31,79) (0,0))
((32,64) (47,79) (0,0))
((48,64) (63,79) (0,0))
((64,64) (79,79) (0,0))
((80,64) (95,79) (0,0))
((96,64) (111,79) (0,0))
((112,64) (127,79) (0,0))
((0,80) (15,95) (0,0))
((16,80) (31,95) (0,0))
((32,80) (47,95) (0,0))
((48,80) (63,95) (0,0))
((64,80) (79,95) (0,0))
((80,80) (95,95) (0,0))
((96,80) (111,95) (0,0))
((112,80) (127,95) (0,0))
((0,96) (15,111) (0,0))
((16,96) (31,111) (0,0))
((32,96) (47,111) (0,0))
((48,96) (63,111) (0,0))
((64,96) (79,111) (0,0))
((80,96) (95,111) (0,0))
((96,96) (111,111) (0,0))
((112,96) (127,111) (0,0))
((0,112) (15,127) (0,0))
((16,112) (31,127) (0,0))
((32,112) (47,127) (0,0))
((48,112) (63,127) (0,0))
((64,112) (79,127) (0,0))
((80,112) (95,127) (0,0))
((96,112) (111,127) (0,0))
((112,112) (127,127) (0,0))
)
64
FabOnDisk: SD_2_New_MF_D_00000 0
FabOnDisk: SD_2_New_MF_D_00000 9300
FabOnDisk: SD_2_New_MF_D_00000 18600
FabOnDisk: SD_2_New_MF_D_00000 27900
FabOnDisk: SD_2_New_MF_D_00000 37200
FabOnDisk: SD_2_New_MF_D_00000 46500
FabOnDisk: SD_2_New_MF_D_00000 55800
FabOnDisk: SD_2_New_MF_D_00000 65101
FabOnDisk: SD_2_New_MF_D_00000 74403
FabOnDisk: SD_2_New_MF_D_00000 83703
FabOnDisk: SD_2_New_MF_D_00000 93003
FabOnDisk: SD_2_New_MF_D_00000 102303
FabOnDisk: SD_2_New_MF_D_00000 111603
FabOnDisk: SD_2_New_MF_D_00000 120903
FabOnDisk: SD_2_New_MF_D_00000 130203
FabOnDisk: SD_2_New_MF_D_00000 139504
FabOnDisk: SD_2_New_MF_D_00000 148806
FabOnDisk: SD_2_New_MF_D_00000 158106
FabOnDisk: SD_2_New_MF_D_00000 167406
FabOnDisk: SD_2_New_MF_D_00000 176706
FabOnDisk: SD_2_New_MF_D_00000 186006
FabOnDisk: SD_2_New_MF_D_00000 195306
FabOnDisk: SD_2_New_MF_D_00000 204606
FabOnDisk: SD_2_New_MF_D_00000 213907
FabOnDisk: SD_2_New_MF_D_00000 223209
FabOnDisk: SD_2_New_MF_D_00000 232509
FabOnDisk: SD_2_New_MF_D_00000 241809
FabOnDisk: SD_2_New_MF_D_00000 251109
FabOnDisk: SD_2_New_MF_D_00000 260409
FabOnDisk: SD_2_New_MF_D_00000 269709
FabOnDisk: SD_2_New_MF_D_00000 279009
FabOnDisk: SD_2_New_MF_D_00000 288310
FabOnDisk: SD_2_New_MF_D_00000 297612
FabOnDisk: SD_2_New_MF_D_00000 306912
FabOnDisk: SD_2_New_MF_D_00000 316212
FabOnDisk: SD_2_New_MF_D_00000 325512
FabOnDisk: SD_2_New_MF_D_00000 334812
FabOnDisk: SD_2_New_MF_D_00000 344112
FabOnDisk: SD_2_New_MF_D_00000 353412
FabOnDisk: SD_2_New_MF_D_00000 362713
FabOnDisk: SD_2_New_MF_D_00000 372015
FabOnDisk: SD_2_New_MF_D_00000 381315
FabOnDisk: SD_2_New_MF_D_00000 390615
FabOnDisk: SD_2_New_MF_D_00000 399915
FabOnDisk: SD_2_New_MF_D_00000 409215
FabOnDisk: SD_2_New_MF_D_00000 418515
FabOnDisk: SD_2_New_MF_D_00000 427815
FabOnDisk: SD_2_New_MF_D_00000 437116
FabOnDisk: SD_2_New_MF_D_00000 446418
FabOnDisk: SD_2_New_MF_D_00000 455719
FabOnDisk: SD_2_New_MF_D_00000 465020
FabOnDisk: SD_2_New_MF_D_00000 474321
FabOnDisk: SD_2_New_MF_D_00000 483622
FabOnDisk: SD_2_New_MF_D_00000 492923
FabOnDisk: SD_2_New_MF_D_00000 502224
FabOnDisk: SD_2_New_MF_D_00000 511526
FabOnDisk: SD_2_New_MF_D_00000 520829
FabOnDisk: SD_2_New_MF_D_00000 530131
FabOnDisk: SD_2_New_MF_D_00000 539433
FabOnDisk: SD_2_New_MF_D_00000 548735
FabOnDisk: SD_2_New_MF_D_00000 558037
FabOnDisk: SD_2_New_MF_D_00000 567339
FabOnDisk: SD_2_New_MF_D_00000 576641
FabOnDisk: SD_2_New_MF_D_00000 585944

64,2
-7.9759477857514849e-01,3.9403995799822296e-03,
-8.2149783723179082e-01,-6.5958157069193635e-01,
-2.6176181038502894e-01,-7.1301915661448256e-01,
3.9439720644956400e-01,-4.1567590719224218e-01,
4.3663122970335300e-01,1.0450584188379918e-03,
2.2628199719728570e-01,4.5523441045648844e-03,
1.2186759453671477e-01,2.1687941635833365e-03,
7.3536558663539725e-02,5.1946212095158270e-05,
-3.0600685782949162e+00,1.8244913036249466e-01,
-3.2697440932713286e+00,-3.1855675110696673e+00,
-7.2595389525876475e-01,-3.2803951665272031e+00,
6.8158808160266438e-01,-8.9411420698976107e-01,
3.1298112704045311e-01,1.0555681755073337e-01,
7.3694406110182076e-02,1.5382867329277425e-01,
1.8862222542544497e-02,6.8853113475251915e-02,
6.8448675161578796e-03,1.6108758312558223e-03,
-1.1709564367918993e+01,9.4845644397385553e-01,
-1.9292922803221256e+01,-2.4778126722994873e+01,
-2.7494960056513746e+00,-2.5269340486094222e+01,
2.2716887847659578e-01,-8.9577747392321594e-01,
-3.7948460772910392e-01,6.0312195495961840e-01,
-3.5723206205168972e-01,2.8485260577028210e-01,
-2.0155218003254341e-01,9.5022101397896436e-02,
-1.1113177227095154e-01,2.0000870715403221e-03,
-1.5055354899937184e+01,6.3838938802609213e-01,
-5.0951784737217935e+02,-2.1304920410972005e+02,
-9.2191564541295492e+01,-2.4600377543485914e+02,
-2.7152239914372828e+01,3.2168251030871997e-01,
-4.2022801470988869e+00,3.5772717836449953e-02,
-1.0929513568199669e+00,1.1226177688379113e-02,
-3.7293296619205124e-01,3.4754002340625046e-03,
-1.7673599484368899e-01,7.1415848952382927e-05,
-1.5053969163967915e+01,-4.8958563173111131e+01,
-5.0934654283624775e+02,-4.5906293627894513e+02,
-9.2459007698836686e+01,-1.0553434802016704e+02,
-2.7143010434734290e+01,-3.1634677515353747e+01,
-4.2026030801279051e+00,-3.0211757951523834e+00,
-1.0929365862509659e+00,-7.8057483738737998e-01,
-3.7293340418680704e-01,-2.5791398640552837e-01,
-1.7673689689605493e-01,-8.4133515666714953e-02,
-1.1708849357808829e+01,-9.4242470520847750e+00,
-1.9293156009109286e+01,-6.8760708811717430e+00,
-2.7479809509328486e+00,-2.8009402923956781e+00,
2.2711788063165358e-01,-4.9157530095604720e+00,
-3.7953509897521276e-01,-2.6673667422989205e+00,
-3.5727674668245030e-01,-8.0003137846433769e-01,
-2.0158758837119722e-01,-2.9769501521856523e-01,
-1.1116076694135600e-01,-1.0623807785109732e-01,
-3.0600114246814702e+00,-2.8885762590390587e+00,
-3.2697112449497387e+00,-5.7053465323121300e-01,
-7.2595679689504033e-01,4.8919113785752022e-01,
6.8144126476285705e-01,-7.0439454566801607e-01,
3.1288567034288772e-01,-7.4687252971316687e-01,
7.3628206598408880e-02,-5.5474963518614551e-01,
1.8809350729276034e-02,-2.7051608047283071e-01,
6.7956700995160440e-03,-1.0302721317971349e-01,
-7.9761310065550461e-01,-7.0690289584164900e-01,
-8.2152515992467723e-01,-1.0346869126665993e-01,
-2.6184346378834122e-01,1.3007958136311819e-02,
3.9427356813617415e-01,-7.0448696653542808e-02,
4.3652203451457894e-01,-2.0669790255300768e-01,
2.2619935138586603e-01,-2.0528278060199692e-01,
1.2179990263950623e-01,-1.3895300240094996e-01,
7.3473127194658483e-02,-6.0635844785650629e-02,

64,2
-1.7048281438186794e-02,7.0688902668187903e-01,
-1.5895683812122385e-01,1.0343430193302848e-01,
6.0885504497632514e-01,-1.3008608072552887e-02,
7.6496160863698492e-01,7.0467180242040461e-02,
7.0698986637993100e-01,2.0672521493857174e-01,
4.2720361895879694e-01,2.0530953249392264e-01,
2.5490547965137844e-01,1.3897211209735849e-01,
1.5190820354672988e-01,6.0645089477183778e-02,
-3.7125226659172512e-02,2.8886168531672918e+00,
-3.5054573280911605e-01,5.7046878820862046e-01,
2.2082899875381261e+00,-4.8921312145113599e-01,
2.2144091009407925e+00,7.0448018228009524e-01,
1.0808720451437432e+00,7.4695689685206490e-01,
4.2281163866063931e-01,5.5481554339843908e-01,
2.1138534146148358e-01,2.7055550478975271e-01,
1.1364296857103798e-01,1.0304535505120754e-01,
-1.2293133567412851e-01,9.4245726705795914e+00,
-1.1761073668009134e+00,6.8759714130745913e+00,
1.5804563537581261e+01,2.8015748196800039e+00,
9.4343493284779747e+00,4.9166175018047689e+00,
1.1110764041632097e+00,2.6675917655510286e+00,
2.6449281501756511e-01,8.0012805339950344e-01,
5.3284889945758369e-02,2.9774338106298626e-01,
9.5600294496139080e-03,1.0625853665368409e-01,
5.8987651321459722e+01,4.8961928445238051e+01,
1.0000000000000000e+40,1.0000000000000000e+40,
2.5855243764607479e+02,1.0537328790267125e+02,
1.1843649559421364e+01,3.1626073120944667e+01,
-1.2620564928122396e-01,3.0213634462344254e+00,
-2.2832400112318049e-01,7.8067317909337197e-01,
-1.2196163304564032e-01,2.5796861695065060e-01,
-7.3119921838047622e-02,8.4158261653235131e-02,
5.8985391984246668e+01,-6.3787964286122634e-01,
1.0000000000000000e+40,1.0000000000000000e+40,
2.5850195979953907e+02,2.4613090292453168e+02,
1.1842767338356762e+01,-3.2086813854645585e-01,
-1.2623768430734045e-01,-3.5675162556063907e-02,
-2.2835777166325993e-01,-1.1166537857275024e-02,
-1.2198921242478336e-01,-3.4468573260715003e-03,
-7.3145549583873204e-02,-7.0568068064976499e-05,
-1.2292661193049770e-01,-9.4851373073768630e-01,
-1.1761988152539136e+00,2.4779155289027162e+01,
1.5803429977513272e+01,2.5270275834172875e+01,
9.4332913067687656e+00,8.9574876985293095e-01,
1.1109142446748819e+00,-6.0305135394368337e-01,
2.6440189738892028e-01,-2.8479637308662292e-01,
5.3221364104815136e-02,-9.4995951467224435e-02,
9.5089500317096509e-03,-1.9993140415454466e-03,
-3.7125414269680107e-02,-1.8248361655981218e-01,
-3.5062914147811819e-01,3.1854320658095303e+00,
2.2080400664018218e+00,3.2802580852044292e+00,
2.2141517173416956e+00,8.9410808720550894e-01,
1.0807101687833298e+00,-1.0553468060579654e-01,
4.2270524046919294e-01,-1.5380763692306948e-01,
2.1130457628343705e-01,-6.8842626526803535e-02,
1.1357650003977440e-01,-1.6105533603921766e-03,
-1.7049269248947587e-02,-3.9414898912405218e-03,
-1.5903686704493397e-01,6.5953325341415758e-01,
6.0871307357756510e-01,7.1297014468528519e-01,
7.6481377560893804e-01,4.1565816646899179e-01,
7.0685129281323167e-01,-1.0444523249797518e-03,
4.2709627232448849e-01,-4.5517226593226679e-03,
2.5481961222507726e-01,-2.1684748155673976e-03,
1.5183640858016453e-01,-5.1936398186974799e-05,

