1
1
8
0
(4 0
((240,224) (255,239) (0,0))
((224,240) (255,255) (0,0))
((0,248) (127,255) (0,0))
((128,248) (223,255) (0,0))
)
4
FabOnDisk: Cell_D_00000 0
FabOnDisk: Cell_D_00000 16472
FabOnDisk: Cell_D_00000 49328
FabOnDisk: Cell_D_00000 114950

4,8
-2.7675124343474572e-01,-6.2864509148783654e-01,9.9974262295832061e-01,0.0000000000000000e+00,-5.9914439271598052e-01,-1.5031267101514949e+00,1.1094804272101300e-02,-4.1784340149420895e-02,
-8.1149118609357501e-02,-6.4270847863953406e-01,9.9607918591927058e-01,0.0000000000000000e+00,-6.4120705498056685e-01,-8.0647016135370730e-02,2.3042693459223074e-01,-4.0251007170777550e-02,
-8.0604858980298483e-02,3.7981507499936770e-05,9.9999999999825528e-01,0.0000000000000000e+00,-7.4884545493212507e-01,-4.0404717395068523e+01,1.2476459365586123e-01,-3.1242453165548006e-01,
3.7313179048128209e-01,-4.4737467300872494e-06,9.9996738670867646e-01,0.0000000000000000e+00,-4.5986621804617478e-01,-4.0784673990381770e-02,1.5989404253472733e+01,-1.9505833925315467e-02,

4,8
3.8629527756620687e-02,-2.8239814259786493e-02,1.0000567774649616e+00,0.0000000000000000e+00,2.4328748424324922e+00,2.2510262544124373e+00,4.5317585344598747e+01,5.6494034323401381e-02,
9.5902132175837784e-01,2.8605637656616004e-02,1.0020139503371199e+00,0.0000000000000000e+00,9.3887893357089837e+01,8.0291260980055668e+01,1.3699577657811804e+02,1.0964478776812177e+00,
9.5197577101704356e-01,2.4043720635521526e-01,1.0000000000030966e+00,0.0000000000000000e+00,5.4567734332750874e+01,2.0710336396129346e+01,1.4654014331058139e+02,-8.6925762334853340e-03,
9.5906678996623951e-01,6.5403388457635917e-03,1.0000217473047455e+00,0.0000000000000000e+00,4.1674011411347411e-02,4.6180444828926692e-01,2.3905164374056532e+01,-1.1516181360357166e-03,

