1
1
9
0
(6 0
((80,232) (95,247) (0,0))
((96,232) (111,247) (0,0))
((80,248) (95,263) (0,0))
((96,248) (111,263) (0,0))
((80,264) (95,279) (0,0))
((96,264) (111,279) (0,0))
)
6
FabOnDisk: Cell_D_00000 0
FabOnDisk: Cell_D_00000 18518
FabOnDisk: Cell_D_00000 37037
FabOnDisk: Cell_D_00000 55555
FabOnDisk: Cell_D_00000 74074
FabOnDisk: Cell_D_00000 92592

6,9
-2.0714814387134284e-01,-7.1295688596715490e-01,0.0000000000000000e+00,-8.1042743915161915e-16,-8.3001559550827506e+02,-3.9810195655536268e+02,0.0000000000000000e+00,-2.1920497835286525e+00,0.0000000000000000e+00,
-1.0149980514385247e-01,-5.1999979725555490e-01,0.0000000000000000e+00,-2.4798199616952713e-15,-3.1712457407561442e+02,-1.5630568648564437e+02,0.0000000000000000e+00,-3.6327650147898927e-01,0.0000000000000000e+00,
0.0000000000000000e+00,-6.3050906333030765e-01,0.0000000000000000e+00,-8.3469661660845464e-15,-4.9162492204579803e+02,-4.8754199826389032e+02,0.0000000000000000e+00,0.0000000000000000e+00,0.0000000000000000e+00,
-2.0585433274295051e-01,-4.9537684584276981e-01,0.0000000000000000e+00,-3.0491867931951876e-15,-3.8065054480760250e+02,-1.8226292551686547e+02,0.0000000000000000e+00,-3.4799646668627549e-01,0.0000000000000000e+00,
-2.0428730675709050e-01,-1.8686669472248657e-01,0.0000000000000000e+00,-8.4860264619234017e-15,-9.0039924194688911e+02,-4.2539431974536188e+02,0.0000000000000000e+00,-2.0832637139363985e+00,0.0000000000000000e+00,
-1.0176999273634915e-01,-7.8106907063827382e-03,0.0000000000000000e+00,-2.6090142488154190e-15,-3.1741566769696453e+02,-2.5165833094469838e+02,0.0000000000000000e+00,-3.6305086120440627e-01,0.0000000000000000e+00,

6,9
1.2781760272941802e+00,1.8673293677339997e-01,1.0000000000001241e+00,7.8969591533613535e-16,5.0437676702777878e+01,4.0930156047377562e+02,9.7189957771404588e+03,8.7600616336787940e-01,1.0000000000000000e+00,
1.3605161194486595e+00,7.7922653625727570e-03,1.0000000000008020e+00,2.0451045015617269e-15,1.0211799121890755e+02,2.5129247173109115e+02,2.7984010585390165e+03,1.2499026418769297e+00,1.0000000000000000e+00,
5.3119709282872341e-01,6.3045248915755414e-01,1.0000000000000688e+00,1.0264070872032322e-17,1.1555699700511859e+02,4.8793686285343074e+02,2.1230844366272540e+03,1.0003167689617609e+00,1.0000000000000000e+00,
0.0000000000000000e+00,4.9505657243156992e-01,1.0000000000005855e+00,8.5782360914869068e-15,8.8970897276951987e+01,1.8201433244746289e+02,1.7465405577447041e+03,1.3746797777966875e+00,1.0000000000000000e+00,
1.2780762102468488e+00,7.1291995601477220e-01,1.0000000000000830e+00,4.3260062485355444e-16,2.7860443269916402e+02,4.0103038581043631e+02,9.6740862759840493e+03,8.6624476661788985e-01,1.0000000000000000e+00,
1.3604977642126828e+00,5.1988873256857226e-01,1.0000000000014453e+00,6.3952863538067939e-15,1.0198799728611213e+02,1.5616391368059192e+02,2.7981056162162167e+03,1.2521576423681766e+00,1.0000000000000000e+00,

