1
1
2
4
(4 0
((32,112) (47,127) (0,0))
((48,112) (63,127) (0,0))
((32,128) (47,143) (0,0))
((48,128) (63,143) (0,0))
)
4
FabOnDisk: SD_2_New_MF_D_00000 0
FabOnDisk: SD_2_New_MF_D_00000 9302
FabOnDisk: SD_2_New_MF_D_00000 18604
FabOnDisk: SD_2_New_MF_D_00000 27906

4,2
-1.3168953647033466e+03,-1.5769260523368152e+03,
-1.3316971972545269e+02,-1.8200851971834966e+03,
-1.3168953647033579e+03,-6.3805084191139520e+02,
-1.3316971972545397e+02,-3.5455992404405498e+02,

4,2
2.7109189439362916e+02,6.3805084191134301e+02,
1.4422723573415064e+03,3.5455992404402156e+02,
2.7109189439363047e+02,1.5769260523368343e+03,
1.4422723573415569e+03,1.8200851971834943e+03,

