1
1
9
0
(6 0
((32,112) (47,127) (0,0))
((48,112) (63,127) (0,0))
((64,112) (71,127) (0,0))
((32,128) (47,143) (0,0))
((48,128) (63,143) (0,0))
((64,128) (71,143) (0,0))
)
6
FabOnDisk: Cell_D_00000 0
FabOnDisk: Cell_D_00000 18518
FabOnDisk: Cell_D_00000 37036
FabOnDisk: Cell_D_00000 46338
FabOnDisk: Cell_D_00000 64856
FabOnDisk: Cell_D_00000 83374

6,9
0.0000000000000000e+00,-7.3786810672110781e-01,0.0000000000000000e+00,-2.3135634641214950e-12,-7.3286423143702848e+02,-3.8779620796604939e+02,0.0000000000000000e+00,-6.4415144205901398e-01,0.0000000000000000e+00,
-8.6801183891876088e-01,-6.8879566895092681e-01,0.0000000000000000e+00,-7.3583052805250223e-14,-5.5583496139880583e+02,-5.0587652636220463e+02,0.0000000000000000e+00,-1.0872037982316964e+00,0.0000000000000000e+00,
-1.1658409543350481e-02,1.9359825481666443e-02,9.9999999999982281e-01,6.2083876358605308e-14,-4.4281213550374503e+01,-2.7278627010011672e+01,2.9476316725984830e-02,-1.7227883565771462e-01,1.0000000000000000e+00,
0.0000000000000000e+00,0.0000000000000000e+00,0.0000000000000000e+00,-2.4359818133535031e-12,-7.3286423143722061e+02,-5.2977576282854852e+02,0.0000000000000000e+00,-6.4415144205910091e-01,0.0000000000000000e+00,
-8.6801183891867872e-01,-8.1124112022840467e-01,0.0000000000000000e+00,-8.3037040791924230e-14,-5.5583496139883050e+02,-5.3763783358798332e+02,0.0000000000000000e+00,-1.0872037982316640e+00,0.0000000000000000e+00,
-1.1658409543336438e-02,-6.5020359754511803e-01,9.9999999999994027e-01,5.7947214867531989e-14,-4.4281213550375057e+01,-2.1198934861492970e+02,2.9476316704935002e-02,-1.7227883565768848e-01,1.0000000000000000e+00,

6,9
1.4605135343036655e+00,0.0000000000000000e+00,1.0000000000000393e+00,1.4857917661187802e-12,1.6012956791184121e+02,5.2977576282842915e+02,3.2842892011236063e+03,5.9108270220118930e-01,1.0000000000000000e+00,
1.4999570038547947e+00,8.1124112022844252e-01,1.0000000000002376e+00,6.0453174391030739e-13,8.5902417830832667e+02,5.3763783358798912e+02,2.5301024849041455e+03,0.0000000000000000e+00,1.0000000000000000e+00,
1.1160705276915579e+00,6.5020359754512402e-01,1.0000000000001417e+00,1.2866185295292991e-13,3.7599354633669321e+02,2.1198934861494845e+02,2.7433248752713598e+02,1.5949993914762012e-01,1.0000000000000000e+00,
1.4605135343036919e+00,7.3786810672105463e-01,1.0000000000001805e+00,1.5444740854208431e-12,1.6012956791185030e+02,3.8779620796610726e+02,3.2842892011234690e+03,5.9108270220119918e-01,1.0000000000000000e+00,
1.4999570038547689e+00,6.8879566895099820e-01,1.0000000000002174e+00,6.2908683943488359e-13,8.5902417830833429e+02,5.0587652636226068e+02,2.5301024849042506e+03,0.0000000000000000e+00,1.0000000000000000e+00,
1.1160705276915546e+00,-1.9359825481678142e-02,1.0000000000001381e+00,1.2874258801842009e-13,3.7599354633668736e+02,2.7278627009997486e+01,2.7433248752706919e+02,1.5949993914762287e-01,1.0000000000000000e+00,

