1
1
2
1
(3 0
((120,88) (127,95) (0,0))
((112,96) (127,111) (0,0))
((0,112) (127,127) (0,0))
)
3
FabOnDisk: SD_2_New_MF_D_00000 0
FabOnDisk: SD_2_New_MF_D_00000 1686
FabOnDisk: SD_2_New_MF_D_00000 6957

3,2
-1.3428346434407640e-01,-4.1130263610286538e-01,
-1.3531379840097088e-01,-3.2062844608960162e-01,
-2.3944751177991130e-01,-9.6029170532359949e+00,

3,2
8.3627647152317008e-01,-1.0842194540751554e-01,
7.9304604995102601e-01,8.7755956602156315e-01,
3.4847753870959188e+01,3.0110656342975297e+01,

