1
1
2
1
(3 0
((120,88) (127,95) (0,0))
((112,96) (127,111) (0,0))
((0,112) (127,127) (0,0))
)
3
FabOnDisk: SD_2_Old_MF_D_00000 0
FabOnDisk: SD_2_Old_MF_D_00000 1686
FabOnDisk: SD_2_Old_MF_D_00000 6957

3,2
-1.2530649567702701e-01,-3.9911985615755463e-01,
-1.3046097938567192e-01,-2.8938217510963860e-01,
-2.3918562524693643e-01,-9.6048647345522333e+00,

3,2
8.2129314687013388e-01,-9.2346973391606746e-02,
7.6441864413141025e-01,8.7435144712225987e-01,
3.4847938712540966e+01,3.0110394128520461e+01,

