1
1
2
4
(64 0
((0,0) (15,15) (0,0))
((16,0) (31,15) (0,0))
((32,0) (47,15) (0,0))
((48,0) (63,15) (0,0))
((64,0) (79,15) (0,0))
((80,0) (95,15) (0,0))
((96,0) (111,15) (0,0))
((112,0) (127,15) (0,0))
((0,16) (15,31) (0,0))
((16,16) (31,31) (0,0))
((32,16) (47,31) (0,0))
((48,16) (63,31) (0,0))
((64,16) (79,31) (0,0))
((80,16) (95,31) (0,0))
((96,16) (111,31) (0,0))
((112,16) (127,31) (0,0))
((0,32) (15,47) (0,0))
((16,32) (31,47) (0,0))
((32,32) (47,47) (0,0))
((48,32) (63,47) (0,0))
((64,32) (79,47) (0,0))
((80,32) (95,47) (0,0))
((96,32) (111,47) (0,0))
((112,32) (127,47) (0,0))
((0,48) (15,63) (0,0))
((16,48) (31,63) (0,0))
((32,48) (47,63) (0,0))
((48,48) (63,63) (0,0))
((64,48) (79,63) (0,0))
((80,48) (95,63) (0,0))
((96,48) (111,63) (0,0))
((112,48) (127,63) (0,0))
((0,64) (15,79) (0,0))
((16,64) (31,79) (0,0))
((32,64) (47,79) (0,0))
((48,64) (63,79) (0,0))
((64,64) (79,79) (0,0))
((80,64) (95,79) (0,0))
((96,64) (111,79) (0,0))
((112,64) (127,79) (0,0))
((0,80) (15,95) (0,0))
((16,80) (31,95) (0,0))
((32,80) (47,95) (0,0))
((48,80) (63,95) (0,0))
((64,80) (79,95) (0,0))
((80,80) (95,95) (0,0))
((96,80) (111,95) (0,0))
((112,80) (127,95) (0,0))
((0,96) (15,111) (0,0))
((16,96) (31,111) (0,0))
((32,96) (47,111) (0,0))
((48,96) (63,111) (0,0))
((64,96) (79,111) (0,0))
((80,96) (95,111) (0,0))
((96,96) (111,111) (0,0))
((112,96) (127,111) (0,0))
((0,112) (15,127) (0,0))
((16,112) (31,127) (0,0))
((32,112) (47,127) (0,0))
((48,112) (63,127) (0,0))
((64,112) (79,127) (0,0))
((80,112) (95,127) (0,0))
((96,112) (111,127) (0,0))
((112,112) (127,127) (0,0))
)
64
FabOnDisk: SD_2_New_MF_D_00000 0
FabOnDisk: SD_2_New_MF_D_00000 9300
FabOnDisk: SD_2_New_MF_D_00000 18600
FabOnDisk: SD_2_New_MF_D_00000 27900
FabOnDisk: SD_2_New_MF_D_00000 37200
FabOnDisk: SD_2_New_MF_D_00000 46500
FabOnDisk: SD_2_New_MF_D_00000 55800
FabOnDisk: SD_2_New_MF_D_00000 65101
FabOnDisk: SD_2_New_MF_D_00000 74403
FabOnDisk: SD_2_New_MF_D_00000 83703
FabOnDisk: SD_2_New_MF_D_00000 93003
FabOnDisk: SD_2_New_MF_D_00000 102303
FabOnDisk: SD_2_New_MF_D_00000 111603
FabOnDisk: SD_2_New_MF_D_00000 120903
FabOnDisk: SD_2_New_MF_D_00000 130203
FabOnDisk: SD_2_New_MF_D_00000 139504
FabOnDisk: SD_2_New_MF_D_00000 148806
FabOnDisk: SD_2_New_MF_D_00000 158106
FabOnDisk: SD_2_New_MF_D_00000 167406
FabOnDisk: SD_2_New_MF_D_00000 176706
FabOnDisk: SD_2_New_MF_D_00000 186006
FabOnDisk: SD_2_New_MF_D_00000 195306
FabOnDisk: SD_2_New_MF_D_00000 204606
FabOnDisk: SD_2_New_MF_D_00000 213907
FabOnDisk: SD_2_New_MF_D_00000 223209
FabOnDisk: SD_2_New_MF_D_00000 232509
FabOnDisk: SD_2_New_MF_D_00000 241809
FabOnDisk: SD_2_New_MF_D_00000 251109
FabOnDisk: SD_2_New_MF_D_00000 260409
FabOnDisk: SD_2_New_MF_D_00000 269709
FabOnDisk: SD_2_New_MF_D_00000 279009
FabOnDisk: SD_2_New_MF_D_00000 288310
FabOnDisk: SD_2_New_MF_D_00000 297612
FabOnDisk: SD_2_New_MF_D_00000 306912
FabOnDisk: SD_2_New_MF_D_00000 316212
FabOnDisk: SD_2_New_MF_D_00000 325512
FabOnDisk: SD_2_New_MF_D_00000 334812
FabOnDisk: SD_2_New_MF_D_00000 344112
FabOnDisk: SD_2_New_MF_D_00000 353412
FabOnDisk: SD_2_New_MF_D_00000 362713
FabOnDisk: SD_2_New_MF_D_00000 372015
FabOnDisk: SD_2_New_MF_D_00000 381315
FabOnDisk: SD_2_New_MF_D_00000 390615
FabOnDisk: SD_2_New_MF_D_00000 399915
FabOnDisk: SD_2_New_MF_D_00000 409215
FabOnDisk: SD_2_New_MF_D_00000 418515
FabOnDisk: SD_2_New_MF_D_00000 427815
FabOnDisk: SD_2_New_MF_D_00000 437116
FabOnDisk: SD_2_New_MF_D_00000 446418
FabOnDisk: SD_2_New_MF_D_00000 455719
FabOnDisk: SD_2_New_MF_D_00000 465020
FabOnDisk: SD_2_New_MF_D_00000 474321
FabOnDisk: SD_2_New_MF_D_00000 483622
FabOnDisk: SD_2_New_MF_D_00000 492923
FabOnDisk: SD_2_New_MF_D_00000 502224
FabOnDisk: SD_2_New_MF_D_00000 511526
FabOnDisk: SD_2_New_MF_D_00000 520829
FabOnDisk: SD_2_New_MF_D_00000 530131
FabOnDisk: SD_2_New_MF_D_00000 539433
FabOnDisk: SD_2_New_MF_D_00000 548735
FabOnDisk: SD_2_New_MF_D_00000 558037
FabOnDisk: SD_2_New_MF_D_00000 567339
FabOnDisk: SD_2_New_MF_D_00000 576641
FabOnDisk: SD_2_New_MF_D_00000 585944

64,2
3.1511786953706178e+01,-9.8135538465649006e+02,
9.1564165707022767e+02,-7.6091541883070022e+02,
1.5582276941910095e+03,-5.0297541981308314e+02,
1.8498110806336626e+03,-3.1066838732149336e+02,
1.1334340786448593e+03,1.4913285418151645e+01,
5.2876496478056652e+02,1.3117131006038107e+01,
2.9138116384547902e+02,5.4564001180551713e+00,
2.2635728175668919e+02,1.5091502687027969e-01,
-2.6438259487818868e+03,-5.1136544635366590e+03,
1.0935337020706356e+03,-1.3470358715585462e+03,
1.4183482601289143e+03,-2.1749368914799561e+03,
2.1676331686834601e+03,-3.0163746375059418e+03,
2.3314114880995476e+02,6.5373359885779792e+02,
6.3964070397574687e+01,4.1683116613858147e+02,
5.0036062737490283e+01,1.6452678862224275e+02,
4.8132421249785693e+01,4.5018837932332190e+00,
-4.3258899679871332e+06,-3.6348683342029755e+06,
-4.8802139835699750e+06,-3.6394332404456437e+06,
-4.5607932123795617e+06,-3.9591963637354798e+06,
-7.9387316560491072e+06,-3.4711824677717057e+06,
-8.9545400030656310e+03,-1.0308882295212243e+02,
-1.2068510648092342e+03,4.1432427947693213e+02,
-4.2173801420013478e+02,1.6233794236641188e+02,
-1.8852029861454503e+02,4.4735194151030555e+00,
-4.3416935650309101e+06,-4.5874366552601838e+06,
-3.7640751017722469e+06,-5.6465476741451891e+06,
-7.6936037923561223e+06,-3.6670959252792732e+06,
-7.8305498426915053e+06,-1.9011494049311597e+06,
-8.7032699064468034e+03,-4.8137844199289248e+03,
-1.2715883432658302e+03,-2.0521911068026384e+02,
-5.4262288721438381e+02,-2.3208076568880642e+01,
-2.7982313720612729e+02,3.7302758805708436e-01,
-7.2005130236305846e+06,-3.3434683391171992e+06,
-5.6418873115415405e+06,-3.8413970790753937e+06,
-5.7423974886512896e+06,-2.0578377144786003e+06,
-1.3148712198603174e+07,-1.6168508607187383e+06,
-6.4620395384794392e+03,-3.2816405694553396e+03,
-1.0740572282411449e+03,-7.9429318431793945e+02,
-5.2813317681284389e+02,-3.1644605408364441e+02,
-2.7937817878654459e+02,-1.0887893245480882e+02,
-4.7914079423531257e+06,-6.9578110972531815e+05,
-4.5824569595609074e+06,-1.6817905090263851e+06,
-3.2119731630931552e+06,-5.6169622797402751e+05,
-8.8161680459599346e+06,-2.0210453514600538e+06,
-4.1285309387287271e+03,-3.5343006075221638e+03,
-5.5758438683333225e+02,-8.9451501729781739e+02,
-3.0947707764862571e+02,-3.8049383715151635e+02,
-1.9243925184902037e+02,-1.4163167937258550e+02,
1.1393315510576940e+02,5.4373271584590839e+02,
2.4711590218008496e+03,-6.3139567531725334e+02,
1.9624962704525387e+03,-1.5621534544152382e+03,
-1.4269089388548309e+03,-2.5538767727251980e+03,
-3.9026113629297470e+02,-1.7101923350652214e+03,
2.0065072105528088e+01,-7.9230566436854133e+02,
-2.4563517576927552e+01,-3.6663488613558002e+02,
-3.3304306141115376e+01,-1.3966112116168006e+02,
6.3740078419141355e+01,3.5444078167711268e+01,
1.6584868037462002e+03,-9.7123367214953760e+01,
1.8055789641653973e+03,-5.8933441419285373e+02,
1.1384791991265956e+03,-6.6827493333148595e+02,
5.7569225390434440e+02,-6.1306385752468486e+02,
2.6348054115951527e+02,-4.0567591423096019e+02,
1.2106250804153387e+02,-2.1605671741326660e+02,
7.9697421826247592e+01,-8.7765163218227826e+01,

64,2
1.0179521069851035e+03,-2.4789306209640927e+01,
1.6016021190767788e+03,-1.6939564000858809e+01,
2.1773531303111668e+03,-7.4272999896493275e+00,
2.3959305007385410e+03,5.4141045529104304e+02,
2.1401130114943953e+03,7.9210152644081973e+02,
1.1873665305360191e+03,7.1058007531537442e+02,
6.4500219334167195e+02,3.7514207172971510e+02,
3.7121605309692677e+02,1.4516832452636663e+02,
2.4223631425291387e+03,9.9732799082739803e+02,
2.1424626302763500e+03,-5.3847962727595586e+02,
2.4144467734600767e+03,-3.8448359904759855e+02,
7.2669797962567827e+03,4.7111884536534490e+03,
3.8782198654771491e+03,4.4232958694614354e+03,
1.0582294860250840e+03,1.5497387897790759e+03,
4.8712619141297182e+02,5.9664587962543010e+02,
2.7203724654891994e+02,2.1506217817686775e+02,
1.1173172148631439e+06,1.2993576792936400e+06,
1.9309503338086798e+06,3.5534480865423934e+05,
1.2817389990148551e+06,6.9465268127793656e+05,
2.4721797296924042e+06,2.5039803862685761e+06,
3.6416916922126984e+04,8.6371323264240345e+03,
1.0224338463667664e+02,1.5908476276945294e+03,
3.2782336854405003e+01,5.9760884157039982e+02,
3.5592349633821868e+01,2.1504209569557133e+02,
3.6575408731791885e+06,1.3823789635233590e+06,
1.0000000000000000e+40,1.0000000000000000e+40,
4.1218805690518237e+05,3.3247212377789374e+06,
1.4278053773900182e+06,1.2215354949622648e+06,
5.5766844587055675e+04,3.2540780874274787e+03,
-4.6721680139345699e+02,7.4351433351112064e+02,
-2.0782132611038105e+02,3.6888649382308358e+02,
-1.4202935389072809e+02,1.4304052928428064e+02,
1.6866618131317594e+06,5.7327755945341643e+06,
1.0000000000000000e+40,1.0000000000000000e+40,
1.8485988459347503e+06,3.3959782630051118e+06,
1.0850921131113975e+06,1.8292854533443414e+06,
5.8704630538118363e+04,1.5798350281002058e+03,
-3.4022739098382590e+02,-5.3413296441249258e+01,
-2.0641241886041826e+02,-2.4005686289456207e+00,
-1.6446886839265062e+02,1.1272709571130690e+00,
1.6552355480777987e+06,5.0343266208800366e+06,
1.8845483787557927e+06,4.4913880019499222e+06,
1.6727822878752672e+06,7.7684929490301013e+06,
3.0609857702995022e+06,3.5837876014650278e+06,
3.9752504830367980e+04,-1.4981886289388058e+01,
1.4268726275986410e+02,-3.4714832334775565e+02,
-4.0359193517360836e+00,-1.2285010543246244e+02,
-3.6394373309565708e+01,-3.2385587317435238e+00,
7.1005250734771835e+03,1.0027910604805220e+04,
5.7816887905206386e+03,1.2551137974929588e+03,
3.0705906171111565e+03,-1.6316913306363858e+02,
3.1371879847603850e+03,2.2359105243886006e+02,
1.0829366152265720e+03,-4.4589388499880442e+02,
5.3564508647505136e+02,-2.3927886936980940e+02,
2.4030906751559814e+02,-9.9479715663983370e+01,
1.0936144170764601e+02,-2.7767225248794603e+00,
2.3020787643697986e+03,2.2635976185101754e+03,
2.5591011889060610e+03,9.9178000930878625e+02,
2.4618438288896868e+03,-1.4073510003072442e+00,
1.8947849638807384e+03,-1.7228094838355901e+01,
1.1643987154169736e+03,-1.3538791241808212e+01,
6.4908198383564013e+02,-7.5907401671429398e+00,
3.2718393256256240e+02,-3.2399495399658917e+00,
1.6722705218671763e+02,-9.1180042778660209e-02,

