1
1
9
0
(6 0
((80,232) (95,247) (0,0))
((96,232) (111,247) (0,0))
((80,248) (95,263) (0,0))
((96,248) (111,263) (0,0))
((80,264) (95,279) (0,0))
((96,264) (111,279) (0,0))
)
6
FabOnDisk: Cell_D_00000 0
FabOnDisk: Cell_D_00000 18518
FabOnDisk: Cell_D_00000 37037
FabOnDisk: Cell_D_00000 55555
FabOnDisk: Cell_D_00000 74074
FabOnDisk: Cell_D_00000 92592

6,9
-2.0512131598481972e-01,-7.1294940225159198e-01,0.0000000000000000e+00,-1.1643570348444031e-15,-8.9239488682186925e+02,-4.0123643537045098e+02,0.0000000000000000e+00,-2.0926236688071342e+00,0.0000000000000000e+00,
-1.0164146991308345e-01,-5.2024240875586292e-01,0.0000000000000000e+00,-2.3842770922119292e-15,-3.1737796029192828e+02,-1.5621649479802002e+02,0.0000000000000000e+00,-3.6320141115973675e-01,0.0000000000000000e+00,
0.0000000000000000e+00,-6.3048420694614926e-01,0.0000000000000000e+00,-8.3521303935984255e-15,-4.9133949885587185e+02,-4.8773181224630844e+02,0.0000000000000000e+00,0.0000000000000000e+00,0.0000000000000000e+00,
-2.0590397775720976e-01,-4.9550867521581321e-01,0.0000000000000000e+00,-2.9287495921735983e-15,-3.8045863309237234e+02,-1.9774556508108361e+02,0.0000000000000000e+00,-3.4795365638295833e-01,0.0000000000000000e+00,
-2.0511951112525745e-01,-1.8688215735094002e-01,0.0000000000000000e+00,-8.5021792428950870e-15,-8.9240440475086029e+02,-4.0738509270331008e+02,0.0000000000000000e+00,-2.0923361122772826e+00,0.0000000000000000e+00,
-1.0161059229826572e-01,-7.7993422447143242e-03,0.0000000000000000e+00,-2.5573435996196385e-15,-3.1731342791600889e+02,-2.5179747272456018e+02,0.0000000000000000e+00,-3.6321490480247293e-01,0.0000000000000000e+00,

6,9
1.2781754068845270e+00,1.8687825079622070e-01,1.0000000000001212e+00,7.5146612169465601e-16,2.2395310106378631e+02,4.0734934759093829e+02,9.6876853669750635e+03,8.6677922320084677e-01,1.0000000000000000e+00,
1.3606315155287210e+00,7.8086756335903609e-03,1.0000000000007687e+00,1.8632014012666701e-15,1.0221377579907903e+02,2.5177579973165609e+02,2.7985144882820105e+03,1.2524359079250151e+00,1.0000000000000000e+00,
5.3120031113241750e-01,6.3048532703916693e-01,1.0000000000000695e+00,0.0000000000000000e+00,1.1564526646712814e+02,4.8761513879176755e+02,2.1230321977432350e+03,9.9118729305499853e-01,1.0000000000000000e+00,
0.0000000000000000e+00,4.9558855172766864e-01,1.0000000000005960e+00,8.1704417030196341e-15,1.0734009084058476e+02,1.9259344847649695e+02,1.7498793431008778e+03,1.3747495617538867e+00,1.0000000000000000e+00,
1.2781860427778018e+00,7.1294781617741987e-01,1.0000000000000802e+00,4.0553927408127204e-16,2.2408432911660120e+02,4.0113997369111144e+02,9.6877032704898429e+03,8.6700753505641526e-01,1.0000000000000000e+00,
1.3606226990641590e+00,5.2025473564993452e-01,1.0000000000014821e+00,6.1026960776825494e-15,1.0221372709957315e+02,1.5632196034701451e+02,2.7988162813124236e+03,1.2523242996745636e+00,1.0000000000000000e+00,

