1
1
9
0
(4 0
((32,112) (47,127) (0,0))
((48,112) (63,127) (0,0))
((32,128) (47,143) (0,0))
((48,128) (63,143) (0,0))
)
4
FabOnDisk: Cell_D_00000 0
FabOnDisk: Cell_D_00000 18518
FabOnDisk: Cell_D_00000 37036
FabOnDisk: Cell_D_00000 55554

4,9
0.0000000000000000e+00,-7.5428191679027778e-01,0.0000000000000000e+00,0.0000000000000000e+00,-8.4430358401397598e+02,-5.9157580840941853e+02,0.0000000000000000e+00,-8.5886979907593175e-01,0.0000000000000000e+00,
-2.4688422772772867e-01,-3.9479735844103025e-01,0.0000000000000000e+00,0.0000000000000000e+00,-5.5560103145719765e+01,-5.9664595893976468e+02,0.0000000000000000e+00,-8.8632106894659557e-01,0.0000000000000000e+00,
0.0000000000000000e+00,0.0000000000000000e+00,0.0000000000000000e+00,0.0000000000000000e+00,-8.4430358401409160e+02,-5.6717748157555820e+02,0.0000000000000000e+00,-8.5886979907595129e-01,0.0000000000000000e+00,
-2.4688422772780114e-01,-6.5910402807815904e-01,0.0000000000000000e+00,0.0000000000000000e+00,-5.5560103145721868e+01,-4.1797328912296109e+02,0.0000000000000000e+00,-8.8632106894661356e-01,0.0000000000000000e+00,

4,9
1.6000645062427201e+00,0.0000000000000000e+00,1.0000000000001323e+00,7.1192467428889522e-13,1.6630312897447172e+02,5.6717748157549863e+02,3.7065815760279183e+03,5.7662313565841028e-01,1.0000000000000000e+00,
1.6225121029820462e+00,6.5910402807818835e-01,1.0000000000001765e+00,6.9618242006949591e-13,5.4459885248906153e+02,4.1797328912305278e+02,3.9362013540609942e+03,1.3350685510819346e-01,1.0000000000000000e+00,
1.6000645062427206e+00,7.5428191679023837e-01,1.0000000000001781e+00,7.2743561445600181e-13,1.6630312897447831e+02,5.9157580840943240e+02,3.7065815760280561e+03,5.7662313565841616e-01,1.0000000000000000e+00,
1.6225121029820575e+00,3.9479735844103503e-01,1.0000000000005502e+00,6.9778937320067430e-13,5.4459885248901446e+02,5.9664595893975900e+02,3.9362013540611706e+03,1.3350685510819257e-01,1.0000000000000000e+00,

