1
1
4
4
(64 0
((0,0) (15,15) (0,0))
((16,0) (31,15) (0,0))
((32,0) (47,15) (0,0))
((48,0) (63,15) (0,0))
((64,0) (79,15) (0,0))
((80,0) (95,15) (0,0))
((96,0) (111,15) (0,0))
((112,0) (127,15) (0,0))
((0,16) (15,31) (0,0))
((16,16) (31,31) (0,0))
((32,16) (47,31) (0,0))
((48,16) (63,31) (0,0))
((64,16) (79,31) (0,0))
((80,16) (95,31) (0,0))
((96,16) (111,31) (0,0))
((112,16) (127,31) (0,0))
((0,32) (15,47) (0,0))
((16,32) (31,47) (0,0))
((32,32) (47,47) (0,0))
((48,32) (63,47) (0,0))
((64,32) (79,47) (0,0))
((80,32) (95,47) (0,0))
((96,32) (111,47) (0,0))
((112,32) (127,47) (0,0))
((0,48) (15,63) (0,0))
((16,48) (31,63) (0,0))
((32,48) (47,63) (0,0))
((48,48) (63,63) (0,0))
((64,48) (79,63) (0,0))
((80,48) (95,63) (0,0))
((96,48) (111,63) (0,0))
((112,48) (127,63) (0,0))
((0,64) (15,79) (0,0))
((16,64) (31,79) (0,0))
((32,64) (47,79) (0,0))
((48,64) (63,79) (0,0))
((64,64) (79,79) (0,0))
((80,64) (95,79) (0,0))
((96,64) (111,79) (0,0))
((112,64) (127,79) (0,0))
((0,80) (15,95) (0,0))
((16,80) (31,95) (0,0))
((32,80) (47,95) (0,0))
((48,80) (63,95) (0,0))
((64,80) (79,95) (0,0))
((80,80) (95,95) (0,0))
((96,80) (111,95) (0,0))
((112,80) (127,95) (0,0))
((0,96) (15,111) (0,0))
((16,96) (31,111) (0,0))
((32,96) (47,111) (0,0))
((48,96) (63,111) (0,0))
((64,96) (79,111) (0,0))
((80,96) (95,111) (0,0))
((96,96) (111,111) (0,0))
((112,96) (127,111) (0,0))
((0,112) (15,127) (0,0))
((16,112) (31,127) (0,0))
((32,112) (47,127) (0,0))
((48,112) (63,127) (0,0))
((64,112) (79,127) (0,0))
((80,112) (95,127) (0,0))
((96,112) (111,127) (0,0))
((112,112) (127,127) (0,0))
)
64
FabOnDisk: SD_0_Old_MF_D_00000 0
FabOnDisk: SD_0_Old_MF_D_00000 18516
FabOnDisk: SD_0_Old_MF_D_00000 37032
FabOnDisk: SD_0_Old_MF_D_00000 55548
FabOnDisk: SD_0_Old_MF_D_00000 74064
FabOnDisk: SD_0_Old_MF_D_00000 92580
FabOnDisk: SD_0_Old_MF_D_00000 111096
FabOnDisk: SD_0_Old_MF_D_00000 129613
FabOnDisk: SD_0_Old_MF_D_00000 148131
FabOnDisk: SD_0_Old_MF_D_00000 166647
FabOnDisk: SD_0_Old_MF_D_00000 185163
FabOnDisk: SD_0_Old_MF_D_00000 203679
FabOnDisk: SD_0_Old_MF_D_00000 222195
FabOnDisk: SD_0_Old_MF_D_00000 240711
FabOnDisk: SD_0_Old_MF_D_00000 259227
FabOnDisk: SD_0_Old_MF_D_00000 277744
FabOnDisk: SD_0_Old_MF_D_00000 296262
FabOnDisk: SD_0_Old_MF_D_00000 314778
FabOnDisk: SD_0_Old_MF_D_00000 333294
FabOnDisk: SD_0_Old_MF_D_00000 351810
FabOnDisk: SD_0_Old_MF_D_00000 370326
FabOnDisk: SD_0_Old_MF_D_00000 388842
FabOnDisk: SD_0_Old_MF_D_00000 407358
FabOnDisk: SD_0_Old_MF_D_00000 425875
FabOnDisk: SD_0_Old_MF_D_00000 444393
FabOnDisk: SD_0_Old_MF_D_00000 462909
FabOnDisk: SD_0_Old_MF_D_00000 481425
FabOnDisk: SD_0_Old_MF_D_00000 499941
FabOnDisk: SD_0_Old_MF_D_00000 518457
FabOnDisk: SD_0_Old_MF_D_00000 536973
FabOnDisk: SD_0_Old_MF_D_00000 555489
FabOnDisk: SD_0_Old_MF_D_00000 574006
FabOnDisk: SD_0_Old_MF_D_00000 592524
FabOnDisk: SD_0_Old_MF_D_00000 611040
FabOnDisk: SD_0_Old_MF_D_00000 629556
FabOnDisk: SD_0_Old_MF_D_00000 648072
FabOnDisk: SD_0_Old_MF_D_00000 666588
FabOnDisk: SD_0_Old_MF_D_00000 685104
FabOnDisk: SD_0_Old_MF_D_00000 703620
FabOnDisk: SD_0_Old_MF_D_00000 722137
FabOnDisk: SD_0_Old_MF_D_00000 740655
FabOnDisk: SD_0_Old_MF_D_00000 759171
FabOnDisk: SD_0_Old_MF_D_00000 777687
FabOnDisk: SD_0_Old_MF_D_00000 796203
FabOnDisk: SD_0_Old_MF_D_00000 814719
FabOnDisk: SD_0_Old_MF_D_00000 833235
FabOnDisk: SD_0_Old_MF_D_00000 851751
FabOnDisk: SD_0_Old_MF_D_00000 870268
FabOnDisk: SD_0_Old_MF_D_00000 888786
FabOnDisk: SD_0_Old_MF_D_00000 907303
FabOnDisk: SD_0_Old_MF_D_00000 925820
FabOnDisk: SD_0_Old_MF_D_00000 944337
FabOnDisk: SD_0_Old_MF_D_00000 962854
FabOnDisk: SD_0_Old_MF_D_00000 981371
FabOnDisk: SD_0_Old_MF_D_00000 999888
FabOnDisk: SD_0_Old_MF_D_00000 1018406
FabOnDisk: SD_0_Old_MF_D_00000 1036925
FabOnDisk: SD_0_Old_MF_D_00000 1055443
FabOnDisk: SD_0_Old_MF_D_00000 1073961
FabOnDisk: SD_0_Old_MF_D_00000 1092479
FabOnDisk: SD_0_Old_MF_D_00000 1110997
FabOnDisk: SD_0_Old_MF_D_00000 1129515
FabOnDisk: SD_0_Old_MF_D_00000 1148033
FabOnDisk: SD_0_Old_MF_D_00000 1166552

64,4
1.0000042316202398e+00,-7.0318947051857357e-03,9.9999999999996048e-01,1.8237304183197192e-15,
1.0025273817726761e+00,-7.0233108977662577e-03,9.9999999999990286e-01,5.8379787137281923e-14,
1.0069598128242674e+00,-1.7389373146938750e-03,9.9999999999990385e-01,1.1525164537571033e-13,
1.0045625804265417e+00,5.3129510097476424e-05,9.9999999999997014e-01,1.6796495670772765e-13,
1.0022288573040654e+00,5.3822693725475442e-05,9.9999999999999600e-01,2.1419613087612221e-13,
1.0010443155874376e+00,2.9645415467580717e-05,9.9999999999997924e-01,2.5215563526561741e-13,
1.0004972644025705e+00,1.4162138079198587e-05,9.9999999999993305e-01,2.8035941656327944e-13,
1.0002677012303607e+00,5.1555300436542904e-06,9.9999999999981026e-01,2.9765523436933488e-13,
1.0000079435606581e+00,-2.1867243286112229e-02,9.9999999999993439e-01,1.8215019710908244e-15,
1.0042466150109985e+00,-2.1769587115014064e-02,9.9999999999999345e-01,6.0064844027476427e-14,
1.0081569880147390e+00,-1.9907758587398420e-03,1.0000000000000016e+00,1.1650796361555139e-13,
1.0027068556070649e+00,2.4231528461709797e-03,1.0000000000000040e+00,1.6876591470744381e-13,
1.0006333045976992e+00,1.7605347791534039e-03,1.0000000000000027e+00,2.1468861615749043e-13,
1.0001524992588982e+00,9.1912986164290349e-04,1.0000000000000018e+00,2.5245098897175410e-13,
1.0000411284252868e+00,4.2809694327170141e-04,1.0000000000000011e+00,2.8053435698013084e-13,
1.0000136874755670e+00,1.5443016721924257e-04,1.0000000000000000e+00,2.9776038574782568e-13,
1.0000266756686014e+00,-7.1377998259304853e-02,9.9999999999993439e-01,1.7969649833757959e-15,
1.0131277069067888e+00,-7.1219040448115542e-02,9.9999999999997258e-01,5.9483692762504779e-14,
1.0000786905354688e+00,1.3164362755877394e-04,9.9999999999998601e-01,1.1674256527844697e-13,
9.9569910868870271e-01,6.3793703765604517e-03,9.9999999999999101e-01,1.6904881078486530e-13,
9.9617014667700021e-01,2.8931769966589835e-03,9.9999999999999745e-01,2.1487159353285157e-13,
9.9799453041118369e-01,1.1542103995253548e-03,9.9999999999999811e-01,2.5254991770591851e-13,
9.9905324083123559e-01,4.7702456079190791e-04,1.0000000000000000e+00,2.8058429049464893e-13,
9.9954712517665090e-01,1.6501587679821459e-04,9.9999999999999822e-01,2.9778767486310571e-13,
8.3456383263344169e-01,-1.4117448750908176e-01,9.9999999999959177e-01,1.7522234457106764e-15,
-8.0691975893405909e-01,-6.5829165463703043e-01,9.9999999999950617e-01,-1.1965447567424661e-12,
1.3049655338803956e-01,2.3773527879302459e-03,9.9999999999981903e-01,7.0456917573971992e-14,
9.6152864883074096e-01,3.7719734046377264e-04,9.9999999999997913e-01,1.6963335219365145e-13,
9.9015164992408033e-01,1.1085820279923062e-04,9.9999999999999456e-01,2.1512649763321363e-13,
9.9640828773362100e-01,4.1252312501291721e-05,9.9999999999999778e-01,2.5266164494523115e-13,
9.9850148246018844e-01,1.6568254078999428e-05,1.0000000000000000e+00,2.8063732936417404e-13,
9.9931879127384293e-01,5.6757062395717134e-06,9.9999999999999944e-01,2.9781617474349793e-13,
8.3456383263344536e-01,1.6282189881767394e-04,9.9999999999941591e-01,1.7522630173219679e-15,
-8.0691975893397661e-01,-7.8098203101957431e-01,9.9999999999930855e-01,-1.2446879819477455e-12,
1.3049655338804958e-01,-5.8034388330551023e-01,9.9999999999993883e-01,6.7256396867178979e-14,
9.6152864883074096e-01,-2.7375892430468826e-02,9.9999999999998945e-01,1.6963317095944520e-13,
9.9015164992408033e-01,-7.4821548171089833e-03,9.9999999999999434e-01,2.1512655266155171e-13,
9.9640828773362200e-01,-2.6273156900881870e-03,9.9999999999999700e-01,2.5266171967211624e-13,
9.9850148246018777e-01,-1.0456637223669046e-03,9.9999999999999978e-01,2.8063711382996713e-13,
9.9931879127384282e-01,-4.3027276927961152e-04,9.9999999999999922e-01,2.9781692727552931e-13,
1.0000266756686012e+00,6.6761075149000077e-04,9.9999999999941036e-01,1.7970462667916674e-15,
1.0131277069067937e+00,-2.8153454464403010e-02,1.0000000000000069e+00,5.9475030752510600e-14,
1.0000786905354753e+00,-4.3495110124337405e-02,9.9999999999999145e-01,1.1674262894289878e-13,
9.9569910868870759e-01,-2.4678607450904264e-02,9.9999999999999667e-01,1.6904851893012259e-13,
9.9617014667700399e-01,-7.7861605233789447e-03,1.0000000000000013e+00,2.1487221287014299e-13,
9.9799453041118658e-01,-3.1189728831880624e-03,1.0000000000000007e+00,2.5254909835719326e-13,
9.9905324083123803e-01,-1.3671953529054166e-03,9.9999999999999989e-01,2.8058468447531557e-13,
9.9954712517665201e-01,-5.9242248209706333e-04,9.9999999999999811e-01,2.9778767439790809e-13,
1.0000079435606581e+00,1.7766667989287693e-04,9.9999999999953637e-01,1.8216240395105756e-15,
1.0042466150110063e+00,1.6217441214524647e-03,1.0000000000000127e+00,6.0063076328802994e-14,
1.0081569880147501e+00,-8.8142031638475792e-03,1.0000000000000058e+00,1.1650810083323893e-13,
1.0027068556070702e+00,-8.8173429886709599e-03,1.0000000000000073e+00,1.6876571769877115e-13,
1.0006333045977021e+00,-5.9068293532105395e-03,1.0000000000000056e+00,2.1468842250242537e-13,
1.0001524992588997e+00,-2.9200037487051179e-03,1.0000000000000033e+00,2.5245115141832658e-13,
1.0000411284252875e+00,-1.3450653461876004e-03,1.0000000000000000e+00,2.8053397562546188e-13,
1.0000136874755645e+00,-5.8948943693680088e-04,9.9999999999999512e-01,2.9775975396299716e-13,
1.0000042316202404e+00,4.2310571129421169e-06,9.9999999999862055e-01,1.8239485771896446e-15,
1.0025273817725986e+00,7.3101801398184688e-05,9.9999999999864009e-01,5.9871671276771656e-14,
1.0069598128241928e+00,-2.0763259106401041e-03,9.9999999999943978e-01,1.1632435173039330e-13,
1.0045625804265439e+00,-2.6701377608026140e-03,9.9999999999981060e-01,1.6861135570196074e-13,
1.0022288573040654e+00,-2.5065213772162390e-03,9.9999999999994449e-01,2.1458223215218395e-13,
1.0010443155874362e+00,-1.5984956211369413e-03,9.9999999999993994e-01,2.5238773811409634e-13,
1.0004972644025671e+00,-8.3249767415612922e-04,9.9999999999993994e-01,2.8049873703147872e-13,
1.0002677012303527e+00,-3.8588700152624822e-04,9.9999999999994149e-01,2.9773888732379732e-13,

64,4
1.0034405223478311e+00,-4.2310571122578388e-06,1.0000000000000522e+00,5.7425227944464623e-14,
1.0094288022512685e+00,-7.3101801396992147e-05,1.0000000000000251e+00,1.1376002115196586e-13,
1.0096160510870942e+00,2.0763259106448256e-03,1.0000000000000271e+00,1.6602914978595471e-13,
1.0078101330087057e+00,2.6701377608032550e-03,1.0000000000000113e+00,2.1224237970195410e-13,
1.0046225330608971e+00,2.5065213772176085e-03,1.0000000000000158e+00,2.5048178765968663e-13,
1.0025530645944507e+00,1.5984956211384301e-03,1.0000000000000044e+00,2.7916139200254217e-13,
1.0012850281885433e+00,8.3249767415836137e-04,1.0000000000000100e+00,2.9706338413792131e-13,
1.0006372140664244e+00,3.8588700152576515e-04,1.0000000000000304e+00,3.0337670801611354e-13,
1.0106556862416622e+00,-1.7766667989255839e-04,1.0000000000001139e+00,5.6469858824244666e-14,
1.0219669493477976e+00,-1.6217441214508494e-03,1.0000000000000084e+00,1.1327937138334535e-13,
1.0211677988681231e+00,8.8142031638464950e-03,1.0000000000000124e+00,1.6592451725407014e-13,
1.0094182801587130e+00,8.8173429886695184e-03,1.0000000000000075e+00,2.1221521871818913e-13,
1.0043293957426032e+00,5.9068293532099784e-03,1.0000000000000064e+00,2.5045486625396932e-13,
1.0020668231820302e+00,2.9200037487037947e-03,1.0000000000000056e+00,2.7913539479883319e-13,
1.0009576842817098e+00,1.3450653461864522e-03,1.0000000000000064e+00,2.9704505034110290e-13,
1.0004550545861046e+00,5.8948943693526499e-04,1.0000000000000113e+00,3.0337209515583631e-13,
1.0327192237301481e+00,-6.6761075148961296e-04,1.0000000000001121e+00,5.6451583683733484e-14,
1.0844250557680237e+00,2.8153454464402490e-02,1.0000000000000102e+00,1.1393256331508720e-13,
1.0624585863342415e+00,4.3495110124334282e-02,1.0000000000000142e+00,1.6651632116851082e-13,
1.0093971864690674e+00,2.4678607450902501e-02,1.0000000000000062e+00,2.1248187274512851e-13,
1.0022345042930618e+00,7.7861605233775499e-03,1.0000000000000049e+00,2.5057483915406383e-13,
1.0004385604555563e+00,3.1189728831867145e-03,1.0000000000000038e+00,2.7919120510999551e-13,
1.0000726413114214e+00,1.3671953529037363e-03,1.0000000000000024e+00,2.9707507651157202e-13,
1.0000058473510176e+00,5.9242248209656525e-04,1.0000000000000022e+00,3.0339447849179012e-13,
1.0341604740938299e+00,-1.6282189881808152e-04,1.0000000000001616e+00,1.7752964643794712e-12,
1.4590157737571583e+00,7.8098203101958230e-01,1.0000000000000000e+40,1.6695756698415231e-12,
1.1032452231146435e+00,5.8034388330551023e-01,1.0000000000001357e+00,1.6710879065741627e-13,
9.9708956216903610e-01,2.7375892430466772e-02,1.0000000000000049e+00,2.1264164311838584e-13,
9.9772871090762738e-01,7.4821548171071740e-03,1.0000000000000011e+00,2.5063340421665516e-13,
9.9894469763194227e-01,2.6273156900864496e-03,1.0000000000000000e+00,2.7921747888997794e-13,
9.9950037368795019e-01,1.0456637223644847e-03,1.0000000000000000e+00,2.9708870420632101e-13,
9.9973184636829993e-01,4.3027276927779369e-04,1.0000000000000011e+00,3.0340429858216912e-13,
1.0341604740938359e+00,1.4117448750909695e-01,1.0000000000002205e+00,1.8896614830215140e-12,
1.4590157737571603e+00,6.5829165463702155e-01,1.0000000000000000e+40,1.7538387313898646e-12,
1.1032452231146461e+00,-2.3773527879362376e-03,1.0000000000001299e+00,1.6789953845804444e-13,
9.9708956216904276e-01,-3.7719734046908946e-04,1.0000000000000033e+00,2.1264070894400234e-13,
9.9772871090763027e-01,-1.1085820280170020e-04,1.0000000000000033e+00,2.5063360410875329e-13,
9.9894469763194116e-01,-4.1252312503058760e-05,1.0000000000000029e+00,2.7921804333507504e-13,
9.9950037368795019e-01,-1.6568254081021940e-05,1.0000000000000000e+00,2.9708813107043868e-13,
9.9973184636830037e-01,-5.6757062398032668e-06,1.0000000000000000e+00,3.0340448050800795e-13,
1.0327192237301517e+00,7.1377998259311667e-02,1.0000000000001863e+00,5.6452310953476539e-14,
1.0844250557680308e+00,7.1219040448122245e-02,1.0000000000000582e+00,1.1392920812728415e-13,
1.0624585863342526e+00,-1.3164362755855105e-04,1.0000000000000304e+00,1.6651680817840924e-13,
1.0093971864690692e+00,-6.3793703765606304e-03,1.0000000000000080e+00,2.1248217928279466e-13,
1.0022345042930658e+00,-2.8931769966605587e-03,1.0000000000000078e+00,2.5057442418454102e-13,
1.0004385604555568e+00,-1.1542103995276760e-03,1.0000000000000056e+00,2.7919178285265013e-13,
1.0000726413114225e+00,-4.7702456079398134e-04,1.0000000000000049e+00,2.9707457859397585e-13,
1.0000058473510181e+00,-1.6501587679870617e-04,1.0000000000000000e+00,3.0339444517311348e-13,
1.0106556862416658e+00,2.1867243286110380e-02,1.0000000000001166e+00,5.6470987162327825e-14,
1.0219669493478014e+00,2.1769587115012083e-02,1.0000000000000395e+00,1.1327954042857223e-13,
1.0211677988681305e+00,1.9907758587415377e-03,1.0000000000000266e+00,1.6592511344119018e-13,
1.0094182801587177e+00,-2.4231528461657616e-03,1.0000000000000222e+00,2.1221448095755177e-13,
1.0043293957426065e+00,-1.7605347791521254e-03,1.0000000000000129e+00,2.5045568673170255e-13,
1.0020668231820320e+00,-9.1912986164111054e-04,1.0000000000000089e+00,2.7913483189564042e-13,
1.0009576842817087e+00,-4.2809694327277693e-04,1.0000000000000060e+00,2.9704542096910578e-13,
1.0004550545861033e+00,-1.5443016721836131e-04,1.0000000000000000e+00,3.0337166135258291e-13,
1.0034405223478415e+00,7.0318947051740089e-03,1.0000000000002598e+00,5.6705395368148625e-14,
1.0094288022512827e+00,7.0233108977543679e-03,1.0000000000002496e+00,1.1322001673943862e-13,
1.0096160510871091e+00,1.7389373146975248e-03,1.0000000000001117e+00,1.6570279933699080e-13,
1.0078101330087164e+00,-5.3129510096050244e-05,1.0000000000000482e+00,2.1204709109887039e-13,
1.0046225330608849e+00,-5.3822693726016337e-05,1.0000000000000140e+00,2.5036480989342849e-13,
1.0025530645944447e+00,-2.9645415467685071e-05,1.0000000000000073e+00,2.7909062730464321e-13,
1.0012850281885457e+00,-1.4162138078485428e-05,1.0000000000000064e+00,2.9702111305947446e-13,
1.0006372140664304e+00,-5.1555300426426680e-06,1.0000000000000067e+00,3.0335157034853366e-13,

