1
1
1
1
(64 0
((0,0) (16,16) (1,1))
((16,0) (32,16) (1,1))
((32,0) (48,16) (1,1))
((48,0) (64,16) (1,1))
((64,0) (80,16) (1,1))
((80,0) (96,16) (1,1))
((96,0) (112,16) (1,1))
((112,0) (128,16) (1,1))
((0,16) (16,32) (1,1))
((16,16) (32,32) (1,1))
((32,16) (48,32) (1,1))
((48,16) (64,32) (1,1))
((64,16) (80,32) (1,1))
((80,16) (96,32) (1,1))
((96,16) (112,32) (1,1))
((112,16) (128,32) (1,1))
((0,32) (16,48) (1,1))
((16,32) (32,48) (1,1))
((32,32) (48,48) (1,1))
((48,32) (64,48) (1,1))
((64,32) (80,48) (1,1))
((80,32) (96,48) (1,1))
((96,32) (112,48) (1,1))
((112,32) (128,48) (1,1))
((0,48) (16,64) (1,1))
((16,48) (32,64) (1,1))
((32,48) (48,64) (1,1))
((48,48) (64,64) (1,1))
((64,48) (80,64) (1,1))
((80,48) (96,64) (1,1))
((96,48) (112,64) (1,1))
((112,48) (128,64) (1,1))
((0,64) (16,80) (1,1))
((16,64) (32,80) (1,1))
((32,64) (48,80) (1,1))
((48,64) (64,80) (1,1))
((64,64) (80,80) (1,1))
((80,64) (96,80) (1,1))
((96,64) (112,80) (1,1))
((112,64) (128,80) (1,1))
((0,80) (16,96) (1,1))
((16,80) (32,96) (1,1))
((32,80) (48,96) (1,1))
((48,80) (64,96) (1,1))
((64,80) (80,96) (1,1))
((80,80) (96,96) (1,1))
((96,80) (112,96) (1,1))
((112,80) (128,96) (1,1))
((0,96) (16,112) (1,1))
((16,96) (32,112) (1,1))
((32,96) (48,112) (1,1))
((48,96) (64,112) (1,1))
((64,96) (80,112) (1,1))
((80,96) (96,112) (1,1))
((96,96) (112,112) (1,1))
((112,96) (128,112) (1,1))
((0,112) (16,128) (1,1))
((16,112) (32,128) (1,1))
((32,112) (48,128) (1,1))
((48,112) (64,128) (1,1))
((64,112) (80,128) (1,1))
((80,112) (96,128) (1,1))
((96,112) (112,128) (1,1))
((112,112) (128,128) (1,1))
)
64
FabOnDisk: SD_1_Old_MF_D_00000 0
FabOnDisk: SD_1_Old_MF_D_00000 2972
FabOnDisk: SD_1_Old_MF_D_00000 5944
FabOnDisk: SD_1_Old_MF_D_00000 8916
FabOnDisk: SD_1_Old_MF_D_00000 11888
FabOnDisk: SD_1_Old_MF_D_00000 14860
FabOnDisk: SD_1_Old_MF_D_00000 17832
FabOnDisk: SD_1_Old_MF_D_00000 20805
FabOnDisk: SD_1_Old_MF_D_00000 23779
FabOnDisk: SD_1_Old_MF_D_00000 26751
FabOnDisk: SD_1_Old_MF_D_00000 29723
FabOnDisk: SD_1_Old_MF_D_00000 32695
FabOnDisk: SD_1_Old_MF_D_00000 35667
FabOnDisk: SD_1_Old_MF_D_00000 38639
FabOnDisk: SD_1_Old_MF_D_00000 41611
FabOnDisk: SD_1_Old_MF_D_00000 44584
FabOnDisk: SD_1_Old_MF_D_00000 47558
FabOnDisk: SD_1_Old_MF_D_00000 50530
FabOnDisk: SD_1_Old_MF_D_00000 53502
FabOnDisk: SD_1_Old_MF_D_00000 56474
FabOnDisk: SD_1_Old_MF_D_00000 59446
FabOnDisk: SD_1_Old_MF_D_00000 62418
FabOnDisk: SD_1_Old_MF_D_00000 65390
FabOnDisk: SD_1_Old_MF_D_00000 68363
FabOnDisk: SD_1_Old_MF_D_00000 71337
FabOnDisk: SD_1_Old_MF_D_00000 74309
FabOnDisk: SD_1_Old_MF_D_00000 77281
FabOnDisk: SD_1_Old_MF_D_00000 80253
FabOnDisk: SD_1_Old_MF_D_00000 83225
FabOnDisk: SD_1_Old_MF_D_00000 86197
FabOnDisk: SD_1_Old_MF_D_00000 89169
FabOnDisk: SD_1_Old_MF_D_00000 92142
FabOnDisk: SD_1_Old_MF_D_00000 95116
FabOnDisk: SD_1_Old_MF_D_00000 98088
FabOnDisk: SD_1_Old_MF_D_00000 101060
FabOnDisk: SD_1_Old_MF_D_00000 104032
FabOnDisk: SD_1_Old_MF_D_00000 107004
FabOnDisk: SD_1_Old_MF_D_00000 109976
FabOnDisk: SD_1_Old_MF_D_00000 112948
FabOnDisk: SD_1_Old_MF_D_00000 115921
FabOnDisk: SD_1_Old_MF_D_00000 118895
FabOnDisk: SD_1_Old_MF_D_00000 121867
FabOnDisk: SD_1_Old_MF_D_00000 124839
FabOnDisk: SD_1_Old_MF_D_00000 127811
FabOnDisk: SD_1_Old_MF_D_00000 130783
FabOnDisk: SD_1_Old_MF_D_00000 133755
FabOnDisk: SD_1_Old_MF_D_00000 136727
FabOnDisk: SD_1_Old_MF_D_00000 139700
FabOnDisk: SD_1_Old_MF_D_00000 142674
FabOnDisk: SD_1_Old_MF_D_00000 145647
FabOnDisk: SD_1_Old_MF_D_00000 148620
FabOnDisk: SD_1_Old_MF_D_00000 151593
FabOnDisk: SD_1_Old_MF_D_00000 154566
FabOnDisk: SD_1_Old_MF_D_00000 157539
FabOnDisk: SD_1_Old_MF_D_00000 160512
FabOnDisk: SD_1_Old_MF_D_00000 163486
FabOnDisk: SD_1_Old_MF_D_00000 166461
FabOnDisk: SD_1_Old_MF_D_00000 169435
FabOnDisk: SD_1_Old_MF_D_00000 172409
FabOnDisk: SD_1_Old_MF_D_00000 175383
FabOnDisk: SD_1_Old_MF_D_00000 178357
FabOnDisk: SD_1_Old_MF_D_00000 181331
FabOnDisk: SD_1_Old_MF_D_00000 184305
FabOnDisk: SD_1_Old_MF_D_00000 187280

64,1
6.3120603350288228e-03,
1.6132344787066037e-03,
-6.6550085362715211e-04,
-7.8772232524005725e-04,
-6.7096054339189286e-04,
-3.5743924950462793e-04,
-1.8897797179869846e-04,
-7.6606671625397066e-05,
7.2402106304908136e-03,
-4.8194411415121204e-03,
-5.6211125250245266e-03,
-3.6820124112513200e-03,
-1.0193089285100432e-03,
-3.5743924950462793e-04,
-1.6226895832444245e-04,
-6.0212986190903319e-05,
1.0459044863306632e-02,
-4.8638367817980088e-02,
-4.3533227747804180e-02,
-5.1557260381815389e-03,
-1.0103252870324311e-03,
-2.2209519812316578e-04,
-4.6463807889738844e-05,
-9.1720180570941970e-06,
2.3270451394383121e-02,
-1.0885029405693813e+00,
-2.0402239733639752e-01,
-3.3410392811204048e-03,
3.4036246555554266e-04,
1.5997570693398197e-04,
5.9861827315407664e-05,
-8.5135515071193728e-07,
2.3270451394377854e-02,
-1.0885029405693578e+00,
-2.0402239733635577e-01,
-3.3410392811212102e-03,
3.4036246555641187e-04,
1.5997570693386708e-04,
5.9861827315528410e-05,
-8.5135515071193728e-07,
1.0459044863301625e-02,
-4.8638367817990497e-02,
-4.3533227747814228e-02,
-5.1557260381824357e-03,
-1.0103252870296291e-03,
-2.2209519812270060e-04,
-4.6463807890471724e-05,
-9.1720180538442180e-06,
7.2402106304853388e-03,
-4.8194411415195901e-03,
-5.6211125250346279e-03,
-3.6820124112521809e-03,
-1.0193089285069385e-03,
-3.5743924950512997e-04,
-1.6226895831937936e-04,
-6.0212986186363128e-05,
6.3120603350286788e-03,
1.6132344787024014e-03,
-6.6550085362369644e-04,
-7.8772232522838852e-04,
-6.7096054338984870e-04,
-3.5743924950512997e-04,
-1.8897797178957820e-04,
-7.6606671618745771e-05,

64,1
1.0654986415318098e-02,
7.2402106304908136e-03,
2.6348314298295897e-03,
2.8072428926494142e-04,
-3.3780825082080931e-04,
-1.6226895832444245e-04,
-6.0212986190903319e-05,
1.0689121377083994e-06,
2.2133449025799116e-02,
1.0459044863306632e-02,
1.6132344787066037e-03,
-6.6550085362715211e-04,
-2.2209519812316578e-04,
-4.6463807889738844e-05,
-9.1720180570941970e-06,
6.7936277419405490e-07,
6.1516229749485674e-02,
2.3270451394383121e-02,
-3.3410392811204048e-03,
4.5599952909668862e-04,
4.8114579184464518e-04,
3.4036246555554266e-04,
1.5997570693398197e-04,
5.9861827315407664e-05,
2.8624960418550555e-01,
5.9016743685264239e-01,
1.5880754482531850e-01,
1.3830302739879263e-02,
2.6037022924988917e-03,
7.7475745770092528e-04,
2.7846440483244970e-04,
9.4290973110246822e-05,
2.8624960418550555e-01,
5.9016743685264239e-01,
1.5880754482531850e-01,
1.3830302739879263e-02,
2.6037022924988917e-03,
7.7475745770092528e-04,
2.7846440483244970e-04,
9.4290973110246822e-05,
6.1516229749494195e-02,
2.3270451394377854e-02,
-3.3410392811212102e-03,
4.5599952909894430e-04,
4.8114579184710784e-04,
3.4036246555641187e-04,
1.5997570693386708e-04,
5.9861827315528410e-05,
2.2133449025803199e-02,
1.0459044863301625e-02,
1.6132344787024014e-03,
-6.6550085362369644e-04,
-2.2209519812270060e-04,
-4.6463807890471724e-05,
-9.1720180538442180e-06,
6.7936277598109621e-07,
1.0654986415310652e-02,
7.2402106304853388e-03,
2.6348314298268736e-03,
2.8072428926887902e-04,
-3.3780825082442209e-04,
-1.6226895831937936e-04,
-6.0212986186363128e-05,
1.0689121361905858e-06,

