1
1
1
1
(64 0
((0,0) (16,16) (1,1))
((16,0) (32,16) (1,1))
((32,0) (48,16) (1,1))
((48,0) (64,16) (1,1))
((64,0) (80,16) (1,1))
((80,0) (96,16) (1,1))
((96,0) (112,16) (1,1))
((112,0) (128,16) (1,1))
((0,16) (16,32) (1,1))
((16,16) (32,32) (1,1))
((32,16) (48,32) (1,1))
((48,16) (64,32) (1,1))
((64,16) (80,32) (1,1))
((80,16) (96,32) (1,1))
((96,16) (112,32) (1,1))
((112,16) (128,32) (1,1))
((0,32) (16,48) (1,1))
((16,32) (32,48) (1,1))
((32,32) (48,48) (1,1))
((48,32) (64,48) (1,1))
((64,32) (80,48) (1,1))
((80,32) (96,48) (1,1))
((96,32) (112,48) (1,1))
((112,32) (128,48) (1,1))
((0,48) (16,64) (1,1))
((16,48) (32,64) (1,1))
((32,48) (48,64) (1,1))
((48,48) (64,64) (1,1))
((64,48) (80,64) (1,1))
((80,48) (96,64) (1,1))
((96,48) (112,64) (1,1))
((112,48) (128,64) (1,1))
((0,64) (16,80) (1,1))
((16,64) (32,80) (1,1))
((32,64) (48,80) (1,1))
((48,64) (64,80) (1,1))
((64,64) (80,80) (1,1))
((80,64) (96,80) (1,1))
((96,64) (112,80) (1,1))
((112,64) (128,80) (1,1))
((0,80) (16,96) (1,1))
((16,80) (32,96) (1,1))
((32,80) (48,96) (1,1))
((48,80) (64,96) (1,1))
((64,80) (80,96) (1,1))
((80,80) (96,96) (1,1))
((96,80) (112,96) (1,1))
((112,80) (128,96) (1,1))
((0,96) (16,112) (1,1))
((16,96) (32,112) (1,1))
((32,96) (48,112) (1,1))
((48,96) (64,112) (1,1))
((64,96) (80,112) (1,1))
((80,96) (96,112) (1,1))
((96,96) (112,112) (1,1))
((112,96) (128,112) (1,1))
((0,112) (16,128) (1,1))
((16,112) (32,128) (1,1))
((32,112) (48,128) (1,1))
((48,112) (64,128) (1,1))
((64,112) (80,128) (1,1))
((80,112) (96,128) (1,1))
((96,112) (112,128) (1,1))
((112,112) (128,128) (1,1))
)
64
FabOnDisk: SD_1_New_MF_D_00002 0
FabOnDisk: SD_1_New_MF_D_00002 2972
FabOnDisk: SD_1_New_MF_D_00002 5944
FabOnDisk: SD_1_New_MF_D_00002 8916
FabOnDisk: SD_1_New_MF_D_00003 0
FabOnDisk: SD_1_New_MF_D_00003 2972
FabOnDisk: SD_1_New_MF_D_00003 5944
FabOnDisk: SD_1_New_MF_D_00003 8917
FabOnDisk: SD_1_New_MF_D_00002 11888
FabOnDisk: SD_1_New_MF_D_00002 14860
FabOnDisk: SD_1_New_MF_D_00002 17832
FabOnDisk: SD_1_New_MF_D_00002 20804
FabOnDisk: SD_1_New_MF_D_00003 11891
FabOnDisk: SD_1_New_MF_D_00003 14863
FabOnDisk: SD_1_New_MF_D_00003 17835
FabOnDisk: SD_1_New_MF_D_00003 20808
FabOnDisk: SD_1_New_MF_D_00002 23776
FabOnDisk: SD_1_New_MF_D_00002 26748
FabOnDisk: SD_1_New_MF_D_00002 29720
FabOnDisk: SD_1_New_MF_D_00002 32692
FabOnDisk: SD_1_New_MF_D_00003 23782
FabOnDisk: SD_1_New_MF_D_00003 26754
FabOnDisk: SD_1_New_MF_D_00003 29726
FabOnDisk: SD_1_New_MF_D_00003 32699
FabOnDisk: SD_1_New_MF_D_00002 35664
FabOnDisk: SD_1_New_MF_D_00002 38636
FabOnDisk: SD_1_New_MF_D_00002 41608
FabOnDisk: SD_1_New_MF_D_00002 44580
FabOnDisk: SD_1_New_MF_D_00003 35673
FabOnDisk: SD_1_New_MF_D_00003 38645
FabOnDisk: SD_1_New_MF_D_00003 41617
FabOnDisk: SD_1_New_MF_D_00003 44590
FabOnDisk: SD_1_New_MF_D_00000 0
FabOnDisk: SD_1_New_MF_D_00000 2972
FabOnDisk: SD_1_New_MF_D_00000 5944
FabOnDisk: SD_1_New_MF_D_00000 8916
FabOnDisk: SD_1_New_MF_D_00001 0
FabOnDisk: SD_1_New_MF_D_00001 2972
FabOnDisk: SD_1_New_MF_D_00001 5944
FabOnDisk: SD_1_New_MF_D_00001 8917
FabOnDisk: SD_1_New_MF_D_00000 11888
FabOnDisk: SD_1_New_MF_D_00000 14860
FabOnDisk: SD_1_New_MF_D_00000 17832
FabOnDisk: SD_1_New_MF_D_00000 20804
FabOnDisk: SD_1_New_MF_D_00001 11891
FabOnDisk: SD_1_New_MF_D_00001 14863
FabOnDisk: SD_1_New_MF_D_00001 17835
FabOnDisk: SD_1_New_MF_D_00001 20808
FabOnDisk: SD_1_New_MF_D_00000 23776
FabOnDisk: SD_1_New_MF_D_00000 26749
FabOnDisk: SD_1_New_MF_D_00000 29722
FabOnDisk: SD_1_New_MF_D_00000 32695
FabOnDisk: SD_1_New_MF_D_00001 23782
FabOnDisk: SD_1_New_MF_D_00001 26755
FabOnDisk: SD_1_New_MF_D_00001 29728
FabOnDisk: SD_1_New_MF_D_00001 32702
FabOnDisk: SD_1_New_MF_D_00000 35668
FabOnDisk: SD_1_New_MF_D_00000 38642
FabOnDisk: SD_1_New_MF_D_00000 41616
FabOnDisk: SD_1_New_MF_D_00000 44590
FabOnDisk: SD_1_New_MF_D_00001 35677
FabOnDisk: SD_1_New_MF_D_00001 38651
FabOnDisk: SD_1_New_MF_D_00001 41625
FabOnDisk: SD_1_New_MF_D_00001 44600

64,1
6.2424032128914923e-03,
1.5497166504600114e-03,
-7.0840796669765940e-04,
-8.2164438284031398e-04,
-6.9386057364275214e-04,
-3.6829637670379343e-04,
-1.9537628408909023e-04,
-7.9086616381058235e-05,
7.1699027519131816e-03,
-4.9051694888604582e-03,
-5.6954359261116045e-03,
-3.7227954411037569e-03,
-1.0322478453402878e-03,
-3.6829637670379343e-04,
-1.6709584957938923e-04,
-6.2030123481595745e-05,
1.0373841878372505e-02,
-4.8889144661090872e-02,
-4.3781026017317135e-02,
-5.1837878493142314e-03,
-1.0208680036969760e-03,
-2.2439218043107282e-04,
-4.6943848337648719e-05,
-9.2673602479458519e-06,
2.3206023631784686e-02,
-1.0866913693773561e+00,
-2.1118936877653172e-01,
-3.3346509688542119e-03,
3.5110531520183712e-04,
1.6478973935642744e-04,
6.1677064279019186e-05,
-7.3812783489025422e-07,
2.3206023631715197e-02,
-1.0866913693775440e+00,
-2.1118936877632905e-01,
-3.3346509688735679e-03,
3.5110531519173609e-04,
1.6478973935369162e-04,
6.1677064278551543e-05,
-7.3812783489025422e-07,
1.0373841878324979e-02,
-4.8889144661155813e-02,
-4.3781026017366186e-02,
-5.1837878493384950e-03,
-1.0208680037141872e-03,
-2.2439218044480619e-04,
-4.6943848344525245e-05,
-9.2673602515104715e-06,
7.1699027518745545e-03,
-4.9051694889027230e-03,
-5.6954359261471082e-03,
-3.7227954411302522e-03,
-1.0322478453605708e-03,
-3.6829637671927562e-04,
-1.6709584958857085e-04,
-6.2030123486608540e-05,
6.2424032128621399e-03,
1.5497166504222152e-03,
-7.0840796672109844e-04,
-8.2164438286679139e-04,
-6.9386057366677644e-04,
-3.6829637671927562e-04,
-1.9537628410007347e-04,
-7.9086616383110373e-05,

64,1
1.0579454264911789e-02,
7.1699027519131816e-03,
2.5754620557697063e-03,
2.3790744184625044e-04,
-3.5134869544755330e-04,
-1.6709584957938923e-04,
-6.2030123481595745e-05,
9.6038013349649173e-07,
2.2057597784786317e-02,
1.0373841878372505e-02,
1.5497166504600114e-03,
-6.9386057364275214e-04,
-2.2439218043107282e-04,
-4.6943848337648719e-05,
-9.2673602479458519e-06,
6.0099558941981730e-07,
6.1463059502775745e-02,
2.3206023631784686e-02,
-3.3346509688542119e-03,
4.7711246832943266e-04,
5.0014465111342067e-04,
3.5110531520183712e-04,
1.6478973935642744e-04,
6.1677064279019186e-05,
2.8629009602238698e-01,
5.9016618271448251e-01,
1.5975574751205490e-01,
1.4021670969056483e-02,
2.6530125526277671e-03,
7.9291669516348934e-04,
2.8580749466004926e-04,
9.6957921336598811e-05,
2.8629009602238698e-01,
5.9016618271448251e-01,
1.5975574751205490e-01,
1.4021670969056483e-02,
2.6530125526277671e-03,
7.9291669516348934e-04,
2.8580749466004926e-04,
9.6957921336598811e-05,
6.1463059502742806e-02,
2.3206023631715197e-02,
-3.3346509688735679e-03,
4.7711246831855009e-04,
5.0014465110538716e-04,
3.5110531519173609e-04,
1.6478973935369162e-04,
6.1677064278551543e-05,
2.2057597784746686e-02,
1.0373841878324979e-02,
1.5497166504222152e-03,
-6.9386057366677644e-04,
-2.2439218044480619e-04,
-4.6943848344525245e-05,
-9.2673602515104715e-06,
6.0099559056676852e-07,
1.0579454264870352e-02,
7.1699027518745545e-03,
2.5754620557399428e-03,
2.3790744181658406e-04,
-3.5134869546489745e-04,
-1.6709584958857085e-04,
-6.2030123486608540e-05,
9.6038013697089128e-07,

