1
1
1
1
(17 0
((240,72) (248,80) (1,1))
((200,96) (208,120) (1,1))
((224,136) (256,144) (1,1))
((240,144) (256,160) (1,1))
((240,200) (256,216) (1,1))
((168,208) (200,232) (1,1))
((232,208) (240,216) (1,1))
((224,216) (248,232) (1,1))
((248,224) (256,232) (1,1))
((8,224) (16,240) (1,1))
((184,232) (200,240) (1,1))
((224,232) (256,256) (1,1))
((16,240) (64,256) (1,1))
((200,240) (216,248) (1,1))
((0,248) (16,256) (1,1))
((64,248) (160,256) (1,1))
((160,248) (224,256) (1,1))
)
17
FabOnDisk: SD_1_Old_MF_D_00000 0
FabOnDisk: SD_1_Old_MF_D_00000 1054
FabOnDisk: SD_1_Old_MF_D_00003 0
FabOnDisk: SD_1_Old_MF_D_00003 3168
FabOnDisk: SD_1_Old_MF_D_00002 0
FabOnDisk: SD_1_Old_MF_D_00001 0
FabOnDisk: SD_1_Old_MF_D_00002 2976
FabOnDisk: SD_1_Old_MF_D_00002 4032
FabOnDisk: SD_1_Old_MF_D_00002 8224
FabOnDisk: SD_1_Old_MF_D_00000 3517
FabOnDisk: SD_1_Old_MF_D_00001 7648
FabOnDisk: SD_1_Old_MF_D_00002 9280
FabOnDisk: SD_1_Old_MF_D_00000 5274
FabOnDisk: SD_1_Old_MF_D_00002 16928
FabOnDisk: SD_1_Old_MF_D_00000 13112
FabOnDisk: SD_1_Old_MF_D_00003 6144
FabOnDisk: SD_1_Old_MF_D_00001 9408

17,1
-1.5636551570248785e+00,
-8.3647394377162110e-01,
-4.7582258925973449e+00,
-4.3899169164689136e+00,
-7.7571694910849551e+00,
-1.6282306523377290e+00,
-8.1330381886934333e+00,
-6.6086841276463737e+00,
-7.1111902040974071e+00,
1.6837462480953969e+00,
-1.8190959409862135e+00,
-5.7296745173385517e+00,
8.6953280330230820e-01,
-4.0633855404589410e+00,
3.9730664828719684e+00,
-1.2236147918418967e+00,
-3.6862564854643489e+00,

17,1
-8.1838977210826980e-01,
9.7624143202309521e-01,
-1.8611193068326961e+00,
-2.0531597370641106e+00,
-4.7312242835433516e+00,
1.6953215168441332e-01,
-6.1953443117199525e+00,
-3.0958997690640211e+00,
-5.4767240119426575e+00,
3.1356952256986736e+00,
-2.7733980937338487e-01,
-2.3237664170102570e+00,
3.9850820435531702e+00,
2.9010955554796775e-01,
4.9676931347956925e+00,
1.3239319393885463e+00,
4.5751639459226667e-03,

