1
1
9
0
(64 0
((0,0) (15,15) (0,0))
((16,0) (31,15) (0,0))
((32,0) (47,15) (0,0))
((48,0) (63,15) (0,0))
((64,0) (79,15) (0,0))
((80,0) (95,15) (0,0))
((96,0) (111,15) (0,0))
((112,0) (127,15) (0,0))
((0,16) (15,31) (0,0))
((16,16) (31,31) (0,0))
((32,16) (47,31) (0,0))
((48,16) (63,31) (0,0))
((64,16) (79,31) (0,0))
((80,16) (95,31) (0,0))
((96,16) (111,31) (0,0))
((112,16) (127,31) (0,0))
((0,32) (15,47) (0,0))
((16,32) (31,47) (0,0))
((32,32) (47,47) (0,0))
((48,32) (63,47) (0,0))
((64,32) (79,47) (0,0))
((80,32) (95,47) (0,0))
((96,32) (111,47) (0,0))
((112,32) (127,47) (0,0))
((0,48) (15,63) (0,0))
((16,48) (31,63) (0,0))
((32,48) (47,63) (0,0))
((48,48) (63,63) (0,0))
((64,48) (79,63) (0,0))
((80,48) (95,63) (0,0))
((96,48) (111,63) (0,0))
((112,48) (127,63) (0,0))
((0,64) (15,79) (0,0))
((16,64) (31,79) (0,0))
((32,64) (47,79) (0,0))
((48,64) (63,79) (0,0))
((64,64) (79,79) (0,0))
((80,64) (95,79) (0,0))
((96,64) (111,79) (0,0))
((112,64) (127,79) (0,0))
((0,80) (15,95) (0,0))
((16,80) (31,95) (0,0))
((32,80) (47,95) (0,0))
((48,80) (63,95) (0,0))
((64,80) (79,95) (0,0))
((80,80) (95,95) (0,0))
((96,80) (111,95) (0,0))
((112,80) (127,95) (0,0))
((0,96) (15,111) (0,0))
((16,96) (31,111) (0,0))
((32,96) (47,111) (0,0))
((48,96) (63,111) (0,0))
((64,96) (79,111) (0,0))
((80,96) (95,111) (0,0))
((96,96) (111,111) (0,0))
((112,96) (127,111) (0,0))
((0,112) (15,127) (0,0))
((16,112) (31,127) (0,0))
((32,112) (47,127) (0,0))
((48,112) (63,127) (0,0))
((64,112) (79,127) (0,0))
((80,112) (95,127) (0,0))
((96,112) (111,127) (0,0))
((112,112) (127,127) (0,0))
)
64
FabOnDisk: Cell_D_00000 0
FabOnDisk: Cell_D_00000 18514
FabOnDisk: Cell_D_00000 37029
FabOnDisk: Cell_D_00000 55544
FabOnDisk: Cell_D_00000 74059
FabOnDisk: Cell_D_00000 92574
FabOnDisk: Cell_D_00000 111089
FabOnDisk: Cell_D_00000 129605
FabOnDisk: Cell_D_00000 148122
FabOnDisk: Cell_D_00000 166637
FabOnDisk: Cell_D_00000 185153
FabOnDisk: Cell_D_00000 203669
FabOnDisk: Cell_D_00000 222185
FabOnDisk: Cell_D_00000 240701
FabOnDisk: Cell_D_00000 259217
FabOnDisk: Cell_D_00000 277734
FabOnDisk: Cell_D_00000 296252
FabOnDisk: Cell_D_00000 314767
FabOnDisk: Cell_D_00000 333283
FabOnDisk: Cell_D_00000 351799
FabOnDisk: Cell_D_00000 370315
FabOnDisk: Cell_D_00000 388831
FabOnDisk: Cell_D_00000 407347
FabOnDisk: Cell_D_00000 425864
FabOnDisk: Cell_D_00000 444382
FabOnDisk: Cell_D_00000 462897
FabOnDisk: Cell_D_00000 481413
FabOnDisk: Cell_D_00000 499929
FabOnDisk: Cell_D_00000 518445
FabOnDisk: Cell_D_00000 536961
FabOnDisk: Cell_D_00000 555477
FabOnDisk: Cell_D_00000 573994
FabOnDisk: Cell_D_00000 592512
FabOnDisk: Cell_D_00000 611027
FabOnDisk: Cell_D_00000 629543
FabOnDisk: Cell_D_00000 648059
FabOnDisk: Cell_D_00000 666575
FabOnDisk: Cell_D_00000 685091
FabOnDisk: Cell_D_00000 703607
FabOnDisk: Cell_D_00000 722124
FabOnDisk: Cell_D_00000 740642
FabOnDisk: Cell_D_00000 759157
FabOnDisk: Cell_D_00000 777673
FabOnDisk: Cell_D_00000 796189
FabOnDisk: Cell_D_00000 814705
FabOnDisk: Cell_D_00000 833221
FabOnDisk: Cell_D_00000 851737
FabOnDisk: Cell_D_00000 870254
FabOnDisk: Cell_D_00000 888772
FabOnDisk: Cell_D_00000 907288
FabOnDisk: Cell_D_00000 925805
FabOnDisk: Cell_D_00000 944322
FabOnDisk: Cell_D_00000 962839
FabOnDisk: Cell_D_00000 981356
FabOnDisk: Cell_D_00000 999873
FabOnDisk: Cell_D_00000 1018391
FabOnDisk: Cell_D_00000 1036910
FabOnDisk: Cell_D_00000 1055427
FabOnDisk: Cell_D_00000 1073945
FabOnDisk: Cell_D_00000 1092463
FabOnDisk: Cell_D_00000 1110981
FabOnDisk: Cell_D_00000 1129499
FabOnDisk: Cell_D_00000 1148017
FabOnDisk: Cell_D_00000 1166536

64,9
1.0000042268746288e+00,-7.0367251786729304e-03,9.9999999999996458e-01,1.7893689824938227e-15,-5.6474107468098278e-01,5.9824974383490548e-03,1.0196781242436634e-02,6.3504676201522553e-03,1.0000000000000000e+00,
1.0025141586553097e+00,-7.0331651015613081e-03,9.9999999999991129e-01,5.7937053541239573e-14,-5.9907939222397655e-01,-2.2842321774648144e-01,9.1890096514703201e-05,1.7579994401473945e-03,1.0000000000000000e+00,
1.0069660551824231e+00,-1.7551403595872505e-03,9.9999999999991185e-01,1.1359966455659290e-13,-4.0559377091534948e-01,-2.6198104334213923e-01,7.7378277453001021e-07,-6.2500884498023815e-04,1.0000000000000000e+00,
1.0045757207214798e+00,5.3084102678195172e-05,9.9999999999997180e-01,1.6516446742653839e-13,-1.2850277906800417e-01,-1.8499830701885905e-01,1.7965087163664302e-06,-7.8336834245918763e-04,1.0000000000000000e+00,
1.0022355189162011e+00,5.3963175905333260e-05,9.9999999999999645e-01,2.1043796753592764e-13,-1.2133033760969913e-02,-4.7006145421202260e-02,1.2354862295249971e-05,-6.6861224419746147e-04,1.0000000000000000e+00,
1.0010473934435731e+00,2.9733266129930537e-05,9.9999999999997968e-01,2.4763743135445394e-13,1.4203236723175019e-02,-2.2383202183069179e-03,5.3436976675189096e-08,-3.6011347326243360e-04,1.0000000000000000e+00,
1.0004985598111313e+00,1.4211535461312007e-05,9.9999999999993694e-01,2.7528510816153380e-13,7.9894183830734912e-03,1.0667456941319172e-04,6.2605120353239826e-07,-1.9098786351159179e-04,1.0000000000000000e+00,
1.0002680293767212e+00,5.1874281666842362e-06,9.9999999999982014e-01,2.9224075604235107e-13,-1.5353703086203874e-03,-3.1799679566763795e-05,2.4131455813084478e-07,-7.6117456822102014e-05,1.0000000000000000e+00,
1.0000079437266511e+00,-2.1888660210571540e-02,9.9999999999993572e-01,1.7870482190309349e-15,-1.9041283823352273e+00,2.1756917237804041e-01,4.2741350473069811e-01,7.4196426800654941e-03,1.0000000000000000e+00,
1.0042307058891349e+00,-2.1805648453391571e-02,9.9999999999999367e-01,5.8973624180538988e-14,-1.9280642575522857e+00,-1.2747065582428103e+00,6.5185326390340692e-04,-4.3088924213497398e-03,1.0000000000000000e+00,
1.0081777690706646e+00,-2.0144681050120413e-03,1.0000000000000011e+00,1.1437622566168560e-13,-5.2730737701271480e-01,-1.2618629666402432e+00,3.9156209224663896e-06,-5.3497065030262171e-03,1.0000000000000000e+00,
1.0027180184264302e+00,2.4237040702573495e-03,1.0000000000000038e+00,1.6567612805840809e-13,-5.1962435070044083e-02,-3.5285836831005235e-01,2.0785894808694749e-04,-3.4975166140275267e-03,1.0000000000000000e+00,
1.0006359210217999e+00,1.7653557231804616e-03,1.0000000000000027e+00,2.1075787420598710e-13,2.8095989030812406e-02,-4.8518131228961654e-02,2.2562769038531050e-06,-9.9038485818971587e-04,1.0000000000000000e+00,
1.0001531072356047e+00,9.2190573786856474e-04,1.0000000000000016e+00,2.4782954553724893e-13,8.2208456804130497e-03,1.2327185511295802e-03,2.9319366622038157e-07,-3.5962171042747517e-04,1.0000000000000000e+00,
1.0000412747916274e+00,4.2959865554000428e-04,1.0000000000000009e+00,2.7539752876678997e-13,1.9493168316378989e-03,3.7267044822281662e-03,2.4732448367179721e-05,-1.6065155908753161e-04,1.0000000000000000e+00,
1.0000137080613298e+00,1.5538599510246255e-04,1.0000000000000000e+00,2.9230722825269652e-13,-9.2859947288256948e-04,-3.7389814513961138e-05,6.9060484392778620e-08,-5.8553121257388116e-05,1.0000000000000000e+00,
1.0000266993593856e+00,-7.1443563917558114e-02,9.9999999999993616e-01,1.7613385394346960e-15,-9.4610443973501024e+00,5.9102514590069277e-01,1.6004833315327232e+00,1.1179752317025213e-02,1.0000000000000000e+00,
1.0131089038887648e+00,-7.1414557668317891e-02,9.9999999999997380e-01,5.8659405928349625e-14,-1.1614599462236281e+01,-1.1587500179820429e+01,1.6365404521434535e-03,-4.5143441281440294e-02,1.0000000000000000e+00,
1.0001055924574693e+00,9.3399870744810055e-05,9.9999999999998668e-01,1.1460517844299056e-13,-4.8285328704627678e-01,-7.7919553148121778e+00,2.3130125274828384e-05,-3.9765786444832051e-02,1.0000000000000000e+00,
9.9569105377122002e-01,6.3976364145172278e-03,9.9999999999999134e-01,1.6595264820349947e-13,4.7337956336289094e-02,-3.3294678553533547e-01,4.2393930102524457e-06,-4.8764828906330757e-03,1.0000000000000000e+00,
9.9616008493665531e-01,2.9028854670043887e-03,9.9999999999999734e-01,2.1093798292677220e-13,-2.0347827235721601e-02,2.8887456742795109e-02,2.9290241371215942e-06,-9.6725274719381955e-04,1.0000000000000000e+00,
9.9798858622476161e-01,1.1580008912865684e-03,9.9999999999999811e-01,2.4792483094486893e-13,-2.0268349267074513e-02,1.8798125834191756e-02,9.0033451896273653e-05,-2.0271844406616395e-04,1.0000000000000000e+00,
9.9905046236439854e-01,4.7874151652821379e-04,1.0000000000000000e+00,2.7544723083156931e-13,-1.2795407251805578e-02,6.7425753531736177e-03,6.5878733440313808e-05,-3.9162238444882839e-05,1.0000000000000000e+00,
9.9954596549352615e-01,1.6603895866343558e-04,9.9999999999999833e-01,2.9233588181616215e-13,-7.3037040096247778e-03,-3.3296733488514732e-05,7.0552817923834332e-06,-6.7122269212428812e-06,1.0000000000000000e+00,
8.3461828543347027e-01,-1.4116935732921557e-01,9.9999999999961153e-01,-1.7069131356862700e-12,-1.5908883621030810e+01,5.2280084736267685e-01,3.8971047645763424e-01,2.7798714678868700e-02,1.0000000000000000e+00,
-8.0973241035309540e-01,-6.5813139206698401e-01,0.0000000000000000e+00,-1.5598317163635916e-12,-6.3465806361092552e+02,-4.2863809544531966e+02,0.0000000000000000e+00,-9.9888605316369072e-01,0.0000000000000000e+00,
1.1842192252878272e-01,2.3874718415363982e-03,9.9999999999982914e-01,7.0681059346905559e-14,-3.9225370901277799e+01,-1.9605008409609404e+01,3.9334501801269184e-04,-1.4452845185400567e-01,1.0000000000000000e+00,
9.6135549269505416e-01,3.7871490834201461e-04,9.9999999999998024e-01,1.6652657294178777e-13,-2.6549783712142361e+00,2.1247183122387846e-02,4.3168253851481181e-04,-2.6321993554003879e-03,1.0000000000000000e+00,
9.9011648964676868e-01,1.1124744889612128e-04,9.9999999999999445e-01,2.1118766772713758e-13,-3.4469265893411699e-01,3.5944018113430020e-03,4.7262607662246214e-05,3.8112203722716678e-04,1.0000000000000000e+00,
9.9639657352111055e-01,4.1390366957272588e-05,9.9999999999999778e-01,2.4803581444619006e-13,-8.2364818304293208e-02,9.0449719780083234e-04,9.1143512466744948e-06,1.7587193249399012e-04,1.0000000000000000e+00,
9.9849689989875290e-01,1.6628240827341475e-05,1.0000000000000000e+00,2.7549880605016823e-13,-2.7495456963452108e-02,2.5526953733394071e-04,2.6051440300562528e-06,6.6146777869252897e-05,1.0000000000000000e+00,
9.9931700529911471e-01,5.7109093231002530e-06,9.9999999999999933e-01,2.9236378103884376e-13,-1.2352248763773398e-02,-1.3844763165514248e-05,4.7899304879731822e-07,-3.6895282192658823e-07,1.0000000000000000e+00,
8.3461828543347161e-01,1.6290721802541457e-04,9.9999999999944345e-01,-1.8231308862969702e-12,-1.5908883621034095e+01,-4.8232555898145172e+01,3.8971047645713064e-01,2.7798714678860081e-02,1.0000000000000000e+00,
-8.0973241035301946e-01,-7.8206728748842791e-01,0.0000000000000000e+00,-1.6444487426750368e-12,-6.3465806361094121e+02,-5.2977576282854989e+02,0.0000000000000000e+00,-9.9888605316368273e-01,0.0000000000000000e+00,
1.1842192252878922e-01,-5.8691337925021281e-01,9.9999999999994260e-01,6.7202212409697650e-14,-3.9225370901281188e+01,-1.7694903550137587e+02,3.9334502248133951e-04,-1.4452845185399532e-01,1.0000000000000000e+00,
9.6135549269505705e-01,-2.7495709998251874e-02,9.9999999999999012e-01,1.6652679892782766e-13,-2.6549783712145052e+00,-2.2507991448335196e+00,4.3168253946609079e-04,-2.6321993554052204e-03,1.0000000000000000e+00,
9.9011648964676791e-01,-7.5092425913929877e-03,9.9999999999999434e-01,2.1118770049946077e-13,-3.4469265893521334e-01,-2.8701879429736271e-01,4.7262607763727538e-05,3.8112203722673088e-04,1.0000000000000000e+00,
9.9639657352111133e-01,-2.6361473850573655e-03,9.9999999999999722e-01,2.4803583593251843e-13,-8.2364818305670537e-02,-6.7048109398412992e-02,9.1143499809226685e-06,1.7587193249452045e-04,1.0000000000000000e+00,
9.9849689989875234e-01,-1.0491084393617954e-03,9.9999999999999978e-01,2.7549911846931439e-13,-2.7495456963641411e-02,-1.9907910428842660e-02,2.6051445622721258e-06,6.6146777869973498e-05,1.0000000000000000e+00,
9.9931700529911516e-01,-4.3184406469949394e-04,9.9999999999999922e-01,2.9236293823516435e-13,-1.2352248763523315e-02,-5.9671344553613786e-03,4.7899336615684664e-07,-3.6895282173091028e-07,1.0000000000000000e+00,
1.0000266993593854e+00,6.6780997930516626e-04,9.9999999999943789e-01,1.7612417792182371e-15,-9.4610443973553640e+00,-6.5586170884306858e+00,1.6004833315333442e+00,1.1179752317015774e-02,1.0000000000000000e+00,
1.0131089038887680e+00,-2.8098068431767674e-02,1.0000000000000056e+00,5.8661078068333499e-14,-1.1614599462240786e+01,-2.8302601591525405e+00,1.6365404506529790e-03,-4.5143441281455587e-02,1.0000000000000000e+00,
1.0001055924574733e+00,-4.3588023165976243e-02,9.9999999999999123e-01,1.1460518821591096e-13,-4.8285328704597669e-01,-9.2170788600634790e-01,2.3130124970904831e-05,-3.9765786444845595e-02,1.0000000000000000e+00,
9.9569105377122391e-01,-2.4770563940384637e-02,9.9999999999999756e-01,1.6595305990456396e-13,4.7337956336340012e-02,-9.0439668464742562e-01,4.2393938998186442e-06,-4.8764828906381254e-03,1.0000000000000000e+00,
9.9616008493665942e-01,-7.8129850600406007e-03,1.0000000000000013e+00,2.1093751200661931e-13,-2.0347827233835353e-02,-2.6418153830662461e-01,2.9290223385602943e-06,-9.6725274719200796e-04,1.0000000000000000e+00,
9.9798858622476383e-01,-3.1288781178446272e-03,1.0000000000000007e+00,2.4792581904740727e-13,-2.0268349265828111e-02,-6.7591412737059403e-02,9.0033450712324881e-05,-2.0271844406704882e-04,1.0000000000000000e+00,
9.9905046236439821e-01,-1.3715589813752742e-03,9.9999999999999989e-01,2.7544704240563558e-13,-1.2795407251162558e-02,-2.1669501556024616e-02,6.5878734310798048e-05,-3.9162238443322970e-05,1.0000000000000000e+00,
9.9954596549352548e-01,-5.9456207275149426e-04,9.9999999999999833e-01,2.9233608949493159e-13,-7.3037040111222119e-03,-7.0626192378052538e-03,7.0552811859241060e-06,-6.7122269200804716e-06,1.0000000000000000e+00,
1.0000079437266507e+00,1.7756201208329555e-04,9.9999999999955724e-01,1.7869254749403243e-15,-1.9041283823368214e+00,-1.9737805827475894e+00,4.2741350473167167e-01,7.4196426800476655e-03,1.0000000000000000e+00,
1.0042307058891442e+00,1.6639100992729701e-03,1.0000000000000122e+00,5.8975203407828937e-14,-1.9280642575543538e+00,-3.8509921218888366e-01,6.5185326710986979e-04,-4.3088924213592374e-03,1.0000000000000000e+00,
1.0081777690706746e+00,-8.8299446191489103e-03,1.0000000000000056e+00,1.1437620391127851e-13,-5.2730737700948627e-01,2.0994383673350003e-01,3.9156186692340667e-06,-5.3497065030369629e-03,1.0000000000000000e+00,
1.0027180184264326e+00,-8.8342934648203836e-03,1.0000000000000071e+00,1.6567649116985436e-13,-5.1962435068421658e-02,-1.1241778613648556e-02,2.0785895118238806e-04,-3.4975166140304185e-03,1.0000000000000000e+00,
1.0006359210218028e+00,-5.9235890679146417e-03,1.0000000000000056e+00,2.1075825715770633e-13,2.8095989033846819e-02,-3.6913296248100080e-02,2.2562811084758660e-06,-9.9038485818831075e-04,1.0000000000000000e+00,
1.0001531072356065e+00,-2.9288544633364992e-03,1.0000000000000033e+00,2.4782962808809565e-13,8.2208456789064199e-03,-3.3100939111408989e-02,2.9319504411123853e-07,-3.5962171042995035e-04,1.0000000000000000e+00,
1.0000412747916263e+00,-1.3493106568196992e-03,1.0000000000000000e+00,2.7539815348449375e-13,1.9493168311898617e-03,-1.7188110875009606e-02,2.4732448181217365e-05,-1.6065155908460770e-04,1.0000000000000000e+00,
1.0000137080613296e+00,-5.9161493007279760e-04,9.9999999999999534e-01,2.9230811754449434e-13,-9.2859947241881371e-04,-6.4976674672939704e-03,6.9061352513458130e-08,-5.8553121254267240e-05,1.0000000000000000e+00,
1.0000042268746292e+00,4.2263095150198642e-06,9.9999999999869860e-01,1.7891578471981933e-15,-5.6474107467755152e-01,-5.1691994590573820e-01,1.0196781242822969e-02,6.3504676201401218e-03,1.0000000000000000e+00,
1.0025141586552371e+00,7.3612953311378337e-05,9.9999999999871836e-01,5.8684374592343692e-14,-5.9907939222376494e-01,-1.6839410622655690e-01,9.1890127301664723e-05,1.7579994401383807e-03,1.0000000000000000e+00,
1.0069660551823543e+00,-2.0758609186572038e-03,9.9999999999948064e-01,1.1411786949366264e-13,-4.0559377091409604e-01,5.3791629268360591e-03,7.7376963009655186e-07,-6.2500884498056905e-04,1.0000000000000000e+00,
1.0045757207214823e+00,-2.6748021077194180e-03,9.9999999999982703e-01,1.6547814941375380e-13,-1.2850277906665611e-01,2.1179200749651787e-03,1.7965075535596002e-06,-7.8336834245112594e-04,1.0000000000000000e+00,
1.0022355189162022e+00,-2.5120592645065908e-03,9.9999999999994771e-01,2.1062598902179547e-13,-1.2133033760988468e-02,2.4833237906463773e-04,1.2354862259319511e-05,-6.6861224419706379e-04,1.0000000000000000e+00,
1.0010473934435713e+00,-1.6028840458797669e-03,9.9999999999994293e-01,2.4775022420486951e-13,1.4203236727069548e-02,-6.2092955026547998e-03,5.3436547634705400e-08,-3.6011347326545960e-04,1.0000000000000000e+00,
1.0004985598111273e+00,-8.3502203992128149e-04,9.9999999999994282e-01,2.7535344488562028e-13,7.9894183815591036e-03,-6.1264866322534644e-03,6.2604804130497391e-07,-1.9098786350330875e-04,1.0000000000000000e+00,
1.0002680293767154e+00,-3.8726218210203655e-04,9.9999999999994482e-01,2.9228181861306938e-13,-1.5353703067326413e-03,-3.2606972924380151e-03,2.4131443038472380e-07,-7.6117456818580661e-05,1.0000000000000000e+00,

64,9
1.0034240701172688e+00,-4.2263095145126033e-06,1.0000000000000495e+00,5.6937293393545032e-14,-1.3292086459245483e-02,5.1691994590249557e-01,2.3776740549507460e+00,1.0410322715044574e-02,1.0000000000000000e+00,
1.0094415098060465e+00,-7.3612953310824513e-05,1.0000000000000224e+00,1.1216685921483412e-13,-3.3708783690214011e-01,1.6839410622670400e-01,2.8560904418582012e-01,6.9313296331211128e-03,1.0000000000000000e+00,
1.0096329238935247e+00,2.0758609186636067e-03,1.0000000000000242e+00,1.6328407816890436e-13,-7.6683564218059302e-02,-5.3791629267010976e-03,2.8294417434811432e-03,2.4717199412079990e-03,1.0000000000000000e+00,
1.0078298969396866e+00,2.6748021077194202e-03,1.0000000000000098e+00,2.0853206795367705e-13,2.9787694553993348e-02,-2.1179200752317190e-03,2.7830828081214232e-03,1.9598848826774597e-04,1.0000000000000000e+00,
1.0046345739263678e+00,2.5120592645080978e-03,1.0000000000000142e+00,2.4600143622782276e-13,3.3040413370920688e-02,-2.4833237904616293e-04,6.5584241094977791e-04,-3.5614659807788095e-04,1.0000000000000000e+00,
1.0025602773515798e+00,1.6028840458816671e-03,1.0000000000000044e+00,2.7411343330544021e-13,2.5971615619725094e-02,6.2092955033132930e-03,3.3619036952594228e-04,-1.7356572137562437e-04,1.0000000000000000e+00,
1.0012886903982128e+00,8.3502203992253136e-04,1.0000000000000095e+00,2.9166224494283637e-13,1.4083975189499253e-02,6.1264866341003187e-03,2.4203907828391331e-04,-6.5580918424718065e-05,1.0000000000000000e+00,
1.0006388151202588e+00,3.8726218210182167e-04,1.0000000000000315e+00,2.9784515166444972e-13,9.3977423886890624e-03,3.2606972927739005e-03,3.7255261530046461e-03,4.7980322144387171e-07,1.0000000000000000e+00,
1.0106340572527239e+00,-1.7756201208290242e-04,1.0000000000001095e+00,5.5429229563146738e-14,-2.5147158048652307e-02,1.9737805827476791e+00,7.1178929415708287e+00,2.1415240543201017e-02,1.0000000000000000e+00,
1.0220151578522194e+00,-1.6639100992708871e-03,1.0000000000000078e+00,1.1120563216144184e-13,-4.4457504512133739e-01,3.8509921218839033e-01,1.0840937014826886e+00,9.6319921062252602e-03,1.0000000000000000e+00,
1.0212249520872509e+00,8.8299446191477653e-03,1.0000000000000120e+00,1.6288764544298305e-13,3.6243938243942220e-01,-2.0994383673452413e-01,1.4424291211811990e-02,1.3381765379959936e-03,1.0000000000000000e+00,
1.0094541518550681e+00,8.8342934648192734e-03,1.0000000000000075e+00,2.0832861833016925e-13,3.5178058546671331e-01,1.1241778613830231e-02,1.2553849724990934e-02,-7.2099693932210036e-04,1.0000000000000000e+00,
1.0043420893147390e+00,5.9235890679144032e-03,1.0000000000000062e+00,2.4586987860183446e-13,1.3995118472810980e-01,3.6913296248607771e-02,1.1597235249460880e-03,-2.4642230856567479e-04,1.0000000000000000e+00,
1.0020730523991466e+00,2.9288544633355603e-03,1.0000000000000058e+00,2.7402461487353364e-13,3.5355908677650968e-02,3.3100939112478668e-02,1.6564725963223725e-04,-5.5019708198449018e-05,1.0000000000000000e+00,
1.0009605106538868e+00,1.3493106568182793e-03,1.0000000000000060e+00,2.9160642142076279e-13,1.3876298876215956e-02,1.7188110875880139e-02,1.1843923382274385e-04,-1.1985465679480904e-05,1.0000000000000000e+00,
1.0004562234668215e+00,5.9161493007218416e-04,1.0000000000000102e+00,2.9781726492459186e-13,7.5204603436005019e-03,6.4976674687610937e-03,5.6021193439761453e-03,2.9018733527580303e-07,1.0000000000000000e+00,
1.0327379871746016e+00,-6.6780997930493023e-04,1.0000000000001077e+00,5.5410506893447968e-14,-8.4964116736920003e-02,6.5586170884300481e+00,1.4656105559837323e+01,5.9526033757778582e-02,1.0000000000000000e+00,
1.0846530683415010e+00,2.8098068431767338e-02,1.0000000000000102e+00,1.1197490832032542e-13,3.5249653626007724e+00,2.8302601591549874e+00,1.9849844759565138e+00,1.8926192511788439e-02,1.0000000000000000e+00,
1.0627443211454672e+00,4.3588023165973037e-02,1.0000000000000144e+00,1.6346705693277194e-13,5.5501487540135113e+00,9.2170788600509512e-01,2.3680095965707415e-01,-3.9653438606424823e-03,1.0000000000000000e+00,
1.0094343721728902e+00,2.4770563940382753e-02,1.0000000000000058e+00,2.0859187366483714e-13,1.1758209266091786e+00,9.0439668464672363e-01,1.2904843714087177e-02,3.7619291945486941e-04,1.0000000000000000e+00,
1.0022441756148781e+00,7.8129850600393638e-03,1.0000000000000044e+00,2.4598632859791547e-13,1.5533078729422592e-01,2.6418153830719060e-01,3.8938756836907895e-03,4.3777909506598060e-04,1.0000000000000000e+00,
1.0004405407805532e+00,3.1288781178431145e-03,1.0000000000000033e+00,2.7407991133668591e-13,3.2568193319381017e-02,6.7591412735900788e-02,7.5285967756771877e-04,3.2281852457260042e-04,1.0000000000000000e+00,
1.0000730002425267e+00,1.3715589813742672e-03,1.0000000000000024e+00,2.9163565181937121e-13,6.5971284642802608e-03,2.1669501556391815e-02,1.9295306120555022e-04,1.5416935262999539e-04,1.0000000000000000e+00,
1.0000058984603892e+00,5.9456207275070637e-04,1.0000000000000020e+00,2.9783945296475245e-13,1.2703255792347675e-03,7.0626192382944571e-03,5.6173745341224577e-03,5.7375955394510248e-05,1.0000000000000000e+00,
1.0342015324104021e+00,-1.6290721802591994e-04,1.0000000000001594e+00,5.6778795611113152e-14,5.7025053785418997e+01,4.8232555898140518e+01,1.5137184260898067e+01,2.6473638811867334e-01,1.0000000000000000e+00,
1.4603741201003932e+00,7.8206728748844134e-01,1.0000000000001557e+00,1.3625480307785078e-12,7.1816553775459363e+02,5.2977576282842608e+02,2.5051616280471753e+03,5.0393232115997877e-01,1.0000000000000000e+00,
1.1043607301186873e+00,5.8691337925021214e-01,1.0000000000001308e+00,1.6574109007358553e-13,2.8750177821671696e+02,1.7694903550140324e+02,1.9264317441298158e+02,1.4430004307627095e-01,1.0000000000000000e+00,
9.9710265475096427e-01,2.7495709998249667e-02,1.0000000000000042e+00,2.0874730136361474e-13,1.1214064479163950e+00,2.2507991448327944e+00,1.7493307357155721e-01,1.3110169155476503e-02,1.0000000000000000e+00,
9.9772189122897426e-01,7.5092425913907412e-03,1.0000000000000011e+00,2.4604468926141791e-13,8.7758131808775425e-03,2.8701879429800098e-01,5.4554164492424950e-03,2.5390869002704800e-03,1.0000000000000000e+00,
9.9894157348428991e-01,2.6361473850553081e-03,1.0000000000000000e+00,2.7410562128083782e-13,-1.4839347309269287e-02,6.7048109398791036e-02,7.6980782263910696e-04,7.6610828058391856e-04,1.0000000000000000e+00,
9.9949906835304492e-01,1.0491084393602266e-03,1.0000000000000000e+00,2.9164895853906394e-13,-8.0753126416370988e-03,1.9907910428549828e-02,1.8777960361145846e-04,2.7694364881204866e-04,1.0000000000000000e+00,
9.9973151729525400e-01,4.3184406469767888e-04,1.0000000000000011e+00,2.9784925310486470e-13,1.1806490301650820e-03,5.9671344549315688e-03,4.0186495805880724e-03,9.3021542919305747e-05,1.0000000000000000e+00,
1.0342015324104068e+00,1.4116935732922947e-01,1.0000000000002176e+00,5.7018783379114514e-14,5.7025053785417001e+01,-5.2280084735949195e-01,1.5137184260898239e+01,2.6473638811867356e-01,1.0000000000000000e+00,
1.4603741201003924e+00,6.5813139206697513e-01,1.0000000000002167e+00,1.4109291263362212e-12,7.1816553775451382e+02,4.2863809544533012e+02,2.5051616280472217e+03,5.0393232115998832e-01,1.0000000000000000e+00,
1.1043607301186900e+00,-2.3874718415412412e-03,1.0000000000001301e+00,1.6900932861891866e-13,2.8750177821670013e+02,1.9605008409606768e+01,1.9264317441298056e+02,1.4430004307627470e-01,1.0000000000000000e+00,
9.9710265475097137e-01,-3.7871490834678662e-04,1.0000000000000033e+00,2.0874823335262883e-13,1.1214064479180861e+00,-2.1247183121768636e-02,1.7493307357115614e-01,1.3110169155475923e-02,1.0000000000000000e+00,
9.9772189122897714e-01,-1.1124744889879840e-04,1.0000000000000033e+00,2.4604449749445857e-13,8.7758131810616313e-03,-3.5944018104796735e-03,5.4554164480691281e-03,2.5390869002704002e-03,1.0000000000000000e+00,
9.9894157348429158e-01,-4.1390366959860958e-05,1.0000000000000027e+00,2.7410551964841788e-13,-1.4839347307170205e-02,-9.0449719851240507e-04,7.6980782080654508e-04,7.6610828058379181e-04,1.0000000000000000e+00,
9.9949906835304558e-01,-1.6628240828881482e-05,1.0000000000000000e+00,2.9164903149228033e-13,-8.0753126403434045e-03,-2.5526953658913990e-04,1.8777960393533133e-04,2.7694364881205392e-04,1.0000000000000000e+00,
9.9973151729525456e-01,-5.7109093233395940e-06,1.0000000000000007e+00,2.9784935284315327e-13,1.1806490295389136e-03,1.3844763707521171e-05,4.0186495799929105e-03,9.3021542919344453e-05,1.0000000000000000e+00,
1.0327379871746067e+00,7.1443563917565026e-02,1.0000000000001839e+00,5.5409759703202873e-14,-8.4964116729148442e-02,-5.9102514590087396e-01,1.4656105559838750e+01,5.9526033757785528e-02,1.0000000000000000e+00,
1.0846530683415077e+00,7.1414557668324233e-02,1.0000000000000551e+00,1.1197821216909544e-13,3.5249653626014776e+00,1.1587500179820774e+01,1.9849844759541102e+00,1.8926192511777136e-02,1.0000000000000000e+00,
1.0627443211454757e+00,-9.3399870742772093e-05,1.0000000000000282e+00,1.6346664469011835e-13,5.5501487540146375e+00,7.7919553148135048e+00,2.3680095966164272e-01,-3.9653438606458372e-03,1.0000000000000000e+00,
1.0094343721728951e+00,-6.3976364145173475e-03,1.0000000000000075e+00,2.0859165177364948e-13,1.1758209266117743e+00,3.3294678553597257e-01,1.2904843712163716e-02,3.7619291945405501e-04,1.0000000000000000e+00,
1.0022441756148810e+00,-2.9028854670063459e-03,1.0000000000000073e+00,2.4598684803790047e-13,1.5533078729591704e-01,-2.8887456740934486e-02,3.8938756843687194e-03,4.3777909506359080e-04,1.0000000000000000e+00,
1.0004405407805539e+00,-1.1580008912881166e-03,1.0000000000000056e+00,2.7407945650825011e-13,3.2568193320272373e-02,-1.8798125834542392e-02,7.5285967748132954e-04,3.2281852457341823e-04,1.0000000000000000e+00,
1.0000730002425284e+00,-4.7874151653014708e-04,1.0000000000000044e+00,2.9163626248778022e-13,6.5971284632804338e-03,-6.7425753538512493e-03,1.9295306042006743e-04,1.5416935263091498e-04,1.0000000000000000e+00,
1.0000058984603881e+00,-1.6603895866389572e-04,1.0000000000000004e+00,2.9783960316442587e-13,1.2703255820375732e-03,3.3296733525996225e-05,5.6173745343051024e-03,5.7375955394964651e-05,1.0000000000000000e+00,
1.0106340572527290e+00,2.1888660210571467e-02,1.0000000000001146e+00,5.5428885750011155e-14,-2.5147158046003038e-02,-2.1756917237968007e-01,7.1178929415703944e+00,2.1415240543198700e-02,1.0000000000000000e+00,
1.0220151578522239e+00,2.1805648453391179e-02,1.0000000000000371e+00,1.1120553800625219e-13,-4.4457504511850465e-01,1.2747065582429564e+00,1.0840937014798324e+00,9.6319921062158059e-03,1.0000000000000000e+00,
1.0212249520872605e+00,2.0144681050139183e-03,1.0000000000000238e+00,1.6288718167668299e-13,3.6243938244256946e-01,1.2618629666397099e+00,1.4424291211449780e-02,1.3381765379883778e-03,1.0000000000000000e+00,
1.0094541518550726e+00,-2.4237040702519345e-03,1.0000000000000211e+00,2.0832951031613923e-13,3.5178058546557550e-01,3.5285836831060252e-01,1.2553849723490051e-02,-7.2099693932270361e-04,1.0000000000000000e+00,
1.0043420893147419e+00,-1.7653557231792610e-03,1.0000000000000124e+00,2.4586925285145122e-13,1.3995118472813839e-01,4.8518131229791317e-02,1.1597235259720035e-03,-2.4642230856647981e-04,1.0000000000000000e+00,
1.0020730523991461e+00,-9.2190573786752315e-04,1.0000000000000084e+00,2.7402537228446142e-13,3.5355908678810180e-02,-1.2327185523328330e-03,1.6564725586545870e-04,-5.5019708196433737e-05,1.0000000000000000e+00,
1.0009605106538861e+00,-4.2959865554011839e-04,1.0000000000000058e+00,2.9160626938277088e-13,1.3876298877783201e-02,-3.7267044820375717e-03,1.1843923450795962e-04,-1.1985465678394822e-05,1.0000000000000000e+00,
1.0004562234668173e+00,-1.5538599510181995e-04,1.0000000000000000e+00,2.9781791852447080e-13,7.5204603435312899e-03,3.7389815561645728e-05,5.6021193440362752e-03,2.9018733513087961e-07,1.0000000000000000e+00,
1.0034240701172767e+00,7.0367251786611507e-03,1.0000000000002418e+00,5.5563455166518246e-14,-1.3292086457402513e-02,-5.9824974377870044e-03,2.3776740549484332e+00,1.0410322715031905e-02,1.0000000000000000e+00,
1.0094415098060554e+00,7.0331651015502379e-03,1.0000000000002345e+00,1.1106960332473217e-13,-3.3708783689579280e-01,2.2842321774645818e-01,2.8560904418557176e-01,6.9313296331038176e-03,1.0000000000000000e+00,
1.0096329238935362e+00,1.7551403595916571e-03,1.0000000000001055e+00,1.6262173614932423e-13,-7.6683564216577932e-02,2.6198104334396383e-01,2.8294417390314908e-03,2.4717199412063753e-03,1.0000000000000000e+00,
1.0078298969396966e+00,-5.3084102676638075e-05,1.0000000000000444e+00,2.0814982333841427e-13,2.9787694553126416e-02,1.8499830701668310e-01,2.7830828110333300e-03,1.9598848826899942e-04,1.0000000000000000e+00,
1.0046345739263571e+00,-5.3963175905510025e-05,1.0000000000000135e+00,2.4577185845162009e-13,3.3040413371115802e-02,4.7006145421312567e-02,6.5584240989090270e-04,-3.5614659807733896e-04,1.0000000000000000e+00,
1.0025602773515732e+00,-2.9733266129995419e-05,1.0000000000000078e+00,2.7397415302309035e-13,2.5971615618685901e-02,2.2383202185863489e-03,3.3619035640636958e-04,-1.7356572137092337e-04,1.0000000000000000e+00,
1.0012886903982163e+00,-1.4211535460982215e-05,1.0000000000000062e+00,2.9157868671125315e-13,1.4083975187676586e-02,-1.0667456870463849e-04,2.4203908829229740e-04,-6.5580918420781896e-05,1.0000000000000000e+00,
1.0006388151202621e+00,-5.1874281647562443e-06,1.0000000000000060e+00,2.9779623760607582e-13,9.3977423894045266e-03,3.1799679262612546e-05,3.7255261530208658e-03,4.7980322085395075e-07,1.0000000000000000e+00,

