1
1
2
4
(64 0
((0,64) (15,79) (0,0))
((16,64) (31,79) (0,0))
((32,64) (47,79) (0,0))
((48,64) (63,79) (0,0))
((64,64) (79,79) (0,0))
((80,64) (95,79) (0,0))
((96,64) (111,79) (0,0))
((112,64) (127,79) (0,0))
((0,80) (15,95) (0,0))
((16,80) (31,95) (0,0))
((32,80) (47,95) (0,0))
((48,80) (63,95) (0,0))
((64,80) (79,95) (0,0))
((80,80) (95,95) (0,0))
((96,80) (111,95) (0,0))
((112,80) (127,95) (0,0))
((0,96) (15,111) (0,0))
((16,96) (31,111) (0,0))
((32,96) (47,111) (0,0))
((48,96) (63,111) (0,0))
((64,96) (79,111) (0,0))
((80,96) (95,111) (0,0))
((96,96) (111,111) (0,0))
((112,96) (127,111) (0,0))
((0,112) (15,127) (0,0))
((16,112) (31,127) (0,0))
((32,112) (47,127) (0,0))
((48,112) (63,127) (0,0))
((64,112) (79,127) (0,0))
((80,112) (95,127) (0,0))
((96,112) (111,127) (0,0))
((112,112) (127,127) (0,0))
((0,128) (15,143) (0,0))
((16,128) (31,143) (0,0))
((32,128) (47,143) (0,0))
((48,128) (63,143) (0,0))
((64,128) (79,143) (0,0))
((80,128) (95,143) (0,0))
((96,128) (111,143) (0,0))
((112,128) (127,143) (0,0))
((0,144) (15,159) (0,0))
((16,144) (31,159) (0,0))
((32,144) (47,159) (0,0))
((48,144) (63,159) (0,0))
((64,144) (79,159) (0,0))
((80,144) (95,159) (0,0))
((96,144) (111,159) (0,0))
((112,144) (127,159) (0,0))
((0,160) (15,175) (0,0))
((16,160) (31,175) (0,0))
((32,160) (47,175) (0,0))
((48,160) (63,175) (0,0))
((64,160) (79,175) (0,0))
((80,160) (95,175) (0,0))
((96,160) (111,175) (0,0))
((112,160) (127,175) (0,0))
((0,176) (15,191) (0,0))
((16,176) (31,191) (0,0))
((32,176) (47,191) (0,0))
((48,176) (63,191) (0,0))
((64,176) (79,191) (0,0))
((80,176) (95,191) (0,0))
((96,176) (111,191) (0,0))
((112,176) (127,191) (0,0))
)
64
FabOnDisk: SD_2_Old_MF_D_00002 0
FabOnDisk: SD_2_Old_MF_D_00002 9300
FabOnDisk: SD_2_Old_MF_D_00002 18600
FabOnDisk: SD_2_Old_MF_D_00002 27900
FabOnDisk: SD_2_Old_MF_D_00003 0
FabOnDisk: SD_2_Old_MF_D_00003 9300
FabOnDisk: SD_2_Old_MF_D_00003 18600
FabOnDisk: SD_2_Old_MF_D_00003 27901
FabOnDisk: SD_2_Old_MF_D_00002 37200
FabOnDisk: SD_2_Old_MF_D_00002 46500
FabOnDisk: SD_2_Old_MF_D_00002 55800
FabOnDisk: SD_2_Old_MF_D_00002 65100
FabOnDisk: SD_2_Old_MF_D_00003 37203
FabOnDisk: SD_2_Old_MF_D_00003 46503
FabOnDisk: SD_2_Old_MF_D_00003 55803
FabOnDisk: SD_2_Old_MF_D_00003 65104
FabOnDisk: SD_2_Old_MF_D_00002 74400
FabOnDisk: SD_2_Old_MF_D_00002 83701
FabOnDisk: SD_2_Old_MF_D_00002 93002
FabOnDisk: SD_2_Old_MF_D_00002 102303
FabOnDisk: SD_2_Old_MF_D_00003 74406
FabOnDisk: SD_2_Old_MF_D_00003 83707
FabOnDisk: SD_2_Old_MF_D_00003 93008
FabOnDisk: SD_2_Old_MF_D_00003 102310
FabOnDisk: SD_2_Old_MF_D_00002 111604
FabOnDisk: SD_2_Old_MF_D_00002 120906
FabOnDisk: SD_2_Old_MF_D_00002 130208
FabOnDisk: SD_2_Old_MF_D_00002 139510
FabOnDisk: SD_2_Old_MF_D_00003 111613
FabOnDisk: SD_2_Old_MF_D_00003 120915
FabOnDisk: SD_2_Old_MF_D_00003 130217
FabOnDisk: SD_2_Old_MF_D_00003 139520
FabOnDisk: SD_2_Old_MF_D_00001 0
FabOnDisk: SD_2_Old_MF_D_00001 9302
FabOnDisk: SD_2_Old_MF_D_00001 18604
FabOnDisk: SD_2_Old_MF_D_00001 27906
FabOnDisk: SD_2_Old_MF_D_00000 0
FabOnDisk: SD_2_Old_MF_D_00000 9302
FabOnDisk: SD_2_Old_MF_D_00000 18604
FabOnDisk: SD_2_Old_MF_D_00000 27907
FabOnDisk: SD_2_Old_MF_D_00001 37208
FabOnDisk: SD_2_Old_MF_D_00001 46510
FabOnDisk: SD_2_Old_MF_D_00001 55812
FabOnDisk: SD_2_Old_MF_D_00001 65114
FabOnDisk: SD_2_Old_MF_D_00000 37211
FabOnDisk: SD_2_Old_MF_D_00000 46513
FabOnDisk: SD_2_Old_MF_D_00000 55815
FabOnDisk: SD_2_Old_MF_D_00000 65118
FabOnDisk: SD_2_Old_MF_D_00001 74416
FabOnDisk: SD_2_Old_MF_D_00001 83718
FabOnDisk: SD_2_Old_MF_D_00001 93020
FabOnDisk: SD_2_Old_MF_D_00001 102322
FabOnDisk: SD_2_Old_MF_D_00000 74422
FabOnDisk: SD_2_Old_MF_D_00000 83724
FabOnDisk: SD_2_Old_MF_D_00000 93026
FabOnDisk: SD_2_Old_MF_D_00000 102329
FabOnDisk: SD_2_Old_MF_D_00001 111624
FabOnDisk: SD_2_Old_MF_D_00001 120926
FabOnDisk: SD_2_Old_MF_D_00001 130228
FabOnDisk: SD_2_Old_MF_D_00001 139530
FabOnDisk: SD_2_Old_MF_D_00000 111633
FabOnDisk: SD_2_Old_MF_D_00000 120935
FabOnDisk: SD_2_Old_MF_D_00000 130237
FabOnDisk: SD_2_Old_MF_D_00000 139540

64,2
-2.3305526867285854e+05,-3.4552398590803059e+05,
-2.0374647602160487e+05,-4.4045114029172866e+05,
-3.9900818665328537e+04,-2.4228774834665298e+05,
-1.1809382983290195e+05,-3.0418621099863539e+05,
-1.1993302214597154e+04,-1.1373822721703247e+05,
-9.5190365932945439e+04,-1.0883657202285844e+05,
-6.2309452058173134e+04,-5.6084689795521372e+04,
-2.2240401018322058e+05,-1.9178630570139788e+05,
-9.9258593519740709e+04,-1.2430118334927442e+05,
-2.8116298351026973e+05,-1.4526622565124530e+05,
-1.4589708026127273e+05,-2.3427398875186831e+05,
-2.2974931266015218e+05,-1.9787697544969621e+05,
-1.7235428639539154e+05,-2.0590570548320108e+05,
-1.2433406019724353e+05,-1.1676693614091937e+05,
-3.6930371537862381e+05,-1.4628299606498840e+05,
-2.6075376605652133e+05,-1.8436325889079794e+05,
-1.0434684465861144e+05,-1.1795149575013270e+05,
-2.7537165413245081e+05,-1.3484576566860097e+05,
-1.6218913429126178e+05,-2.2143111103805844e+05,
-3.0832543532932154e+05,-2.5641558898022881e+05,
-3.3701922269534209e+05,-2.8950410786437959e+05,
-1.0174456757377087e+05,-2.7355977536952624e+05,
-2.4373096757979461e+05,-1.7295683519431617e+05,
-2.0498816732001200e+05,-1.7771215449762932e+05,
-3.2279865014778875e+05,-1.7875830787649675e+05,
-2.1068885857030004e+05,-2.8218189306263870e+05,
-1.8365368780472610e+05,-5.4119196354818283e+04,
-3.1467560495915281e+05,-2.9482191180671530e+05,
-1.3144672178564867e+05,-1.3504396500254914e+05,
-5.0186327930012974e+05,-2.6997729762386525e+05,
-2.8535343914904038e+05,-2.7859566476901621e+05,
-3.7082728677916166e+05,-3.5917493617801415e+05,
-4.2562862556177436e+05,-3.5446234848115989e+05,
-2.2345583562099808e+05,-2.3156432895458012e+05,
-2.0370262241326252e+05,-2.4830478406792632e+05,
-4.0109966074948804e+05,-1.3164343891845722e+05,
-1.6971344673273602e+05,-1.2104805369084084e+05,
-4.9899168441849074e+05,-2.2353754652652499e+05,
-2.9127984401383041e+05,-2.5895966392365895e+05,
-3.0353599635996902e+05,-1.5267620882512658e+05,
-3.2308437323447526e+05,-1.7112864502114512e+05,
-2.3173563546204346e+05,-2.2542273667914965e+05,
-2.0123068175621051e+05,-2.4621914644689707e+05,
-4.1538401892295532e+05,-2.2293511454523177e+05,
-2.2346233952332506e+05,-2.5548918610750145e+05,
-2.4298925147040357e+05,-2.0852544935229732e+05,
-3.7937535955421667e+05,-2.3384507683209976e+05,
-2.3550165812085045e+05,-1.8530510206365320e+05,
-3.4742441820924875e+05,-2.3056904712632496e+05,
-3.7066392219883745e+05,-2.2732916937523166e+05,
-2.7256128247932094e+05,-1.7703910060104096e+05,
-2.1720740753293270e+05,-2.9575875870146061e+05,
-2.2041786023267198e+05,-1.7322389569837070e+05,
-2.2681934751818492e+05,-1.6589510708213539e+05,
-2.6177032239876979e+05,-1.2516033316533909e+05,
-2.9790220589115232e+05,-2.6127200060803478e+05,
-3.1511011919726682e+05,-2.4150184276806013e+05,
-2.1951932137014082e+05,-1.1231824878374724e+05,
-1.9443957185992695e+04,2.9218177973162405e+04,
-1.0094071126372926e+04,4.0432209810328102e+04,
-2.0794792278040724e+04,3.2558319664496743e+04,
-6.6078538600723608e+04,-7.2542942532853485e+04,
-1.0354911188799115e+05,-5.3511607372125516e+04,
-1.6304562011292664e+05,-1.0425397463665051e+05,

64,2
3.2425396062519122e+05,1.3756787982763399e+05,
2.1880788515736218e+05,1.5112260071016464e+05,
1.0192690492271494e+05,3.1889391474691634e+04,
2.5792961701143943e+05,7.2267929178785780e+04,
6.2499069071316495e+04,6.0824433924325203e+04,
1.2277686786344560e+05,9.7236799605127075e+04,
1.9465269416512828e+05,9.1461282428534032e+04,
2.1997781242224769e+05,1.2159502832815114e+05,
3.1782996866213315e+05,2.1180838255696491e+05,
1.9522344660157731e+05,2.7490239558291587e+05,
3.0493039431997325e+05,2.0998466451737529e+05,
2.2808169116260289e+05,2.3297781003319658e+05,
1.7362958943989413e+05,1.8270708178980040e+05,
2.7402769861734769e+05,1.8390908003414815e+05,
3.1793635096936405e+05,2.1120713153250248e+05,
3.1386783578570234e+05,1.8480942201136600e+05,
2.2737566101603635e+05,1.7079930585926046e+05,
2.0551068011595117e+05,1.8429970024028042e+05,
3.3973985970822349e+05,1.1780110508339466e+05,
2.4543515115588377e+05,2.9824669655960513e+05,
2.1457402833162755e+05,1.1411385897398469e+05,
3.1555118901267566e+05,2.3782944998470688e+05,
3.7354911563699070e+05,1.6381127247884119e+05,
4.2725872666915791e+05,1.4745918086508315e+05,
2.0619556923980135e+05,2.2870184277918236e+05,
2.4466112247079378e+05,1.1148127231781255e+05,
2.6255882212772418e+05,2.8460973328700889e+05,
2.0414110316751237e+05,7.5816187465552750e+04,
2.3477459958770516e+05,2.0025484666860415e+05,
3.1341012273791205e+05,1.0828764060466633e+05,
3.8821358875195927e+05,2.8804779165881040e+05,
3.4075150112317834e+05,2.2273394994412083e+05,
3.9915538668816281e+05,3.1893969560257177e+05,
2.5763508361521945e+05,2.4290562198257147e+05,
1.7451908376998227e+05,1.5715994590566558e+05,
3.5095857150427060e+05,1.8915203860574914e+05,
2.0547442134364403e+05,2.1267138483953362e+05,
3.8910757764120190e+05,2.1614481112928927e+05,
3.4093145017333445e+05,2.6578444805815461e+05,
2.9572556020371395e+05,1.3562140405855846e+05,
5.1317399371801584e+05,3.7924777162796247e+05,
2.6281630462559976e+05,1.7314909755479035e+05,
3.2954411326259334e+05,2.4868965765734672e+05,
3.4658115240026335e+05,3.1027898354207276e+05,
2.5261626120294660e+05,1.0660197902596310e+05,
3.5496570219072292e+05,2.7273184250532917e+05,
3.4661328799316328e+05,1.8303430290494455e+05,
3.1071483899193286e+05,1.9383682917273458e+05,
2.7097368565586943e+05,2.0671688493506357e+05,
2.1257293997152624e+05,2.3761457369936252e+05,
2.9637270040052501e+05,1.1622366656817019e+05,
3.7683431027783087e+05,1.4185922652967667e+05,
1.3960885764573541e+05,1.8094508716034162e+05,
2.7535568870604649e+05,1.2813544339722501e+05,
2.0640169323144888e+05,2.6089708316752792e+05,
3.7052681788147846e+05,1.9039664229571854e+05,
1.6164286232679494e+05,2.9734144734649331e+05,
2.0372135688583725e+05,3.7802428175452055e+05,
1.8067755084116780e+05,3.7008302701174613e+05,
7.8157302255741481e+04,1.4063524378116280e+05,
1.6531133695835331e+04,7.1147937389597006e+04,
1.0367765220304155e+05,1.2594896239095241e+05,
2.1347303863949270e+04,6.5900414227292800e+04,
2.6518854334624711e+05,2.1958647971569712e+05,

