1
1
8
0
(4 0
((232,216) (255,239) (0,0))
((232,240) (255,255) (0,0))
((0,248) (63,255) (0,0))
((64,248) (127,255) (0,0))
)
4
FabOnDisk: Cell_D_00003 0
FabOnDisk: Cell_D_00001 0
FabOnDisk: Cell_D_00002 0
FabOnDisk: Cell_D_00000 0

4,8
-1.7448963608347173e-01,-6.7754020248325431e-01,9.9966672867239759e-01,0.0000000000000000e+00,-6.9446640018362138e-01,-3.6829489171570673e-01,3.0542068469486239e-01,-6.9813562695508757e-02,
-4.1773589915553147e-02,-6.6935783028742057e-01,9.9991407224981832e-01,0.0000000000000000e+00,-2.0743661680806191e-01,-6.1872601613248479e-01,1.0725233977502553e+00,-2.3055687275856589e-02,
-8.1375382438392471e-02,2.7996426494558490e-04,9.9999999999944833e-01,0.0000000000000000e+00,-7.5330468288893648e-01,-4.0403205933808749e+01,1.1099202696995292e-01,-3.0424146722478956e-01,
2.8134800939163546e-01,-5.7292846208763220e-03,9.9999999999939593e-01,0.0000000000000000e+00,-1.7566415349083053e-01,7.0673598975476981e-03,1.5265732086705906e+01,-1.0217183659871615e-02,

4,8
2.0458747563520549e-01,-4.3954561713277149e-02,1.0004535620273207e+00,0.0000000000000000e+00,2.0273202225407445e+00,3.4860134535085603e+00,5.0214183964351449e+01,9.8141761049399534e-02,
9.4157209600897529e-01,5.0089839877169810e-03,1.0000001306165172e+00,0.0000000000000000e+00,9.3891899059564935e+01,8.0271655748270504e+01,1.3706759618967891e+02,1.1608048054514135e+00,
9.3880679937616229e-01,2.4057662905320473e-01,1.0000000000016747e+00,0.0000000000000000e+00,5.4566827895251365e+01,2.0713190130865712e+01,1.4652684380423128e+02,-3.8801121236138169e-03,
9.5718173238816573e-01,2.1312805474042157e-02,1.0000000000003539e+00,0.0000000000000000e+00,1.0693242710211259e+00,7.8704304545481052e-01,2.9811277820889018e+01,-2.9394083802193934e-03,

