1
1
4
4
(64 0
((0,0) (15,15) (0,0))
((16,0) (31,15) (0,0))
((32,0) (47,15) (0,0))
((48,0) (63,15) (0,0))
((64,0) (79,15) (0,0))
((80,0) (95,15) (0,0))
((96,0) (111,15) (0,0))
((112,0) (127,15) (0,0))
((0,16) (15,31) (0,0))
((16,16) (31,31) (0,0))
((32,16) (47,31) (0,0))
((48,16) (63,31) (0,0))
((64,16) (79,31) (0,0))
((80,16) (95,31) (0,0))
((96,16) (111,31) (0,0))
((112,16) (127,31) (0,0))
((0,32) (15,47) (0,0))
((16,32) (31,47) (0,0))
((32,32) (47,47) (0,0))
((48,32) (63,47) (0,0))
((64,32) (79,47) (0,0))
((80,32) (95,47) (0,0))
((96,32) (111,47) (0,0))
((112,32) (127,47) (0,0))
((0,48) (15,63) (0,0))
((16,48) (31,63) (0,0))
((32,48) (47,63) (0,0))
((48,48) (63,63) (0,0))
((64,48) (79,63) (0,0))
((80,48) (95,63) (0,0))
((96,48) (111,63) (0,0))
((112,48) (127,63) (0,0))
((0,64) (15,79) (0,0))
((16,64) (31,79) (0,0))
((32,64) (47,79) (0,0))
((48,64) (63,79) (0,0))
((64,64) (79,79) (0,0))
((80,64) (95,79) (0,0))
((96,64) (111,79) (0,0))
((112,64) (127,79) (0,0))
((0,80) (15,95) (0,0))
((16,80) (31,95) (0,0))
((32,80) (47,95) (0,0))
((48,80) (63,95) (0,0))
((64,80) (79,95) (0,0))
((80,80) (95,95) (0,0))
((96,80) (111,95) (0,0))
((112,80) (127,95) (0,0))
((0,96) (15,111) (0,0))
((16,96) (31,111) (0,0))
((32,96) (47,111) (0,0))
((48,96) (63,111) (0,0))
((64,96) (79,111) (0,0))
((80,96) (95,111) (0,0))
((96,96) (111,111) (0,0))
((112,96) (127,111) (0,0))
((0,112) (15,127) (0,0))
((16,112) (31,127) (0,0))
((32,112) (47,127) (0,0))
((48,112) (63,127) (0,0))
((64,112) (79,127) (0,0))
((80,112) (95,127) (0,0))
((96,112) (111,127) (0,0))
((112,112) (127,127) (0,0))
)
64
FabOnDisk: SD_0_Old_MF_D_00000 0
FabOnDisk: SD_0_Old_MF_D_00000 18516
FabOnDisk: SD_0_Old_MF_D_00000 37032
FabOnDisk: SD_0_Old_MF_D_00000 55548
FabOnDisk: SD_0_Old_MF_D_00000 74064
FabOnDisk: SD_0_Old_MF_D_00000 92580
FabOnDisk: SD_0_Old_MF_D_00000 111096
FabOnDisk: SD_0_Old_MF_D_00000 129613
FabOnDisk: SD_0_Old_MF_D_00000 148131
FabOnDisk: SD_0_Old_MF_D_00000 166647
FabOnDisk: SD_0_Old_MF_D_00000 185163
FabOnDisk: SD_0_Old_MF_D_00000 203679
FabOnDisk: SD_0_Old_MF_D_00000 222195
FabOnDisk: SD_0_Old_MF_D_00000 240711
FabOnDisk: SD_0_Old_MF_D_00000 259227
FabOnDisk: SD_0_Old_MF_D_00000 277744
FabOnDisk: SD_0_Old_MF_D_00000 296262
FabOnDisk: SD_0_Old_MF_D_00000 314778
FabOnDisk: SD_0_Old_MF_D_00000 333294
FabOnDisk: SD_0_Old_MF_D_00000 351810
FabOnDisk: SD_0_Old_MF_D_00000 370326
FabOnDisk: SD_0_Old_MF_D_00000 388842
FabOnDisk: SD_0_Old_MF_D_00000 407358
FabOnDisk: SD_0_Old_MF_D_00000 425875
FabOnDisk: SD_0_Old_MF_D_00000 444393
FabOnDisk: SD_0_Old_MF_D_00000 462909
FabOnDisk: SD_0_Old_MF_D_00000 481425
FabOnDisk: SD_0_Old_MF_D_00000 499941
FabOnDisk: SD_0_Old_MF_D_00000 518457
FabOnDisk: SD_0_Old_MF_D_00000 536973
FabOnDisk: SD_0_Old_MF_D_00000 555489
FabOnDisk: SD_0_Old_MF_D_00000 574006
FabOnDisk: SD_0_Old_MF_D_00000 592524
FabOnDisk: SD_0_Old_MF_D_00000 611040
FabOnDisk: SD_0_Old_MF_D_00000 629556
FabOnDisk: SD_0_Old_MF_D_00000 648072
FabOnDisk: SD_0_Old_MF_D_00000 666588
FabOnDisk: SD_0_Old_MF_D_00000 685104
FabOnDisk: SD_0_Old_MF_D_00000 703620
FabOnDisk: SD_0_Old_MF_D_00000 722137
FabOnDisk: SD_0_Old_MF_D_00000 740655
FabOnDisk: SD_0_Old_MF_D_00000 759171
FabOnDisk: SD_0_Old_MF_D_00000 777687
FabOnDisk: SD_0_Old_MF_D_00000 796203
FabOnDisk: SD_0_Old_MF_D_00000 814719
FabOnDisk: SD_0_Old_MF_D_00000 833235
FabOnDisk: SD_0_Old_MF_D_00000 851751
FabOnDisk: SD_0_Old_MF_D_00000 870268
FabOnDisk: SD_0_Old_MF_D_00000 888786
FabOnDisk: SD_0_Old_MF_D_00000 907303
FabOnDisk: SD_0_Old_MF_D_00000 925820
FabOnDisk: SD_0_Old_MF_D_00000 944337
FabOnDisk: SD_0_Old_MF_D_00000 962854
FabOnDisk: SD_0_Old_MF_D_00000 981371
FabOnDisk: SD_0_Old_MF_D_00000 999888
FabOnDisk: SD_0_Old_MF_D_00000 1018406
FabOnDisk: SD_0_Old_MF_D_00000 1036925
FabOnDisk: SD_0_Old_MF_D_00000 1055443
FabOnDisk: SD_0_Old_MF_D_00000 1073961
FabOnDisk: SD_0_Old_MF_D_00000 1092479
FabOnDisk: SD_0_Old_MF_D_00000 1110997
FabOnDisk: SD_0_Old_MF_D_00000 1129515
FabOnDisk: SD_0_Old_MF_D_00000 1148033
FabOnDisk: SD_0_Old_MF_D_00000 1166552

64,4
1.0000042316202395e+00,-7.0318947051860488e-03,9.9999999999996392e-01,1.8237304533445171e-15,
1.0025273817726772e+00,-7.0233108977664389e-03,9.9999999999991085e-01,5.8379787431450591e-14,
1.0069598128242674e+00,-1.7389373146946181e-03,9.9999999999991207e-01,1.1525164561844172e-13,
1.0045625804265410e+00,5.3129510097463664e-05,9.9999999999997435e-01,1.6796495688551857e-13,
1.0022288573040656e+00,5.3822693725880574e-05,9.9999999999999623e-01,2.1419613109938252e-13,
1.0010443155874356e+00,2.9645415467808829e-05,9.9999999999998124e-01,2.5215563554873941e-13,
1.0004972644025685e+00,1.4162138078694270e-05,9.9999999999993816e-01,2.8035941690740131e-13,
1.0002677012303600e+00,5.1555300427107559e-06,9.9999999999982314e-01,2.9765523479459473e-13,
1.0000079435606575e+00,-2.1867243286111247e-02,9.9999999999993550e-01,1.8215019250336956e-15,
1.0042466150109977e+00,-2.1769587115013121e-02,9.9999999999999378e-01,6.0064844219415776e-14,
1.0081569880147412e+00,-1.9907758587397861e-03,1.0000000000000013e+00,1.1650796401352132e-13,
1.0027068556070653e+00,2.4231528461715278e-03,1.0000000000000038e+00,1.6876591483510503e-13,
1.0006333045977007e+00,1.7605347791540308e-03,1.0000000000000020e+00,2.1468861632635225e-13,
1.0001524992588984e+00,9.1912986164228094e-04,1.0000000000000016e+00,2.5245098922099406e-13,
1.0000411284252850e+00,4.2809694327177996e-04,1.0000000000000009e+00,2.8053435731734406e-13,
1.0000136874755661e+00,1.5443016721849184e-04,1.0000000000000000e+00,2.9776038617689089e-13,
1.0000266756686014e+00,-7.1377998259304729e-02,9.9999999999993616e-01,1.7969648323045872e-15,
1.0131277069067903e+00,-7.1219040448115556e-02,9.9999999999997413e-01,5.9483693393504078e-14,
1.0000786905354695e+00,1.3164362755936572e-04,9.9999999999998668e-01,1.1674256603751736e-13,
9.9569910868870393e-01,6.3793703765598411e-03,9.9999999999999134e-01,1.6904881093305645e-13,
9.9617014667700032e-01,2.8931769966586466e-03,9.9999999999999756e-01,2.1487159368831624e-13,
9.9799453041118391e-01,1.1542103995258329e-03,9.9999999999999822e-01,2.5254991793117139e-13,
9.9905324083123581e-01,4.7702456079242692e-04,1.0000000000000000e+00,2.8058429081196155e-13,
9.9954712517665056e-01,1.6501587679766433e-04,9.9999999999999833e-01,2.9778767526435086e-13,
8.3456383263344380e-01,-1.4117448750908224e-01,9.9999999999961209e-01,1.7522204331204910e-15,
-8.0691975893405710e-01,-6.5829165463703021e-01,9.9999999999951172e-01,-1.1965447550856736e-12,
1.3049655338804056e-01,2.3773527879300668e-03,9.9999999999982170e-01,7.0456919501332783e-14,
9.6152864883074030e-01,3.7719734046400233e-04,9.9999999999998057e-01,1.6963335264043251e-13,
9.9015164992407967e-01,1.1085820279940185e-04,9.9999999999999467e-01,2.1512649783494256e-13,
9.9640828773362133e-01,4.1252312501256159e-05,9.9999999999999789e-01,2.5266164516445370e-13,
9.9850148246018866e-01,1.6568254078566954e-05,9.9999999999999989e-01,2.8063732966970393e-13,
9.9931879127384282e-01,5.6757062394769998e-06,9.9999999999999933e-01,2.9781617513244841e-13,
8.3456383263344469e-01,1.6282189881767988e-04,9.9999999999944611e-01,1.7522589002320263e-15,
-8.0691975893397905e-01,-7.8098203101957353e-01,9.9999999999930222e-01,-1.2446879798970973e-12,
1.3049655338805025e-01,-5.8034388330550757e-01,9.9999999999993860e-01,6.7256398495424957e-14,
9.6152864883074030e-01,-2.7375892430468757e-02,9.9999999999999079e-01,1.6963317208708417e-13,
9.9015164992408022e-01,-7.4821548171091117e-03,9.9999999999999467e-01,2.1512655309169661e-13,
9.9640828773362133e-01,-2.6273156900885192e-03,9.9999999999999711e-01,2.5266171999733554e-13,
9.9850148246018799e-01,-1.0456637223667808e-03,9.9999999999999967e-01,2.8063711418048482e-13,
9.9931879127384249e-01,-4.3027276927952370e-04,9.9999999999999922e-01,2.9781692766604475e-13,
1.0000266756686009e+00,6.6761075148994125e-04,9.9999999999944111e-01,1.7970473028065229e-15,
1.0131277069067939e+00,-2.8153454464402507e-02,1.0000000000000058e+00,5.9475034303961284e-14,
1.0000786905354733e+00,-4.3495110124337037e-02,9.9999999999999079e-01,1.1674263017014113e-13,
9.9569910868870681e-01,-2.4678607450905079e-02,9.9999999999999789e-01,1.6904851955031832e-13,
9.9617014667700421e-01,-7.7861605233785752e-03,1.0000000000000013e+00,2.1487221325980794e-13,
9.9799453041118602e-01,-3.1189728831882047e-03,1.0000000000000002e+00,2.5254909871187012e-13,
9.9905324083123681e-01,-1.3671953529053238e-03,9.9999999999999989e-01,2.8058468483871201e-13,
9.9954712517665145e-01,-5.9242248209748064e-04,9.9999999999999856e-01,2.9778767477670224e-13,
1.0000079435606577e+00,1.7766667989287032e-04,9.9999999999955924e-01,1.8216249655346936e-15,
1.0042466150110034e+00,1.6217441214514108e-03,1.0000000000000118e+00,6.0063076588745965e-14,
1.0081569880147485e+00,-8.8142031638472080e-03,1.0000000000000058e+00,1.1650810131995452e-13,
1.0027068556070695e+00,-8.8173429886703944e-03,1.0000000000000069e+00,1.6876571810532133e-13,
1.0006333045977027e+00,-5.9068293532102368e-03,1.0000000000000056e+00,2.1468842287192989e-13,
1.0001524992589002e+00,-2.9200037487036087e-03,1.0000000000000031e+00,2.5245115177670702e-13,
1.0000411284252861e+00,-1.3450653461872929e-03,1.0000000000000000e+00,2.8053397598479456e-13,
1.0000136874755654e+00,-5.8948943693574562e-04,9.9999999999999534e-01,2.9775975431752837e-13,
1.0000042316202402e+00,4.2310571129026977e-06,9.9999999999870415e-01,1.8239485624477946e-15,
1.0025273817726035e+00,7.3101801397848422e-05,9.9999999999872613e-01,5.9871671352063848e-14,
1.0069598128241972e+00,-2.0763259106400304e-03,9.9999999999948508e-01,1.1632435199676199e-13,
1.0045625804265439e+00,-2.6701377608031205e-03,9.9999999999982569e-01,1.6861135594496433e-13,
1.0022288573040661e+00,-2.5065213772162563e-03,9.9999999999994815e-01,2.1458223239057400e-13,
1.0010443155874340e+00,-1.5984956211375007e-03,9.9999999999994349e-01,2.5238773837687300e-13,
1.0004972644025674e+00,-8.3249767415733745e-04,9.9999999999994371e-01,2.8049873733343892e-13,
1.0002677012303540e+00,-3.8588700152578949e-04,9.9999999999994538e-01,2.9773888765815408e-13,

64,4
1.0034405223478324e+00,-4.2310571121411287e-06,1.0000000000000497e+00,5.7425228271401286e-14,
1.0094288022512681e+00,-7.3101801396949375e-05,1.0000000000000224e+00,1.1376002139125244e-13,
1.0096160510870931e+00,2.0763259106456053e-03,1.0000000000000242e+00,1.6602914998127748e-13,
1.0078101330087079e+00,2.6701377608030603e-03,1.0000000000000122e+00,2.1224237994082984e-13,
1.0046225330608967e+00,2.5065213772173058e-03,1.0000000000000158e+00,2.5048178795073799e-13,
1.0025530645944507e+00,1.5984956211390951e-03,1.0000000000000051e+00,2.7916139234675402e-13,
1.0012850281885417e+00,8.3249767415747352e-04,1.0000000000000093e+00,2.9706338455476268e-13,
1.0006372140664270e+00,3.8588700152602064e-04,1.0000000000000306e+00,3.0337670837927264e-13,
1.0106556862416596e+00,-1.7766667989261247e-04,1.0000000000001088e+00,5.6469858932052102e-14,
1.0219669493477959e+00,-1.6217441214506009e-03,1.0000000000000082e+00,1.1327937220205466e-13,
1.0211677988681227e+00,8.8142031638461290e-03,1.0000000000000120e+00,1.6592451738715405e-13,
1.0094182801587150e+00,8.8173429886695860e-03,1.0000000000000071e+00,2.1221521887315850e-13,
1.0043293957426054e+00,5.9068293532095750e-03,1.0000000000000062e+00,2.5045486647489778e-13,
1.0020668231820298e+00,2.9200037487041018e-03,1.0000000000000056e+00,2.7913539511223876e-13,
1.0009576842817101e+00,1.3450653461865828e-03,1.0000000000000062e+00,2.9704505073671546e-13,
1.0004550545861051e+00,5.8948943693583680e-04,1.0000000000000102e+00,3.0337209549801681e-13,
1.0327192237301477e+00,-6.6761075148975585e-04,1.0000000000001068e+00,5.6451583549215256e-14,
1.0844250557680233e+00,2.8153454464402653e-02,1.0000000000000098e+00,1.1393256519968802e-13,
1.0624585863342433e+00,4.3495110124333811e-02,1.0000000000000149e+00,1.6651632159567047e-13,
1.0093971864690652e+00,2.4678607450903087e-02,1.0000000000000060e+00,2.1248187294169914e-13,
1.0022345042930616e+00,7.7861605233774805e-03,1.0000000000000047e+00,2.5057483936605850e-13,
1.0004385604555566e+00,3.1189728831867132e-03,1.0000000000000036e+00,2.7919120541016614e-13,
1.0000726413114207e+00,1.3671953529032920e-03,1.0000000000000020e+00,2.9707507689424150e-13,
1.0000058473510169e+00,5.9242248209673200e-04,1.0000000000000020e+00,3.0339447882239696e-13,
1.0341604740938288e+00,-1.6282189881796657e-04,1.0000000000001599e+00,1.7752964580691486e-12,
1.4590157737571583e+00,7.8098203101958152e-01,1.0000000000000000e+40,1.6695756727384728e-12,
1.1032452231146421e+00,5.8034388330551145e-01,1.0000000000001328e+00,1.6710879154003457e-13,
9.9708956216903888e-01,2.7375892430466810e-02,1.0000000000000047e+00,2.1264164355239194e-13,
9.9772871090762694e-01,7.4821548171068349e-03,1.0000000000000011e+00,2.5063340451096814e-13,
9.9894469763194238e-01,2.6273156900859444e-03,1.0000000000000000e+00,2.7921747921144161e-13,
9.9950037368795031e-01,1.0456637223645727e-03,1.0000000000000000e+00,2.9708870458953949e-13,
9.9973184636830037e-01,4.3027276927819826e-04,1.0000000000000011e+00,3.0340429891014386e-13,
1.0341604740938359e+00,1.4117448750909697e-01,1.0000000000002183e+00,1.8896614824639575e-12,
1.4590157737571574e+00,6.5829165463702122e-01,1.0000000000000000e+40,1.7538387349021577e-12,
1.1032452231146443e+00,-2.3773527879357432e-03,1.0000000000001286e+00,1.6789954053129568e-13,
9.9708956216904165e-01,-3.7719734046840294e-04,1.0000000000000031e+00,2.1264070938636275e-13,
9.9772871090762960e-01,-1.1085820280186620e-04,1.0000000000000036e+00,2.5063360440747374e-13,
9.9894469763194249e-01,-4.1252312503313704e-05,1.0000000000000024e+00,2.7921804366042072e-13,
9.9950037368794953e-01,-1.6568254081378619e-05,1.0000000000000000e+00,2.9708813145441260e-13,
9.9973184636830092e-01,-5.6757062396324439e-06,1.0000000000000000e+00,3.0340448084708722e-13,
1.0327192237301539e+00,7.1377998259311543e-02,1.0000000000001878e+00,5.6452311382982165e-14,
1.0844250557680302e+00,7.1219040448122051e-02,1.0000000000000542e+00,1.1392921087568092e-13,
1.0624585863342488e+00,-1.3164362755887889e-04,1.0000000000000289e+00,1.6651680939723531e-13,
1.0093971864690705e+00,-6.3793703765602670e-03,1.0000000000000078e+00,2.1248217975394033e-13,
1.0022345042930654e+00,-2.8931769966607616e-03,1.0000000000000073e+00,2.5057442451630790e-13,
1.0004385604555575e+00,-1.1542103995273517e-03,1.0000000000000053e+00,2.7919178320291094e-13,
1.0000726413114220e+00,-4.7702456079367999e-04,1.0000000000000047e+00,2.9707457898143686e-13,
1.0000058473510181e+00,-1.6501587679914543e-04,1.0000000000000000e+00,3.0339444551703391e-13,
1.0106556862416667e+00,2.1867243286111185e-02,1.0000000000001183e+00,5.6470987408483193e-14,
1.0219669493478019e+00,2.1769587115012905e-02,1.0000000000000369e+00,1.1327954157934047e-13,
1.0211677988681300e+00,1.9907758587424888e-03,1.0000000000000238e+00,1.6592511405512642e-13,
1.0094182801587177e+00,-2.4231528461663753e-03,1.0000000000000209e+00,2.1221448134874824e-13,
1.0043293957426078e+00,-1.7605347791524236e-03,1.0000000000000122e+00,2.5045568708497330e-13,
1.0020668231820298e+00,-9.1912986164217740e-04,1.0000000000000084e+00,2.7913483225794235e-13,
1.0009576842817078e+00,-4.2809694327211703e-04,1.0000000000000060e+00,2.9704542134442358e-13,
1.0004550545861026e+00,-1.5443016721983140e-04,1.0000000000000000e+00,3.0337166170205056e-13,
1.0034405223478418e+00,7.0318947051745580e-03,1.0000000000002405e+00,5.6705395458698131e-14,
1.0094288022512783e+00,7.0233108977551598e-03,1.0000000000002331e+00,1.1322001701707055e-13,
1.0096160510871044e+00,1.7389373146991095e-03,1.0000000000001033e+00,1.6570279961255357e-13,
1.0078101330087181e+00,-5.3129510096720992e-05,1.0000000000000440e+00,2.1204709136472444e-13,
1.0046225330608858e+00,-5.3822693726019908e-05,1.0000000000000133e+00,2.5036481017687179e-13,
1.0025530645944443e+00,-2.9645415467574970e-05,1.0000000000000075e+00,2.7909062761622721e-13,
1.0012850281885459e+00,-1.4162138079194542e-05,1.0000000000000064e+00,2.9702111339313334e-13,
1.0006372140664277e+00,-5.1555300419974559e-06,1.0000000000000067e+00,3.0335157068561784e-13,

