1
1
4
4
(64 0
((0,0) (15,15) (0,0))
((16,0) (31,15) (0,0))
((32,0) (47,15) (0,0))
((48,0) (63,15) (0,0))
((64,0) (79,15) (0,0))
((80,0) (95,15) (0,0))
((96,0) (111,15) (0,0))
((112,0) (127,15) (0,0))
((0,16) (15,31) (0,0))
((16,16) (31,31) (0,0))
((32,16) (47,31) (0,0))
((48,16) (63,31) (0,0))
((64,16) (79,31) (0,0))
((80,16) (95,31) (0,0))
((96,16) (111,31) (0,0))
((112,16) (127,31) (0,0))
((0,32) (15,47) (0,0))
((16,32) (31,47) (0,0))
((32,32) (47,47) (0,0))
((48,32) (63,47) (0,0))
((64,32) (79,47) (0,0))
((80,32) (95,47) (0,0))
((96,32) (111,47) (0,0))
((112,32) (127,47) (0,0))
((0,48) (15,63) (0,0))
((16,48) (31,63) (0,0))
((32,48) (47,63) (0,0))
((48,48) (63,63) (0,0))
((64,48) (79,63) (0,0))
((80,48) (95,63) (0,0))
((96,48) (111,63) (0,0))
((112,48) (127,63) (0,0))
((0,64) (15,79) (0,0))
((16,64) (31,79) (0,0))
((32,64) (47,79) (0,0))
((48,64) (63,79) (0,0))
((64,64) (79,79) (0,0))
((80,64) (95,79) (0,0))
((96,64) (111,79) (0,0))
((112,64) (127,79) (0,0))
((0,80) (15,95) (0,0))
((16,80) (31,95) (0,0))
((32,80) (47,95) (0,0))
((48,80) (63,95) (0,0))
((64,80) (79,95) (0,0))
((80,80) (95,95) (0,0))
((96,80) (111,95) (0,0))
((112,80) (127,95) (0,0))
((0,96) (15,111) (0,0))
((16,96) (31,111) (0,0))
((32,96) (47,111) (0,0))
((48,96) (63,111) (0,0))
((64,96) (79,111) (0,0))
((80,96) (95,111) (0,0))
((96,96) (111,111) (0,0))
((112,96) (127,111) (0,0))
((0,112) (15,127) (0,0))
((16,112) (31,127) (0,0))
((32,112) (47,127) (0,0))
((48,112) (63,127) (0,0))
((64,112) (79,127) (0,0))
((80,112) (95,127) (0,0))
((96,112) (111,127) (0,0))
((112,112) (127,127) (0,0))
)
64
FabOnDisk: SD_0_New_MF_D_00000 0
FabOnDisk: SD_0_New_MF_D_00000 18516
FabOnDisk: SD_0_New_MF_D_00000 37032
FabOnDisk: SD_0_New_MF_D_00000 55548
FabOnDisk: SD_0_New_MF_D_00000 74064
FabOnDisk: SD_0_New_MF_D_00000 92580
FabOnDisk: SD_0_New_MF_D_00000 111096
FabOnDisk: SD_0_New_MF_D_00000 129613
FabOnDisk: SD_0_New_MF_D_00000 148131
FabOnDisk: SD_0_New_MF_D_00000 166647
FabOnDisk: SD_0_New_MF_D_00000 185163
FabOnDisk: SD_0_New_MF_D_00000 203679
FabOnDisk: SD_0_New_MF_D_00000 222195
FabOnDisk: SD_0_New_MF_D_00000 240711
FabOnDisk: SD_0_New_MF_D_00000 259227
FabOnDisk: SD_0_New_MF_D_00000 277744
FabOnDisk: SD_0_New_MF_D_00000 296262
FabOnDisk: SD_0_New_MF_D_00000 314778
FabOnDisk: SD_0_New_MF_D_00000 333294
FabOnDisk: SD_0_New_MF_D_00000 351810
FabOnDisk: SD_0_New_MF_D_00000 370326
FabOnDisk: SD_0_New_MF_D_00000 388842
FabOnDisk: SD_0_New_MF_D_00000 407358
FabOnDisk: SD_0_New_MF_D_00000 425875
FabOnDisk: SD_0_New_MF_D_00000 444393
FabOnDisk: SD_0_New_MF_D_00000 462909
FabOnDisk: SD_0_New_MF_D_00000 481425
FabOnDisk: SD_0_New_MF_D_00000 499941
FabOnDisk: SD_0_New_MF_D_00000 518457
FabOnDisk: SD_0_New_MF_D_00000 536973
FabOnDisk: SD_0_New_MF_D_00000 555489
FabOnDisk: SD_0_New_MF_D_00000 574006
FabOnDisk: SD_0_New_MF_D_00000 592524
FabOnDisk: SD_0_New_MF_D_00000 611040
FabOnDisk: SD_0_New_MF_D_00000 629556
FabOnDisk: SD_0_New_MF_D_00000 648072
FabOnDisk: SD_0_New_MF_D_00000 666588
FabOnDisk: SD_0_New_MF_D_00000 685104
FabOnDisk: SD_0_New_MF_D_00000 703620
FabOnDisk: SD_0_New_MF_D_00000 722137
FabOnDisk: SD_0_New_MF_D_00000 740655
FabOnDisk: SD_0_New_MF_D_00000 759171
FabOnDisk: SD_0_New_MF_D_00000 777687
FabOnDisk: SD_0_New_MF_D_00000 796203
FabOnDisk: SD_0_New_MF_D_00000 814719
FabOnDisk: SD_0_New_MF_D_00000 833235
FabOnDisk: SD_0_New_MF_D_00000 851751
FabOnDisk: SD_0_New_MF_D_00000 870268
FabOnDisk: SD_0_New_MF_D_00000 888786
FabOnDisk: SD_0_New_MF_D_00000 907303
FabOnDisk: SD_0_New_MF_D_00000 925820
FabOnDisk: SD_0_New_MF_D_00000 944337
FabOnDisk: SD_0_New_MF_D_00000 962854
FabOnDisk: SD_0_New_MF_D_00000 981371
FabOnDisk: SD_0_New_MF_D_00000 999888
FabOnDisk: SD_0_New_MF_D_00000 1018406
FabOnDisk: SD_0_New_MF_D_00000 1036925
FabOnDisk: SD_0_New_MF_D_00000 1055443
FabOnDisk: SD_0_New_MF_D_00000 1073961
FabOnDisk: SD_0_New_MF_D_00000 1092479
FabOnDisk: SD_0_New_MF_D_00000 1110997
FabOnDisk: SD_0_New_MF_D_00000 1129515
FabOnDisk: SD_0_New_MF_D_00000 1148033
FabOnDisk: SD_0_New_MF_D_00000 1166552

64,4
1.0000042268925431e+00,-7.0362590562389081e-03,9.9999999999996458e-01,1.7894237270113949e-15,
1.0025138691246838e+00,-7.0326907240281667e-03,9.9999999999991140e-01,5.7938875761743652e-14,
1.0069655078770663e+00,-1.7551297039556349e-03,9.9999999999991240e-01,1.1360318025203679e-13,
1.0045755002698751e+00,5.3077996410423179e-05,9.9999999999997424e-01,1.6516954077864666e-13,
1.0022354271522602e+00,5.3960152325878580e-05,9.9999999999999634e-01,2.1044441097147384e-13,
1.0010473531369239e+00,2.9731868246835421e-05,9.9999999999998124e-01,2.4764500140292306e-13,
1.0004985414746901e+00,1.4210915597806190e-05,9.9999999999993838e-01,2.7529351554835013e-13,
1.0002680206509520e+00,5.1871794113144466e-06,9.9999999999982414e-01,2.9224967662799773e-13,
1.0000079433307667e+00,-2.1887122371487541e-02,9.9999999999993572e-01,1.7871027771108006e-15,
1.0042302176671596e+00,-2.1804106143053132e-02,9.9999999999999378e-01,5.8975428972655772e-14,
1.0081772554773876e+00,-2.0145146315817541e-03,1.0000000000000013e+00,1.1437972368205352e-13,
1.0027180003114904e+00,2.4234419585477266e-03,1.0000000000000038e+00,1.6568119219701466e-13,
1.0006359246712697e+00,1.7652629818562143e-03,1.0000000000000020e+00,2.1076431236719800e-13,
1.0001531078327033e+00,9.2186445858820115e-04,1.0000000000000016e+00,2.4783711261667688e-13,
1.0000412746445393e+00,4.2958044453729780e-04,1.0000000000000009e+00,2.7540593436165819e-13,
1.0000137080259122e+00,1.5537861256459653e-04,1.0000000000000000e+00,2.9231614781550093e-13,
1.0000266974127079e+00,-7.1438132118386399e-02,9.9999999999993638e-01,1.7613940734614200e-15,
1.0131075278451771e+00,-7.1408717736743274e-02,9.9999999999997424e-01,5.8661268258397257e-14,
1.0001072353570244e+00,9.2913929718509844e-05,9.9999999999998668e-01,1.1460870824503414e-13,
9.9569162222572916e-01,6.3972773340675590e-03,9.9999999999999123e-01,1.6595772357190759e-13,
9.9616035838392603e-01,2.9028084567298980e-03,9.9999999999999756e-01,2.1094442753455757e-13,
9.9798867316367834e-01,1.1579635993498728e-03,9.9999999999999822e-01,2.4793240164052898e-13,
9.9905049909703436e-01,4.7872411434609014e-04,1.0000000000000000e+00,2.7545563861626390e-13,
9.9954598214544099e-01,1.6603141953918174e-04,9.9999999999999833e-01,2.9234480276372371e-13,
8.3462362642482690e-01,-1.4116523472529766e-01,9.9999999999961242e-01,-1.7069744662367009e-12,
-8.1117406222574051e-01,-6.5814503904556587e-01,9.9999999999951372e-01,-1.5601527858212094e-12,
1.2134904643340307e-01,2.3876463800653965e-03,9.9999999999982159e-01,7.0473030598675261e-14,
9.6135351876313524e-01,3.7872135285143117e-04,9.9999999999998046e-01,1.6653158691794539e-13,
9.9011659953330755e-01,1.1124562293405717e-04,9.9999999999999456e-01,2.1119412132537841e-13,
9.9639667180923464e-01,4.1389182855820234e-05,9.9999999999999789e-01,2.4804338948149137e-13,
9.9849694954641033e-01,1.6627661464054718e-05,9.9999999999999989e-01,2.7550721608765737e-13,
9.9931702882700535e-01,5.7106529062418112e-06,9.9999999999999933e-01,2.9237270341611920e-13,
8.3462362642482812e-01,1.6289967426711815e-04,9.9999999999944700e-01,-1.8231976656127816e-12,
-8.1117406222566502e-01,-7.8285727115105985e-01,9.9999999999930855e-01,-1.6447901070067573e-12,
1.2134904643341253e-01,-5.8710181139177287e-01,9.9999999999993838e-01,6.6971227893215254e-14,
9.6135351876313513e-01,-2.7495663989040312e-02,9.9999999999999079e-01,1.6653182380237840e-13,
9.9011659953330799e-01,-7.5091011218035809e-03,9.9999999999999467e-01,2.1119415404227101e-13,
9.9639667180923430e-01,-2.6360788674725235e-03,9.9999999999999711e-01,2.4804341132150287e-13,
9.9849694954640966e-01,-1.0490747406235166e-03,9.9999999999999967e-01,2.7550752888516105e-13,
9.9931702882700502e-01,-4.3182831237752168e-04,9.9999999999999922e-01,2.9237186100149751e-13,
1.0000266974127077e+00,6.6777108276343570e-04,9.9999999999944189e-01,1.7612984023783548e-15,
1.0131075278451804e+00,-2.8094364091575400e-02,1.0000000000000056e+00,5.8662944622358836e-14,
1.0001072353570282e+00,-4.3578803325148685e-02,9.9999999999999079e-01,1.1460872137537743e-13,
9.9569162222573204e-01,-2.4768964425102496e-02,9.9999999999999778e-01,1.6595813555875437e-13,
9.9616035838392991e-01,-7.8127481931435910e-03,1.0000000000000013e+00,2.1094395706643122e-13,
9.9798867316368023e-01,-3.1287655624960870e-03,1.0000000000000002e+00,2.4793339040105047e-13,
9.9905049909703536e-01,-1.3715075080525034e-03,9.9999999999999989e-01,2.7545545088545844e-13,
9.9954598214544188e-01,-5.9453868995642113e-04,9.9999999999999856e-01,2.9234501115516791e-13,
1.0000079433307669e+00,1.7755844010366867e-04,9.9999999999955957e-01,1.7869806261754154e-15,
1.0042302176671654e+00,1.6641938442378561e-03,1.0000000000000120e+00,5.8977008652585790e-14,
1.0081772554773949e+00,-8.8290238703901212e-03,1.0000000000000058e+00,1.1437970219250617e-13,
1.0027180003114948e+00,-8.8334159953350148e-03,1.0000000000000069e+00,1.6568155582417831e-13,
1.0006359246712717e+00,-5.9232579547057775e-03,1.0000000000000056e+00,2.1076469609658640e-13,
1.0001531078327051e+00,-2.9287304251718722e-03,1.0000000000000031e+00,2.4783719601719960e-13,
1.0000412746445406e+00,-1.3492576964283115e-03,1.0000000000000000e+00,2.7540656000414600e-13,
1.0000137080259117e+00,-5.9159142005226189e-04,9.9999999999999534e-01,2.9231703804621927e-13,
1.0000042268925440e+00,4.2263274851756163e-06,9.9999999999870781e-01,1.7892126067981367e-15,
1.0025138691246105e+00,7.3610626301946335e-05,9.9999999999872735e-01,5.8686182699202477e-14,
1.0069655078769961e+00,-2.0756246228013741e-03,9.9999999999948441e-01,1.1412137028347048e-13,
1.0045755002698780e+00,-2.6745879206348778e-03,9.9999999999982558e-01,1.6548321406838067e-13,
1.0022354271522607e+00,-2.5118862461513307e-03,9.9999999999994837e-01,2.1063242768503056e-13,
1.0010473531369222e+00,-1.6028003062584601e-03,9.9999999999994360e-01,2.4775779183596675e-13,
1.0004985414746888e+00,-8.3498468093055628e-04,9.9999999999994382e-01,2.7536185122995336e-13,
1.0002680206509458e+00,-3.8724570777659513e-04,9.9999999999994538e-01,2.9229073900286503e-13,

64,4
1.0034236467671405e+00,-4.2263274844862916e-06,1.0000000000000497e+00,5.6938975743436511e-14,
1.0094407384736788e+00,-7.3610626301177392e-05,1.0000000000000222e+00,1.1217022054570194e-13,
1.0096321803412600e+00,2.0756246228070558e-03,1.0000000000000240e+00,1.6328902726158780e-13,
1.0078294112338231e+00,2.6745879206348292e-03,1.0000000000000120e+00,2.0853841341279939e-13,
1.0046343243103124e+00,2.5118862461523798e-03,1.0000000000000158e+00,2.4600893258499006e-13,
1.0025601590913495e+00,1.6028003062599941e-03,1.0000000000000051e+00,2.7412179073387696e-13,
1.0012886368139484e+00,8.3498468093060074e-04,1.0000000000000093e+00,2.9167113939189268e-13,
1.0006387907025198e+00,3.8724570777677586e-04,1.0000000000000304e+00,2.9785423607035953e-13,
1.0106328845711703e+00,-1.7755844010353583e-04,1.0000000000001088e+00,5.5430926418794025e-14,
1.0220130220289001e+00,-1.6641938442370093e-03,1.0000000000000082e+00,1.1120905089805437e-13,
1.0212229741112671e+00,8.8290238703888670e-03,1.0000000000000120e+00,1.6289262580682045e-13,
1.0094537105105443e+00,8.8334159953341717e-03,1.0000000000000071e+00,2.0833498343954648e-13,
1.0043418872293650e+00,5.9232579547050732e-03,1.0000000000000062e+00,2.4587738668835292e-13,
1.0020729695145203e+00,2.9287304251723947e-03,1.0000000000000056e+00,2.7403297935245711e-13,
1.0009604742493077e+00,1.3492576964276185e-03,1.0000000000000062e+00,2.9161532017801272e-13,
1.0004562068644065e+00,5.9159142005229268e-04,1.0000000000000102e+00,2.9782635236461424e-13,
1.0327364624338231e+00,-6.6777108276323176e-04,1.0000000000001068e+00,5.5412201497518533e-14,
1.0846421204844383e+00,2.8094364091575549e-02,1.0000000000000098e+00,1.1198031482695187e-13,
1.0627322740888006e+00,4.3578803325145410e-02,1.0000000000000149e+00,1.6347198184219654e-13,
1.0094339624178450e+00,2.4768964425100518e-02,1.0000000000000060e+00,2.0859824873991096e-13,
1.0022441823643986e+00,7.8127481931424842e-03,1.0000000000000047e+00,2.4599384127296282e-13,
1.0004405508138932e+00,3.1287655624945682e-03,1.0000000000000036e+00,2.7408827821698276e-13,
1.0000730034032181e+00,1.3715075080504668e-03,1.0000000000000020e+00,2.9164455208391935e-13,
1.0000058994974124e+00,5.9453868995560202e-04,1.0000000000000020e+00,2.9784854163024629e-13,
1.0342004949451218e+00,-1.6289967426739410e-04,1.0000000000001599e+00,5.6780018668782677e-14,
1.0000000000000000e+40,1.0000000000000000e+40,1.0000000000000000e+40,1.0000000000000000e+40,
1.1042724290548280e+00,5.8710181139177664e-01,1.0000000000001319e+00,1.6634785839289747e-13,
9.9710442310068614e-01,2.7495663989038431e-02,1.0000000000000047e+00,2.0875369601016566e-13,
9.9772198606522733e-01,7.5091011218012590e-03,1.0000000000000011e+00,2.4605220405298806e-13,
9.9894161375873103e-01,2.6360788674699453e-03,1.0000000000000000e+00,2.7411398932948967e-13,
9.9949908664979004e-01,1.0490747406213083e-03,1.0000000000000000e+00,2.9165785955833205e-13,
9.9973152599575121e-01,4.3182831237619380e-04,1.0000000000000011e+00,2.9785834241186487e-13,
1.0342004949451291e+00,1.4116523472531253e-01,1.0000000000002180e+00,5.7019972767954222e-14,
1.0000000000000000e+40,1.0000000000000000e+40,1.0000000000000000e+40,1.0000000000000000e+40,
1.1042724290548300e+00,-2.3876463800711280e-03,1.0000000000001303e+00,1.6961833026218891e-13,
9.9710442310068870e-01,-3.7872135285583434e-04,1.0000000000000031e+00,2.0875462792792681e-13,
9.9772198606523010e-01,-1.1124562293646508e-04,1.0000000000000036e+00,2.4605201229103122e-13,
9.9894161375873136e-01,-4.1389182857822139e-05,1.0000000000000024e+00,2.7411388770320022e-13,
9.9949908664978915e-01,-1.6627661466797262e-05,1.0000000000000000e+00,2.9165793253440046e-13,
9.9973152599575155e-01,-5.7106529063626642e-06,1.0000000000000000e+00,2.9785844217322565e-13,
1.0327364624338293e+00,7.1438132118393366e-02,1.0000000000001876e+00,5.5411453999161205e-14,
1.0846421204844452e+00,7.1408717736749824e-02,1.0000000000000540e+00,1.1198384134666945e-13,
1.0627322740888061e+00,-9.2913929717975617e-05,1.0000000000000289e+00,1.6347158081438315e-13,
1.0094339624178503e+00,-6.3972773340679580e-03,1.0000000000000078e+00,2.0859802677545144e-13,
1.0022441823644024e+00,-2.9028084567320452e-03,1.0000000000000073e+00,2.4599436106178973e-13,
1.0004405508138940e+00,-1.1579635993514993e-03,1.0000000000000053e+00,2.7408782378656653e-13,
1.0000730034032195e+00,-4.7872411434736614e-04,1.0000000000000047e+00,2.9164516314866854e-13,
1.0000058994974137e+00,-1.6603141954069323e-04,1.0000000000000000e+00,2.9784869223065909e-13,
1.0106328845711776e+00,2.1887122371487426e-02,1.0000000000001183e+00,5.5430582769573571e-14,
1.0220130220289063e+00,2.1804106143052934e-02,1.0000000000000369e+00,1.1120895893428068e-13,
1.0212229741112742e+00,2.0145146315844729e-03,1.0000000000000235e+00,1.6289216220000113e-13,
1.0094537105105470e+00,-2.4234419585424786e-03,1.0000000000000209e+00,2.0833587583910952e-13,
1.0043418872293675e+00,-1.7652629818546350e-03,1.0000000000000122e+00,2.4587676161968374e-13,
1.0020729695145205e+00,-9.2186445858807680e-04,1.0000000000000084e+00,2.7403373747006058e-13,
1.0009604742493055e+00,-4.2958044453759623e-04,1.0000000000000060e+00,2.9161516887054644e-13,
1.0004562068644043e+00,-1.5537861256593148e-04,1.0000000000000000e+00,2.9782700666331484e-13,
1.0034236467671496e+00,7.0362590562272386e-03,1.0000000000002400e+00,5.5565149636995979e-14,
1.0094407384736890e+00,7.0326907240168615e-03,1.0000000000002329e+00,1.1107299294082381e-13,
1.0096321803412713e+00,1.7551297039600485e-03,1.0000000000001035e+00,1.6262670280818970e-13,
1.0078294112338337e+00,-5.3077996409650685e-05,1.0000000000000442e+00,2.0815618279359393e-13,
1.0046343243103015e+00,-5.3960152325968731e-05,1.0000000000000133e+00,2.4577936377740009e-13,
1.0025601590913431e+00,-2.9731868246646079e-05,1.0000000000000075e+00,2.7398251625161329e-13,
1.0012886368139526e+00,-1.4210915598292077e-05,1.0000000000000064e+00,2.9158758503743802e-13,
1.0006387907025203e+00,-5.1871794104484689e-06,1.0000000000000067e+00,2.9780532484038670e-13,

