1
1
1
1
(64 0
((0,0) (16,16) (1,1))
((16,0) (32,16) (1,1))
((32,0) (48,16) (1,1))
((48,0) (64,16) (1,1))
((64,0) (80,16) (1,1))
((80,0) (96,16) (1,1))
((96,0) (112,16) (1,1))
((112,0) (128,16) (1,1))
((0,16) (16,32) (1,1))
((16,16) (32,32) (1,1))
((32,16) (48,32) (1,1))
((48,16) (64,32) (1,1))
((64,16) (80,32) (1,1))
((80,16) (96,32) (1,1))
((96,16) (112,32) (1,1))
((112,16) (128,32) (1,1))
((0,32) (16,48) (1,1))
((16,32) (32,48) (1,1))
((32,32) (48,48) (1,1))
((48,32) (64,48) (1,1))
((64,32) (80,48) (1,1))
((80,32) (96,48) (1,1))
((96,32) (112,48) (1,1))
((112,32) (128,48) (1,1))
((0,48) (16,64) (1,1))
((16,48) (32,64) (1,1))
((32,48) (48,64) (1,1))
((48,48) (64,64) (1,1))
((64,48) (80,64) (1,1))
((80,48) (96,64) (1,1))
((96,48) (112,64) (1,1))
((112,48) (128,64) (1,1))
((0,64) (16,80) (1,1))
((16,64) (32,80) (1,1))
((32,64) (48,80) (1,1))
((48,64) (64,80) (1,1))
((64,64) (80,80) (1,1))
((80,64) (96,80) (1,1))
((96,64) (112,80) (1,1))
((112,64) (128,80) (1,1))
((0,80) (16,96) (1,1))
((16,80) (32,96) (1,1))
((32,80) (48,96) (1,1))
((48,80) (64,96) (1,1))
((64,80) (80,96) (1,1))
((80,80) (96,96) (1,1))
((96,80) (112,96) (1,1))
((112,80) (128,96) (1,1))
((0,96) (16,112) (1,1))
((16,96) (32,112) (1,1))
((32,96) (48,112) (1,1))
((48,96) (64,112) (1,1))
((64,96) (80,112) (1,1))
((80,96) (96,112) (1,1))
((96,96) (112,112) (1,1))
((112,96) (128,112) (1,1))
((0,112) (16,128) (1,1))
((16,112) (32,128) (1,1))
((32,112) (48,128) (1,1))
((48,112) (64,128) (1,1))
((64,112) (80,128) (1,1))
((80,112) (96,128) (1,1))
((96,112) (112,128) (1,1))
((112,112) (128,128) (1,1))
)
64
FabOnDisk: SD_1_Old_MF_D_00000 0
FabOnDisk: SD_1_Old_MF_D_00000 2972
FabOnDisk: SD_1_Old_MF_D_00000 5944
FabOnDisk: SD_1_Old_MF_D_00000 8916
FabOnDisk: SD_1_Old_MF_D_00000 11888
FabOnDisk: SD_1_Old_MF_D_00000 14860
FabOnDisk: SD_1_Old_MF_D_00000 17832
FabOnDisk: SD_1_Old_MF_D_00000 20805
FabOnDisk: SD_1_Old_MF_D_00000 23779
FabOnDisk: SD_1_Old_MF_D_00000 26751
FabOnDisk: SD_1_Old_MF_D_00000 29723
FabOnDisk: SD_1_Old_MF_D_00000 32695
FabOnDisk: SD_1_Old_MF_D_00000 35667
FabOnDisk: SD_1_Old_MF_D_00000 38639
FabOnDisk: SD_1_Old_MF_D_00000 41611
FabOnDisk: SD_1_Old_MF_D_00000 44584
FabOnDisk: SD_1_Old_MF_D_00000 47558
FabOnDisk: SD_1_Old_MF_D_00000 50530
FabOnDisk: SD_1_Old_MF_D_00000 53502
FabOnDisk: SD_1_Old_MF_D_00000 56474
FabOnDisk: SD_1_Old_MF_D_00000 59446
FabOnDisk: SD_1_Old_MF_D_00000 62418
FabOnDisk: SD_1_Old_MF_D_00000 65390
FabOnDisk: SD_1_Old_MF_D_00000 68363
FabOnDisk: SD_1_Old_MF_D_00000 71337
FabOnDisk: SD_1_Old_MF_D_00000 74309
FabOnDisk: SD_1_Old_MF_D_00000 77281
FabOnDisk: SD_1_Old_MF_D_00000 80253
FabOnDisk: SD_1_Old_MF_D_00000 83225
FabOnDisk: SD_1_Old_MF_D_00000 86197
FabOnDisk: SD_1_Old_MF_D_00000 89169
FabOnDisk: SD_1_Old_MF_D_00000 92142
FabOnDisk: SD_1_Old_MF_D_00000 95116
FabOnDisk: SD_1_Old_MF_D_00000 98088
FabOnDisk: SD_1_Old_MF_D_00000 101060
FabOnDisk: SD_1_Old_MF_D_00000 104032
FabOnDisk: SD_1_Old_MF_D_00000 107004
FabOnDisk: SD_1_Old_MF_D_00000 109976
FabOnDisk: SD_1_Old_MF_D_00000 112948
FabOnDisk: SD_1_Old_MF_D_00000 115921
FabOnDisk: SD_1_Old_MF_D_00000 118895
FabOnDisk: SD_1_Old_MF_D_00000 121867
FabOnDisk: SD_1_Old_MF_D_00000 124839
FabOnDisk: SD_1_Old_MF_D_00000 127811
FabOnDisk: SD_1_Old_MF_D_00000 130783
FabOnDisk: SD_1_Old_MF_D_00000 133755
FabOnDisk: SD_1_Old_MF_D_00000 136727
FabOnDisk: SD_1_Old_MF_D_00000 139700
FabOnDisk: SD_1_Old_MF_D_00000 142674
FabOnDisk: SD_1_Old_MF_D_00000 145647
FabOnDisk: SD_1_Old_MF_D_00000 148620
FabOnDisk: SD_1_Old_MF_D_00000 151593
FabOnDisk: SD_1_Old_MF_D_00000 154566
FabOnDisk: SD_1_Old_MF_D_00000 157539
FabOnDisk: SD_1_Old_MF_D_00000 160512
FabOnDisk: SD_1_Old_MF_D_00000 163486
FabOnDisk: SD_1_Old_MF_D_00000 166461
FabOnDisk: SD_1_Old_MF_D_00000 169435
FabOnDisk: SD_1_Old_MF_D_00000 172409
FabOnDisk: SD_1_Old_MF_D_00000 175383
FabOnDisk: SD_1_Old_MF_D_00000 178357
FabOnDisk: SD_1_Old_MF_D_00000 181331
FabOnDisk: SD_1_Old_MF_D_00000 184305
FabOnDisk: SD_1_Old_MF_D_00000 187280

64,1
6.3120603349724287e-03,
1.6132344786595940e-03,
-6.6550085366864930e-04,
-7.8772232527779768e-04,
-6.7096054342725715e-04,
-3.5743924953299001e-04,
-1.8897797181192759e-04,
-7.6606671631734472e-05,
7.2402106304336588e-03,
-4.8194411415636365e-03,
-5.6211125250744459e-03,
-3.6820124112929929e-03,
-1.0193089285472619e-03,
-3.5743924953299001e-04,
-1.6226895833885798e-04,
-6.0212986199776965e-05,
1.0459044863245774e-02,
-4.8638367818035114e-02,
-4.3533227747856562e-02,
-5.1557260382239355e-03,
-1.0103252870677639e-03,
-2.2209519814913738e-04,
-4.6463807909996633e-05,
-9.1720180635187353e-06,
2.3270451394320921e-02,
-1.0885029405694402e+00,
-2.0402239733644961e-01,
-3.3410392811629745e-03,
3.4036246552871750e-04,
1.5997570691485218e-04,
5.9861827307167646e-05,
-8.5135515064560868e-07,
2.3270451394315973e-02,
-1.0885029405694182e+00,
-2.0402239733641436e-01,
-3.3410392811717682e-03,
3.4036246552806676e-04,
1.5997570691412785e-04,
5.9861827308581025e-05,
-8.5135515064560868e-07,
1.0459044863242197e-02,
-4.8638367818053273e-02,
-4.3533227747870586e-02,
-5.1557260382301441e-03,
-1.0103252870676169e-03,
-2.2209519815290159e-04,
-4.6463807910292864e-05,
-9.1720180627466681e-06,
7.2402106304246426e-03,
-4.8194411415705476e-03,
-5.6211125250868231e-03,
-3.6820124112992925e-03,
-1.0193089285463063e-03,
-3.5743924953304297e-04,
-1.6226895833977841e-04,
-6.0212986197244709e-05,
6.3120603349706419e-03,
1.6132344786512543e-03,
-6.6550085367139819e-04,
-7.8772232527389487e-04,
-6.7096054342784077e-04,
-3.5743924953304297e-04,
-1.8897797181075012e-04,
-7.6606671628882424e-05,

64,1
1.0654986415254395e-02,
7.2402106304336588e-03,
2.6348314297817300e-03,
2.8072428922203932e-04,
-3.3780825084931212e-04,
-1.6226895833885798e-04,
-6.0212986199776965e-05,
1.0689121374574811e-06,
2.2133449025735434e-02,
1.0459044863245774e-02,
1.6132344786595940e-03,
-6.6550085366864930e-04,
-2.2209519814913738e-04,
-4.6463807909996633e-05,
-9.1720180635187353e-06,
6.7936277339825897e-07,
6.1516229749422800e-02,
2.3270451394320921e-02,
-3.3410392811629745e-03,
4.5599952906010243e-04,
4.8114579181199422e-04,
3.4036246552871750e-04,
1.5997570691485218e-04,
5.9861827307167646e-05,
2.8624960418544021e-01,
5.9016743685257800e-01,
1.5880754482526380e-01,
1.3830302739832738e-02,
2.6037022924618883e-03,
7.7475745767397516e-04,
2.7846440481286365e-04,
9.4290973100344248e-05,
2.8624960418544021e-01,
5.9016743685257800e-01,
1.5880754482526380e-01,
1.3830302739832738e-02,
2.6037022924618883e-03,
7.7475745767397516e-04,
2.7846440481286365e-04,
9.4290973100344248e-05,
6.1516229749424910e-02,
2.3270451394315973e-02,
-3.3410392811717682e-03,
4.5599952905996382e-04,
4.8114579180876356e-04,
3.4036246552806676e-04,
1.5997570691412785e-04,
5.9861827308581025e-05,
2.2133449025742664e-02,
1.0459044863242197e-02,
1.6132344786512543e-03,
-6.6550085367139819e-04,
-2.2209519815290159e-04,
-4.6463807910292864e-05,
-9.1720180627466681e-06,
6.7936277601860749e-07,
1.0654986415249940e-02,
7.2402106304246426e-03,
2.6348314297824690e-03,
2.8072428922368297e-04,
-3.3780825085080024e-04,
-1.6226895833977841e-04,
-6.0212986197244709e-05,
1.0689121334418004e-06,

