1
1
2
4
(64 0
((0,0) (15,15) (0,0))
((16,0) (31,15) (0,0))
((32,0) (47,15) (0,0))
((48,0) (63,15) (0,0))
((64,0) (79,15) (0,0))
((80,0) (95,15) (0,0))
((96,0) (111,15) (0,0))
((112,0) (127,15) (0,0))
((0,16) (15,31) (0,0))
((16,16) (31,31) (0,0))
((32,16) (47,31) (0,0))
((48,16) (63,31) (0,0))
((64,16) (79,31) (0,0))
((80,16) (95,31) (0,0))
((96,16) (111,31) (0,0))
((112,16) (127,31) (0,0))
((0,32) (15,47) (0,0))
((16,32) (31,47) (0,0))
((32,32) (47,47) (0,0))
((48,32) (63,47) (0,0))
((64,32) (79,47) (0,0))
((80,32) (95,47) (0,0))
((96,32) (111,47) (0,0))
((112,32) (127,47) (0,0))
((0,48) (15,63) (0,0))
((16,48) (31,63) (0,0))
((32,48) (47,63) (0,0))
((48,48) (63,63) (0,0))
((64,48) (79,63) (0,0))
((80,48) (95,63) (0,0))
((96,48) (111,63) (0,0))
((112,48) (127,63) (0,0))
((0,64) (15,79) (0,0))
((16,64) (31,79) (0,0))
((32,64) (47,79) (0,0))
((48,64) (63,79) (0,0))
((64,64) (79,79) (0,0))
((80,64) (95,79) (0,0))
((96,64) (111,79) (0,0))
((112,64) (127,79) (0,0))
((0,80) (15,95) (0,0))
((16,80) (31,95) (0,0))
((32,80) (47,95) (0,0))
((48,80) (63,95) (0,0))
((64,80) (79,95) (0,0))
((80,80) (95,95) (0,0))
((96,80) (111,95) (0,0))
((112,80) (127,95) (0,0))
((0,96) (15,111) (0,0))
((16,96) (31,111) (0,0))
((32,96) (47,111) (0,0))
((48,96) (63,111) (0,0))
((64,96) (79,111) (0,0))
((80,96) (95,111) (0,0))
((96,96) (111,111) (0,0))
((112,96) (127,111) (0,0))
((0,112) (15,127) (0,0))
((16,112) (31,127) (0,0))
((32,112) (47,127) (0,0))
((48,112) (63,127) (0,0))
((64,112) (79,127) (0,0))
((80,112) (95,127) (0,0))
((96,112) (111,127) (0,0))
((112,112) (127,127) (0,0))
)
64
FabOnDisk: SD_2_Old_MF_D_00000 0
FabOnDisk: SD_2_Old_MF_D_00000 9300
FabOnDisk: SD_2_Old_MF_D_00000 18600
FabOnDisk: SD_2_Old_MF_D_00000 27900
FabOnDisk: SD_2_Old_MF_D_00000 37200
FabOnDisk: SD_2_Old_MF_D_00000 46500
FabOnDisk: SD_2_Old_MF_D_00000 55800
FabOnDisk: SD_2_Old_MF_D_00000 65101
FabOnDisk: SD_2_Old_MF_D_00000 74403
FabOnDisk: SD_2_Old_MF_D_00000 83703
FabOnDisk: SD_2_Old_MF_D_00000 93003
FabOnDisk: SD_2_Old_MF_D_00000 102303
FabOnDisk: SD_2_Old_MF_D_00000 111603
FabOnDisk: SD_2_Old_MF_D_00000 120903
FabOnDisk: SD_2_Old_MF_D_00000 130203
FabOnDisk: SD_2_Old_MF_D_00000 139504
FabOnDisk: SD_2_Old_MF_D_00000 148806
FabOnDisk: SD_2_Old_MF_D_00000 158106
FabOnDisk: SD_2_Old_MF_D_00000 167406
FabOnDisk: SD_2_Old_MF_D_00000 176706
FabOnDisk: SD_2_Old_MF_D_00000 186006
FabOnDisk: SD_2_Old_MF_D_00000 195306
FabOnDisk: SD_2_Old_MF_D_00000 204606
FabOnDisk: SD_2_Old_MF_D_00000 213907
FabOnDisk: SD_2_Old_MF_D_00000 223209
FabOnDisk: SD_2_Old_MF_D_00000 232509
FabOnDisk: SD_2_Old_MF_D_00000 241809
FabOnDisk: SD_2_Old_MF_D_00000 251109
FabOnDisk: SD_2_Old_MF_D_00000 260409
FabOnDisk: SD_2_Old_MF_D_00000 269709
FabOnDisk: SD_2_Old_MF_D_00000 279009
FabOnDisk: SD_2_Old_MF_D_00000 288310
FabOnDisk: SD_2_Old_MF_D_00000 297612
FabOnDisk: SD_2_Old_MF_D_00000 306912
FabOnDisk: SD_2_Old_MF_D_00000 316212
FabOnDisk: SD_2_Old_MF_D_00000 325512
FabOnDisk: SD_2_Old_MF_D_00000 334812
FabOnDisk: SD_2_Old_MF_D_00000 344112
FabOnDisk: SD_2_Old_MF_D_00000 353412
FabOnDisk: SD_2_Old_MF_D_00000 362713
FabOnDisk: SD_2_Old_MF_D_00000 372015
FabOnDisk: SD_2_Old_MF_D_00000 381315
FabOnDisk: SD_2_Old_MF_D_00000 390615
FabOnDisk: SD_2_Old_MF_D_00000 399915
FabOnDisk: SD_2_Old_MF_D_00000 409215
FabOnDisk: SD_2_Old_MF_D_00000 418515
FabOnDisk: SD_2_Old_MF_D_00000 427815
FabOnDisk: SD_2_Old_MF_D_00000 437116
FabOnDisk: SD_2_Old_MF_D_00000 446418
FabOnDisk: SD_2_Old_MF_D_00000 455719
FabOnDisk: SD_2_Old_MF_D_00000 465020
FabOnDisk: SD_2_Old_MF_D_00000 474321
FabOnDisk: SD_2_Old_MF_D_00000 483622
FabOnDisk: SD_2_Old_MF_D_00000 492923
FabOnDisk: SD_2_Old_MF_D_00000 502224
FabOnDisk: SD_2_Old_MF_D_00000 511526
FabOnDisk: SD_2_Old_MF_D_00000 520829
FabOnDisk: SD_2_Old_MF_D_00000 530131
FabOnDisk: SD_2_Old_MF_D_00000 539433
FabOnDisk: SD_2_Old_MF_D_00000 548735
FabOnDisk: SD_2_Old_MF_D_00000 558037
FabOnDisk: SD_2_Old_MF_D_00000 567339
FabOnDisk: SD_2_Old_MF_D_00000 576641
FabOnDisk: SD_2_Old_MF_D_00000 585944

64,2
-5.6930811812873550e-01,5.9947707015478580e-03,
-5.9954276003608964e-01,-2.2750657617866299e-01,
-4.0715539201337869e-01,-2.6093528093818968e-01,
-1.3030803086309420e-01,-1.8503226006516305e-01,
-1.3623538213826489e-02,-4.7618227654283980e-02,
1.3674493253736562e-02,-2.5183450503871926e-03,
7.7617701608288401e-03,1.0225258870824590e-04,
-1.7089234659130878e-03,-3.4618776843541642e-05,
-1.9039063060404378e+00,2.1837729618868693e-01,
-1.9270876344538204e+00,-1.2706032694864082e+00,
-5.2965554396246262e-01,-1.2577620531776363e+00,
-5.4260696200719882e-02,-3.5359060197343584e-01,
2.7238857106209352e-02,-4.9301989116995806e-02,
8.1274961893980160e-03,6.7254517287700100e-04,
1.9245523681486612e-03,3.5900783136510661e-03,
-1.0510172586670734e-03,-4.1323862142233564e-05,
-9.4667471206226086e+00,5.9252780352279788e-01,
-1.1600868329053062e+01,-1.1553692951508113e+01,
-4.8579178917631283e-01,-7.7509048056142662e+00,
4.8251076239106419e-02,-3.3441495378950381e-01,
-1.9558700163255338e-02,2.6802893093712712e-02,
-1.9508556002194526e-02,1.8249186671392310e-02,
-1.2408620810603599e-02,6.5746932483631091e-03,
-7.0941723519526790e-03,-3.7655462626057056e-05,
-1.5909033422728330e+01,5.2254313338938041e-01,
-6.3481075138647498e+02,-4.3321737736567070e+02,
-3.8377361937056321e+01,-1.8987597346041163e+01,
-2.6242066141710780e+00,2.0993240908414278e-02,
-3.3947332740434488e-01,3.5383685602090667e-03,
-8.0737112068694911e-02,8.8653802657912310e-04,
-2.6844495282268347e-02,2.4930802692451129e-04,
-1.2030545172620501e-02,-1.7034668322303288e-05,
-1.5909033422727315e+01,-4.8230386331487345e+01,
-6.3481075138645804e+02,-5.2993552270159819e+02,
-3.8377361937059561e+01,-1.7377569877981907e+02,
-2.6242066141700469e+00,-2.2273163483795457e+00,
-3.3947332740350217e-01,-2.8316584117757382e-01,
-8.0737112066148059e-02,-6.5834404842766120e-02,
-2.6844495281884102e-02,-1.9471407372601293e-02,
-1.2030545173667421e-02,-5.8186469389659729e-03,
-9.4667471206238769e+00,-6.5540928810653831e+00,
-1.1600868329054045e+01,-2.7555377775912753e+00,
-4.8579178917925636e-01,-9.0977096798575507e-01,
4.8251076241525220e-02,-8.9272999437245182e-01,
-1.9558700161384696e-02,-2.6025175604104722e-01,
-1.9508556002109233e-02,-6.6318015682712173e-02,
-1.2408620808910342e-02,-2.1153509220706843e-02,
-7.0941723543784434e-03,-6.8720750689232526e-03,
-1.9039063060399899e+00,-1.9732153733091329e+00,
-1.9270876344518664e+00,-3.8685527282988974e-01,
-5.2965554396378156e-01,2.0991979957698698e-01,
-5.4260696197956565e-02,-9.2456366971008092e-03,
2.7238857108175786e-02,-3.5438413214157333e-02,
8.1274961885577091e-03,-3.1986211766658744e-02,
1.9245523682753121e-03,-1.6674194658400525e-02,
-1.0510172628176483e-03,-6.3045462762166601e-03,
-5.6930811812741511e-01,-5.1725552184877854e-01,
-5.9954276003381657e-01,-1.6889506449221728e-01,
-4.0715539201192602e-01,5.3571002995717043e-03,
-1.3030803085689133e-01,2.1342339205298981e-03,
-1.3623538218226858e-02,2.6483479489559491e-04,
1.3674493256806934e-02,-5.8885302794293411e-03,
7.7617701616273568e-03,-5.8323764282482158e-03,
-1.7089234612903082e-03,-3.1402764176107394e-03,

64,2
-1.3311451344965447e-02,5.1725552184518564e-01,
-3.3846001203374632e-01,1.6889506448872077e-01,
-7.8925574348117339e-02,-5.3571002989756533e-03,
2.8153731566904192e-02,-2.1342339208738070e-03,
3.1675223895389563e-02,-2.6483479391564962e-04,
2.5137510505802058e-02,5.8885302792576876e-03,
1.3632684425867420e-02,5.8323764282654164e-03,
9.1068095451267879e-03,3.1402764195804858e-03,
-2.5141984857748878e-02,1.9732153733060767e+00,
-4.4614038075125279e-01,3.8685527282737930e-01,
3.5796299439239837e-01,-2.0991979957742346e-01,
3.4699554527743820e-01,9.2456366970363052e-03,
1.3844222447099139e-01,3.5438413214099761e-02,
3.4817153984127699e-02,3.1986211768196507e-02,
1.3480149284361994e-02,1.6674194658797496e-02,
7.3090351215655824e-03,6.3045462755952847e-03,
-8.4884378957930662e-02,6.5540928810645402e+00,
3.5155100265199675e+00,2.7555377775922478e+00,
5.5244228546227294e+00,9.0977096798465018e-01,
1.1677301428336815e+00,8.9272999437108069e-01,
1.5414987669403923e-01,2.6025175604007045e-01,
3.2253864651118402e-02,6.6318015683015735e-02,
6.5391029724214149e-03,2.1153509221606415e-02,
1.2624444945770017e-03,6.8720750701097063e-03,
5.7005090031679515e+01,4.8230386331486642e+01,
7.3027074035511339e+02,5.2993552270148314e+02,
2.7872232077540730e+02,1.7377569877984843e+02,
1.1140261846982025e+00,2.2273163483787464e+00,
1.0037869693712342e-02,2.8316584117878751e-01,
-1.4406299701085598e-02,6.5834404843068156e-02,
-7.8464025348752020e-03,1.9471407373679896e-02,
1.3616964920882147e-03,5.8186469395631454e-03,
5.7005090031677710e+01,-5.2254313338880032e-01,
7.3027074035505677e+02,4.3321737736568053e+02,
2.7872232077538160e+02,1.8987597346037202e+01,
1.1140261846990756e+00,-2.0993240909469597e-02,
1.0037869691517348e-02,-3.5383685605707999e-03,
-1.4406299700478591e-02,-8.8653802769543934e-04,
-7.8464025324685074e-03,-2.4930802621735940e-04,
1.3616964925611272e-03,1.7034668479027097e-05,
-8.4884378954316886e-02,-5.9252780352184797e-01,
3.5155100265201082e+00,1.1553692951511614e+01,
5.5244228546199725e+00,7.7509048056145016e+00,
1.1677301428347999e+00,3.3441495379100161e-01,
1.5414987669540692e-01,-2.6802893091267210e-02,
3.2253864655994141e-02,-1.8249186672404161e-02,
6.5391029747305157e-03,-6.5746932484606422e-03,
1.2624444963161617e-03,3.7655461407172931e-05,
-2.5141984855346633e-02,-2.1837729619123836e-01,
-4.4614038075228429e-01,1.2706032694847926e+00,
3.5796299439424745e-01,1.2577620531780662e+00,
3.4699554527522625e-01,3.5359060197652359e-01,
1.3844222447078980e-01,4.9301989118232914e-02,
3.4817153985487376e-02,-6.7254517387237145e-04,
1.3480149285566411e-02,-3.5900783144028033e-03,
7.3090351169239265e-03,4.1323862443038844e-05,
-1.3311451335398794e-02,-5.9947706991567151e-03,
-3.3846001203326581e-01,2.2750657617986830e-01,
-7.8925574350262484e-02,2.6093528093749163e-01,
2.8153731569353198e-02,1.8503226006468723e-01,
3.1675223896244276e-02,4.7618227653367540e-02,
2.5137510505614101e-02,2.5183450515620341e-03,
1.3632684426636656e-02,-1.0225258978775154e-04,
9.1068095506717031e-03,3.4618776750415452e-05,

