1
1
9
0
(6 0
((80,232) (95,247) (0,0))
((96,232) (111,247) (0,0))
((80,248) (95,263) (0,0))
((96,248) (111,263) (0,0))
((80,264) (95,279) (0,0))
((96,264) (111,279) (0,0))
)
6
FabOnDisk: Cell_D_00000 0
FabOnDisk: Cell_D_00000 18518
FabOnDisk: Cell_D_00000 37037
FabOnDisk: Cell_D_00000 55555
FabOnDisk: Cell_D_00000 74074
FabOnDisk: Cell_D_00000 92592

6,9
-2.0672098471165512e-01,-7.2153186985464701e-01,0.0000000000000000e+00,-4.6682795425647204e-15,-9.9872224299777758e+02,-3.7324610944290208e+02,0.0000000000000000e+00,-2.2624737103200698e+00,0.0000000000000000e+00,
-8.7265691696197648e-02,-5.9550081052032311e-01,0.0000000000000000e+00,-6.6015068137655408e-15,-3.3989775361507839e+02,-1.9615512819169004e+02,0.0000000000000000e+00,-4.3610962379166729e-01,0.0000000000000000e+00,
0.0000000000000000e+00,-6.3784729583239774e-01,0.0000000000000000e+00,-1.7940194842871602e-14,-5.0756405132938448e+02,-4.9786771876574420e+02,0.0000000000000000e+00,0.0000000000000000e+00,0.0000000000000000e+00,
-2.5031550538371128e-01,-5.8239126662352259e-01,0.0000000000000000e+00,-7.9909677547341722e-15,-2.9638317173581601e+02,-2.7021222946569446e+02,0.0000000000000000e+00,-4.2511327255128584e-01,0.0000000000000000e+00,
-2.0672098111696924e-01,-1.9225121881445875e-01,0.0000000000000000e+00,-1.8166302343371358e-14,-9.9872225176379288e+02,-6.8974626240264956e+02,0.0000000000000000e+00,-2.2624734534999096e+00,0.0000000000000000e+00,
-8.7265693731543956e-02,-1.0049638999938644e-02,0.0000000000000000e+00,-4.1907419709804401e-15,-3.3989773616323146e+02,-2.6312101825053969e+02,0.0000000000000000e+00,-4.3610962578302020e-01,0.0000000000000000e+00,

6,9
1.3172985425188655e+00,1.9225121971485809e-01,1.0000000000001115e+00,1.0233781467244386e-16,4.4718409297648634e+02,6.8974553328147726e+02,9.9571675424863934e+03,7.6179230002904497e-01,1.0000000000000000e+00,
1.4080723156388177e+00,1.0049641202436293e-02,1.0000000000007074e+00,0.0000000000000000e+00,1.1200578850260464e+02,2.6312102298293189e+02,2.9127550807945750e+03,1.2182197553052179e+00,1.0000000000000000e+00,
5.3841363043459156e-01,6.3784729389186956e-01,1.0000000000000500e+00,0.0000000000000000e+00,1.1831588091379857e+02,4.9786771877891425e+02,2.1491356669527363e+03,8.9091807713857374e-01,1.0000000000000000e+00,
0.0000000000000000e+00,5.8239126750512771e-01,1.0000000000005431e+00,1.2482460573059789e-14,1.3967168975324623e+02,2.7021225084228865e+02,2.1872188790745108e+03,1.4727604792356219e+00,1.0000000000000000e+00,
1.3172985292111190e+00,7.2153186794706115e-01,1.0000000000000639e+00,0.0000000000000000e+00,4.4718288049567980e+02,3.7324612877841099e+02,9.9571675091649631e+03,7.6179231485620114e-01,1.0000000000000000e+00,
1.4080723106931232e+00,5.9550081087988260e-01,1.0000000000011104e+00,8.5896237984201272e-15,1.1200574913410958e+02,1.9615507091671577e+02,2.9127549084354860e+03,1.2182195717670958e+00,1.0000000000000000e+00,

