1
1
8
0
(3 0
((224,232) (255,255) (0,0))
((0,248) (127,255) (0,0))
((128,248) (223,255) (0,0))
)
3
FabOnDisk: Cell_D_00000 0
FabOnDisk: Cell_D_00000 49240
FabOnDisk: Cell_D_00000 114862

3,8
-2.3803382454712874e-01,-5.8732870064640419e-01,9.9591856358786734e-01,0.0000000000000000e+00,-8.5929618939676367e-01,-1.5402392715658400e+00,2.8339076677500685e-02,-4.8269562045490204e-03,
-7.9852108072838435e-02,1.1886495023820657e-05,9.9999999989863408e-01,0.0000000000000000e+00,-9.1802016202331771e-01,-4.0386100038446166e+01,2.2331410836697962e-01,-3.2781322297327625e-01,
2.1820498814271053e-01,-1.8965571842264053e-03,9.9999432063970617e-01,0.0000000000000000e+00,-3.2607298067790769e-01,-1.8431787601376959e-01,1.6939875755755686e+01,-4.9974897099336127e-03,

3,8
9.3860419746786872e-01,7.2979936240709694e-03,1.0013246766356849e+00,0.0000000000000000e+00,9.3903047669686941e+01,8.0327239767917888e+01,1.3683832279804849e+02,1.0204060773187835e+00,
9.3644897011133266e-01,2.4051464578594986e-01,1.0000001900418638e+00,0.0000000000000000e+00,5.4578828514526847e+01,2.0705058633779601e+01,1.4653787186047222e+02,-5.2312831569868105e-03,
9.3707558568489568e-01,7.9421541062919679e-04,1.0000036570918034e+00,0.0000000000000000e+00,7.2649015322450050e-02,5.9629146259181498e-01,3.1462803001917006e+01,1.7130566852273099e-02,

