1
1
8
0
(4 0
((240,224) (255,239) (0,0))
((224,240) (255,255) (0,0))
((0,248) (127,255) (0,0))
((128,248) (223,255) (0,0))
)
4
FabOnDisk: Cell_D_00000 0
FabOnDisk: Cell_D_00000 16472
FabOnDisk: Cell_D_00000 49328
FabOnDisk: Cell_D_00000 114950

4,8
-2.7653104731915185e-01,-6.3006657769919783e-01,9.9929293140326003e-01,0.0000000000000000e+00,-6.9188837322757379e-01,-1.4757046209956295e+00,5.3125197931667145e-02,-4.2656624474753935e-02,
-7.9530413137986089e-02,-6.4342022774428409e-01,9.9644913687503656e-01,0.0000000000000000e+00,-6.9024726801880121e-01,-1.2181247386904293e-01,1.7546734537148367e-01,-4.0794320738232533e-02,
-8.0805041029828453e-02,3.8810184578125966e-05,9.9999999999804423e-01,0.0000000000000000e+00,-9.0702750555446965e-01,-4.0403987808784564e+01,3.5530645294279850e-02,-3.1172813633817631e-01,
3.7481046193436068e-01,-4.2108727217290102e-06,9.9999562537734521e-01,0.0000000000000000e+00,-5.7472941246076381e-01,-4.5423899743219920e-02,1.5884989266906622e+01,-2.1129906586989683e-02,

4,8
4.1959583485172820e-02,-2.7046576296654204e-02,1.0000608869244143e+00,0.0000000000000000e+00,2.4161479121883604e+00,2.2822730014091448e+00,4.5491319713505113e+01,5.6540026666588535e-02,
9.5925270525289963e-01,2.8607640812098312e-02,1.0034095348060141e+00,0.0000000000000000e+00,9.3888201181186645e+01,8.0291063941098400e+01,1.3699848227652856e+02,1.0972717052719314e+00,
9.5216619842895689e-01,2.4046335779566805e-01,1.0000000000042859e+00,0.0000000000000000e+00,5.4566352194633751e+01,2.0706752280724164e+01,1.4653836577691814e+02,-8.8498150005933002e-03,
9.5929793251028839e-01,6.3667638376390303e-03,1.0000401461336790e+00,0.0000000000000000e+00,3.9895548077765852e-02,7.6343172364376954e-01,2.3823157948259496e+01,-1.7529592816044881e-03,

