1
1
9
0
(6 0
((80,232) (95,247) (0,0))
((96,232) (111,247) (0,0))
((80,248) (95,263) (0,0))
((96,248) (111,263) (0,0))
((80,264) (95,279) (0,0))
((96,264) (111,279) (0,0))
)
6
FabOnDisk: Cell_D_00000 0
FabOnDisk: Cell_D_00000 18518
FabOnDisk: Cell_D_00000 37037
FabOnDisk: Cell_D_00000 55555
FabOnDisk: Cell_D_00000 74074
FabOnDisk: Cell_D_00000 92592

6,9
-2.2597095281601526e-01,-7.8299424872620571e-01,0.0000000000000000e+00,0.0000000000000000e+00,-1.4138957009735309e+03,-8.7408935303733699e+02,0.0000000000000000e+00,-4.6054915253553528e+00,0.0000000000000000e+00,
-9.1964543163124399e-02,-1.1007549766920033e-01,0.0000000000000000e+00,0.0000000000000000e+00,-2.5060837549408461e+02,-9.2221060966125708e+02,0.0000000000000000e+00,-1.2098781596185171e+00,0.0000000000000000e+00,
0.0000000000000000e+00,-6.8020200923473395e-01,0.0000000000000000e+00,0.0000000000000000e+00,-6.3167094154570884e+02,-6.1063470673797963e+02,0.0000000000000000e+00,-4.7336351508448943e-01,0.0000000000000000e+00,
-7.6851915470237606e-02,-5.4792925862840625e-01,0.0000000000000000e+00,0.0000000000000000e+00,0.0000000000000000e+00,-4.4694954810485615e+02,0.0000000000000000e+00,-3.9037033219982131e-01,0.0000000000000000e+00,
-2.2597095281720384e-01,-1.9882786175617506e-01,0.0000000000000000e+00,0.0000000000000000e+00,-1.4138957008748018e+03,-5.0245693757773546e+02,0.0000000000000000e+00,-4.6054915246917636e+00,0.0000000000000000e+00,
-9.1964543163129728e-02,-6.7591539703054404e-01,0.0000000000000000e+00,0.0000000000000000e+00,-2.5060837534643792e+02,-1.0271768917329339e+03,0.0000000000000000e+00,-1.2098781596185249e+00,0.0000000000000000e+00,

6,9
1.7024008393679340e+00,1.9882786175699774e-01,1.0000000000000646e+00,1.1926720511944338e-12,0.0000000000000000e+00,5.0245693757763740e+02,1.2393251454535675e+04,2.3667034601381653e-01,1.0000000000000000e+00,
1.7139717083659456e+00,6.7591539703056991e-01,1.0000000000000258e+00,1.5061340286123103e-12,7.7970949913563913e+02,1.0271768918970390e+03,6.8320288654651613e+03,4.8128516073706606e+00,1.0000000000000000e+00,
5.8799202228820868e-01,6.8020200923475049e-01,1.0000000000000564e+00,9.9082782668555042e-13,1.3184186702488958e+02,6.1063470673797599e+02,2.2960557089507229e+03,5.8940611109734731e-01,1.0000000000000000e+00,
4.5643907012280704e-01,5.4792925862837616e-01,1.0000000000003693e+00,1.7303271005346399e-12,4.0081170111781955e+02,4.4694954810479999e+02,2.3687091685986247e+03,1.6874670104261016e+00,1.0000000000000000e+00,
1.7024008393679422e+00,7.8299424872620382e-01,1.0000000000000557e+00,1.1991091576042631e-12,0.0000000000000000e+00,8.7408935303728163e+02,1.2393251454519595e+04,2.3667034601381248e-01,1.0000000000000000e+00,
1.7139717083659556e+00,1.1007549766920824e-01,1.0000000000001494e+00,1.4967227568599646e-12,7.7970949913558468e+02,9.2221060966124287e+02,6.8320288654655251e+03,4.8128516069296214e+00,1.0000000000000000e+00,

