1
1
4
2
(5 0
((96,24) (127,63) (0,0))
((88,64) (127,127) (0,0))
((80,96) (87,111) (0,0))
((0,104) (47,127) (0,0))
((48,112) (87,127) (0,0))
)
5
FabOnDisk: SD_0_Old_MF_D_00000 0
FabOnDisk: SD_0_Old_MF_D_00000 50773
FabOnDisk: SD_0_Old_MF_D_00000 146603
FabOnDisk: SD_0_Old_MF_D_00000 154368
FabOnDisk: SD_0_Old_MF_D_00000 201046

5,4
-2.9603367872832564e-01,-2.9795023073986010e-01,9.9960745998008582e-01,0.0000000000000000e+00,
-4.0360623479397312e-01,-5.9213326923378540e-01,9.9492714855452269e-01,0.0000000000000000e+00,
-2.5192195780164989e-01,-4.6068503956790526e-02,9.9983971159934060e-01,0.0000000000000000e+00,
-2.3079126555034107e-01,-1.5635799144104531e-01,9.9200781169478547e-01,0.0000000000000000e+00,
-9.5116911437285234e-02,-1.3467047430520709e-01,9.9901683453327206e-01,0.0000000000000000e+00,

5,4
1.9830685554703267e-01,1.2558585505263836e-01,1.0006232510562632e+00,0.0000000000000000e+00,
9.1356262680458655e-01,2.3357668266302087e-01,1.0030598117281904e+00,0.0000000000000000e+00,
-7.8597304627614094e-04,1.2600003998799245e-01,1.0000190568223426e+00,0.0000000000000000e+00,
9.0414639903036997e-01,2.8869994583209196e-01,1.0115568850425583e+00,0.0000000000000000e+00,
9.1401057257406360e-01,1.4224169288648333e-01,1.0009549943291396e+00,0.0000000000000000e+00,

