1
1
1
1
(5 0
((96,24) (128,64) (1,1))
((88,64) (128,128) (1,1))
((80,96) (88,112) (1,1))
((0,104) (48,128) (1,1))
((48,112) (88,128) (1,1))
)
5
FabOnDisk: SD_1_New_MF_D_00000 0
FabOnDisk: SD_1_New_MF_D_00000 12125
FabOnDisk: SD_1_New_MF_D_00000 35259
FabOnDisk: SD_1_New_MF_D_00000 37016
FabOnDisk: SD_1_New_MF_D_00000 48118

5,1
-1.1521092706135616e+00,
-2.5713456638045589e+00,
-1.3523023428651526e-01,
-4.5995312411722553e+00,
-1.4619028996978569e+00,

5,1
9.3986338397687630e-01,
6.9437077889552299e+00,
1.1519425162582788e+00,
3.9645862227462392e-01,
1.0185000126807773e+00,

