1
1
2
1
(5 0
((96,24) (127,63) (0,0))
((88,64) (127,127) (0,0))
((80,96) (87,111) (0,0))
((0,104) (47,127) (0,0))
((48,112) (87,127) (0,0))
)
5
FabOnDisk: SD_2_Old_MF_D_00000 0
FabOnDisk: SD_2_Old_MF_D_00000 22933
FabOnDisk: SD_2_Old_MF_D_00000 67371
FabOnDisk: SD_2_Old_MF_D_00000 70336
FabOnDisk: SD_2_Old_MF_D_00000 91222

5,2
-7.0467564212946996e+01,-6.4918207529398543e+01,
-1.0447699457379392e+02,-1.1371429859660729e+02,
-4.0214986375200915e+01,-2.2470172623986258e+01,
-4.0804457401886403e+01,-4.2754437455312754e+01,
-3.1688728852863587e+01,-3.5280402961025182e+01,

5,2
6.2791176849326192e+01,4.7109913538500379e+01,
9.3041888134743871e+01,9.9337048644594987e+01,
1.1240432199487302e+01,5.0480922570350142e+00,
3.2034994926985419e+01,6.5999813776586578e+01,
4.8037591877033570e+01,4.3239409216367996e+01,

