1
1
4
4
(64 0
((0,0) (15,15) (0,0))
((16,0) (31,15) (0,0))
((32,0) (47,15) (0,0))
((48,0) (63,15) (0,0))
((64,0) (79,15) (0,0))
((80,0) (95,15) (0,0))
((96,0) (111,15) (0,0))
((112,0) (127,15) (0,0))
((0,16) (15,31) (0,0))
((16,16) (31,31) (0,0))
((32,16) (47,31) (0,0))
((48,16) (63,31) (0,0))
((64,16) (79,31) (0,0))
((80,16) (95,31) (0,0))
((96,16) (111,31) (0,0))
((112,16) (127,31) (0,0))
((0,32) (15,47) (0,0))
((16,32) (31,47) (0,0))
((32,32) (47,47) (0,0))
((48,32) (63,47) (0,0))
((64,32) (79,47) (0,0))
((80,32) (95,47) (0,0))
((96,32) (111,47) (0,0))
((112,32) (127,47) (0,0))
((0,48) (15,63) (0,0))
((16,48) (31,63) (0,0))
((32,48) (47,63) (0,0))
((48,48) (63,63) (0,0))
((64,48) (79,63) (0,0))
((80,48) (95,63) (0,0))
((96,48) (111,63) (0,0))
((112,48) (127,63) (0,0))
((0,64) (15,79) (0,0))
((16,64) (31,79) (0,0))
((32,64) (47,79) (0,0))
((48,64) (63,79) (0,0))
((64,64) (79,79) (0,0))
((80,64) (95,79) (0,0))
((96,64) (111,79) (0,0))
((112,64) (127,79) (0,0))
((0,80) (15,95) (0,0))
((16,80) (31,95) (0,0))
((32,80) (47,95) (0,0))
((48,80) (63,95) (0,0))
((64,80) (79,95) (0,0))
((80,80) (95,95) (0,0))
((96,80) (111,95) (0,0))
((112,80) (127,95) (0,0))
((0,96) (15,111) (0,0))
((16,96) (31,111) (0,0))
((32,96) (47,111) (0,0))
((48,96) (63,111) (0,0))
((64,96) (79,111) (0,0))
((80,96) (95,111) (0,0))
((96,96) (111,111) (0,0))
((112,96) (127,111) (0,0))
((0,112) (15,127) (0,0))
((16,112) (31,127) (0,0))
((32,112) (47,127) (0,0))
((48,112) (63,127) (0,0))
((64,112) (79,127) (0,0))
((80,112) (95,127) (0,0))
((96,112) (111,127) (0,0))
((112,112) (127,127) (0,0))
)
64
FabOnDisk: SD_0_Old_MF_D_00000 0
FabOnDisk: SD_0_Old_MF_D_00000 18516
FabOnDisk: SD_0_Old_MF_D_00000 37032
FabOnDisk: SD_0_Old_MF_D_00000 55548
FabOnDisk: SD_0_Old_MF_D_00000 74064
FabOnDisk: SD_0_Old_MF_D_00000 92580
FabOnDisk: SD_0_Old_MF_D_00000 111096
FabOnDisk: SD_0_Old_MF_D_00000 129613
FabOnDisk: SD_0_Old_MF_D_00000 148131
FabOnDisk: SD_0_Old_MF_D_00000 166647
FabOnDisk: SD_0_Old_MF_D_00000 185163
FabOnDisk: SD_0_Old_MF_D_00000 203679
FabOnDisk: SD_0_Old_MF_D_00000 222195
FabOnDisk: SD_0_Old_MF_D_00000 240711
FabOnDisk: SD_0_Old_MF_D_00000 259227
FabOnDisk: SD_0_Old_MF_D_00000 277744
FabOnDisk: SD_0_Old_MF_D_00000 296262
FabOnDisk: SD_0_Old_MF_D_00000 314778
FabOnDisk: SD_0_Old_MF_D_00000 333294
FabOnDisk: SD_0_Old_MF_D_00000 351810
FabOnDisk: SD_0_Old_MF_D_00000 370326
FabOnDisk: SD_0_Old_MF_D_00000 388842
FabOnDisk: SD_0_Old_MF_D_00000 407358
FabOnDisk: SD_0_Old_MF_D_00000 425875
FabOnDisk: SD_0_Old_MF_D_00000 444393
FabOnDisk: SD_0_Old_MF_D_00000 462909
FabOnDisk: SD_0_Old_MF_D_00000 481425
FabOnDisk: SD_0_Old_MF_D_00000 499941
FabOnDisk: SD_0_Old_MF_D_00000 518457
FabOnDisk: SD_0_Old_MF_D_00000 536973
FabOnDisk: SD_0_Old_MF_D_00000 555489
FabOnDisk: SD_0_Old_MF_D_00000 574006
FabOnDisk: SD_0_Old_MF_D_00000 592524
FabOnDisk: SD_0_Old_MF_D_00000 611040
FabOnDisk: SD_0_Old_MF_D_00000 629556
FabOnDisk: SD_0_Old_MF_D_00000 648072
FabOnDisk: SD_0_Old_MF_D_00000 666588
FabOnDisk: SD_0_Old_MF_D_00000 685104
FabOnDisk: SD_0_Old_MF_D_00000 703620
FabOnDisk: SD_0_Old_MF_D_00000 722137
FabOnDisk: SD_0_Old_MF_D_00000 740655
FabOnDisk: SD_0_Old_MF_D_00000 759171
FabOnDisk: SD_0_Old_MF_D_00000 777687
FabOnDisk: SD_0_Old_MF_D_00000 796203
FabOnDisk: SD_0_Old_MF_D_00000 814719
FabOnDisk: SD_0_Old_MF_D_00000 833235
FabOnDisk: SD_0_Old_MF_D_00000 851751
FabOnDisk: SD_0_Old_MF_D_00000 870268
FabOnDisk: SD_0_Old_MF_D_00000 888786
FabOnDisk: SD_0_Old_MF_D_00000 907303
FabOnDisk: SD_0_Old_MF_D_00000 925820
FabOnDisk: SD_0_Old_MF_D_00000 944337
FabOnDisk: SD_0_Old_MF_D_00000 962854
FabOnDisk: SD_0_Old_MF_D_00000 981371
FabOnDisk: SD_0_Old_MF_D_00000 999888
FabOnDisk: SD_0_Old_MF_D_00000 1018406
FabOnDisk: SD_0_Old_MF_D_00000 1036925
FabOnDisk: SD_0_Old_MF_D_00000 1055443
FabOnDisk: SD_0_Old_MF_D_00000 1073961
FabOnDisk: SD_0_Old_MF_D_00000 1092479
FabOnDisk: SD_0_Old_MF_D_00000 1110997
FabOnDisk: SD_0_Old_MF_D_00000 1129515
FabOnDisk: SD_0_Old_MF_D_00000 1148033
FabOnDisk: SD_0_Old_MF_D_00000 1166552

64,4
-4.7615680192955645e-01,-8.0932384831088688e-01,9.9999999999999967e-01,-3.8910948169455286e-11,
2.8068271525078292e-01,-6.4308206024943970e-01,9.9999999999999944e-01,1.7464300812514281e-11,
6.0688016879840423e-01,-8.6586862925638441e-02,9.9999999999999944e-01,1.1144926661795240e-11,
3.6994517349439987e-01,5.6313076489013731e-03,9.9999999999999967e-01,6.8453380346858105e-12,
1.7787789508423457e-01,4.5049566625678166e-03,1.0000000000000000e+00,4.1797259538166563e-12,
8.2296627072955958e-02,2.4402124342137507e-03,1.0000000000000000e+00,2.5520765156690907e-12,
3.7598653130392561e-02,1.2026183450221631e-03,9.9999999999999989e-01,1.5861500981106681e-12,
1.7133626225823657e-02,2.6998918096572807e-04,9.9999999999999944e-01,1.2554705717051425e-12,
-8.6174172837495633e-01,-2.6291440635270229e+00,9.9999999999999989e-01,-4.1866771958606012e-11,
5.0885339686047648e-01,-1.8387648876168601e+00,1.0000000000000000e+00,1.7987231773282715e-11,
6.8674061951511356e-01,-8.5896620970443899e-02,1.0000000000000000e+00,1.1471122733766385e-11,
1.9161436071112423e-01,2.3774414813245626e-01,1.0000000000000000e+00,7.0417356361353173e-12,
4.4624064907289783e-02,1.4553233486214234e-01,1.0000000000000000e+00,4.2974472087820534e-12,
1.0856827260601285e-02,7.5151119633457483e-02,1.0000000000000000e+00,2.6226319669136056e-12,
2.8964855296371018e-03,3.6221217520262777e-02,1.0000000000000000e+00,1.6292396621165909e-12,
6.6600436716637672e-04,8.0932875077064145e-03,9.9999999999999989e-01,1.2904147541921754e-12,
-9.7706927541909816e-01,-7.0141086174652436e+00,9.9999999999999956e-01,-4.4611767102550686e-11,
1.6385980993098663e+00,-5.9652759714388992e+00,1.0000000000000000e+00,1.9186658180141258e-11,
-2.4902238976105462e-01,3.2632466607905414e-01,9.9999999999999989e-01,1.2218979597342642e-11,
-4.0050578254921537e-01,5.2014122058776724e-01,1.0000000000000000e+00,7.4927386149626090e-12,
-3.1992225610069275e-01,2.2359068377905467e-01,1.0000000000000000e+00,4.5677859132419288e-12,
-1.6044650167882971e-01,9.1369604404477500e-02,1.0000000000000000e+00,2.7846776240512845e-12,
-7.4547542613569967e-02,3.9693366117794691e-02,1.0000000000000000e+00,1.7279814816322392e-12,
-3.4068068781561586e-02,8.6759408638536432e-03,9.9999999999999989e-01,1.3678851456614100e-12,
-2.2674003107981026e+01,-1.7974995142245085e+01,9.9999999999999800e-01,-4.7070973870469014e-11,
-2.7955495642207120e+44,-2.7955495642207120e+44,9.9999999999999956e-01,0.0000000000000000e+00,
-2.5687015822883112e+01,1.3914925550840565e-01,9.9999999999999967e-01,1.2945398269440057e-11,
-2.5820134689981802e+00,2.6765212151800964e-02,9.9999999999999989e-01,7.9382410404038887e-12,
-7.3844371953832200e-01,8.4073870386755303e-03,1.0000000000000000e+00,4.8352315769550291e-12,
-2.7820384893633870e-01,3.2398163224045436e-03,1.0000000000000000e+00,2.9448131777022109e-12,
-1.1661242937697319e-01,1.3733147663425815e-03,1.0000000000000000e+00,1.8256116802107989e-12,
-5.1016778033016782e-02,2.9862054527891814e-04,9.9999999999999989e-01,1.4444549589788933e-12,
-2.2674003107983580e+01,-3.4346885280206592e+01,9.9999999999999634e-01,-4.9213726318857126e-11,
-2.7955495642207120e+44,-2.7955495642207120e+44,9.9999999999999978e-01,0.0000000000000000e+00,
-2.5687015822883733e+01,-1.6013352051789091e+01,9.9999999999999989e-01,1.3587795243573221e-11,
-2.5820134689981873e+00,-1.8955885611354271e+00,1.0000000000000000e+00,8.3394689328057884e-12,
-7.3844371953832344e-01,-5.5941712252327958e-01,1.0000000000000000e+00,5.0758425235899359e-12,
-2.7820384893637579e-01,-2.0297023692574112e-01,1.0000000000000000e+00,3.0887781857223217e-12,
-1.1661242937696863e-01,-8.2853422004134189e-02,1.0000000000000000e+00,1.9133412515778692e-12,
-5.1016778032937152e-02,-3.6004567300145257e-02,1.0000000000000000e+00,1.5131727667981545e-12,
-9.7706927541951516e-01,-3.3747975449727313e+01,9.9999999999999645e-01,-5.0947061102073718e-11,
1.6385980993093952e+00,-3.9422830484417961e+00,1.0000000000000000e+00,2.2330117193650676e-11,
-2.4902238976093238e-01,-4.2291749434013655e+00,1.0000000000000000e+00,1.4193172572935003e-11,
-4.0050578255059133e-01,-1.8255450404958722e+00,1.0000000000000000e+00,8.6858478434155229e-12,
-3.1992225610159042e-01,-5.9620330724939019e-01,1.0000000000000000e+00,5.2819179596907575e-12,
-1.6044650167874930e-01,-2.4636434091596471e-01,1.0000000000000000e+00,3.2119127691400338e-12,
-7.4547542613614237e-02,-1.0981966425736114e-01,1.0000000000000000e+00,1.9882637454420264e-12,
-3.4068068781621434e-02,-4.9952421124632995e-02,1.0000000000000000e+00,1.5718785194986866e-12,
-8.6174172837383423e-01,-1.7867799309134003e+01,9.9999999999999711e-01,-5.2226071271220985e-11,
5.0885339686048559e-01,-1.5878899207366182e-01,1.0000000000000000e+00,2.3108600668202054e-11,
6.8674061951503507e-01,-8.2242857742024111e-01,1.0000000000000000e+00,1.4667835330573048e-11,
1.9161436071115615e-01,-7.9568502367983640e-01,1.0000000000000000e+00,8.9644164928864849e-12,
4.4624064907294855e-02,-4.8275043545112700e-01,1.0000000000000000e+00,5.4475550941188099e-12,
1.0856827264216468e-02,-2.3424917096257095e-01,1.0000000000000000e+00,3.3107654110732696e-12,
2.8964855296964619e-03,-1.0844391720424187e-01,1.0000000000000000e+00,2.0484046562885674e-12,
6.6600436704515045e-04,-4.9761326640553001e-02,1.0000000000000000e+00,1.6189406031315843e-12,
-4.7615680192933491e-01,-6.5481703939066112e+00,9.9999999999999589e-01,-5.3028675851511362e-11,
2.8068271524733368e-01,4.9531281226059560e-03,9.9999999999999722e-01,2.3636354556549838e-11,
6.0688016879864837e-01,-2.1476395035179399e-01,9.9999999999999911e-01,1.4996998423737692e-11,
3.6994517349574446e-01,-2.4396634115611898e-01,9.9999999999999956e-01,9.1613178543995430e-12,
1.7787789508421220e-01,-2.1700866630601207e-01,9.9999999999999956e-01,5.5649359877895710e-12,
8.2296627072983422e-02,-1.3211080370132400e-01,9.9999999999999967e-01,3.3808416728758972e-12,
3.7598653130354501e-02,-6.8144586552565473e-02,9.9999999999999978e-01,2.0909682530442300e-12,
1.7133626225754810e-02,-3.2834984021243553e-02,9.9999999999999989e-01,1.6523133454329785e-12,

64,4
4.2630918669967344e-01,6.5481703939062470e+00,1.0000000000000002e+00,2.0725125003910606e-11,
8.7709082276305883e-01,-4.9531281228369578e-03,1.0000000000000000e+00,2.1685198909037148e-11,
8.7809178246893516e-01,2.1476395035193199e-01,1.0000000000000000e+00,1.7478055266941897e-11,
6.5770803286755664e-01,2.4396634115642099e-01,1.0000000000000000e+00,1.1091189798258912e-11,
3.8405326048639987e-01,2.1700866630613455e-01,1.0000000000000000e+00,6.8038232194061760e-12,
2.0686720851620585e-01,1.3211080370155515e-01,1.0000000000000000e+00,4.1520348532535413e-12,
1.0193468675761098e-01,6.8144586552665337e-02,1.0000000000000000e+00,2.5345291892674835e-12,
4.8097423534798657e-02,3.2834984021000109e-02,1.0000000000000002e+00,1.5804034686971442e-12,
1.3986411825026739e+00,1.7867799309133975e+01,1.0000000000000007e+00,2.2138364349836174e-11,
2.0592162146667476e+00,1.5878899207470581e-01,1.0000000000000000e+00,2.3157561040693549e-11,
1.8333252804783144e+00,8.2242857742010267e-01,1.0000000000000000e+00,1.8637244875387696e-11,
7.1838104410900316e-01,7.9568502367975613e-01,1.0000000000000000e+00,1.1810416729196610e-11,
3.4920969008709152e-01,4.8275043545096230e-01,1.0000000000000000e+00,7.2371270397968772e-12,
1.6445622429535753e-01,2.3424917096273468e-01,1.0000000000000000e+00,4.4117240962410094e-12,
7.5290013599855030e-02,1.0844391720430252e-01,1.0000000000000000e+00,2.6902038506069165e-12,
3.4212387703070148e-02,4.9761326640717293e-02,1.0000000000000000e+00,1.6756441878289765e-12,
4.3581031430500428e+00,3.3747975449726596e+01,1.0000000000000013e+00,2.3568642580182673e-11,
8.1330261325397490e+00,3.9422830484428051e+00,1.0000000000000000e+00,2.4632038957885428e-11,
4.0481229214573782e+00,4.2291749434013477e+00,1.0000000000000000e+00,1.9739714861231930e-11,
6.8575931336019103e-01,1.8255450404957569e+00,1.0000000000000000e+00,1.2520766231359144e-11,
1.5422245856266290e-01,5.9620330724976400e-01,1.0000000000000000e+00,7.6708609744345813e-12,
2.9506932355243466e-02,2.4636434091639539e-01,1.0000000000000000e+00,4.6719879374344914e-12,
4.6650696220277505e-03,1.0981966425737551e-01,1.0000000000000000e+00,2.8461127680312573e-12,
2.4495681618475883e-04,4.9952421125031649e-02,1.0000000000000000e+00,1.7710155150658915e-12,
4.7200942575870624e+00,3.4346885280205342e+01,1.0000000000000011e+00,2.5452384014791178e-11,
1.1647674186761832e+02,1.4268033274068948e+03,1.0000000000000000e+40,2.8218952335550701e-11,
4.2617115328247879e+00,1.6013352051789031e+01,1.0000000000000000e+00,2.0066967165279154e-11,
-3.7309242221906841e-01,1.8955885611355019e+00,1.0000000000000000e+00,1.3150717346579910e-11,
-1.8106707573838504e-01,5.5941712252288067e-01,1.0000000000000000e+00,8.0625510201491439e-12,
-8.3063805712890015e-02,2.0297023692579982e-01,1.0000000000000000e+00,4.9068090065717064e-12,
-3.7756899671160429e-02,8.2853422004047814e-02,1.0000000000000000e+00,2.9866808743656297e-12,
-1.7142054305961822e-02,3.6004567299876729e-02,1.0000000000000000e+00,1.8569863979846541e-12,
4.7200942575903433e+00,1.7974995142244701e+01,1.0000000000000007e+00,2.5964849763997101e-11,
1.1647674186761708e+02,1.5889172509962846e+03,1.0000000000000000e+40,2.8404894755484191e-11,
4.2617115328247239e+00,-1.3914925550856594e-01,1.0000000000000002e+00,2.1709790843916108e-11,
-3.7309242221907984e-01,-2.6765212151757117e-02,1.0000000000000000e+00,1.3737747822319548e-11,
-1.8106707573822384e-01,-8.4073870387577181e-03,1.0000000000000000e+00,8.4014768364826354e-12,
-8.3063805713046904e-02,-3.2398163224176906e-03,1.0000000000000000e+00,5.1086248599184069e-12,
-3.7756899670876594e-02,-1.3733147663870808e-03,1.0000000000000000e+00,3.1072505373171483e-12,
-1.7142054305840922e-02,-2.9862054531959225e-04,1.0000000000000000e+00,1.9307086913730220e-12,
4.3581031430498900e+00,7.0141086174645650e+00,1.0000000000000004e+00,2.6793010777445071e-11,
8.1330261325402322e+00,5.9652759714383654e+00,1.0000000000000002e+00,2.8013570626644575e-11,
4.0481229214601910e+00,-3.2632466607888144e-01,1.0000000000000000e+00,2.2492059476810720e-11,
6.8575931335997431e-01,-5.2014122058787737e-01,1.0000000000000000e+00,1.4205138629830102e-11,
1.5422245856278866e-01,-2.2359068377898192e-01,1.0000000000000000e+00,8.6755095728344987e-12,
2.9506932355358326e-02,-9.1369604404664406e-02,1.0000000000000000e+00,5.2716272993149812e-12,
4.6650696222651951e-03,-3.9693366117964951e-02,1.0000000000000000e+00,3.2045708780164850e-12,
2.4495681612633481e-04,-8.6759408638475265e-03,1.0000000000000000e+00,1.9900961764479102e-12,
1.3986411825030138e+00,2.6291440635277010e+00,1.0000000000000004e+00,2.7430313910762963e-11,
2.0592162146682145e+00,1.8387648876175953e+00,1.0000000000000002e+00,2.8678616631390171e-11,
1.8333252804791917e+00,8.5896620970928719e-02,1.0000000000000000e+00,2.3021352376959211e-11,
7.1838104410922077e-01,-2.3774414813359604e-01,1.0000000000000000e+00,1.4533539016210982e-11,
3.4920969008683500e-01,-1.4553233486215825e-01,1.0000000000000000e+00,8.8717743872061582e-12,
1.6445622429515561e-01,-7.5151119633527719e-02,1.0000000000000000e+00,5.3885782377828891e-12,
7.5290013599649652e-02,-3.6221217520337863e-02,1.0000000000000000e+00,3.2744057947740098e-12,
3.4212387703139280e-02,-8.0932875076616222e-03,1.0000000000000000e+00,2.0326770720897380e-12,
4.2630918669962126e-01,8.0932384831087756e-01,1.0000000000000009e+00,2.7657664065864512e-11,
8.7709082276027428e-01,6.4308206024928161e-01,1.0000000000000007e+00,2.8921381592905361e-11,
8.7809178246801245e-01,8.6586862924939417e-02,1.0000000000000002e+00,2.3216209187708565e-11,
6.5770803286745150e-01,-5.6313076489920141e-03,1.0000000000000000e+00,1.4654381750206162e-11,
3.8405326048741506e-01,-4.5049566630532339e-03,1.0000000000000000e+00,8.9441365371855138e-12,
2.0686720851664858e-01,-2.4402124341286881e-03,1.0000000000000000e+00,5.4317312053269480e-12,
1.0193468675697205e-01,-1.2026183451526464e-03,1.0000000000000000e+00,3.3001743072248145e-12,
4.8097423534490223e-02,-2.6998918147315903e-04,1.0000000000000000e+00,2.0484279894232846e-12,

