1
1
9
0
(4 0
((32,112) (47,127) (0,0))
((48,112) (63,127) (0,0))
((32,128) (47,143) (0,0))
((48,128) (63,143) (0,0))
)
4
FabOnDisk: Cell_D_00000 0
FabOnDisk: Cell_D_00000 18518
FabOnDisk: Cell_D_00000 37036
FabOnDisk: Cell_D_00000 55554

4,9
0.0000000000000000e+00,-7.6451400564589600e-01,0.0000000000000000e+00,0.0000000000000000e+00,-9.1051126094053689e+02,-7.5992827679906156e+02,0.0000000000000000e+00,-1.0291640159593758e+00,0.0000000000000000e+00,
-8.3345045258733805e-02,-1.0773510640857323e-01,0.0000000000000000e+00,0.0000000000000000e+00,-7.8350254950804597e+01,-8.0703483869161118e+02,0.0000000000000000e+00,-1.0803764091947308e+00,0.0000000000000000e+00,
0.0000000000000000e+00,0.0000000000000000e+00,0.0000000000000000e+00,0.0000000000000000e+00,-9.1051126094063920e+02,-5.9493116856655547e+02,0.0000000000000000e+00,-1.0291640159593742e+00,0.0000000000000000e+00,
-8.3345045258648567e-02,-6.5762963960646292e-01,0.0000000000000000e+00,0.0000000000000000e+00,-7.8350254950859181e+01,-4.4521738180235076e+02,0.0000000000000000e+00,-1.0803764091947385e+00,0.0000000000000000e+00,

4,9
1.6707369511538761e+00,0.0000000000000000e+00,1.0000000000000886e+00,1.1845935476275771e-12,1.6977977521706831e+02,5.9493116856656297e+02,4.0691247202153286e+03,5.6025667500314547e-01,1.0000000000000000e+00,
1.6958966369238166e+00,6.5762963960647858e-01,1.0000000000001319e+00,1.7260416249588862e-12,5.4674399302635516e+02,4.4521738180230363e+02,4.8225069645850181e+03,1.7559001037293032e-01,1.0000000000000000e+00,
1.6707369511538808e+00,7.6451400564590244e-01,1.0000000000000839e+00,1.1910664037899693e-12,1.6977977521707479e+02,7.5992827679907407e+02,4.0691247202154955e+03,5.6025667500314613e-01,1.0000000000000000e+00,
1.6958966369238249e+00,1.0773510640859758e-01,1.0000000000003515e+00,1.7206186809859448e-12,5.4674399302627955e+02,8.0703483869163426e+02,4.8225069645851490e+03,1.7559001037292873e-01,1.0000000000000000e+00,

