1
1
8
0
(4 0
((96,104) (127,127) (0,0))
((0,120) (31,127) (0,0))
((32,120) (63,127) (0,0))
((64,120) (95,127) (0,0))
)
4
FabOnDisk: Cell_D_00002 0
FabOnDisk: Cell_D_00000 0
FabOnDisk: Cell_D_00003 0
FabOnDisk: Cell_D_00003 16470

4,8
-2.7593468929974385e-01,-6.3423780798326723e-01,9.9845546802535468e-01,0.0000000000000000e+00,-7.6542962641199430e-01,-1.5467547759672473e+00,1.9100627454760044e-04,-4.8480988897310229e-02,
-7.7822117225790341e-02,7.4353400212760225e-04,9.9999999999844325e-01,0.0000000000000000e+00,-5.6579167771061112e-01,-1.1249130697624386e+01,1.4610874506138138e-01,-2.0786684006691680e-01,
-2.2593534720755869e-03,1.1658820875654921e-04,9.9999999991803090e-01,0.0000000000000000e+00,-1.3441280611402404e-03,-4.5656675830348575e-02,4.3760898920205484e+00,-1.6862915023653519e-02,
5.2669828976023743e-02,4.6933845755709125e-05,9.9996411652405170e-01,0.0000000000000000e+00,-5.2940905402396515e-02,-6.4491109794697465e-02,6.2336847518645921e+00,-9.0184955807118255e-03,

4,8
9.1762970624976170e-01,4.9608494732602593e-02,1.0034697880711143e+00,0.0000000000000000e+00,6.2083378604021476e+01,3.5285323779698821e+01,7.0094279217366605e+01,8.5037007237717255e-01,
8.7735950015329101e-01,2.0783819580725746e-01,1.0000000000079126e+00,0.0000000000000000e+00,3.2303679480629143e+01,2.4033224795881187e+00,7.5665255167795948e+01,-1.3944989879626944e-02,
9.0487489629822349e-01,3.6256295890419996e-02,1.0000000000038187e+00,0.0000000000000000e+00,4.0146346522512429e-02,6.0281392415811014e-02,2.7082484426135778e+01,-9.0547181321301694e-03,
9.1046630822798591e-01,7.4630298996951373e-03,1.0000346716008948e+00,0.0000000000000000e+00,3.9986998124478000e-02,1.1332137613361212e-01,2.2428693969174802e+01,-1.4057029173431099e-03,

