1
1
8
0
(4 0
((0,0) (31,31) (0,0))
((32,0) (63,31) (0,0))
((0,32) (31,63) (0,0))
((32,32) (63,63) (0,0))
)
4
FabOnDisk: Cell_D_00000 0
FabOnDisk: Cell_D_00001 0
FabOnDisk: Cell_D_00002 0
FabOnDisk: Cell_D_00003 0

4,8
-3.2970222314693640e-02,-2.2821311482099736e-06,9.9999999999978340e-01,0.0000000000000000e+00,-1.5808040400948440e-03,-1.1329507707713205e-02,5.7361652130993868e-06,1.0173824553815779e-04,
-3.6798646388775377e-02,-3.9333961654293606e-02,9.9999999999912215e-01,0.0000000000000000e+00,-3.1249400360184526e-03,-1.1050282860285313e-02,6.2984485554862246e-07,1.7710430746282774e-03,
-6.7436306785920566e-02,1.0454145100847604e-03,9.9999999999924327e-01,0.0000000000000000e+00,-9.9613201871060653e-02,-2.4139538093907871e+00,8.1001342008557575e-06,-8.1116435778412030e-02,
-3.2309418612926155e-01,-6.5394894994932073e-01,9.9938032839781366e-01,0.0000000000000000e+00,-7.4980170447969396e-01,-1.2941548346149947e+00,1.5810726577136780e-06,-7.7281159185909151e-02,

4,8
2.2824538187917163e-06,2.6717486171180371e-02,1.0000000000012299e+00,0.0000000000000000e+00,1.0078754809684098e-02,6.3516930083000293e-04,4.4066808648594852e-01,3.2136113211655810e-03,
-7.1998487820514371e-08,5.8241492439805413e-03,1.0000000000026386e+00,0.0000000000000000e+00,2.0287967110164562e-02,1.5387878153818471e-02,6.4717228759886081e-01,7.8596248778742238e-03,
8.3312521917600435e-01,1.6305973695421255e-01,1.0000000000005345e+00,0.0000000000000000e+00,7.1810794022253566e+00,6.5118468738082214e-01,3.7147739347543371e+01,1.4242770791883593e-03,
8.7781746214765966e-01,1.1709368677101049e-01,1.0013280501570267e+00,0.0000000000000000e+00,2.2264701302338036e+01,1.5101130815628952e+01,3.3838339110472340e+01,5.9585677531992942e-01,

