1
1
1
1
(64 0
((0,0) (16,16) (1,1))
((16,0) (32,16) (1,1))
((32,0) (48,16) (1,1))
((48,0) (64,16) (1,1))
((64,0) (80,16) (1,1))
((80,0) (96,16) (1,1))
((96,0) (112,16) (1,1))
((112,0) (128,16) (1,1))
((0,16) (16,32) (1,1))
((16,16) (32,32) (1,1))
((32,16) (48,32) (1,1))
((48,16) (64,32) (1,1))
((64,16) (80,32) (1,1))
((80,16) (96,32) (1,1))
((96,16) (112,32) (1,1))
((112,16) (128,32) (1,1))
((0,32) (16,48) (1,1))
((16,32) (32,48) (1,1))
((32,32) (48,48) (1,1))
((48,32) (64,48) (1,1))
((64,32) (80,48) (1,1))
((80,32) (96,48) (1,1))
((96,32) (112,48) (1,1))
((112,32) (128,48) (1,1))
((0,48) (16,64) (1,1))
((16,48) (32,64) (1,1))
((32,48) (48,64) (1,1))
((48,48) (64,64) (1,1))
((64,48) (80,64) (1,1))
((80,48) (96,64) (1,1))
((96,48) (112,64) (1,1))
((112,48) (128,64) (1,1))
((0,64) (16,80) (1,1))
((16,64) (32,80) (1,1))
((32,64) (48,80) (1,1))
((48,64) (64,80) (1,1))
((64,64) (80,80) (1,1))
((80,64) (96,80) (1,1))
((96,64) (112,80) (1,1))
((112,64) (128,80) (1,1))
((0,80) (16,96) (1,1))
((16,80) (32,96) (1,1))
((32,80) (48,96) (1,1))
((48,80) (64,96) (1,1))
((64,80) (80,96) (1,1))
((80,80) (96,96) (1,1))
((96,80) (112,96) (1,1))
((112,80) (128,96) (1,1))
((0,96) (16,112) (1,1))
((16,96) (32,112) (1,1))
((32,96) (48,112) (1,1))
((48,96) (64,112) (1,1))
((64,96) (80,112) (1,1))
((80,96) (96,112) (1,1))
((96,96) (112,112) (1,1))
((112,96) (128,112) (1,1))
((0,112) (16,128) (1,1))
((16,112) (32,128) (1,1))
((32,112) (48,128) (1,1))
((48,112) (64,128) (1,1))
((64,112) (80,128) (1,1))
((80,112) (96,128) (1,1))
((96,112) (112,128) (1,1))
((112,112) (128,128) (1,1))
)
64
FabOnDisk: SD_1_Old_MF_D_00000 0
FabOnDisk: SD_1_Old_MF_D_00000 2972
FabOnDisk: SD_1_Old_MF_D_00000 5944
FabOnDisk: SD_1_Old_MF_D_00000 8916
FabOnDisk: SD_1_Old_MF_D_00000 11888
FabOnDisk: SD_1_Old_MF_D_00000 14860
FabOnDisk: SD_1_Old_MF_D_00000 17832
FabOnDisk: SD_1_Old_MF_D_00000 20805
FabOnDisk: SD_1_Old_MF_D_00000 23779
FabOnDisk: SD_1_Old_MF_D_00000 26751
FabOnDisk: SD_1_Old_MF_D_00000 29723
FabOnDisk: SD_1_Old_MF_D_00000 32695
FabOnDisk: SD_1_Old_MF_D_00000 35667
FabOnDisk: SD_1_Old_MF_D_00000 38639
FabOnDisk: SD_1_Old_MF_D_00000 41611
FabOnDisk: SD_1_Old_MF_D_00000 44584
FabOnDisk: SD_1_Old_MF_D_00000 47558
FabOnDisk: SD_1_Old_MF_D_00000 50530
FabOnDisk: SD_1_Old_MF_D_00000 53502
FabOnDisk: SD_1_Old_MF_D_00000 56474
FabOnDisk: SD_1_Old_MF_D_00000 59446
FabOnDisk: SD_1_Old_MF_D_00000 62418
FabOnDisk: SD_1_Old_MF_D_00000 65390
FabOnDisk: SD_1_Old_MF_D_00000 68363
FabOnDisk: SD_1_Old_MF_D_00000 71337
FabOnDisk: SD_1_Old_MF_D_00000 74309
FabOnDisk: SD_1_Old_MF_D_00000 77281
FabOnDisk: SD_1_Old_MF_D_00000 80253
FabOnDisk: SD_1_Old_MF_D_00000 83225
FabOnDisk: SD_1_Old_MF_D_00000 86197
FabOnDisk: SD_1_Old_MF_D_00000 89169
FabOnDisk: SD_1_Old_MF_D_00000 92142
FabOnDisk: SD_1_Old_MF_D_00000 95116
FabOnDisk: SD_1_Old_MF_D_00000 98088
FabOnDisk: SD_1_Old_MF_D_00000 101060
FabOnDisk: SD_1_Old_MF_D_00000 104032
FabOnDisk: SD_1_Old_MF_D_00000 107004
FabOnDisk: SD_1_Old_MF_D_00000 109976
FabOnDisk: SD_1_Old_MF_D_00000 112948
FabOnDisk: SD_1_Old_MF_D_00000 115921
FabOnDisk: SD_1_Old_MF_D_00000 118895
FabOnDisk: SD_1_Old_MF_D_00000 121867
FabOnDisk: SD_1_Old_MF_D_00000 124839
FabOnDisk: SD_1_Old_MF_D_00000 127811
FabOnDisk: SD_1_Old_MF_D_00000 130783
FabOnDisk: SD_1_Old_MF_D_00000 133755
FabOnDisk: SD_1_Old_MF_D_00000 136727
FabOnDisk: SD_1_Old_MF_D_00000 139700
FabOnDisk: SD_1_Old_MF_D_00000 142674
FabOnDisk: SD_1_Old_MF_D_00000 145647
FabOnDisk: SD_1_Old_MF_D_00000 148620
FabOnDisk: SD_1_Old_MF_D_00000 151593
FabOnDisk: SD_1_Old_MF_D_00000 154566
FabOnDisk: SD_1_Old_MF_D_00000 157539
FabOnDisk: SD_1_Old_MF_D_00000 160512
FabOnDisk: SD_1_Old_MF_D_00000 163486
FabOnDisk: SD_1_Old_MF_D_00000 166461
FabOnDisk: SD_1_Old_MF_D_00000 169435
FabOnDisk: SD_1_Old_MF_D_00000 172409
FabOnDisk: SD_1_Old_MF_D_00000 175383
FabOnDisk: SD_1_Old_MF_D_00000 178357
FabOnDisk: SD_1_Old_MF_D_00000 181331
FabOnDisk: SD_1_Old_MF_D_00000 184305
FabOnDisk: SD_1_Old_MF_D_00000 187280

64,1
-1.4879855654205451e-02,
-2.1125608078354535e-02,
-2.1529944185114180e-02,
-1.8914286067598447e-02,
-1.1743392668688403e-02,
-6.6878049891192486e-03,
-3.2910880964934766e-03,
-1.2998263720362521e-03,
-1.4275268028924535e-02,
-3.8015492742697471e-02,
-3.8854370802209819e-02,
-2.6296346819196150e-02,
-1.1471728235093044e-02,
-5.6992742546457115e-03,
-2.5700708429266909e-03,
-9.7204590369592088e-04,
-1.0726068417692705e-02,
-1.4363581371037759e-01,
-1.4543935005290479e-01,
-3.1232477445018746e-02,
-8.1671171372181862e-03,
-1.8901637096726967e-03,
-4.0679347396360742e-04,
-8.3238101862795859e-05,
1.8052048594067456e-02,
-1.0129886895558315e+00,
-1.0614299877642404e+00,
-2.5812937582558808e-02,
5.5162764550962728e-03,
2.5366064193260173e-03,
9.6199569798999089e-04,
0.0000000000000000e+00,
1.8073963585632395e-02,
-1.0130873557651057e+00,
-1.0617663317241064e+00,
-2.5808746618112933e-02,
5.5178712560098328e-03,
2.5375384904128937e-03,
9.6242521892348257e-04,
0.0000000000000000e+00,
-1.0710425438390993e-02,
-1.4361878180034821e-01,
-1.4542359033038257e-01,
-3.1225942795497404e-02,
-8.1623573611254701e-03,
-1.8872379232338927e-03,
-4.0508614811817618e-04,
-8.2449665231725197e-05,
-1.4261890206016986e-02,
-3.8002483123836785e-02,
-3.8842294313621760e-02,
-2.6288335341161338e-02,
-1.1465963221676850e-02,
-5.6955614501551718e-03,
-2.5678704322005144e-03,
-9.7102399845142300e-04,
-1.4867104000576068e-02,
-2.1114195862225200e-02,
-2.1519221964778453e-02,
-1.8905804396061817e-02,
-1.1737373666572763e-02,
-6.6838463280154128e-03,
-3.2887222669188104e-03,
-1.2987243376863088e-03,

64,1
-9.3296055256351044e-03,
-1.4275268028924535e-02,
-1.6785862763352078e-02,
-1.1471728235093044e-02,
-5.6992742546457115e-03,
-2.5700708429266909e-03,
-9.7204590369592088e-04,
0.0000000000000000e+00,
7.1723541611846461e-03,
-1.0726068417692705e-02,
-1.8914286067598447e-02,
-8.1671171372181862e-03,
-1.8901637096726967e-03,
-4.0679347396360742e-04,
-8.3238101862795859e-05,
0.0000000000000000e+00,
6.2465989231661891e-02,
1.8052048594067456e-02,
-2.5812937582558808e-02,
8.8223941193546224e-03,
8.8223941193546224e-03,
5.5162764550962728e-03,
2.5366064193260173e-03,
9.6199569798999089e-04,
3.1803749391476993e-01,
6.1106781638865482e-01,
2.1160576880754406e-01,
1.6744869702360571e-01,
3.2814268585926176e-02,
1.0471079818008740e-02,
4.0566281085952999e-03,
1.4471087750111957e-03,
3.1803749391476993e-01,
6.1106781638865482e-01,
2.1160576880754406e-01,
1.6744869702360571e-01,
3.2814268585926176e-02,
1.0471182847589227e-02,
4.0566281085952999e-03,
1.4471087750111957e-03,
6.2480624489496935e-02,
1.8073963585632395e-02,
-2.5808746618112933e-02,
8.8249045370915498e-03,
8.8249045370915498e-03,
5.5178712560098328e-03,
2.5375384904128937e-03,
9.6242521892348257e-04,
7.1877848374174427e-03,
-1.0710425438390993e-02,
-1.8905804396061817e-02,
-8.1623573611254701e-03,
-1.8872379232338927e-03,
-4.0508614811817618e-04,
-8.2449665231725197e-05,
0.0000000000000000e+00,
-9.3156607110194221e-03,
-1.4261890206016986e-02,
-1.6777350035604589e-02,
-1.1465963221676850e-02,
-5.6955614501551718e-03,
-2.5678704322005144e-03,
-9.7102399845142300e-04,
0.0000000000000000e+00,

