1
1
1
1
(9 0
((80,232) (96,248) (1,1))
((96,232) (112,248) (1,1))
((112,232) (128,248) (1,1))
((80,248) (96,264) (1,1))
((96,248) (112,264) (1,1))
((112,248) (128,264) (1,1))
((80,264) (96,280) (1,1))
((96,264) (112,280) (1,1))
((112,264) (128,280) (1,1))
)
9
FabOnDisk: SD_1_Old_MF_D_00000 0
FabOnDisk: SD_1_Old_MF_D_00000 2974
FabOnDisk: SD_1_Old_MF_D_00000 5949
FabOnDisk: SD_1_Old_MF_D_00000 8925
FabOnDisk: SD_1_Old_MF_D_00000 11899
FabOnDisk: SD_1_Old_MF_D_00000 14874
FabOnDisk: SD_1_Old_MF_D_00000 17850
FabOnDisk: SD_1_Old_MF_D_00000 20824
FabOnDisk: SD_1_Old_MF_D_00000 23799

9,1
-1.1664712966528766e+01,
-6.3296704223389657e+00,
-1.1411660638852346e+00,
-6.5911760464351404e-02,
-7.8070194062694898e-01,
-1.1411660638852346e+00,
-1.1664712964484805e+01,
-6.3296704206989984e+00,
-1.1411660638852068e+00,

9,1
2.3728700222447996e+00,
4.1138941472092432e+00,
-1.5741104245071141e-01,
2.3728700222447996e+00,
4.1138941485325073e+00,
3.5075096488887847e-02,
2.3728700219455074e+00,
4.1138941485325073e+00,
-1.5741104245067813e-01,

