1
1
1
1
(9 0
((80,232) (96,248) (1,1))
((96,232) (112,248) (1,1))
((112,232) (128,248) (1,1))
((80,248) (96,264) (1,1))
((96,248) (112,264) (1,1))
((112,248) (128,264) (1,1))
((80,264) (96,280) (1,1))
((96,264) (112,280) (1,1))
((112,264) (128,280) (1,1))
)
9
FabOnDisk: SD_1_New_MF_D_00000 0
FabOnDisk: SD_1_New_MF_D_00000 2974
FabOnDisk: SD_1_New_MF_D_00000 5949
FabOnDisk: SD_1_New_MF_D_00000 8925
FabOnDisk: SD_1_New_MF_D_00000 11899
FabOnDisk: SD_1_New_MF_D_00000 14874
FabOnDisk: SD_1_New_MF_D_00000 17850
FabOnDisk: SD_1_New_MF_D_00000 20824
FabOnDisk: SD_1_New_MF_D_00000 23799

9,1
-1.1626902291728351e+01,
-6.3162621763189106e+00,
-1.1316616729872220e+00,
-6.9969904727700788e-02,
-7.6822874178463885e-01,
-1.1316616729872220e+00,
-1.1626902289688939e+01,
-6.3162621746799221e+00,
-1.1316616729871907e+00,

9,1
2.3884833226507367e+00,
4.0660748897759991e+00,
-1.4758431157604168e-01,
2.3884833226507367e+00,
4.0660748910824429e+00,
5.3241724290979855e-02,
2.3884833223502437e+00,
4.0660748910824429e+00,
-1.4758431157600918e-01,

