1
1
9
0
(64 0
((0,0) (15,15) (0,0))
((16,0) (31,15) (0,0))
((32,0) (47,15) (0,0))
((48,0) (63,15) (0,0))
((64,0) (79,15) (0,0))
((80,0) (95,15) (0,0))
((96,0) (111,15) (0,0))
((112,0) (127,15) (0,0))
((0,16) (15,31) (0,0))
((16,16) (31,31) (0,0))
((32,16) (47,31) (0,0))
((48,16) (63,31) (0,0))
((64,16) (79,31) (0,0))
((80,16) (95,31) (0,0))
((96,16) (111,31) (0,0))
((112,16) (127,31) (0,0))
((0,32) (15,47) (0,0))
((16,32) (31,47) (0,0))
((32,32) (47,47) (0,0))
((48,32) (63,47) (0,0))
((64,32) (79,47) (0,0))
((80,32) (95,47) (0,0))
((96,32) (111,47) (0,0))
((112,32) (127,47) (0,0))
((0,48) (15,63) (0,0))
((16,48) (31,63) (0,0))
((32,48) (47,63) (0,0))
((48,48) (63,63) (0,0))
((64,48) (79,63) (0,0))
((80,48) (95,63) (0,0))
((96,48) (111,63) (0,0))
((112,48) (127,63) (0,0))
((0,64) (15,79) (0,0))
((16,64) (31,79) (0,0))
((32,64) (47,79) (0,0))
((48,64) (63,79) (0,0))
((64,64) (79,79) (0,0))
((80,64) (95,79) (0,0))
((96,64) (111,79) (0,0))
((112,64) (127,79) (0,0))
((0,80) (15,95) (0,0))
((16,80) (31,95) (0,0))
((32,80) (47,95) (0,0))
((48,80) (63,95) (0,0))
((64,80) (79,95) (0,0))
((80,80) (95,95) (0,0))
((96,80) (111,95) (0,0))
((112,80) (127,95) (0,0))
((0,96) (15,111) (0,0))
((16,96) (31,111) (0,0))
((32,96) (47,111) (0,0))
((48,96) (63,111) (0,0))
((64,96) (79,111) (0,0))
((80,96) (95,111) (0,0))
((96,96) (111,111) (0,0))
((112,96) (127,111) (0,0))
((0,112) (15,127) (0,0))
((16,112) (31,127) (0,0))
((32,112) (47,127) (0,0))
((48,112) (63,127) (0,0))
((64,112) (79,127) (0,0))
((80,112) (95,127) (0,0))
((96,112) (111,127) (0,0))
((112,112) (127,127) (0,0))
)
64
FabOnDisk: Cell_D_00000 0
FabOnDisk: Cell_D_00000 18514
FabOnDisk: Cell_D_00000 37029
FabOnDisk: Cell_D_00000 55544
FabOnDisk: Cell_D_00000 74059
FabOnDisk: Cell_D_00000 92574
FabOnDisk: Cell_D_00000 111089
FabOnDisk: Cell_D_00000 129605
FabOnDisk: Cell_D_00000 148122
FabOnDisk: Cell_D_00000 166637
FabOnDisk: Cell_D_00000 185153
FabOnDisk: Cell_D_00000 203669
FabOnDisk: Cell_D_00000 222185
FabOnDisk: Cell_D_00000 240701
FabOnDisk: Cell_D_00000 259217
FabOnDisk: Cell_D_00000 277734
FabOnDisk: Cell_D_00000 296252
FabOnDisk: Cell_D_00000 314767
FabOnDisk: Cell_D_00000 333283
FabOnDisk: Cell_D_00000 351799
FabOnDisk: Cell_D_00000 370315
FabOnDisk: Cell_D_00000 388831
FabOnDisk: Cell_D_00000 407347
FabOnDisk: Cell_D_00000 425864
FabOnDisk: Cell_D_00000 444382
FabOnDisk: Cell_D_00000 462897
FabOnDisk: Cell_D_00000 481413
FabOnDisk: Cell_D_00000 499929
FabOnDisk: Cell_D_00000 518445
FabOnDisk: Cell_D_00000 536961
FabOnDisk: Cell_D_00000 555477
FabOnDisk: Cell_D_00000 573994
FabOnDisk: Cell_D_00000 592512
FabOnDisk: Cell_D_00000 611027
FabOnDisk: Cell_D_00000 629543
FabOnDisk: Cell_D_00000 648059
FabOnDisk: Cell_D_00000 666575
FabOnDisk: Cell_D_00000 685091
FabOnDisk: Cell_D_00000 703607
FabOnDisk: Cell_D_00000 722124
FabOnDisk: Cell_D_00000 740642
FabOnDisk: Cell_D_00000 759157
FabOnDisk: Cell_D_00000 777673
FabOnDisk: Cell_D_00000 796189
FabOnDisk: Cell_D_00000 814705
FabOnDisk: Cell_D_00000 833221
FabOnDisk: Cell_D_00000 851737
FabOnDisk: Cell_D_00000 870254
FabOnDisk: Cell_D_00000 888772
FabOnDisk: Cell_D_00000 907288
FabOnDisk: Cell_D_00000 925805
FabOnDisk: Cell_D_00000 944322
FabOnDisk: Cell_D_00000 962839
FabOnDisk: Cell_D_00000 981356
FabOnDisk: Cell_D_00000 999873
FabOnDisk: Cell_D_00000 1018391
FabOnDisk: Cell_D_00000 1036910
FabOnDisk: Cell_D_00000 1055427
FabOnDisk: Cell_D_00000 1073945
FabOnDisk: Cell_D_00000 1092463
FabOnDisk: Cell_D_00000 1110981
FabOnDisk: Cell_D_00000 1129499
FabOnDisk: Cell_D_00000 1148017
FabOnDisk: Cell_D_00000 1166536

64,9
1.0000032237474692e+00,-5.1497462051581250e-03,9.9999999999999578e-01,-7.4537472503051772e-13,-3.6664099230365144e-01,3.5350995547858526e-03,3.6604123562636662e-05,3.8316017300716989e-03,1.0000000000000000e+00,
1.0036512403716695e+00,-3.7231374719441895e-03,9.9999999999998901e-01,7.7117149355520834e-13,-3.8174577126251880e-01,-1.5401651189500090e-01,4.5223139070614451e-05,9.4273421876252034e-04,1.0000000000000000e+00,
1.0048307151677451e+00,-1.2789670479704550e-04,9.9999999999998657e-01,1.5609642668675480e-12,-2.3480279933450071e-01,-1.6420187692190932e-01,8.8149882233011512e-07,-3.6917777793232538e-04,1.0000000000000000e+00,
1.0028319195793340e+00,5.0550448146593018e-05,9.9999999999998712e-01,2.2629028186550986e-12,-7.2372391698316774e-02,-1.0549010143048676e-01,2.1529092357822077e-06,-4.3668987026546709e-04,1.0000000000000000e+00,
1.0013657375305971e+00,3.4579392813894546e-05,9.9999999999999145e-01,2.8751001168968052e-12,-6.2206184147010068e-03,-2.4574242408540333e-02,5.9263317646069541e-06,-3.6140773099535366e-04,1.0000000000000000e+00,
1.0006468111302047e+00,1.8068635880419440e-05,9.9999999999999489e-01,3.3744355258004553e-12,7.6003063386594506e-03,-9.8316132540295781e-04,2.0117425412156942e-08,-1.9168793827843011e-04,1.0000000000000000e+00,
1.0003290736738577e+00,7.7848000255644119e-06,9.9999999999999500e-01,3.7429894947807005e-12,4.1894163417529832e-03,5.9080176359163394e-05,1.1698804015260710e-06,-1.0208392931064935e-04,1.0000000000000000e+00,
1.0002224877216048e+00,1.1324444518192504e-06,9.9999999999998890e-01,3.9678061074428609e-12,1.3940369870183286e-03,7.0620630852865076e-07,3.7243872796726123e-07,-4.1116402768834314e-05,1.0000000000000000e+00,
1.0000061475455566e+00,-1.5220575870112621e-02,9.9999999999999689e-01,-8.2182452432712807e-13,-1.3118296195501999e+00,1.2422899467784254e-01,1.2143488776483746e-04,4.4531517894611508e-03,1.0000000000000000e+00,
1.0053036119906542e+00,-1.0516374251163160e-02,9.9999999999999933e-01,7.8164031447534625e-13,-1.3172286623764342e+00,-8.2702008443413599e-01,7.6488465965748181e-05,-3.0130734963887099e-03,1.0000000000000000e+00,
1.0052808460041220e+00,9.8000834961485982e-06,9.9999999999999956e-01,1.5703114859369534e-12,-2.6136029819297224e-01,-7.8685959521766413e-01,5.8026101115021822e-06,-3.3152704374589748e-03,1.0000000000000000e+00,
1.0014027333539550e+00,1.8610834588062225e-03,1.0000000000000000e+00,2.2698606265649887e-12,-2.2610181843732400e-02,-1.7295991104608655e-01,9.2541019255237833e-05,-1.8921822206693049e-03,1.0000000000000000e+00,
1.0003283564300316e+00,1.1121058025962067e-03,1.0000000000000000e+00,2.8802990904317430e-12,1.5066301989171107e-02,-2.4972755833805749e-02,4.6023547368989615e-07,-5.1284343168068579e-04,1.0000000000000000e+00,
1.0000810357700833e+00,5.5605904255305073e-04,1.0000000000000000e+00,3.3784722403163536e-12,4.1432983555923664e-03,1.1189351033675250e-03,4.2593715342958971e-07,-1.9089805718972770e-04,1.0000000000000000e+00,
1.0000236746679978e+00,2.3478465664629618e-04,1.0000000000000000e+00,3.7463394830740333e-12,9.8470208488974590e-04,2.0413991661342853e-03,2.2055430874603349e-05,-8.5166850799439761e-05,1.0000000000000000e+00,
1.0000112620750174e+00,3.3939979877556734e-05,9.9999999999999800e-01,3.9707649882746680e-12,2.4744699727938615e-04,2.4869656520246447e-05,4.9863578926046676e-06,-3.1430831701632751e-05,1.0000000000000000e+00,
1.0000219687172496e+00,-3.9681994373224151e-02,9.9999999999999545e-01,-8.9656873451020804e-13,-7.6388567473053879e+00,2.6389975026677448e-01,8.8467261007141307e-05,6.3839990049424670e-03,1.0000000000000000e+00,
1.0125672961528682e+00,-3.7630918362862399e-02,9.9999999999999833e-01,7.7510394069535342e-13,-8.5415345098709512e+00,-8.2045121647867223e+00,5.2834982282035092e-04,-3.0381217842236678e-02,1.0000000000000000e+00,
9.9801391183250554e-01,3.3387406432116985e-03,9.9999999999999878e-01,1.5758425236431143e-12,-1.5756614243520087e-01,-3.0963583301724498e+00,1.3106471755119919e-06,-2.1333010198301507e-02,1.0000000000000000e+00,
9.9691732910154984e-01,3.9649079426082572e-03,9.9999999999999956e-01,2.2771116452081208e-12,1.2981027613929911e-02,-1.5457580604129295e-01,1.5229341787659223e-06,-2.3867968853215652e-03,1.0000000000000000e+00,
9.9754941634267047e-01,1.6827161445467937e-03,1.0000000000000000e+00,2.8871473419533279e-12,-1.1884734470306177e-02,2.0407792963519703e-02,3.4124708413185711e-06,-4.9118390355942115e-04,1.0000000000000000e+00,
9.9876717595409192e-01,6.7436640364140212e-04,1.0000000000000000e+00,3.3849279529238062e-12,-1.1541986910555352e-02,1.0026970826743455e-02,5.9426527993823586e-05,-1.0157988552366302e-04,1.0000000000000000e+00,
9.9941226551299678e-01,2.5885528324938467e-04,1.0000000000000000e+00,3.7527114806346232e-12,-6.8433807409557200e-03,3.5662979388766387e-03,4.1157322872519518e-05,-1.9483580371674411e-05,1.0000000000000000e+00,
9.9969784391417915e-01,3.6351577520001905e-05,9.9999999999999911e-01,3.9771865482194145e-12,-3.8398539301928982e-03,4.4447236735567344e-05,1.1543044241431842e-05,-3.2968560355504922e-06,1.0000000000000000e+00,
8.3876778658242745e-01,-1.1627460592143930e-01,9.9999999999997169e-01,-9.7616076363010581e-13,-1.6250679573744087e+01,4.4857422872101349e-01,2.5261260452325018e-03,1.3368085965669560e-02,1.0000000000000000e+00,
-7.1379368179976255e-02,-6.9903829703845421e-01,0.0000000000000000e+00,0.0000000000000000e+00,-7.6774774769487908e+02,-6.4888470932865005e+02,0.0000000000000000e+00,-8.4225899957221517e-01,0.0000000000000000e+00,
7.9837340321964700e-01,1.0457959703411889e-03,9.9999999999999400e-01,1.5906167758173739e-12,-2.9984994576079615e+01,-3.1710598573764401e+00,2.7693580789689420e-05,-3.0004165874900148e-02,1.0000000000000000e+00,
9.8062474782481102e-01,2.0041561535885712e-04,9.9999999999999867e-01,2.2900758727908356e-12,-1.1827022033930534e+00,9.9214755463069293e-03,1.7437192755772636e-04,-8.2672619208935035e-04,1.0000000000000000e+00,
9.9442598780717384e-01,6.3127343154537928e-05,9.9999999999999944e-01,2.8970624477440987e-12,-1.7089721777132547e-01,1.7944581989560891e-03,2.2182332580039611e-05,2.0524440962972621e-04,1.0000000000000000e+00,
9.9787837641284927e-01,2.3902342137611156e-05,1.0000000000000000e+00,3.3940510114308976e-12,-4.2364898983579639e-02,4.6522638340953134e-04,4.8508720236343280e-06,9.3649327779183323e-05,1.0000000000000000e+00,
9.9908527187689045e-01,8.9682286258936697e-06,1.0000000000000000e+00,3.7618621990209929e-12,-1.4343315685102840e-02,1.3416306978678971e-04,1.5713557123970536e-06,3.5524931496595685e-05,1.0000000000000000e+00,
9.9954925775319325e-01,1.2509482097243871e-06,9.9999999999999978e-01,3.9865185906331770e-12,-6.4451842073239675e-03,1.6685786647421467e-06,4.6261392810709222e-07,4.4119560838462041e-07,1.0000000000000000e+00,
8.3876778658242723e-01,1.4656987877461908e-04,9.9999999999996669e-01,-1.0152880482675266e-12,-1.6250679573742392e+01,-4.6736241724852647e+01,2.5261260435449628e-03,1.3368085965662116e-02,1.0000000000000000e+00,
-7.1379368179990743e-02,-5.8216046103114072e-01,0.0000000000000000e+00,0.0000000000000000e+00,-7.6774774769485498e+02,-5.9493116856655433e+02,0.0000000000000000e+00,-8.4225899957222761e-01,0.0000000000000000e+00,
7.9837340321964889e-01,-1.3479326058593435e-01,9.9999999999998512e-01,1.5988608145789139e-12,-2.9984994576077959e+01,-3.4423163842596381e+01,2.7693580545440355e-05,-3.0004165874901616e-02,1.0000000000000000e+00,
9.8062474782481079e-01,-1.4083295231325291e-02,9.9999999999999989e-01,2.3017582106165092e-12,-1.1827022033939090e+00,-9.8571400688693678e-01,1.7437192733429398e-04,-8.2672619208713489e-04,1.0000000000000000e+00,
9.9442598780717384e-01,-4.2009935172391752e-03,9.9999999999999989e-01,2.9064669089993321e-12,-1.7089721777204306e-01,-1.4193460447761747e-01,2.2182332312968090e-05,2.0524440963096214e-04,1.0000000000000000e+00,
9.9787837641284893e-01,-1.5266817651490466e-03,1.0000000000000000e+00,3.4036432724718417e-12,-4.2364898983754708e-02,-3.4319181698636091e-02,4.8508719280212489e-06,9.3649327779282446e-05,1.0000000000000000e+00,
9.9908527187689100e-01,-6.0967570246938687e-04,1.0000000000000000e+00,3.7720534410081920e-12,-1.4343315684667587e-02,-1.0349485957185279e-02,1.5713556865185030e-06,3.5524931497556471e-05,1.0000000000000000e+00,
9.9954925775319314e-01,-2.3071631596132474e-04,9.9999999999999978e-01,3.9971596506579924e-12,-6.4451842072305648e-03,-3.1598261266592587e-03,4.6261315624154277e-07,4.4119560808696525e-07,1.0000000000000000e+00,
1.0000219687172500e+00,5.2785137612698099e-04,9.9999999999996725e-01,-1.0557363852860012e-12,-7.6388567473046987e+00,-4.9340585779188615e+00,8.8467259365399009e-05,6.3839990049360156e-03,1.0000000000000000e+00,
1.0125672961528684e+00,-2.7635718561375717e-02,9.9999999999999800e-01,7.7627211274270611e-13,-8.5415345098711768e+00,-8.1066580566002910e-01,5.2834982303129330e-04,-3.0381217842239887e-02,1.0000000000000000e+00,
9.9801391183250598e-01,-2.9864213607101106e-02,9.9999999999999911e-01,1.5910521536621733e-12,-1.5756614243766781e-01,-6.2431545606333949e-01,1.3106476487445562e-06,-2.1333010198306166e-02,1.0000000000000000e+00,
9.9691732910154962e-01,-1.3581932810927672e-02,1.0000000000000000e+00,2.2990002892444564e-12,1.2981027612194598e-02,-5.3038558121254431e-01,1.5229350981693646e-06,-2.3867968853216884e-03,1.0000000000000000e+00,
9.9754941634267136e-01,-4.4933300526030758e-03,9.9999999999999989e-01,2.9120614653560936e-12,-1.1884734468653681e-02,-1.3451746888439070e-01,3.4124704992311017e-06,-4.9118390355580544e-04,1.0000000000000000e+00,
9.9876717595409226e-01,-1.8602775991563797e-03,1.0000000000000000e+00,3.4117807268280597e-12,-1.1541986911509297e-02,-3.4796316123657293e-02,5.9426526729210172e-05,-1.0157988552478208e-04,1.0000000000000000e+00,
9.9941226551299811e-01,-8.0866232827493732e-04,1.0000000000000000e+00,3.7815744322180456e-12,-6.8433807399440527e-03,-1.1355676280617330e-02,4.1157322121536041e-05,-1.9483580369220292e-05,1.0000000000000000e+00,
9.9969784391417937e-01,-3.1912356344948546e-04,9.9999999999999967e-01,4.0074248828756374e-12,-3.8398539285054508e-03,-3.7727422667532670e-03,1.1543043635948297e-05,-3.2968560344037214e-06,1.0000000000000000e+00,
1.0000061475455568e+00,1.3616356434355102e-04,9.9999999999997402e-01,-1.0891325190587347e-12,-1.3118296195460879e+00,-1.3690592124165804e+00,1.2143488968274774e-04,4.4531517894544079e-03,1.0000000000000000e+00,
1.0053036119906558e+00,-2.2056812437751955e-03,9.9999999999999900e-01,7.8309725985493045e-13,-1.3172286623760370e+00,-1.3961812228137899e-01,7.6488466925483944e-05,-3.0130734963907035e-03,1.0000000000000000e+00,
1.0052808460041232e+00,-6.3559296067902471e-03,9.9999999999999911e-01,1.5902611233156417e-12,-2.6136029819353324e-01,1.2004276782028508e-01,5.8026107732991883e-06,-3.3152704374612096e-03,1.0000000000000000e+00,
1.0014027333539555e+00,-6.1597297724115862e-03,9.9999999999999944e-01,2.2986139435679553e-12,-2.2610181843544436e-02,-1.1557874850376317e-02,9.2541018701167155e-05,-1.8921822206677051e-03,1.0000000000000000e+00,
1.0003283564300325e+00,-3.6838672025596162e-03,9.9999999999999967e-01,2.9150247215014147e-12,1.5066301985028455e-02,-2.1174048072769451e-02,4.6023491424157514e-07,-5.1284343167894478e-04,1.0000000000000000e+00,
1.0000810357700829e+00,-1.7739190458427628e-03,9.9999999999999967e-01,3.4177433678288589e-12,4.1432983589484102e-03,-1.8110048586768533e-02,4.2593730278928099e-07,-1.9089805719052857e-04,1.0000000000000000e+00,
1.0000236746679978e+00,-7.9868793226264443e-04,1.0000000000000000e+00,3.7891514077168256e-12,9.8470208058263568e-04,-9.1818222949359221e-03,2.2055431570400935e-05,-8.5166850798798848e-05,1.0000000000000000e+00,
1.0000112620750181e+00,-3.1775847285269576e-04,9.9999999999999967e-01,4.0158385133444908e-12,2.4744699689717556e-04,-3.4996390033115261e-03,4.9863576900540177e-06,-3.1430831699667262e-05,1.0000000000000000e+00,
1.0000032237474692e+00,3.2233578660413646e-06,9.9999999999995837e-01,-1.1105100118904587e-12,-3.6664099230313868e-01,-3.3770284182535237e-01,3.6604121814165502e-05,3.8316017300637833e-03,1.0000000000000000e+00,
1.0036512403716626e+00,1.5596169565802488e-05,9.9999999999996192e-01,7.8158916758020296e-13,-3.8174577125964687e-01,-9.2867635530491988e-02,4.5223138759014746e-05,9.4273421875969328e-04,1.0000000000000000e+00,
1.0048307151677429e+00,-1.8479462775755496e-03,9.9999999999999289e-01,1.5892412651400206e-12,-2.3480279933463910e-01,3.3910403999044239e-03,8.8149834274412614e-07,-3.6917777793146501e-04,1.0000000000000000e+00,
1.0028319195793347e+00,-1.9723334542789818e-03,9.9999999999999489e-01,2.2981613735018523e-12,-7.2372391701816155e-02,1.1582168017515318e-03,2.1529115602249294e-06,-4.3668987026384887e-04,1.0000000000000000e+00,
1.0013657375305980e+00,-1.6976167666816076e-03,9.9999999999999278e-01,2.9168674237963306e-12,-6.2206184134447739e-03,-7.5704040702251254e-06,5.9263328094851138e-06,-3.6140773099068465e-04,1.0000000000000000e+00,
1.0006468111302038e+00,-1.0086709988393941e-03,9.9999999999999278e-01,3.4214078478222334e-12,7.6003063426600933e-03,-3.4625662306238241e-03,2.0116555188125218e-08,-1.9168793827936331e-04,1.0000000000000000e+00,
1.0003290736738584e+00,-5.0243243384570581e-04,9.9999999999999523e-01,3.7939801580872843e-12,4.1894163439937489e-03,-3.3881070046911242e-03,1.1698809292235313e-06,-1.0208392930812483e-04,1.0000000000000000e+00,
1.0002224877216044e+00,-2.0899403329889123e-04,9.9999999999999778e-01,4.0212801756433980e-12,1.3940369939400977e-03,-1.7909032929756539e-03,3.7244080160420481e-07,-4.1116402765513064e-05,1.0000000000000000e+00,

64,9
1.0047935123540355e+00,-3.2233578661043813e-06,1.0000000000000016e+00,2.6856936669597800e-12,-9.5879154991180583e-03,3.3770284182425497e-01,2.9377730487467058e+00,6.4615009474700636e-03,1.0000000000000000e+00,
1.0070903402055584e+00,-1.5596169565668040e-05,1.0000000000000018e+00,1.5288269882848108e-12,-2.0235359513202980e-01,9.2867635529983186e-02,1.5320145406371496e-03,4.1466271787450135e-03,1.0000000000000000e+00,
1.0070511328414971e+00,1.8479462775759681e-03,1.0000000000000013e+00,2.2299037231122007e-12,-3.7049493161477792e-02,-3.3910403994791348e-03,1.2635598549057964e-03,1.4370521023768035e-03,1.0000000000000000e+00,
1.0050702304223709e+00,1.9723334542791145e-03,1.0000000000000013e+00,2.8450351544402302e-12,1.7404821930187001e-02,-1.1582168006289218e-03,2.2955673601868579e-03,1.1087632909187165e-04,1.0000000000000000e+00,
1.0029792259625525e+00,1.6976167666810629e-03,1.0000000000000011e+00,3.3507098949852122e-12,1.8480325863309988e-02,7.5704030295835941e-06,2.5045046975194149e-04,-1.9139543112820369e-04,1.0000000000000000e+00,
1.0015998727328121e+00,1.0086709988393761e-03,1.0000000000000009e+00,3.7271561594597532e-12,1.3937182456637142e-02,3.4625662303772982e-03,2.3959228906657239e-04,-9.2092530733502745e-05,1.0000000000000000e+00,
1.0008071077564853e+00,5.0243243384599768e-04,1.0000000000000009e+00,3.9608524866080633e-12,7.4892628620322095e-03,3.3881070050663419e-03,1.5962733433914900e-04,-3.5166770617994460e-05,1.0000000000000000e+00,
1.0004279428667004e+00,2.0899403329841283e-04,1.0000000000000033e+00,4.0431713979543161e-12,4.9467962068941770e-03,1.7909032923225650e-03,3.1569777576518753e-03,-4.3563655844322773e-07,1.0000000000000000e+00,
1.0111291739083159e+00,-1.3616356434381253e-04,1.0000000000000082e+00,2.8801703621425861e-12,-1.8829540744931452e-02,1.3690592124156860e+00,8.3822712801440300e+00,1.3889098442442589e-02,1.0000000000000000e+00,
1.0149366189165165e+00,2.2056812437744721e-03,1.0000000000000011e+00,1.5289945250953707e-12,-2.4980304016315985e-01,1.3961812228190590e-01,1.0446577572629373e-02,5.4004633454457756e-03,1.0000000000000000e+00,
1.0132159021729772e+00,6.3559296067902150e-03,1.0000000000000007e+00,2.2350941627075322e-12,2.2689350199206282e-01,-1.2004276782054993e-01,1.0959633475103592e-02,6.8820830775228909e-04,1.0000000000000000e+00,
1.0053286369935228e+00,6.1597297724124995e-03,1.0000000000000009e+00,2.8515596994823641e-12,2.1197083459594018e-01,1.1557874849170001e-02,4.5973939685028942e-03,-3.8992886753734328e-04,1.0000000000000000e+00,
1.0026684536519832e+00,3.6838672025595598e-03,1.0000000000000009e+00,3.3569587411225332e-12,7.2781114921183110e-02,2.1174048072274635e-02,3.3535034150850018e-04,-1.2456816014485558e-04,1.0000000000000000e+00,
1.0012623027806469e+00,1.7739190458427422e-03,1.0000000000000004e+00,3.7333118587455086e-12,1.8283849511295663e-02,1.8110048585759951e-02,1.0558720539843858e-04,-2.7801507137111738e-05,1.0000000000000000e+00,
1.0005931845256453e+00,7.9868793226220175e-04,1.0000000000000007e+00,3.9670432984985795e-12,7.3287676451636134e-03,9.1818222951385951e-03,7.5612428515961505e-05,-6.0955080411443829e-06,1.0000000000000000e+00,
1.0003032830494987e+00,3.1775847285257417e-04,1.0000000000000009e+00,4.0493924562800277e-12,3.9378460733429186e-03,3.4996390035303021e-03,4.7413263503754358e-03,-7.7327186649808182e-08,1.0000000000000000e+00,
1.0277299507790274e+00,-5.2785137612688265e-04,1.0000000000000120e+00,3.0602248980506496e-12,-6.9207064134852753e-02,4.9340585779211352e+00,1.7401571279887371e+01,4.2109185897922202e-02,1.0000000000000000e+00,
1.0545159412695959e+00,2.7635718561376345e-02,1.0000000000000018e+00,1.5419819451721266e-12,3.6737558903325658e+00,8.1066580565976842e-01,2.1978033780229861e-01,7.0853253939054742e-03,1.0000000000000000e+00,
1.0290976849608984e+00,2.9864213607100877e-02,1.0000000000000004e+00,2.2479776216580366e-12,3.8562252860836770e+00,6.2431545606333649e-01,1.7985503812365522e-01,-1.5127663710569597e-03,1.0000000000000000e+00,
1.0049722411307638e+00,1.3581932810927174e-02,1.0000000000000007e+00,2.8614566443603120e-12,5.2370809764068882e-01,5.3038558121299584e-01,5.0865790969106817e-03,2.4567184804385675e-04,1.0000000000000000e+00,
1.0011216936180751e+00,4.4933300526030055e-03,1.0000000000000000e+00,3.3659836598990366e-12,7.7629324925350740e-02,1.3451746888440153e-01,1.5170182027429702e-03,2.5660699475862269e-04,1.0000000000000000e+00,
1.0002135521164541e+00,1.8602775991564764e-03,1.0000000000000000e+00,3.7423302825664707e-12,1.6393672466071554e-02,3.4796316123614716e-02,3.6148237366022407e-04,1.7462084674819592e-04,1.0000000000000000e+00,
1.0000327346069620e+00,8.0866232827495033e-04,1.0000000000000000e+00,3.9762194112153258e-12,3.2907723614447721e-03,1.1355676281080132e-02,1.0740711970892367e-04,8.2243346656203761e-05,1.0000000000000000e+00,
1.0000006282068175e+00,3.1912356344919137e-04,1.0000000000000000e+00,4.0586604537449728e-12,6.3275193272158473e-04,3.7727422659495132e-03,4.7533648114768123e-03,3.0900108835575371e-05,1.0000000000000000e+00,
1.0288377744260071e+00,-1.4656987877429754e-04,1.0000000000000173e+00,3.2164094178186874e-12,5.5095582909226621e+01,4.6736241724852327e+01,1.7913879486986911e+01,2.2337978273648149e-01,1.0000000000000000e+00,
1.6288371163437554e+00,5.8216046103116392e-01,1.0000000000000722e+00,1.6786004606752547e-12,5.0740974825379948e+02,5.9493116856656661e+02,1.9814656736307866e+03,4.6812229655879828e-01,1.0000000000000000e+00,
1.0307313235604536e+00,1.3479326058593391e-01,1.0000000000000480e+00,2.2617820273631121e-12,1.6852670464014079e+01,3.4423163842594484e+01,5.8738612105873687e+00,8.7860896577009573e-02,1.0000000000000000e+00,
9.9714976063437644e-01,1.4083295231324537e-02,1.0000000000000002e+00,2.8710874820410734e-12,4.3637811175101138e-01,9.8571400688725586e-01,2.5783926499492460e-02,6.2241121905243146e-03,1.0000000000000000e+00,
9.9861114203751511e-01,4.2009935172390251e-03,1.0000000000000000e+00,3.3755926669799961e-12,-4.8406544980100965e-03,1.4193460447769021e-01,1.9929868995773037e-03,1.2932078553509095e-03,1.0000000000000000e+00,
9.9934757484204684e-01,1.5266817651487274e-03,1.0000000000000000e+00,3.7524779816410775e-12,-7.9141069283579085e-03,3.4319181697564836e-02,3.6493581040217965e-04,3.9916569492841217e-04,1.0000000000000000e+00,
9.9966970494749330e-01,6.0967570246945875e-04,1.0000000000000000e+00,3.9868207348754183e-12,-4.2450040744788434e-03,1.0349485956249743e-02,1.0142511807555848e-04,1.4580014906117046e-04,1.0000000000000000e+00,
9.9977714733330514e-01,2.3071631596113907e-04,1.0000000000000000e+00,4.0694274852095164e-12,-1.4118259468307852e-03,3.1598261265035183e-03,3.3962664045014248e-03,4.9728945266204499e-05,1.0000000000000000e+00,
1.0288377744260064e+00,1.1627460592144115e-01,1.0000000000000144e+00,3.3629599407207323e-12,5.5095582909227460e+01,-4.4857422872328928e-01,1.7913879486985699e+01,2.2337978273648096e-01,1.0000000000000000e+00,
1.6288371163437620e+00,6.9903829703846543e-01,1.0000000000003533e+00,1.6703121093678121e-12,5.0740974825380260e+02,6.4888470932866494e+02,1.9814656736306604e+03,4.6812229655879911e-01,1.0000000000000000e+00,
1.0307313235604556e+00,-1.0457959703420829e-03,1.0000000000000442e+00,2.2628407036913844e-12,1.6852670464013414e+01,3.1710598573762598e+00,5.8738612105846926e+00,8.7860896577010489e-02,1.0000000000000000e+00,
9.9714976063437699e-01,-2.0041561535985800e-04,1.0000000000000016e+00,2.8766974423254742e-12,4.3637811175039237e-01,-9.9214755460909354e-03,2.5783926500183574e-02,6.2241121905248810e-03,1.0000000000000000e+00,
9.9861114203751555e-01,-6.3127343154986693e-05,1.0000000000000009e+00,3.3837443785231238e-12,-4.8406544963451844e-03,-1.7944581992314303e-03,1.9929868992199506e-03,1.2932078553505879e-03,1.0000000000000000e+00,
9.9934757484204695e-01,-2.3902342137904179e-05,1.0000000000000000e+00,3.7620135916434799e-12,-7.9141069281056953e-03,-4.6522638373028036e-04,3.6493580999174408e-04,3.9916569492844123e-04,1.0000000000000000e+00,
9.9966970494749285e-01,-8.9682286260554733e-06,1.0000000000000000e+00,3.9971233277232904e-12,-4.2450040778532682e-03,-1.3416307084928274e-04,1.0142511738635285e-04,1.4580014906114883e-04,1.0000000000000000e+00,
9.9977714733330547e-01,-1.2509482094898576e-06,1.0000000000000000e+00,4.0799891156253074e-12,-1.4118259458782885e-03,-1.6685783482602503e-06,3.3962664026003413e-03,4.9728945265677116e-05,1.0000000000000000e+00,
1.0277299507790285e+00,3.9681994373224963e-02,1.0000000000000069e+00,3.4787226124645801e-12,-6.9207064137030538e-02,-2.6389975026519069e-01,1.7401571279886152e+01,4.2109185897910420e-02,1.0000000000000000e+00,
1.0545159412695975e+00,3.7630918362862260e-02,1.0000000000000024e+00,1.5504590908465586e-12,3.6737558903311949e+00,8.2045121647898185e+00,2.1978033780382933e-01,7.0853253938983384e-03,1.0000000000000000e+00,
1.0290976849608999e+00,-3.3387406432122458e-03,1.0000000000000011e+00,2.2601481617991837e-12,3.8562252860838293e+00,3.0963583301727975e+00,1.7985503812540660e-01,-1.5127663710537819e-03,1.0000000000000000e+00,
1.0049722411307620e+00,-3.9649079426082433e-03,1.0000000000000009e+00,2.8795019185829960e-12,5.2370809763358328e-01,1.5457580604271262e-01,5.0865790981971526e-03,2.4567184804584978e-04,1.0000000000000000e+00,
1.0011216936180751e+00,-1.6827161445468442e-03,1.0000000000000002e+00,3.3897071909007290e-12,7.7629324922253190e-02,-2.0407792965282362e-02,1.5170182031121193e-03,2.5660699475987911e-04,1.0000000000000000e+00,
1.0002135521164564e+00,-6.7436640364117390e-04,1.0000000000000000e+00,3.7696717860315366e-12,1.6393672465702454e-02,-1.0026970825361440e-02,3.6148237385069670e-04,1.7462084674832421e-04,1.0000000000000000e+00,
1.0000327346069620e+00,-2.5885528324965523e-04,1.0000000000000000e+00,4.0056452387988340e-12,3.2907723615028333e-03,-3.5662979387808820e-03,1.0740712001926569e-04,8.2243346655836271e-05,1.0000000000000000e+00,
1.0000006282068177e+00,-3.6351577520143820e-05,1.0000000000000000e+00,4.0887949850124547e-12,6.3275193219739629e-04,-4.4447237361081578e-05,4.7533648118727135e-03,3.0900108836072308e-05,1.0000000000000000e+00,
1.0111291739083177e+00,1.5220575870112182e-02,1.0000000000000036e+00,3.5632104908293575e-12,-1.8829540744767954e-02,-1.2422899467772491e-01,8.3822712801437156e+00,1.3889098442430130e-02,1.0000000000000000e+00,
1.0149366189165181e+00,1.0516374251163049e-02,1.0000000000000013e+00,1.5440982374921737e-12,-2.4980304016243476e-01,8.2702008443237396e-01,1.0446577570706606e-02,5.4004633454412636e-03,1.0000000000000000e+00,
1.0132159021729772e+00,-9.8000834959316392e-06,1.0000000000000007e+00,2.2571288646368291e-12,2.2689350199451680e-01,7.8685959521750426e-01,1.0959633476506636e-02,6.8820830774922849e-04,1.0000000000000000e+00,
1.0053286369935224e+00,-1.8610834588062423e-03,1.0000000000000007e+00,2.8812673240449186e-12,2.1197083459624369e-01,1.7295991104596437e-01,4.5973939689497589e-03,-3.8992886753293356e-04,1.0000000000000000e+00,
1.0026684536519828e+00,-1.1121058025958894e-03,1.0000000000000007e+00,3.3934207847846370e-12,7.2781114920346210e-02,2.4972755834871328e-02,3.3535034093881699e-04,-1.2456816014631977e-04,1.0000000000000000e+00,
1.0012623027806475e+00,-5.5605904255316859e-04,1.0000000000000000e+00,3.7746310578504487e-12,1.8283849508736745e-02,-1.1189351047169677e-03,1.0558720543330652e-04,-2.7801507134438115e-05,1.0000000000000000e+00,
1.0005931845256464e+00,-2.3478465664636763e-04,1.0000000000000000e+00,4.0112762118482193e-12,7.3287676431764235e-03,-2.0413991647948706e-03,7.5612428842349727e-05,-6.0955080397201359e-06,1.0000000000000000e+00,
1.0003032830494973e+00,-3.3939979877925275e-05,1.0000000000000000e+00,4.0946482373799392e-12,3.9378460737843624e-03,-2.4869657591985830e-05,4.7413263522765401e-03,-7.7327186530367365e-08,1.0000000000000000e+00,
1.0047935123540364e+00,5.1497462051557077e-03,1.0000000000000084e+00,3.6192986765686384e-12,-9.5879154976671356e-03,-3.5350995537016504e-03,2.9377730487463212e+00,6.4615009474659575e-03,1.0000000000000000e+00,
1.0070903402055600e+00,3.7231374719437806e-03,1.0000000000000071e+00,1.5447992469590252e-12,-2.0235359513978629e-01,1.5401651189509555e-01,1.5320145407170336e-03,4.1466271787399291e-03,1.0000000000000000e+00,
1.0070511328414975e+00,1.2789670479819467e-04,1.0000000000000051e+00,2.2575925486053102e-12,-3.7049493161718398e-02,1.6420187692272367e-01,1.2635598542383181e-03,1.4370521023769659e-03,1.0000000000000000e+00,
1.0050702304223695e+00,-5.0550448146273884e-05,1.0000000000000007e+00,2.8824126654108578e-12,1.7404821929769332e-02,1.0549010142985976e-01,2.2955673602118379e-03,1.1087632909212984e-04,1.0000000000000000e+00,
1.0029792259625498e+00,-3.4579392813429478e-05,1.0000000000000004e+00,3.3950236646799350e-12,1.8480325861630467e-02,2.4574242409172428e-02,2.5045046370637055e-04,-1.9139543112632238e-04,1.0000000000000000e+00,
1.0015998727328119e+00,-1.8068635880548019e-05,1.0000000000000002e+00,3.7765758501855345e-12,1.3937182453497773e-02,9.8316132372093675e-04,2.3959229268196922e-04,-9.2092530732279493e-05,1.0000000000000000e+00,
1.0008071077564848e+00,-7.7848000254940438e-06,1.0000000000000000e+00,4.0134106956337283e-12,7.4892628609835267e-03,-5.9080175692062607e-05,1.5962733134722263e-04,-3.5166770616503147e-05,1.0000000000000000e+00,
1.0004279428667011e+00,-1.1324444519612117e-06,1.0000000000000013e+00,4.0968264246736514e-12,4.9467962087773936e-03,-7.0620443757467417e-07,3.1569777592805473e-03,-4.3563656060628058e-07,1.0000000000000000e+00,

