1
1
8
0
(4 0
((64,104) (95,127) (0,0))
((96,104) (127,127) (0,0))
((0,120) (31,127) (0,0))
((32,120) (63,127) (0,0))
)
4
FabOnDisk: Cell_D_00000 0
FabOnDisk: Cell_D_00002 0
FabOnDisk: Cell_D_00003 0
FabOnDisk: Cell_D_00003 16469

4,8
-8.1941974549471705e-02,-3.2805404049386228e-02,9.9960620398968592e-01,0.0000000000000000e+00,-4.0329994028373534e+01,-3.5780284230155154e+01,2.2488115226106664e-03,-4.8862912071291309e-01,
-3.1634991745026941e-01,-5.9003559990436139e-01,9.9862769305858234e-01,0.0000000000000000e+00,-7.1023761881720816e+01,-3.2423617980948080e+01,2.8719370603473848e-03,-3.0963093938089725e-01,
-9.8341333899059358e-02,8.7443011999352709e-04,9.9986814063773388e-01,0.0000000000000000e+00,-2.3477856553949316e+01,-1.1403307664902279e+02,1.8178370346328245e+00,-4.4501172202202710e-01,
-9.6324073988156393e-03,-3.6889657493637575e-02,9.9999982299308643e-01,0.0000000000000000e+00,-3.6157898521112015e+00,-1.3918352655977397e+01,3.5102530413296447e+00,-2.2531407121698654e-03,

4,8
8.9644717830097187e-01,4.3720099771298496e-02,1.0004976457561023e+00,0.0000000000000000e+00,4.1915633864183484e+01,2.9149125522795195e+01,2.5009353347990309e+01,1.0419718565375691e-01,
8.7490070912741269e-01,1.5772360950629405e-01,1.0006684300380986e+00,0.0000000000000000e+00,4.3283019138779753e+02,6.9103814842720885e+02,7.0418425841394608e+01,1.8333101152721309e+00,
8.7511674851804877e-01,2.9405936582407027e-01,1.0002358186613896e+00,0.0000000000000000e+00,3.6673765940411180e+01,3.5155229966963715e+00,7.5990164421138630e+01,1.6221956844595885e-02,
8.9722354426039830e-01,2.8947475914590980e-02,1.0000218595585730e+00,0.0000000000000000e+00,1.0705463366225562e+01,1.1953941105547536e+01,2.8161060748146429e+01,1.0891851727479041e-01,

