1
1
1
1
(6 0
((32,112) (48,128) (1,1))
((48,112) (64,128) (1,1))
((64,112) (72,128) (1,1))
((32,128) (48,144) (1,1))
((48,128) (64,144) (1,1))
((64,128) (72,144) (1,1))
)
6
FabOnDisk: SD_1_New_MF_D_00001 0
FabOnDisk: SD_1_New_MF_D_00003 0
FabOnDisk: SD_1_New_MF_D_00003 2974
FabOnDisk: SD_1_New_MF_D_00000 0
FabOnDisk: SD_1_New_MF_D_00002 0
FabOnDisk: SD_1_New_MF_D_00002 2974

6,1
-4.0715548498108078e-01,
-1.0101313162757417e+00,
-1.0609982875590103e+00,
-4.0686790827339336e-01,
-1.0097109174758983e+00,
-1.0603720464566486e+00,

6,1
6.4303038845068450e-01,
0.0000000000000000e+00,
-4.2284551217960265e-01,
6.4303038845068450e-01,
0.0000000000000000e+00,
-4.2292544340333660e-01,

