1
1
9
0
(64 0
((0,0) (15,15) (0,0))
((16,0) (31,15) (0,0))
((32,0) (47,15) (0,0))
((48,0) (63,15) (0,0))
((64,0) (79,15) (0,0))
((80,0) (95,15) (0,0))
((96,0) (111,15) (0,0))
((112,0) (127,15) (0,0))
((0,16) (15,31) (0,0))
((16,16) (31,31) (0,0))
((32,16) (47,31) (0,0))
((48,16) (63,31) (0,0))
((64,16) (79,31) (0,0))
((80,16) (95,31) (0,0))
((96,16) (111,31) (0,0))
((112,16) (127,31) (0,0))
((0,32) (15,47) (0,0))
((16,32) (31,47) (0,0))
((32,32) (47,47) (0,0))
((48,32) (63,47) (0,0))
((64,32) (79,47) (0,0))
((80,32) (95,47) (0,0))
((96,32) (111,47) (0,0))
((112,32) (127,47) (0,0))
((0,48) (15,63) (0,0))
((16,48) (31,63) (0,0))
((32,48) (47,63) (0,0))
((48,48) (63,63) (0,0))
((64,48) (79,63) (0,0))
((80,48) (95,63) (0,0))
((96,48) (111,63) (0,0))
((112,48) (127,63) (0,0))
((0,64) (15,79) (0,0))
((16,64) (31,79) (0,0))
((32,64) (47,79) (0,0))
((48,64) (63,79) (0,0))
((64,64) (79,79) (0,0))
((80,64) (95,79) (0,0))
((96,64) (111,79) (0,0))
((112,64) (127,79) (0,0))
((0,80) (15,95) (0,0))
((16,80) (31,95) (0,0))
((32,80) (47,95) (0,0))
((48,80) (63,95) (0,0))
((64,80) (79,95) (0,0))
((80,80) (95,95) (0,0))
((96,80) (111,95) (0,0))
((112,80) (127,95) (0,0))
((0,96) (15,111) (0,0))
((16,96) (31,111) (0,0))
((32,96) (47,111) (0,0))
((48,96) (63,111) (0,0))
((64,96) (79,111) (0,0))
((80,96) (95,111) (0,0))
((96,96) (111,111) (0,0))
((112,96) (127,111) (0,0))
((0,112) (15,127) (0,0))
((16,112) (31,127) (0,0))
((32,112) (47,127) (0,0))
((48,112) (63,127) (0,0))
((64,112) (79,127) (0,0))
((80,112) (95,127) (0,0))
((96,112) (111,127) (0,0))
((112,112) (127,127) (0,0))
)
64
FabOnDisk: Cell_D_00000 0
FabOnDisk: Cell_D_00000 18514
FabOnDisk: Cell_D_00000 37029
FabOnDisk: Cell_D_00000 55544
FabOnDisk: Cell_D_00000 74059
FabOnDisk: Cell_D_00000 92574
FabOnDisk: Cell_D_00000 111089
FabOnDisk: Cell_D_00000 129605
FabOnDisk: Cell_D_00000 148122
FabOnDisk: Cell_D_00000 166637
FabOnDisk: Cell_D_00000 185153
FabOnDisk: Cell_D_00000 203669
FabOnDisk: Cell_D_00000 222185
FabOnDisk: Cell_D_00000 240701
FabOnDisk: Cell_D_00000 259217
FabOnDisk: Cell_D_00000 277734
FabOnDisk: Cell_D_00000 296252
FabOnDisk: Cell_D_00000 314767
FabOnDisk: Cell_D_00000 333283
FabOnDisk: Cell_D_00000 351799
FabOnDisk: Cell_D_00000 370315
FabOnDisk: Cell_D_00000 388831
FabOnDisk: Cell_D_00000 407347
FabOnDisk: Cell_D_00000 425864
FabOnDisk: Cell_D_00000 444382
FabOnDisk: Cell_D_00000 462897
FabOnDisk: Cell_D_00000 481413
FabOnDisk: Cell_D_00000 499929
FabOnDisk: Cell_D_00000 518445
FabOnDisk: Cell_D_00000 536961
FabOnDisk: Cell_D_00000 555477
FabOnDisk: Cell_D_00000 573994
FabOnDisk: Cell_D_00000 592512
FabOnDisk: Cell_D_00000 611027
FabOnDisk: Cell_D_00000 629543
FabOnDisk: Cell_D_00000 648059
FabOnDisk: Cell_D_00000 666575
FabOnDisk: Cell_D_00000 685091
FabOnDisk: Cell_D_00000 703607
FabOnDisk: Cell_D_00000 722124
FabOnDisk: Cell_D_00000 740642
FabOnDisk: Cell_D_00000 759157
FabOnDisk: Cell_D_00000 777673
FabOnDisk: Cell_D_00000 796189
FabOnDisk: Cell_D_00000 814705
FabOnDisk: Cell_D_00000 833221
FabOnDisk: Cell_D_00000 851737
FabOnDisk: Cell_D_00000 870254
FabOnDisk: Cell_D_00000 888772
FabOnDisk: Cell_D_00000 907288
FabOnDisk: Cell_D_00000 925805
FabOnDisk: Cell_D_00000 944322
FabOnDisk: Cell_D_00000 962839
FabOnDisk: Cell_D_00000 981356
FabOnDisk: Cell_D_00000 999873
FabOnDisk: Cell_D_00000 1018391
FabOnDisk: Cell_D_00000 1036910
FabOnDisk: Cell_D_00000 1055427
FabOnDisk: Cell_D_00000 1073945
FabOnDisk: Cell_D_00000 1092463
FabOnDisk: Cell_D_00000 1110981
FabOnDisk: Cell_D_00000 1129499
FabOnDisk: Cell_D_00000 1148017
FabOnDisk: Cell_D_00000 1166536

64,9
1.0000032237474692e+00,-5.1497462051584781e-03,9.9999999999999556e-01,-7.4537472503084891e-13,-3.6664099230086955e-01,3.5350995554514660e-03,3.6604122590063945e-05,3.8316017299996116e-03,1.0000000000000000e+00,
1.0036512403716698e+00,-3.7231374719440143e-03,9.9999999999998934e-01,7.7117149355417699e-13,-3.8174577125868470e-01,-1.5401651189533438e-01,4.5223138259804698e-05,9.4273421870088572e-04,1.0000000000000000e+00,
1.0048307151677449e+00,-1.2789670479757104e-04,9.9999999999998668e-01,1.5609642668656146e-12,-2.3480279933156023e-01,-1.6420187692203495e-01,8.8149962030291407e-07,-3.6917777798282990e-04,1.0000000000000000e+00,
1.0028319195793345e+00,5.0550448146436358e-05,9.9999999999998723e-01,2.2629028186524098e-12,-7.2372391698172889e-02,-1.0549010142939674e-01,2.1529083240766009e-06,-4.3668987031287481e-04,1.0000000000000000e+00,
1.0013657375305967e+00,3.4579392813678126e-05,9.9999999999999178e-01,2.8751001168935414e-12,-6.2206184148954173e-03,-2.4574242408031636e-02,5.9263331111643683e-06,-3.6140773103452057e-04,1.0000000000000000e+00,
1.0006468111302036e+00,1.8068635880224751e-05,9.9999999999999478e-01,3.3744355257968013e-12,7.6003063434764168e-03,-9.8316132455447203e-04,2.0116292962987781e-08,-1.9168793830926553e-04,1.0000000000000000e+00,
1.0003290736738584e+00,7.7848000256083712e-06,9.9999999999999478e-01,3.7429894947768085e-12,4.1894163423438638e-03,5.9080176628668780e-05,1.1698801043625185e-06,-1.0208392933098739e-04,1.0000000000000000e+00,
1.0002224877216048e+00,1.1324444519219011e-06,9.9999999999998879e-01,3.9678061074388478e-12,1.3940369926102889e-03,7.0620533634913723e-07,3.7243882717853628e-07,-4.1116402778580485e-05,1.0000000000000000e+00,
1.0000061475455566e+00,-1.5220575870112682e-02,9.9999999999999700e-01,-8.2182452432738050e-13,-1.3118296195454207e+00,1.2422899467628215e-01,1.2143488752475173e-04,4.4531517893884503e-03,1.0000000000000000e+00,
1.0053036119906535e+00,-1.0516374251163417e-02,9.9999999999999933e-01,7.8164031447466346e-13,-1.3172286623780973e+00,-8.2702008443351871e-01,7.6488465821158980e-05,-3.0130734964496772e-03,1.0000000000000000e+00,
1.0052808460041229e+00,9.8000834960161324e-06,9.9999999999999956e-01,1.5703114859351127e-12,-2.6136029819742523e-01,-7.8685959521796867e-01,5.8026111622241916e-06,-3.3152704375179380e-03,1.0000000000000000e+00,
1.0014027333539544e+00,1.8610834588058095e-03,1.0000000000000000e+00,2.2698606265623654e-12,-2.2610181843363227e-02,-1.7295991104525346e-01,9.2541019347872067e-05,-1.8921822207184787e-03,1.0000000000000000e+00,
1.0003283564300318e+00,1.1121058025961852e-03,1.0000000000000000e+00,2.8802990904285009e-12,1.5066301993519861e-02,-2.4972755834333452e-02,4.6023701291003638e-07,-5.1284343172124428e-04,1.0000000000000000e+00,
1.0000810357700829e+00,5.5605904255307123e-04,1.0000000000000000e+00,3.3784722403126996e-12,4.1432983568323043e-03,1.1189351049869761e-03,4.2593608588076259e-07,-1.9089805722024883e-04,1.0000000000000000e+00,
1.0000236746679976e+00,2.3478465664620725e-04,1.0000000000000000e+00,3.7463394830701373e-12,9.8470208164235309e-04,2.0413991651530503e-03,2.2055432223177379e-05,-8.5166850819804168e-05,1.0000000000000000e+00,
1.0000112620750168e+00,3.3939979877339000e-05,9.9999999999999800e-01,3.9707649882706516e-12,2.4744700093967881e-04,2.4869658000928479e-05,4.9863565938497272e-06,-3.1430831711091344e-05,1.0000000000000000e+00,
1.0000219687172496e+00,-3.9681994373223922e-02,9.9999999999999545e-01,-8.9656873451068414e-13,-7.6388567473015279e+00,2.6389975026626572e-01,8.8467258066438070e-05,6.3839990048707830e-03,1.0000000000000000e+00,
1.0125672961528678e+00,-3.7630918362862420e-02,9.9999999999999822e-01,7.7510394069431187e-13,-8.5415345098674553e+00,-8.2045121647878290e+00,5.2834982301741551e-04,-3.0381217842299600e-02,1.0000000000000000e+00,
9.9801391183250521e-01,3.3387406432118564e-03,9.9999999999999878e-01,1.5758425236418808e-12,-1.5756614243431571e-01,-3.0963583301720177e+00,1.3106493029768629e-06,-2.1333010198359398e-02,1.0000000000000000e+00,
9.9691732910154951e-01,3.9649079426085721e-03,9.9999999999999944e-01,2.2771116452058784e-12,1.2981027612584290e-02,-1.5457580604243293e-01,1.5229333245880827e-06,-2.3867968853705417e-03,1.0000000000000000e+00,
9.9754941634266980e-01,1.6827161445465155e-03,1.0000000000000000e+00,2.8871473419501957e-12,-1.1884734467332977e-02,2.0407792963852027e-02,3.4124709745453341e-06,-4.9118390359790837e-04,1.0000000000000000e+00,
9.9876717595409170e-01,6.7436640364112500e-04,1.0000000000000000e+00,3.3849279529201655e-12,-1.1541986912122717e-02,1.0026970824684681e-02,5.9426526677341940e-05,-1.0157988555637757e-04,1.0000000000000000e+00,
9.9941226551299756e-01,2.5885528324918317e-04,1.0000000000000000e+00,3.7527114806307207e-12,-6.8433807383205996e-03,3.5662979389317036e-03,4.1157322431509442e-05,-1.9483580391362096e-05,1.0000000000000000e+00,
9.9969784391417971e-01,3.6351577519827362e-05,9.9999999999999911e-01,3.9771865482153917e-12,-3.8398539277954141e-03,4.4447237968498046e-05,1.1543044698965159e-05,-3.2968560447840920e-06,1.0000000000000000e+00,
8.3876778658242723e-01,-1.1627460592143964e-01,9.9999999999997147e-01,-9.7616076363179329e-13,-1.6250679573740975e+01,4.4857422871980790e-01,2.5261260443665279e-03,1.3368085965600124e-02,1.0000000000000000e+00,
-7.1379368179976324e-02,-6.9903829703845366e-01,0.0000000000000000e+00,0.0000000000000000e+00,-7.6774774769487738e+02,-6.4888470932864846e+02,0.0000000000000000e+00,-8.4225899957227401e-01,0.0000000000000000e+00,
7.9837340321964656e-01,1.0457959703411123e-03,9.9999999999999412e-01,1.5906167758172325e-12,-2.9984994576083892e+01,-3.1710598573770934e+00,2.7693581775012355e-05,-3.0004165874958744e-02,1.0000000000000000e+00,
9.8062474782481068e-01,2.0041561535894196e-04,9.9999999999999889e-01,2.2900758727896202e-12,-1.1827022033936117e+00,9.9214755454473530e-03,1.7437192755555796e-04,-8.2672619213712355e-04,1.0000000000000000e+00,
9.9442598780717373e-01,6.3127343154294036e-05,9.9999999999999944e-01,2.8970624477412024e-12,-1.7089721776939309e-01,1.7944582002383613e-03,2.2182332421610568e-05,2.0524440959868883e-04,1.0000000000000000e+00,
9.9787837641284849e-01,2.3902342137597078e-05,1.0000000000000000e+00,3.3940510114272896e-12,-4.2364898984323260e-02,4.6522638444701254e-04,4.8508722393661658e-06,9.3649327758997159e-05,1.0000000000000000e+00,
9.9908527187689011e-01,8.9682286259906109e-06,1.0000000000000000e+00,3.7618621990170937e-12,-1.4343315685059688e-02,1.3416306900370772e-04,1.5713549255251297e-06,3.5524931486667287e-05,1.0000000000000000e+00,
9.9954925775319259e-01,1.2509482098107785e-06,9.9999999999999967e-01,3.9865185906291542e-12,-6.4451842070064698e-03,1.6685784165087018e-06,4.6261248265485450e-07,4.4119560788496124e-07,1.0000000000000000e+00,
8.3876778658242779e-01,1.4656987877459764e-04,9.9999999999996658e-01,-1.0152880482683726e-12,-1.6250679573744499e+01,-4.6736241724850586e+01,2.5261260439224387e-03,1.3368085965587955e-02,1.0000000000000000e+00,
-7.1379368179991007e-02,-5.8216046103114050e-01,0.0000000000000000e+00,0.0000000000000000e+00,-7.6774774769485543e+02,-5.9493116856655388e+02,0.0000000000000000e+00,-8.4225899957229200e-01,0.0000000000000000e+00,
7.9837340321964856e-01,-1.3479326058593424e-01,9.9999999999998479e-01,1.5988608145781461e-12,-2.9984994576081206e+01,-3.4423163842595500e+01,2.7693580476051416e-05,-3.0004165874962963e-02,1.0000000000000000e+00,
9.8062474782481091e-01,-1.4083295231325151e-02,9.9999999999999989e-01,2.3017582106149861e-12,-1.1827022033938390e+00,-9.8571400688728583e-01,1.7437192730404474e-04,-8.2672619213701871e-04,1.0000000000000000e+00,
9.9442598780717351e-01,-4.2009935172391882e-03,9.9999999999999989e-01,2.9064669089965622e-12,-1.7089721777016831e-01,-1.4193460447762291e-01,2.2182332739270963e-05,2.0524440959958902e-04,1.0000000000000000e+00,
9.9787837641284849e-01,-1.5266817651489715e-03,1.0000000000000000e+00,3.4036432724682567e-12,-4.2364898983728583e-02,-3.4319181697893872e-02,4.8508719904333470e-06,9.3649327758723520e-05,1.0000000000000000e+00,
9.9908527187689089e-01,-6.0967570246936171e-04,1.0000000000000000e+00,3.7720534410043000e-12,-1.4343315685114062e-02,-1.0349485956674787e-02,1.5713543316628765e-06,3.5524931487880929e-05,1.0000000000000000e+00,
9.9954925775319314e-01,-2.3071631596134054e-04,9.9999999999999989e-01,3.9971596506539841e-12,-6.4451842072197644e-03,-3.1598261256241557e-03,4.6261260943772961e-07,4.4119560840619535e-07,1.0000000000000000e+00,
1.0000219687172500e+00,5.2785137612699508e-04,9.9999999999996736e-01,-1.0557363852863946e-12,-7.6388567473058444e+00,-4.9340585779205508e+00,8.8467259759528183e-05,6.3839990048630939e-03,1.0000000000000000e+00,
1.0125672961528687e+00,-2.7635718561376119e-02,9.9999999999999822e-01,7.7627211274090645e-13,-8.5415345098729905e+00,-8.1066580566058843e-01,5.2834982202376590e-04,-3.0381217842304766e-02,1.0000000000000000e+00,
9.9801391183250587e-01,-2.9864213607100513e-02,9.9999999999999900e-01,1.5910521536605315e-12,-1.5756614243550049e-01,-6.2431545606295302e-01,1.3106460153289312e-06,-2.1333010198364314e-02,1.0000000000000000e+00,
9.9691732910155040e-01,-1.3581932810927556e-02,1.0000000000000000e+00,2.2990002892420351e-12,1.2981027614449924e-02,-5.3038558121302548e-01,1.5229336111644010e-06,-2.3867968853712460e-03,1.0000000000000000e+00,
9.9754941634267191e-01,-4.4933300526032839e-03,9.9999999999999978e-01,2.9120614653531237e-12,-1.1884734468055750e-02,-1.3451746888364668e-01,3.4124705401705757e-06,-4.9118390359880718e-04,1.0000000000000000e+00,
9.9876717595409248e-01,-1.8602775991566252e-03,1.0000000000000000e+00,3.4117807268244634e-12,-1.1541986909958142e-02,-3.4796316124021488e-02,5.9426528259236278e-05,-1.0157988555379492e-04,1.0000000000000000e+00,
9.9941226551299789e-01,-8.0866232827518322e-04,1.0000000000000000e+00,3.7815744322141763e-12,-6.8433807405376638e-03,-1.1355676281356992e-02,4.1157322317885055e-05,-1.9483580390965678e-05,1.0000000000000000e+00,
9.9969784391417971e-01,-3.1912356344966641e-04,9.9999999999999967e-01,4.0074248828716469e-12,-3.8398539266956168e-03,-3.7727422664427220e-03,1.1543042631738561e-05,-3.2968560453332980e-06,1.0000000000000000e+00,
1.0000061475455568e+00,1.3616356434382798e-04,9.9999999999997380e-01,-1.0891325190591023e-12,-1.3118296195464050e+00,-1.3690592124161509e+00,1.2143488834492899e-04,4.4531517893834725e-03,1.0000000000000000e+00,
1.0053036119906551e+00,-2.2056812437749301e-03,9.9999999999999900e-01,7.8309725985389314e-13,-1.3172286623772629e+00,-1.3961812228125947e-01,7.6488465168902953e-05,-3.0130734964529181e-03,1.0000000000000000e+00,
1.0052808460041218e+00,-6.3559296067902168e-03,9.9999999999999922e-01,1.5902611233137024e-12,-2.6136029819452988e-01,1.2004276782098176e-01,5.8026115338019602e-06,-3.3152704375193414e-03,1.0000000000000000e+00,
1.0014027333539544e+00,-6.1597297724120328e-03,9.9999999999999944e-01,2.2986139435653058e-12,-2.2610181840999177e-02,-1.1557874849473893e-02,9.2541019969250016e-05,-1.8921822207185746e-03,1.0000000000000000e+00,
1.0003283564300325e+00,-3.6838672025595385e-03,9.9999999999999967e-01,2.9150247214982498e-12,1.5066301990705083e-02,-2.1174048071745420e-02,4.6023615560969455e-07,-5.1284343172139748e-04,1.0000000000000000e+00,
1.0000810357700831e+00,-1.7739190458426804e-03,9.9999999999999967e-01,3.4177433678252562e-12,4.1432983592155402e-03,-1.8110048584701690e-02,4.2593614121844148e-07,-1.9089805721811301e-04,1.0000000000000000e+00,
1.0000236746679976e+00,-7.9868793226234205e-04,1.0000000000000000e+00,3.7891514077129821e-12,9.8470208156153797e-04,-9.1818222950984414e-03,2.2055432552601367e-05,-8.5166850819687711e-05,1.0000000000000000e+00,
1.0000112620750170e+00,-3.1775847285285015e-04,9.9999999999999967e-01,4.0158385133405285e-12,2.4744699833735242e-04,-3.4996390042015954e-03,4.9863583463215927e-06,-3.1430831711130918e-05,1.0000000000000000e+00,
1.0000032237474692e+00,3.2233578660634442e-06,9.9999999999995803e-01,-1.1105100118908201e-12,-3.6664099229936464e-01,-3.3770284182509908e-01,3.6604122107724082e-05,3.8316017299900949e-03,1.0000000000000000e+00,
1.0036512403716604e+00,1.5596169565905528e-05,9.9999999999996181e-01,7.8158916757914253e-13,-3.8174577125730513e-01,-9.2867635528018092e-02,4.5223139062081780e-05,9.4273421869841873e-04,1.0000000000000000e+00,
1.0048307151677431e+00,-1.8479462775751378e-03,9.9999999999999301e-01,1.5892412651380625e-12,-2.3480279933422285e-01,3.3910403998513631e-03,8.8149829069157984e-07,-3.6917777798362315e-04,1.0000000000000000e+00,
1.0028319195793334e+00,-1.9723334542790802e-03,9.9999999999999500e-01,2.2981613734991801e-12,-7.2372391698479713e-02,1.1582168001556541e-03,2.1529112743858686e-06,-4.3668987031237087e-04,1.0000000000000000e+00,
1.0013657375305971e+00,-1.6976167666817594e-03,9.9999999999999312e-01,2.9168674237931205e-12,-6.2206184152173716e-03,-7.5704044597546798e-06,5.9263322218800624e-06,-3.6140773103294376e-04,1.0000000000000000e+00,
1.0006468111302032e+00,-1.0086709988393081e-03,9.9999999999999301e-01,3.4214078478186448e-12,7.6003063476370496e-03,-3.4625662301990337e-03,2.0116924662541558e-08,-1.9168793830681076e-04,1.0000000000000000e+00,
1.0003290736738570e+00,-5.0243243384595789e-04,9.9999999999999500e-01,3.7939801580834651e-12,4.1894163432376012e-03,-3.3881070038752435e-03,1.1698796307071154e-06,-1.0208392933012138e-04,1.0000000000000000e+00,
1.0002224877216050e+00,-2.0899403329859023e-04,9.9999999999999789e-01,4.0212801756394592e-12,1.3940369943381749e-03,-1.7909032934215320e-03,3.7243924721607619e-07,-4.1116402779814937e-05,1.0000000000000000e+00,

64,9
1.0047935123540355e+00,-3.2233578660685429e-06,1.0000000000000016e+00,2.6856936669596337e-12,-9.5879154945679654e-03,3.3770284182585064e-01,2.9377730487478160e+00,6.4615009473861255e-03,1.0000000000000000e+00,
1.0070903402055584e+00,-1.5596169566024000e-05,1.0000000000000016e+00,1.5288269882829284e-12,-2.0235359513018969e-01,9.2867635529538139e-02,1.5320145408751536e-03,4.1466271786743652e-03,1.0000000000000000e+00,
1.0070511328414964e+00,1.8479462775759467e-03,1.0000000000000016e+00,2.2299037231095552e-12,-3.7049493161022434e-02,-3.3910403992980188e-03,1.2635598538050276e-03,1.4370521023146748e-03,1.0000000000000000e+00,
1.0050702304223702e+00,1.9723334542788625e-03,1.0000000000000013e+00,2.8450351544369990e-12,1.7404821931937525e-02,-1.1582168012091597e-03,2.2955673603473198e-03,1.1087632903963559e-04,1.0000000000000000e+00,
1.0029792259625523e+00,1.6976167666812795e-03,1.0000000000000011e+00,3.3507098949815804e-12,1.8480325866998423e-02,7.5704026586136293e-06,2.5045046610259829e-04,-1.9139543115853552e-04,1.0000000000000000e+00,
1.0015998727328126e+00,1.0086709988393287e-03,1.0000000000000009e+00,3.7271561594558694e-12,1.3937182458340681e-02,3.4625662305818542e-03,2.3959229202360913e-04,-9.2092530754775889e-05,1.0000000000000000e+00,
1.0008071077564853e+00,5.0243243384604072e-04,1.0000000000000009e+00,3.9608524866040510e-12,7.4892628596718285e-03,3.3881070046135114e-03,1.5962733427049732e-04,-3.5166770628370065e-05,1.0000000000000000e+00,
1.0004279428666993e+00,2.0899403329887359e-04,1.0000000000000036e+00,4.0431713979502642e-12,4.9467962052288390e-03,1.7909032931133397e-03,3.1569777579453203e-03,-4.3563656019071526e-07,1.0000000000000000e+00,
1.0111291739083159e+00,-1.3616356434383473e-04,1.0000000000000087e+00,2.8801703621424819e-12,-1.8829540743038869e-02,1.3690592124146104e+00,8.3822712801435557e+00,1.3889098442360193e-02,1.0000000000000000e+00,
1.0149366189165157e+00,2.2056812437749617e-03,1.0000000000000011e+00,1.5289945250941204e-12,-2.4980304016209925e-01,1.3961812228114331e-01,1.0446577571330065e-02,5.4004633453750301e-03,1.0000000000000000e+00,
1.0132159021729776e+00,6.3559296067901621e-03,1.0000000000000009e+00,2.2350941627053144e-12,2.2689350199380542e-01,-1.2004276782101221e-01,1.0959633474173086e-02,6.8820830769143141e-04,1.0000000000000000e+00,
1.0053286369935233e+00,6.1597297724122263e-03,1.0000000000000009e+00,2.8515596994792626e-12,2.1197083459576238e-01,1.1557874850413321e-02,4.5973939683245646e-03,-3.8992886757663260e-04,1.0000000000000000e+00,
1.0026684536519834e+00,3.6838672025598764e-03,1.0000000000000009e+00,3.3569587411189151e-12,7.2781114917884804e-02,2.1174048071809396e-02,3.3535034069907821e-04,-1.2456816017813923e-04,1.0000000000000000e+00,
1.0012623027806460e+00,1.7739190458428361e-03,1.0000000000000004e+00,3.7333118587416215e-12,1.8283849509217687e-02,1.8110048584950827e-02,1.0558720595528481e-04,-2.7801507157022399e-05,1.0000000000000000e+00,
1.0005931845256444e+00,7.9868793226235311e-04,1.0000000000000009e+00,3.9670432984945623e-12,7.3287676467743710e-03,9.1818222941372901e-03,7.5612430456509921e-05,-6.0955080500093602e-06,1.0000000000000000e+00,
1.0003032830494984e+00,3.1775847285290924e-04,1.0000000000000009e+00,4.0493924562759701e-12,3.9378460755471884e-03,3.4996390015980517e-03,4.7413263493011372e-03,-7.7327187793649640e-08,1.0000000000000000e+00,
1.0277299507790278e+00,-5.2785137612690141e-04,1.0000000000000120e+00,3.0602248980504638e-12,-6.9207064133498114e-02,4.9340585779204673e+00,1.7401571279886330e+01,4.2109185897837256e-02,1.0000000000000000e+00,
1.0545159412695977e+00,2.7635718561376581e-02,1.0000000000000016e+00,1.5419819451720159e-12,3.6737558903335774e+00,8.1066580566047031e-01,2.1978033779934958e-01,7.0853253938361789e-03,1.0000000000000000e+00,
1.0290976849608988e+00,2.9864213607101391e-02,1.0000000000000007e+00,2.2479776216568774e-12,3.8562252860865369e+00,6.2431545606364902e-01,1.7985503812494308e-01,-1.5127663711052041e-03,1.0000000000000000e+00,
1.0049722411307638e+00,1.3581932810927108e-02,1.0000000000000007e+00,2.8614566443574689e-12,5.2370809763913606e-01,5.3038558121122381e-01,5.0865790972451363e-03,2.4567184800427448e-04,1.0000000000000000e+00,
1.0011216936180749e+00,4.4933300526030558e-03,1.0000000000000000e+00,3.3659836598954549e-12,7.7629324929087820e-02,1.3451746888460858e-01,1.5170182025070478e-03,2.5660699472130580e-04,1.0000000000000000e+00,
1.0002135521164555e+00,1.8602775991562591e-03,1.0000000000000000e+00,3.7423302825625820e-12,1.6393672466048760e-02,3.4796316124017360e-02,3.6148237338908679e-04,1.7462084671625484e-04,1.0000000000000000e+00,
1.0000327346069631e+00,8.0866232827484560e-04,1.0000000000000000e+00,3.9762194112113070e-12,3.2907723650801488e-03,1.1355676282222850e-02,1.0740712042787981e-04,8.2243346636320849e-05,1.0000000000000000e+00,
1.0000006282068186e+00,3.1912356344925968e-04,1.0000000000000000e+00,4.0586604537409153e-12,6.3275193432947596e-04,3.7727422663799701e-03,4.7533648122394774e-03,3.0900108826293848e-05,1.0000000000000000e+00,
1.0288377744260067e+00,-1.4656987877424176e-04,1.0000000000000171e+00,3.2164094178179935e-12,5.5095582909231894e+01,4.6736241724851574e+01,1.7913879486986843e+01,2.2337978273641351e-01,1.0000000000000000e+00,
1.6288371163437552e+00,5.8216046103116403e-01,1.0000000000000722e+00,1.6786004606496945e-12,5.0740974825380312e+02,5.9493116856656025e+02,1.9814656736307875e+03,4.6812229655873111e-01,1.0000000000000000e+00,
1.0307313235604536e+00,1.3479326058593374e-01,1.0000000000000484e+00,2.2617820273627360e-12,1.6852670464015478e+01,3.4423163842593134e+01,5.8738612105874903e+00,8.7860896576954145e-02,1.0000000000000000e+00,
9.9714976063437588e-01,1.4083295231324946e-02,1.0000000000000002e+00,2.8710874820383944e-12,4.3637811175297403e-01,9.8571400688673716e-01,2.5783926499615972e-02,6.2241121904760251e-03,1.0000000000000000e+00,
9.9861114203751500e-01,4.2009935172392853e-03,1.0000000000000000e+00,3.3755926669764386e-12,-4.8406544959839135e-03,1.4193460447759002e-01,1.9929868982238724e-03,1.2932078553119009e-03,1.0000000000000000e+00,
9.9934757484204617e-01,1.5266817651486367e-03,1.0000000000000000e+00,3.7524779816372009e-12,-7.9141069268036622e-03,3.4319181697705314e-02,3.6493580941824449e-04,3.9916569489632792e-04,1.0000000000000000e+00,
9.9966970494749263e-01,6.0967570246916482e-04,1.0000000000000000e+00,3.9868207348714092e-12,-4.2450040772641414e-03,1.0349485957681613e-02,1.0142511761342815e-04,1.4580014903972196e-04,1.0000000000000000e+00,
9.9977714733330492e-01,2.3071631596153128e-04,1.0000000000000000e+00,4.0694274852054694e-12,-1.4118259452318759e-03,3.1598261257322407e-03,3.3962664037371056e-03,4.9728945257545295e-05,1.0000000000000000e+00,
1.0288377744260064e+00,1.1627460592144122e-01,1.0000000000000142e+00,3.3629599407204052e-12,5.5095582909232050e+01,-4.4857422872284536e-01,1.7913879486985905e+01,2.2337978273641279e-01,1.0000000000000000e+00,
1.6288371163437620e+00,6.9903829703846510e-01,1.0000000000003513e+00,1.6703121092948829e-12,5.0740974825380636e+02,6.4888470932866881e+02,1.9814656736306633e+03,4.6812229655873139e-01,1.0000000000000000e+00,
1.0307313235604556e+00,-1.0457959703420458e-03,1.0000000000000440e+00,2.2628407036908347e-12,1.6852670464016228e+01,3.1710598573786841e+00,5.8738612105854147e+00,8.7860896576953632e-02,1.0000000000000000e+00,
9.9714976063437621e-01,-2.0041561535977451e-04,1.0000000000000016e+00,2.8766974423225859e-12,4.3637811175171137e-01,-9.9214755458271707e-03,2.5783926500606846e-02,6.2241121904761387e-03,1.0000000000000000e+00,
9.9861114203751522e-01,-6.3127343154900837e-05,1.0000000000000009e+00,3.3837443785195509e-12,-4.8406544977392316e-03,-1.7944581996711690e-03,1.9929868988657201e-03,1.2932078553120395e-03,1.0000000000000000e+00,
9.9934757484204739e-01,-2.3902342137636984e-05,1.0000000000000000e+00,3.7620135916396186e-12,-7.9141069263758499e-03,-4.6522638416928195e-04,3.6493580928380343e-04,3.9916569489643021e-04,1.0000000000000000e+00,
9.9966970494749241e-01,-8.9682286261367715e-06,1.0000000000000000e+00,3.9971233277193039e-12,-4.2450040764686796e-03,-1.3416306923494094e-04,1.0142511718260958e-04,1.4580014903956492e-04,1.0000000000000000e+00,
9.9977714733330536e-01,-1.2509482098559586e-06,1.0000000000000000e+00,4.0799891156212830e-12,-1.4118259468998251e-03,-1.6685779929894753e-06,3.3962664022460344e-03,4.9728945257391446e-05,1.0000000000000000e+00,
1.0277299507790272e+00,3.9681994373224797e-02,1.0000000000000071e+00,3.4787226124644072e-12,-6.9207064134360091e-02,-2.6389975026607493e-01,1.7401571279886006e+01,4.2109185897827181e-02,1.0000000000000000e+00,
1.0545159412695979e+00,3.7630918362862274e-02,1.0000000000000027e+00,1.5504590908456989e-12,3.6737558903342480e+00,8.2045121647897599e+00,2.1978033780292450e-01,7.0853253938245719e-03,1.0000000000000000e+00,
1.0290976849608995e+00,-3.3387406432121170e-03,1.0000000000000011e+00,2.2601481617976901e-12,3.8562252860853699e+00,3.0963583301713342e+00,1.7985503812318893e-01,-1.5127663711044877e-03,1.0000000000000000e+00,
1.0049722411307638e+00,-3.9649079426081636e-03,1.0000000000000009e+00,2.8795019185798768e-12,5.2370809763873649e-01,1.5457580604144883e-01,5.0865790977003278e-03,2.4567184800470984e-04,1.0000000000000000e+00,
1.0011216936180749e+00,-1.6827161445469056e-03,1.0000000000000002e+00,3.3897071908971456e-12,7.7629324927122559e-02,-2.0407792964920499e-02,1.5170182029192181e-03,2.5660699472054952e-04,1.0000000000000000e+00,
1.0002135521164548e+00,-6.7436640364135875e-04,1.0000000000000000e+00,3.7696717860277004e-12,1.6393672469922255e-02,-1.0026970825715348e-02,3.6148237350722146e-04,1.7462084671789987e-04,1.0000000000000000e+00,
1.0000327346069622e+00,-2.5885528324947574e-04,1.0000000000000000e+00,4.0056452387948742e-12,3.2907723611389603e-03,-3.5662979392244811e-03,1.0740711930516678e-04,8.2243346636632503e-05,1.0000000000000000e+00,
1.0000006282068186e+00,-3.6351577520092470e-05,1.0000000000000000e+00,4.0887949850084577e-12,6.3275193315470300e-04,-4.4447238001241765e-05,4.7533648118935519e-03,3.0900108827353568e-05,1.0000000000000000e+00,
1.0111291739083172e+00,1.5220575870112661e-02,1.0000000000000033e+00,3.5632104908291879e-12,-1.8829540741251930e-02,-1.2422899467509613e-01,8.3822712801459343e+00,1.3889098442345751e-02,1.0000000000000000e+00,
1.0149366189165168e+00,1.0516374251163021e-02,1.0000000000000013e+00,1.5440982374905323e-12,-2.4980304015956106e-01,8.2702008443384512e-01,1.0446577572295959e-02,5.4004633453674337e-03,1.0000000000000000e+00,
1.0132159021729779e+00,-9.8000834956618219e-06,1.0000000000000007e+00,2.2571288646344275e-12,2.2689350199308236e-01,7.8685959521855342e-01,1.0959633476628761e-02,6.8820830768954934e-04,1.0000000000000000e+00,
1.0053286369935233e+00,-1.8610834588061592e-03,1.0000000000000007e+00,2.8812673240417387e-12,2.1197083459808519e-01,1.7295991104511085e-01,4.5973939689442078e-03,-3.8992886757567802e-04,1.0000000000000000e+00,
1.0026684536519834e+00,-1.1121058025954200e-03,1.0000000000000007e+00,3.3934207847810694e-12,7.2781114922084084e-02,2.4972755834857883e-02,3.3535034139157982e-04,-1.2456816017642294e-04,1.0000000000000000e+00,
1.0012623027806458e+00,-5.5605904255338001e-04,1.0000000000000002e+00,3.7746310578466392e-12,1.8283849511176592e-02,-1.1189351046139223e-03,1.0558720545880695e-04,-2.7801507157260869e-05,1.0000000000000000e+00,
1.0005931845256457e+00,-2.3478465664642133e-04,1.0000000000000000e+00,4.0112762118442854e-12,7.3287676458636620e-03,-2.0413991646483559e-03,7.5612429755074484e-05,-6.0955080505560429e-06,1.0000000000000000e+00,
1.0003032830494971e+00,-3.3939979877629403e-05,1.0000000000000000e+00,4.0946482373759632e-12,3.9378460749690588e-03,-2.4869657593910638e-05,4.7413263508134856e-03,-7.7327186980422625e-08,1.0000000000000000e+00,
1.0047935123540368e+00,5.1497462051559072e-03,1.0000000000000082e+00,3.6192986765684691e-12,-9.5879154963222912e-03,-3.5350995545866196e-03,2.9377730487468523e+00,6.4615009473787694e-03,1.0000000000000000e+00,
1.0070903402055584e+00,3.7231374719436795e-03,1.0000000000000067e+00,1.5447992469571166e-12,-2.0235359514054516e-01,1.5401651189524765e-01,1.5320145419289548e-03,4.1466271786689685e-03,1.0000000000000000e+00,
1.0070511328414968e+00,1.2789670479792928e-04,1.0000000000000051e+00,2.2575925486026780e-12,-3.7049493158333127e-02,1.6420187692103091e-01,1.2635598531368121e-03,1.4370521023098397e-03,1.0000000000000000e+00,
1.0050702304223704e+00,-5.0550448146324733e-05,1.0000000000000007e+00,2.8824126654076792e-12,1.7404821930582501e-02,1.0549010142962036e-01,2.2955673604845364e-03,1.1087632903987517e-04,1.0000000000000000e+00,
1.0029792259625501e+00,-3.4579392814079226e-05,1.0000000000000004e+00,3.3950236646763759e-12,1.8480325866434093e-02,2.4574242409519099e-02,2.5045046444033205e-04,-1.9139543115782168e-04,1.0000000000000000e+00,
1.0015998727328113e+00,-1.8068635880346828e-05,1.0000000000000002e+00,3.7765758501817379e-12,1.3937182455469557e-02,9.8316132580519204e-04,2.3959228856523188e-04,-9.2092530754181543e-05,1.0000000000000000e+00,
1.0008071077564857e+00,-7.7848000248724199e-06,1.0000000000000000e+00,4.0134106956298032e-12,7.4892628608473934e-03,-5.9080177789836432e-05,1.5962733401232167e-04,-3.5166770628561861e-05,1.0000000000000000e+00,
1.0004279428667022e+00,-1.1324444520549437e-06,1.0000000000000016e+00,4.0968264246696835e-12,4.9467962064643194e-03,-7.0620452648037464e-07,3.1569777588512683e-03,-4.3563656073067970e-07,1.0000000000000000e+00,

