1
1
9
0
(6 0
((32,112) (47,127) (0,0))
((48,112) (63,127) (0,0))
((64,112) (71,127) (0,0))
((32,128) (47,143) (0,0))
((48,128) (63,143) (0,0))
((64,128) (71,143) (0,0))
)
6
FabOnDisk: Cell_D_00001 0
FabOnDisk: Cell_D_00003 0
FabOnDisk: Cell_D_00003 18518
FabOnDisk: Cell_D_00000 0
FabOnDisk: Cell_D_00002 0
FabOnDisk: Cell_D_00002 18518

6,9
0.0000000000000000e+00,-7.0291041157053213e-01,0.0000000000000000e+00,-3.0383178427331404e-15,-5.6478982050545676e+02,-2.1988081047807222e+02,0.0000000000000000e+00,-3.5799781572134520e-01,0.0000000000000000e+00,
-1.1297824793303262e+00,-5.3107485142752620e-01,0.0000000000000000e+00,-2.9138271561576143e-15,-3.1871688029540650e+02,-2.2541984067242888e+02,0.0000000000000000e+00,-9.8058457397941734e-01,0.0000000000000000e+00,
-1.2097025774211294e+00,-1.2937341660094004e-01,9.9999999999978406e-01,-1.0597236245751178e-16,-1.2177595813033633e+02,-2.5600589535990093e+02,3.6062768340961355e+00,-1.0541229974092419e+00,1.0000000000000000e+00,
0.0000000000000000e+00,0.0000000000000000e+00,0.0000000000000000e+00,-8.4008824460154822e-15,-5.6526033124719072e+02,-4.5917998974961336e+02,0.0000000000000000e+00,-3.5787231590983809e-01,0.0000000000000000e+00,
-1.1299644043148880e+00,-7.7389257623381030e-03,0.0000000000000000e+00,-2.1040233193704665e-15,-3.1878932951211476e+02,-1.7261375430724942e+02,0.0000000000000000e+00,-9.8022630901881158e-01,0.0000000000000000e+00,
-1.2096974183083824e+00,-3.1356450559052057e-01,9.9999999999989386e-01,-4.6699126113617385e-17,-1.2159762773300729e+02,-1.1080077442399804e+02,3.5964801316772395e+00,-1.0534375802426408e+00,1.0000000000000000e+00,

6,9
1.2701546744805041e+00,0.0000000000000000e+00,1.0000000000001390e+00,2.1090506225423588e-15,1.4806615992445541e+02,4.5887274362130859e+02,2.7976852775767857e+03,6.1225557138941000e-01,1.0000000000000000e+00,
1.5696639291122216e+00,7.7268110068414607e-03,1.0000000000010374e+00,1.3607693903928665e-15,1.0059545861637282e+02,1.7259821269666176e+02,1.9708990566660309e+03,0.0000000000000000e+00,1.0000000000000000e+00,
1.5855298288502155e+00,3.1370114534413868e-01,1.0000000000002567e+00,7.1297967021702536e-16,2.4153707407074012e+02,1.1110786692032103e+02,1.2009761315284879e+03,-4.5307953721690331e-01,1.0000000000000000e+00,
1.2701411952705464e+00,7.0288680685776561e-01,1.0000000000001790e+00,2.1668275669099425e-15,1.4802870067571510e+02,2.2126484250013920e+02,2.7979632101432853e+03,6.1226560430763044e-01,1.0000000000000000e+00,
1.5696442009651403e+00,5.3096612181910330e-01,1.0000000000012741e+00,8.2849452364287177e-15,1.0052859565786737e+02,2.2531093933186381e+02,1.9709673853199884e+03,0.0000000000000000e+00,1.0000000000000000e+00,
1.5855238741135751e+00,1.2935274093663726e-01,1.0000000000002380e+00,7.1137769463407835e-16,2.4066766883036263e+02,2.5586842184956282e+02,1.2010557056498842e+03,-4.5315173347707560e-01,1.0000000000000000e+00,

