1
1
9
0
(6 0
((32,112) (47,127) (0,0))
((48,112) (63,127) (0,0))
((64,112) (71,127) (0,0))
((32,128) (47,143) (0,0))
((48,128) (63,143) (0,0))
((64,128) (71,143) (0,0))
)
6
FabOnDisk: Cell_D_00000 0
FabOnDisk: Cell_D_00000 18518
FabOnDisk: Cell_D_00000 37036
FabOnDisk: Cell_D_00000 46338
FabOnDisk: Cell_D_00000 64856
FabOnDisk: Cell_D_00000 83374

6,9
0.0000000000000000e+00,-7.3787837404060541e-01,0.0000000000000000e+00,-2.3139923213835579e-12,-7.3278846531710815e+02,-3.8786955786393349e+02,0.0000000000000000e+00,-6.4423737707651330e-01,0.0000000000000000e+00,
-8.6990595408967497e-01,-6.8948282004243822e-01,0.0000000000000000e+00,-7.3623425063768412e-14,-5.5732020218386901e+02,-5.0649471882503576e+02,0.0000000000000000e+00,-1.0883711600305142e+00,0.0000000000000000e+00,
-8.6262600269640163e-03,1.9436120398734252e-02,9.9999999999981315e-01,6.1888360907419120e-14,-4.3575485784888528e+01,-2.7210273926614345e+01,3.6210407450765203e-02,-1.7179857569438586e-01,1.0000000000000000e+00,
0.0000000000000000e+00,0.0000000000000000e+00,0.0000000000000000e+00,-2.4364366564718249e-12,-7.3278846531739418e+02,-5.2978839279511897e+02,0.0000000000000000e+00,-6.4423737707661322e-01,0.0000000000000000e+00,
-8.6990595408958615e-01,-8.1184153521600844e-01,0.0000000000000000e+00,-8.3079447398369105e-14,-5.5732020218389391e+02,-5.3794261765790077e+02,0.0000000000000000e+00,-1.0883711600304828e+00,0.0000000000000000e+00,
-8.6262600269473438e-03,-6.5083400179758577e-01,9.9999999999993372e-01,5.7718201151068991e-14,-4.3575485784891455e+01,-2.1228487102220868e+02,3.6210407432113456e-02,-1.7179857569435905e-01,1.0000000000000000e+00,

6,9
1.4605785351686407e+00,0.0000000000000000e+00,1.0000000000000406e+00,1.4860353633870306e-12,1.6013417772082178e+02,5.2978839279499186e+02,3.2844194303738450e+03,5.9108343742457803e-01,1.0000000000000000e+00,
1.4999276583304173e+00,8.1184153521604419e-01,1.0000000000002327e+00,6.0462287309938214e-13,8.6076919559042756e+02,5.3794261765790691e+02,2.5302127884224437e+03,0.0000000000000000e+00,1.0000000000000000e+00,
1.1159811408931852e+00,6.5083400179759388e-01,1.0000000000001481e+00,1.2864009595062440e-13,3.7698336410180815e+02,2.1228487102223153e+02,2.6181656050481951e+02,1.5860318811215240e-01,1.0000000000000000e+00,
1.4605785351686704e+00,7.3787837404055245e-01,1.0000000000001881e+00,1.5447407353576440e-12,1.6013417772083054e+02,3.8786955786399909e+02,3.2844194303737313e+03,5.9108343742458769e-01,1.0000000000000000e+00,
1.4999276583303933e+00,6.8948282004251127e-01,1.0000000000002154e+00,6.2918279262599054e-13,8.6076919559044507e+02,5.0649471882509556e+02,2.5302127884225570e+03,0.0000000000000000e+00,1.0000000000000000e+00,
1.1159811408931801e+00,-1.9436120398744965e-02,1.0000000000001403e+00,1.2872474201416983e-13,3.7698336410179667e+02,2.7210273926600927e+01,2.6181656050473174e+02,1.5860318811215518e-01,1.0000000000000000e+00,

