1
1
9
0
(6 0
((80,232) (95,247) (0,0))
((96,232) (111,247) (0,0))
((80,248) (95,263) (0,0))
((96,248) (111,263) (0,0))
((80,264) (95,279) (0,0))
((96,264) (111,279) (0,0))
)
6
FabOnDisk: Cell_D_00000 0
FabOnDisk: Cell_D_00000 18518
FabOnDisk: Cell_D_00000 37037
FabOnDisk: Cell_D_00000 55555
FabOnDisk: Cell_D_00000 74074
FabOnDisk: Cell_D_00000 92592

6,9
-2.2597095281601570e-01,-7.8299424872620604e-01,0.0000000000000000e+00,0.0000000000000000e+00,-1.4138957009735257e+03,-8.7408935303732846e+02,0.0000000000000000e+00,-4.6054915253554016e+00,0.0000000000000000e+00,
-9.1964543163124565e-02,-1.1007549766920056e-01,0.0000000000000000e+00,0.0000000000000000e+00,-2.5060837549406278e+02,-9.2221060966125560e+02,0.0000000000000000e+00,-1.2098781596186221e+00,0.0000000000000000e+00,
0.0000000000000000e+00,-6.8020200923473373e-01,0.0000000000000000e+00,0.0000000000000000e+00,-6.3167094154571043e+02,-6.1063470673797133e+02,0.0000000000000000e+00,-4.7336351508455105e-01,0.0000000000000000e+00,
-7.6851915470237717e-02,-5.4792925862840647e-01,0.0000000000000000e+00,0.0000000000000000e+00,0.0000000000000000e+00,-4.4694954810485643e+02,0.0000000000000000e+00,-3.9037033219991346e-01,0.0000000000000000e+00,
-2.2597095281720581e-01,-1.9882786175617584e-01,0.0000000000000000e+00,0.0000000000000000e+00,-1.4138957008747768e+03,-5.0245693757773313e+02,0.0000000000000000e+00,-4.6054915246917405e+00,0.0000000000000000e+00,
-9.1964543163129894e-02,-6.7591539703054382e-01,0.0000000000000000e+00,0.0000000000000000e+00,-2.5060837534643883e+02,-1.0271768917329421e+03,0.0000000000000000e+00,-1.2098781596186221e+00,0.0000000000000000e+00,

6,9
1.7024008393679342e+00,1.9882786175699796e-01,1.0000000000000651e+00,1.1926720511997166e-12,0.0000000000000000e+00,5.0245693757763888e+02,1.2393251454535684e+04,2.3667034601370299e-01,1.0000000000000000e+00,
1.7139717083659465e+00,6.7591539703056980e-01,1.0000000000000275e+00,1.5061340287097369e-12,7.7970949913564050e+02,1.0271768918970358e+03,6.8320288654651649e+03,4.8128516073705239e+00,1.0000000000000000e+00,
5.8799202228820857e-01,6.8020200923475060e-01,1.0000000000000575e+00,9.9082782691656807e-13,1.3184186702488995e+02,6.1063470673797360e+02,2.2960557089507242e+03,5.8940611109723418e-01,1.0000000000000000e+00,
4.5643907012280732e-01,5.4792925862837627e-01,1.0000000000003695e+00,1.7303271007777637e-12,4.0081170111781887e+02,4.4694954810480658e+02,2.3687091685986225e+03,1.6874670104260616e+00,1.0000000000000000e+00,
1.7024008393679420e+00,7.8299424872620349e-01,1.0000000000000560e+00,1.1991091576271243e-12,0.0000000000000000e+00,8.7408935303727765e+02,1.2393251454519605e+04,2.3667034601370415e-01,1.0000000000000000e+00,
1.7139717083659549e+00,1.1007549766920853e-01,1.0000000000001481e+00,1.4967227568976764e-12,7.7970949913558320e+02,9.2221060966124253e+02,6.8320288654655269e+03,4.8128516069295362e+00,1.0000000000000000e+00,

