1
1
1
1
(5 0
((104,96) (128,128) (1,1))
((0,120) (32,128) (1,1))
((32,120) (56,128) (1,1))
((56,120) (88,128) (1,1))
((88,120) (104,128) (1,1))
)
5
FabOnDisk: SD_1_Old_MF_D_00000 0
FabOnDisk: SD_1_Old_MF_D_00002 0
FabOnDisk: SD_1_Old_MF_D_00001 0
FabOnDisk: SD_1_Old_MF_D_00001 2462
FabOnDisk: SD_1_Old_MF_D_00003 0

5,1
-7.9266149875329830e-02,
-2.0171798778679015e-01,
-8.1614037485314948e-03,
-1.6234870282097975e-02,
-4.1401915344156361e-02,

5,1
1.0041178407712814e+00,
-4.0285200648626758e-03,
-4.6486211977228437e-03,
-7.2117161231312309e-03,
-1.5687927497115735e-02,

