1
1
8
0
(2 0
((112,96) (127,111) (0,0))
((0,112) (127,127) (0,0))
)
2
FabOnDisk: Cell_D_00000 0
FabOnDisk: Cell_D_00000 16471

2,8
-2.5049953884297449e-01,-6.5542485185739552e-01,9.9960979855566090e-01,0.0000000000000000e+00,-1.9790510215904455e-01,-7.1184571454599654e-01,1.0568654521470844e-01,-7.5565503655470628e-02,
-7.4451752769593246e-02,-6.7046330390481712e-01,9.9997351349376518e-01,0.0000000000000000e+00,-3.3534134219199441e-01,-9.6016586176038423e+00,1.6572860675734269e-03,-1.2194366663537229e-01,

2,8
8.2471935272887181e-02,-2.6395577475801613e-02,1.0004337729078325e+00,0.0000000000000000e+00,1.0204422957484447e+00,7.3642756232411044e-01,2.7466390907687824e+01,2.7776453673111364e-03,
9.4314120581900363e-01,1.9926359959727685e-01,1.0007193230215223e+00,0.0000000000000000e+00,3.4831460592122617e+01,3.0066411744335774e+01,7.2738530203500147e+01,8.0666823767053519e-01,

