1
1
2
4
(64 0
((0,0) (15,15) (0,0))
((16,0) (31,15) (0,0))
((32,0) (47,15) (0,0))
((48,0) (63,15) (0,0))
((64,0) (79,15) (0,0))
((80,0) (95,15) (0,0))
((96,0) (111,15) (0,0))
((112,0) (127,15) (0,0))
((0,16) (15,31) (0,0))
((16,16) (31,31) (0,0))
((32,16) (47,31) (0,0))
((48,16) (63,31) (0,0))
((64,16) (79,31) (0,0))
((80,16) (95,31) (0,0))
((96,16) (111,31) (0,0))
((112,16) (127,31) (0,0))
((0,32) (15,47) (0,0))
((16,32) (31,47) (0,0))
((32,32) (47,47) (0,0))
((48,32) (63,47) (0,0))
((64,32) (79,47) (0,0))
((80,32) (95,47) (0,0))
((96,32) (111,47) (0,0))
((112,32) (127,47) (0,0))
((0,48) (15,63) (0,0))
((16,48) (31,63) (0,0))
((32,48) (47,63) (0,0))
((48,48) (63,63) (0,0))
((64,48) (79,63) (0,0))
((80,48) (95,63) (0,0))
((96,48) (111,63) (0,0))
((112,48) (127,63) (0,0))
((0,64) (15,79) (0,0))
((16,64) (31,79) (0,0))
((32,64) (47,79) (0,0))
((48,64) (63,79) (0,0))
((64,64) (79,79) (0,0))
((80,64) (95,79) (0,0))
((96,64) (111,79) (0,0))
((112,64) (127,79) (0,0))
((0,80) (15,95) (0,0))
((16,80) (31,95) (0,0))
((32,80) (47,95) (0,0))
((48,80) (63,95) (0,0))
((64,80) (79,95) (0,0))
((80,80) (95,95) (0,0))
((96,80) (111,95) (0,0))
((112,80) (127,95) (0,0))
((0,96) (15,111) (0,0))
((16,96) (31,111) (0,0))
((32,96) (47,111) (0,0))
((48,96) (63,111) (0,0))
((64,96) (79,111) (0,0))
((80,96) (95,111) (0,0))
((96,96) (111,111) (0,0))
((112,96) (127,111) (0,0))
((0,112) (15,127) (0,0))
((16,112) (31,127) (0,0))
((32,112) (47,127) (0,0))
((48,112) (63,127) (0,0))
((64,112) (79,127) (0,0))
((80,112) (95,127) (0,0))
((96,112) (111,127) (0,0))
((112,112) (127,127) (0,0))
)
64
FabOnDisk: SD_2_New_MF_D_00000 0
FabOnDisk: SD_2_New_MF_D_00000 9300
FabOnDisk: SD_2_New_MF_D_00000 18600
FabOnDisk: SD_2_New_MF_D_00000 27900
FabOnDisk: SD_2_New_MF_D_00000 37200
FabOnDisk: SD_2_New_MF_D_00000 46500
FabOnDisk: SD_2_New_MF_D_00000 55800
FabOnDisk: SD_2_New_MF_D_00000 65101
FabOnDisk: SD_2_New_MF_D_00000 74403
FabOnDisk: SD_2_New_MF_D_00000 83703
FabOnDisk: SD_2_New_MF_D_00000 93003
FabOnDisk: SD_2_New_MF_D_00000 102303
FabOnDisk: SD_2_New_MF_D_00000 111603
FabOnDisk: SD_2_New_MF_D_00000 120903
FabOnDisk: SD_2_New_MF_D_00000 130203
FabOnDisk: SD_2_New_MF_D_00000 139504
FabOnDisk: SD_2_New_MF_D_00000 148806
FabOnDisk: SD_2_New_MF_D_00000 158106
FabOnDisk: SD_2_New_MF_D_00000 167406
FabOnDisk: SD_2_New_MF_D_00000 176706
FabOnDisk: SD_2_New_MF_D_00000 186006
FabOnDisk: SD_2_New_MF_D_00000 195306
FabOnDisk: SD_2_New_MF_D_00000 204606
FabOnDisk: SD_2_New_MF_D_00000 213907
FabOnDisk: SD_2_New_MF_D_00000 223209
FabOnDisk: SD_2_New_MF_D_00000 232509
FabOnDisk: SD_2_New_MF_D_00000 241809
FabOnDisk: SD_2_New_MF_D_00000 251109
FabOnDisk: SD_2_New_MF_D_00000 260409
FabOnDisk: SD_2_New_MF_D_00000 269709
FabOnDisk: SD_2_New_MF_D_00000 279009
FabOnDisk: SD_2_New_MF_D_00000 288310
FabOnDisk: SD_2_New_MF_D_00000 297612
FabOnDisk: SD_2_New_MF_D_00000 306912
FabOnDisk: SD_2_New_MF_D_00000 316212
FabOnDisk: SD_2_New_MF_D_00000 325512
FabOnDisk: SD_2_New_MF_D_00000 334812
FabOnDisk: SD_2_New_MF_D_00000 344112
FabOnDisk: SD_2_New_MF_D_00000 353412
FabOnDisk: SD_2_New_MF_D_00000 362713
FabOnDisk: SD_2_New_MF_D_00000 372015
FabOnDisk: SD_2_New_MF_D_00000 381315
FabOnDisk: SD_2_New_MF_D_00000 390615
FabOnDisk: SD_2_New_MF_D_00000 399915
FabOnDisk: SD_2_New_MF_D_00000 409215
FabOnDisk: SD_2_New_MF_D_00000 418515
FabOnDisk: SD_2_New_MF_D_00000 427815
FabOnDisk: SD_2_New_MF_D_00000 437116
FabOnDisk: SD_2_New_MF_D_00000 446418
FabOnDisk: SD_2_New_MF_D_00000 455719
FabOnDisk: SD_2_New_MF_D_00000 465020
FabOnDisk: SD_2_New_MF_D_00000 474321
FabOnDisk: SD_2_New_MF_D_00000 483622
FabOnDisk: SD_2_New_MF_D_00000 492923
FabOnDisk: SD_2_New_MF_D_00000 502224
FabOnDisk: SD_2_New_MF_D_00000 511526
FabOnDisk: SD_2_New_MF_D_00000 520829
FabOnDisk: SD_2_New_MF_D_00000 530131
FabOnDisk: SD_2_New_MF_D_00000 539433
FabOnDisk: SD_2_New_MF_D_00000 548735
FabOnDisk: SD_2_New_MF_D_00000 558037
FabOnDisk: SD_2_New_MF_D_00000 567339
FabOnDisk: SD_2_New_MF_D_00000 576641
FabOnDisk: SD_2_New_MF_D_00000 585944

64,2
-7.9305879055736939e-01,1.1700974955422550e-02,
-9.0719533850322553e-01,-1.5714169951996959e-01,
-7.9564141952503842e-01,-2.7199862748250059e-01,
-4.4477106487461471e-01,-2.5960374682124954e-01,
-2.3772733521333245e-01,-1.5736614083805911e-01,
-1.1532827040525194e-01,-7.7205117278363627e-02,
-5.5472808090572860e-02,-3.4773306891595759e-02,
-2.9660271019587930e-02,-1.3090025739811276e-02,
-2.2460334439748246e+00,4.2272886529062575e-01,
-2.3446822929602820e+00,-1.0325076695352380e+00,
-1.1867396014622202e+00,-1.0699168354442663e+00,
-4.1831844924515288e-01,-6.4260197958972054e-01,
-1.8453110666865463e-01,-2.6955456126110600e-01,
-8.2740028856702910e-02,-1.1781461105232045e-01,
-3.8763329926386349e-02,-5.1329329320179168e-02,
-2.0546442933480895e-02,-1.9132780617720651e-02,
-9.9606975245042957e+00,1.0921124008380407e+00,
-1.1916714903254345e+01,-8.8333352290395268e+00,
-1.2133301154491571e+00,-5.2235428993015978e+00,
-1.3223772935332090e-01,-7.4625094261276603e-01,
-8.4930462658948450e-03,-2.7327365973195461e-01,
6.5500534619710501e-04,-1.1808594559397007e-01,
6.5365957479624165e-04,-5.1377466236372439e-02,
5.0360616743886017e-04,-1.9142436976861146e-02,
-1.7516877781157724e+01,6.0989702342985130e-01,
-1.3168953647033454e+03,-1.3184612268696089e+03,
-2.2770749900750840e+01,-6.0624590070118876e+00,
2.1818511813601868e-01,-4.2161263390248516e-01,
9.2097871495105232e-02,-1.7955882284261446e-01,
4.2692837440853622e-02,-8.1738025766666292e-02,
2.2305348653861929e-02,-3.5703629175877771e-02,
1.6512723742303875e-02,-1.3275953284756619e-02,
-1.7516877781158243e+01,-5.7349514818756639e+01,
-1.3168953647033559e+03,-6.3805084191139520e+02,
-2.2770749900750449e+01,-2.5236203359075116e+01,
2.1818511813554742e-01,-1.6587056095460298e-01,
9.2097871494972103e-02,2.9874083055894023e-03,
4.2692837440775580e-02,1.3398878552080880e-03,
2.2305348654344588e-02,5.0999916387820747e-04,
1.6512723742393830e-02,1.4245786512389027e-05,
-9.9606975245035603e+00,-7.6617368318082271e+00,
-1.1916714903254020e+01,-3.5807936421992519e+00,
-1.2133301154489777e+00,5.3494079593085087e-01,
-1.3223772935323663e-01,2.0110123534046451e-01,
-8.4930462659114792e-03,9.0428732110332588e-02,
6.5500534611405263e-04,3.9574703239977430e-02,
6.5365957244395043e-04,1.5026920980292454e-02,
5.0360616859904171e-04,4.1907383571604303e-04,
-2.2460334439746985e+00,-2.5406132800807275e+00,
-2.3446822929617990e+00,-8.5318746475262863e-01,
-1.1867396014619125e+00,1.9984231389834420e-01,
-4.1831844924549832e-01,1.7387395624135446e-01,
-1.8453110666826963e-01,8.5309519742927997e-02,
-8.2740028856748554e-02,3.8542508115152085e-02,
-3.8763329926210129e-02,1.4820194002199237e-02,
-2.0546442932316132e-02,4.1215288553519790e-04,
-7.9305879055882811e-01,-7.4972483392008360e-01,
-9.0719533850310285e-01,-3.5361210164935786e-01,
-7.9564141952354350e-01,3.5094761106772496e-03,
-4.4477106487440571e-01,5.3447395697615602e-03,
-2.3772733521398393e-01,2.7979621123349176e-03,
-1.1532827040493804e-01,1.2918100450941836e-03,
-5.5472808089341338e-02,4.9995548802591694e-04,
-2.9660271019535184e-02,1.3906436605890160e-05,

64,2
-4.3336526763507709e-02,7.4972483391991374e-01,
-5.4963558086571718e-01,3.5361210164853374e-01,
-4.4365790239075342e-01,-3.5094761104725522e-03,
-2.0099535242796060e-01,-5.3447395696929953e-03,
-9.0832047266166629e-02,-2.7979621118840413e-03,
-4.2529946164001395e-02,-1.2918100450006386e-03,
-2.2276273101499718e-02,-4.9995548789785098e-04,
-1.6507928840578830e-02,-1.3906436094066605e-05,
-7.6793927536102619e-02,2.5406132800809704e+00,
-8.3894907262577234e-01,8.5318746475190888e-01,
-1.9211447974625023e-01,-1.9984231389830726e-01,
-2.5582462317866286e-02,-1.7387395624177027e-01,
-5.8049785574501907e-03,-8.5309519743006865e-02,
-1.9404201842034624e-03,-3.8542508115037857e-02,
-8.5732685197385274e-04,-1.4820194002733959e-02,
-5.9600368408807254e-04,-4.1215288581937423e-04,
-2.4767054799320967e-01,7.6617368318083114e+00,
1.3213414812673847e+00,3.5807936421990916e+00,
2.1451598275020491e+00,-5.3494079593074961e-01,
6.6063742712245033e-01,-2.0110123533999918e-01,
1.9646390550347520e-01,-9.0428732110678561e-02,
8.3379166691588763e-02,-3.9574703239884407e-02,
3.8816209246053661e-02,-1.5026920980287217e-02,
2.0552970101570995e-02,-4.1907383572970636e-04,
7.2274223727433537e+01,5.7349514818756923e+01,
1.4422723573415092e+03,6.3805084191134415e+02,
1.7296675708994453e+01,2.5236203359075091e+01,
7.6433334354794180e-01,1.6587056095436256e-01,
2.5136315079790722e-01,-2.9874083055405048e-03,
1.1986842899934214e-01,-1.3398878554043178e-03,
5.6471820067267073e-02,-5.0999916396140101e-04,
2.9874993106816357e-02,-1.4245786478859059e-05,
7.2274223727433437e+01,-6.0989702343089980e-01,
1.4422723573415569e+03,1.3184612268696087e+03,
1.7296675708993266e+01,6.0624590070118103e+00,
7.6433334354809457e-01,4.2161263390281811e-01,
2.5136315079784405e-01,1.7955882284292429e-01,
1.1986842899931066e-01,8.1738025766787875e-02,
5.6471820067364731e-02,3.5703629175949020e-02,
2.9874993106789732e-02,1.3275953284854543e-02,
-2.4767054799337307e-01,-1.0921124008381542e+00,
1.3213414812661415e+00,8.8333352290396601e+00,
2.1451598275017414e+00,5.2235428993011244e+00,
6.6063742712211082e-01,7.4625094261273239e-01,
1.9646390550407519e-01,2.7327365973205558e-01,
8.3379166691872078e-02,1.1808594559385420e-01,
3.8816209245947315e-02,5.1377466235922500e-02,
2.0552970101613496e-02,1.9142436976852049e-02,
-7.6793927536073808e-02,-4.2272886529126591e-01,
-8.3894907262554386e-01,1.0325076695350357e+00,
-1.9211447974753901e-01,1.0699168354446520e+00,
-2.5582462317811739e-02,6.4260197958928889e-01,
-5.8049785574383669e-03,2.6955456126126270e-01,
-1.9404201844216362e-03,1.1781461105224345e-01,
-8.5732685319602918e-04,5.1329329320676548e-02,
-5.9600368260495434e-04,1.9132780618371842e-02,
-4.3336526763282368e-02,-1.1700974954984185e-02,
-5.4963558086411746e-01,1.5714169952061319e-01,
-4.4365790239073516e-01,2.7199862748210635e-01,
-2.0099535242715233e-01,2.5960374682131565e-01,
-9.0832047266204030e-02,1.5736614083801787e-01,
-4.2529946164223092e-02,7.7205117278055430e-02,
-2.2276273101846863e-02,3.4773306891686576e-02,
-1.6507928840229308e-02,1.3090025739795810e-02,

