1
1
1
1
(56 0
((0,80) (16,96) (1,1))
((16,80) (32,96) (1,1))
((32,80) (48,96) (1,1))
((48,80) (64,96) (1,1))
((64,80) (80,96) (1,1))
((80,80) (96,96) (1,1))
((96,80) (112,96) (1,1))
((112,80) (120,96) (1,1))
((0,96) (16,112) (1,1))
((16,96) (32,112) (1,1))
((32,96) (48,112) (1,1))
((48,96) (64,112) (1,1))
((64,96) (80,112) (1,1))
((80,96) (96,112) (1,1))
((96,96) (112,112) (1,1))
((112,96) (120,112) (1,1))
((0,112) (16,128) (1,1))
((16,112) (32,128) (1,1))
((32,112) (48,128) (1,1))
((48,112) (64,128) (1,1))
((64,112) (80,128) (1,1))
((80,112) (96,128) (1,1))
((96,112) (112,128) (1,1))
((112,112) (120,128) (1,1))
((0,128) (16,144) (1,1))
((16,128) (32,144) (1,1))
((32,128) (48,144) (1,1))
((48,128) (64,144) (1,1))
((64,128) (80,144) (1,1))
((80,128) (96,144) (1,1))
((96,128) (112,144) (1,1))
((112,128) (120,144) (1,1))
((0,144) (16,160) (1,1))
((16,144) (32,160) (1,1))
((32,144) (48,160) (1,1))
((48,144) (64,160) (1,1))
((64,144) (80,160) (1,1))
((80,144) (96,160) (1,1))
((96,144) (112,160) (1,1))
((112,144) (120,160) (1,1))
((0,160) (16,176) (1,1))
((16,160) (32,176) (1,1))
((32,160) (48,176) (1,1))
((48,160) (64,176) (1,1))
((64,160) (80,176) (1,1))
((80,160) (96,176) (1,1))
((96,160) (112,176) (1,1))
((112,160) (120,176) (1,1))
((0,176) (16,184) (1,1))
((16,176) (32,184) (1,1))
((32,176) (48,184) (1,1))
((48,176) (64,184) (1,1))
((64,176) (80,184) (1,1))
((80,176) (96,184) (1,1))
((96,176) (112,184) (1,1))
((112,176) (120,184) (1,1))
)
56
FabOnDisk: SD_1_Old_MF_D_00001 0
FabOnDisk: SD_1_Old_MF_D_00001 2972
FabOnDisk: SD_1_Old_MF_D_00001 5944
FabOnDisk: SD_1_Old_MF_D_00001 8916
FabOnDisk: SD_1_Old_MF_D_00000 0
FabOnDisk: SD_1_Old_MF_D_00000 2972
FabOnDisk: SD_1_Old_MF_D_00000 5944
FabOnDisk: SD_1_Old_MF_D_00000 8917
FabOnDisk: SD_1_Old_MF_D_00001 11888
FabOnDisk: SD_1_Old_MF_D_00001 14861
FabOnDisk: SD_1_Old_MF_D_00001 17834
FabOnDisk: SD_1_Old_MF_D_00001 20807
FabOnDisk: SD_1_Old_MF_D_00000 10675
FabOnDisk: SD_1_Old_MF_D_00000 13648
FabOnDisk: SD_1_Old_MF_D_00000 16621
FabOnDisk: SD_1_Old_MF_D_00000 19595
FabOnDisk: SD_1_Old_MF_D_00001 23780
FabOnDisk: SD_1_Old_MF_D_00001 26754
FabOnDisk: SD_1_Old_MF_D_00001 29728
FabOnDisk: SD_1_Old_MF_D_00001 32702
FabOnDisk: SD_1_Old_MF_D_00000 21354
FabOnDisk: SD_1_Old_MF_D_00000 24328
FabOnDisk: SD_1_Old_MF_D_00000 27302
FabOnDisk: SD_1_Old_MF_D_00000 30277
FabOnDisk: SD_1_Old_MF_D_00000 32037
FabOnDisk: SD_1_Old_MF_D_00003 0
FabOnDisk: SD_1_Old_MF_D_00003 2974
FabOnDisk: SD_1_Old_MF_D_00003 5948
FabOnDisk: SD_1_Old_MF_D_00002 0
FabOnDisk: SD_1_Old_MF_D_00002 2974
FabOnDisk: SD_1_Old_MF_D_00002 5948
FabOnDisk: SD_1_Old_MF_D_00002 8923
FabOnDisk: SD_1_Old_MF_D_00003 8922
FabOnDisk: SD_1_Old_MF_D_00003 11896
FabOnDisk: SD_1_Old_MF_D_00003 14870
FabOnDisk: SD_1_Old_MF_D_00003 17844
FabOnDisk: SD_1_Old_MF_D_00002 10683
FabOnDisk: SD_1_Old_MF_D_00002 13657
FabOnDisk: SD_1_Old_MF_D_00002 16631
FabOnDisk: SD_1_Old_MF_D_00002 19606
FabOnDisk: SD_1_Old_MF_D_00003 20818
FabOnDisk: SD_1_Old_MF_D_00003 23792
FabOnDisk: SD_1_Old_MF_D_00003 26766
FabOnDisk: SD_1_Old_MF_D_00003 29740
FabOnDisk: SD_1_Old_MF_D_00002 21366
FabOnDisk: SD_1_Old_MF_D_00002 24340
FabOnDisk: SD_1_Old_MF_D_00002 27314
FabOnDisk: SD_1_Old_MF_D_00002 30289
FabOnDisk: SD_1_Old_MF_D_00003 32714
FabOnDisk: SD_1_Old_MF_D_00003 34472
FabOnDisk: SD_1_Old_MF_D_00003 36230
FabOnDisk: SD_1_Old_MF_D_00002 32049
FabOnDisk: SD_1_Old_MF_D_00002 33807
FabOnDisk: SD_1_Old_MF_D_00002 35565
FabOnDisk: SD_1_Old_MF_D_00002 37323
FabOnDisk: SD_1_Old_MF_D_00002 39082

56,1
4.2205139195460879e+03,
4.0215044749382364e+03,
4.3407762177293562e+03,
3.9327879064536842e+03,
3.7213083257432013e+03,
3.5610649056949555e+03,
2.7946815398159365e+03,
3.1637256997048157e+03,
4.8342239194996000e+03,
4.1736128674140136e+03,
4.3503464305068619e+03,
3.7934071991547380e+03,
3.7946142505252710e+03,
3.4219424165487130e+03,
2.6843618020313052e+03,
2.7313629067168204e+03,
5.8747719027416351e+03,
5.1491187674794055e+03,
-9.1410512365103991e-01,
-3.6204049380771610e+00,
3.9135777186150181e+03,
3.4237132729496971e+03,
2.6952126640086672e+03,
2.7313629067168204e+03,
5.8107694807316475e+03,
5.2272827610233608e+03,
-9.3211612571452929e-01,
-2.8422866212131330e+00,
3.7371081876310800e+03,
3.4387818166144316e+03,
2.7498234567819072e+03,
2.8202776585481320e+03,
5.2889003062354059e+03,
4.5081791590009771e+03,
3.6764914705937040e+03,
3.8151043163015006e+03,
3.5733633464233444e+03,
3.4407746097727604e+03,
2.7635243783536484e+03,
2.8319201589836794e+03,
4.0890986505586434e+03,
3.7708320408977797e+03,
3.6252056763948417e+03,
3.8488500554122793e+03,
3.5686349507403738e+03,
3.5097578568432568e+03,
3.0512577128597936e+03,
3.0512577128597936e+03,
4.0079507976670029e+03,
3.7708320408977797e+03,
3.9323451677523558e+03,
3.9332967010626289e+03,
3.9040062995091894e+03,
3.7562729708828188e+03,
3.3328092652400996e+03,
3.3328092652400996e+03,

56,1
5.3679849265940929e+03,
4.8342239194996000e+03,
4.7314575897812229e+03,
4.3998442623539740e+03,
4.1989033711039056e+03,
4.2563715938557852e+03,
3.8544861601239118e+03,
3.9276578819590482e+03,
6.4055551492463555e+03,
5.8747719027416351e+03,
5.1491187674794055e+03,
4.4988455473135782e+03,
4.4506041018691913e+03,
4.2563715938557852e+03,
3.5610649056949555e+03,
3.9305198743203173e+03,
6.9292108852769679e+03,
6.2917529020814873e+03,
5.4056922376428429e+03,
4.4728761658909179e+03,
4.4353810953928705e+03,
4.1624122282128073e+03,
3.4516024242758062e+03,
3.8508373480448345e+03,
7.3241304036004558e+03,
6.3015647013181942e+03,
5.4303243258825323e+03,
4.3203959979447909e+03,
4.4251590122356802e+03,
4.3742260530707263e+03,
3.4507871261641540e+03,
3.9753433682522468e+03,
7.1573652732218170e+03,
5.8107694807316475e+03,
5.4077919280749365e+03,
4.4056560123625532e+03,
4.4056560123625532e+03,
4.2732538406823496e+03,
3.5662290130220581e+03,
4.0371001596608889e+03,
5.9373849452607137e+03,
5.2889003062354059e+03,
4.5714272990595191e+03,
4.0647108914948226e+03,
4.2786134804950188e+03,
3.9128750485921400e+03,
3.7562729708828188e+03,
4.0278483719151486e+03,
4.5803972465742836e+03,
4.4110980866332839e+03,
4.3150806791134664e+03,
4.2330236080663399e+03,
4.1451817285717589e+03,
4.0089108598108783e+03,
3.8684281022986588e+03,
3.9712546668236628e+03,

