1
1
2
4
(56 0
((0,80) (15,95) (0,0))
((16,80) (31,95) (0,0))
((32,80) (47,95) (0,0))
((48,80) (63,95) (0,0))
((64,80) (79,95) (0,0))
((80,80) (95,95) (0,0))
((96,80) (111,95) (0,0))
((112,80) (119,95) (0,0))
((0,96) (15,111) (0,0))
((16,96) (31,111) (0,0))
((32,96) (47,111) (0,0))
((48,96) (63,111) (0,0))
((64,96) (79,111) (0,0))
((80,96) (95,111) (0,0))
((96,96) (111,111) (0,0))
((112,96) (119,111) (0,0))
((0,112) (15,127) (0,0))
((16,112) (31,127) (0,0))
((32,112) (47,127) (0,0))
((48,112) (63,127) (0,0))
((64,112) (79,127) (0,0))
((80,112) (95,127) (0,0))
((96,112) (111,127) (0,0))
((112,112) (119,127) (0,0))
((0,128) (15,143) (0,0))
((16,128) (31,143) (0,0))
((32,128) (47,143) (0,0))
((48,128) (63,143) (0,0))
((64,128) (79,143) (0,0))
((80,128) (95,143) (0,0))
((96,128) (111,143) (0,0))
((112,128) (119,143) (0,0))
((0,144) (15,159) (0,0))
((16,144) (31,159) (0,0))
((32,144) (47,159) (0,0))
((48,144) (63,159) (0,0))
((64,144) (79,159) (0,0))
((80,144) (95,159) (0,0))
((96,144) (111,159) (0,0))
((112,144) (119,159) (0,0))
((0,160) (15,175) (0,0))
((16,160) (31,175) (0,0))
((32,160) (47,175) (0,0))
((48,160) (63,175) (0,0))
((64,160) (79,175) (0,0))
((80,160) (95,175) (0,0))
((96,160) (111,175) (0,0))
((112,160) (119,175) (0,0))
((0,176) (15,183) (0,0))
((16,176) (31,183) (0,0))
((32,176) (47,183) (0,0))
((48,176) (63,183) (0,0))
((64,176) (79,183) (0,0))
((80,176) (95,183) (0,0))
((96,176) (111,183) (0,0))
((112,176) (119,183) (0,0))
)
56
FabOnDisk: SD_2_Old_MF_D_00001 0
FabOnDisk: SD_2_Old_MF_D_00001 9300
FabOnDisk: SD_2_Old_MF_D_00001 18600
FabOnDisk: SD_2_Old_MF_D_00001 27900
FabOnDisk: SD_2_Old_MF_D_00000 0
FabOnDisk: SD_2_Old_MF_D_00000 9300
FabOnDisk: SD_2_Old_MF_D_00000 18600
FabOnDisk: SD_2_Old_MF_D_00000 27901
FabOnDisk: SD_2_Old_MF_D_00001 37200
FabOnDisk: SD_2_Old_MF_D_00001 46501
FabOnDisk: SD_2_Old_MF_D_00001 55802
FabOnDisk: SD_2_Old_MF_D_00001 65103
FabOnDisk: SD_2_Old_MF_D_00000 34131
FabOnDisk: SD_2_Old_MF_D_00000 43432
FabOnDisk: SD_2_Old_MF_D_00000 52733
FabOnDisk: SD_2_Old_MF_D_00000 62035
FabOnDisk: SD_2_Old_MF_D_00001 74404
FabOnDisk: SD_2_Old_MF_D_00001 83706
FabOnDisk: SD_2_Old_MF_D_00001 93008
FabOnDisk: SD_2_Old_MF_D_00001 102310
FabOnDisk: SD_2_Old_MF_D_00000 68266
FabOnDisk: SD_2_Old_MF_D_00000 77568
FabOnDisk: SD_2_Old_MF_D_00000 86870
FabOnDisk: SD_2_Old_MF_D_00000 96173
FabOnDisk: SD_2_Old_MF_D_00000 102405
FabOnDisk: SD_2_Old_MF_D_00003 0
FabOnDisk: SD_2_Old_MF_D_00003 9302
FabOnDisk: SD_2_Old_MF_D_00003 18604
FabOnDisk: SD_2_Old_MF_D_00002 0
FabOnDisk: SD_2_Old_MF_D_00002 9302
FabOnDisk: SD_2_Old_MF_D_00002 18604
FabOnDisk: SD_2_Old_MF_D_00002 27907
FabOnDisk: SD_2_Old_MF_D_00003 27906
FabOnDisk: SD_2_Old_MF_D_00003 37208
FabOnDisk: SD_2_Old_MF_D_00003 46510
FabOnDisk: SD_2_Old_MF_D_00003 55812
FabOnDisk: SD_2_Old_MF_D_00002 34139
FabOnDisk: SD_2_Old_MF_D_00002 43441
FabOnDisk: SD_2_Old_MF_D_00002 52743
FabOnDisk: SD_2_Old_MF_D_00002 62046
FabOnDisk: SD_2_Old_MF_D_00003 65114
FabOnDisk: SD_2_Old_MF_D_00003 74416
FabOnDisk: SD_2_Old_MF_D_00003 83718
FabOnDisk: SD_2_Old_MF_D_00003 93020
FabOnDisk: SD_2_Old_MF_D_00002 68278
FabOnDisk: SD_2_Old_MF_D_00002 77580
FabOnDisk: SD_2_Old_MF_D_00002 86882
FabOnDisk: SD_2_Old_MF_D_00002 96185
FabOnDisk: SD_2_Old_MF_D_00003 102322
FabOnDisk: SD_2_Old_MF_D_00003 108552
FabOnDisk: SD_2_Old_MF_D_00003 114782
FabOnDisk: SD_2_Old_MF_D_00002 102417
FabOnDisk: SD_2_Old_MF_D_00002 108647
FabOnDisk: SD_2_Old_MF_D_00002 114877
FabOnDisk: SD_2_Old_MF_D_00002 121107
FabOnDisk: SD_2_Old_MF_D_00002 127338

56,2
-2.4237376659231336e+05,-3.4525626219770970e+05,
-3.6279382147214160e+05,-2.8266042889254919e+05,
-1.4672818525426628e+05,-1.6071743855432296e+05,
-3.0312871895124135e+05,-1.7071852921651298e+05,
-2.1074645743529941e+05,-1.5865912666555680e+05,
-2.7570948898868845e+05,-2.5598922637375977e+05,
-4.1218622344268201e+05,-3.8201883810148702e+05,
5.1182964465550671e+04,-2.9994610047531838e+05,
-5.2180433739994396e+05,-2.0598459810317232e+05,
-4.6042155341024004e+05,-2.5278426272016088e+05,
-2.7439181496204901e+05,-2.0194889354489447e+05,
-3.4250127236947545e+05,-5.0888778903492686e+05,
-2.0531483094082400e+05,-2.0630082031349881e+05,
-2.8397667864765564e+05,-1.8095865045646735e+05,
-3.7212223820892948e+05,-2.8199826517634868e+05,
2.9566195332318387e+05,-1.7661180516183368e+05,
-4.5840382301180513e+05,-1.0324382973132969e+05,
-4.2940845208894543e+05,-1.0328059035879443e+05,
-2.6568967726657627e+05,-2.3309033145157697e+04,
-2.6102902851213727e+05,-1.7760800253361510e+05,
-2.5087191126158164e+05,-2.6419140579158987e+05,
-1.6759702247573095e+05,-1.5515499709106753e+04,
-3.7569811417368543e+05,-1.5527179568298598e+05,
-1.8186799009770966e+04,-1.9321325730978465e+05,
-4.3719609775685827e+05,-1.4287843431204645e+05,
-5.2081147101089463e+05,-3.6172087959746469e+05,
-3.6564475539534894e+05,-2.0185438676779220e+05,
-2.3580306524883016e+05,-1.9751911088575312e+05,
-2.7553260780636949e+05,-3.9035183471085923e+05,
-2.8744417789495585e+05,-1.4276624030844291e+05,
-2.2713930542074062e+05,-1.5057351902683912e+05,
1.5811638317310173e+05,-4.0270346388336075e+04,
-5.1882413679858635e+05,-4.8495017221613007e+05,
-4.3787465975242044e+05,-4.0464935314097127e+05,
-4.5397568474855978e+05,-3.4313331021272426e+05,
-3.7320474746907776e+05,-2.4141274231788563e+05,
-3.3452234193473565e+05,-2.4477801210346556e+05,
-1.8647388386491212e+05,-2.9338400708979141e+05,
-2.9459297463394050e+05,-1.2793190231877178e+05,
2.9635185928084876e+05,-6.2592348413212076e+03,
-5.6866886420885846e+05,-5.8717309164987854e+05,
-4.9038666502304655e+05,-4.4569714746963972e+05,
-3.3443323583225143e+05,-1.6129010864660412e+05,
-9.4198774472283141e+04,-1.4117857908860213e+05,
-2.3946953240597600e+05,-1.7721608151671884e+05,
-2.2311769352508531e+05,-1.6048969506288113e+05,
-1.9564576169486152e+05,-2.7050633849982289e+04,
2.5028959086990185e+05,-4.3049064590601120e+04,
-1.6874671724854977e+05,-2.8783944862969819e+05,
-3.0094772122461448e+05,-8.2436008528880440e+04,
-2.3797384358514686e+04,1.0273135688382800e+05,
-1.9732276359835898e+04,5.5305972980978564e+04,
-4.8196136484202958e+04,2.3615652919311717e+04,
-5.0265415772863482e+04,3.8323830648404037e+04,
-2.0641489151847633e+05,2.7020357243753653e+04,
3.6651913536964101e+04,-1.1176266106095335e+05,

56,2
1.0017310170195952e+05,3.4161740795824048e+05,
3.1002785417808266e+05,3.2073813752186281e+05,
2.9340934305270377e+04,1.4938629365571580e+05,
3.9455822632841516e+05,1.4449427020056316e+05,
1.7267993966941143e+05,1.6697670588694885e+05,
3.0311563751886366e+05,1.1193593599252783e+05,
3.2528838393221115e+05,1.1915931597265719e+05,
3.0874902064331592e+05,1.0248280561628494e+05,
2.5506900555232202e+05,5.7045017143081024e+05,
3.3615356868607795e+05,6.1464223973554070e+05,
2.7156075313216046e+05,4.4692556515469437e+05,
4.1816972283137648e+05,3.0410809686027793e+05,
4.6203790523151815e+05,3.9204947610947752e+05,
2.8032498677110352e+05,1.7830020944470185e+05,
2.7677122519621864e+05,1.8972081483451085e+05,
5.1321848507641419e+05,-2.8879663179870117e+03,
2.4523665831152335e+05,3.9355085563658812e+05,
2.8530569146985648e+05,3.5252533784030634e+05,
0.0000000000000000e+00,1.6407676081683295e+05,
3.3872457045396697e+05,3.1902239661525312e+05,
3.5885424500186858e+05,2.8531806391706254e+05,
-1.1711754528648582e+05,1.1561649158161543e+04,
1.0074099858451195e+05,2.6691291905193304e+05,
6.4703721578099031e+05,1.6802483348633346e+05,
1.9688474154980699e+05,4.3220795845891355e+05,
2.1087451282341764e+05,2.3068663829070434e+05,
0.0000000000000000e+00,1.2923165583011330e+05,
2.3084884986924945e+05,3.3282720184421958e+05,
4.0074722459130682e+05,2.8393846608660277e+05,
-1.0414574553988141e+05,1.6759044462178426e+05,
8.8078075111288927e+04,3.0712239170482313e+04,
4.7461065246188897e+05,2.1145034680215464e+05,
1.3002326722185964e+05,5.1397616228446612e+04,
3.0466748804207559e+05,1.9194462143482821e+05,
2.6808772696356621e+05,7.8876273228846374e+04,
3.6615099906562467e+05,2.2606756857401095e+05,
3.7729637838914082e+05,2.0896252875180653e+05,
1.2031608696164400e+05,1.1236849420774319e+05,
1.1556783108815413e+05,2.8833730499484978e+05,
4.7848146668067575e+05,8.3633165830833575e+04,
1.3816031225911886e+05,3.9779113080755014e+04,
3.0773331997490808e+05,-1.3359839966160633e+04,
2.9592001594988722e+05,1.5539138303776609e+05,
8.8639750563154623e+04,1.0226282625995784e+05,
3.4260296311560500e+05,1.2396622403876601e+05,
3.3128297338267940e+05,1.8039671002979256e+05,
-1.2821828710990292e+04,2.2472482311790780e+05,
4.2000115198587620e+05,1.4522691129366265e+05,
4.4165997100330605e+04,3.9445357485007955e+05,
2.3879261118269869e+05,4.2853700549748394e+05,
1.4334907595323964e+03,1.3336360953805284e+05,
1.3917113111764545e+04,1.2264893793346907e+05,
1.1599513316131301e+04,6.0531051218369415e+04,
-8.6598953495153328e+03,7.3044416407299810e+04,
-2.5215468391285507e+04,3.3001904923909961e+05,
2.5854970375177881e+05,3.2565186073285696e+05,

