1
1
2
4
(4 0
((80,240) (95,255) (0,0))
((96,240) (111,255) (0,0))
((80,256) (95,271) (0,0))
((96,256) (111,271) (0,0))
)
4
FabOnDisk: SD_2_Old_MF_D_00000 0
FabOnDisk: SD_2_Old_MF_D_00000 9302
FabOnDisk: SD_2_Old_MF_D_00000 18605
FabOnDisk: SD_2_Old_MF_D_00000 27907

4,2
-2.0366918518563662e+03,-1.7610404909900371e+03,
-2.0463385864175984e+02,-2.1855346999197409e+03,
-2.0366918518401296e+03,-8.8805355259263115e+02,
-2.0463385864176425e+02,-1.6765308179159119e+03,

4,2
2.8116749293723518e+02,8.8805355259310318e+02,
2.9873342605720563e+03,1.6765308178354423e+03,
2.8116749293723581e+02,1.7610404909900535e+03,
2.9873342605724847e+03,2.1855346999197482e+03,

