1
1
9
0
(64 0
((0,0) (15,15) (0,0))
((16,0) (31,15) (0,0))
((32,0) (47,15) (0,0))
((48,0) (63,15) (0,0))
((64,0) (79,15) (0,0))
((80,0) (95,15) (0,0))
((96,0) (111,15) (0,0))
((112,0) (127,15) (0,0))
((0,16) (15,31) (0,0))
((16,16) (31,31) (0,0))
((32,16) (47,31) (0,0))
((48,16) (63,31) (0,0))
((64,16) (79,31) (0,0))
((80,16) (95,31) (0,0))
((96,16) (111,31) (0,0))
((112,16) (127,31) (0,0))
((0,32) (15,47) (0,0))
((16,32) (31,47) (0,0))
((32,32) (47,47) (0,0))
((48,32) (63,47) (0,0))
((64,32) (79,47) (0,0))
((80,32) (95,47) (0,0))
((96,32) (111,47) (0,0))
((112,32) (127,47) (0,0))
((0,48) (15,63) (0,0))
((16,48) (31,63) (0,0))
((32,48) (47,63) (0,0))
((48,48) (63,63) (0,0))
((64,48) (79,63) (0,0))
((80,48) (95,63) (0,0))
((96,48) (111,63) (0,0))
((112,48) (127,63) (0,0))
((0,64) (15,79) (0,0))
((16,64) (31,79) (0,0))
((32,64) (47,79) (0,0))
((48,64) (63,79) (0,0))
((64,64) (79,79) (0,0))
((80,64) (95,79) (0,0))
((96,64) (111,79) (0,0))
((112,64) (127,79) (0,0))
((0,80) (15,95) (0,0))
((16,80) (31,95) (0,0))
((32,80) (47,95) (0,0))
((48,80) (63,95) (0,0))
((64,80) (79,95) (0,0))
((80,80) (95,95) (0,0))
((96,80) (111,95) (0,0))
((112,80) (127,95) (0,0))
((0,96) (15,111) (0,0))
((16,96) (31,111) (0,0))
((32,96) (47,111) (0,0))
((48,96) (63,111) (0,0))
((64,96) (79,111) (0,0))
((80,96) (95,111) (0,0))
((96,96) (111,111) (0,0))
((112,96) (127,111) (0,0))
((0,112) (15,127) (0,0))
((16,112) (31,127) (0,0))
((32,112) (47,127) (0,0))
((48,112) (63,127) (0,0))
((64,112) (79,127) (0,0))
((80,112) (95,127) (0,0))
((96,112) (111,127) (0,0))
((112,112) (127,127) (0,0))
)
64
FabOnDisk: Cell_D_00000 0
FabOnDisk: Cell_D_00000 18514
FabOnDisk: Cell_D_00000 37029
FabOnDisk: Cell_D_00000 55544
FabOnDisk: Cell_D_00000 74059
FabOnDisk: Cell_D_00000 92574
FabOnDisk: Cell_D_00000 111089
FabOnDisk: Cell_D_00000 129605
FabOnDisk: Cell_D_00000 148122
FabOnDisk: Cell_D_00000 166637
FabOnDisk: Cell_D_00000 185153
FabOnDisk: Cell_D_00000 203669
FabOnDisk: Cell_D_00000 222185
FabOnDisk: Cell_D_00000 240701
FabOnDisk: Cell_D_00000 259217
FabOnDisk: Cell_D_00000 277734
FabOnDisk: Cell_D_00000 296252
FabOnDisk: Cell_D_00000 314767
FabOnDisk: Cell_D_00000 333283
FabOnDisk: Cell_D_00000 351799
FabOnDisk: Cell_D_00000 370315
FabOnDisk: Cell_D_00000 388831
FabOnDisk: Cell_D_00000 407347
FabOnDisk: Cell_D_00000 425864
FabOnDisk: Cell_D_00000 444382
FabOnDisk: Cell_D_00000 462897
FabOnDisk: Cell_D_00000 481413
FabOnDisk: Cell_D_00000 499929
FabOnDisk: Cell_D_00000 518445
FabOnDisk: Cell_D_00000 536961
FabOnDisk: Cell_D_00000 555477
FabOnDisk: Cell_D_00000 573994
FabOnDisk: Cell_D_00000 592512
FabOnDisk: Cell_D_00000 611027
FabOnDisk: Cell_D_00000 629543
FabOnDisk: Cell_D_00000 648059
FabOnDisk: Cell_D_00000 666575
FabOnDisk: Cell_D_00000 685091
FabOnDisk: Cell_D_00000 703607
FabOnDisk: Cell_D_00000 722124
FabOnDisk: Cell_D_00000 740642
FabOnDisk: Cell_D_00000 759157
FabOnDisk: Cell_D_00000 777673
FabOnDisk: Cell_D_00000 796189
FabOnDisk: Cell_D_00000 814705
FabOnDisk: Cell_D_00000 833221
FabOnDisk: Cell_D_00000 851737
FabOnDisk: Cell_D_00000 870254
FabOnDisk: Cell_D_00000 888772
FabOnDisk: Cell_D_00000 907288
FabOnDisk: Cell_D_00000 925805
FabOnDisk: Cell_D_00000 944322
FabOnDisk: Cell_D_00000 962839
FabOnDisk: Cell_D_00000 981356
FabOnDisk: Cell_D_00000 999873
FabOnDisk: Cell_D_00000 1018391
FabOnDisk: Cell_D_00000 1036910
FabOnDisk: Cell_D_00000 1055427
FabOnDisk: Cell_D_00000 1073945
FabOnDisk: Cell_D_00000 1092463
FabOnDisk: Cell_D_00000 1110981
FabOnDisk: Cell_D_00000 1129499
FabOnDisk: Cell_D_00000 1148017
FabOnDisk: Cell_D_00000 1166536

64,9
9.5127485640599596e-01,1.4310800480747412e-03,9.9999999999605094e-01,2.1443679116747550e-14,2.6334388334726100e+01,-7.7084732532748603e+02,8.2085417835164876e-05,-5.9404724205608773e+01,1.0000000000000000e+00,
9.0016744525779246e-01,1.5057733111460171e-03,9.9999999999707279e-01,7.0593600371328994e-13,7.0581549700400501e+02,-5.8664928166581376e+02,1.2888703520308811e-03,-5.4783525830028339e+01,1.0000000000000000e+00,
8.4187978215619386e-01,1.7134506893539468e-03,9.9999999999740574e-01,1.3672018478673209e-12,1.1130902607317694e+03,-2.2117534923345374e+02,5.0071500672099756e-05,-4.3708822532582531e+01,1.0000000000000000e+00,
7.8342549871649736e-01,1.3919990001106247e-03,9.9999999999862244e-01,1.9771504071483989e-12,9.6403169408076792e+02,3.3966829618293559e+00,2.1201048861094196e-03,-3.0936143380033286e+01,1.0000000000000000e+00,
7.4892617964563246e-01,8.0727541363012731e-04,9.9999999999775524e-01,2.5107484283043611e-12,6.2151233253316605e+02,8.3445149208273506e+00,6.4084641136913367e-04,-2.0204892647352608e+01,1.0000000000000000e+00,
7.3440019225629583e-01,3.8064230696322886e-04,9.9999999999861100e-01,2.9474194223175709e-12,4.0684011048107641e+02,5.1236496901765349e+00,5.6563978820256544e-06,-1.2238857893369413e+01,1.0000000000000000e+00,
7.2841880998238095e-01,1.5020578161964850e-04,9.9999999999825173e-01,3.2708612425993782e-12,3.0139320209091238e+02,2.3254667754372349e+00,3.7438575503645488e-07,-6.8309138269609662e+00,1.0000000000000000e+00,
7.2659502636660067e-01,9.3510481596777066e-06,9.9999999999031275e-01,3.4687112049582922e-12,2.6863212095163180e+02,6.7234804566851381e-02,3.6452822804906859e-05,-3.0140156039289820e+00,1.0000000000000000e+00,
9.5465686316005327e-01,4.5167637553128179e-02,9.9999999998876210e-01,2.1409555793917969e-14,-1.4880021893623052e+01,-2.1336222977530269e+03,9.5854085446767101e-06,-7.1895504717334234e+01,1.0000000000000000e+00,
9.0373272805787630e-01,4.8947923730071424e-02,9.9999999999927214e-01,7.0589433488420723e-13,8.8103400489017076e+02,-1.3635614758197335e+03,2.7290666348989134e-05,-6.4394080116521764e+01,1.0000000000000000e+00,
8.3357918414809473e-01,5.7466409223308187e-02,9.9999999999917599e-01,1.3680204429661221e-12,1.3036236816897144e+03,-3.8646122407080838e+02,4.5561965763935008e-02,-4.6877279501410499e+01,1.0000000000000000e+00,
7.4013313946774062e-01,4.7408108024539944e-02,9.9999999999929856e-01,1.9784538406971412e-12,8.8578803229393088e+02,1.3851938544503355e+02,3.6800237982398398e-02,-3.0289321306859165e+01,1.0000000000000000e+00,
7.2112812858178776e-01,2.5243254133724531e-02,9.9999999999952804e-01,2.5121070770275419e-12,3.9604757890738256e+02,2.8517166268720757e+02,5.6266494015078106e-03,-1.8500455038754012e+01,1.0000000000000000e+00,
7.2165559971866045e-01,1.1349668684821913e-02,9.9999999999948019e-01,2.9487439617122935e-12,2.5532242506905459e+02,1.6462536873332283e+02,1.0103073447287336e-05,-1.0828955797252092e+01,1.0000000000000000e+00,
7.2228509067639290e-01,4.4575721942335051e-03,9.9999999999938916e-01,3.2722562808650033e-12,1.9638750050617091e+02,7.3300922770704346e+01,1.5583951778475047e-04,-6.0045652251473598e+00,1.0000000000000000e+00,
7.2202700979192591e-01,2.7956990890169985e-04,9.9999999999929623e-01,3.4701912687154429e-12,1.7871556061331648e+02,2.1107756629760388e+00,3.3108467655858925e-04,-2.6529510085560446e+00,1.0000000000000000e+00,
1.0263904252005672e-01,-2.0257463168529358e-01,9.9987642654016873e-01,2.1075977009311871e-14,-1.3085567720825851e+06,-1.6395386552957145e+07,3.8707781600844093e-02,-4.3829206400192493e+02,1.0000000000000000e+00,
5.0837132859923084e-01,-2.4974189637264740e-01,9.9999943431661675e-01,6.9954649424832823e-13,-6.9548504198565567e+06,-5.6055918724937318e+06,1.6905836926772722e-02,-5.0447071259925394e+02,1.0000000000000000e+00,
1.4145224214786037e-01,-3.1416602268500737e-01,9.9998879917623751e-01,1.3704318612831958e-12,-6.8993647667799508e+06,-7.0462269715596419e+06,4.4942736950019935e-01,-4.7412265737417181e+02,1.0000000000000000e+00,
-7.6142988649022081e-02,-5.6940177009230863e-01,9.9996803142031532e-01,1.9822123760780801e-12,-3.5534286266900674e+06,-5.1206336976470063e+06,6.9681668224101934e-01,-4.0846300996012269e+02,1.0000000000000000e+00,
5.9834727475960814e-01,-4.0118805979182805e-02,9.9999999999973932e-01,2.5156251428111400e-12,-4.6607940250214597e+02,5.5851739462377736e+02,3.5449998495251656e-03,-1.1871571800199717e+01,1.0000000000000000e+00,
7.0154430634304665e-01,1.1853319235072405e-02,9.9999999999989975e-01,2.9522019348835811e-12,-1.0340545684812241e+01,2.8620236093483982e+02,2.1015132029011951e-05,-6.6949695019745832e+00,1.0000000000000000e+00,
7.1241066710867618e-01,5.3045081997713803e-03,9.9999999999997802e-01,3.2760197074273483e-12,3.9623473294879659e+01,1.2368667300797824e+02,1.8814486621443471e-06,-3.7912936208891779e+00,1.0000000000000000e+00,
7.1596406824265180e-01,3.2757381448277170e-04,9.9999999999997979e-01,3.4742209024129410e-12,5.4205011616155389e+01,3.5415529360761866e+00,1.3442230099441899e-04,-1.7093032677893518e+00,1.0000000000000000e+00,
-1.5876560192223654e-01,-4.2414115167529809e-01,9.9995305101130583e-01,2.0436654148987621e-14,-4.3888001413707240e+06,-1.4165601563037053e+07,1.9245508677988381e+00,-7.3016293890953932e+02,1.0000000000000000e+00,
-3.7104446146085440e-01,-4.3785034399236200e-01,0.0000000000000000e+00,0.0000000000000000e+00,-7.8967143164858697e+06,-7.0794118978165928e+06,0.0000000000000000e+00,-3.4803954794895299e+03,0.0000000000000000e+00,
-7.9338649141339188e-02,-5.6737377882316342e-01,9.9996237342572192e-01,1.3790265864567688e-12,-1.0844545327178720e+07,-8.0932162633255748e+06,4.3673694285821796e-01,-4.6123449361121425e+02,1.0000000000000000e+00,
4.3047380532970504e-02,-7.5800092345382597e-01,9.9995455587512827e-01,1.9884914765096508e-12,-2.2328314626021769e+07,-5.8946896718971862e+05,7.4826237139469232e-02,-5.5617990955047946e+02,1.0000000000000000e+00,
6.4821395138183768e-01,-5.5797223629478067e-02,1.0000000000000275e+00,2.5199099145514090e-12,-1.0158795318729972e+03,4.2710199000212015e+02,2.7928882386368814e-04,-8.4444090780334591e-01,1.0000000000000000e+00,
7.0153760619853545e-01,5.8287899780239587e-03,1.0000000000000577e+00,2.9570524714778787e-12,-3.0525689691239677e+02,2.3891629637746519e+02,2.4631741551983666e-05,-9.3005054341654159e-01,1.0000000000000000e+00,
7.0697739268067228e-01,2.4334020228836185e-03,1.0000000000000100e+00,3.2815424121923441e-12,-1.4647847730538342e+02,1.0848230154761040e+02,1.0914516866689095e-06,-8.4340728044406887e-01,1.0000000000000000e+00,
7.1186903403770119e-01,9.2643875474900000e-05,9.9999999999997591e-01,3.4801750743522249e-12,-7.6540990927067469e+01,3.1650235010033612e+00,1.4876006152256260e-05,-4.6767560379203132e-01,1.0000000000000000e+00,
-1.4159118453067110e-01,-6.4039274388630441e-01,9.9995321803281323e-01,2.0439087903399646e-14,-4.3492213999278238e+06,-3.0531199252134729e+06,1.0952067025269052e-01,-7.1450100340001063e+02,1.0000000000000000e+00,
-4.8041264396285255e-01,-8.5602154847551570e-01,0.0000000000000000e+00,0.0000000000000000e+00,-1.1525314669466024e+07,-4.7721454629825624e+06,0.0000000000000000e+00,-3.4453767945608033e+03,0.0000000000000000e+00,
-1.7421611583290364e-02,-1.1403843733667114e+00,9.9998853443363911e-01,1.3845304603046011e-12,-1.2779967497657491e+07,-7.9959238496124127e+05,3.3505224648453478e+00,-4.8848034175268742e+02,1.0000000000000000e+00,
-1.5338855309353345e-02,-5.0452442020993549e-01,9.9999945808498836e-01,1.9961842276240791e-12,-1.6689837242656708e+07,-2.8211644303300823e+06,5.4652874328431356e-02,-5.6628950300551298e+02,1.0000000000000000e+00,
6.3863629467389860e-01,1.0541950913155668e-03,9.9999999999978928e-01,2.5251152666486510e-12,-1.2728882338295080e+03,1.4737197326649039e+02,6.0879363695975908e-03,4.3051680769408449e+00,1.0000000000000000e+00,
6.8628765114297197e-01,-2.9821159244179081e-03,9.9999999999986278e-01,2.9628215895171488e-12,-4.5862253604282159e+02,1.0766666550862283e+02,1.8432142218957615e-03,1.9221937696357827e+00,1.0000000000000000e+00,
7.0460424117109977e-01,-2.7756519175442525e-03,9.9999999999992950e-01,3.2880698080411928e-12,-2.4591563818976283e+02,5.8072056004493788e+01,4.3746168797431650e-04,7.3666280469149115e-01,1.0000000000000000e+00,
7.1095362613794599e-01,-1.2790342723351697e-03,9.9999999999994982e-01,3.4871643302846525e-12,-1.6063886114688648e+02,1.7890637036828139e+00,9.4484849020025656e-06,2.0095206150578804e-02,1.0000000000000000e+00,
-6.4749392974460723e-02,-1.0092763669884279e+00,9.9996665217007519e-01,2.1170310021212423e-14,-2.8387942272911663e+06,-1.2399291949711752e+06,2.2669338152836449e-01,-5.9219443137020403e+02,1.0000000000000000e+00,
5.0406600957366210e-01,-4.6002894245944159e-01,9.9999724831021541e-01,7.0262795599432025e-13,-5.4448613852238348e+06,-3.3470281868907629e+05,1.5167624104706068e-02,-5.4006836995463550e+02,1.0000000000000000e+00,
2.1011407646927377e-01,-6.1828377505863219e-01,9.9998655731807862e-01,1.3803739045511626e-12,-2.5871008840682749e+06,-1.3042574472389007e+06,3.6317940065888621e-01,-6.1982511542441569e+02,1.0000000000000000e+00,
2.4062016303838876e-01,-7.6017893572396522e-01,9.9999637771125693e-01,1.9960417560135205e-12,-3.5382866385868755e+06,-2.3792383519996870e+06,7.4993332476817454e-01,-4.7600304141418826e+02,1.0000000000000000e+00,
5.4759084740015673e-01,-1.5281518795359983e-01,9.9999999999953437e-01,2.5298740645167559e-12,-1.3264319895512017e+03,-8.0545995684988156e+02,3.7472745842148658e-04,6.8820646488286457e+00,1.0000000000000000e+00,
6.8456623751931533e-01,-3.3731215193309898e-02,9.9999999999963440e-01,2.9688341264536741e-12,-4.6160666322830366e+02,-1.2346958829039067e+02,9.7760730621843095e-06,3.5953256554070094e+00,1.0000000000000000e+00,
7.0477553162326090e-01,-1.1835143228267097e-02,9.9999999999978417e-01,3.2946883610547731e-12,-2.5449705543214804e+02,-2.8684313014309737e+00,1.0321571833338261e-06,1.5456601714347471e+00,1.0000000000000000e+00,
7.1126555763656940e-01,-4.0742986089439860e-03,9.9999999999995171e-01,3.4941423163819388e-12,-1.8858677976558101e+02,5.4569892432141387e-01,2.4591614335156553e-07,4.4223857553360446e-02,1.0000000000000000e+00,
9.5759479674187342e-01,-1.4995173113649735e-01,9.9999999999425448e-01,2.1566838530130083e-14,-1.5129728581297968e+03,-1.1488040127078420e+03,1.4903227450846490e-03,-1.2549273586659865e+01,1.0000000000000000e+00,
9.1688745100524038e-01,-9.2137882630730111e-02,9.9999999999765132e-01,7.1111111379401090e-13,3.1294872020298499e+02,5.2072927564950078e+01,1.0256666306995843e-03,-9.6432247497318713e+00,1.0000000000000000e+00,
8.5783560364498690e-01,-1.4087190993635709e-01,9.9999999999784428e-01,1.3803977910494045e-12,4.0838171573632280e+02,-4.5043036962306360e+02,4.2555557110979247e-02,-1.7275793505838237e+00,1.0000000000000000e+00,
7.1090738136519793e-01,-1.9173603001682521e-01,9.9999999999856626e-01,1.9965860959509661e-12,-2.8626939536770806e+02,-9.7765264561967342e+02,4.2960768857458476e-03,3.6568918147596605e+00,1.0000000000000000e+00,
6.9118859307762848e-01,-1.4308335347374770e-01,9.9999999999912015e-01,2.5341180450272097e-12,-3.7702409659796103e+02,-6.8252414662201772e+02,3.0126990742673776e-04,5.3747890579971909e+00,1.0000000000000000e+00,
7.0329786832461194e-01,-3.6812863125706204e-02,9.9999999999943678e-01,2.9740510652041181e-12,-3.2332833368200227e+02,-1.4805351168433845e+02,6.2648613019522514e-06,3.7118170227789733e+00,1.0000000000000000e+00,
7.1228526374910517e-01,-1.2947984772216928e-02,9.9999999999966249e-01,3.3003336795602367e-12,-2.3539609977834334e+02,-3.1460932719346602e+01,5.9132832609734565e-04,1.8589172941272807e+00,1.0000000000000000e+00,
7.1487745789710244e-01,-4.3671768958208112e-03,9.9999999999992095e-01,3.5000337784737362e-12,-1.8903819519691751e+02,-3.7942814586131135e+00,3.0857634357624175e-04,5.4711943134783780e-02,1.0000000000000000e+00,
9.5579804418385350e-01,-6.3460893748306865e-02,9.9999999997668754e-01,2.1652965469420483e-14,9.5329752817633562e+00,6.7223465812276118e+00,8.4786038918871487e-07,-6.5489118305667944e+00,1.0000000000000000e+00,
9.1016333975086383e-01,-4.8219161323855786e-02,9.9999999997898725e-01,7.1294634777369005e-13,2.4579012744579813e+02,1.4089815213083057e+00,7.6644835481452095e-04,-5.1368361473705590e+00,1.0000000000000000e+00,
8.5411064652247437e-01,-6.1513275763045279e-02,9.9999999999188594e-01,1.3811771365409484e-12,3.1061202631790366e+02,-1.7504825333126064e+02,1.0241575998432353e-03,-1.0009681205899597e+00,1.0000000000000000e+00,
7.8476212436474335e-01,-6.3312442802479607e-02,9.9999999999736155e-01,1.9975272929187975e-12,7.8090970004632254e+01,-2.5243979862352717e+02,8.1838070248654859e-05,2.6941152756613747e+00,1.0000000000000000e+00,
7.4020333277691508e-01,-5.4546964124977448e-02,9.9999999999905398e-01,2.5364240152895274e-12,-1.2811066366593877e+02,-2.3641582802265475e+02,8.3952297316447488e-04,4.6950307013032671e+00,1.0000000000000000e+00,
7.2522933653166310e-01,-2.6738779835745546e-02,9.9999999999950262e-01,2.9773550945488533e-12,-1.7900866995133401e+02,-1.1036005955029395e+02,1.7674876236217774e-06,3.5106210191180480e+00,1.0000000000000000e+00,
7.2022704363437606e-01,-1.0329103648680412e-02,9.9999999999932421e-01,3.3040437198537660e-12,-1.8308847772059380e+02,-2.9940068660653196e+01,2.7806062206751914e-05,1.8369380813101941e+00,1.0000000000000000e+00,
7.1885680630387139e-01,-3.4916978196929483e-03,9.9999999999689193e-01,3.5039223682912975e-12,-1.8234762872516876e+02,-4.2025698598081362e+00,2.4108129685249634e-05,5.5977911654212065e-02,1.0000000000000000e+00,

64,9
9.9788854066536159e-01,6.7333741384679416e-02,1.0000000000083940e+00,6.6370429747220708e-13,8.1578923199995188e+02,-1.8571440397136030e+01,5.2896238434329987e+01,-5.2444290568537212e+01,1.0000000000000000e+00,
9.5133034227429825e-01,5.3420821863572041e-02,1.0000000000143376e+00,1.3277828177924220e-12,1.2671063630765275e+03,-7.9262635073973797e+00,4.4095480362277284e-02,-4.3321912435093054e+01,1.0000000000000000e+00,
8.9971670162557438e-01,5.7233142836274058e-02,1.0000000000136613e+00,1.9421626074563318e-12,1.3531399062703713e+03,1.0576027552560845e+02,5.2798450693697374e-02,-3.1201185453068092e+01,1.0000000000000000e+00,
8.4046124056721105e-01,5.6625173213786517e-02,1.0000000000047480e+00,2.4812529776014211e-12,1.3211334614697989e+03,3.2676655973991728e+02,5.2954722029840973e-02,-1.9327423790708849e+01,1.0000000000000000e+00,
7.8972031170174928e-01,4.3098516121209969e-02,1.0000000000009825e+00,2.9244663951926003e-12,9.6669522288466396e+02,3.3025514200853650e+02,3.1077580779104164e-02,-1.1379715058730199e+01,1.0000000000000000e+00,
7.5573885336960200e-01,2.2799267516617545e-02,1.0000000000023870e+00,3.2554459834957422e-12,6.5414042986303684e+02,2.5982867075617833e+02,6.8172078045936058e-03,-6.3518884233536710e+00,1.0000000000000000e+00,
7.3819628195265086e-01,1.0244302209046992e-02,1.0000000000079885e+00,3.4615058537250620e-12,4.4479819152892742e+02,1.4900294303970441e+02,3.7731609996406734e-03,-2.8816907695058376e+00,1.0000000000000000e+00,
7.3053634012063440e-01,3.9495022871006251e-03,1.0000000000245508e+00,3.5341800952835671e-12,3.3317912721277389e+02,6.4674511470457219e+01,1.1976412187577755e-01,-8.3947537797383731e-02,1.0000000000000000e+00,
9.9885583439571890e-01,1.4142754909496782e-01,1.0000000000025597e+00,6.6376332492685136e-13,1.6737676795513835e+03,-6.5192335132160224e+02,1.0016210890329991e+02,-5.5700357737379022e+01,1.0000000000000000e+00,
9.6522791649268791e-01,1.0889959833637188e-01,1.0000000000000544e+00,1.3299124156783719e-12,1.7958996200992260e+03,-2.5779129620459571e+02,8.1880398724532011e-01,-4.4661709153114884e+01,1.0000000000000000e+00,
9.1340066774265560e-01,1.3964989715837181e-01,9.9999999999981259e-01,1.9457437887843994e-12,2.1591868291205174e+03,2.0928491466038395e+02,2.5925775524340500e+00,-2.9494331738225242e+01,1.0000000000000000e+00,
8.3754219037515976e-01,1.3797438047807206e-01,9.9999999999979050e-01,2.4846894132124970e-12,2.1804443074666779e+03,1.1525830314480118e+03,3.6126736563843354e+00,-1.3053108252978745e+01,1.0000000000000000e+00,
7.7909827004315824e-01,9.6820630999031765e-02,9.9999999999989020e-01,2.9278011904699669e-12,9.7087299954255286e+02,1.0018407374496746e+03,5.7029095801638396e-01,-7.2694309956488041e+00,1.0000000000000000e+00,
7.4647821091874755e-01,3.4667648608636248e-02,9.9999999999996236e-01,3.2590576052291800e-12,5.9621536699341959e+02,5.2349997693745536e+02,8.1030002187731931e-03,-4.1187422018005577e+00,1.0000000000000000e+00,
7.3329422556543955e-01,1.4859861522706281e-02,1.0000000000000000e+00,3.4653793364207716e-12,3.9123465520916216e+02,2.6874584847410006e+02,6.0276635266420797e-04,-1.9028895014920408e+00,1.0000000000000000e+00,
7.2791066066567611e-01,5.8735151934911642e-03,1.0000000000011038e+00,3.5381561353135174e-12,2.9277184225647943e+02,1.1342204546672292e+02,1.7892535040459245e-01,-5.5848612691656641e-02,1.0000000000000000e+00,
1.1834966873496751e+00,8.0306837009102161e-01,1.0000726411900307e+00,6.6327851757283508e-13,5.3629161957248291e+06,9.5682118544078869e+04,1.1055041529405958e+03,2.7555140739341596e+01,1.0000000000000000e+00,
1.3453175154804855e+00,5.5503396571028518e-01,1.0000000065030317e+00,1.3370716810898578e-12,2.6635845967085059e+06,1.2540147700432707e+06,8.2269070800650343e+02,5.5194512368726691e+01,1.0000000000000000e+00,
1.7150171559193066e+00,7.9170349948649577e-01,1.0000142228050217e+00,1.9520754630202608e-12,3.5436748625600385e+06,1.8956627482224542e+06,6.7904295823288032e+02,-2.9361097559261225e+01,1.0000000000000000e+00,
1.4240845247483402e+00,1.0624424458930317e+00,1.0000224534339486e+00,2.4889515986107178e-12,3.2567604791840781e+06,1.2846177016667479e+06,1.1428636902462231e+03,1.4203446465659226e+00,1.0000000000000000e+00,
7.2932692406611654e-01,1.1650588526739900e-01,1.0000000000001741e+00,2.9325376521091040e-12,7.8148960945181898e+02,1.3866474523791112e+03,4.9331608169973338e+00,1.0885634279736678e-01,1.0000000000000000e+00,
7.2184708487053328e-01,3.4392688969420125e-02,1.0000000000001583e+00,3.2644559131296788e-12,3.6112065665511182e+02,5.9876708621777652e+02,3.4969812409368917e-02,-1.0541290189058827e+00,1.0000000000000000e+00,
7.2194982023123477e-01,1.4848413852923766e-02,1.0000000000001370e+00,3.4712188069120948e-12,2.3789185218958301e+02,3.0197305354995478e+02,2.1901800032406160e-03,-5.8037356009339192e-01,1.0000000000000000e+00,
7.2183903546790484e-01,5.9028946036228189e-03,1.0000000000010467e+00,3.5441528951548894e-12,1.8612878441116482e+02,1.2728158685013113e+02,1.8061246615309706e-01,-1.7968688266067900e-02,1.0000000000000000e+00,
1.3171980366447598e+00,1.0500277642712075e+00,1.0000500990343655e+00,6.5569219935876182e-13,8.5668888003171701e+06,1.9470772543620397e+06,1.2674137742641974e+03,-1.4043348123632745e+02,1.0000000000000000e+00,
1.6478549524305999e+00,8.4712383651227374e-01,1.0000836255207461e+00,1.3895018909363358e-12,2.2526056413693032e+06,9.8283097930538096e+05,2.7865010538462784e+03,0.0000000000000000e+00,1.0000000000000000e+00,
1.8127864336646240e+00,8.5841193391527182e-01,1.0000361714874857e+00,1.9605375654460109e-12,1.5776121956949302e+06,2.7837551000139252e+06,1.5979420387872312e+03,-1.9834081261741937e+02,1.0000000000000000e+00,
2.1927659583578247e+00,6.8554630713179887e-01,1.0000492309055466e+00,2.4941534915759044e-12,3.3705716642047727e+05,4.4481854131525336e+06,1.6682444806148783e+03,8.9982126532329403e+00,1.0000000000000000e+00,
7.5557626869531946e-01,4.3412978625893633e-02,1.0000000000002356e+00,2.9382112788335708e-12,-4.1033218926168047e+01,1.1972255901775497e+03,3.8948571045070715e+00,8.1282097566495395e+00,1.0000000000000000e+00,
7.1159249252564150e-01,1.6294088652354235e-02,1.0000000000001750e+00,3.2709056258858754e-12,2.4368599773515598e+01,5.7731053504976444e+02,3.6759279519241184e-02,3.8475027832890873e+00,1.0000000000000000e+00,
7.1549082448346379e-01,1.1036034144981430e-02,1.0000000000001332e+00,3.4781531993874779e-12,4.4632994678613613e+01,2.9746203224240162e+02,2.2808370905791353e-03,1.6814107180558153e+00,1.0000000000000000e+00,
7.1667825947170860e-01,4.8313486539650029e-03,1.0000000000008440e+00,3.5512554398074621e-12,4.9727595877979184e+01,1.2608411064675238e+02,1.5662172762180931e-01,6.2106829818117149e-01,1.0000000000000000e+00,
1.3698041980648319e+00,5.5580641821098120e-01,1.0000509282489294e+00,6.5841682611347257e-13,6.8710888683201848e+06,1.3907013639293954e+07,8.8161661065823944e+02,-4.3384651063229694e+02,1.0000000000000000e+00,
1.9019936896918992e+00,4.5365659851353851e-01,1.0000210300140249e+00,1.3896546233770887e-12,3.8017935080634413e+05,3.3535986253314777e+06,2.9387324553093654e+03,0.0000000000000000e+00,1.0000000000000000e+00,
2.0015543788083008e+00,8.0501518454853049e-01,1.0000111323611236e+00,1.9612692177424431e-12,1.1018215534664302e+06,5.7799012637266414e+06,2.4842703248170651e+03,-3.0263204687010943e+02,1.0000000000000000e+00,
2.0682390139684679e+00,6.6508022060967420e-01,1.0000024920058950e+00,2.4987805232100852e-12,1.2782051279044782e+06,1.2057518323237856e+06,1.1160906138528733e+03,1.7115623225754803e+01,1.0000000000000000e+00,
7.3035686552475565e-01,7.5499975723185536e-02,1.0000000000000449e+00,2.9441842916130741e-12,-3.3286692446345114e+02,8.2287087099757628e+02,3.3471386188511696e+00,1.4080280538865622e+01,1.0000000000000000e+00,
7.0630547455604775e-01,1.1882056645741932e-02,1.0000000000000604e+00,3.2775178281218821e-12,-1.6271013732475694e+02,3.9963923671020893e+02,4.7312443067770715e-02,6.7371113032340872e+00,1.0000000000000000e+00,
7.1150126151597815e-01,5.1563072049435324e-03,1.0000000000000526e+00,3.4851480581752167e-12,-8.6115071544380044e+01,2.2268766966572002e+02,4.4523479611344001e-03,3.3743980278792378e+00,1.0000000000000000e+00,
7.1338071044743756e-01,2.0655303122164926e-03,1.0000000000008984e+00,3.5583859237486823e-12,-6.4304659681845806e+01,9.8907023832543928e+01,8.6115870989284887e-02,1.4089985808511472e+00,1.0000000000000000e+00,
1.6002978501614291e+00,1.0374528634766622e-01,1.0000300316535695e+00,6.6806570399809221e-13,2.7730807993026888e+06,1.3854153035671948e+07,1.2858755579998133e+03,8.5791990736265689e-01,1.0000000000000000e+00,
1.4352668512993463e+00,2.8108163669582575e-01,1.0000012396455438e+00,1.3427639456340925e-12,1.6432774384533393e+06,6.3987492992534125e+06,6.7716107148007620e+02,-2.3157272685460839e+00,1.0000000000000000e+00,
1.2998664705290892e+00,3.7390973454048843e-01,1.0000038618018980e+00,1.9601041045939471e-12,2.2469526363669476e+06,4.3186376181078916e+06,1.0125046613661460e+03,7.3980894266908308e+00,1.0000000000000000e+00,
1.3463141063654847e+00,6.2657378609614767e-01,1.0000005520355026e+00,2.5030104747518738e-12,3.0599561722690412e+06,4.1621949485158562e+06,1.3112042921958689e+03,1.7589822942813726e+01,1.0000000000000000e+00,
6.9958926528917564e-01,7.1661362199500978e-02,9.9999999999990263e-01,2.9494526675931453e-12,-3.4627784276963212e+02,2.4520543820108287e+02,4.5888131181951675e+00,1.4529564821830945e+01,1.0000000000000000e+00,
7.1118671100481445e-01,-1.8080037933785027e-03,9.9999999999995770e-01,3.2832342796257539e-12,-2.4303725423506694e+02,1.2391160456609214e+02,4.7076888834987965e-02,7.0551061231949461e+00,1.0000000000000000e+00,
7.1446362370788796e-01,-1.6077381864089556e-03,9.9999999999998312e-01,3.4911260216559204e-12,-1.6708158669207478e+02,9.6781430025475856e+01,4.0964669556806804e-03,3.8345199081675787e+00,1.0000000000000000e+00,
7.1521800346557285e-01,-1.9088818757258521e-04,1.0000000000009190e+00,3.5644571774561972e-12,-1.4151634417074092e+02,5.1628017356688360e+01,9.8261820274720205e-02,1.7326655267103490e+00,1.0000000000000000e+00,
9.9774978829547212e-01,-4.1268105893780431e-02,1.0000000000404141e+00,6.7005786401611104e-13,8.9350698784619453e+02,1.6789000358818157e+03,1.1281639191921786e+02,-5.4776861020255865e+00,1.0000000000000000e+00,
9.6056584011442203e-01,-4.1970754425877936e-02,9.9999999999966871e-01,1.3405969975179073e-12,9.0050426073430572e+02,6.8092612605105387e+02,4.0562820087668428e-01,-1.3296530861440488e+00,1.0000000000000000e+00,
9.3924924692380785e-01,-5.2161057462733064e-02,9.9999999999989153e-01,1.9609884354326721e-12,9.4862544018833432e+02,1.6158729537528416e+02,1.9748118484739452e+00,6.4607274528195830e+00,1.0000000000000000e+00,
8.7096725714126499e-01,-6.0211136584380501e-02,9.9999999999981282e-01,2.5053334771180854e-12,9.2218042513959517e+02,-2.0300443943779101e+02,3.9203902500567267e+00,1.0614419768956395e+01,1.0000000000000000e+00,
7.7907930552731164e-01,-2.9791977616036955e-02,9.9999999999972422e-01,2.9528535439887225e-12,5.2853869614045834e+01,-1.2431690156809054e+02,1.4040529445493277e+00,1.0143635729771631e+01,1.0000000000000000e+00,
7.3714575307233976e-01,-1.1481523691509954e-02,9.9999999999982969e-01,3.2870691345467757e-12,-1.4200956334389048e+02,-1.0500993978894257e+01,7.4914897562061711e-03,6.5887427203101652e+00,1.0000000000000000e+00,
7.2407621763100338e-01,-3.9358416059116445e-03,9.9999999999994704e-01,3.4951535967501590e-12,-1.8292601077719883e+02,1.1461420906471176e+01,1.2462614767116964e-03,3.8310450678183656e+00,1.0000000000000000e+00,
7.1978280477547207e-01,-2.5156850021232976e-04,1.0000000000008360e+00,3.5685453772990014e-12,-1.7507821803131083e+02,1.1274491910444340e+01,1.1285713633715994e-01,1.7663452023094521e+00,1.0000000000000000e+00,
9.9804470572546555e-01,-1.2932101822014310e-03,1.0000000001252989e+00,6.7046722933104204e-13,2.8370584496187803e+02,2.6037728854134912e+02,5.0836812941494699e+01,-4.2379488478322855e+00,1.0000000000000000e+00,
9.5505359914555454e-01,-1.3266096858091383e-03,1.0000000000938767e+00,1.3409864718042841e-12,4.7407965444617730e+02,2.3301876484292734e+02,4.2492731931104144e-02,-1.0754129969138830e+00,1.0000000000000000e+00,
9.1297483614649166e-01,-1.5986754145649272e-03,1.0000000000230815e+00,1.9613897457143799e-12,4.8092716533974453e+02,3.4615472833320382e+01,4.8276461149326932e-02,3.2926691037340561e+00,1.0000000000000000e+00,
8.5290068878251990e-01,-1.6954786022515560e-03,1.0000000000061344e+00,2.5061048137566149e-12,3.8027326070732670e+02,-5.1909845031332225e+00,4.5751992785936224e-02,5.7301120014388971e+00,1.0000000000000000e+00,
7.9128385112058885e-01,-9.6344482686755580e-04,1.0000000000039295e+00,2.9540333068237929e-12,9.1541668754507555e+01,-3.9814829175156774e+00,3.9305218434476652e-02,5.8323421770468258e+00,1.0000000000000000e+00,
7.4982767902891945e-01,-4.0386447955278207e-04,1.0000000000058802e+00,3.2884552155650309e-12,-8.0897222159910598e+01,-1.3385319640292437e+00,9.1261812474046841e-03,5.2170882345390055e+00,1.0000000000000000e+00,
7.2998929229699538e-01,-1.4077191330229367e-04,1.0000000000064584e+00,3.4966235229004097e-12,-1.5599454656493617e+02,-2.7121122002427001e-01,4.6105959040307950e-03,3.5787585015970080e+00,1.0000000000000000e+00,
7.2235499150737059e-01,-8.6798216415549043e-06,1.0000000000055251e+00,3.5700390685242925e-12,-1.7624661689880304e+02,-4.2802285918241978e-03,9.5168198941310830e-02,1.7545550289247274e+00,1.0000000000000000e+00,

