1
1
1
1
(6 0
((80,232) (96,248) (1,1))
((96,232) (112,248) (1,1))
((80,248) (96,264) (1,1))
((96,248) (112,264) (1,1))
((80,264) (96,280) (1,1))
((96,264) (112,280) (1,1))
)
6
FabOnDisk: SD_1_New_MF_D_00000 0
FabOnDisk: SD_1_New_MF_D_00000 2974
FabOnDisk: SD_1_New_MF_D_00000 5949
FabOnDisk: SD_1_New_MF_D_00000 8923
FabOnDisk: SD_1_New_MF_D_00000 11898
FabOnDisk: SD_1_New_MF_D_00000 14872

6,1
-7.8512350552880621e+00,
-3.8432955249243461e-01,
0.0000000000000000e+00,
-3.6736119006033491e-01,
-7.8533648379524328e+00,
-3.8432522412364739e-01,

6,1
3.5433881779601148e+00,
5.4892120640759927e+00,
3.5433881779601148e+00,
5.4976990712918798e+00,
3.5420304797050353e+00,
5.4976990712918798e+00,

