1
1
1
1
(6 0
((80,232) (96,248) (1,1))
((96,232) (112,248) (1,1))
((80,248) (96,264) (1,1))
((96,248) (112,264) (1,1))
((80,264) (96,280) (1,1))
((96,264) (112,280) (1,1))
)
6
FabOnDisk: SD_1_Old_MF_D_00000 0
FabOnDisk: SD_1_Old_MF_D_00000 2974
FabOnDisk: SD_1_Old_MF_D_00000 5949
FabOnDisk: SD_1_Old_MF_D_00000 8923
FabOnDisk: SD_1_Old_MF_D_00000 11898
FabOnDisk: SD_1_Old_MF_D_00000 14872

6,1
-7.4448660107767957e+00,
-3.9202468236929983e-01,
0.0000000000000000e+00,
-3.4504703581472645e-01,
-7.4449194318002565e+00,
-3.9198515976456411e-01,

6,1
3.6341930370761402e+00,
5.4946022830757233e+00,
3.6341930370761402e+00,
5.5030535113981971e+00,
3.6328224221079157e+00,
5.5030535113981971e+00,

