1
1
9
0
(9 0
((80,232) (95,247) (0,0))
((96,232) (111,247) (0,0))
((112,232) (119,247) (0,0))
((80,248) (95,263) (0,0))
((96,248) (111,263) (0,0))
((112,248) (119,263) (0,0))
((80,264) (95,279) (0,0))
((96,264) (111,279) (0,0))
((112,264) (119,279) (0,0))
)
9
FabOnDisk: Cell_D_00000 0
FabOnDisk: Cell_D_00000 18518
FabOnDisk: Cell_D_00000 37037
FabOnDisk: Cell_D_00000 46341
FabOnDisk: Cell_D_00000 64859
FabOnDisk: Cell_D_00000 83378
FabOnDisk: Cell_D_00000 92682
FabOnDisk: Cell_D_00000 111200
FabOnDisk: Cell_D_00000 129719

9,9
-2.3490682591148926e-01,-7.6409533741688473e-01,0.0000000000000000e+00,0.0000000000000000e+00,-1.3257256110067610e+03,-6.4686012196099341e+02,0.0000000000000000e+00,-4.1183803747678098e+00,0.0000000000000000e+00,
-1.7535082998147228e-01,-3.6796374845588536e-01,0.0000000000000000e+00,0.0000000000000000e+00,-6.0559606310782692e+02,-6.4442595530325912e+02,0.0000000000000000e+00,-9.5171521652076507e-01,0.0000000000000000e+00,
3.1124133718980396e-01,2.4582567938307365e-01,9.9999999999985534e-01,6.0516363146811950e-13,8.4441153254457603e+01,-2.3594105258048134e+02,1.5324942637562344e-03,-5.3485995989259860e-01,1.0000000000000000e+00,
0.0000000000000000e+00,-6.7183455543858317e-01,0.0000000000000000e+00,0.0000000000000000e+00,-6.0233213611581505e+02,-5.8154500794532123e+02,0.0000000000000000e+00,-3.7729498370465041e-02,0.0000000000000000e+00,
-2.0702480129753381e-01,-4.3557978535274888e-01,0.0000000000000000e+00,0.0000000000000000e+00,-1.2029116774456087e+02,-4.5272685308806342e+02,0.0000000000000000e+00,-5.8084358681140236e-01,0.0000000000000000e+00,
-2.5732257811640058e-01,-5.6092589464282627e-01,9.9999999999924138e-01,6.3494511299820864e-13,8.0791565767181780e+01,-3.7582867849782070e+02,1.0519197367405948e+02,-4.9112306589931587e-01,1.0000000000000000e+00,
-2.3490682591212642e-01,-2.0825000688457182e-01,0.0000000000000000e+00,0.0000000000000000e+00,-1.3257256109205539e+03,-4.7344525117097754e+02,0.0000000000000000e+00,-4.1183803741786269e+00,0.0000000000000000e+00,
-1.7535082998143539e-01,-5.6586872818020451e-01,0.0000000000000000e+00,0.0000000000000000e+00,-6.0559606327185611e+02,-5.7396183308887885e+02,0.0000000000000000e+00,-9.5171521652078150e-01,0.0000000000000000e+00,
3.1124133718986929e-01,-6.6225497884339435e-01,9.9999999999989220e-01,6.0419042262925302e-13,8.4441153254458399e+01,-1.4222266648947902e+02,1.5324942513217366e-03,-5.3485995989253476e-01,1.0000000000000000e+00,

9,9
1.6171558454635733e+00,2.0825000688563300e-01,1.0000000000001998e+00,7.1493536097093799e-13,0.0000000000000000e+00,4.7344525117047385e+02,1.2017615724449624e+04,2.6093033252632170e-01,1.0000000000000000e+00,
1.6259940597929732e+00,5.6586872818021328e-01,1.0000000000001630e+00,6.4260229488705166e-13,3.5298884713579463e+02,5.7396183293916192e+02,4.7542153743741792e+03,4.0537647120084346e+00,1.0000000000000000e+00,
1.2612402503350237e+00,6.6225497884342266e-01,1.0000000000000513e+00,6.6348706911370447e-13,5.6966546784574132e+02,1.4222266648954829e+02,2.4278485971101563e+03,-5.3401258833652751e-02,1.0000000000000000e+00,
5.7679748129326391e-01,6.7183455543854997e-01,1.0000000000001177e+00,6.1921158375970793e-13,1.2904887410591215e+02,5.8154500794523892e+02,2.2716373863740009e+03,6.0523872599227646e-01,1.0000000000000000e+00,
2.1645074822899329e-02,4.3557978535277669e-01,1.0000000000003477e+00,6.9189219618310376e-13,2.4364613612638630e+02,4.5272685308810719e+02,2.2525649781300667e+03,3.2020419030207892e+00,1.0000000000000000e+00,
5.9312766145720242e-01,5.6092589464282838e-01,1.0000000000001059e+00,6.6246425229210861e-13,5.4843750774534078e+02,3.7582867849790580e+02,2.3039295339913724e+03,7.9032961396576035e-02,1.0000000000000000e+00,
1.6171558454635773e+00,7.6409533741686930e-01,1.0000000000001077e+00,7.3052034282766958e-13,0.0000000000000000e+00,6.4686012196100216e+02,1.2017615724428668e+04,2.6093033252631809e-01,1.0000000000000000e+00,
1.6259940597929861e+00,3.6796374845585450e-01,1.0000000000005842e+00,6.3689970247674240e-13,3.5298884713578821e+02,6.4442595530324661e+02,4.7542153743744175e+03,4.0537647126453198e+00,1.0000000000000000e+00,
1.2612402503349964e+00,-2.4582567938306946e-01,1.0000000000000024e+00,6.6696773284239915e-13,5.6966546784567663e+02,2.3594105258041225e+02,2.4278485971098225e+03,-5.3401258833646353e-02,1.0000000000000000e+00,

