1
1
2
1
(4 0
((240,224) (255,239) (0,0))
((224,240) (255,255) (0,0))
((0,248) (127,255) (0,0))
((128,248) (223,255) (0,0))
)
4
FabOnDisk: SD_2_Old_MF_D_00000 0
FabOnDisk: SD_2_Old_MF_D_00000 5272
FabOnDisk: SD_2_Old_MF_D_00000 15152
FabOnDisk: SD_2_Old_MF_D_00000 36039

4,2
-6.8809232341072546e-01,-1.4960425677610938e+00,
-6.8912381444390380e-01,-1.2500127474276201e-01,
-9.2018030238531434e-01,-4.0404729468423042e+01,
-5.7682768826076103e-01,-4.8295313580005050e-02,

4,2
2.4242085586800575e+00,2.2656034285422990e+00,
9.3888354685573177e+01,8.0291189871093181e+01,
5.4565657158651128e+01,2.0705914310107204e+01,
4.2339376532379847e-02,7.6256082078067955e-01,

