1
1
8
0
(2 0
((96,104) (127,127) (0,0))
((0,120) (95,127) (0,0))
)
2
FabOnDisk: Cell_D_00000 0
FabOnDisk: Cell_D_00000 49239

2,8
-2.7593468929969872e-01,-6.3423780798329688e-01,9.9845546802535179e-01,0.0000000000000000e+00,-7.6542962641253431e-01,-1.5467547759673095e+00,1.9100627404267101e-04,-4.8264206053349676e-02,
-7.7822117225794227e-02,4.6933845755488599e-05,9.9996411652405204e-01,0.0000000000000000e+00,-5.6579167771063177e-01,-1.1249130697624400e+01,1.4610874506071880e-01,-2.0765005722296570e-01,

2,8
9.1762970624975992e-01,4.9608494732738796e-02,1.0034697880711045e+00,0.0000000000000000e+00,6.2083378604021966e+01,3.5285323779698963e+01,7.0094279217368495e+01,8.5058685522114308e-01,
9.1046630822799968e-01,2.0783819580725982e-01,1.0000346716008948e+00,0.0000000000000000e+00,3.2303679480629199e+01,2.4033224795882306e+00,7.5665255167795948e+01,-1.1889200733722770e-03,

