1
1
8
0
(13 0
((224,136) (255,151) (0,0))
((240,152) (255,159) (0,0))
((216,160) (231,175) (0,0))
((216,200) (231,207) (0,0))
((0,216) (23,255) (0,0))
((176,216) (207,255) (0,0))
((208,216) (215,231) (0,0))
((248,208) (255,223) (0,0))
((24,224) (31,231) (0,0))
((224,224) (255,239) (0,0))
((136,240) (175,255) (0,0))
((208,240) (255,255) (0,0))
((24,248) (135,255) (0,0))
)
13
FabOnDisk: Cell_D_00001 0
FabOnDisk: Cell_D_00001 32856
FabOnDisk: Cell_D_00001 41136
FabOnDisk: Cell_D_00002 0
FabOnDisk: Cell_D_00000 0
FabOnDisk: Cell_D_00003 0
FabOnDisk: Cell_D_00002 8280
FabOnDisk: Cell_D_00002 16560
FabOnDisk: Cell_D_00000 61525
FabOnDisk: Cell_D_00002 24840
FabOnDisk: Cell_D_00003 82008
FabOnDisk: Cell_D_00002 57696
FabOnDisk: Cell_D_00001 57608

13,8
-4.0559404462627130e-01,-6.8130273545096143e-01,9.9828111329441338e-01,0.0000000000000000e+00,-3.6477829389022986e+01,-5.4025436451771981e+01,1.3582049911109451e-02,-9.9280418728264919e-01,
-8.2077097287254389e-02,-2.8404295388028528e-01,9.9999948345819989e-01,0.0000000000000000e+00,-2.0305691521679037e+01,-1.8712426683858183e+01,1.7601765731019681e-02,-1.0135157430026203e+00,
-1.0649261495141112e-01,-1.8497123880648114e-01,9.9999818057947487e-01,0.0000000000000000e+00,-1.6079079987139657e+01,-1.5632269903035002e+01,3.6535826146851136e-02,-4.8887871870751581e-01,
-2.8859126174243727e-01,-2.3752189620062553e-01,9.9983684979161369e-01,0.0000000000000000e+00,-1.1693950609726244e+01,-2.5946753301074978e+01,1.0489968090590551e-01,4.0752905996991384e-01,
-1.0534065048948697e-01,-8.5888459980402843e-02,9.9267260546137204e-01,0.0000000000000000e+00,-2.2567766613147398e+01,-4.5230071198756207e+01,2.5551142056747023e-02,-2.1801394267428806e+00,
-3.8909018233768478e-01,-1.3984629124460138e-01,9.9724630682607995e-01,0.0000000000000000e+00,-1.1305615460062782e+01,-1.0942582565956457e+01,2.6636761244738238e-03,-3.8290802952352682e-02,
-1.8127853994980944e-01,-1.2017770589939006e-01,9.9997560060984014e-01,0.0000000000000000e+00,-1.0946373791181202e+01,-7.1002134612544410e-01,4.1690418591865175e-02,2.4377652758671253e-01,
-1.8365377753062742e-01,-4.6520629369832239e-01,9.9974446095537106e-01,0.0000000000000000e+00,-4.3613969766710227e+01,2.9113732576333859e+00,9.9172225359097865e-02,1.5155238677775769e+00,
-3.9443364449766240e-02,1.9907815478838178e-03,9.9224467587038157e-01,0.0000000000000000e+00,-8.9317255085612430e+00,-2.3485830980868059e+01,7.0390757878620835e-01,-1.3168025183705894e+00,
-1.7788232469853391e-01,-5.5011892604472434e-01,9.9768790005167818e-01,0.0000000000000000e+00,-4.0879331069089801e+01,-3.4915914926641676e+01,3.5054058565489044e-03,1.1259150333494368e+00,
2.6502183781313610e-02,-7.1665785320011055e-02,9.9907094311193911e-01,0.0000000000000000e+00,-1.1571764775483686e+00,-2.2322146502914279e+01,2.8676693282801824e-01,-9.9198411066956294e-01,
-9.9181746570709231e-02,-5.9886257602354021e-01,9.9976420393781573e-01,0.0000000000000000e+00,-3.8217308772857450e-02,-6.5984660827059542e+00,7.9470553606415528e-02,1.0876958514278678e+00,
-8.2572859997706388e-02,-7.6267427353965758e-02,9.8684149371926222e-01,0.0000000000000000e+00,-1.6476759463363308e+01,-5.5045300626355527e+00,6.9068011211615472e+00,-2.1558598752774536e+00,

13,8
3.8917427407205057e-01,2.1082199064918103e-01,1.0001074696629073e+00,0.0000000000000000e+00,3.1032693049902775e+01,7.4261805133208441e+00,7.3056557397177883e+01,6.5973324971522551e-01,
5.5825115131974530e-02,8.8574829960378128e-03,1.0000186425286086e+00,0.0000000000000000e+00,2.0936064298896483e+01,5.6078985897532760e+00,1.6795377867721747e+01,-5.6744068418681770e-01,
1.0181993275055200e-01,2.2242039370090130e-02,1.0001298885643299e+00,0.0000000000000000e+00,6.7554569744956865e+00,1.1281069292996804e+01,2.3090768641596291e+01,-3.1738320199521830e-02,
-3.4378874638990257e-03,6.5404998225139357e-02,1.0003194466478456e+00,0.0000000000000000e+00,3.9889364957396936e+01,2.6513435467168989e+01,3.8270019871531147e+01,1.2770661243080417e+00,
8.7654604669076364e-01,2.4895978517458556e-01,1.0033884119575820e+00,0.0000000000000000e+00,5.9122354350646731e+01,2.3551961710942265e+01,1.4504715301726833e+02,-1.3041087628190076e-01,
9.3753336619060279e-01,9.4934445923714930e-02,1.0034390168933904e+00,0.0000000000000000e+00,1.7632908915671919e+01,1.7694587648543944e+01,3.4645287020910864e+01,1.1843681581339705e+00,
2.3183630460736113e-02,1.6068939242775922e-02,1.0016440696894786e+00,0.0000000000000000e+00,2.4686144586241483e+01,1.7195759651644181e+01,2.5397101790308049e+01,1.1588011868200574e+00,
1.9989735926340141e-01,-5.6888520700956728e-02,1.0000051622843387e+00,0.0000000000000000e+00,7.0024913196177465e+00,3.2437051872963195e+01,6.3992208906763253e+01,2.8400551962826937e+00,
3.1426458428460036e-02,2.5147786625264024e-01,1.0009937182581652e+00,0.0000000000000000e+00,4.9933388373849539e+00,-1.0128942914669835e+01,1.5842679989367564e+01,-7.4978458794879610e-01,
1.0528985137085556e-01,1.2782220383064588e-01,1.0043759174934028e+00,0.0000000000000000e+00,6.3925986843830884e+01,2.7261210549734074e+01,6.2079409985117252e+01,3.1149874122301870e+00,
9.4522698808119276e-01,6.8627348305327865e-02,1.0014685937214680e+00,0.0000000000000000e+00,2.7469708444268989e+01,2.4079043407854883e+01,2.3020266559035115e+01,1.2584995831230372e-01,
9.2789414522334535e-01,2.1788830499855163e-02,1.0014085915794442e+00,0.0000000000000000e+00,1.0638682656132096e+02,8.3477320959889880e+01,1.3822280764241202e+02,3.2013862053734390e+00,
9.6285202592029573e-01,1.2388967915191103e-01,1.0105438791161432e+00,0.0000000000000000e+00,1.6080588586260745e+01,2.4736476480543800e+01,5.7541063618787625e+01,-1.2827336743921383e-01,

