1
1
9
0
(4 0
((80,240) (95,255) (0,0))
((96,240) (111,255) (0,0))
((80,256) (95,271) (0,0))
((96,256) (111,271) (0,0))
)
4
FabOnDisk: Cell_D_00000 0
FabOnDisk: Cell_D_00000 18518
FabOnDisk: Cell_D_00000 37037
FabOnDisk: Cell_D_00000 55555

4,9
0.0000000000000000e+00,-1.0552171037288542e+00,0.0000000000000000e+00,0.0000000000000000e+00,-2.0366918518563680e+03,-1.7610404909900385e+03,0.0000000000000000e+00,-9.6851037577841002e+00,0.0000000000000000e+00,
0.0000000000000000e+00,0.0000000000000000e+00,0.0000000000000000e+00,0.0000000000000000e+00,-2.0463385864175868e+02,-2.1855346999197423e+03,0.0000000000000000e+00,-1.5817747011742473e+00,0.0000000000000000e+00,
0.0000000000000000e+00,0.0000000000000000e+00,0.0000000000000000e+00,0.0000000000000000e+00,-2.0366918518401433e+03,-8.8805355259263411e+02,0.0000000000000000e+00,-9.6851037570195313e+00,0.0000000000000000e+00,
0.0000000000000000e+00,-1.0534662402609163e+00,0.0000000000000000e+00,0.0000000000000000e+00,-2.0463385864176681e+02,-1.6765308179159106e+03,0.0000000000000000e+00,-1.5817747011744312e+00,0.0000000000000000e+00,

4,9
1.9656207873426874e+00,0.0000000000000000e+00,1.0000000000000000e+00,2.9441782345429601e-11,2.8116749293723444e+02,8.8805355259310090e+02,3.4854823992127211e+02,8.7821592985958796e-01,1.0000000000000000e+00,
1.9654501837821612e+00,1.0534662402614963e+00,1.0000000000000000e+00,2.5742574738529811e-11,2.9873342605720554e+03,1.6765308178354387e+03,3.4798516093984267e+02,9.8102007035171308e+00,1.0000000000000000e+00,
1.9656207873426883e+00,1.0552171037289924e+00,1.0000000000000000e+00,2.9786173527668325e-11,2.8116749293723598e+02,1.7610404909900540e+03,3.4854823992129201e+02,8.7821592985958730e-01,1.0000000000000000e+00,
1.9654501837821619e+00,0.0000000000000000e+00,1.0000000000000000e+00,2.6299684652286714e-11,2.9873342605724888e+03,2.1855346999197454e+03,3.4798516093984063e+02,9.8102007028217848e+00,1.0000000000000000e+00,

