1
1
4
2
(3 0
((120,88) (127,95) (0,0))
((112,96) (127,111) (0,0))
((0,112) (127,127) (0,0))
)
3
FabOnDisk: SD_0_Old_MF_D_00000 0
FabOnDisk: SD_0_Old_MF_D_00000 4694
FabOnDisk: SD_0_Old_MF_D_00000 17581

3,4
-1.6482698065732088e-01,-5.3121789666598007e-01,9.9999999999053890e-01,0.0000000000000000e+00,
-1.5621905282946508e-01,-6.5716168100909700e-01,9.9993599156599489e-01,0.0000000000000000e+00,
-7.9281402510224419e-02,-6.7303645945703550e-01,9.9999873930064420e-01,0.0000000000000000e+00,

3,4
-1.1524201665176509e-03,-1.2497153787512559e-02,1.0000000000006877e+00,0.0000000000000000e+00,
8.5230513029132510e-02,-4.3167918073167166e-02,1.0002165046076024e+00,0.0000000000000000e+00,
9.4210232585950904e-01,2.0788600674880689e-01,1.0000000010625933e+00,0.0000000000000000e+00,

