1
1
2
1
(3 0
((120,88) (127,95) (0,0))
((112,96) (127,111) (0,0))
((0,112) (127,127) (0,0))
)
3
FabOnDisk: SD_2_Old_MF_D_00000 0
FabOnDisk: SD_2_Old_MF_D_00000 1686
FabOnDisk: SD_2_Old_MF_D_00000 6957

3,2
-1.2260975140374435e-01,-3.9378824476809365e-01,
-3.2294504597626555e-01,-4.4400852005627373e-01,
-1.4740421737571523e+00,-1.1279694848067637e+01,

3,2
8.2023376584882945e-01,-9.4460224350638999e-02,
7.6014965666489287e-01,8.7803824504567562e-01,
6.2093834143163448e+01,3.5293571003902464e+01,

