1
1
4
4
(6 0
((32,112) (47,127) (0,0))
((48,112) (63,127) (0,0))
((64,112) (71,127) (0,0))
((32,128) (47,143) (0,0))
((48,128) (63,143) (0,0))
((64,128) (71,143) (0,0))
)
6
FabOnDisk: SD_0_Old_MF_D_00000 0
FabOnDisk: SD_0_Old_MF_D_00000 18518
FabOnDisk: SD_0_Old_MF_D_00000 37036
FabOnDisk: SD_0_Old_MF_D_00000 49410
FabOnDisk: SD_0_Old_MF_D_00000 67928
FabOnDisk: SD_0_Old_MF_D_00000 86446

6,4
0.0000000000000000e+00,-7.3796744606339792e-01,9.9999999999914835e-01,-1.3150576860265629e-12,
-8.6410955041999837e-01,-6.8958604703687332e-01,9.9999999999903366e-01,-4.2177333225827196e-13,
1.5924905437631170e-03,1.9217702442078651e-02,9.9999999999981493e-01,1.1688701952087007e-13,
0.0000000000000000e+00,-8.1945908133391644e-09,9.9999999999926226e-01,-1.3719665775292680e-12,
-8.6410955041991133e-01,-8.1239396940356001e-01,9.9999999999930433e-01,-4.4618763933977549e-13,
1.5924905437792380e-03,-6.4356625568317161e-01,9.9999999999993405e-01,1.1664521260984127e-13,

6,4
1.4616045801162481e+00,8.1945908245338364e-09,1.0000000000000000e+40,2.4128162375294252e-12,
1.4992429072891187e+00,8.1239396940359021e-01,1.0000000000000000e+40,2.6573723308519223e-13,
1.1147938627456657e+00,6.4356625568318215e-01,1.0000000000001450e+00,1.7138956587048353e-13,
1.4616045801162771e+00,7.3796744606334663e-01,1.0000000000000000e+40,2.5345748817073501e-12,
1.4992429072890958e+00,6.8958604703694881e-01,1.0000000000000000e+40,2.7512027146948056e-13,
1.1147938627456633e+00,-1.9217702442088459e-02,1.0000000000001390e+00,1.7547653150237399e-13,

