1
1
9
0
(4 0
((32,112) (47,127) (0,0))
((48,112) (63,127) (0,0))
((32,128) (47,143) (0,0))
((48,128) (63,143) (0,0))
)
4
FabOnDisk: Cell_D_00000 0
FabOnDisk: Cell_D_00000 18518
FabOnDisk: Cell_D_00000 37036
FabOnDisk: Cell_D_00000 55554

4,9
0.0000000000000000e+00,-9.8165304984494395e-01,0.0000000000000000e+00,0.0000000000000000e+00,-1.3168953647033470e+03,-1.5769260523368166e+03,0.0000000000000000e+00,-1.1464255391865845e+00,0.0000000000000000e+00,
0.0000000000000000e+00,0.0000000000000000e+00,0.0000000000000000e+00,0.0000000000000000e+00,-1.3316971972545198e+02,-1.8200851971834966e+03,0.0000000000000000e+00,-1.3253169834708789e+00,0.0000000000000000e+00,
0.0000000000000000e+00,0.0000000000000000e+00,0.0000000000000000e+00,0.0000000000000000e+00,-1.3168953647033559e+03,-6.3805084191139656e+02,0.0000000000000000e+00,-1.1464255392608964e+00,0.0000000000000000e+00,
0.0000000000000000e+00,-9.7989151811016850e-01,0.0000000000000000e+00,0.0000000000000000e+00,-1.3316971972545372e+02,-3.5455992404405202e+02,0.0000000000000000e+00,-1.3253169835020717e+00,0.0000000000000000e+00,

4,9
1.9527976520724482e+00,0.0000000000000000e+00,1.0000000000000000e+00,3.3200997506810381e-11,2.7109189439362922e+02,6.3805084191134370e+02,4.2699324060009917e+02,8.2025053946358273e-01,1.0000000000000000e+00,
1.9524518456401077e+00,9.7989151811016717e-01,1.0000000000000000e+00,2.5636851704090056e-11,1.4422723573415096e+03,3.5455992404402087e+02,4.2689110209602836e+02,1.8629629677165921e-01,1.0000000000000000e+00,
1.9527976520724497e+00,9.8165304984494572e-01,1.0000000000000000e+00,3.3966995882650508e-11,2.7109189439363018e+02,1.5769260523368348e+03,4.2699324060009747e+02,8.2025053946358328e-01,1.0000000000000000e+00,
1.9524518456401083e+00,0.0000000000000000e+00,1.0000000000000000e+00,2.6478097492343977e-11,1.4422723573415562e+03,1.8200851971834950e+03,4.2689110209602904e+02,1.8629629677165963e-01,1.0000000000000000e+00,

