1
1
8
0
(4 0
((0,0) (31,31) (0,0))
((32,0) (63,31) (0,0))
((0,32) (31,63) (0,0))
((32,32) (63,63) (0,0))
)
4
FabOnDisk: Cell_D_00000 0
FabOnDisk: Cell_D_00001 0
FabOnDisk: Cell_D_00002 0
FabOnDisk: Cell_D_00003 0

4,8
-5.3261972715790952e-02,-1.8854504059579860e-06,9.9999999999975420e-01,0.0000000000000000e+00,-1.5159368345177594e-03,-2.2452376205113790e-02,1.8165112512513737e-06,3.2787902087267362e-03,
-7.8526509119987487e-02,-7.2887967808502013e-02,9.9999999999826594e-01,0.0000000000000000e+00,-1.9429082890573532e-02,-2.3071550976778765e-02,1.0544238044085663e-06,5.1819109167417533e-03,
-6.9786238509899429e-02,1.2489459041931964e-03,9.9999999999946376e-01,0.0000000000000000e+00,-5.0003505084307454e-02,-2.4247950220990955e+00,2.1627754569486513e-06,-7.8066127125724250e-02,
-3.5827082384467435e-01,-6.5622099116285781e-01,9.9986117089420357e-01,0.0000000000000000e+00,-6.7832124253206305e-01,-9.2701275204834876e-01,2.8809227885395750e-05,-9.0658485985554260e-02,

4,8
1.8859089068584024e-06,3.6573298453008059e-02,1.0000000000012597e+00,0.0000000000000000e+00,1.4251693891227898e-02,7.6813400138004686e-04,5.2007337218836169e-01,7.4778009509624752e-03,
7.9065812165388094e-04,2.0766785373106618e-02,1.0000000000032592e+00,0.0000000000000000e+00,2.9725309594225240e-02,7.5898547159571001e-03,5.4262069751262132e-01,1.0776077738996793e-02,
8.3596266004811948e-01,1.6248450855690597e-01,1.0000000000012177e+00,0.0000000000000000e+00,7.1724301010482412e+00,6.4892936691426162e-01,3.7187840880736317e+01,4.5791773585059344e-03,
8.8276487570321294e-01,2.0031411145880373e-01,1.0001932903502433e+00,0.0000000000000000e+00,2.2297746130712756e+01,1.5113191966175350e+01,3.4060175750682092e+01,6.3080094139064746e-01,

