1
1
2
4
(113 0
((0,152) (15,167) (0,0))
((0,168) (15,175) (0,0))
((24,152) (39,167) (0,0))
((224,152) (239,167) (0,0))
((72,160) (87,167) (0,0))
((184,160) (191,167) (0,0))
((40,168) (55,183) (0,0))
((40,184) (55,191) (0,0))
((56,168) (71,183) (0,0))
((120,168) (127,175) (0,0))
((208,168) (215,175) (0,0))
((136,176) (151,191) (0,0))
((152,176) (167,191) (0,0))
((200,176) (215,191) (0,0))
((168,184) (175,199) (0,0))
((0,192) (15,207) (0,0))
((48,192) (55,199) (0,0))
((96,168) (111,183) (0,0))
((96,184) (111,199) (0,0))
((128,192) (135,207) (0,0))
((160,192) (167,207) (0,0))
((192,192) (207,207) (0,0))
((208,192) (215,207) (0,0))
((224,192) (239,207) (0,0))
((240,192) (247,207) (0,0))
((224,208) (239,223) (0,0))
((240,208) (247,223) (0,0))
((224,224) (239,231) (0,0))
((240,224) (247,231) (0,0))
((32,200) (39,215) (0,0))
((136,200) (143,215) (0,0))
((136,216) (143,231) (0,0))
((112,208) (127,223) (0,0))
((112,224) (127,231) (0,0))
((176,208) (183,223) (0,0))
((184,208) (199,223) (0,0))
((200,208) (215,223) (0,0))
((184,224) (199,231) (0,0))
((200,224) (215,231) (0,0))
((56,216) (71,231) (0,0))
((40,224) (47,231) (0,0))
((160,224) (167,239) (0,0))
((8,232) (15,239) (0,0))
((24,232) (31,239) (0,0))
((80,232) (95,247) (0,0))
((96,232) (111,247) (0,0))
((112,232) (119,247) (0,0))
((80,248) (95,263) (0,0))
((96,248) (111,263) (0,0))
((112,248) (119,263) (0,0))
((184,232) (191,247) (0,0))
((184,248) (191,263) (0,0))
((232,232) (247,239) (0,0))
((24,240) (39,255) (0,0))
((24,256) (39,263) (0,0))
((216,240) (231,247) (0,0))
((8,248) (23,263) (0,0))
((208,248) (223,263) (0,0))
((224,248) (239,263) (0,0))
((16,264) (23,279) (0,0))
((64,264) (79,279) (0,0))
((80,264) (95,279) (0,0))
((96,264) (111,279) (0,0))
((128,264) (135,271) (0,0))
((184,264) (199,271) (0,0))
((192,272) (207,287) (0,0))
((216,272) (231,287) (0,0))
((0,280) (7,295) (0,0))
((96,280) (111,295) (0,0))
((136,280) (151,295) (0,0))
((152,280) (167,295) (0,0))
((136,296) (151,311) (0,0))
((152,296) (167,311) (0,0))
((168,280) (175,287) (0,0))
((16,288) (31,303) (0,0))
((16,304) (31,311) (0,0))
((168,288) (183,303) (0,0))
((192,288) (207,295) (0,0))
((80,296) (95,311) (0,0))
((96,296) (103,311) (0,0))
((80,312) (95,319) (0,0))
((96,312) (103,319) (0,0))
((192,296) (199,303) (0,0))
((200,296) (215,311) (0,0))
((216,296) (223,311) (0,0))
((56,304) (63,319) (0,0))
((56,320) (63,335) (0,0))
((56,336) (63,351) (0,0))
((56,352) (63,359) (0,0))
((184,304) (191,311) (0,0))
((16,312) (31,327) (0,0))
((32,312) (47,327) (0,0))
((48,312) (55,327) (0,0))
((120,312) (135,327) (0,0))
((120,328) (135,335) (0,0))
((184,312) (199,327) (0,0))
((200,312) (207,327) (0,0))
((208,312) (215,319) (0,0))
((136,320) (143,327) (0,0))
((160,320) (167,327) (0,0))
((0,328) (7,335) (0,0))
((8,328) (23,343) (0,0))
((32,328) (47,343) (0,0))
((88,328) (95,343) (0,0))
((136,328) (151,343) (0,0))
((152,328) (167,343) (0,0))
((184,328) (199,343) (0,0))
((208,328) (223,343) (0,0))
((224,328) (231,343) (0,0))
((8,344) (15,351) (0,0))
((16,344) (31,359) (0,0))
((32,344) (39,359) (0,0))
((48,344) (55,359) (0,0))
)
113
FabOnDisk: SD_2_Old_MF_D_00000 0
FabOnDisk: SD_2_Old_MF_D_00000 9302
FabOnDisk: SD_2_Old_MF_D_00000 15532
FabOnDisk: SD_2_Old_MF_D_00000 24834
FabOnDisk: SD_2_Old_MF_D_00000 34138
FabOnDisk: SD_2_Old_MF_D_00000 40368
FabOnDisk: SD_2_Old_MF_D_00000 44552
FabOnDisk: SD_2_Old_MF_D_00000 53854
FabOnDisk: SD_2_Old_MF_D_00000 60084
FabOnDisk: SD_2_Old_MF_D_00000 69386
FabOnDisk: SD_2_Old_MF_D_00000 73570
FabOnDisk: SD_2_Old_MF_D_00000 77754
FabOnDisk: SD_2_Old_MF_D_00000 87058
FabOnDisk: SD_2_Old_MF_D_00000 96362
FabOnDisk: SD_2_Old_MF_D_00000 105666
FabOnDisk: SD_2_Old_MF_D_00000 111898
FabOnDisk: SD_2_Old_MF_D_00000 121200
FabOnDisk: SD_2_Old_MF_D_00000 125382
FabOnDisk: SD_2_Old_MF_D_00000 134685
FabOnDisk: SD_2_Old_MF_D_00000 143988
FabOnDisk: SD_2_Old_MF_D_00000 150220
FabOnDisk: SD_2_Old_MF_D_00000 156452
FabOnDisk: SD_2_Old_MF_D_00000 165756
FabOnDisk: SD_2_Old_MF_D_00000 171988
FabOnDisk: SD_2_Old_MF_D_00000 181292
FabOnDisk: SD_2_Old_MF_D_00000 187524
FabOnDisk: SD_2_Old_MF_D_00000 196828
FabOnDisk: SD_2_Old_MF_D_00000 203060
FabOnDisk: SD_2_Old_MF_D_00000 209292
FabOnDisk: SD_2_Old_MF_D_00000 213476
FabOnDisk: SD_2_Old_MF_D_00000 219706
FabOnDisk: SD_2_Old_MF_D_00000 225938
FabOnDisk: SD_2_Old_MF_D_00000 232170
FabOnDisk: SD_2_Old_MF_D_00000 241474
FabOnDisk: SD_2_Old_MF_D_00000 247706
FabOnDisk: SD_2_Old_MF_D_00000 253938
FabOnDisk: SD_2_Old_MF_D_00000 263242
FabOnDisk: SD_2_Old_MF_D_00000 272546
FabOnDisk: SD_2_Old_MF_D_00000 278778
FabOnDisk: SD_2_Old_MF_D_00000 285010
FabOnDisk: SD_2_Old_MF_D_00000 294312
FabOnDisk: SD_2_Old_MF_D_00000 298494
FabOnDisk: SD_2_Old_MF_D_00000 304726
FabOnDisk: SD_2_Old_MF_D_00000 308907
FabOnDisk: SD_2_Old_MF_D_00000 313089
FabOnDisk: SD_2_Old_MF_D_00000 322391
FabOnDisk: SD_2_Old_MF_D_00000 331694
FabOnDisk: SD_2_Old_MF_D_00000 337926
FabOnDisk: SD_2_Old_MF_D_00000 347228
FabOnDisk: SD_2_Old_MF_D_00000 356531
FabOnDisk: SD_2_Old_MF_D_00000 362763
FabOnDisk: SD_2_Old_MF_D_00000 368995
FabOnDisk: SD_2_Old_MF_D_00000 375227
FabOnDisk: SD_2_Old_MF_D_00000 381459
FabOnDisk: SD_2_Old_MF_D_00000 390761
FabOnDisk: SD_2_Old_MF_D_00000 396991
FabOnDisk: SD_2_Old_MF_D_00000 403223
FabOnDisk: SD_2_Old_MF_D_00000 412524
FabOnDisk: SD_2_Old_MF_D_00000 421828
FabOnDisk: SD_2_Old_MF_D_00000 431132
FabOnDisk: SD_2_Old_MF_D_00000 437362
FabOnDisk: SD_2_Old_MF_D_00000 446664
FabOnDisk: SD_2_Old_MF_D_00000 455966
FabOnDisk: SD_2_Old_MF_D_00000 465269
FabOnDisk: SD_2_Old_MF_D_00000 469453
FabOnDisk: SD_2_Old_MF_D_00000 475685
FabOnDisk: SD_2_Old_MF_D_00000 484989
FabOnDisk: SD_2_Old_MF_D_00000 494293
FabOnDisk: SD_2_Old_MF_D_00000 500523
FabOnDisk: SD_2_Old_MF_D_00000 509826
FabOnDisk: SD_2_Old_MF_D_00000 519130
FabOnDisk: SD_2_Old_MF_D_00000 528434
FabOnDisk: SD_2_Old_MF_D_00000 537738
FabOnDisk: SD_2_Old_MF_D_00000 547042
FabOnDisk: SD_2_Old_MF_D_00000 551226
FabOnDisk: SD_2_Old_MF_D_00000 560528
FabOnDisk: SD_2_Old_MF_D_00000 566758
FabOnDisk: SD_2_Old_MF_D_00000 576062
FabOnDisk: SD_2_Old_MF_D_00000 582294
FabOnDisk: SD_2_Old_MF_D_00000 591596
FabOnDisk: SD_2_Old_MF_D_00000 597827
FabOnDisk: SD_2_Old_MF_D_00000 604057
FabOnDisk: SD_2_Old_MF_D_00000 608240
FabOnDisk: SD_2_Old_MF_D_00000 612424
FabOnDisk: SD_2_Old_MF_D_00000 621728
FabOnDisk: SD_2_Old_MF_D_00000 627960
FabOnDisk: SD_2_Old_MF_D_00000 634190
FabOnDisk: SD_2_Old_MF_D_00000 640420
FabOnDisk: SD_2_Old_MF_D_00000 646650
FabOnDisk: SD_2_Old_MF_D_00000 650832
FabOnDisk: SD_2_Old_MF_D_00000 655016
FabOnDisk: SD_2_Old_MF_D_00000 664318
FabOnDisk: SD_2_Old_MF_D_00000 673620
FabOnDisk: SD_2_Old_MF_D_00000 679850
FabOnDisk: SD_2_Old_MF_D_00000 689154
FabOnDisk: SD_2_Old_MF_D_00000 695386
FabOnDisk: SD_2_Old_MF_D_00000 704690
FabOnDisk: SD_2_Old_MF_D_00000 710922
FabOnDisk: SD_2_Old_MF_D_00000 715106
FabOnDisk: SD_2_Old_MF_D_00000 719290
FabOnDisk: SD_2_Old_MF_D_00000 723474
FabOnDisk: SD_2_Old_MF_D_00000 727656
FabOnDisk: SD_2_Old_MF_D_00000 736957
FabOnDisk: SD_2_Old_MF_D_00000 746259
FabOnDisk: SD_2_Old_MF_D_00000 752489
FabOnDisk: SD_2_Old_MF_D_00000 761793
FabOnDisk: SD_2_Old_MF_D_00000 771097
FabOnDisk: SD_2_Old_MF_D_00000 780401
FabOnDisk: SD_2_Old_MF_D_00000 789705
FabOnDisk: SD_2_Old_MF_D_00000 795937
FabOnDisk: SD_2_Old_MF_D_00000 800118
FabOnDisk: SD_2_Old_MF_D_00000 809420
FabOnDisk: SD_2_Old_MF_D_00000 815650

113,2
-8.0529762793080590e+04,-2.3656672874017677e+05,
-1.0813683904544887e+05,4.7859723860783561e+04,
-2.2387865456131258e+05,-8.0616479457111564e+04,
-2.9078729057448800e+05,-1.5146389263879682e+05,
-1.4965706806085509e+05,-2.4229280782679270e+05,
-1.0951460843188397e+05,-8.0935373638852616e+04,
-1.7462260490161279e+05,-2.0098921661897184e+05,
-2.9741989078038023e+05,-1.6118321378231485e+05,
-1.5790033185462089e+05,-2.1280800400272419e+05,
-1.5126237973643729e+05,-5.7589696868319879e+04,
-3.4931346587476291e+05,-1.2052571200173552e+05,
-2.1133056229441863e+05,-2.6447370376200561e+05,
-1.4210861986849195e+05,-7.4046933426822943e+04,
-4.0456788226215867e+05,-1.9915926695680682e+05,
-1.0324593785692850e+05,-8.0583359056428890e+04,
-1.1845616867808567e+05,-7.9939870718319435e+04,
-2.8754001394980878e+05,-4.3904429983430600e+04,
-2.3762465322404314e+05,-1.6314098160841968e+05,
-2.5271684479586693e+05,-2.6919544735765376e+05,
-3.7926718270128476e+05,-3.2373950196938531e+05,
-1.1713810536117817e+05,-7.3531488487026945e+04,
-2.6785249360429298e+05,-2.7543494300841558e+05,
-2.1381203730560082e+05,-3.9650274848497065e+04,
-2.2411656613342348e+05,-7.5729628930028412e+03,
-1.8246578401048173e+05,-1.7854635391124466e+05,
-1.8933689684314013e+05,-6.9999022727904958e+03,
-1.5202793879481906e+05,-1.6442292273041676e+04,
-2.2014303413196758e+05,-2.1402866087258153e+05,
-1.8720115093150816e+05,-1.5934258593522827e+04,
-2.1450479638512043e+05,-1.0587171638730069e+05,
-1.4568290790376486e+05,-1.5670353376825515e+05,
-1.5270113644938101e+05,-1.5669420588554640e+05,
-3.2829643188035261e+05,-3.1574024418624031e+05,
-3.3445790932009841e+05,-3.1896325314186251e+05,
-4.3903631488225074e+04,-1.6110784377832751e+05,
-1.3628247234890587e+05,-2.3649862754705682e+05,
-1.9246728954372084e+05,-5.1762921291126986e+04,
-2.8986862948823691e+05,-4.1260750563364854e+05,
-2.3131719129752455e+05,1.7906554187313304e+04,
-1.9504212662947248e+05,-6.7477210767012730e+04,
-1.9498211155487079e+05,-1.1257707085449365e+05,
-1.2647727396538248e+05,-1.6354434047174291e+05,
-3.0404167593353341e+05,-6.5781556215869205e+04,
-3.1737705090820818e+05,-9.6359615693922387e+04,
-2.0005666604309954e+05,0.0000000000000000e+00,
-1.4962405145039171e+05,-3.8945832106735907e+05,
-3.3365512237651565e+05,-3.6463553199207236e+05,
-1.7859120409375901e+05,-1.5446400784340329e+05,
-9.7706381280944901e+04,-1.5478125723981758e+05,
-1.2919225196919724e+05,-9.3474344921103329e+04,
-5.0760731327743997e+05,-3.0087161442541401e+05,
-5.2247202529552014e+05,-6.6552156109620410e+04,
-4.3253449807467841e+05,-4.3435173416960170e+05,
-3.4265485847155214e+05,-2.2922099511351262e+05,
-2.4054906193694478e+05,-3.6452518725881819e+05,
-3.7592081666837912e+05,-4.2011993774270377e+05,
-3.1193338798462501e+05,-3.3499722246914898e+05,
-2.1445377725848084e+05,-2.2602680863279820e+05,
-2.4851092129508615e+05,-1.5042292886382493e+05,
-4.4056490423198993e+05,-2.3910691806909163e+05,
-9.5366401318447606e+04,-2.4581150734418188e+05,
-2.0414599277524630e+05,-2.1472168500463013e+05,
-3.0284150091995543e+05,-1.2364350849523616e+05,
-1.6038160105056304e+05,-8.8953044909410528e+04,
-3.7389393178213213e+05,-2.0858412359525246e+05,
-3.2524874746148998e+05,-2.7522376220935403e+05,
-1.8776149748649186e+05,-2.2234545725821372e+05,
-2.6322366935230093e+05,-2.6800452042339748e+05,
-4.3309781476418575e+05,-2.2274552021202544e+05,
-1.9801032616414595e+05,3.4765774820290972e+03,
-3.9981381859038083e+04,-3.7790337556881423e+04,
-1.5628078620521992e+05,-2.5490407629522815e+05,
-1.8917854378200864e+05,-1.1038031392954290e+05,
-1.5443055821399757e+05,-1.5104954756749357e+05,
-3.1925819692604564e+05,-2.2114364350868564e+05,
-3.2836387837299844e+05,3.7794519037994905e+04,
-1.5437619349911402e+05,-2.0116189955642621e+05,
-3.1680767094388575e+05,-4.9713282544272079e+04,
-2.0802523545267322e+05,-3.1957160279601230e+05,
-3.7896914552215749e+05,-2.9834742681491625e+05,
-2.0546532821293367e+05,-2.0566041953398235e+05,
-1.2613177297360380e+05,-6.2681930490363447e+04,
-2.2071609097951150e+05,-2.8351210301567917e+05,
-4.3409219155970204e+05,-3.2203559781722142e+05,
-1.7134848072890600e+05,-3.3362731202832074e+05,
-2.3731280356557254e+05,-2.4456110093472817e+05,
-3.0873571517129749e+05,-7.5005351507506566e+04,
-3.8033844319280615e+05,-1.4897799409592117e+05,
-2.0018897106057702e+05,-1.4930824722340913e+04,
-2.8336271385053406e+05,-2.7513208750449703e+05,
-3.5789751263503422e+05,-3.3816887396488892e+05,
-1.6045040331118944e+05,-1.5204495819276926e+05,
-1.2718652132132120e+05,-2.1745743787926331e+05,
-2.4802094985122385e+05,-2.5152220669714152e+05,
-2.2160055418624834e+05,-3.1651252576412808e+05,
-2.3698251635742199e+05,-3.2652223342785728e+05,
-2.9617014762634935e+05,-3.1445537196307414e+05,
-3.7335068833125551e+05,-2.3625223916445684e+05,
-2.6750008788343985e+05,-8.7141691351433110e+04,
-1.4995716592034587e+05,-1.1730848913326627e+05,
-1.2001113157087966e+05,-1.5652068429484352e+05,
-3.7031753053600114e+05,-3.3658411057405610e+05,
-3.7841497662018664e+05,-2.5081497949061304e+05,
-2.7930012753293558e+05,-1.5038409779199574e+05,
-2.1488206163452414e+05,-1.4608524684918957e+05,
-1.3553448255144904e+05,-1.4168555273855454e+05,
-2.9524643799549667e+05,-1.0058635959820676e+05,
-1.9183706364522368e+05,-5.9888800886325771e+04,
-1.9244805311913806e+05,-1.5161528948374907e+05,
-2.6287833388466242e+05,-2.6167022826270986e+05,
-3.4800183945937897e+05,-3.3789410832737340e+05,
-3.1792894946890156e+05,-3.2174696604637575e+05,
-2.3422568464941578e+05,-1.6001900408618239e+05,

113,2
2.1067265156284848e+05,1.5496760940472595e+05,
3.7671983273909427e+04,2.2282072366652137e+05,
4.2824890355099342e+04,3.0346809951545001e+05,
-2.7623862756229937e+04,1.7338614357784681e+05,
4.2518331705758465e+04,1.9133835790656158e+05,
-1.2325900523104065e+04,6.4165160437638406e+04,
1.7317483018226631e+04,2.6911822674849100e+05,
-7.7683500613957585e+04,1.3982731665152096e+05,
8.0860546228411840e+04,2.1724738143131399e+05,
-2.3930187044185004e+03,1.5693204687033140e+05,
-9.6414306452916935e+04,8.8909351106235408e+04,
2.8366467253273004e+04,1.2799135362005909e+05,
7.0319752890126256e+04,1.6512813438048906e+05,
-2.1014131130679743e+03,1.7491812283880281e+05,
1.0032167614998034e+05,1.0295661833285267e+05,
1.1611450941346266e+05,1.8230791123978270e+05,
-1.0352251669108373e+05,1.9466581367721374e+05,
2.6339488139182504e+04,2.3701010128111666e+05,
7.7009634070491302e+03,2.4098106774410699e+05,
-3.0521270121533598e+04,1.8570029063425900e+05,
4.0764249510741502e+04,1.0445640497312270e+05,
1.3300552928294928e+05,1.7118700523594161e+05,
-1.2545769564914954e+05,2.0597870605702337e+04,
-6.5733855547440180e+04,1.6875880197928927e+05,
2.5769419522580574e+04,1.0585235955810786e+05,
-1.2147084859143361e+05,4.5769439754402265e+04,
-1.2114440225280123e+05,4.1282271412515547e+04,
-2.6162419343017973e+01,1.8120712347601511e+05,
-1.5331895628531493e+05,1.2555449048244918e+04,
-6.2775728139522835e+04,1.1800371411734523e+05,
4.9191189655184280e+04,1.9318747521419573e+05,
-1.4204159406457620e+04,1.0056670824870380e+05,
-8.1447217159617867e+04,1.5595524368841434e+05,
-3.8461332102227607e+04,-3.4555618948207120e+04,
1.3655946389042510e+05,2.1014402008194302e+05,
1.1830760686329158e+05,1.9857125225982745e+05,
-5.3892686316503386e+04,8.5203853603574680e+04,
1.6779673717452097e+05,1.5890440101329878e+05,
3.7937251703908260e+04,2.0638122192092414e+05,
-3.1679131008540571e+04,2.3736479164185876e+05,
-6.3456175493905903e+04,8.7756216366615263e+04,
5.1980010217777453e+04,8.9428125061807805e+04,
-1.0083325592559413e+05,2.1514030831900018e+05,
-1.6944661076642224e+05,1.5475839950674854e+05,
2.7722100258909632e+04,2.9236158683861577e+05,
3.4308829774615879e+04,2.2937285586522194e+02,
-9.7747566634192481e+04,-5.3143856261737528e+04,
1.2689577358472008e+04,8.4196016353152751e+04,
4.5877130756693077e+04,8.3895716888124662e+02,
1.3160513842225773e+05,1.9659232294979156e+05,
-3.0112145730732591e+05,9.4309210777701810e+04,
-3.7608913915977173e+05,1.9362701830300939e+05,
4.4397041257645469e+03,1.8546060315958166e+05,
-2.3094965837494237e+04,1.6622762246003840e+05,
9.0667619902745355e+04,2.4500065998163191e+05,
-7.0285169338106061e+04,1.6840783551071072e+05,
3.3701355467598478e+04,1.4263557960811304e+05,
-1.2351661268154567e+04,1.1302481149812520e+05,
-5.0533336237317417e+04,8.0203534920276434e+04,
-1.4992485707643064e+05,1.7676428146544931e+05,
1.2494208632956725e+05,1.1576260664554429e+05,
0.0000000000000000e+00,2.3894950780287327e+05,
0.0000000000000000e+00,2.3193327717647335e+05,
3.7006272738176631e+04,1.5837885151347291e+05,
8.9941272481469787e+04,3.7429058074658533e+05,
-1.6855230806795589e+04,1.3507973946526181e+05,
-3.6430011322835344e+04,8.2342175097670406e+04,
1.5079667667956383e+05,3.0550304517666082e+05,
-5.1520930799754569e+04,1.7344316634226998e+05,
-4.1404824420809746e+03,2.2539505974486528e+05,
4.6057438316701155e+04,8.0352395693118160e+04,
3.6620123906728986e+04,1.3712956045090687e+04,
3.5593643150612479e+04,1.2435592943877709e+05,
8.4452767309107003e+03,8.6749417152443493e+04,
-2.5020943037305551e+04,2.5642796943686117e+05,
-2.4065468141005986e+05,1.9406739239984454e+05,
8.6653511709113081e+04,3.2229179489430826e+05,
-1.8275633032092155e+05,1.3373936773719470e+05,
2.9737595686168061e+04,1.1133808453912789e+05,
-1.2904668533716322e+05,4.3321953459455108e+04,
-5.0429387580796902e+04,-4.4558473889909510e+04,
-2.0073628038515744e+04,8.5467412404059723e+04,
2.9665991327143274e+04,2.0694017383591563e+05,
6.6310807725963241e+04,2.6597412664982985e+05,
1.5600001364756317e+05,2.3415508072346129e+05,
-1.1760229478112451e+05,-3.0243005405456643e+03,
-1.0303934410005313e+05,1.1869632274719042e+05,
-1.2928957152748335e+05,1.0524055567057949e+05,
-8.4647016534906288e+04,1.6827480003911041e+05,
1.2009368165335036e+04,2.9220232335868932e+05,
6.9340141579740157e+04,2.0863037860437908e+05,
3.4056481032680313e+04,2.0831175656030973e+05,
-5.8740244112050277e+03,4.8805466310677002e+04,
1.3051900292621576e+04,1.5642460847545881e+05,
6.1301167375176738e+04,1.9219343944975844e+05,
5.6131055612364435e+04,1.6741661357371049e+05,
3.0290720257689827e+03,2.7968539350828651e+05,
-1.1366649651968328e+05,1.9382108158383344e+05,
-4.5417730032152031e+04,1.2584632110937382e+05,
-3.9577196945957257e+04,1.9172829265962355e+04,
1.6403641195078526e+05,2.2752777835608576e+05,
9.0714267011730408e+04,2.2628760659117688e+05,
-1.3194486608079751e+04,2.2906941695454443e+05,
-8.3860244928515749e+04,1.0131501828830078e+05,
6.4343679417960811e+04,2.6925962971109839e+05,
8.6386937624597340e+04,1.1423558774938429e+05,
-3.5939911367303284e+04,9.1760356027516536e+04,
6.1388863369882165e+04,3.0861405410432781e+05,
1.3574786557051993e+04,2.5094085824511567e+05,
4.0553517045774788e+04,7.2635530790292250e+04,
1.0989120241598139e+05,1.5623492329546862e+05,
-1.0030408094837621e+05,9.7217047852498945e+04,
-2.8537829161589616e+04,2.6459976832882967e+05,

