1
1
9
0
(52 0
((112,200) (127,215) (0,0))
((128,200) (143,215) (0,0))
((112,216) (127,223) (0,0))
((128,216) (143,223) (0,0))
((160,200) (167,215) (0,0))
((160,216) (167,223) (0,0))
((56,208) (71,223) (0,0))
((72,208) (87,223) (0,0))
((88,208) (95,223) (0,0))
((56,224) (71,239) (0,0))
((72,224) (87,239) (0,0))
((56,240) (71,255) (0,0))
((72,240) (87,255) (0,0))
((56,256) (71,263) (0,0))
((72,256) (87,263) (0,0))
((112,224) (119,231) (0,0))
((120,224) (135,239) (0,0))
((136,224) (143,239) (0,0))
((88,232) (103,239) (0,0))
((88,240) (103,255) (0,0))
((104,240) (111,255) (0,0))
((88,256) (103,263) (0,0))
((104,256) (111,263) (0,0))
((120,240) (135,247) (0,0))
((136,240) (151,255) (0,0))
((152,240) (167,255) (0,0))
((136,256) (151,263) (0,0))
((152,256) (167,263) (0,0))
((48,264) (63,279) (0,0))
((64,264) (79,279) (0,0))
((48,280) (63,295) (0,0))
((64,280) (79,295) (0,0))
((48,296) (63,311) (0,0))
((64,296) (79,311) (0,0))
((48,312) (63,319) (0,0))
((64,312) (79,319) (0,0))
((80,264) (95,279) (0,0))
((96,264) (111,279) (0,0))
((112,264) (127,279) (0,0))
((128,264) (143,279) (0,0))
((144,264) (159,279) (0,0))
((160,264) (167,279) (0,0))
((128,280) (143,295) (0,0))
((144,280) (159,295) (0,0))
((160,280) (167,295) (0,0))
((128,296) (143,303) (0,0))
((144,296) (159,303) (0,0))
((160,296) (167,303) (0,0))
((88,280) (103,287) (0,0))
((112,280) (127,287) (0,0))
((80,288) (87,303) (0,0))
((120,296) (127,303) (0,0))
)
52
FabOnDisk: Cell_D_00001 0
FabOnDisk: Cell_D_00002 0
FabOnDisk: Cell_D_00001 18520
FabOnDisk: Cell_D_00002 18520
FabOnDisk: Cell_D_00002 27824
FabOnDisk: Cell_D_00002 37128
FabOnDisk: Cell_D_00001 27824
FabOnDisk: Cell_D_00001 46342
FabOnDisk: Cell_D_00001 64860
FabOnDisk: Cell_D_00001 74162
FabOnDisk: Cell_D_00001 92680
FabOnDisk: Cell_D_00001 111198
FabOnDisk: Cell_D_00001 129716
FabOnDisk: Cell_D_00002 41824
FabOnDisk: Cell_D_00003 0
FabOnDisk: Cell_D_00002 51126
FabOnDisk: Cell_D_00002 55822
FabOnDisk: Cell_D_00002 74342
FabOnDisk: Cell_D_00001 148234
FabOnDisk: Cell_D_00002 83646
FabOnDisk: Cell_D_00002 102165
FabOnDisk: Cell_D_00003 9302
FabOnDisk: Cell_D_00003 18605
FabOnDisk: Cell_D_00002 111469
FabOnDisk: Cell_D_00002 120773
FabOnDisk: Cell_D_00002 139293
FabOnDisk: Cell_D_00000 0
FabOnDisk: Cell_D_00000 9304
FabOnDisk: Cell_D_00002 157813
FabOnDisk: Cell_D_00003 23301
FabOnDisk: Cell_D_00003 41819
FabOnDisk: Cell_D_00003 60337
FabOnDisk: Cell_D_00003 78855
FabOnDisk: Cell_D_00000 18608
FabOnDisk: Cell_D_00003 97373
FabOnDisk: Cell_D_00000 37126
FabOnDisk: Cell_D_00003 106675
FabOnDisk: Cell_D_00003 125193
FabOnDisk: Cell_D_00003 143712
FabOnDisk: Cell_D_00000 46428
FabOnDisk: Cell_D_00000 64948
FabOnDisk: Cell_D_00000 83468
FabOnDisk: Cell_D_00000 92772
FabOnDisk: Cell_D_00000 111292
FabOnDisk: Cell_D_00000 129812
FabOnDisk: Cell_D_00000 139116
FabOnDisk: Cell_D_00000 148420
FabOnDisk: Cell_D_00000 157724
FabOnDisk: Cell_D_00003 162232
FabOnDisk: Cell_D_00003 171535
FabOnDisk: Cell_D_00000 162420
FabOnDisk: Cell_D_00000 171722

52,9
3.8165688811945186e-01,-3.2912157211761778e-01,9.9953299096745230e-01,1.3937713873596594e-12,1.7244584028336885e+04,-1.3421004215615231e+05,1.6069362312660758e+00,-2.0781520882259730e+02,1.0000000000000000e+00,
5.8744036889448847e-01,-4.2943361464258961e-01,9.9994823242685249e-01,1.5865784671081612e-12,9.6193585867710681e+03,2.8470774972585332e+04,4.8689793372247436e-02,-5.0085189102715063e+01,1.0000000000000000e+00,
7.4422534919260475e-01,-2.1872649148039877e-01,9.9976820244021725e-01,1.4029353973771749e-12,8.9729757843750936e+04,3.5496929213342810e+03,3.6768612599797166e+00,-2.0772502189073271e+02,1.0000000000000000e+00,
5.5822032574347480e-01,-4.5727594305954467e-01,9.9992148271725179e-01,1.5969481852209463e-12,9.8740900773050642e+04,9.0890274444122042e+03,4.9292259920433025e+01,4.4561303794132925e+01,1.0000000000000000e+00,
1.9371347014736801e-01,-6.0154059307512764e-01,9.9999999999950218e-01,1.9502051753811534e-12,-8.8712115704804091e+03,4.4005642643275223e+03,2.8634805810892203e+00,-1.4652419130207559e+02,1.0000000000000000e+00,
1.0648369599250531e+00,-4.2349955601335665e-01,9.9999999999953448e-01,1.9559944385562642e-12,-2.7883068312569867e+04,-6.8811228028842292e+04,3.6117321187252486e+01,-7.4750212504063896e+01,1.0000000000000000e+00,
3.3491830785286364e-01,-3.9654124051926620e-01,9.9999874695408275e-01,6.7861496930571867e-13,-5.9434693800430978e+02,-1.7734983476026391e+05,3.4686026722443160e+00,-3.1093166267025646e+02,1.0000000000000000e+00,
4.9378757583811073e-01,-5.7678475270312701e-01,9.9993850166897280e-01,8.7397625248935485e-13,1.8983387442736057e+04,-1.3095356762250958e+04,3.8806002087537763e+00,-1.7841336711652531e+01,1.0000000000000000e+00,
3.0909893033039015e-01,-5.5491590448290096e-01,9.9999337608936101e-01,1.0836659974594616e-12,-4.0847510440752922e+04,-3.3164548021644259e+04,1.8721275017551022e+00,1.0879381573617863e+02,1.0000000000000000e+00,
1.5542688436773366e-02,-4.7657560515739972e-01,9.9997645062029206e-01,6.6543538313557083e-13,9.9182980698772735e+04,-3.2386487986403881e+04,1.9921022019795771e+00,-3.3973047200515043e+02,1.0000000000000000e+00,
4.8041334041175865e-01,-8.0219501303933771e-01,9.9994400431857711e-01,8.4460469290941440e-13,7.4368311445541447e+04,-2.1581336357872805e+05,6.1796496697150474e+00,-6.5539470026243833e+01,1.0000000000000000e+00,
-6.4932320764596130e-01,-4.8680670266850418e-01,9.9999929004119148e-01,6.5820105646208425e-13,6.5685444479217767e+04,-1.8095511784622431e+04,5.0830129556287638e+00,-3.3589027213290797e+02,1.0000000000000000e+00,
-3.2402613805877312e-01,-1.1071393333480146e+00,0.0000000000000000e+00,0.0000000000000000e+00,0.0000000000000000e+00,-1.0374300171975722e+05,0.0000000000000000e+00,-1.3202672513875186e+02,0.0000000000000000e+00,
2.3846291650419732e-01,-1.7720702908849162e-01,9.9999745018010222e-01,6.5825787300083366e-13,6.2157997412033365e+04,1.8239280493357728e+04,1.3190237811314631e-01,-3.0255460180441480e+02,1.0000000000000000e+00,
-1.3461831044542236e-01,-1.3693190074708357e-02,0.0000000000000000e+00,0.0000000000000000e+00,0.0000000000000000e+00,0.0000000000000000e+00,0.0000000000000000e+00,-8.1376720716404094e+01,0.0000000000000000e+00,
1.0447446682252544e+00,-5.1033855466182376e-01,9.9986855572023481e-01,1.4119093195809142e-12,-5.9391910580641794e+04,-6.8150386209231598e+04,1.2914693954642587e+01,-1.7771777124292748e+02,1.0000000000000000e+00,
-1.2501992037911941e-01,-2.7621199465762558e-01,9.9991110231578806e-01,1.5107867668991703e-12,5.2929024666512400e+04,-8.8556581156429733e+04,5.0502568918924169e+00,-9.2165458267416199e+01,1.0000000000000000e+00,
5.6213627485819762e-01,-1.1259856560657912e-01,9.9999849257049644e-01,1.6957399840007257e-12,1.0887933414401542e+05,-1.4883710193264068e+05,3.9299368579690963e+00,1.3187764230986190e+02,1.0000000000000000e+00,
1.2481310071702125e+00,-4.0532726621714538e-01,9.9996081783592961e-01,1.0491494133778160e-12,-4.6777843598755135e+04,-2.2649898409503294e+05,1.2591751402725606e+00,1.5947305096375558e+02,1.0000000000000000e+00,
0.0000000000000000e+00,-5.7513051302496998e-01,0.0000000000000000e+00,0.0000000000000000e+00,-6.3276424320859966e+04,-1.2446029372840186e+05,0.0000000000000000e+00,-1.3962979324404125e+02,0.0000000000000000e+00,
-2.1467233550412496e-01,-1.2630995172985174e-01,0.0000000000000000e+00,0.0000000000000000e+00,-1.4309424832498078e+05,-1.1649108418899140e+05,0.0000000000000000e+00,-6.3741046534134504e+01,0.0000000000000000e+00,
0.0000000000000000e+00,0.0000000000000000e+00,0.0000000000000000e+00,0.0000000000000000e+00,0.0000000000000000e+00,0.0000000000000000e+00,0.0000000000000000e+00,0.0000000000000000e+00,0.0000000000000000e+00,
-3.1188826741774012e-01,-8.4923472956735424e-01,0.0000000000000000e+00,0.0000000000000000e+00,-7.7668710767097800e+03,-4.4821785273392656e+04,0.0000000000000000e+00,-2.8278975911947370e+01,0.0000000000000000e+00,
3.0136310437451569e-01,-8.5795552623898749e-02,9.9998944554413527e-01,1.5414750992558260e-12,-6.1554469207801005e+04,-2.6050739724146121e+05,2.5819781182322643e+00,-6.0650240291085503e+01,1.0000000000000000e+00,
3.4113793336928278e-01,-3.8774296398556168e-01,9.9998820910689445e-01,1.7102885683904260e-12,-5.6585837652017930e+04,-2.6198076825741501e+05,4.2081453535399760e-01,-1.7339925173667183e+02,1.0000000000000000e+00,
3.4332601733630330e-01,-7.1534352837932669e-01,9.9998023856351748e-01,1.8803240106303482e-12,-1.4325742833434988e+05,-1.0733920261208405e+05,2.0188466935500173e+00,1.1345818889266948e+02,1.0000000000000000e+00,
-3.4946782524269471e-01,-5.5128789233012876e-01,9.9996253468450347e-01,1.7178149038245858e-12,7.4325730268934101e+04,-3.8265684583982569e+04,1.5977275047157775e+00,-1.8602441476466817e+02,1.0000000000000000e+00,
-8.1337050260744947e-02,-8.9730312075651975e-01,9.9992264762571526e-01,1.8848323768963745e-12,6.2992615588398075e+04,-3.1414471408199188e+04,6.7550986408576819e+00,8.1900204904765033e+01,1.0000000000000000e+00,
2.5291733648514236e-01,-2.0594687785241370e-01,9.9998492840494768e-01,5.7159548275115603e-13,-6.3780793288255882e+04,-1.1677517185228317e+05,2.0585282019412716e+00,-2.3989475393110806e+02,1.0000000000000000e+00,
-2.7325855084151690e-01,-6.2073974255349640e-01,9.9988441732619060e-01,7.4692037828922476e-13,3.9005762496012903e+04,3.6651532455476990e+04,1.4698904859545792e+01,-1.2903430314354173e+02,1.0000000000000000e+00,
6.1341470333701775e-01,-1.4031880263760846e-01,9.9993290743039931e-01,5.8030019419207459e-13,8.5706299342941202e+04,-1.3464931972321210e+03,4.0705605412451717e+00,-2.4043791356242497e+02,1.0000000000000000e+00,
3.0729495222873326e-02,-1.0145518012215826e+00,9.9994453589571741e-01,7.6909742478543140e-13,5.8546233158634459e+04,-7.4082600987348444e+04,7.0264475818930805e-01,-2.1201051616503150e+01,1.0000000000000000e+00,
6.2557650171653345e-01,-9.6855549161292598e-01,9.9999999912190396e-01,5.9021216344221900e-13,8.7597845115389282e+04,1.4086000815785883e+04,9.4080315174903717e-01,-2.2591094205502500e+02,1.0000000000000000e+00,
6.1992903588604342e-01,-8.1844832076471952e-01,9.9999359118120335e-01,7.8676037579349460e-13,7.8600465259585879e+04,-4.3563031000549017e+04,8.9680926827255831e+00,4.9533775632024344e+01,1.0000000000000000e+00,
8.0503900188025035e-01,-8.1070019303242580e-01,9.9999999998517186e-01,5.9785726131001029e-13,3.7656253498760998e+04,5.8506647489688476e+03,2.8679314222341645e+00,-1.3149082241628037e+02,1.0000000000000000e+00,
8.4723037009813651e-01,-1.3839943820053005e-01,9.9999999998575018e-01,7.9705813424001444e-13,5.3495302473681295e+04,-1.9840601247311442e+05,3.0934342444981553e+00,1.0291844032319469e+02,1.0000000000000000e+00,
0.0000000000000000e+00,-2.3959293815159829e-01,0.0000000000000000e+00,0.0000000000000000e+00,-1.6722724957565716e+05,-1.0026956463165607e+05,0.0000000000000000e+00,-1.3103096962407210e+02,0.0000000000000000e+00,
-1.6080608520162859e-01,-8.2885085608058751e-01,0.0000000000000000e+00,0.0000000000000000e+00,-1.8106972363684198e+05,-1.7190486979974410e+05,0.0000000000000000e+00,-1.1459927313701567e+02,0.0000000000000000e+00,
6.2864235694960535e-01,-7.2183600274937731e-01,9.9994872889851827e-01,1.4320562880870587e-12,-9.2456892654382682e+04,-1.6250138142634352e+05,1.8844179432399244e+00,-1.4826396926791909e+02,1.0000000000000000e+00,
3.8665606321248297e-01,-1.1089739776244214e+00,9.9998095155199251e-01,1.6195572878876715e-12,-1.1275342251485281e+05,-8.5191316321445716e+04,2.5832023624028366e-01,-1.4827528189389744e+02,1.0000000000000000e+00,
5.4324719973371460e-01,-9.3485651376087953e-01,9.9999898113139196e-01,1.7954109927518595e-12,6.0932243188358465e+04,-2.7311757856971191e+04,1.6986322534750116e+00,-4.7054369566260519e+01,1.0000000000000000e+00,
2.3471231490045352e-01,-8.5245814982087287e-01,9.9999998394696843e-01,1.9681440090092284e-12,4.5028006142660524e+04,-3.1626234844207465e+04,3.0150945753463361e+01,1.3736644438019857e+02,1.0000000000000000e+00,
7.9591496610252532e-01,-1.2481125548020306e+00,9.9989838060674541e-01,1.6046449691553809e-12,7.2279353476056713e+03,-2.5574063155651855e+05,5.6244536258011735e+00,-3.6143356100051108e+02,1.0000000000000000e+00,
7.3877490722994599e-01,-7.7331691952312331e-01,9.9999988116916894e-01,1.7882634054980565e-12,6.2674976245953352e+04,-6.2566550153553093e+04,1.7938645693822906e+01,-1.3235851976336701e+02,1.0000000000000000e+00,
6.1940357884306174e-01,-8.8530961214252846e-01,1.0000000000000839e+00,1.9652652609274011e-12,8.2807460981228185e+04,-9.1961686422531144e+04,5.9314360317308612e+01,4.5378244701585643e+01,1.0000000000000000e+00,
6.3999219816749997e-01,-1.0293963653768121e+00,9.9999999366502845e-01,1.6000094905536407e-12,-4.5624793816218240e+04,-4.9050978665102870e+04,1.3827180932711691e+01,-3.0022879051813118e+02,1.0000000000000000e+00,
5.7951153562650282e-01,-4.8916963577374584e-01,9.9999999999604472e-01,1.7853368650814121e-12,3.1807677125529244e+04,-8.8454584007923855e+04,2.8159140891882544e+00,-1.8767125964598273e+02,1.0000000000000000e+00,
4.7444847179129446e-01,-2.7708042691392609e-01,1.0000000000003852e+00,1.9638511659456473e-12,4.9001317281425596e+04,-1.1034178029740287e+05,1.6699500017756108e+01,-5.2506022014612483e+01,1.0000000000000000e+00,
8.3016762410631706e-01,-3.7174274887820125e-01,9.9990927150315045e-01,1.0780144549074846e-12,-9.6245429131753554e+04,-1.0095763476717293e+05,5.6132155904995784e-01,1.0217808141104523e+02,1.0000000000000000e+00,
1.3559610050377602e+00,-6.7544704718440374e-01,9.9984277158007639e-01,1.4178453393537366e-12,-1.2940949756298741e+05,-2.9394722962856357e+05,2.0252154891561958e+00,-3.3427176397396840e+02,1.0000000000000000e+00,
1.8673562708484587e-01,-5.9296057142660841e-01,9.9996072088320243e-01,9.8090148564015108e-13,-5.3344687950356092e+04,-8.4333794942456370e+04,7.8394717753127452e-02,2.4839580546202598e+02,1.0000000000000000e+00,
7.3573150007192423e-01,-1.0051535040529007e+00,9.9999977428604236e-01,1.5040461651322340e-12,-8.7165042178184551e+04,-6.4569169093196069e+04,4.6507221465604061e+01,-3.0009348868038376e+02,1.0000000000000000e+00,

52,9
1.6853907634642968e+00,8.9933825923966293e-01,1.0000749157513138e+00,1.5843593257097684e-12,1.6698342837889012e+05,3.6495331252387856e+04,4.5677301405066864e+03,2.5276218165898364e+01,1.0000000000000000e+00,
1.2500264635523335e+00,9.5651201857287016e-01,1.0000731947650499e+00,1.7679952333457259e-12,1.5386254475698870e+05,2.1210951497266677e+05,4.3087876109539411e+03,3.1639471389469406e+02,1.0000000000000000e+00,
1.4722122275334668e+00,7.1285377620430435e-01,1.0002594515534171e+00,1.5921072578956482e-12,1.5128988188713210e+05,3.3448941846950038e+04,4.3302932850531524e+03,4.8506921820010824e+01,1.0000000000000000e+00,
1.3149334430814459e+00,1.3768744672598425e+00,1.0000735932527378e+00,1.7730738610401927e-12,1.8812605611229793e+05,7.1644867911019537e+04,4.9499554304685216e+03,3.9441940044004525e+02,1.0000000000000000e+00,
1.1389004474543620e+00,1.1561290145079104e+00,1.0000000000036904e+00,2.0311452607256410e-12,1.7049085067274017e+05,8.7816333819555264e+04,4.8170510149422735e+03,3.8790200489553044e+01,1.0000000000000000e+00,
1.7713761777561743e+00,8.4126963376184727e-01,1.0000000000029219e+00,2.0338426539133790e-12,2.4146755399223967e+05,1.8507407805519662e+05,2.8096390611325837e+03,6.5461748259509363e+01,1.0000000000000000e+00,
1.6818110019210899e+00,7.9635720124560105e-01,1.0000302760435298e+00,8.7449175020197247e-13,2.0506271688122943e+05,-7.0997957933403086e+03,5.6042296726088334e+03,-4.9371731659661577e-01,1.0000000000000000e+00,
1.6146633518548068e+00,8.0407175067445780e-01,1.0000394892769033e+00,1.0781528543731303e-12,1.8010349017733533e+05,2.0513595503156830e+05,2.5362421477888838e+03,2.8457794290087094e+02,1.0000000000000000e+00,
1.8683343546172013e+00,3.4604038276127047e-01,1.0000200475422776e+00,1.1813263208734299e-12,8.6576594715823376e+04,2.1701446190425794e+05,4.9999989217172206e+03,2.9813965183333704e+02,1.0000000000000000e+00,
1.5403451481036021e+00,5.7539200380278943e-01,1.0000204173196003e+00,8.6023120293845295e-13,1.8477706097902084e+05,7.2704213263838028e+03,6.6736637093984609e+03,-3.6695120851864743e+01,1.0000000000000000e+00,
1.9654299810806446e+00,1.0627852978384384e+00,1.0000992348496500e+00,1.0690056899268102e-12,2.7470212371589587e+05,1.0595274034882078e+05,4.6223805244478426e+03,3.3520207804793165e+02,1.0000000000000000e+00,
1.4159097634392110e+00,4.3898012768786687e-01,1.0000323146138101e+00,8.3117332756962656e-13,1.4591048202395978e+05,2.7979932444887163e+04,8.9217831685106976e+03,-8.3846034499979481e+01,1.0000000000000000e+00,
1.5586630313072827e+00,1.8796200423914133e-01,1.0004485840458168e+00,1.0277873663865262e-12,9.5849256119958955e+04,1.5535941858143997e+04,7.6522069833566629e+03,1.3838695579671486e+02,1.0000000000000000e+00,
8.5023795350597609e-01,2.0709642409872164e-01,1.0000513718999451e+00,8.1511024450063378e-13,1.5921292762252415e+05,8.7188699271848964e+04,3.8859372706937384e+03,-5.8441816962053963e+01,1.0000000000000000e+00,
1.0171555343673537e+00,1.1285475611450251e+00,1.0001563800835720e+00,9.2849783171198208e-13,6.2862175624331940e+04,8.3942724384262139e+04,6.3110271392796958e+03,3.2436361359485034e+01,1.0000000000000000e+00,
1.7372511217799738e+00,5.1830850990464761e-01,1.0000287433884991e+00,1.5102945631646098e-12,1.6646589789498920e+05,2.0017136252814200e+05,2.7638369900831381e+03,-3.9727533292975906e+01,1.0000000000000000e+00,
1.6337608223690445e+00,1.3021013214416786e+00,1.0003934967411623e+00,1.6987810364610558e-12,1.7383948213164267e+05,5.7903961897418136e+04,6.4826734888433721e+03,2.0032210206784060e+02,1.0000000000000000e+00,
1.3171230601583030e+00,1.3710420704859168e+00,1.0000082638635459e+00,1.7839567847640312e-12,2.1108195735035971e+05,2.4731507580352809e+04,4.9451658782717241e+03,4.0651082951286924e+02,1.0000000000000000e+00,
2.2583717408980690e+00,1.1105050617593559e+00,1.0000791332290635e+00,1.3268505105204934e-12,9.3779482850049681e+04,1.0457763071100580e+05,4.3325638897505114e+03,2.8234617014776808e+02,1.0000000000000000e+00,
2.4242618366072568e+00,1.0625193564674877e+00,1.0000005192149675e+00,1.3751559720656788e-12,9.3923124476856989e+04,2.6002532494268526e+04,8.2344830677868176e+03,2.1831553763368038e+02,1.0000000000000000e+00,
2.6039396687213849e+00,1.1624817979044266e+00,1.0000333400479251e+00,1.5134034067583652e-12,1.9956029647243889e+04,9.5007446640548558e+04,8.0669595673040458e+03,2.0682732288483646e+02,1.0000000000000000e+00,
0.0000000000000000e+00,0.0000000000000000e+00,0.0000000000000000e+00,0.0000000000000000e+00,0.0000000000000000e+00,0.0000000000000000e+00,0.0000000000000000e+00,0.0000000000000000e+00,0.0000000000000000e+00,
3.0538920027531952e-01,3.4642546946849928e-01,1.0000005557053504e+00,1.5135506303578301e-12,8.1344866078562060e+04,7.8847282628627909e+03,7.5803324659418122e+03,1.4185807589806697e+02,1.0000000000000000e+00,
1.5767800113767412e+00,9.1427491226722368e-01,1.0000059318638348e+00,1.7052514413578812e-12,9.3720184482001103e+04,9.5921586023730837e+04,3.8702664521015076e+03,1.0101599075273826e+02,1.0000000000000000e+00,
2.0055479130668012e+00,1.2121064277736733e+00,1.0000342664160367e+00,1.8742032221050049e-12,2.1994514618184161e+05,-3.6119476137210630e+04,9.8222763975314083e+03,2.7648933210908791e+02,1.0000000000000000e+00,
2.7961691303357301e+00,8.4174070080180041e-01,1.0000047511265786e+00,2.0424887758574953e-12,7.6730941120644449e+04,1.8623558948508481e+05,9.2575942650279885e+03,2.6627564701748372e+02,1.0000000000000000e+00,
1.3031066470388151e+00,1.7598000581424716e-01,1.0000060818900285e+00,1.8745712951219537e-12,1.9596046827281726e+05,8.0234290578254513e+04,9.0800910659704095e+03,9.6972659585805985e+01,1.0000000000000000e+00,
1.8390613471229940e+00,2.3291339246326195e-01,1.0000269991786210e+00,2.0432374623165677e-12,7.7171446137774736e+04,-8.2479724295985761e+03,8.6086247243375947e+03,2.6510725057190558e+02,1.0000000000000000e+00,
1.4895226825157608e+00,4.2919205342393396e-01,1.0000475931727859e+00,7.5592390038312003e-13,9.2494016664347146e+04,1.4010181719383143e+05,3.3742636245096273e+03,-4.0845183012181622e+01,1.0000000000000000e+00,
1.9732643935887175e+00,6.0914865452340372e-01,1.0001716801792349e+00,9.5071077863738007e-13,1.9716606685890257e+05,2.6627580387353047e+05,7.8166528850544546e+03,2.4085166867521147e+02,1.0000000000000000e+00,
1.1370179803956950e+00,5.3620359206920132e-01,1.0000024826013865e+00,7.7350947836131678e-13,1.1784655872492949e+05,3.3653575071588421e+04,1.9442809723745222e+03,2.9091858810397781e+01,1.0000000000000000e+00,
1.4715470699190445e+00,5.7862173052756394e-01,1.0000743159661669e+00,9.7568918579036024e-13,2.5232045289207689e+05,1.0954148156024949e+05,6.4935441001996787e+03,2.9686690456515601e+02,1.0000000000000000e+00,
1.3959231360137061e+00,3.6081519441657528e-01,1.0000000000772282e+00,7.8404337863637361e-13,1.3053160602937533e+05,6.4647383322155292e+04,4.9018147763367979e+03,8.6869439760268676e+01,1.0000000000000000e+00,
1.5634778585582125e+00,2.9961120660006824e-01,1.0000163508825182e+00,9.8563297762389244e-13,2.1386402950971242e+05,1.5485083887558465e+05,4.0172180537337513e+03,4.1150129138186833e+02,1.0000000000000000e+00,
1.5062994217054211e+00,2.4864399471432019e-01,9.9999999999835965e-01,7.8756323918467972e-13,1.2704489054555306e+05,1.6753062233736017e+05,5.4345119322138016e+03,1.0116277011555030e+02,1.0000000000000000e+00,
1.2799717576835987e+00,4.6589182393873602e-01,1.0000000000039704e+00,9.8855246803757219e-13,1.9709866567205754e+05,1.1425854869067916e+04,1.8993580808719871e+03,3.9382362124938862e+02,1.0000000000000000e+00,
2.5099185234131944e+00,1.0784043657373144e+00,1.0001048255798302e+00,1.1847419289517602e-12,6.4611161160665324e+04,3.0234634725603339e+05,6.8126403232333305e+03,2.5339713702980686e+02,1.0000000000000000e+00,
2.6495586769916204e+00,4.3684058187310226e-01,1.0001439669499046e+00,1.4823010495662153e-12,6.7774068269157258e+04,1.0050587076333159e+05,8.8172578723114802e+03,1.3199726876339597e+02,1.0000000000000000e+00,
2.0528594426583249e+00,3.1142931591149603e-01,1.0000717578417841e+00,1.6265104241626734e-12,2.6592309528361511e+03,-4.1396698580775861e+04,4.1619266373157016e+03,1.3193359219323696e+02,1.0000000000000000e+00,
1.7921451716211376e+00,5.4889562532141301e-01,1.0001182980378269e+00,1.7902400317753965e-12,9.7365222652786586e+04,1.5819185523413043e+05,7.3111288098024106e+03,-3.2384411694834498e+01,1.0000000000000000e+00,
2.0545649896396103e+00,1.0586357508194768e+00,1.0001636658649311e+00,1.9589414785431524e-12,8.4946239712235270e+04,7.0031109916164951e+02,7.2745853868242202e+03,1.5824524848381878e+02,1.0000000000000000e+00,
1.4549578224401873e+00,4.2882492896941410e-01,1.0000459296102644e+00,2.0433464236138825e-12,8.7948461942290756e+04,3.4617309711869893e+04,6.6139656812267276e+03,2.4430465416066571e+02,1.0000000000000000e+00,
2.0852282589946274e+00,6.5773124060911470e-01,1.0001515662608400e+00,1.7840421395627198e-12,2.4715530519658967e+05,1.0811451037230181e+05,5.7739753767564562e+03,-6.1345904707098995e+01,1.0000000000000000e+00,
2.3083278582224547e+00,1.1990382655281180e+00,1.0000000974807470e+00,1.9572538011779372e-12,9.3784681298963595e+04,-1.5269966905075944e+04,4.6781234361702100e+03,1.2240870912107091e+02,1.0000000000000000e+00,
2.7087132231204443e+00,1.3179135443318419e+00,1.0000000000038538e+00,2.0427243619665575e-12,1.5381715397714288e+05,3.6227904310364189e+04,8.8417668225187881e+03,2.5278618721920495e+02,1.0000000000000000e+00,
1.2476594615160441e+00,2.0102336427170098e-01,1.0000000000940314e+00,1.7765975414527047e-12,7.1991029923613678e+04,1.4767740781460944e+05,3.3772221159012415e+03,-1.4762523195972850e+02,1.0000000000000000e+00,
1.2847543798373708e+00,9.9952362661389016e-02,1.0000000000019977e+00,1.9541659741722697e-12,8.1468345576962573e+04,-3.6756748541093068e+04,2.2558942097416625e+03,2.2616859345796918e+01,1.0000000000000000e+00,
8.5226196461395465e-01,9.3925869589069466e-01,1.0000000000022349e+00,2.0409694183076230e-12,9.3412834691843629e+04,-6.7808641412042372e+04,3.3713084052168642e+03,1.3200635325198203e+02,1.0000000000000000e+00,
1.7553773225370395e+00,4.0553570396531335e-01,1.0000055464014244e+00,1.3069574292345812e-12,1.2548067390081941e+05,2.8072340193063754e+05,5.5914293235531259e+03,2.6318196975210736e+02,1.0000000000000000e+00,
2.0436830669056567e+00,2.1542849235459893e-01,1.0003163481929893e+00,1.6071620485757434e-12,3.2065828816848261e+04,1.0090992858320914e+05,2.6905339790563266e+03,-9.6973921861975171e+01,1.0000000000000000e+00,
1.6054069179132495e+00,5.0505112643849437e-01,1.0000001019842806e+00,1.0846576652257736e-12,1.4788420633824845e+05,2.2568303776399026e+05,5.7164108602233136e+03,3.9161536581659692e+02,1.0000000000000000e+00,
1.6958830100235296e+00,-1.2324983315035658e-01,1.0000000002201672e+00,1.5921862783503292e-12,4.2071103949161348e+04,1.5068906999267693e+05,4.1253660149319712e+03,-2.1058864066095907e+02,1.0000000000000000e+00,

