1
1
9
0
(25 0
((16,88) (31,103) (0,0))
((32,88) (47,103) (0,0))
((48,88) (63,103) (0,0))
((64,88) (79,103) (0,0))
((80,88) (95,103) (0,0))
((16,104) (31,119) (0,0))
((32,104) (47,119) (0,0))
((48,104) (63,119) (0,0))
((64,104) (79,119) (0,0))
((80,104) (95,119) (0,0))
((16,120) (31,135) (0,0))
((32,120) (47,135) (0,0))
((48,120) (63,135) (0,0))
((64,120) (79,135) (0,0))
((80,120) (95,135) (0,0))
((16,136) (31,151) (0,0))
((32,136) (47,151) (0,0))
((48,136) (63,151) (0,0))
((64,136) (79,151) (0,0))
((80,136) (95,151) (0,0))
((16,152) (31,167) (0,0))
((32,152) (47,167) (0,0))
((48,152) (63,167) (0,0))
((64,152) (79,167) (0,0))
((80,152) (95,167) (0,0))
)
25
FabOnDisk: Cell_D_00000 0
FabOnDisk: Cell_D_00000 18517
FabOnDisk: Cell_D_00000 37034
FabOnDisk: Cell_D_00000 55551
FabOnDisk: Cell_D_00000 74068
FabOnDisk: Cell_D_00000 92585
FabOnDisk: Cell_D_00000 111103
FabOnDisk: Cell_D_00000 129621
FabOnDisk: Cell_D_00000 148139
FabOnDisk: Cell_D_00000 166657
FabOnDisk: Cell_D_00000 185175
FabOnDisk: Cell_D_00000 203693
FabOnDisk: Cell_D_00000 222211
FabOnDisk: Cell_D_00000 240729
FabOnDisk: Cell_D_00000 259247
FabOnDisk: Cell_D_00000 277765
FabOnDisk: Cell_D_00000 296283
FabOnDisk: Cell_D_00000 314801
FabOnDisk: Cell_D_00000 333319
FabOnDisk: Cell_D_00000 351837
FabOnDisk: Cell_D_00000 370355
FabOnDisk: Cell_D_00000 388873
FabOnDisk: Cell_D_00000 407391
FabOnDisk: Cell_D_00000 425909
FabOnDisk: Cell_D_00000 444427

25,9
1.4000214750452338e+00,-6.5820822042915383e-01,9.9999999999580025e-01,3.9585013868833946e-13,-1.7590391600825679e+06,7.8155210152792264e+04,7.2412369994356851e-02,-1.3723523612808145e+02,1.0000000000000000e+00,
1.2636181628469088e+00,-2.0084097044068810e-01,9.9999999999666267e-01,7.8310540511907614e-13,-1.3461409170631021e+06,-2.8130613837072172e+05,1.2299412198935045e-03,-1.6000994691161202e+02,1.0000000000000000e+00,
7.7657269571462262e-01,-8.4042430751280006e-01,9.9999641093087699e-01,1.1831291296764898e-12,-6.5354918648611587e+06,-3.4131752548450562e+06,1.9393529988956937e-01,-4.3252364321783818e+02,1.0000000000000000e+00,
4.6667455604662156e-01,-4.7374199261075822e-01,9.9996360379390781e-01,1.5629375497725354e-12,-2.7004937712826231e+06,-3.7161301536175171e+06,2.4424327873694196e+00,-3.4855468242956465e+02,1.0000000000000000e+00,
2.5833231380211025e-01,-5.0956589711907063e-01,9.9993825795527247e-01,1.9225564869720138e-12,-3.7121924217411820e+06,-9.4088321600557305e+05,4.8446605006191579e-01,-1.4498234611867781e+02,1.0000000000000000e+00,
3.9886088550987958e-01,-6.8390973110206921e-01,9.9999552198003117e-01,3.8732485769554026e-13,-7.0311982010034509e+06,-3.0600645744181401e+06,9.3309999216302231e-01,-2.0817803186403037e+02,1.0000000000000000e+00,
9.8283889250703338e-01,-6.9439183708194252e-01,9.9998758342968141e-01,7.5106463365927368e-13,-5.3167901640499160e+06,-2.3561000433270475e+06,1.2284136631217066e+00,-3.8725092789991248e+02,1.0000000000000000e+00,
7.9928960534286198e-01,-2.3399574484360017e-01,9.9983850285068465e-01,1.1840609904820698e-12,-5.9464848402620666e+06,-3.5156475758205052e+06,3.1097895725286095e-01,-4.9270501591603482e+02,1.0000000000000000e+00,
1.7561860902582467e-03,-6.8336223708777444e-01,9.9888257311209461e-01,1.5752850489129443e-12,-2.5497821335480320e+06,-1.3602137275315146e+06,7.3666355920335214e+00,-4.8124650028659823e+02,1.0000000000000000e+00,
-5.1856161842901327e-01,-4.7373549537272108e-01,9.9998433718854030e-01,1.9320402338535149e-12,-8.6276651551578771e+06,-8.9263065990496648e+05,8.9823203067695978e-01,-1.0053419257396179e+01,1.0000000000000000e+00,
2.6199013426005691e-01,-4.6783523590414355e-01,9.9997875808893966e-01,3.8568462522821342e-13,-7.2016669194897190e+06,-2.0337603776455622e+06,5.0557522134862809e-01,-2.8531600853731123e+02,1.0000000000000000e+00,
-1.1312208015350343e-02,-1.0308961479058638e+00,0.0000000000000000e+00,0.0000000000000000e+00,-4.1085493016806534e+06,-9.1376399307829468e+05,0.0000000000000000e+00,-3.4703886568312197e+02,0.0000000000000000e+00,
-7.2363756454719860e-02,-1.0856927165395036e+00,0.0000000000000000e+00,0.0000000000000000e+00,-4.6303958812251883e+06,-1.6503038748056625e+06,0.0000000000000000e+00,-4.5000767263337394e+02,0.0000000000000000e+00,
4.4267267033638102e-01,-7.1725533033510092e-01,9.9971689296441135e-01,1.6092614082884791e-12,-2.5212697820068034e+06,-1.5372722397919514e+06,9.7805891048405869e-01,-4.5775269850783542e+02,1.0000000000000000e+00,
2.8874740917287695e-01,-5.4731836671587919e-01,9.9997288839762832e-01,1.9439616042447422e-12,-4.3106930274008308e+06,-1.8697823024428799e+05,3.5199400930031288e-01,-1.2597407199644891e+02,1.0000000000000000e+00,
2.1681034014664027e-01,-8.5867160529604325e-01,9.9982507355009453e-01,3.8828348334030260e-13,-6.0681401988267843e+06,-1.0581023914191909e+06,4.0836000869632905e-01,-2.6698201046717418e+02,1.0000000000000000e+00,
8.8189053591089772e-01,-7.3934949505635206e-01,9.9991329981304422e-01,7.5292514016767931e-13,-3.7165440641022106e+06,-2.1003511573595633e+06,5.9618480418879294e-01,-2.3901291751264432e+02,1.0000000000000000e+00,
8.8898083400751005e-01,-8.7213369402899277e-01,9.9994298161516826e-01,1.1902251387569008e-12,-7.8716068844513269e+06,-2.6304978260402090e+05,6.6826784088053870e+00,-4.4509804779046641e+02,1.0000000000000000e+00,
4.6082317173778581e-01,-9.8513281513448991e-01,9.9930695246329726e-01,1.5834840687216704e-12,-5.9069537880783994e+05,-2.8414262844603200e+05,1.4804795945014533e+00,-4.4484703383563840e+02,1.0000000000000000e+00,
5.0176387762312435e-01,-6.3581323364615072e-01,9.9978763479655230e-01,1.9418302285002682e-12,-9.3041745744455121e+06,-3.3008114537648568e+06,4.6171290371910256e-02,-1.4814533597325897e+02,1.0000000000000000e+00,
1.1810695735553731e+00,-2.9957483316391093e-01,9.9999999651298044e-01,3.9824671551202973e-13,-5.4563740822713561e+06,-2.3458427238939698e+06,3.4621004662076516e-01,-2.0544374346499563e+02,1.0000000000000000e+00,
1.1639916461191930e+00,-3.4158330390803987e-01,9.9996355384163793e-01,7.8765828987616195e-13,-3.2700121898623505e+06,-2.5023567222576095e+06,2.2972893737127631e-01,-2.1786422375300484e+02,1.0000000000000000e+00,
8.4014088065883541e-01,-1.0755735689471464e+00,9.9997928685066528e-01,1.1905985219595867e-12,-4.3412055319558829e+06,2.1564616522340011e+05,4.3478966489538529e-01,-4.2710900368124436e+02,1.0000000000000000e+00,
3.3837916408821245e-01,-9.1634459122768908e-01,9.9996917785384731e-01,1.5758147414856602e-12,-2.2914878132682503e+06,-6.0241088113176217e+05,1.1404761168963162e+00,-4.5658062455596985e+02,1.0000000000000000e+00,
2.9707676620140688e-01,-8.8853444341155952e-01,9.9999937432832675e-01,1.9383405820347615e-12,-5.0355865510354862e+06,-2.4095164491368006e+06,1.6202644998918991e+00,-1.9941458945306499e+02,1.0000000000000000e+00,

25,9
2.0133873926433536e+00,-1.8225213716804606e-03,1.0000000000024429e+00,7.6843613039526251e-13,-9.4965471492971759e+05,1.1569514091514698e+06,4.6232150162000346e+02,-3.8765941480294345e+01,1.0000000000000000e+00,
1.5570140989192136e+00,6.6698259603434062e-02,1.0000000000037936e+00,1.1589104319647319e-12,-8.6459449072214589e+05,2.2625689530706752e+05,2.8603460155789190e+02,-2.7170808295151232e+01,1.0000000000000000e+00,
2.2875844046588552e+00,6.6817271169613057e-01,1.0000050529516833e+00,1.5507322343891212e-12,1.1185407556732920e+05,2.8769873732526635e+05,2.0196620654116148e+03,1.1290568796106015e+02,1.0000000000000000e+00,
1.7318770819139415e+00,1.0732023342436334e+00,1.0000588042597709e+00,1.9097197238913509e-12,2.0259364820606826e+05,4.3015553809220204e+05,2.3027495625419565e+03,4.3755953786914317e+00,1.0000000000000000e+00,
2.2144743102495745e+00,7.7932532951762579e-01,1.0000306348736805e+00,2.2456482885848482e-12,6.9965191236759454e+05,1.0645658554370110e+06,2.9354243634533905e+03,2.9094856045731677e+02,1.0000000000000000e+00,
2.3146603706067150e+00,4.3006882496488646e-01,1.0000005836898360e+00,7.5753302624106842e-13,1.0892704515325277e+05,2.5080749531086488e+06,2.5340664514488981e+03,1.2159525747007856e+02,1.0000000000000000e+00,
2.2211023541764123e+00,5.1507290158350749e-01,1.0000222641500911e+00,1.1586009517888628e-12,7.5893316186377459e+04,3.5323548046682146e+05,1.9544297155807844e+03,-9.3570148380983710e+01,1.0000000000000000e+00,
2.2918103892415354e+00,7.5947345699952973e-01,1.0001762021092979e+00,1.5855731129919894e-12,9.5272864314258040e+04,1.3339667682297803e+06,2.2580155806210087e+03,-1.7495292992079519e+02,1.0000000000000000e+00,
2.0283340194443129e+00,1.1488810052750613e+00,1.0006198162457722e+00,1.9223620682810961e-12,1.9291801916607236e+05,1.0271873960193690e+06,2.5864250707150554e+03,5.9903713718978373e+01,1.0000000000000000e+00,
2.5163648622645756e+00,7.0462425157708763e-01,1.0000177750144397e+00,2.2524092491179339e-12,2.4684028249245317e+05,2.9896456447660626e+05,4.5891109687463440e+03,3.2381658789966747e+02,1.0000000000000000e+00,
2.7280392713510495e+00,8.0696873058677954e-01,1.0000360710514826e+00,7.2817841600986752e-13,1.0944878228489331e+05,1.0273579373765293e+06,2.4006265377116124e+03,1.0939789746201998e+02,1.0000000000000000e+00,
2.1411037897734402e+00,9.6793833660933037e-01,1.0000813341837884e+00,1.1539369082330309e-12,5.5050101208099877e+04,7.3093626948200585e+05,5.1881812892612270e+03,7.7186561931896370e+02,1.0000000000000000e+00,
2.1073654107285686e+00,1.0424780529464697e+00,1.0000312430235274e+00,1.6030110781127698e-12,9.3079482722755871e+04,3.0006961747490061e+06,6.3142300445985020e+03,4.2716145403318336e+02,1.0000000000000000e+00,
2.0864131459437303e+00,6.5105867958679842e-01,1.0002085795242319e+00,1.9267527882091317e-12,1.1434399414647035e+06,6.9554308393402118e+05,2.3163755307548950e+03,-8.4482737439803429e+01,1.0000000000000000e+00,
1.7914631755915087e+00,8.1078164505458716e-01,1.0001076109532769e+00,2.2565809142174529e-12,1.6082195782971807e+05,7.2535541259929200e+05,2.6161048502887679e+03,1.3900387117802742e+02,1.0000000000000000e+00,
1.9499519519183293e+00,5.5199323686486268e-01,1.0000864186918805e+00,7.6178462564157889e-13,1.2640774343005638e+05,6.5946808772877394e+05,2.6691937136040615e+03,1.2867368968464689e+01,1.0000000000000000e+00,
2.3208357047225912e+00,8.1742386511713061e-01,1.0000783958653872e+00,1.1649438305824227e-12,4.0370807572458842e+04,2.1115066922327606e+06,2.4318483325940697e+03,9.4453787042335620e+01,1.0000000000000000e+00,
2.3829965176746954e+00,6.7979665826137048e-01,1.0000423856437646e+00,1.5887980926054118e-12,1.6351760978815664e+05,2.5772518717312971e+06,2.2140163260772615e+03,-1.1906865714974674e+02,1.0000000000000000e+00,
1.9514661913394062e+00,7.5399578982195892e-01,1.0004963787764762e+00,1.9260223630939388e-12,1.7550544186835605e+05,3.3497320142465580e+05,2.4778994449366819e+03,-1.1318437974254167e+02,1.0000000000000000e+00,
2.5705445806618399e+00,9.4739419826422600e-01,1.0000372403799975e+00,2.2572951356132205e-12,1.8107385228905533e+05,2.4006030693781991e+06,4.5167258163792676e+03,1.6385503670439812e+02,1.0000000000000000e+00,
2.0344542711170082e+00,6.2091041154660720e-01,1.0000000007656411e+00,7.7496249793460270e-13,1.6842441401663097e+05,2.4477433884640760e+06,1.9256534931935084e+03,-7.5747443399140479e+00,1.0000000000000000e+00,
2.2245525683889240e+00,4.2361834873122978e-01,1.0000817011670118e+00,1.1686189638928545e-12,-7.1692477445949952e+05,5.6445173266651214e+05,6.5397974213948794e+02,7.4038586024398569e+01,1.0000000000000000e+00,
2.2142269303654025e+00,6.3841113204291933e-01,1.0000239397254587e+00,1.5591379119127155e-12,-6.3354310404200933e+05,3.2032633648954402e+06,2.1347132274433143e+03,1.0269778957304908e+01,1.0000000000000000e+00,
1.5675741634296094e+00,3.1774773044200622e-01,1.0000766431009025e+00,1.9197991170112943e-12,2.3889769047859023e+05,3.1496400778346616e+06,2.0940346172420564e+03,-5.9474446447071166e+01,1.0000000000000000e+00,
1.6353219863646395e+00,7.8741198619835850e-01,1.0000000334500296e+00,2.2578746495922604e-12,4.5690791394219780e+05,1.7763094699612805e+06,2.3215871131787062e+03,6.7156077305364974e+01,1.0000000000000000e+00,

