1
1
9
0
(64 0
((0,0) (15,15) (0,0))
((16,0) (31,15) (0,0))
((32,0) (47,15) (0,0))
((48,0) (63,15) (0,0))
((64,0) (79,15) (0,0))
((80,0) (95,15) (0,0))
((96,0) (111,15) (0,0))
((112,0) (127,15) (0,0))
((0,16) (15,31) (0,0))
((16,16) (31,31) (0,0))
((32,16) (47,31) (0,0))
((48,16) (63,31) (0,0))
((64,16) (79,31) (0,0))
((80,16) (95,31) (0,0))
((96,16) (111,31) (0,0))
((112,16) (127,31) (0,0))
((0,32) (15,47) (0,0))
((16,32) (31,47) (0,0))
((32,32) (47,47) (0,0))
((48,32) (63,47) (0,0))
((64,32) (79,47) (0,0))
((80,32) (95,47) (0,0))
((96,32) (111,47) (0,0))
((112,32) (127,47) (0,0))
((0,48) (15,63) (0,0))
((16,48) (31,63) (0,0))
((32,48) (47,63) (0,0))
((48,48) (63,63) (0,0))
((64,48) (79,63) (0,0))
((80,48) (95,63) (0,0))
((96,48) (111,63) (0,0))
((112,48) (127,63) (0,0))
((0,64) (15,79) (0,0))
((16,64) (31,79) (0,0))
((32,64) (47,79) (0,0))
((48,64) (63,79) (0,0))
((64,64) (79,79) (0,0))
((80,64) (95,79) (0,0))
((96,64) (111,79) (0,0))
((112,64) (127,79) (0,0))
((0,80) (15,95) (0,0))
((16,80) (31,95) (0,0))
((32,80) (47,95) (0,0))
((48,80) (63,95) (0,0))
((64,80) (79,95) (0,0))
((80,80) (95,95) (0,0))
((96,80) (111,95) (0,0))
((112,80) (127,95) (0,0))
((0,96) (15,111) (0,0))
((16,96) (31,111) (0,0))
((32,96) (47,111) (0,0))
((48,96) (63,111) (0,0))
((64,96) (79,111) (0,0))
((80,96) (95,111) (0,0))
((96,96) (111,111) (0,0))
((112,96) (127,111) (0,0))
((0,112) (15,127) (0,0))
((16,112) (31,127) (0,0))
((32,112) (47,127) (0,0))
((48,112) (63,127) (0,0))
((64,112) (79,127) (0,0))
((80,112) (95,127) (0,0))
((96,112) (111,127) (0,0))
((112,112) (127,127) (0,0))
)
64
FabOnDisk: Cell_D_00000 0
FabOnDisk: Cell_D_00000 18514
FabOnDisk: Cell_D_00000 37029
FabOnDisk: Cell_D_00000 55544
FabOnDisk: Cell_D_00000 74059
FabOnDisk: Cell_D_00000 92574
FabOnDisk: Cell_D_00000 111089
FabOnDisk: Cell_D_00000 129605
FabOnDisk: Cell_D_00000 148122
FabOnDisk: Cell_D_00000 166637
FabOnDisk: Cell_D_00000 185153
FabOnDisk: Cell_D_00000 203669
FabOnDisk: Cell_D_00000 222185
FabOnDisk: Cell_D_00000 240701
FabOnDisk: Cell_D_00000 259217
FabOnDisk: Cell_D_00000 277734
FabOnDisk: Cell_D_00000 296252
FabOnDisk: Cell_D_00000 314767
FabOnDisk: Cell_D_00000 333283
FabOnDisk: Cell_D_00000 351799
FabOnDisk: Cell_D_00000 370315
FabOnDisk: Cell_D_00000 388831
FabOnDisk: Cell_D_00000 407347
FabOnDisk: Cell_D_00000 425864
FabOnDisk: Cell_D_00000 444382
FabOnDisk: Cell_D_00000 462897
FabOnDisk: Cell_D_00000 481413
FabOnDisk: Cell_D_00000 499929
FabOnDisk: Cell_D_00000 518445
FabOnDisk: Cell_D_00000 536961
FabOnDisk: Cell_D_00000 555477
FabOnDisk: Cell_D_00000 573994
FabOnDisk: Cell_D_00000 592512
FabOnDisk: Cell_D_00000 611027
FabOnDisk: Cell_D_00000 629543
FabOnDisk: Cell_D_00000 648059
FabOnDisk: Cell_D_00000 666575
FabOnDisk: Cell_D_00000 685091
FabOnDisk: Cell_D_00000 703607
FabOnDisk: Cell_D_00000 722124
FabOnDisk: Cell_D_00000 740642
FabOnDisk: Cell_D_00000 759157
FabOnDisk: Cell_D_00000 777673
FabOnDisk: Cell_D_00000 796189
FabOnDisk: Cell_D_00000 814705
FabOnDisk: Cell_D_00000 833221
FabOnDisk: Cell_D_00000 851737
FabOnDisk: Cell_D_00000 870254
FabOnDisk: Cell_D_00000 888772
FabOnDisk: Cell_D_00000 907288
FabOnDisk: Cell_D_00000 925805
FabOnDisk: Cell_D_00000 944322
FabOnDisk: Cell_D_00000 962839
FabOnDisk: Cell_D_00000 981356
FabOnDisk: Cell_D_00000 999873
FabOnDisk: Cell_D_00000 1018391
FabOnDisk: Cell_D_00000 1036910
FabOnDisk: Cell_D_00000 1055427
FabOnDisk: Cell_D_00000 1073945
FabOnDisk: Cell_D_00000 1092463
FabOnDisk: Cell_D_00000 1110981
FabOnDisk: Cell_D_00000 1129499
FabOnDisk: Cell_D_00000 1148017
FabOnDisk: Cell_D_00000 1166536

64,9
1.0000053815103476e+00,-4.6585713769328654e-03,9.9999999999999356e-01,-5.5327450733179561e-18,-7.9744316689306594e-01,3.9383359003303253e-03,1.2862814742039938e-02,-1.4856152161212777e-02,1.0000000000000000e+00,
1.0023622011900293e+00,-4.7179238394398733e-03,9.9999999999997291e-01,-1.4898732794221146e-17,-8.2132701498104865e-01,-6.5951252717580722e-01,1.6829585630106083e-02,-2.0928711337988775e-02,1.0000000000000000e+00,
1.0037270289542166e+00,-8.5847464187774672e-04,9.9999999999994482e-01,-1.9103436036886465e-15,-2.6158588148238271e-01,-7.1290595699460246e-01,1.6562218049854159e-02,-2.1420525384721785e-02,1.0000000000000000e+00,
1.0017356520617107e+00,-2.3258706180136465e-05,9.9999999999993505e-01,-1.6326085981034022e-14,3.9440099117488164e-01,-4.1556851734691652e-01,1.2917655316619300e-03,-1.8680515490636394e-02,1.0000000000000000e+00,
1.0012930121483583e+00,1.3225471408724498e-06,9.9999999999992017e-01,-1.6370599578123959e-14,4.3657353571665453e-01,1.0473740942634714e-03,5.9887662313056833e-05,-1.1634528358599079e-02,1.0000000000000000e+00,
1.0005685447844956e+00,1.7735940251759646e-05,9.9999999999988265e-01,-1.1085873133986969e-14,2.2625486271238096e-01,4.5516552859807902e-03,1.6009578760373165e-06,-6.5917922688675636e-03,1.0000000000000000e+00,
1.0001359805920045e+00,1.3768591173284836e-05,9.9999999999988309e-01,-6.6649230648839780e-15,1.2185665523579514e-01,2.1684445374765974e-03,3.4589908204146671e-08,-3.2294189989122537e-03,1.0000000000000000e+00,
9.9971206249127254e-01,1.3550009546919066e-05,9.9999999999990008e-01,-3.9860417527867309e-15,7.3496901245995463e-02,5.1932816704380221e-05,1.9887983447597346e-07,-1.2594797702995581e-03,1.0000000000000000e+00,
1.0000117181986334e+00,-2.0263233011595928e-02,9.9999999999999234e-01,-6.5654277828490868e-18,-3.0597327161885830e+00,1.8236276508772467e-01,5.8162418860049725e-01,-1.4057193931898620e-02,1.0000000000000000e+00,
1.0052003636742401e+00,-2.0681990559845202e-02,9.9999999999998945e-01,-1.9696971919488357e-17,-3.2692876085514100e+00,-3.1852082301178828e+00,6.0951052410565454e-01,-3.6835376179988173e-02,1.0000000000000000e+00,
1.0074726673692458e+00,-2.0779962105106848e-03,9.9999999999998457e-01,-5.2687183490818376e-17,-7.2551722743471347e-01,-3.2799431802678174e+00,5.7631641714883419e-01,-3.7985501191709778e-02,1.0000000000000000e+00,
1.0024612343025001e+00,2.9329417146117814e-04,9.9999999999995326e-01,-1.5314320376549064e-16,6.8156006210053044e-01,-8.9358365379462734e-01,5.8774066008317888e-03,-2.5441265195139284e-02,1.0000000000000000e+00,
1.0008517082096198e+00,3.8981900803593727e-04,9.9999999999997902e-01,-1.0062367983712349e-16,3.1293122738645845e-01,1.0556298414098156e-01,5.0251489343462741e-05,-1.1280162565909649e-02,1.0000000000000000e+00,
1.0001983980405338e+00,5.7945743347352825e-04,9.9999999999998856e-01,-5.0181629492212163e-17,7.3693029566570395e-02,1.5380443430036639e-01,1.8757958575277636e-03,-5.5310030178809116e-03,1.0000000000000000e+00,
1.0000387773714519e+00,4.2152942731739010e-04,9.9999999999999323e-01,-3.0347860708830196e-17,1.8867651173541153e-02,6.8841967464403950e-02,6.3162100248084427e-04,-2.4721495529473111e-03,1.0000000000000000e+00,
9.9979696615475688e-01,4.1060495618023320e-04,9.9999999999999412e-01,-2.5956713340377230e-17,6.8352726807990776e-03,1.6102919849312635e-03,1.4579357862061840e-04,-9.2158433336576341e-04,1.0000000000000000e+00,
1.0000388191218852e+00,-8.3502952667714250e-02,9.9999999999999334e-01,-4.5030523037888401e-17,-1.1709561431967659e+01,9.4809400480767103e-01,2.3373751409843195e+00,-9.5162877237960283e-03,1.0000000000000000e+00,
1.0191285684210236e+00,-9.8281441800102495e-02,1.0000000000000002e+00,-1.1358981746626914e-16,-1.9290892833490712e+01,-2.4775224710869935e+01,2.5598583993224371e+00,-1.3477198053814826e-01,1.0000000000000000e+00,
1.0231110215728865e+00,-2.2203066767183502e-03,9.9999999999999822e-01,-2.3398117546096071e-16,-2.7479140990055217e+00,-2.5265514998070511e+01,2.1592005709387854e+00,-1.3734537321142964e-01,1.0000000000000000e+00,
9.9953532637408327e-01,2.9227905762775155e-03,9.9999999999995959e-01,-3.7699943459358746e-16,2.2685039570711635e-01,-8.9559423930520365e-01,1.0413107920982309e-02,-2.9615048826814816e-02,1.0000000000000000e+00,
9.9896568723577783e-01,1.9665208080770404e-03,9.9999999999998279e-01,-7.5488154759489629e-16,-3.7913577467995985e-01,6.0301327026411555e-01,7.2352982041640201e-04,-7.6278607182397708e-03,1.0000000000000000e+00,
9.9910546033678493e-01,9.7680979618545928e-04,9.9999999999999045e-01,-5.1066424002958073e-16,-3.5710501693797081e-01,2.8481369171541837e-01,5.1501786271992631e-03,-1.6354422260273838e-03,1.0000000000000000e+00,
9.9951996899797968e-01,5.0518631597659864e-04,9.9999999999999012e-01,-3.3420789127721925e-17,-2.0150494754714882e-01,9.5009119273056830e-02,1.5758693602675559e-03,-3.0411262367855644e-04,1.0000000000000000e+00,
9.9989317846460413e-01,4.6051699524395561e-04,9.9999999999998890e-01,-1.8569258558103813e-17,-1.1110890890283272e-01,1.9981969674042906e-03,3.2926361908502261e-04,-4.6866848524919885e-05,1.0000000000000000e+00,
8.1597747410801758e-01,-1.5453409867982459e-01,1.0000000000000000e+00,-2.1968143210759612e-15,-1.5056786726728060e+01,6.3909467811325138e-01,4.7781071292157068e-01,2.4733871340770777e-02,1.0000000000000000e+00,
-1.0598105645515485e+00,-6.2197267354667773e-01,0.0000000000000000e+00,-2.3722152482461987e-15,-5.0798785317964632e+02,-2.1318857656431805e+02,0.0000000000000000e+00,-9.3785713608655152e-01,0.0000000000000000e+00,
-1.1630936716527178e+00,-8.9864134881546709e-02,9.9999999999982569e-01,-3.2570981506364895e-16,-9.1260653460427932e+01,-2.4589894995713175e+02,4.6476204985586023e-01,-1.0277219236059882e+00,1.0000000000000000e+00,
6.4141437620381159e-01,2.6060512268103603e-03,9.9999999999980727e-01,-1.5940294812512678e-15,-2.7163062359234157e+01,3.1938260695520443e-01,2.0139231755889053e-02,-2.1545063514873810e-02,1.0000000000000000e+00,
9.7960346181018598e-01,-2.2572713305501278e-07,9.9999999999981404e-01,-7.8398407891904534e-15,-4.1985513899121516e+00,3.5907302629406425e-02,4.1912851137188359e-03,5.9368971727953111e-03,1.0000000000000000e+00,
9.9534644414661377e-01,-2.2941915122356700e-04,9.9999999999997369e-01,-6.7188198868117790e-15,-1.0044125744051431e+00,1.1238098053094033e-02,1.9103281297463970e-04,2.7072970068151700e-03,1.0000000000000000e+00,
9.9898550469708070e-01,1.8081025677073862e-05,9.9999999999998279e-01,-2.5562237086395072e-16,-3.7288210872605149e-01,3.4780353831452867e-03,3.1081619728781824e-05,1.0336252280064469e-03,1.0000000000000000e+00,
9.9980418413516159e-01,1.6040422988860652e-05,9.9999999999998967e-01,-1.9050440704159810e-17,-1.7670731459241928e-01,7.1421444523915269e-05,1.3567300468527691e-05,2.2833811558072169e-05,1.0000000000000000e+00,
8.1597728478869958e-01,1.9902529773807194e-04,1.0000000000000000e+00,-2.3321914220894155e-15,-1.5054406259718423e+01,-4.8961428526571552e+01,4.7707678946969773e-01,2.4752561395663942e-02,1.0000000000000000e+00,
-1.0597535192907377e+00,0.0000000000000000e+00,0.0000000000000000e+00,-8.2443257592731408e-15,-5.0804003741591748e+02,-4.5889885389216533e+02,0.0000000000000000e+00,-9.3788403084035521e-01,0.0000000000000000e+00,
-1.1629716129659482e+00,-4.9912900102821894e-01,9.9999999999982037e-01,-3.3453846057679664e-16,-9.1585200272893829e+01,-1.0547504767045803e+02,4.6770558719506639e-01,-1.0282308212762574e+00,1.0000000000000000e+00,
6.4139313188667701e-01,-1.4845601206194581e-01,9.9999999999966560e-01,-1.6451303044446298e-15,-2.7168093336619467e+01,-3.1621672684457334e+01,1.9685258069577355e-02,-2.1543166568328033e-02,1.0000000000000000e+00,
9.7960384825182867e-01,-6.8885660579548402e-03,9.9999999999990041e-01,-7.8626744953894413e-15,-4.1979087422579298e+00,-3.0203899896688666e+00,4.1905652674343458e-03,5.9380517674636696e-03,1.0000000000000000e+00,
9.9534642942551899e-01,-2.3271359487405138e-03,9.9999999999998446e-01,-6.6378639202481325e-15,-1.0044213823036878e+00,-7.8040477881584402e-01,1.9086072826478978e-04,2.7079960907942851e-03,1.0000000000000000e+00,
9.9898550332649960e-01,-8.9675247452253293e-04,9.9999999999999645e-01,-2.2620169889332227e-16,-3.7288347389355303e-01,-2.5786821662876702e-01,3.1368177735879334e-05,1.0339555071923385e-03,1.0000000000000000e+00,
9.9980418391340709e-01,-4.8346195323797019e-04,9.9999999999999722e-01,-1.7997443586566165e-17,-1.7670841492638417e-01,-8.4116491012268146e-02,1.3506618127965197e-05,2.2843542609779500e-05,1.0000000000000000e+00,
1.0000388179321780e+00,9.7695395917256540e-04,9.9999999999999778e-01,-4.3930222059280240e-17,-1.1708767137527046e+01,-9.4239159861805462e+00,2.3374165164391516e+00,-9.5031979147488545e-03,1.0000000000000000e+00,
1.0191285740451015e+00,4.3858731664658656e-03,9.9999999999997446e-01,-1.1421332726395473e-16,-1.9291418136349343e+01,-6.8754777275449719e+00,2.5598522863027537e+00,-1.3475866526679547e-01,1.0000000000000000e+00,
1.0231110631767701e+00,-9.2821661422400170e-02,9.9999999999979439e-01,-2.3389990376818120e-16,-2.7494835376521891e+00,-2.8011245487602339e+00,2.1591961879151773e+00,-1.3733383076666913e-01,1.0000000000000000e+00,
9.9953510540482804e-01,-8.0837748091526496e-02,9.9999999999971445e-01,-3.9484249703708416e-16,2.2679854196059848e-01,-4.9154728906370924e+00,1.0419365873825040e-02,-2.9610399638175980e-02,1.0000000000000000e+00,
9.9896562536412714e-01,-6.2076669104151553e-03,9.9999999999998823e-01,-7.7039426286100198e-16,-3.7919200945857684e-01,-2.6666853531138539e+00,7.1969216154793569e-04,-7.6243414017152060e-03,1.0000000000000000e+00,
9.9910542284975168e-01,-2.3941022302520244e-03,9.9999999999998823e-01,-5.0816611366853092e-16,-3.5715839490797180e-01,-7.9993100221981139e-01,5.1501470105578401e-03,-1.6332650314458542e-03,1.0000000000000000e+00,
9.9951995461265419e-01,-1.0305692419937255e-03,9.9999999999999389e-01,-3.1720052440757523e-17,-2.0154773595907932e-01,-2.9759619383421476e-01,1.5759062868386450e-03,-3.0283765937830161e-04,1.0000000000000000e+00,
9.9989317230032482e-01,-6.7070831957926095e-04,9.9999999999999978e-01,-1.7362341750525814e-17,-1.1114434404898317e-01,-1.0621787869410580e-01,3.2929019125006384e-04,-4.6284292587221411e-05,1.0000000000000000e+00,
1.0000117190088607e+00,2.4326092778615392e-04,9.9999999999996592e-01,-4.4212229111003853e-18,-3.0597942447297495e+00,-2.8884072318208891e+00,5.8166679967956214e-01,-1.4046105241131493e-02,1.0000000000000000e+00,
1.0052004156992784e+00,1.3842130901473887e-03,9.9999999999993938e-01,-1.7291447724050121e-17,-3.2694315706906254e+00,-5.7046027075501138e-01,6.0950985955761661e-01,-3.6824861619347976e-02,1.0000000000000000e+00,
1.0074727213257488e+00,-1.8336363062593050e-02,9.9999999999978850e-01,-5.8085425611584270e-17,-7.2593395838647667e-01,4.8910890933220919e-01,5.7631576233701143e-01,-3.7975771967651430e-02,1.0000000000000000e+00,
1.0024612414638039e+00,-1.8564354726664380e-02,9.9999999999977263e-01,-1.4695425261818825e-16,6.8131003299627158e-01,-7.0424823870393738e-01,5.8715888824091567e-03,-2.5435146505317519e-02,1.0000000000000000e+00,
1.0008516778407455e+00,-2.8211481850030037e-03,9.9999999999996392e-01,-9.6670462772633562e-17,3.1281946907317376e-01,-7.4664979261524667e-01,5.0193684490371093e-05,-1.1275702515513259e-02,1.0000000000000000e+00,
1.0001983820258309e+00,-1.8202230622405536e-03,9.9999999999998046e-01,-3.5090788499446363e-17,7.3612383186497418e-02,-5.5463050984880791e-01,1.8757845621803805e-03,-5.5281580308733837e-03,1.0000000000000000e+00,
1.0000387688996275e+00,-9.6472810119105270e-04,9.9999999999998901e-01,-1.8427756436526240e-17,1.8802491110582763e-02,-2.7046083232142004e-01,6.3161311381460493e-04,-2.4704748858354929e-03,1.0000000000000000e+00,
9.9979696195456991e-01,-6.6818109984177819e-04,9.9999999999999556e-01,-1.7187824817160206e-17,6.7752118713199517e-03,-1.0300618885852278e-01,1.4574314193822706e-04,-9.2081838965618807e-04,1.0000000000000000e+00,
1.0000053824657704e+00,5.3787124005758705e-06,9.9999999999984757e-01,-3.9026828973032130e-18,-7.9755122909651621e-01,-7.0685801383978952e-01,1.2864183499694306e-02,-1.4845637072452688e-02,1.0000000000000000e+00,
1.0023622513483654e+00,3.3677055185233041e-05,9.9999999999975697e-01,-1.4349519883368310e-17,-8.2145924961673955e-01,-1.0347066864703899e-01,1.6829583537751960e-02,-2.0919396880263456e-02,1.0000000000000000e+00,
1.0037270773431759e+00,-3.9736241409949842e-03,9.9999999999973610e-01,-2.2916093794957350e-16,-2.6181656336350700e-01,1.3005848963447636e-02,1.6562213029423931e-02,-2.1411949466348945e-02,1.0000000000000000e+00,
1.0017356750919706e+00,-4.3847036553072375e-03,9.9999999999976097e-01,-1.9407637311593421e-15,3.9418314754846329e-01,-7.0424013300042276e-02,1.2917609720230988e-03,-1.8673821025672738e-02,1.0000000000000000e+00,
1.0012930100483293e+00,-7.5325958191083727e-04,9.9999999999995304e-01,-1.9166344892267334e-15,4.3642785282749097e-01,-2.0665392485788428e-01,5.9886309706878730e-05,-1.1629812877929396e-02,1.0000000000000000e+00,
1.0005685343598520e+00,-7.3842387196655776e-04,9.9999999999995937e-01,-1.3022246718718058e-15,2.2615096639437351e-01,-2.0523647222570879e-01,1.6043206703657970e-06,-6.5887245858039477e-03,1.0000000000000000e+00,
1.0001359730477206e+00,-5.3217479815591685e-04,9.9999999999997768e-01,-7.9224655166145608e-16,1.2177226741130427e-01,-1.3892437221682932e-01,3.5745031207960049e-08,-3.2276019970467911e-03,1.0000000000000000e+00,
9.9971205855704515e-01,-4.4121018301013633e-04,9.9999999999997913e-01,-4.7908106488470422e-16,7.3419029087344503e-02,-6.0623270680134685e-02,1.9615354285512990e-07,-1.2586473524512213e-03,1.0000000000000000e+00,

64,9
1.0043523070486602e+00,-5.3777569649190720e-06,1.0000000000000542e+00,-1.8589934360420527e-19,-1.7044491711871654e-02,7.0675566369459575e-01,6.9950066935217459e-01,-9.6483802621637523e-03,1.0000000000000000e+00,
1.0100380185304281e+00,-3.3677015130410321e-05,1.0000000000001736e+00,3.6377646130788794e-18,-1.5885681058628587e-01,1.0336308064278435e-01,6.2644095635784947e-01,-1.4668844732620579e-02,1.0000000000000000e+00,
1.0101819793856062e+00,3.9735879641201611e-03,1.0000000000002467e+00,1.1477998471068379e-15,6.0884138005575783e-01,-1.3005604179501962e-02,5.4895130123243507e-01,-1.6997939038760464e-02,1.0000000000000000e+00,
1.0065807761621852e+00,4.3846665740523193e-03,1.0000000000002420e+00,1.0969970916466654e-14,7.6487940813782673e-01,7.0472889750076761e-02,1.5485234885297481e+00,-1.1787499550596126e-02,1.0000000000000000e+00,
1.0023267895534247e+00,7.5324746236782433e-04,1.0000000000000886e+00,1.1377598632956377e-14,7.0689281367046364e-01,2.0669676302357995e-01,1.0569841763474236e-01,-5.9351180047160137e-03,1.0000000000000000e+00,
1.0012578818441864e+00,7.3841525627797906e-04,1.0000000000000637e+00,8.0303250115544518e-15,4.2714397857546499e-01,2.0527759705042148e-01,3.2370891310077275e-03,-2.7003207874259460e-03,1.0000000000000000e+00,
1.0006185803710841e+00,5.3217491367135109e-04,1.0000000000000620e+00,4.7697452865537467e-15,2.5487456871738867e-01,1.3895024874243878e-01,1.6484560892176224e-03,-1.0355820931479969e-03,1.0000000000000000e+00,
1.0001325885789079e+00,4.4121326104096698e-04,1.0000000000000671e+00,2.8453734225985430e-15,1.5189263572929260e-01,6.0635298972090905e-02,5.0529406917796012e-03,-2.2967781639373586e-05,1.0000000000000000e+00,
1.0158217401758212e+00,-2.4323059844560271e-04,1.0000000000000044e+00,-1.9767629586234705e-19,-3.7119525878659930e-02,2.8882547125669316e+00,2.8627635901689841e+00,6.1783740694841133e-03,1.0000000000000000e+00,
1.0385554170309497e+00,-1.3842099963369261e-03,1.0000000000000040e+00,3.2026067516736069e-18,-3.5038227863315791e-01,5.7015733805052649e-01,2.6136450233993385e+00,-1.2017724084971485e-02,1.0000000000000000e+00,
1.0387184635650237e+00,1.8336217925439210e-02,1.0000000000000333e+00,5.0139195850756821e-17,2.2080321194451824e+00,-4.8909133766279855e-01,2.3249948898766868e+00,-1.9365667994116816e-02,1.0000000000000000e+00,
1.0198455107289444e+00,1.8564221540288459e-02,1.0000000000000338e+00,9.5974302783116224e-17,2.2142024749520028e+00,7.0438763984527231e-01,4.3851407452552396e+00,-8.8052451900743969e-03,1.0000000000000000e+00,
1.0030874869541462e+00,2.8211057415445120e-03,9.9999999999999856e-01,6.8953466314295290e-17,1.0805378516331616e+00,7.4677609835216718e-01,2.0586717683075823e-01,-2.1772970101174957e-03,1.0000000000000000e+00,
1.0012395369428317e+00,1.8202188556803761e-03,1.0000000000000033e+00,1.6542727407373982e-17,4.2275317080517716e-01,5.5471705114356251e-01,1.0762566909883024e-02,-5.1904466591029671e-04,1.0000000000000000e+00,
1.0005223870333932e+00,9.6473401760992315e-04,1.0000000000000062e+00,-9.0698788899946942e-18,2.1136050501788323e-01,2.7051105972178613e-01,4.6243227448495433e-03,-1.2298650795783205e-04,1.0000000000000000e+00,
1.0001110667924504e+00,6.6818735783594099e-04,1.0000000000000064e+00,-1.1683484697461631e-17,1.1363334310740297e-01,1.0302906803393305e-01,7.9364105861111714e-03,-2.1360227127497120e-06,1.0000000000000000e+00,
1.0393987795159589e+00,-9.7691844828185436e-04,1.0000000000000209e+00,5.8200542097176205e-20,-1.2292344137612154e-01,9.4237436092008409e+00,8.1169935317096140e+00,5.9897546559583861e-02,1.0000000000000000e+00,
1.1796482938897663e+00,-4.3858448899731168e-03,1.0000000000000251e+00,9.3831083956215121e-17,-1.1755273676945523e+00,6.8744590969435970e+00,7.6702173762892487e+00,1.1644238397309346e-02,1.0000000000000000e+00,
1.1802738007864846e+00,9.2820985937691128e-02,1.0000000000000373e+00,1.1570507387410053e-16,1.5801630156011626e+01,2.8020172179865486e+00,7.6263272330387650e+00,-2.7519747595079223e-02,1.0000000000000000e+00,
1.0414085512783127e+00,8.0837236470027773e-02,1.0000000000000397e+00,3.1065091431605682e-16,9.4317838186398326e+00,4.9160367377159817e+00,1.0431695531968513e+01,7.9295686203274922e-03,1.0000000000000000e+00,
1.0030412883210502e+00,6.2077312603425160e-03,1.0000000000000180e+00,1.7965624735417990e-16,1.1108249843665832e+00,2.6669016241025010e+00,5.9939730275337733e-01,8.0503316973372305e-03,1.0000000000000000e+00,
1.0007125748753396e+00,2.3941233568943584e-03,1.0000000000000024e+00,1.1959308677037089e-16,2.6445304484901705e-01,8.0004434458130469e-01,2.8658376137565000e-02,5.1825393616645177e-03,1.0000000000000000e+00,
1.0001467597728997e+00,1.0305801323738414e-03,1.0000000000000022e+00,-3.6081361601640730e-18,5.3286979020370440e-02,2.9765574771398084e-01,8.6134306703154057e-03,2.4036315463717441e-03,1.0000000000000000e+00,
1.0002024913959482e+00,6.7071496122892500e-04,1.0000000000000000e+00,-1.3537078393849065e-17,9.5693166059656505e-03,1.0624350094164391e-01,8.0069957289720904e-03,9.0490360630942214e-04,1.0000000000000000e+00,
1.0390436906749001e+00,-1.9952414679448197e-04,1.0000000000001106e+00,3.4845082324714363e-15,5.8986875593235546e+01,4.8962585372937589e+01,8.8553272158391074e+00,2.9607804040983798e-01,1.0000000000000000e+00,
1.5410805985302514e+00,0.0000000000000000e+00,1.0000000000005573e+00,1.6840415264345270e-15,1.2941496143968033e+02,4.5895896128373397e+02,2.2449394796844067e+03,5.3104810057615526e-01,1.0000000000000000e+00,
1.5584094255965339e+00,4.9924971778389982e-01,1.0000000000002418e+00,9.0000293361684373e-16,2.5820052923989641e+02,1.0540157323725306e+02,1.1089114694428008e+03,2.0549613122263943e-01,1.0000000000000000e+00,
1.0406868218871426e+00,1.4845739363013816e-01,1.0000000000000739e+00,1.2922186481536057e-15,1.1840097236894856e+01,3.1646472657191033e+01,1.4658142480101171e+02,1.5751025043516095e-01,1.0000000000000000e+00,
9.9898533991576477e-01,6.8899776469623832e-03,1.0000000000000671e+00,7.6006658916524905e-15,-1.2636860086672352e-01,3.0205865786467179e+00,4.9843002810229979e+00,3.1678823598456168e-02,1.0000000000000000e+00,
9.9944553763291055e-01,2.3271663493735686e-03,1.0000000000000631e+00,6.5359714486116483e-15,-2.2827115544068660e-01,7.8052055173642765e-01,1.7712218484526583e+00,1.0254531433819363e-02,1.0000000000000000e+00,
9.9986208563971180e-01,8.9677158540053478e-04,9.9999999999999611e-01,2.0168780780901775e-16,-1.2193705131834424e-01,2.5793497803621440e-01,9.8809504109900140e-03,3.9629520975476441e-03,1.0000000000000000e+00,
1.0002998663453322e+00,4.8347098516354070e-04,9.9999999999999756e-01,-1.1836416336869423e-17,-7.3068196985830947e-02,8.4146932000515623e-02,5.9567477986808507e-03,1.4001008948239771e-03,1.0000000000000000e+00,
1.0390430164373996e+00,1.5453338948996420e-01,1.0000000000001206e+00,3.5954074904595914e-15,5.8990192961785752e+01,-6.3715619466369611e-01,8.8551774179466989e+00,2.9608292403591968e-01,1.0000000000000000e+00,
1.5411060334613063e+00,6.2198946780855324e-01,1.0000000000004940e+00,6.5566655905166117e-15,1.2935496059399418e+02,2.1322802245502152e+02,2.2449699564871185e+03,5.3107472425834357e-01,1.0000000000000000e+00,
1.5584450894820479e+00,8.9961587339037377e-02,1.0000000000002420e+00,9.0951590004381312e-16,2.5811370477077287e+02,2.4597718041787934e+02,1.1090391754013308e+03,2.0552578423136392e-01,1.0000000000000000e+00,
1.0406862684788352e+00,-2.6051862398846627e-03,1.0000000000001565e+00,1.3497437664790915e-15,1.1840710983330935e+01,-3.2015848540595293e-01,1.4724726440907781e+02,1.5747270101685024e-01,1.0000000000000000e+00,
9.9898513345547535e-01,2.5785039276774186e-07,1.0000000000001463e+00,7.6851239008439666e-15,-1.2641001440999894e-01,-3.5777792789165271e-02,4.9829772845370259e+00,3.1678718818478321e-02,1.0000000000000000e+00,
9.9944552288752875e-01,2.2947171471068310e-04,1.0000000000000842e+00,6.5012153457642820e-15,-2.2831196882766386e-01,-1.1164587887721001e-02,1.7712196234537019e+00,1.0254567571324778e-02,1.0000000000000000e+00,
9.9986207943579175e-01,-1.8065261812775704e-05,1.0000000000000115e+00,1.7977171192392214e-16,-1.2197073138210618e-01,-3.4431565986690290e-03,9.8809840167000691e-03,3.9629742438222048e-03,1.0000000000000000e+00,
1.0002998662406191e+00,-1.6028241472812086e-05,1.0000000000000067e+00,-1.2809148853028831e-17,-7.3099336351294397e-02,-7.0393230265936244e-05,5.9564435679148372e-03,1.4001111038585590e-03,1.0000000000000000e+00,
1.0393981955232394e+00,8.3503249856325887e-02,1.0000000000000839e+00,6.5828432845245370e-19,-1.2292009495393948e-01,-9.4840592430151294e-01,8.1169092594664374e+00,5.9910382497896861e-02,1.0000000000000000e+00,
1.1796496598418034e+00,9.8282302312746331e-02,1.0000000000000309e+00,1.0919586265250315e-16,-1.1759531814189927e+00,2.4775064201802351e+01,7.6701939969152280e+00,1.1662845850364208e-02,1.0000000000000000e+00,
1.1802751099369282e+00,2.2203165890215793e-03,9.9999999999999012e-01,1.3360914186265770e-16,1.5800495632022606e+01,2.5265513937004332e+01,7.6262950094917512e+00,-2.7513485829993491e-02,1.0000000000000000e+00,
1.0414081680702312e+00,-2.9228491407927190e-03,1.0000000000000437e+00,3.3406172225431078e-16,9.4315017134709809e+00,8.9573636786960786e-01,1.0431664380074821e+01,7.9313461164542930e-03,1.0000000000000000e+00,
1.0030412389580787e+00,-1.9665251427252706e-03,1.0000000000000295e+00,2.0599685040361010e-16,1.1106605201254707e+00,-6.0292123313630852e-01,5.9940648684999664e-01,8.0520433365427781e-03,1.0000000000000000e+00,
1.0007125443197882e+00,-9.7679100233417113e-04,1.0000000000000013e+00,1.2507752147035348e-16,2.6434670567562013e-01,-2.8474497308407154e-01,2.8658093906195475e-02,5.1837350958129887e-03,1.0000000000000000e+00,
1.0001467441619349e+00,-5.0517363955969972e-04,1.0000000000000033e+00,-2.4418240200647135e-18,5.3209617757568703e-02,-9.4976929885339692e-02,8.6133664287741524e-03,2.4043468373680663e-03,1.0000000000000000e+00,
1.0002024883545644e+00,-4.6050628785160682e-04,1.0000000000000027e+00,-1.0830720830591142e-17,9.5063046780626409e-03,-1.9972525974091340e-03,8.0067120719782767e-03,9.0523185900805918e-04,1.0000000000000000e+00,
1.0158217444408328e+00,2.0263342611803171e-02,1.0000000000000404e+00,-1.3466804261529788e-19,-3.7122859655221427e-02,-1.8247882947236335e-01,2.8627834446967584e+00,6.1912903508219031e-03,1.0000000000000000e+00,
1.0385556111043475e+00,2.0682118321598872e-02,1.0000000000000075e+00,1.0710396704546256e-17,-3.5061275206755410e-01,3.1850162809964999e+00,2.6136467029624439e+00,-1.2004867540911969e-02,1.0000000000000000e+00,
1.0387186596518003e+00,2.0780027513552864e-03,9.9999999999997935e-01,7.4999418460420112e-17,2.2076724703937454e+00,3.2797960888586188e+00,2.3249895307135322e+00,-1.9358829355658112e-02,1.0000000000000000e+00,
1.0198455438279723e+00,-2.9332607926295162e-04,1.0000000000000011e+00,1.2815150461322961e-16,2.2138565925538449e+00,8.9370726497116237e-01,4.3851395909461690e+00,-8.8015260717319976e-03,1.0000000000000000e+00,
1.0030874538618666e+00,-3.8984892653962441e-04,9.9999999999999412e-01,9.0547702966550182e-17,1.0803614292337369e+00,-1.0550974475955219e-01,2.0586379982119959e-01,-2.1749958859593639e-03,1.0000000000000000e+00,
1.0012395264814311e+00,-5.7945749181810265e-04,9.9999999999999567e-01,2.3259820290945272e-17,4.2261733878847874e-01,-1.5377592465669912e-01,1.0762491555443843e-02,-5.1768791213508065e-04,1.0000000000000000e+00,
1.0005223764274795e+00,-4.2152662344022049e-04,1.0000000000000040e+00,-7.4243504247925642e-18,2.1125922030590771e-01,-6.8828334167716110e-02,4.6242943511111412e-03,-1.2234893880822359e-04,1.0000000000000000e+00,
1.0001110593856677e+00,-4.1060183227387609e-04,1.0000000000000062e+00,-1.0408251249077048e-17,1.1355055033690051e-01,-1.6098890592962398e-03,7.9362083897649600e-03,-2.1172537097874846e-06,1.0000000000000000e+00,
1.0043523564939643e+00,4.6585992840548502e-03,1.0000000000005340e+00,-1.4049057321988188e-19,-1.7048171700363279e-02,-3.9415758040317259e-03,6.9951953642411036e-01,-9.6368618303440956e-03,1.0000000000000000e+00,
1.0100381019917466e+00,4.7179541478138522e-03,1.0000000000011426e+00,1.2163700816448994e-17,-1.5904774575988423e-01,6.5944616107505716e-01,6.2644281969263182e-01,-1.4657896081429292e-02,1.0000000000000000e+00,
1.0101820628462876e+00,8.5847407427266898e-04,1.0000000000013165e+00,2.7837450849199456e-16,6.0859320592232058e-01,7.1286088566409556e-01,5.4895049566745491e-01,-1.6991035410036309e-02,1.0000000000000000e+00,
1.0065808261750406e+00,2.3248614749201019e-05,1.0000000000012579e+00,2.5870426215876471e-15,7.6466193350577627e-01,4.1558777091778204e-01,1.5485227900465466e+00,-1.1782887304744052e-02,1.0000000000000000e+00,
1.0023267961594464e+00,-1.3233959561793631e-06,1.0000000000002367e+00,2.7341873569523263e-15,7.0670244555297912e-01,-1.0459747884757802e-03,1.0569816544824367e-01,-5.9321600899657221e-03,1.0000000000000000e+00,
1.0012578759557780e+00,-1.7735979310066609e-05,1.0000000000002160e+00,1.8453241272400595e-15,4.2700361762985073e-01,-4.5507861347774594e-03,3.2370053828334466e-03,-2.6985650167195229e-03,1.0000000000000000e+00,
1.0006185725993908e+00,-1.3768518915714854e-05,1.0000000000001215e+00,1.0760124915739904e-15,2.5476522690377684e-01,-2.1680231756045993e-03,1.6484460019058206e-03,-1.0347558952158095e-03,1.0000000000000000e+00,
1.0001325819137334e+00,-1.3549926008507738e-05,1.0000000000000255e+00,6.3036806421359283e-16,1.5180271874350437e-01,-5.1920305608130935e-05,5.0528033365917005e-03,-2.2943446589795161e-05,1.0000000000000000e+00,

