1
1
9
0
(6 0
((32,112) (47,127) (0,0))
((48,112) (63,127) (0,0))
((64,112) (71,127) (0,0))
((32,128) (47,143) (0,0))
((48,128) (63,143) (0,0))
((64,128) (71,143) (0,0))
)
6
FabOnDisk: Cell_D_00000 0
FabOnDisk: Cell_D_00000 18518
FabOnDisk: Cell_D_00000 37036
FabOnDisk: Cell_D_00000 46338
FabOnDisk: Cell_D_00000 64856
FabOnDisk: Cell_D_00000 83374

6,9
0.0000000000000000e+00,-7.3866546154427237e-01,0.0000000000000000e+00,-1.5436206637255965e-12,-7.3442229348281342e+02,-3.8945885922350067e+02,0.0000000000000000e+00,-6.4574329696027333e-01,0.0000000000000000e+00,
-8.6125934503019985e-01,-6.8894104127785449e-01,0.0000000000000000e+00,0.0000000000000000e+00,-5.5464304567218153e+02,-5.0891329698127515e+02,0.0000000000000000e+00,-1.0828974858021410e+00,0.0000000000000000e+00,
2.0778979471970864e-03,1.8681396662231089e-02,9.9999999999990485e-01,-1.4234197074895157e-13,-4.3627157114253180e+01,-2.5409237555703179e+01,1.9576650888168956e-01,-1.6577110873147677e-01,1.0000000000000000e+00,
0.0000000000000000e+00,0.0000000000000000e+00,0.0000000000000000e+00,-1.6046664994291665e-12,-7.3442229348290709e+02,-5.3195031808452995e+02,0.0000000000000000e+00,-6.4574329696035138e-01,0.0000000000000000e+00,
-8.6125934503010493e-01,-8.0805188923426796e-01,0.0000000000000000e+00,0.0000000000000000e+00,-5.5464304567207034e+02,-5.4352682693480745e+02,0.0000000000000000e+00,-1.0828974858019729e+00,0.0000000000000000e+00,
2.0778979472076999e-03,-6.4017616190119897e-01,9.9999999999983924e-01,-1.4272346810507618e-13,-4.3627157114253698e+01,-2.0804133392015589e+02,1.9576650888852853e-01,-1.6577110873147083e-01,1.0000000000000000e+00,

6,9
1.4618980549531366e+00,0.0000000000000000e+00,1.0000000000001932e+00,7.8590270166734818e-13,1.6018851049329820e+02,5.3195031808439558e+02,3.2872491783467176e+03,5.9228705404285331e-01,1.0000000000000000e+00,
1.4971120068551456e+00,8.0805188923427407e-01,1.0000000000003955e+00,1.4923362684014990e-12,8.7063508866338793e+02,5.4352682693502697e+02,2.5315105835442778e+03,0.0000000000000000e+00,1.0000000000000000e+00,
1.1147777750023713e+00,6.4017616190118853e-01,1.0000000000000995e+00,8.1768593343122307e-13,3.5633776502167933e+02,2.0804133392015811e+02,2.6715995100403973e+02,1.5662860484297281e-01,1.0000000000000000e+00,
1.4618980549532183e+00,7.3866546154424229e-01,1.0000000000001823e+00,8.0631392238221234e-13,1.6018851049330715e+02,3.8945885922352124e+02,3.2872491783469845e+03,5.9228705404286264e-01,1.0000000000000000e+00,
1.4971120068551724e+00,6.8894104127788247e-01,1.0000000000003382e+00,1.5446101091817485e-12,8.7063508866314828e+02,5.0891329698117949e+02,2.5315105835445174e+03,0.0000000000000000e+00,1.0000000000000000e+00,
1.1147777750023755e+00,-1.8681396662207087e-02,1.0000000000001310e+00,8.3487052647327880e-13,3.5633776502167302e+02,2.5409237555695114e+01,2.6715995100407582e+02,1.5662860484297181e-01,1.0000000000000000e+00,

