1
1
9
0
(91 0
((192,176) (199,183) (0,0))
((40,184) (47,191) (0,0))
((40,192) (55,207) (0,0))
((64,192) (79,207) (0,0))
((80,200) (95,215) (0,0))
((96,200) (111,215) (0,0))
((112,200) (119,215) (0,0))
((144,200) (159,215) (0,0))
((160,200) (175,215) (0,0))
((176,200) (183,215) (0,0))
((144,216) (159,223) (0,0))
((160,216) (175,223) (0,0))
((176,216) (183,223) (0,0))
((40,208) (55,223) (0,0))
((56,208) (71,223) (0,0))
((72,208) (79,223) (0,0))
((40,224) (55,239) (0,0))
((56,224) (71,239) (0,0))
((72,224) (79,239) (0,0))
((120,208) (135,215) (0,0))
((80,216) (95,223) (0,0))
((120,216) (135,231) (0,0))
((136,216) (143,231) (0,0))
((120,232) (135,239) (0,0))
((136,232) (143,239) (0,0))
((80,224) (87,239) (0,0))
((144,224) (159,239) (0,0))
((160,224) (175,239) (0,0))
((176,224) (191,239) (0,0))
((192,224) (199,239) (0,0))
((144,240) (159,255) (0,0))
((160,240) (175,255) (0,0))
((176,240) (191,255) (0,0))
((192,240) (199,255) (0,0))
((144,256) (159,271) (0,0))
((160,256) (175,271) (0,0))
((176,256) (191,271) (0,0))
((192,256) (199,271) (0,0))
((88,232) (103,239) (0,0))
((32,240) (47,255) (0,0))
((48,240) (63,255) (0,0))
((64,240) (79,255) (0,0))
((80,240) (95,255) (0,0))
((96,240) (111,255) (0,0))
((32,256) (47,263) (0,0))
((48,256) (63,263) (0,0))
((64,256) (79,263) (0,0))
((80,256) (95,263) (0,0))
((96,256) (111,263) (0,0))
((128,240) (143,247) (0,0))
((136,248) (143,263) (0,0))
((40,264) (47,271) (0,0))
((48,264) (63,279) (0,0))
((64,264) (79,279) (0,0))
((80,264) (95,279) (0,0))
((96,264) (111,279) (0,0))
((64,280) (79,295) (0,0))
((80,280) (95,295) (0,0))
((96,280) (111,295) (0,0))
((64,296) (79,303) (0,0))
((80,296) (95,303) (0,0))
((96,296) (111,303) (0,0))
((120,264) (135,279) (0,0))
((136,264) (143,279) (0,0))
((120,280) (135,287) (0,0))
((136,280) (143,287) (0,0))
((152,272) (167,287) (0,0))
((168,272) (183,287) (0,0))
((184,272) (191,287) (0,0))
((152,288) (167,295) (0,0))
((168,288) (183,295) (0,0))
((184,288) (191,295) (0,0))
((112,296) (127,311) (0,0))
((128,296) (135,311) (0,0))
((112,312) (127,319) (0,0))
((128,312) (135,319) (0,0))
((160,296) (175,311) (0,0))
((176,296) (191,311) (0,0))
((24,264) (39,279) (0,0))
((24,280) (39,295) (0,0))
((24,296) (39,311) (0,0))
((56,304) (71,319) (0,0))
((72,304) (87,319) (0,0))
((56,320) (71,327) (0,0))
((72,320) (87,327) (0,0))
((88,304) (103,319) (0,0))
((104,304) (111,319) (0,0))
((152,312) (167,327) (0,0))
((40,312) (55,327) (0,0))
((24,328) (39,343) (0,0))
((192,328) (199,335) (0,0))
)
91
FabOnDisk: Cell_D_00000 0
FabOnDisk: Cell_D_00000 4696
FabOnDisk: Cell_D_00000 9390
FabOnDisk: Cell_D_00000 27908
FabOnDisk: Cell_D_00000 46426
FabOnDisk: Cell_D_00000 64944
FabOnDisk: Cell_D_00000 83463
FabOnDisk: Cell_D_00000 92767
FabOnDisk: Cell_D_00000 111287
FabOnDisk: Cell_D_00000 129807
FabOnDisk: Cell_D_00000 139111
FabOnDisk: Cell_D_00000 148415
FabOnDisk: Cell_D_00000 157719
FabOnDisk: Cell_D_00000 162415
FabOnDisk: Cell_D_00000 180933
FabOnDisk: Cell_D_00000 199451
FabOnDisk: Cell_D_00000 208753
FabOnDisk: Cell_D_00000 227271
FabOnDisk: Cell_D_00000 245789
FabOnDisk: Cell_D_00000 255091
FabOnDisk: Cell_D_00000 264395
FabOnDisk: Cell_D_00000 273697
FabOnDisk: Cell_D_00000 292217
FabOnDisk: Cell_D_00000 301521
FabOnDisk: Cell_D_00000 310825
FabOnDisk: Cell_D_00000 315521
FabOnDisk: Cell_D_00000 324823
FabOnDisk: Cell_D_00000 343343
FabOnDisk: Cell_D_00000 361863
FabOnDisk: Cell_D_00000 380383
FabOnDisk: Cell_D_00000 389687
FabOnDisk: Cell_D_00000 408207
FabOnDisk: Cell_D_00000 426727
FabOnDisk: Cell_D_00000 445247
FabOnDisk: Cell_D_00000 454551
FabOnDisk: Cell_D_00000 473071
FabOnDisk: Cell_D_00000 491591
FabOnDisk: Cell_D_00000 510111
FabOnDisk: Cell_D_00000 519415
FabOnDisk: Cell_D_00000 528718
FabOnDisk: Cell_D_00000 547236
FabOnDisk: Cell_D_00000 565754
FabOnDisk: Cell_D_00000 584272
FabOnDisk: Cell_D_00000 602790
FabOnDisk: Cell_D_00000 621309
FabOnDisk: Cell_D_00000 630611
FabOnDisk: Cell_D_00000 639913
FabOnDisk: Cell_D_00000 649215
FabOnDisk: Cell_D_00000 658517
FabOnDisk: Cell_D_00000 667820
FabOnDisk: Cell_D_00000 677124
FabOnDisk: Cell_D_00000 686428
FabOnDisk: Cell_D_00000 691122
FabOnDisk: Cell_D_00000 709640
FabOnDisk: Cell_D_00000 728158
FabOnDisk: Cell_D_00000 746676
FabOnDisk: Cell_D_00000 765195
FabOnDisk: Cell_D_00000 783713
FabOnDisk: Cell_D_00000 802231
FabOnDisk: Cell_D_00000 820750
FabOnDisk: Cell_D_00000 830052
FabOnDisk: Cell_D_00000 839354
FabOnDisk: Cell_D_00000 848657
FabOnDisk: Cell_D_00000 867177
FabOnDisk: Cell_D_00000 876481
FabOnDisk: Cell_D_00000 885785
FabOnDisk: Cell_D_00000 890481
FabOnDisk: Cell_D_00000 909001
FabOnDisk: Cell_D_00000 927521
FabOnDisk: Cell_D_00000 936825
FabOnDisk: Cell_D_00000 946129
FabOnDisk: Cell_D_00000 955433
FabOnDisk: Cell_D_00000 960129
FabOnDisk: Cell_D_00000 978649
FabOnDisk: Cell_D_00000 987953
FabOnDisk: Cell_D_00000 997257
FabOnDisk: Cell_D_00000 1001953
FabOnDisk: Cell_D_00000 1020473
FabOnDisk: Cell_D_00000 1038993
FabOnDisk: Cell_D_00000 1057511
FabOnDisk: Cell_D_00000 1076029
FabOnDisk: Cell_D_00000 1094547
FabOnDisk: Cell_D_00000 1113065
FabOnDisk: Cell_D_00000 1131583
FabOnDisk: Cell_D_00000 1140885
FabOnDisk: Cell_D_00000 1150187
FabOnDisk: Cell_D_00000 1168706
FabOnDisk: Cell_D_00000 1178010
FabOnDisk: Cell_D_00000 1196530
FabOnDisk: Cell_D_00000 1215048
FabOnDisk: Cell_D_00000 1233566

91,9
7.7783165909913854e-01,-1.8311482315486366e-01,9.9999999999972633e-01,2.1039801654581915e-12,-2.7599144265139057e+04,-1.7727533049583263e+05,4.8550849559341898e+01,-3.3650476004515589e+01,1.0000000000000000e+00,
5.7080609658790982e-01,-3.2856242816487830e-01,9.9994194773306266e-01,4.5633549689950389e-13,1.6997840471507079e+05,-3.1338506652832148e+05,3.4704740326932573e+00,-4.9839023035751723e+02,1.0000000000000000e+00,
6.2840520941974198e-01,-3.2686823011974697e-01,9.9999614843676687e-01,4.5202169537613277e-13,-1.0228577959764516e+04,-3.0804579575268726e+05,1.0621006278470624e+00,-6.9993054176046155e+02,1.0000000000000000e+00,
2.2437396873175208e-01,-3.8312747953620807e-01,9.9996881662811676e-01,7.2288716213614498e-13,3.7657771189667983e+03,-1.8861219672514417e+05,2.1731734839375960e+00,-3.5933989158478590e+02,1.0000000000000000e+00,
2.4254431821927575e-01,-8.5180986352190080e-01,9.9985219949747184e-01,9.0350993316240090e-13,-7.6005895918435272e+04,-2.1385843987895059e+05,1.2097711173062464e-01,-8.7319558989108657e+01,1.0000000000000000e+00,
6.3117851210654130e-01,-5.0629190917313915e-01,9.9986384736528422e-01,1.0964885200262864e-12,-1.8649925699456580e+05,-1.2629905011327501e+05,3.6656869804156944e+00,-2.5535364166083298e+02,1.0000000000000000e+00,
9.5686649666531975e-01,-5.2362018296535895e-01,9.9987989580026626e-01,1.2803637378313411e-12,-9.8497920796983453e+04,-1.9665449638994614e+05,5.0721780411467687e+00,-3.3773704587795800e+02,1.0000000000000000e+00,
-6.0844500086205122e-02,2.9051781099287926e-03,9.9987085344936133e-01,1.6285519552591425e-12,4.4718380632258049e+04,-9.1673754108606227e+04,5.5076337316155133e+00,-4.2645089771870602e+02,1.0000000000000000e+00,
-1.1431735382101899e-01,-6.6182602212339459e-01,9.9995137980607085e-01,1.7932748759156064e-12,3.6555714072986026e+04,9.2226864488107822e+03,2.0248238867804247e+00,-1.8822888121200174e+02,1.0000000000000000e+00,
4.9532990489447115e-01,-5.7915433403638106e-01,9.9999544200898605e-01,1.9528481401697943e-12,1.8511272700806416e+05,3.5774559600224165e+03,2.3099842137952166e+01,4.0521332796242838e+01,1.0000000000000000e+00,
9.3639338071775313e-01,2.0058272346869323e-02,9.9995604710530472e-01,1.6359133211816240e-12,5.1143177792365532e+04,6.7271755468447736e+03,7.7061708958087394e+00,-4.0506668114353118e+02,1.0000000000000000e+00,
9.7341754985994844e-01,-5.2465576287037663e-01,9.9998302616486812e-01,1.7984430703280065e-12,1.0185579879883699e+05,-5.3277059578272929e+04,2.0343194249734964e+00,-1.1001406023834740e+02,1.0000000000000000e+00,
6.0304819181147085e-01,-6.0553619419374638e-01,9.9999951703693157e-01,1.9565162759546687e-12,1.4311866119581927e+05,-3.1812703525932645e+05,1.1101225214610935e+02,2.0328482080622473e+02,1.0000000000000000e+00,
-2.9763802044832754e-02,-7.2304453750586517e-01,9.9998091329936245e-01,4.4648572898183376e-13,7.2230397483277193e+04,-2.0148906430260613e+05,9.1328795942293706e-01,-7.7917806743683946e+02,1.0000000000000000e+00,
7.3443897517174250e-01,-6.7142699466840694e-01,9.9995812569659226e-01,6.2265374375066695e-13,-7.0358596212530392e+04,-1.8962964733355548e+05,2.1270180585101550e+00,-4.2736589995565981e+02,1.0000000000000000e+00,
4.9826930020260918e-01,-2.6980643915162145e-01,9.9998341855404060e-01,8.0220504253108337e-13,6.9075686592535203e+04,-6.6493244375706126e+03,6.2371838371472421e+00,-1.8184430597007213e+02,1.0000000000000000e+00,
8.5556100854508421e-01,-6.4915376764783217e-01,9.9987971050504099e-01,4.4106089481499100e-13,8.6804965732555866e+04,-1.6438774823441054e+04,3.6990112348078696e-01,-7.8853004998638801e+02,1.0000000000000000e+00,
6.3536038027592845e-01,-6.3824975747330448e-01,9.9998186116280718e-01,6.1050589333383520e-13,8.5605890129095496e+04,-2.7721741615515202e+04,4.2749561761961097e-01,-4.3012441775837266e+02,1.0000000000000000e+00,
6.3978619156558969e-01,-4.2640870464926889e-01,9.9995633981097221e-01,7.7509320080059230e-13,9.2209836333368730e+04,-5.9482395948411431e+04,3.2163232596014169e-01,-1.9637689590364914e+02,1.0000000000000000e+00,
6.1944890599835190e-01,-2.1200907811404160e-01,9.9979009882321113e-01,1.3740081220816200e-12,-9.6208908110074481e+04,-1.9913194645671974e+05,1.7179287158065350e+01,-3.3870224915502888e+02,1.0000000000000000e+00,
4.4319938116248792e-01,-5.8492353251092266e-01,9.9980859584112192e-01,8.9625742492610404e-13,-4.4104989876381296e+04,-1.9965601770719513e+04,1.7768781188056309e+01,-4.5560362460987164e+01,1.0000000000000000e+00,
9.1626383971631808e-01,-2.8414240339566932e-01,9.9990332252008551e-01,1.3796580340077376e-12,-3.0037030666477585e+04,-1.0871051357785436e+05,5.2058495352443401e-01,-4.3469240752096891e+02,1.0000000000000000e+00,
9.5260236919042218e-01,-1.3300345831209132e-01,9.9983568565734626e-01,1.5525846687476890e-12,-1.2775858725399739e+05,-5.5909589771311221e+04,3.7431159302393446e+01,-4.1979645610692700e+02,1.0000000000000000e+00,
9.5068954724629090e-02,-2.7331118596866172e-01,9.9998849489868602e-01,1.3998213451892425e-12,-9.6804114270062928e+04,-3.7537300769836656e+04,2.0575706508719819e+01,-3.8809988795175622e+02,1.0000000000000000e+00,
5.0441707402578795e-01,9.4852258421825472e-02,9.9999991332574045e-01,1.5647957060361630e-12,2.7524382003128994e+04,-3.4144303126872546e+04,1.5326619835011712e+00,-3.5014211346288090e+02,1.0000000000000000e+00,
1.1431339098760911e+00,-6.4892506259206773e-01,9.9999392711379742e-01,8.6022361793614385e-13,8.1328730630855716e+04,-2.6605825228674692e+05,1.7578308093197492e+00,-7.5577243576652506e+01,1.0000000000000000e+00,
3.2198877921416630e-01,-6.7755724544547835e-01,9.9998252637420193e-01,1.6404104266425171e-12,5.0336124937655222e+04,-1.8536803649529247e+04,8.0851681032267919e-02,-3.0130795968601353e+02,1.0000000000000000e+00,
9.9865894576648140e-01,-6.9927014218657613e-01,9.9998790436166274e-01,1.8012608389962532e-12,7.2299952485199727e+04,-5.7180696611046005e+04,1.5983673977442098e+01,-1.1560180307228111e+02,1.0000000000000000e+00,
-1.5368042611120747e-01,-7.8008261176723281e-01,9.9999994172418172e-01,1.9584313286864464e-12,-2.0434648430542657e+05,-3.1441066926618206e+05,5.0407583612144258e+00,8.0022938577579765e+01,1.0000000000000000e+00,
1.4822359221139907e+00,-9.9161383028720418e-01,9.9999999999816358e-01,2.1117947040410852e-12,-6.8621030188645542e+04,-2.3555541644304503e+04,5.3139691264945199e+01,1.0618554893406846e+02,1.0000000000000000e+00,
4.4570614886676407e-01,-6.6788723491729396e-01,9.9999335108919785e-01,1.6496259202573850e-12,6.0393088664293100e+04,-2.5999946429185002e+04,3.5116712140678352e+00,-3.3855141279040299e+02,1.0000000000000000e+00,
1.1914707979141737e+00,-6.7650895710267933e-01,9.9999191814795230e-01,1.8064860420881999e-12,7.1590549101781653e+04,-2.6540646821808605e+04,1.4180141926838541e+01,-1.6505066693837796e+02,1.0000000000000000e+00,
6.8570517363343697e-01,-8.2480565494204172e-01,9.9999999980450760e-01,1.9619475649971819e-12,4.8463292281713984e+04,-2.6315446045536963e+04,4.9933157120602374e+00,3.3026862083506579e+01,1.0000000000000000e+00,
9.3307650830477429e-01,-7.1189802195578955e-01,9.9999999999654998e-01,2.1145097065958512e-12,2.4095754831233535e+04,-5.0878402695169825e+04,1.1342280165132507e+01,1.9502640453483446e+02,1.0000000000000000e+00,
-2.1052489234645477e-02,-6.8490975128920084e-01,9.9998153621269059e-01,1.6519031024269001e-12,-2.1733183086467069e+05,-2.8567624047282879e+05,1.7180797318183672e+00,-4.2753457850996637e+02,1.0000000000000000e+00,
2.7796672324085192e-01,-7.2596868766271905e-01,9.9996220707992722e-01,1.8090502014617529e-12,7.5666683861510319e+04,-5.3533122916259163e+04,7.7085023450362833e-01,-2.6574483081035743e+02,1.0000000000000000e+00,
4.3016491448996136e-02,-4.4271004989402518e-01,9.9999588698907260e-01,1.9642503267098130e-12,4.7127290075139084e+04,-1.1008681725685619e+04,5.3757373606941883e-01,1.8653107778483069e+01,1.0000000000000000e+00,
7.6995020782260093e-01,-3.0015387008802219e-01,9.9999996104480005e-01,2.1166256782881790e-12,-6.2812771639689345e+04,-6.2868797066581465e+03,2.7085079041726523e-01,1.9479755053696817e+02,1.0000000000000000e+00,
1.4851535255670085e+00,-3.4397347163286396e-01,9.9996589568127581e-01,9.6313623107680312e-13,-8.2369798717078811e+04,-2.9247100175577943e+05,8.9445559099048833e+00,3.9620709937933441e+01,1.0000000000000000e+00,
3.2879453969225747e-01,-6.3189709014931661e-01,9.9971563990097956e-01,3.5344104309905127e-13,-2.3141348545895962e+05,-3.0990294269004592e+05,1.7520703530379045e+00,-6.1635266888163585e+02,1.0000000000000000e+00,
-2.5494608196671664e-01,-6.7670521325097299e-01,9.9977687039412610e-01,5.2255854769065968e-13,3.1895151448732940e+04,-1.1726526190183358e+04,8.7056203243132124e-01,-5.1789530155343073e+02,1.0000000000000000e+00,
-3.3159334134336804e-01,-4.9407692211941123e-01,9.9981187370559998e-01,6.8030033534463029e-13,2.0754956159129506e+04,-6.5124394287235918e+04,1.0459838433828139e+00,-3.3563335416902856e+02,1.0000000000000000e+00,
-1.7595226145251530e-01,-1.3084978040164130e+00,0.0000000000000000e+00,0.0000000000000000e+00,0.0000000000000000e+00,-1.4405572377584895e+05,0.0000000000000000e+00,-2.3807740070949910e+02,0.0000000000000000e+00,
-2.1608752797774616e-01,-3.0418491850608681e-01,0.0000000000000000e+00,0.0000000000000000e+00,-1.0028236730984099e+05,-8.7964469412448307e+04,0.0000000000000000e+00,-9.8053979553420675e+01,0.0000000000000000e+00,
8.6209531480027257e-01,-2.2714244836757375e-01,9.9999964565901356e-01,3.5347750061864451e-13,4.1509273219671741e+03,1.0575526331746369e+04,7.8699605211567381e-01,-5.5240908653219094e+02,1.0000000000000000e+00,
2.2144793250120615e-01,-4.5518475611891118e-01,9.9999410448620041e-01,5.2259007186367861e-13,2.6811702138445980e+03,-2.0619032524796785e+04,1.3977117997906969e+00,-4.2749979667465914e+02,1.0000000000000000e+00,
3.6175572220727870e-01,8.2380278969611379e-02,9.9994013568790119e-01,6.8039042289539830e-13,1.6689112203909463e+04,-4.3021810413311323e+04,1.3413304630784495e+00,-3.5735503292060008e+02,1.0000000000000000e+00,
-1.6703270711857812e-01,0.0000000000000000e+00,0.0000000000000000e+00,0.0000000000000000e+00,-2.8199656474873686e+04,-5.2114351369695461e+04,0.0000000000000000e+00,-2.7414330530638210e+02,0.0000000000000000e+00,
-2.5207892651350233e-01,-1.1682208943851051e+00,0.0000000000000000e+00,0.0000000000000000e+00,-6.5264359436031737e+04,0.0000000000000000e+00,0.0000000000000000e+00,-9.7814831299356712e+01,0.0000000000000000e+00,
1.0288533818543186e+00,-2.1969512590000348e-01,9.9996197004364262e-01,1.4934731108397002e-12,-5.7539899772744320e+04,-1.5996596996214031e+05,2.4695703052170614e+00,-4.4757114993212684e+02,1.0000000000000000e+00,
4.5135392159905630e-01,-3.1536166816697681e-01,9.9995787654769308e-01,1.5764872860855176e-12,3.5312573818982128e+04,-4.8081151060546472e+04,2.3581147439514893e+00,-4.5814144375141524e+02,1.0000000000000000e+00,
1.1796506769472654e+00,-1.0315217397977947e+00,9.9928447374222407e-01,4.3982073894608292e-13,-1.2317464337434430e+05,-8.1047201011657307e+03,7.0146768486746947e+00,-4.0130778494461043e+02,1.0000000000000000e+00,
5.0471892745819869e-01,-3.8467049851999607e-01,9.9980512030906155e-01,5.2410406351647662e-13,-1.4220455012974999e+05,-1.9185272035931412e+05,8.1266745502621696e-01,-5.2220402205145103e+02,1.0000000000000000e+00,
3.6978069722470669e-02,-3.5206207445220261e-01,9.9995472310652533e-01,6.8495434461088813e-13,2.4083196610544110e+04,-1.6914745913119914e+05,1.2943050565088630e+00,-5.1278603004308479e+02,1.0000000000000000e+00,
0.0000000000000000e+00,-1.9736342067920182e-01,0.0000000000000000e+00,0.0000000000000000e+00,0.0000000000000000e+00,-7.1596844220687664e+04,0.0000000000000000e+00,-4.8772298728444378e+02,0.0000000000000000e+00,
-4.8686024269224776e-02,-1.1891485105493529e+00,0.0000000000000000e+00,0.0000000000000000e+00,-4.3916903735992673e+04,-4.1450079025814266e+04,0.0000000000000000e+00,-7.2741509457034738e+01,0.0000000000000000e+00,
1.5318005303384652e-01,-8.2422051820579478e-01,9.9987502727614774e-01,7.0501282501793752e-13,8.8492306762943190e+04,-9.1303393116671941e+04,3.6083429695317193e-01,-6.4308174653639139e+02,1.0000000000000000e+00,
8.7121355064655481e-01,-4.3708177412276406e-01,9.9996812732811802e-01,8.8593943652878236e-13,8.5032216101728409e+04,-1.0251640285265603e+04,7.1061245570724907e-02,-2.9413276054731921e+02,1.0000000000000000e+00,
5.5935611997027901e-01,-3.9699125938153884e-01,9.9991256690650931e-01,1.1008731651215942e-12,8.5256402133198208e+04,-8.2238281399377593e+04,3.0174892950567411e+00,-6.0399182829005639e+01,1.0000000000000000e+00,
8.8357291454705855e-01,-5.7290061710842222e-01,9.9998010930986092e-01,7.2096049009741505e-13,9.4839014044876239e+04,-1.0391662097422522e+04,7.2154872623054978e+00,-6.4442669534561310e+02,1.0000000000000000e+00,
4.5417284501903343e-01,-6.9108443721253454e-01,9.9997979433271111e-01,9.0703591942147346e-13,6.1584123166521749e+04,-5.1334203212456487e+03,9.1911749362440176e+00,-2.8475809801807912e+02,1.0000000000000000e+00,
1.1180712920503200e+00,-2.4746479780132746e-01,9.9999073469461774e-01,1.1010945877325797e-12,2.5399659594480909e+04,-1.9741786744880117e+05,7.9101854254237658e-01,-6.9119454237050462e+01,1.0000000000000000e+00,
4.6802832050551291e-01,-8.9680754382391958e-01,9.9993865973338236e-01,1.4029022164727957e-12,-1.2274474688668670e+05,5.3295001677819528e+03,4.7796326948534578e+00,-3.9189512561236438e+02,1.0000000000000000e+00,
7.8035855875388338e-01,-1.2330867342273599e+00,9.9998486050192359e-01,1.5680558538179599e-12,-3.2854734097892106e+04,3.1454335455817272e+03,1.5234712268131716e+00,-3.8574444765606017e+02,1.0000000000000000e+00,
1.4414984729985152e+00,-9.2798325573349572e-01,9.9993659484649100e-01,1.3918654483613033e-12,-9.5134150620874425e+04,-1.0475718276699627e+04,5.5486672093900680e-01,-1.5707488723552436e+02,1.0000000000000000e+00,
1.2464586343064283e+00,-1.2596361408201042e+00,9.9998451567943714e-01,1.5625870706564120e-12,-1.2812554924985452e+05,-1.7902202705556175e+05,8.8605954392785662e+01,-2.1128838556176947e+02,1.0000000000000000e+00,
2.1159013062296275e-01,-9.8995131134501080e-01,9.9998128394264496e-01,1.7260685655388862e-12,1.1670622309380432e+05,-1.2903966013700684e+05,5.5764728963036969e-01,-5.3835169552170316e+02,1.0000000000000000e+00,
7.8847723552020121e-01,-9.1873512512916722e-01,9.9999999971822351e-01,1.8856009574556972e-12,1.1498922043089733e+05,-2.3097961381879486e+04,6.0907362064099857e-03,-1.7307589040246313e+02,1.0000000000000000e+00,
8.3489243957945991e-01,-3.6439888043971114e-01,9.9999999998713729e-01,2.0414887077736649e-12,1.1735610856772983e+05,-3.1671006597288033e+04,1.5651948826356232e-01,1.6319278956031366e+02,1.0000000000000000e+00,
5.0311220567615156e-01,-7.8632520299122077e-01,9.9990905757427695e-01,1.7236605436616535e-12,-2.9564703564910815e+04,-1.8743860343994948e+05,1.3321883569715283e+01,-5.0339306845447879e+02,1.0000000000000000e+00,
8.1129469740257232e-01,-2.5596211950019265e-01,9.9999999945445750e-01,1.8845446380027758e-12,1.3138630674346408e+05,-3.1722774746523191e+04,2.1625120729204518e+01,-1.9237791162519710e+02,1.0000000000000000e+00,
9.8236671926721830e-01,-5.4425856040332410e-01,9.9999999999908040e-01,2.0411761251466684e-12,1.3330753702953944e+05,-7.3013137380609260e+04,1.1094987289412828e-01,1.5195693975331352e+02,1.0000000000000000e+00,
7.3821028497951557e-01,-7.9675841534917757e-01,9.9999356062104827e-01,1.2864738993925226e-12,-9.7796163104505467e+04,-2.1866782891691109e+05,1.0355406338600375e+00,-2.9761874912883286e+00,1.0000000000000000e+00,
6.7818994340381022e-01,-7.6942149821643202e-01,9.9999901949591152e-01,1.4647660903104332e-12,-1.5472408358389293e+04,-3.5823974596859443e+04,2.3439072118447111e+01,1.5060519037154904e+01,1.0000000000000000e+00,
4.7428365459968813e-01,-2.2451030539114070e-01,9.9999999387263672e-01,1.2850028524066122e-12,-1.1941595350981515e+02,-6.7604639299973132e+04,2.7111568891054212e+00,-3.7766231025986173e+01,1.0000000000000000e+00,
5.8290460760131024e-01,-4.3628526424340514e-01,9.9999999999101530e-01,1.4626123361572224e-12,1.5078474532355540e+04,-1.2751309290559548e+05,1.6527152246083610e+01,-1.8135529939096585e+01,1.0000000000000000e+00,
1.1234393398601902e-01,-6.9913799785867015e-01,9.9987884151732886e-01,1.8016566528014609e-12,2.8539899794624536e+04,-4.0591151972356056e+04,6.5142994078678740e-02,-4.3807586110870801e+02,1.0000000000000000e+00,
1.8669658879030629e-01,-7.0255455656954668e-01,9.9999314281197937e-01,1.9620662061925465e-12,-3.3584739986235989e+04,-2.4959148019535927e+05,2.4463143324371686e+00,-1.8226918556495143e+01,1.0000000000000000e+00,
-6.5319167781933279e-02,-7.7217513757685630e-01,9.9958848987465820e-01,2.6757457784645860e-13,-1.0077583360455028e+05,-1.1085819809944223e+04,3.3075351767692780e+00,-4.9804186773429080e+02,1.0000000000000000e+00,
2.2056826217118361e-01,-1.9673324755657542e-01,9.9996401854320682e-01,2.6984538471087760e-13,1.1343292782459976e+05,-2.3993498547870695e+04,1.6879931919956626e+00,-3.9496689296244955e+02,1.0000000000000000e+00,
-3.7281128830604676e-01,-3.5381812236044868e-01,9.9998669948971408e-01,2.7296592926392236e-13,-1.6858570953902017e+05,-2.8476367146714986e+05,4.9732189472451171e-02,-3.2978993774056289e+02,1.0000000000000000e+00,
9.8881113237068918e-01,-5.6435835063231743e-01,9.9998646135689861e-01,6.3495529410144338e-13,-1.4182347953117205e+05,-1.1926736875042698e+05,2.0479600978250190e+00,-5.6932783344317454e+02,1.0000000000000000e+00,
8.1443366000394557e-01,-7.0506217220636880e-01,9.9997041776471307e-01,8.1846747997063675e-13,4.3717143861916702e+04,2.4689529583342664e+04,9.0589533295458047e+00,-3.7433983524643367e+02,1.0000000000000000e+00,
8.3333807107612867e-01,-7.9242071289621263e-01,9.9999999158220121e-01,6.4146202741722070e-13,-4.1220823918988026e+04,5.1345381473554153e+04,1.8337774449490141e+00,-2.2861568772534287e+02,1.0000000000000000e+00,
9.7753210852061045e-01,-3.7740232801256446e-01,9.9997365580894471e-01,8.2527847595400210e-13,9.4105351258695009e+03,-1.5138509683250959e+05,1.5417877239798372e+00,-1.8478526392273733e+02,1.0000000000000000e+00,
5.5575652592364888e-01,-7.9726072947365711e-01,9.9995664214289848e-01,1.0064817788939067e-12,-7.1425668971152481e+04,-5.1101992637915464e+04,3.8103568892932760e+00,-1.4805121499921199e+02,1.0000000000000000e+00,
1.0699766075401737e-01,-4.1991107610081785e-01,9.9999927191253191e-01,1.1941797567060434e-12,2.1114813027111086e+04,-5.3201307230249586e+04,9.9517473251991895e+00,-7.6690370654185045e+01,1.0000000000000000e+00,
3.3490943491266911e-01,-9.5021419209301472e-01,9.9996956268832449e-01,1.7170024378955527e-12,9.1184565010629740e+03,-1.6253551720252162e+05,3.8099581007195127e+00,-3.6340370612437721e+02,1.0000000000000000e+00,
8.7492369507979673e-01,-1.2442986538929006e+00,9.9993114489113211e-01,4.5672161217706859e-13,-1.3473355470924871e+05,-2.3239737539947091e+05,1.5294350257022415e-01,-4.2483691631923551e+02,1.0000000000000000e+00,
5.6374432577954114e-01,-1.0799359508040873e+00,9.9999843139861266e-01,2.7841959804337788e-13,1.6008907837032893e+04,-1.7317307165280436e+05,5.7871606169666023e-01,-3.2889980712391417e+02,1.0000000000000000e+00,
7.0357766345017703e-01,-8.9799041238433119e-01,9.9999999999999811e-01,2.1174342476529637e-12,1.9481723113930137e+04,-1.3672297066717755e+05,4.1586797131398612e+01,-9.7360777966980237e+01,1.0000000000000000e+00,

91,9
1.2820206466035589e+00,9.1406660064024559e-01,1.0000000000007858e+00,2.1713332216349885e-12,2.1555909056982829e+05,8.3441554305562750e+04,2.6051559757628565e+03,9.3110014270964044e+01,1.0000000000000000e+00,
1.3882621969548183e+00,7.6958788364104036e-01,1.0000009812763599e+00,5.3729451477638035e-13,3.8236683712015289e+05,8.7004936060086038e+04,2.2710185270386887e+03,-7.3949084256014203e+01,1.0000000000000000e+00,
1.5464952280975499e+00,9.7054725103774597e-01,1.0000884738386175e+00,6.2617199749508616e-13,3.8511384145796986e+05,1.0008692461214232e+05,6.4034837782340492e+03,-1.2660536714889253e+02,1.0000000000000000e+00,
1.6103313013629981e+00,6.3499835760986068e-01,1.0000031333323947e+00,9.0079934220937599e-13,2.5118760492949077e+05,2.0953175868100880e+05,6.6334265050626409e+03,2.5121201006485762e+01,1.0000000000000000e+00,
1.7318035707473316e+00,6.9633686745209478e-01,1.0001512639494357e+00,1.0848679119523156e-12,8.7955171359129599e+04,2.2225845706078218e+05,5.2765322902007965e+03,9.0963998034507000e+01,1.0000000000000000e+00,
1.8219516929310482e+00,1.9198505821917156e-01,1.0001041999281168e+00,1.2763864348076050e-12,-5.8162203751526249e+03,2.3762174388220883e+05,3.8107189360278853e+03,8.7352071250770905e+01,1.0000000000000000e+00,
2.3351826152753583e+00,7.5758691267951361e-01,1.0000497761129166e+00,1.3676728279616860e-12,1.0893181765385416e+05,1.2593723276860801e+05,6.4714709066052637e+03,-1.4208351065194927e+02,1.0000000000000000e+00,
1.2001710524242055e+00,9.1934457653220136e-01,1.0001648468855981e+00,1.7880670502257678e-12,2.1178473607754166e+05,5.5151183922916243e+04,5.5811702754994485e+03,-1.3018980146771980e+02,1.0000000000000000e+00,
1.2019234844169713e+00,9.4553329688176346e-01,1.0000611249628948e+00,1.9465198761802979e-12,1.8751996888098138e+05,2.1777388038397394e+05,5.5883952190876225e+03,2.1370619700307711e+02,1.0000000000000000e+00,
1.1486440028955260e+00,6.1503850203985777e-01,1.0000036284917078e+00,2.0241375147005921e-12,2.8851963819193240e+05,2.2295615019548187e+05,4.6809560230242651e+03,5.0351594130366232e+02,1.0000000000000000e+00,
1.3502567795094536e+00,7.1249552666677884e-01,1.0000280277323212e+00,1.7909544171342914e-12,1.8670546218390428e+05,1.8130578671946787e+05,2.4639452770300968e+03,-1.1332308536813527e+02,1.0000000000000000e+00,
1.5949961104195001e+00,5.6362326746313973e-01,1.0000026198376917e+00,1.9484712153527415e-12,1.8391816637948033e+05,1.8090293355734866e+04,2.2741687118194723e+03,2.1439080352540716e+02,1.0000000000000000e+00,
1.4207706235105171e+00,7.3383590572741708e-01,1.0000774339096210e+00,2.0258075559726992e-12,3.3746560960614460e+05,-3.3587916805023269e+03,4.5120735728325581e+03,5.0472887854435305e+02,1.0000000000000000e+00,
1.3878272902675037e+00,4.0373068426432007e-01,1.0000108816711042e+00,6.2023945647784694e-13,2.3347252141929712e+05,-6.6880636029098241e+03,6.3667457830212061e+03,-3.1835303785797799e+02,1.0000000000000000e+00,
2.1201354211465615e+00,1.2967688121878060e+00,1.0000297597156103e+00,8.0269373886245404e-13,1.7054472207956278e+05,1.4161383100544554e+05,7.7789655765543084e+03,-1.7744543380723417e+02,1.0000000000000000e+00,
1.6300143217468248e+00,5.7351262105620682e-01,1.0000093815351343e+00,8.9570724631682358e-13,1.3701398331993478e+05,3.5359544205480051e+04,5.4636053396529960e+03,-2.4070891956756725e+01,1.0000000000000000e+00,
1.4920860700536867e+00,3.4968823147151085e-01,1.0000119514996118e+00,6.1092542383998581e-13,2.9394692267392384e+05,1.9737447224275311e+05,4.6023865974841401e+03,-4.2836979193081714e+02,1.0000000000000000e+00,
1.4083045867178501e+00,5.3552178117410398e-01,1.0000237074388914e+00,7.8957026008883999e-13,1.1437355654703788e+05,1.4041817489879759e+04,5.7445785995675406e+03,-1.7686019113836096e+02,1.0000000000000000e+00,
2.0606330327457600e+00,9.9553477673101320e-01,1.0000334258995072e+00,8.8303580029965884e-13,1.5290993356243198e+05,2.0642633894018218e+04,4.0590274231995768e+03,-1.5997935121314242e+01,1.0000000000000000e+00,
1.8458156674054986e+00,1.0366582947099074e+00,1.0000385747540967e+00,1.5413845966858644e-12,5.9933399470149016e+04,6.8982932711418471e+04,7.5713756734352664e+03,-1.7405500682720339e+02,1.0000000000000000e+00,
1.8749652479277510e+00,3.4276551752832585e-01,1.0000677508712570e+00,1.0847334379881148e-12,2.0331891210812062e+05,2.5450254966353788e+05,5.6128850267089056e+03,1.9400779660162098e+02,1.0000000000000000e+00,
1.9121377725573696e+00,8.0293923634711595e-01,1.0001264697860228e+00,1.5538158507075215e-12,1.6349419572280493e+05,6.1650687264490989e+04,4.7608798752740986e+03,-3.2295987983106266e+02,1.0000000000000000e+00,
1.5284574890928313e+00,1.1422909783432562e+00,1.0000586154405884e+00,1.6345351910445756e-12,5.0037024872878283e+04,2.0190461646140885e+05,3.4388006610772854e+03,-2.8977964521754052e+02,1.0000000000000000e+00,
1.2295701314110432e+00,8.6956016098410482e-01,1.0000227683083611e+00,1.5607487974718510e-12,1.4475091932797112e+05,1.5155527432335148e+05,6.2461215058759035e+03,-2.9501634536486699e+02,1.0000000000000000e+00,
1.3166032731821318e+00,1.0979683353177774e+00,1.0000002378509412e+00,1.6392808335869421e-12,5.6508641169648035e+04,-1.2893770596747345e+01,2.4556791670423654e+03,-2.8951509177387339e+02,1.0000000000000000e+00,
1.7479954434743930e+00,3.5531087239694242e-01,1.0000297739562010e+00,9.8152765556025195e-13,3.1993081177967944e+05,1.3511774174212114e+05,1.8607881536790958e+03,2.5052521515093039e+02,1.0000000000000000e+00,
1.9271851108419495e+00,8.7727455115855701e-01,1.0000230421339322e+00,1.7964144180751583e-12,9.8448538914038727e+04,3.4674566932789457e+04,8.3694518629202594e+03,-1.1138649547139784e+02,1.0000000000000000e+00,
2.0993581726014701e+00,5.8337825500889773e-01,1.0000005808450183e+00,1.9521073838130419e-12,1.3076533125845098e+05,3.0908914663436008e+03,4.7307731853756513e+03,1.7266801545063527e+02,1.0000000000000000e+00,
3.1037666089691949e+00,1.1774813487125395e+00,1.0000080184009552e+00,2.1049266783016346e-12,1.3356938288047476e+05,1.2640796454730936e+05,1.6059092618073126e+04,3.2834109488584431e+02,1.0000000000000000e+00,
2.6177454617626723e+00,9.5146136487459482e-02,1.0000000000032814e+00,2.1799438429323502e-12,1.2664894500539359e+05,1.6050866375376162e+05,4.7063282428114235e+03,3.2139346366767938e+02,1.0000000000000000e+00,
2.0519923667655506e+00,7.0287886692509405e-01,1.0000064316924624e+00,1.7996310332726467e-12,8.0204078023628244e+04,-1.9748250979351724e+03,7.3421848841355559e+03,-1.3025616952184592e+02,1.0000000000000000e+00,
1.7775294643819626e+00,3.5878922399965113e-01,1.0000082689502339e+00,1.9545359139707222e-12,8.0756952530434413e+04,-1.2582435087268323e+04,4.2946059341059372e+03,6.4744542639651684e+01,1.0000000000000000e+00,
2.1972858805636064e+00,9.3673023877856587e-02,1.0000000659364949e+00,2.1070912908195134e-12,7.7743750553402511e+04,-1.4502105174897224e+03,6.3054694050109065e+03,2.1773880783102919e+02,1.0000000000000000e+00,
2.2018456197580658e+00,5.6896771789152667e-01,1.0000000000022247e+00,2.1820434600848057e-12,9.9809578809387313e+04,-2.4021293850699294e+03,3.0942152453510967e+03,3.1173996573531002e+02,1.0000000000000000e+00,
2.0552287908865896e+00,1.7992881722955215e-01,1.0000138549620661e+00,1.7999061205690382e-12,1.5466385618980986e+05,2.0418733924848365e+05,7.6961737871627756e+03,-1.8078716461288855e+02,1.0000000000000000e+00,
1.7104390886416345e+00,7.0318467428913456e-01,1.0000387459906785e+00,1.9551769112984862e-12,1.1691291565385764e+05,-4.6499722604670751e+03,6.4573417626199489e+03,1.8898233971925681e+01,1.0000000000000000e+00,
1.7116018807236015e+00,5.2614584659037456e-01,1.0000142788329147e+00,2.1082240953702766e-12,1.4571779408604943e+05,1.4527245256426322e+05,7.4754315244257632e+03,2.8718982135144682e+02,1.0000000000000000e+00,
1.3336010947812853e+00,3.3062838688924739e-01,1.0000000008274992e+00,2.1833375617925244e-12,4.5814047959375057e+04,1.6647141524239234e+05,2.8975111848916172e+03,3.0158138081568501e+02,1.0000000000000000e+00,
2.3513222775527849e+00,8.9867818392936905e-01,1.0000396117939470e+00,1.2184792329958267e-12,7.0215697394022573e+04,8.1884063358377171e+04,1.8443617039364183e+03,2.0057925109297418e+02,1.0000000000000000e+00,
1.9177819162707124e+00,5.4098876343144287e-01,1.0000032507009569e+00,5.1538611639219716e-13,8.6699841598366038e+04,2.6582702977491205e+05,4.5774431291950323e+03,-3.9508949167283771e+02,1.0000000000000000e+00,
1.2254390952629224e+00,2.3996376785459728e-01,1.0001535903639540e+00,6.8178111413323852e-13,8.4860940423272405e+04,5.0112549924569612e+04,7.8474735030308302e+03,-3.2185905322541612e+02,1.0000000000000000e+00,
1.4231696427132743e+00,4.2710438260796452e-01,1.0001384746460353e+00,8.4534682711269735e-13,9.5674089121662109e+04,-8.9913808070275991e+03,7.0578770993654753e+03,-1.0039383596052454e+02,1.0000000000000000e+00,
2.3813410438436726e+00,2.1365459705482087e-01,1.0002098548547691e+00,1.0812807466924010e-12,1.2368681039478784e+05,6.0591688125905377e+04,8.5543375027672773e+03,7.7060329345247226e+01,1.0000000000000000e+00,
2.5790489022477576e+00,1.3638597084199675e+00,1.0000144011494163e+00,1.3894973465069612e-12,3.2661118516222996e+03,1.8061353711688935e+04,1.0203655550012410e+04,7.7847551759615669e+01,1.0000000000000000e+00,
1.3061070716193852e+00,5.3147360867003479e-01,1.0000001365867086e+00,5.1337961472885448e-13,1.7361627140956916e+05,9.9837581915882765e+04,4.1360755829870695e+03,-3.9606953199980211e+02,1.0000000000000000e+00,
1.5131897846816000e+00,2.8734409461270938e-01,1.0001970734274366e+00,6.7450104033188402e-13,4.0882121658929827e+04,3.0022676426176622e+04,5.9883525836207691e+03,-3.4436439430313015e+02,1.0000000000000000e+00,
9.6567375541839162e-01,5.8049382309367259e-01,1.0000034120483348e+00,8.1058764087178238e-13,4.3724917857520632e+04,-9.4235626280387805e+03,2.1370566417495920e+03,-2.4819139232630897e+02,1.0000000000000000e+00,
7.8571329685044999e-01,1.4988938121757904e+00,1.0000273283326477e+00,8.5159356383556867e-13,5.9676981730039086e+04,6.3878434955118370e+04,8.3041961646793861e+03,0.0000000000000000e+00,1.0000000000000000e+00,
4.6161469152819379e-01,1.6357174770799152e-01,1.0000027669367688e+00,1.3895810276867683e-12,0.0000000000000000e+00,9.2725632685594552e+04,9.1351717574825434e+03,0.0000000000000000e+00,1.0000000000000000e+00,
1.6181326724022564e+00,9.1363467987648450e-01,1.0000156371331557e+00,1.6430170059414916e-12,1.4078119724953029e+05,-2.7425571543350088e+03,4.3623705303110264e+03,-3.0432288028828197e+02,1.0000000000000000e+00,
1.2808859076520016e+00,6.4567672958843181e-01,1.0000151467549274e+00,1.6450066558506981e-12,1.6082847124094662e+05,9.2893118454979049e+04,4.7561685038953947e+03,-3.2765895077192238e+02,1.0000000000000000e+00,
2.3247534241522825e+00,4.4291917708456235e-01,1.0000130503418121e+00,5.1637803076436192e-13,3.1092802336820023e+04,1.8783362427921966e+05,6.1089565682150796e+03,-2.6556457415334262e+02,1.0000000000000000e+00,
1.6505676866705739e+00,6.6922561675564274e-01,1.0000481978802613e+00,6.9295035981736038e-13,7.7443670881140861e+04,2.3895322634578624e+05,6.0751047741132252e+03,-3.1240754081748582e+02,1.0000000000000000e+00,
1.9587700897761156e+00,7.2944535376088171e-01,1.0000351222733765e+00,8.7167390277668880e-13,1.2641868443436033e+05,-5.8362823523399129e+03,5.4605049566299849e+03,-2.7518981613575215e+02,1.0000000000000000e+00,
2.3915036539145214e+00,1.3846826145108828e+00,1.0000920999899408e+00,1.0865616456197268e-12,1.3313030616080205e+05,8.7302313550271501e+04,8.3033832318989789e+03,0.0000000000000000e+00,1.0000000000000000e+00,
2.5549791535587745e+00,3.3313162921265338e-01,1.0000110226487835e+00,1.3606551245969524e-12,1.4673203745977080e+05,1.2572562567053865e+05,8.6341510824652178e+03,1.9565622715420903e+02,1.0000000000000000e+00,
1.5245852168360952e+00,5.3797311234376677e-01,1.0000329843046976e+00,8.9434523320378323e-13,1.9632410762708969e+05,1.6721496505961113e+04,5.8095475739750364e+03,-2.9928206868514314e+02,1.0000000000000000e+00,
1.7133356387215479e+00,6.8639748369621478e-01,1.0000190044875505e+00,1.0887746123879419e-12,1.0488895315562258e+05,1.5085045792896562e+04,4.8408987304665225e+03,-6.9863144671786330e+01,1.0000000000000000e+00,
1.8572893152506442e+00,3.3020632255313159e-01,1.0000067551097918e+00,1.3000255637259462e-12,1.8534581539173960e+05,4.9199037218169542e+04,5.6110345788394961e+03,2.3287812904898371e+02,1.0000000000000000e+00,
1.6077857142951388e+00,2.0126228616944850e-01,1.0000175298049634e+00,8.9966485432123787e-13,3.1811353561836004e+05,1.4880939551606716e+05,2.4835367026669251e+03,-2.6812564254523846e+02,1.0000000000000000e+00,
1.5953067695172778e+00,3.1161468151134236e-01,1.0000610398058563e+00,1.0895142300162717e-12,1.0364676621438630e+05,3.8865780606064072e+04,4.9906780057941860e+03,-7.4508363509286937e+01,1.0000000000000000e+00,
1.7683350703576268e+00,4.8904414009078601e-01,1.0000619935910879e+00,1.2810150266479783e-12,1.5165041880532628e+05,-4.5744963952089165e+03,3.9551629658588217e+03,1.6038752729154916e+02,1.0000000000000000e+00,
1.8018825985314064e+00,3.6977508290507877e-01,1.0000446892671631e+00,1.5677071717515593e-12,5.8413735735903174e+03,2.3935400468345397e+05,6.6027266314426533e+03,-1.0489832063056130e+02,1.0000000000000000e+00,
1.7368850618055645e+00,9.3711041818706001e-02,1.0000021438641395e+00,1.6442757672414781e-12,1.2224431976585474e+05,2.1289327593778708e+05,4.3013289870790313e+03,-1.1692665093871032e+02,1.0000000000000000e+00,
2.2089327061049877e+00,3.8278688184694953e-01,1.0000839840689333e+00,1.5571902556063861e-12,1.1395352462366282e+04,9.9582193005079898e+04,4.6201790279691822e+03,-2.7277425055441313e+01,1.0000000000000000e+00,
2.0579000424794680e+00,4.8429744874495737e-02,1.0000133174939210e+00,1.6380627586604382e-12,7.9814733549433906e+04,8.1395075965313299e+04,3.9080253340376239e+03,-1.1844414505698573e+02,1.0000000000000000e+00,
2.6391959267231004e+00,9.2432451283235684e-01,1.0000550606486767e+00,1.8774112071122767e-12,2.3719479075952293e+05,6.1786380135474792e+04,7.5522820743565590e+03,-1.4409058441973002e+02,1.0000000000000000e+00,
2.0919863555264406e+00,6.7548346836791595e-01,1.0000002321824795e+00,2.0321426624369769e-12,1.5397511210445836e+05,2.2853220184346901e+04,3.1618539246040541e+03,1.6806586867998769e+02,1.0000000000000000e+00,
1.3831163948485181e+00,3.7772660681902054e-01,1.0000000000012592e+00,2.1084281172228619e-12,2.1190435187695822e+05,6.6996091162221826e+04,2.5771021724886677e+03,3.8760697784807655e+02,1.0000000000000000e+00,
2.0276991833996880e+00,1.1108826083268786e+00,1.0001277543897991e+00,1.8755962115860822e-12,2.3406921872193308e+05,1.0516230568481551e+05,4.2817893949273048e+03,-1.9862573079866399e+02,1.0000000000000000e+00,
1.8181807239213779e+00,1.0237323834121526e+00,1.0000005773253533e+00,2.0318211689135218e-12,1.5600513934147949e+05,-4.8308263953133974e+03,3.9280729772405139e+03,1.6023663238057293e+02,1.0000000000000000e+00,
1.3084610732219002e+00,7.7623108858638074e-02,1.0000000000029055e+00,2.1084124143740008e-12,1.9759557295466692e+05,-2.0305875744512468e+04,4.7327317838626468e+03,3.7317442385820675e+02,1.0000000000000000e+00,
1.9732441070357440e+00,6.8587459745710577e-01,1.0000289227858750e+00,1.4609355695649499e-12,3.6933086942174486e+04,6.2409473806777896e+04,5.7834045734922547e+03,1.6923488582612129e+02,1.0000000000000000e+00,
1.9181892896885071e+00,2.1073807064507202e-01,1.0000033095311138e+00,1.5467756013849216e-12,1.2810884879814531e+05,1.0921954771648125e+05,6.2701269756161018e+03,1.3645758209354722e+02,1.0000000000000000e+00,
1.8284960726155801e+00,5.8391130775388334e-01,1.0000011042636765e+00,1.4535131318832184e-12,3.5977299005547684e+04,-1.2734346056930372e+04,6.3933319483638579e+03,3.8796071902217534e+01,1.0000000000000000e+00,
1.4603706221602448e+00,1.4751349929869795e-01,9.9999999999889144e-01,1.5402319157266564e-12,1.2586533684484111e+05,-3.8724500717318006e+04,2.5140086497598591e+03,1.2629829307503441e+02,1.0000000000000000e+00,
1.2155165393088303e+00,6.2992513629333557e-01,1.0000728970279262e+00,1.9535057953367093e-12,2.8837925596093555e+05,2.0530090998747846e+05,5.6675492382218981e+03,7.6269102086664695e+00,1.0000000000000000e+00,
1.6268223930231409e+00,7.6753702492260545e-01,1.0000013985441112e+00,2.1083084324002795e-12,1.6315423831020252e+05,3.5776339734992871e+04,7.9784196122208050e+03,2.8913610964850091e+02,1.0000000000000000e+00,
1.7301689680117160e+00,3.6640098178434199e-01,1.0000011488447249e+00,4.3366656369199038e-13,2.3128287536817734e+05,2.2991779460404214e+05,7.7585240644756750e+03,-7.9066598111171459e+01,1.0000000000000000e+00,
1.5941651294837902e+00,3.5982349770264083e-01,1.0000130428262071e+00,4.3981892038037583e-13,2.0889556305056176e+05,4.8183017296291655e+04,5.3654726827619934e+03,-5.9090356651491618e+01,1.0000000000000000e+00,
1.7708931639914312e+00,1.2195839083763920e+00,1.0003893856249391e+00,4.4513883626180882e-13,1.4315779244450750e+05,1.2770557212583008e+05,8.9090126713763802e+03,-6.5478093081033933e+01,1.0000000000000000e+00,
1.9351220198449417e+00,2.4262924162855207e-01,1.0000015037765240e+00,8.1340477200328557e-13,2.1576824239692432e+05,3.4682579890510021e+05,4.6660252818701156e+03,-2.0132534382597299e+02,1.0000000000000000e+00,
1.4608223207216480e+00,4.7828275078858784e-01,1.0000163366495831e+00,9.9838427899788293e-13,1.4934970777165727e+05,1.8551311103570188e+05,4.7084663610917260e+03,-1.4231886420007072e+01,1.0000000000000000e+00,
1.5494679406666074e+00,1.8121079908903204e-01,1.0000000000837366e+00,8.1576484575426339e-13,3.7023006807423371e+04,1.4341178956259973e+05,4.3466520827346949e+03,-9.0987256865507447e+01,1.0000000000000000e+00,
1.6741072349523183e+00,2.5094204416688665e-01,1.0000000044944746e+00,9.9976093785787306e-13,1.9870471086342950e+05,7.4003756815276574e+04,3.6449962058657788e+03,2.1560601473048621e+01,1.0000000000000000e+00,
1.5802877036543153e+00,2.6679310043995025e-01,1.0000266494247116e+00,1.1841190048718095e-12,6.9411058131090249e+04,1.9690873899255675e+05,5.3539395117741196e+03,-5.9356073126423325e+00,1.0000000000000000e+00,
1.8777996182568772e+00,5.5517130636526490e-01,1.0000004730187819e+00,1.2771335367989625e-12,4.8372318155475295e+04,-2.4207327638733841e+04,7.9777162706056733e+03,3.9161584789421653e+01,1.0000000000000000e+00,
1.1977173190662074e+00,1.9270466197524644e-01,1.0000010530593053e+00,1.8723126110647762e-12,2.8334074539222108e+05,2.1156863602154245e+05,4.0855366818289576e+03,1.1159284263790212e+00,1.0000000000000000e+00,
2.4538703253161813e+00,1.1942988619297890e+00,1.0000009117835489e+00,6.3210610218369451e-13,2.8959980615083256e+05,2.9496071456699574e+05,6.8038168546778588e+03,-8.4855364552715002e+01,1.0000000000000000e+00,
1.7675645626669862e+00,6.1960464181595820e-01,1.0001610829089529e+00,4.5221555226140731e-13,2.6585092698548397e+05,3.8150456877400284e+05,7.4190654200591707e+03,7.5305131396361787e+01,1.0000000000000000e+00,
1.3916308072228776e+00,2.7212062617711924e-01,1.0000000000022364e+00,2.1843827798120925e-12,2.3101657614917750e+05,1.1647386142329470e+05,2.8281176384895857e+03,6.8243033440838829e+01,1.0000000000000000e+00,

