1
1
4
2
(9 0
((216,72) (239,87) (0,0))
((224,136) (239,143) (0,0))
((200,200) (223,215) (0,0))
((200,216) (207,223) (0,0))
((248,208) (255,239) (0,0))
((8,232) (15,239) (0,0))
((184,240) (255,255) (0,0))
((0,248) (95,255) (0,0))
((96,248) (175,255) (0,0))
)
9
FabOnDisk: SD_0_Old_MF_D_00002 0
FabOnDisk: SD_0_Old_MF_D_00003 0
FabOnDisk: SD_0_Old_MF_D_00001 0
FabOnDisk: SD_0_Old_MF_D_00001 18008
FabOnDisk: SD_0_Old_MF_D_00001 22704
FabOnDisk: SD_0_Old_MF_D_00002 18006
FabOnDisk: SD_0_Old_MF_D_00001 36616
FabOnDisk: SD_0_Old_MF_D_00000 0
FabOnDisk: SD_0_Old_MF_D_00000 38486

9,4
-1.4124817197526965e-01,-3.8404850915409888e-01,9.9999659103436978e-01,0.0000000000000000e+00,
-9.6249040980759010e-02,-4.3546970538968283e-01,9.9988140726227404e-01,0.0000000000000000e+00,
-4.4795372108931569e-01,-1.5567945921567392e-01,9.9977102251128547e-01,0.0000000000000000e+00,
-1.7264214549936183e-02,-7.8403752899108753e-02,9.9972345232468129e-01,0.0000000000000000e+00,
-1.9447785438443654e-01,-5.9164612529095306e-01,9.9999847151517707e-01,0.0000000000000000e+00,
-6.6246329301901538e-02,-1.4569484559338449e-02,9.9984082046130840e-01,0.0000000000000000e+00,
-9.8160174250755974e-02,-6.2129918734448808e-01,9.9961469910438261e-01,0.0000000000000000e+00,
-9.5953692710997851e-02,-1.2378489860027436e-02,9.9143763104022942e-01,0.0000000000000000e+00,
3.9876054810867390e-01,-2.3737367840341330e-02,9.9990422761870701e-01,0.0000000000000000e+00,

9,4
1.0315636091140840e-01,1.8649178405552028e-02,1.0000000026052902e+00,0.0000000000000000e+00,
8.6664442951454562e-02,-2.2839979828976316e-03,1.0000779732516571e+00,0.0000000000000000e+00,
-8.0621656576004164e-03,1.4686554701293886e-01,1.0040422249945968e+00,0.0000000000000000e+00,
6.9600835745660755e-02,1.1047159133242654e-01,1.0018318894486271e+00,0.0000000000000000e+00,
1.1954866785005852e-01,1.3654285408386607e-01,1.0000002606120630e+00,0.0000000000000000e+00,
4.6880280592262590e-02,2.0550391104427748e-01,1.0000120642057946e+00,0.0000000000000000e+00,
1.0268944851012380e+00,4.1618844704668895e-02,1.0003867738322074e+00,0.0000000000000000e+00,
9.6828037082375773e-01,2.4363461255512645e-01,1.0034806849412561e+00,0.0000000000000000e+00,
9.9565939994759245e-01,9.5446739434136951e-02,1.0000775955247658e+00,0.0000000000000000e+00,

