1
1
4
2
(9 0
((216,72) (239,87) (0,0))
((224,136) (239,143) (0,0))
((200,200) (223,215) (0,0))
((200,216) (207,223) (0,0))
((248,208) (255,239) (0,0))
((8,232) (15,239) (0,0))
((184,240) (255,255) (0,0))
((0,248) (95,255) (0,0))
((96,248) (175,255) (0,0))
)
9
FabOnDisk: SD_0_New_MF_D_00002 0
FabOnDisk: SD_0_New_MF_D_00003 0
FabOnDisk: SD_0_New_MF_D_00001 0
FabOnDisk: SD_0_New_MF_D_00001 18008
FabOnDisk: SD_0_New_MF_D_00001 22704
FabOnDisk: SD_0_New_MF_D_00002 18006
FabOnDisk: SD_0_New_MF_D_00001 36616
FabOnDisk: SD_0_New_MF_D_00000 0
FabOnDisk: SD_0_New_MF_D_00000 38486

9,4
-1.6002912937091562e-01,-3.0080334560042915e-01,9.9999636555749138e-01,0.0000000000000000e+00,
-1.5055743895774254e-01,-4.2249016445145821e-01,9.9988251803274431e-01,0.0000000000000000e+00,
-4.3472554988844508e-01,-1.9157406381336228e-01,9.9976676298077860e-01,0.0000000000000000e+00,
-5.8255198556412813e-02,-1.1013028014212251e-01,9.9970612366846046e-01,0.0000000000000000e+00,
-1.6393566054451056e-01,-6.0858373291267431e-01,9.9999848477053510e-01,0.0000000000000000e+00,
-7.7363271848768955e-02,6.4332995562209547e-02,9.9985296933289936e-01,0.0000000000000000e+00,
-5.8655275546125415e-02,-5.9901356503104219e-01,9.9961834551790674e-01,0.0000000000000000e+00,
-1.1610738688150700e-01,1.8626833070057740e-04,9.9159701643198017e-01,0.0000000000000000e+00,
3.9615439510964151e-01,-1.9041240394742215e-01,9.9990994501030495e-01,0.0000000000000000e+00,

9,4
1.2661653822103230e-01,4.9799536267922384e-02,1.0000000101500188e+00,0.0000000000000000e+00,
9.4047794750429653e-02,9.3074388270209633e-03,1.0000761973355117e+00,0.0000000000000000e+00,
-1.7107479601293468e-02,1.2412090237654190e-01,1.0039250735691967e+00,0.0000000000000000e+00,
2.6221843312732994e-02,1.1870594731629956e-01,1.0018169442539906e+00,0.0000000000000000e+00,
1.0882581698514913e-01,-2.1366762394024439e-02,1.0000002566977180e+00,0.0000000000000000e+00,
2.6399383357220106e-02,2.8209059467971376e-01,1.0000120930549057e+00,0.0000000000000000e+00,
9.2326153975735892e-01,1.2777302660097764e-01,1.0003343580178394e+00,0.0000000000000000e+00,
9.5180728648662616e-01,2.4062298884739081e-01,1.0035539426746034e+00,0.0000000000000000e+00,
9.6219355854638766e-01,4.3723157100903763e-02,1.0000775483466848e+00,0.0000000000000000e+00,

