1
1
1
1
(64 0
((0,0) (16,16) (1,1))
((16,0) (32,16) (1,1))
((32,0) (48,16) (1,1))
((48,0) (64,16) (1,1))
((64,0) (80,16) (1,1))
((80,0) (96,16) (1,1))
((96,0) (112,16) (1,1))
((112,0) (128,16) (1,1))
((0,16) (16,32) (1,1))
((16,16) (32,32) (1,1))
((32,16) (48,32) (1,1))
((48,16) (64,32) (1,1))
((64,16) (80,32) (1,1))
((80,16) (96,32) (1,1))
((96,16) (112,32) (1,1))
((112,16) (128,32) (1,1))
((0,32) (16,48) (1,1))
((16,32) (32,48) (1,1))
((32,32) (48,48) (1,1))
((48,32) (64,48) (1,1))
((64,32) (80,48) (1,1))
((80,32) (96,48) (1,1))
((96,32) (112,48) (1,1))
((112,32) (128,48) (1,1))
((0,48) (16,64) (1,1))
((16,48) (32,64) (1,1))
((32,48) (48,64) (1,1))
((48,48) (64,64) (1,1))
((64,48) (80,64) (1,1))
((80,48) (96,64) (1,1))
((96,48) (112,64) (1,1))
((112,48) (128,64) (1,1))
((0,64) (16,80) (1,1))
((16,64) (32,80) (1,1))
((32,64) (48,80) (1,1))
((48,64) (64,80) (1,1))
((64,64) (80,80) (1,1))
((80,64) (96,80) (1,1))
((96,64) (112,80) (1,1))
((112,64) (128,80) (1,1))
((0,80) (16,96) (1,1))
((16,80) (32,96) (1,1))
((32,80) (48,96) (1,1))
((48,80) (64,96) (1,1))
((64,80) (80,96) (1,1))
((80,80) (96,96) (1,1))
((96,80) (112,96) (1,1))
((112,80) (128,96) (1,1))
((0,96) (16,112) (1,1))
((16,96) (32,112) (1,1))
((32,96) (48,112) (1,1))
((48,96) (64,112) (1,1))
((64,96) (80,112) (1,1))
((80,96) (96,112) (1,1))
((96,96) (112,112) (1,1))
((112,96) (128,112) (1,1))
((0,112) (16,128) (1,1))
((16,112) (32,128) (1,1))
((32,112) (48,128) (1,1))
((48,112) (64,128) (1,1))
((64,112) (80,128) (1,1))
((80,112) (96,128) (1,1))
((96,112) (112,128) (1,1))
((112,112) (128,128) (1,1))
)
64
FabOnDisk: SD_1_New_MF_D_00000 0
FabOnDisk: SD_1_New_MF_D_00000 2972
FabOnDisk: SD_1_New_MF_D_00000 5944
FabOnDisk: SD_1_New_MF_D_00000 8916
FabOnDisk: SD_1_New_MF_D_00000 11888
FabOnDisk: SD_1_New_MF_D_00000 14860
FabOnDisk: SD_1_New_MF_D_00000 17832
FabOnDisk: SD_1_New_MF_D_00000 20805
FabOnDisk: SD_1_New_MF_D_00000 23779
FabOnDisk: SD_1_New_MF_D_00000 26751
FabOnDisk: SD_1_New_MF_D_00000 29723
FabOnDisk: SD_1_New_MF_D_00000 32695
FabOnDisk: SD_1_New_MF_D_00000 35667
FabOnDisk: SD_1_New_MF_D_00000 38639
FabOnDisk: SD_1_New_MF_D_00000 41611
FabOnDisk: SD_1_New_MF_D_00000 44584
FabOnDisk: SD_1_New_MF_D_00000 47558
FabOnDisk: SD_1_New_MF_D_00000 50530
FabOnDisk: SD_1_New_MF_D_00000 53502
FabOnDisk: SD_1_New_MF_D_00000 56474
FabOnDisk: SD_1_New_MF_D_00000 59446
FabOnDisk: SD_1_New_MF_D_00000 62418
FabOnDisk: SD_1_New_MF_D_00000 65390
FabOnDisk: SD_1_New_MF_D_00000 68363
FabOnDisk: SD_1_New_MF_D_00000 71337
FabOnDisk: SD_1_New_MF_D_00000 74309
FabOnDisk: SD_1_New_MF_D_00000 77281
FabOnDisk: SD_1_New_MF_D_00000 80253
FabOnDisk: SD_1_New_MF_D_00000 83225
FabOnDisk: SD_1_New_MF_D_00000 86197
FabOnDisk: SD_1_New_MF_D_00000 89169
FabOnDisk: SD_1_New_MF_D_00000 92142
FabOnDisk: SD_1_New_MF_D_00000 95116
FabOnDisk: SD_1_New_MF_D_00000 98088
FabOnDisk: SD_1_New_MF_D_00000 101060
FabOnDisk: SD_1_New_MF_D_00000 104032
FabOnDisk: SD_1_New_MF_D_00000 107004
FabOnDisk: SD_1_New_MF_D_00000 109976
FabOnDisk: SD_1_New_MF_D_00000 112948
FabOnDisk: SD_1_New_MF_D_00000 115921
FabOnDisk: SD_1_New_MF_D_00000 118895
FabOnDisk: SD_1_New_MF_D_00000 121867
FabOnDisk: SD_1_New_MF_D_00000 124839
FabOnDisk: SD_1_New_MF_D_00000 127811
FabOnDisk: SD_1_New_MF_D_00000 130783
FabOnDisk: SD_1_New_MF_D_00000 133755
FabOnDisk: SD_1_New_MF_D_00000 136727
FabOnDisk: SD_1_New_MF_D_00000 139700
FabOnDisk: SD_1_New_MF_D_00000 142674
FabOnDisk: SD_1_New_MF_D_00000 145647
FabOnDisk: SD_1_New_MF_D_00000 148620
FabOnDisk: SD_1_New_MF_D_00000 151593
FabOnDisk: SD_1_New_MF_D_00000 154566
FabOnDisk: SD_1_New_MF_D_00000 157539
FabOnDisk: SD_1_New_MF_D_00000 160512
FabOnDisk: SD_1_New_MF_D_00000 163486
FabOnDisk: SD_1_New_MF_D_00000 166461
FabOnDisk: SD_1_New_MF_D_00000 169435
FabOnDisk: SD_1_New_MF_D_00000 172409
FabOnDisk: SD_1_New_MF_D_00000 175383
FabOnDisk: SD_1_New_MF_D_00000 178357
FabOnDisk: SD_1_New_MF_D_00000 181331
FabOnDisk: SD_1_New_MF_D_00000 184305
FabOnDisk: SD_1_New_MF_D_00000 187280

64,1
1.8620353016402493e-02,
1.1586315333701603e-02,
5.3741201787969673e-03,
2.4039831289671097e-03,
1.0792026392799122e-03,
4.7393127542209038e-04,
1.7884820281913695e-04,
0.0000000000000000e+00,
2.0485500677698075e-02,
6.4298460479337285e-03,
7.1845036124892426e-04,
8.8027157441045487e-05,
1.4894577982912030e-05,
2.9166549523684344e-06,
5.9209959316249133e-07,
0.0000000000000000e+00,
2.6976738980609417e-02,
-2.4927916598567842e-02,
-2.3021465828007296e-02,
-6.3378613483079937e-03,
-2.4562443803144204e-03,
-1.0834087977231483e-03,
-4.7448379517978534e-04,
-1.7891943340136594e-04,
4.6436181111769434e-02,
-1.7354757035032473e+00,
-4.9391761203187584e-02,
-7.2333352557188233e-03,
-3.3635546112673266e-03,
-1.5326200023255887e-03,
-6.7279513196075104e-04,
-2.5352870482274237e-04,
4.6436181111770371e-02,
-1.7354757035032453e+00,
-4.9391761203186751e-02,
-7.2333352557184295e-03,
-3.3635546112673266e-03,
-1.5326200023255887e-03,
-6.7279513196075104e-04,
-2.5352870482274237e-04,
2.6976738980610634e-02,
-2.4927916598567128e-02,
-2.3021465828007886e-02,
-6.3378613483079773e-03,
-2.4562443803146676e-03,
-1.0834087977229477e-03,
-4.7448379517986400e-04,
-1.7891943340141462e-04,
2.0485500677698460e-02,
6.4298460479335065e-03,
7.1845036124944858e-04,
8.8027157441134636e-05,
1.4894577983099044e-05,
2.9166549519027776e-06,
5.9209959215453927e-07,
0.0000000000000000e+00,
1.8620353016402247e-02,
1.1586315333701226e-02,
5.3741201787983984e-03,
2.4039831289671488e-03,
1.0792026392796705e-03,
4.7393127542218866e-04,
1.7884820281769220e-04,
0.0000000000000000e+00,

64,1
2.5237969553225163e-02,
2.0485500677698075e-02,
1.2280805847914324e-02,
6.6535886832742195e-03,
3.2393406373665235e-03,
1.5011919408724637e-03,
6.6614933802134442e-04,
2.5221492955170580e-04,
4.0786630581928399e-02,
2.6976738980609417e-02,
1.1586315333701603e-02,
5.3741201787969673e-03,
2.4039831289671097e-03,
1.0792026392799122e-03,
4.7393127542209038e-04,
1.7884820281913695e-04,
8.8235773058368133e-02,
4.6436181111769434e-02,
6.4298460479337285e-03,
7.1845036124892426e-04,
8.8027157441045487e-05,
1.4894577982912030e-05,
2.9166549523684344e-06,
5.9209959316249133e-07,
3.5636667212911965e-01,
8.0295725612500179e-01,
4.1880240407949569e-02,
-2.4562443803144204e-03,
-1.0834087977231483e-03,
-4.7448379517978534e-04,
-1.7891943340136594e-04,
0.0000000000000000e+00,
3.5636667212911965e-01,
8.0295725612500179e-01,
4.1880240407949569e-02,
-2.4562443803146676e-03,
-1.0834087977229477e-03,
-4.7448379517986400e-04,
-1.7891943340141462e-04,
0.0000000000000000e+00,
8.8235773058370909e-02,
4.6436181111770371e-02,
6.4298460479335065e-03,
7.1845036124944858e-04,
8.8027157441134636e-05,
1.4894577983099044e-05,
2.9166549519027776e-06,
5.9209959215453927e-07,
4.0786630581928787e-02,
2.6976738980610634e-02,
1.1586315333701226e-02,
5.3741201787983984e-03,
2.4039831289671488e-03,
1.0792026392796705e-03,
4.7393127542218866e-04,
1.7884820281769220e-04,
2.5237969553226578e-02,
2.0485500677698460e-02,
1.2280805847914871e-02,
6.6535886832764400e-03,
3.2393406373671177e-03,
1.5011919408726958e-03,
6.6614933802133921e-04,
2.5221492955083936e-04,

