1
1
9
0
(9 0
((80,232) (95,247) (0,0))
((96,232) (111,247) (0,0))
((112,232) (127,247) (0,0))
((80,248) (95,263) (0,0))
((96,248) (111,263) (0,0))
((112,248) (127,263) (0,0))
((80,264) (95,279) (0,0))
((96,264) (111,279) (0,0))
((112,264) (127,279) (0,0))
)
9
FabOnDisk: Cell_D_00000 0
FabOnDisk: Cell_D_00000 18518
FabOnDisk: Cell_D_00000 37037
FabOnDisk: Cell_D_00000 55557
FabOnDisk: Cell_D_00000 74075
FabOnDisk: Cell_D_00000 92594
FabOnDisk: Cell_D_00000 111114
FabOnDisk: Cell_D_00000 129632
FabOnDisk: Cell_D_00000 148151

9,9
-2.4575805139603107e-01,-7.4737632270856180e-01,0.0000000000000000e+00,-7.7911705644435406e-13,-1.1920308072477162e+03,-7.7917566065263054e+02,0.0000000000000000e+00,-3.5743524798088493e+00,0.0000000000000000e+00,
-8.7280347999198260e-02,-6.8256135775626314e-01,0.0000000000000000e+00,0.0000000000000000e+00,-4.7767795275825017e+02,-3.6411616314903165e+02,0.0000000000000000e+00,-1.9957208184923108e+00,0.0000000000000000e+00,
5.9930933960065859e-02,-6.2660962857526914e-01,9.9999999999978884e-01,3.0950928851815357e-14,-5.6976289917205031e+02,-5.2974656633458744e+02,6.0666260624131496e-02,-1.1249778729527293e+00,1.0000000000000000e+00,
0.0000000000000000e+00,-6.5893129130568373e-01,0.0000000000000000e+00,0.0000000000000000e+00,-6.1250867307200622e+02,-5.4497797958296871e+02,0.0000000000000000e+00,-1.7492476181925197e-02,0.0000000000000000e+00,
-3.3473873824705314e-01,-6.9997818313430915e-01,0.0000000000000000e+00,0.0000000000000000e+00,-4.5235431261399094e+02,-4.6757535850232506e+02,0.0000000000000000e+00,-7.2765277905029691e-01,0.0000000000000000e+00,
-8.9305477387375498e-01,-7.3623732120893515e-01,9.9999999999976563e-01,9.7998287685047629e-14,-5.5234214942127937e+02,-5.6856909948592363e+02,7.0576899644534350e+01,-1.1160206779433886e+00,1.0000000000000000e+00,
-2.4575805139579657e-01,-2.2109791105814341e-01,0.0000000000000000e+00,-8.2232504172342826e-13,-1.1920308071731090e+03,-4.5180278840214618e+02,0.0000000000000000e+00,-3.5743524792986308e+00,0.0000000000000000e+00,
-8.7280347999207836e-02,-9.4090995705247926e-02,0.0000000000000000e+00,0.0000000000000000e+00,-4.7767795275832157e+02,-1.5638471073987102e+02,0.0000000000000000e+00,-1.9957208180825980e+00,0.0000000000000000e+00,
5.9930933960121176e-02,-8.1720612802399728e-01,9.9999999999982903e-01,2.6164054183712611e-14,-5.6976289917198494e+02,-1.8703144175989124e+02,6.0666260673158945e-02,-1.1249778729526929e+00,1.0000000000000000e+00,

9,9
1.4761320363805752e+00,2.2109791105964202e-01,1.0000000000000742e+00,1.5113702018260030e-12,8.7096959044700000e+01,4.5180278841210270e+02,1.1488506563244155e+04,4.9833477980671298e-01,1.0000000000000000e+00,
1.4942976578430589e+00,9.4090995705214078e-02,1.0000000000002329e+00,6.5732842232999476e-13,2.2492796748785315e+02,1.5638471068928948e+02,3.5447382182484480e+03,5.9114235736364051e-01,1.0000000000000000e+00,
1.5066681471405696e+00,8.1720612802401926e-01,1.0000000000002391e+00,1.1907164684580688e-13,9.1589155402639847e+02,1.8703144175987080e+02,2.3143035772677931e+03,-1.7589429693424277e-01,1.0000000000000000e+00,
5.6123275334862777e-01,6.5893129130565742e-01,1.0000000000000471e+00,9.1636750486851733e-13,1.2386951437281652e+02,5.4497797958280523e+02,2.2326779664296982e+03,6.1867900336537140e-01,1.0000000000000000e+00,
0.0000000000000000e+00,6.9997818313440652e-01,1.0000000000002294e+00,1.1066929458960393e-13,8.9539228959454391e+01,4.6757535850235837e+02,2.9486674247836108e+03,1.0165187227706107e+00,1.0000000000000000e+00,
3.6996089728103321e-01,7.3623732120891694e-01,1.0000000000000722e+00,1.1924984870321484e-13,9.1429349518708102e+02,5.6856909948597195e+02,2.3627744015409635e+03,2.0516720747676999e-02,1.0000000000000000e+00,
1.4761320363805992e+00,7.4737632270852894e-01,1.0000000000001796e+00,1.5736522475943019e-12,8.7096959044782807e+01,7.7917566065470123e+02,1.1488506563216422e+04,4.9833477973166823e-01,1.0000000000000000e+00,
1.4942976578430149e+00,6.8256135775634819e-01,1.0000000000003442e+00,6.8570184207575953e-13,2.2492796742480527e+02,3.6411616314910020e+02,3.5447382182486294e+03,5.9114235769022727e-01,1.0000000000000000e+00,
1.5066681471405496e+00,6.2660962857525060e-01,1.0000000000001963e+00,1.1913692529706763e-13,9.1589155402662823e+02,5.2974656633465213e+02,2.3143035772677317e+03,-1.7589429693424158e-01,1.0000000000000000e+00,

