1
1
2
1
(4 0
((240,224) (255,239) (0,0))
((224,240) (255,255) (0,0))
((0,248) (127,255) (0,0))
((128,248) (223,255) (0,0))
)
4
FabOnDisk: SD_2_Old_MF_D_00000 0
FabOnDisk: SD_2_Old_MF_D_00000 5272
FabOnDisk: SD_2_Old_MF_D_00000 15152
FabOnDisk: SD_2_Old_MF_D_00000 36039

4,2
-6.8809232341072324e-01,-1.4960425677610947e+00,
-6.8912381444390114e-01,-1.2500127474276068e-01,
-9.2018030238531612e-01,-4.0404729468422993e+01,
-5.7682768826075126e-01,-4.8295313580002830e-02,

4,2
2.4242085586800464e+00,2.2656034285422777e+00,
9.3888354685573205e+01,8.0291189871093124e+01,
5.4565657158651106e+01,2.0705914310107229e+01,
4.2339376532372075e-02,7.6256082078067422e-01,

