1
1
2
4
(56 0
((0,80) (15,95) (0,0))
((16,80) (31,95) (0,0))
((32,80) (47,95) (0,0))
((48,80) (63,95) (0,0))
((64,80) (79,95) (0,0))
((80,80) (95,95) (0,0))
((96,80) (111,95) (0,0))
((112,80) (119,95) (0,0))
((0,96) (15,111) (0,0))
((16,96) (31,111) (0,0))
((32,96) (47,111) (0,0))
((48,96) (63,111) (0,0))
((64,96) (79,111) (0,0))
((80,96) (95,111) (0,0))
((96,96) (111,111) (0,0))
((112,96) (119,111) (0,0))
((0,112) (15,127) (0,0))
((16,112) (31,127) (0,0))
((32,112) (47,127) (0,0))
((48,112) (63,127) (0,0))
((64,112) (79,127) (0,0))
((80,112) (95,127) (0,0))
((96,112) (111,127) (0,0))
((112,112) (119,127) (0,0))
((0,128) (15,143) (0,0))
((16,128) (31,143) (0,0))
((32,128) (47,143) (0,0))
((48,128) (63,143) (0,0))
((64,128) (79,143) (0,0))
((80,128) (95,143) (0,0))
((96,128) (111,143) (0,0))
((112,128) (119,143) (0,0))
((0,144) (15,159) (0,0))
((16,144) (31,159) (0,0))
((32,144) (47,159) (0,0))
((48,144) (63,159) (0,0))
((64,144) (79,159) (0,0))
((80,144) (95,159) (0,0))
((96,144) (111,159) (0,0))
((112,144) (119,159) (0,0))
((0,160) (15,175) (0,0))
((16,160) (31,175) (0,0))
((32,160) (47,175) (0,0))
((48,160) (63,175) (0,0))
((64,160) (79,175) (0,0))
((80,160) (95,175) (0,0))
((96,160) (111,175) (0,0))
((112,160) (119,175) (0,0))
((0,176) (15,183) (0,0))
((16,176) (31,183) (0,0))
((32,176) (47,183) (0,0))
((48,176) (63,183) (0,0))
((64,176) (79,183) (0,0))
((80,176) (95,183) (0,0))
((96,176) (111,183) (0,0))
((112,176) (119,183) (0,0))
)
56
FabOnDisk: SD_2_Old_MF_D_00000 0
FabOnDisk: SD_2_Old_MF_D_00000 9300
FabOnDisk: SD_2_Old_MF_D_00000 18600
FabOnDisk: SD_2_Old_MF_D_00000 27900
FabOnDisk: SD_2_Old_MF_D_00000 37200
FabOnDisk: SD_2_Old_MF_D_00000 46500
FabOnDisk: SD_2_Old_MF_D_00000 55800
FabOnDisk: SD_2_Old_MF_D_00000 65101
FabOnDisk: SD_2_Old_MF_D_00000 71331
FabOnDisk: SD_2_Old_MF_D_00000 80632
FabOnDisk: SD_2_Old_MF_D_00000 89933
FabOnDisk: SD_2_Old_MF_D_00000 99234
FabOnDisk: SD_2_Old_MF_D_00000 108535
FabOnDisk: SD_2_Old_MF_D_00000 117836
FabOnDisk: SD_2_Old_MF_D_00000 127137
FabOnDisk: SD_2_Old_MF_D_00000 136439
FabOnDisk: SD_2_Old_MF_D_00000 142670
FabOnDisk: SD_2_Old_MF_D_00000 151972
FabOnDisk: SD_2_Old_MF_D_00000 161274
FabOnDisk: SD_2_Old_MF_D_00000 170576
FabOnDisk: SD_2_Old_MF_D_00000 179878
FabOnDisk: SD_2_Old_MF_D_00000 189180
FabOnDisk: SD_2_Old_MF_D_00000 198482
FabOnDisk: SD_2_Old_MF_D_00000 207785
FabOnDisk: SD_2_Old_MF_D_00000 214017
FabOnDisk: SD_2_Old_MF_D_00000 223319
FabOnDisk: SD_2_Old_MF_D_00000 232621
FabOnDisk: SD_2_Old_MF_D_00000 241923
FabOnDisk: SD_2_Old_MF_D_00000 251225
FabOnDisk: SD_2_Old_MF_D_00000 260527
FabOnDisk: SD_2_Old_MF_D_00000 269829
FabOnDisk: SD_2_Old_MF_D_00000 279132
FabOnDisk: SD_2_Old_MF_D_00000 285364
FabOnDisk: SD_2_Old_MF_D_00000 294666
FabOnDisk: SD_2_Old_MF_D_00000 303968
FabOnDisk: SD_2_Old_MF_D_00000 313270
FabOnDisk: SD_2_Old_MF_D_00000 322572
FabOnDisk: SD_2_Old_MF_D_00000 331874
FabOnDisk: SD_2_Old_MF_D_00000 341176
FabOnDisk: SD_2_Old_MF_D_00000 350479
FabOnDisk: SD_2_Old_MF_D_00000 356711
FabOnDisk: SD_2_Old_MF_D_00000 366013
FabOnDisk: SD_2_Old_MF_D_00000 375315
FabOnDisk: SD_2_Old_MF_D_00000 384617
FabOnDisk: SD_2_Old_MF_D_00000 393919
FabOnDisk: SD_2_Old_MF_D_00000 403221
FabOnDisk: SD_2_Old_MF_D_00000 412523
FabOnDisk: SD_2_Old_MF_D_00000 421826
FabOnDisk: SD_2_Old_MF_D_00000 428058
FabOnDisk: SD_2_Old_MF_D_00000 434288
FabOnDisk: SD_2_Old_MF_D_00000 440518
FabOnDisk: SD_2_Old_MF_D_00000 446748
FabOnDisk: SD_2_Old_MF_D_00000 452978
FabOnDisk: SD_2_Old_MF_D_00000 459208
FabOnDisk: SD_2_Old_MF_D_00000 465438
FabOnDisk: SD_2_Old_MF_D_00000 471669

56,2
-2.4237376659189921e+05,-3.4525626239221240e+05,
-3.6279382148229179e+05,-2.8266042906800320e+05,
-1.4672818524911345e+05,-1.6071743857517422e+05,
-3.0312871894379897e+05,-1.7071852927411487e+05,
-2.1074645741748612e+05,-1.5865912674735876e+05,
-2.7570948898912617e+05,-2.5598922637515180e+05,
-4.1218622343041212e+05,-3.8201883808563941e+05,
5.1182964475012457e+04,-2.9994610044552828e+05,
-5.2180433740277408e+05,-2.0598459812496696e+05,
-4.6042155341228226e+05,-2.5278426271693286e+05,
-2.7439181495903095e+05,-2.0194889353969932e+05,
-3.4250127237186756e+05,-5.0888778911763709e+05,
-2.0531483091294178e+05,-2.0630082033451574e+05,
-2.8397667863453209e+05,-1.8095865048005077e+05,
-3.7212223820062377e+05,-2.8199826520837378e+05,
2.9566195337478735e+05,-1.7661180514151949e+05,
-4.5840382301451266e+05,-1.0324382973466329e+05,
-4.2940845209346054e+05,-1.0328059038616007e+05,
-2.6568967725029809e+05,-2.3309033151879950e+04,
-2.6102902849567821e+05,-1.7760800256157201e+05,
-2.5087191124355159e+05,-2.6419140580557880e+05,
-1.6759702245664023e+05,-1.5515499712559638e+04,
-3.7569811416360328e+05,-1.5527179568067985e+05,
-1.8186799006944755e+04,-1.9321325733102116e+05,
-4.3719609775166935e+05,-1.4287843430750983e+05,
-5.2081147102011117e+05,-3.6172087961117027e+05,
-3.6564475538290647e+05,-2.0185438676840373e+05,
-2.3580306524638159e+05,-1.9751911085982292e+05,
-2.7553260780008684e+05,-3.9035183479019761e+05,
-2.8744417788165336e+05,-1.4276624030388455e+05,
-2.2713930540400426e+05,-1.5057351903136019e+05,
1.5811638319252853e+05,-4.0270346378240080e+04,
-5.1882413680462749e+05,-4.8495017219824664e+05,
-4.3787465975307231e+05,-4.0464935313205118e+05,
-4.5397568473930983e+05,-3.4313331020436727e+05,
-3.7320474746912101e+05,-2.4141274231273597e+05,
-3.3452234192323877e+05,-2.4477801209469885e+05,
-1.8647388385136050e+05,-2.9338400712427404e+05,
-2.9459297459567658e+05,-1.2793190230095039e+05,
2.9635185931831598e+05,-6.2592348409388569e+03,
-5.6866886422199709e+05,-5.8717309164625220e+05,
-4.9038666503932193e+05,-4.4569714746405912e+05,
-3.3443323582073074e+05,-1.6129010864603132e+05,
-9.4198774446969503e+04,-1.4117857905321734e+05,
-2.3946953239885648e+05,-1.7721608151445072e+05,
-2.2311769351560855e+05,-1.6048969505971920e+05,
-1.9564576167957039e+05,-2.7050633850985185e+04,
2.5028959087164674e+05,-4.3049064592446717e+04,
-1.6874671723740923e+05,-2.8783944863283867e+05,
-3.0094772121210105e+05,-8.2436008514036075e+04,
-2.3797384343247995e+04,1.0273135690968661e+05,
-1.9732276349939504e+04,5.5305972999436315e+04,
-4.8196136480382076e+04,2.3615652936834278e+04,
-5.0265415763586781e+04,3.8323830660783620e+04,
-2.0641489151982850e+05,2.7020357236970332e+04,
3.6651913544069961e+04,-1.1176266106688745e+05,

56,2
1.0017310170319949e+05,3.4161740796758083e+05,
3.1002785420480388e+05,3.2073813754019880e+05,
2.9340934337119397e+04,1.4938629363257348e+05,
3.9455822638965043e+05,1.4449427019206903e+05,
1.7267993966242316e+05,1.6697670587116809e+05,
3.0311563753759977e+05,1.1193593602747643e+05,
3.2528838396306458e+05,1.1915931597276991e+05,
3.0874902061041736e+05,1.0248280562030189e+05,
2.5506900556534439e+05,5.7045017143736628e+05,
3.3615356869697844e+05,6.1464223973079363e+05,
2.7156075319824938e+05,4.4692556515491486e+05,
4.1816972290963278e+05,3.0410809686576016e+05,
4.6203790526816767e+05,3.9204947611299047e+05,
2.8032498679200112e+05,1.7830020943048369e+05,
2.7677122524557984e+05,1.8972081482978270e+05,
5.1321848512796889e+05,-2.8879663176721861e+03,
2.4523665828240258e+05,3.9355085562136816e+05,
2.8530569147629349e+05,3.5252533784808748e+05,
0.0000000000000000e+00,1.6407676081253696e+05,
3.3872457048837165e+05,3.1902239660473447e+05,
3.5885424506659171e+05,2.8531806396415108e+05,
-1.1711754526142171e+05,1.1561649156673788e+04,
1.0074099859609621e+05,2.6691291904782143e+05,
6.4703721583431924e+05,1.6802483350859111e+05,
1.9688474150364724e+05,4.3220795842806395e+05,
2.1087451284859405e+05,2.3068663827776138e+05,
0.0000000000000000e+00,1.2923165582919572e+05,
2.3084884989061332e+05,3.3282720185968606e+05,
4.0074722467723477e+05,2.8393846611039125e+05,
-1.0414574550940635e+05,1.6759044463745330e+05,
8.8078075178368570e+04,3.0712239178355987e+04,
4.7461065250025433e+05,2.1145034687186682e+05,
1.3002326722787946e+05,5.1397616275136541e+04,
3.0466748807800072e+05,1.9194462144869636e+05,
2.6808772696316347e+05,7.8876273234997047e+04,
3.6615099910635815e+05,2.2606756861091804e+05,
3.7729637843034021e+05,2.0896252877454707e+05,
1.2031608700641411e+05,1.1236849425485524e+05,
1.1556783110365664e+05,2.8833730501220044e+05,
4.7848146671639744e+05,8.3633165823519288e+04,
1.3816031225985097e+05,3.9779113135583037e+04,
3.0773332001073740e+05,-1.3359839935558159e+04,
2.9592001592988445e+05,1.5539138307324381e+05,
8.8639750584807873e+04,1.0226282626632962e+05,
3.4260296317586338e+05,1.2396622404340077e+05,
3.3128297341001796e+05,1.8039671008764190e+05,
-1.2821828699783866e+04,2.2472482315832863e+05,
4.2000115202159347e+05,1.4522691130208125e+05,
4.4165997106363102e+04,3.9445357498531538e+05,
2.3879261140068393e+05,4.2853700562882039e+05,
1.4334907596435030e+03,1.3336360937594582e+05,
1.3917113105604378e+04,1.2264893792469762e+05,
1.1599513322259414e+04,6.0531051088083237e+04,
-8.6598953569673322e+03,7.3044416412285194e+04,
-2.5215468397053228e+04,3.3001904918906151e+05,
2.5854970371663262e+05,3.2565186068569071e+05,

