1
1
4
4
(4 0
((32,112) (47,127) (0,0))
((48,112) (63,127) (0,0))
((32,128) (47,143) (0,0))
((48,128) (63,143) (0,0))
)
4
FabOnDisk: SD_0_Old_MF_D_00000 0
FabOnDisk: SD_0_Old_MF_D_00000 18518
FabOnDisk: SD_0_Old_MF_D_00000 37036
FabOnDisk: SD_0_Old_MF_D_00000 55554

4,4
-2.7955495642207120e+44,-2.7955495642207120e+44,9.9999999999999956e-01,0.0000000000000000e+00,
-2.7955495642207120e+44,-2.7955495642207120e+44,9.9999999999999933e-01,0.0000000000000000e+00,
-2.7955495642207120e+44,-2.7955495642207120e+44,9.9999999999999956e-01,0.0000000000000000e+00,
-2.7955495642207120e+44,-2.7955495642207120e+44,9.9999999999999956e-01,0.0000000000000000e+00,

4,4
1.5298230473450676e+02,1.7501594511040339e+03,1.0000000000000000e+40,2.8488013207576503e-11,
1.3148596711421754e+02,1.2434991532457177e+02,1.0000000000000000e+40,2.4165263029152796e-11,
1.5298230473450130e+02,1.3343071498893730e+02,1.0000000000000000e+40,2.8591612856989534e-11,
1.3148596711421635e+02,1.7626869955231086e+03,1.0000000000000000e+40,2.5499849595026007e-11,

