1
1
8
0
(4 0
((248,200) (255,231) (0,0))
((232,232) (255,255) (0,0))
((0,248) (63,255) (0,0))
((64,248) (127,255) (0,0))
)
4
FabOnDisk: Cell_D_00000 0
FabOnDisk: Cell_D_00003 0
FabOnDisk: Cell_D_00001 0
FabOnDisk: Cell_D_00002 0

4,8
-6.6481759232909374e-02,-6.7867113534873746e-01,9.9999999996390609e-01,0.0000000000000000e+00,-5.2361637757109558e-01,-2.1523227006767942e-01,2.7186609132950856e-01,-1.6593680967050328e-02,
-4.2088958615515794e-02,-6.7722468355847298e-01,9.9999999999804945e-01,0.0000000000000000e+00,-2.3584450699361525e-01,-7.0709853253095645e-01,2.3879213882547123e-01,-4.0454383679766710e-03,
-8.2201052809880659e-02,2.8245319561186097e-04,9.9999999999918177e-01,0.0000000000000000e+00,-7.5586702699995012e-01,-4.0400831542828001e+01,4.2731559861639568e-02,-3.0110237231297271e-01,
2.8065471729869368e-01,-5.4899609107396056e-03,9.9999999999910250e-01,0.0000000000000000e+00,-2.1223883790278153e-01,4.0349065385143490e-03,1.4770335027614484e+01,-8.1529469954944450e-03,

4,8
2.9132236882659008e-03,-3.6747722937441184e-02,1.0000000000244573e+00,0.0000000000000000e+00,9.0995467455736279e-01,1.8543567568609403e+00,4.3169182966819541e+01,5.5568184023203161e-02,
9.3580385061730409e-01,5.8634505901238318e-03,1.0000000000165312e+00,0.0000000000000000e+00,9.3894762720424012e+01,8.0273889684748013e+01,1.3706386295707350e+02,1.1953843304810119e+00,
9.3853485657596902e-01,2.4074034721091872e-01,1.0000000000029152e+00,0.0000000000000000e+00,5.4565680980850445e+01,2.0713047561867853e+01,1.4651284758017451e+02,1.5317038848509983e-04,
9.5789215896081392e-01,2.1622754186271773e-02,1.0000000000005069e+00,0.0000000000000000e+00,1.0119990406094852e+00,7.7264971194900700e-01,2.9915828768438299e+01,-2.6336638545540057e-04,

