1
1
4
2
(17 0
((240,72) (247,79) (0,0))
((200,96) (207,119) (0,0))
((224,136) (255,143) (0,0))
((240,144) (255,159) (0,0))
((240,200) (255,215) (0,0))
((168,208) (199,231) (0,0))
((232,208) (239,215) (0,0))
((224,216) (247,231) (0,0))
((248,224) (255,231) (0,0))
((8,224) (15,239) (0,0))
((184,232) (199,239) (0,0))
((224,232) (255,255) (0,0))
((16,240) (63,255) (0,0))
((200,240) (215,247) (0,0))
((0,248) (15,255) (0,0))
((64,248) (159,255) (0,0))
((160,248) (223,255) (0,0))
)
17
FabOnDisk: SD_0_Old_MF_D_00000 0
FabOnDisk: SD_0_Old_MF_D_00000 4694
FabOnDisk: SD_0_Old_MF_D_00000 15533
FabOnDisk: SD_0_Old_MF_D_00000 29445
FabOnDisk: SD_0_Old_MF_D_00000 42333
FabOnDisk: SD_0_Old_MF_D_00000 55221
FabOnDisk: SD_0_Old_MF_D_00000 87565
FabOnDisk: SD_0_Old_MF_D_00000 92261
FabOnDisk: SD_0_Old_MF_D_00000 110269
FabOnDisk: SD_0_Old_MF_D_00000 114965
FabOnDisk: SD_0_Old_MF_D_00000 122730
FabOnDisk: SD_0_Old_MF_D_00000 130498
FabOnDisk: SD_0_Old_MF_D_00000 162842
FabOnDisk: SD_0_Old_MF_D_00000 196208
FabOnDisk: SD_0_Old_MF_D_00000 203976
FabOnDisk: SD_0_Old_MF_D_00000 211742
FabOnDisk: SD_0_Old_MF_D_00000 250229

17,4
-3.2861989891047383e-02,-2.4156869008040677e-01,9.9999999390286820e-01,0.0000000000000000e+00,
-3.3311161101093739e-01,-1.0681303707955302e-01,9.9997486768927413e-01,0.0000000000000000e+00,
-2.1038689596966517e-01,-4.4522646665021842e-01,9.9964014883128560e-01,0.0000000000000000e+00,
-4.3077416612888171e-02,-3.6145191355302247e-01,9.9950377135471047e-01,0.0000000000000000e+00,
-2.1318180541468756e-01,-3.8358123343147477e-01,9.9998217477821039e-01,0.0000000000000000e+00,
-4.1203574410747967e-01,-1.9278893820685267e-01,9.9976683210647843e-01,0.0000000000000000e+00,
-2.0079605615657667e-01,-5.0303041493317402e-01,9.9992367492428247e-01,0.0000000000000000e+00,
-1.8949945424016065e-01,-4.5720517543699324e-01,9.9966966524137757e-01,0.0000000000000000e+00,
-8.3974545161261988e-02,-5.0594926517632444e-01,9.9999982428612999e-01,0.0000000000000000e+00,
-1.3052893654360312e-01,-5.7589515659550894e-02,9.9799886704028951e-01,0.0000000000000000e+00,
-7.3790407162605279e-02,-1.1349440428176785e-01,9.9983060435321724e-01,0.0000000000000000e+00,
-1.0152779756923708e-01,-6.1551048456410951e-01,9.9984253331342521e-01,0.0000000000000000e+00,
-1.2740414873230455e-01,-1.1860067388710196e-03,9.9616318973590390e-01,0.0000000000000000e+00,
1.7092537759905863e-01,-7.0923964315024068e-02,9.9978932710793900e-01,0.0000000000000000e+00,
-1.0719515970832234e-01,2.1030131097249448e-03,9.9721112000078815e-01,0.0000000000000000e+00,
2.8778690226217901e-01,-1.3814105903307478e-02,9.9798895205271609e-01,0.0000000000000000e+00,
3.5382135829555011e-01,-2.0425553360399998e-01,9.9985676552697167e-01,0.0000000000000000e+00,

17,4
7.5009684438328644e-02,9.9266668620013113e-03,1.0000000000357425e+00,0.0000000000000000e+00,
3.9723817336629531e-02,1.3419731924551109e-01,1.0000270975186278e+00,0.0000000000000000e+00,
2.1183704788436872e-01,6.0177994035491712e-02,1.0007010683453497e+00,0.0000000000000000e+00,
1.5826027491785433e-01,8.9582645589424123e-02,1.0001378942392816e+00,0.0000000000000000e+00,
-1.3145237664497853e-03,1.4783727263017021e-01,1.0002906227493129e+00,0.0000000000000000e+00,
1.6681847258337315e-01,2.4468505470306759e-01,1.0004241499544835e+00,0.0000000000000000e+00,
-6.2640860994334574e-03,-2.0091177674721430e-01,1.0000005724278094e+00,0.0000000000000000e+00,
1.5873884863707674e-01,-7.5912714179732249e-02,1.0008202512674578e+00,0.0000000000000000e+00,
3.6253705027715615e-03,-7.6617548706905403e-02,1.0000000141565706e+00,0.0000000000000000e+00,
-8.2858988240523453e-03,1.7055280158232602e-01,1.0000174199901832e+00,0.0000000000000000e+00,
2.5435486490713277e-01,9.8594572230026420e-02,1.0000209306952761e+00,0.0000000000000000e+00,
9.5610393428760188e-01,2.1166896014806803e-02,1.0002766048422076e+00,0.0000000000000000e+00,
9.5713231121064923e-01,2.2522646725817971e-01,1.0035460469111406e+00,0.0000000000000000e+00,
4.9501154774103301e-01,3.7390516878021487e-02,1.0010350036118831e+00,0.0000000000000000e+00,
8.6459889850671234e-01,2.5284981568356335e-01,1.0042495402295497e+00,0.0000000000000000e+00,
9.5998981315506637e-01,3.7292426908721504e-02,1.0024995653357704e+00,0.0000000000000000e+00,
9.8108750616402129e-01,1.6563276458561452e-01,1.0000429314463770e+00,0.0000000000000000e+00,

