1
1
2
1
(17 0
((240,72) (247,79) (0,0))
((200,96) (207,119) (0,0))
((224,136) (255,143) (0,0))
((240,144) (255,159) (0,0))
((240,200) (255,215) (0,0))
((168,208) (199,231) (0,0))
((232,208) (239,215) (0,0))
((224,216) (247,231) (0,0))
((248,224) (255,231) (0,0))
((8,224) (15,239) (0,0))
((184,232) (199,239) (0,0))
((224,232) (255,255) (0,0))
((16,240) (63,255) (0,0))
((200,240) (215,247) (0,0))
((0,248) (15,255) (0,0))
((64,248) (159,255) (0,0))
((160,248) (223,255) (0,0))
)
17
FabOnDisk: SD_2_New_MF_D_00000 0
FabOnDisk: SD_2_New_MF_D_00000 1686
FabOnDisk: SD_2_New_MF_D_00000 5933
FabOnDisk: SD_2_New_MF_D_00000 11461
FabOnDisk: SD_2_New_MF_D_00000 16733
FabOnDisk: SD_2_New_MF_D_00000 22005
FabOnDisk: SD_2_New_MF_D_00000 36237
FabOnDisk: SD_2_New_MF_D_00000 37925
FabOnDisk: SD_2_New_MF_D_00000 45501
FabOnDisk: SD_2_New_MF_D_00000 47189
FabOnDisk: SD_2_New_MF_D_00000 50154
FabOnDisk: SD_2_New_MF_D_00000 53122
FabOnDisk: SD_2_New_MF_D_00000 67354
FabOnDisk: SD_2_New_MF_D_00000 81840
FabOnDisk: SD_2_New_MF_D_00000 84808
FabOnDisk: SD_2_New_MF_D_00000 87774
FabOnDisk: SD_2_New_MF_D_00000 103541

17,2
-1.0522974910311547e+01,-4.7204075863167532e+01,
-6.1998838535714526e+01,-1.8970786473813831e+01,
-2.4237030842993420e+01,-1.0145770960771878e+02,
6.9470734429999936e-01,-4.9247742093970430e+01,
-9.7958164787220880e+01,-7.2851778428501689e+01,
-2.1564923751927182e+01,-2.3776637963911043e+01,
-3.3186417095410889e+01,-1.0057903543641294e+02,
-5.5885656408112254e+01,-6.3515769521935454e+01,
-1.9450683105498797e+01,-6.0499239583554527e+01,
-2.1503050327909193e+01,-4.0926718182104196e+01,
-1.0602751212717607e+01,-9.4277800827961187e+01,
4.3025583110846810e-01,-2.4671907123647998e+01,
-9.5306815535728902e+00,-2.2154776614583113e+01,
2.4217534164196252e+01,-1.0112894490514333e+02,
-1.0570355541052209e+01,-4.4759218969777748e+01,
-4.4456055895918780e+00,-2.4263439196386088e+01,
-3.2706166660464874e+01,-6.9782738874949359e+01,

17,2
3.2567799035895760e+01,-5.9495666509738641e+00,
4.7545293714377834e+00,3.2720078543399040e+01,
7.6317168609916905e+01,-2.4928160186474742e+00,
8.0109492707754754e+01,3.2531470794536091e+01,
1.8298214260432474e+01,3.6049689198976353e+01,
2.8576909217661694e+01,2.4925177287539128e+01,
8.2534219954903278e+01,-1.5312443361512010e+01,
6.6190356457506141e+01,3.6003970845203071e+01,
3.6674778646267441e+01,-6.0754186350242207e+00,
9.3716148948302020e+00,-1.2346322409774984e+01,
7.3440917494214332e+01,9.7796412331466627e+00,
1.1116008424334791e+02,8.3962949013956177e+01,
4.2095366804624348e+01,1.2074816717764162e+02,
9.6044279706304607e+01,3.0846671698918044e+01,
6.1950679923121243e+01,2.5825183537604289e+01,
1.4360127202625392e+01,1.0062997286348008e+01,
7.1976744223438160e+01,6.8799346689461501e+01,

