1
1
8
0
(4 0
((96,104) (127,127) (0,0))
((0,120) (31,127) (0,0))
((32,120) (63,127) (0,0))
((64,120) (95,127) (0,0))
)
4
FabOnDisk: Cell_D_00001 0
FabOnDisk: Cell_D_00002 0
FabOnDisk: Cell_D_00000 0
FabOnDisk: Cell_D_00000 16470

4,8
-2.7523491216857648e-01,-6.3318189154181614e-01,9.9844228014049741e-01,0.0000000000000000e+00,-7.5922866471405182e-01,-1.5307916939335722e+00,1.2831976743532536e-04,-4.7325296582114984e-02,
-7.7749652201612549e-02,7.4214594509513859e-04,9.9999999999863542e-01,0.0000000000000000e+00,-4.8971652579069597e-01,-1.1254187050614503e+01,1.4064998471591617e-01,-2.0877871856629637e-01,
-2.1146981075940226e-03,1.1420899397701105e-04,9.9999999999841482e-01,0.0000000000000000e+00,1.3456384377111387e-03,-4.3905518968307328e-02,4.3594257514569641e+00,-1.7285616604973131e-02,
5.1877634571542534e-02,4.7117192400704631e-05,9.9996613428207493e-01,0.0000000000000000e+00,-2.4747908369377375e-02,-3.8780083203878594e-02,6.1800787436911033e+00,-8.8629512588246813e-03,

4,8
9.1711880084872999e-01,4.8031942923246224e-02,1.0027701458817193e+00,0.0000000000000000e+00,6.2083615684069500e+01,3.5285108954231418e+01,7.0086806757681885e+01,8.4924780663167776e-01,
8.7727333840257771e-01,2.0774558999798051e-01,1.0000000000024569e+00,0.0000000000000000e+00,3.2301404806066046e+01,2.4077944090211796e+00,7.5663198220923320e+01,-1.4611132453010527e-02,
9.0451957667898730e-01,3.5979536237255146e-02,1.0000000000844458e+00,0.0000000000000000e+00,4.1982252106990803e-02,5.9610695644569445e-02,2.7088045350481309e+01,-8.9116926073836422e-03,
9.0998450983070456e-01,7.2761751863065034e-03,1.0000331088923262e+00,0.0000000000000000e+00,4.1755676667958312e-02,5.4190941079955104e-02,2.2495975755777103e+01,-8.9281478203823009e-04,

