1
1
4
4
(9 0
((80,232) (95,247) (0,0))
((96,232) (111,247) (0,0))
((112,232) (127,247) (0,0))
((80,248) (95,263) (0,0))
((96,248) (111,263) (0,0))
((112,248) (127,263) (0,0))
((80,264) (95,279) (0,0))
((96,264) (111,279) (0,0))
((112,264) (127,279) (0,0))
)
9
FabOnDisk: SD_0_Old_MF_D_00000 0
FabOnDisk: SD_0_Old_MF_D_00000 18518
FabOnDisk: SD_0_Old_MF_D_00000 37037
FabOnDisk: SD_0_Old_MF_D_00000 55557
FabOnDisk: SD_0_Old_MF_D_00000 74075
FabOnDisk: SD_0_Old_MF_D_00000 92594
FabOnDisk: SD_0_Old_MF_D_00000 111114
FabOnDisk: SD_0_Old_MF_D_00000 129632
FabOnDisk: SD_0_Old_MF_D_00000 148151

9,4
-2.4590755771114692e-01,-7.4745690437980572e-01,9.9999999999948375e-01,-1.3381725257995104e-12,
-8.6804895578721286e-02,-6.8199887772601664e-01,9.9999999999892253e-01,-4.7455207195017177e-13,
5.9855565473778995e-02,-6.2396189827772564e-01,9.9999999999977995e-01,1.1703906974213551e-13,
0.0000000000000000e+00,-6.5898090430748146e-01,9.9999999999913947e-01,-7.7030619633893597e-13,
-3.3502150268735414e-01,-6.9976454768494689e-01,9.9999999999925870e-01,-2.1858526265753401e-14,
-8.8577447057772274e-01,-7.3388148264309472e-01,9.9999999999977141e-01,1.1087487059605718e-13,
-2.4590755771093634e-01,-2.2116682019520351e-01,9.9999999999974720e-01,-1.3987047051770217e-12,
-8.6804895578728322e-02,-9.6433874525361354e-02,9.9999999999925282e-01,-5.0273405193137761e-13,
5.9855565473833118e-02,-8.1849240660531097e-01,9.9999999999982836e-01,1.1696132733196755e-13,

9,4
1.4769424991048248e+00,2.2116682019670089e-01,1.0000000000000000e+40,9.0490415786744474e-13,
1.4945795928261738e+00,9.6433874525329519e-02,1.0000000000000000e+40,1.8913398215139185e-13,
1.5063920834826994e+00,8.1849240660534350e-01,1.0000000000002398e+00,1.7837766650159446e-13,
5.6130578653163343e-01,6.5898090430745271e-01,1.0000000000000000e+40,1.0172948418528821e-13,
6.5779599271015686e-05,6.9976454768504459e-01,1.0000000000000000e+40,1.2021534475910194e-13,
3.7928633073183188e-01,7.3388148264308062e-01,1.0000000000000628e+00,1.2292529429790764e-13,
1.4769424991048488e+00,7.4745690437977352e-01,1.0000000000000000e+40,9.4794908518603463e-13,
1.4945795928261325e+00,6.8199887772610113e-01,1.0000000000000000e+40,1.9485840418282542e-13,
1.5063920834826794e+00,6.2396189827771364e-01,1.0000000000001894e+00,1.8310979999669615e-13,

