1
1
1
1
(9 0
((80,232) (96,248) (1,1))
((96,232) (112,248) (1,1))
((112,232) (128,248) (1,1))
((80,248) (96,264) (1,1))
((96,248) (112,264) (1,1))
((112,248) (128,264) (1,1))
((80,264) (96,280) (1,1))
((96,264) (112,280) (1,1))
((112,264) (128,280) (1,1))
)
9
FabOnDisk: SD_1_New_MF_D_00000 0
FabOnDisk: SD_1_New_MF_D_00000 2974
FabOnDisk: SD_1_New_MF_D_00000 5949
FabOnDisk: SD_1_New_MF_D_00000 8925
FabOnDisk: SD_1_New_MF_D_00000 11899
FabOnDisk: SD_1_New_MF_D_00000 14874
FabOnDisk: SD_1_New_MF_D_00000 17850
FabOnDisk: SD_1_New_MF_D_00000 20824
FabOnDisk: SD_1_New_MF_D_00000 23799

9,1
-1.1623230612101477e+01,
-6.2994093375925289e+00,
-1.1303208129977818e+00,
-7.0160306642062617e-02,
-7.6767700369828651e-01,
-1.1303208129977818e+00,
-1.1623230610059625e+01,
-6.2994093359587211e+00,
-1.1303208129977440e+00,

9,1
2.3894266769355115e+00,
4.0703448643970113e+00,
-1.4835468969864143e-01,
2.3894266769355115e+00,
4.0703448657046675e+00,
5.1923862888575242e-02,
2.3894266766356065e+00,
4.0703448657046675e+00,
-1.4835468969861321e-01,

