1
1
4
4
(6 0
((80,232) (95,247) (0,0))
((96,232) (111,247) (0,0))
((80,248) (95,263) (0,0))
((96,248) (111,263) (0,0))
((80,264) (95,279) (0,0))
((96,264) (111,279) (0,0))
)
6
FabOnDisk: SD_0_Old_MF_D_00000 0
FabOnDisk: SD_0_Old_MF_D_00000 18518
FabOnDisk: SD_0_Old_MF_D_00000 37037
FabOnDisk: SD_0_Old_MF_D_00000 55555
FabOnDisk: SD_0_Old_MF_D_00000 74074
FabOnDisk: SD_0_Old_MF_D_00000 92592

6,4
-2.0383529617277868e-01,-7.1166744143128013e-01,9.9999999999952982e-01,0.0000000000000000e+00,
-1.0210450274430743e-01,-5.2117054098091709e-01,9.9999999999972711e-01,-1.8570774631502473e-15,
0.0000000000000000e+00,-6.2858995506357929e-01,9.9999999999910261e-01,0.0000000000000000e+00,
-2.0648488631727194e-01,-4.9628464651514947e-01,9.9999999999979394e-01,-8.2236566240402929e-15,
-2.0721133474321896e-01,-1.9037594721809872e-01,9.9999999999934341e-01,0.0000000000000000e+00,
-1.0203562132315588e-01,-7.3328690595237025e-03,9.9999999999771172e-01,-6.0759379814907407e-15,

6,4
1.2777628266903578e+00,1.9036135662694742e-01,1.0000000000000000e+40,1.5818066031099650e-15,
1.3635274180846524e+00,7.3275150154466593e-03,1.0000000000000000e+40,2.4268916733923531e-15,
5.3066449616282596e-01,6.2860070311577376e-01,1.0000000000000000e+40,7.5380660428350696e-15,
0.0000000000000000e+00,4.9637867891719195e-01,1.0000000000000000e+40,2.9952284682029743e-15,
1.2777234693961348e+00,7.1168122010519319e-01,1.0000000000000000e+40,7.9451396718567242e-15,
1.3635286056766625e+00,5.2123260265684579e-01,1.0000000000000000e+40,2.6089112737944507e-15,

