1
1
1
1
(6 0
((80,232) (96,248) (1,1))
((96,232) (112,248) (1,1))
((80,248) (96,264) (1,1))
((96,248) (112,264) (1,1))
((80,264) (96,280) (1,1))
((96,264) (112,280) (1,1))
)
6
FabOnDisk: SD_1_Old_MF_D_00000 0
FabOnDisk: SD_1_Old_MF_D_00000 2974
FabOnDisk: SD_1_Old_MF_D_00000 5949
FabOnDisk: SD_1_Old_MF_D_00000 8923
FabOnDisk: SD_1_Old_MF_D_00000 11898
FabOnDisk: SD_1_Old_MF_D_00000 14872

6,1
-7.4663803602496328e+00,
-3.9215035406008369e-01,
0.0000000000000000e+00,
-3.4497861946150632e-01,
-7.8034375693615701e+00,
-3.9212911976030662e-01,

6,1
3.6339571385592788e+00,
5.5017860156271849e+00,
3.6339571385592788e+00,
5.5057381139480510e+00,
3.6254729245302566e+00,
5.5057381139480510e+00,

