1
1
8
0
(2 0
((96,104) (127,127) (0,0))
((0,120) (95,127) (0,0))
)
2
FabOnDisk: Cell_D_00000 0
FabOnDisk: Cell_D_00000 49239

2,8
-2.7523491216826435e-01,-6.3318189154163840e-01,9.9844228014048608e-01,0.0000000000000000e+00,-7.5922866471175465e-01,-1.5307916939297832e+00,1.2831976656446642e-04,-4.7091228811161547e-02,
-7.7749652201606914e-02,4.7117192401256781e-05,9.9996613428207559e-01,0.0000000000000000e+00,-4.8971652579071462e-01,-1.1254187050614274e+01,1.4064998471559420e-01,-2.0854465079556994e-01,

2,8
9.1711880084880570e-01,4.8031942923181442e-02,1.0027701458817075e+00,0.0000000000000000e+00,6.2083615684069819e+01,3.5285108954231767e+01,7.0086806757685110e+01,8.4948187440243950e-01,
9.0998450983078727e-01,2.0774558999798634e-01,1.0000331088923253e+00,0.0000000000000000e+00,3.2301404806066216e+01,2.4077944090213697e+00,7.5663198220922936e+01,-6.5874701125485588e-04,

