1
1
4
4
(6 0
((32,112) (47,127) (0,0))
((48,112) (63,127) (0,0))
((64,112) (71,127) (0,0))
((32,128) (47,143) (0,0))
((48,128) (63,143) (0,0))
((64,128) (71,143) (0,0))
)
6
FabOnDisk: SD_0_Old_MF_D_00000 0
FabOnDisk: SD_0_Old_MF_D_00000 18518
FabOnDisk: SD_0_Old_MF_D_00000 37036
FabOnDisk: SD_0_Old_MF_D_00000 49410
FabOnDisk: SD_0_Old_MF_D_00000 67928
FabOnDisk: SD_0_Old_MF_D_00000 86446

6,4
0.0000000000000000e+00,-7.0255050744472713e-01,9.9999999999914724e-01,-2.4027883431731216e-15,
-1.1314852391304058e+00,-5.3185344972241932e-01,9.9999999999975475e-01,-2.9937469699748396e-15,
-1.2104755556447724e+00,-1.2797310624572844e-01,9.9999999999980316e-01,-3.4499968604632015e-16,
0.0000000000000000e+00,0.0000000000000000e+00,9.9999999999929823e-01,-7.8146605374916296e-15,
-1.1312588076299721e+00,-7.6645492516295346e-03,9.9999999999820033e-01,-2.0874280401121638e-15,
-1.2104358206122681e+00,-3.1061953600582642e-01,9.9999999999988087e-01,-3.3673963998402812e-16,

6,4
1.2701894878318258e+00,0.0000000000000000e+00,1.0000000000000000e+40,6.6732537756803273e-16,
1.5697748099982425e+00,7.6644574765340669e-03,1.0000000000000000e+40,1.1447202484680005e-15,
1.5854901518551037e+00,3.1055233767893742e-01,1.0000000000002613e+00,2.3737498484549367e-17,
1.2701426766493920e+00,7.0254648794034757e-01,1.0000000000000000e+40,2.1887274725509861e-15,
1.5698065067383977e+00,5.3187399040769567e-01,1.0000000000000000e+40,7.9010597899396520e-15,
1.5855257504207549e+00,1.2812051984432388e-01,1.0000000000002813e+00,3.6057611556766447e-17,

