1
1
8
0
(5 0
((104,104) (127,127) (0,0))
((0,120) (31,127) (0,0))
((32,120) (55,127) (0,0))
((56,120) (87,127) (0,0))
((88,120) (103,127) (0,0))
)
5
FabOnDisk: Cell_D_00000 0
FabOnDisk: Cell_D_00002 0
FabOnDisk: Cell_D_00001 0
FabOnDisk: Cell_D_00001 12374
FabOnDisk: Cell_D_00003 0

5,8
-3.0579608182620138e-01,-6.5375260298705573e-01,9.9801828644607982e-01,0.0000000000000000e+00,-7.6808704653069737e-01,-1.4177932088111282e+00,5.2870780222971092e-02,-6.7211271018045290e-02,
-7.2539305350136238e-02,1.1594948818110617e-03,9.9999999999905320e-01,0.0000000000000000e+00,-1.7912291322687102e-01,-9.5924930501045544e+00,9.8668154108217720e-02,-1.2666808448215341e-01,
1.6834772930301320e-02,3.8529485277151481e-04,9.9999999999919897e-01,0.0000000000000000e+00,-1.2088097655781213e-02,-1.8511973910250439e-02,4.4171700839761474e+00,-1.0376673721521405e-02,
8.6849318328074562e-02,1.6437210443425582e-04,9.9999999999929512e-01,0.0000000000000000e+00,-2.8864204045187226e-02,-2.2521942992517169e-02,6.7053357313931112e+00,-1.0316395879580775e-02,
1.3391289558494082e-01,1.7903035089756784e-04,9.9964596481804135e-01,0.0000000000000000e+00,-3.0837646442982541e-01,-7.2097912937348976e-02,7.5222214110157868e+00,-2.3582604773005531e-02,

5,8
9.3275413678714258e-01,8.5454045861035957e-02,1.0015760607302400e+00,0.0000000000000000e+00,3.4820448492724509e+01,3.0212741675748159e+01,6.6720075434382352e+01,7.5896114632168321e-01,
8.7464284394867531e-01,1.9909246315417428e-01,1.0000000000049913e+00,0.0000000000000000e+00,1.3285964874183483e+01,7.8071024161370879e+00,7.2738743897794834e+01,-7.2400765609584444e-03,
9.0764447176840612e-01,4.2701224198059592e-02,1.0000000000006237e+00,0.0000000000000000e+00,2.7675365376111441e-03,6.7826312297928543e-02,2.7070269800855375e+01,-8.1315121730440761e-03,
9.2231034103637155e-01,1.9447344038566326e-02,1.0000000000006848e+00,0.0000000000000000e+00,7.6657302915798531e-03,2.4004909421616934e-02,2.1627841555481009e+01,-9.1734294074249309e-03,
9.3073450511515921e-01,1.7836606787527746e-02,1.0000229250381085e+00,0.0000000000000000e+00,-2.7747049120739151e-02,1.5635122635283438e-01,1.8931961427391528e+01,-9.9290337605938209e-03,

