1
1
8
0
(4 0
((0,0) (31,31) (0,0))
((32,0) (63,31) (0,0))
((0,32) (31,63) (0,0))
((32,32) (63,63) (0,0))
)
4
FabOnDisk: Cell_D_00000 0
FabOnDisk: Cell_D_00001 0
FabOnDisk: Cell_D_00002 0
FabOnDisk: Cell_D_00003 0

4,8
-2.4290610864313205e-02,3.2603265097156970e-06,9.9999999999981382e-01,0.0000000000000000e+00,-1.5383604403233341e-03,-1.3750680499198488e-02,1.2893424414156529e-05,-3.4160330259211313e-03,
-2.4731805491967539e-02,-2.5372896968561483e-02,9.9999999999952305e-01,0.0000000000000000e+00,-1.5347370046167605e-03,-6.1139254369413677e-03,5.8882810197169455e-08,3.0588184943535743e-04,
-6.5628411617662349e-02,4.7521730329751129e-04,9.9999999999932199e-01,0.0000000000000000e+00,-1.1579346732373147e-01,-2.4017399466217695e+00,1.4452037824796982e-07,-8.8977190996312072e-02,
-2.6649266882066058e-01,-5.9021139892307961e-01,9.9996908681950403e-01,0.0000000000000000e+00,-7.2646808365056192e-01,-1.4703015668138331e+00,1.6152990760243124e-07,-4.2677433071493152e-02,

4,8
-3.2604744443476719e-06,2.1389750979614791e-02,1.0000000000010556e+00,0.0000000000000000e+00,1.5796573462484375e-02,5.4407010063309714e-04,4.3062321376592205e-01,1.0584429180706229e-03,
-5.4469042295397178e-06,1.3822000732373804e-03,1.0000000000025406e+00,0.0000000000000000e+00,1.9015494685260922e-02,2.0441088877274999e-02,5.1924224260872609e-01,6.9080377901214445e-03,
8.0983793381386693e-01,1.6423842612798886e-01,1.0000000000003544e+00,0.0000000000000000e+00,7.1923469273739107e+00,6.5656167114630692e-01,3.7094570723096219e+01,-5.5138022121184617e-05,
8.3281660406549129e-01,4.3904575913970761e-02,1.0000355729591515e+00,0.0000000000000000e+00,2.2412652233214722e+01,1.5250679175907226e+01,3.3792439188396102e+01,5.3013831103859355e-01,

