1
1
2
4
(4 0
((32,112) (47,127) (0,0))
((48,112) (63,127) (0,0))
((32,128) (47,143) (0,0))
((48,128) (63,143) (0,0))
)
4
FabOnDisk: SD_2_Old_MF_D_00000 0
FabOnDisk: SD_2_Old_MF_D_00000 9302
FabOnDisk: SD_2_Old_MF_D_00000 18604
FabOnDisk: SD_2_Old_MF_D_00000 27906

4,2
-1.3168953647033472e+03,-1.5769260523368159e+03,
-1.3316971972545309e+02,-1.8200851971834968e+03,
-1.3168953647033584e+03,-6.3805084191139485e+02,
-1.3316971972545383e+02,-3.5455992404405430e+02,

4,2
2.7109189439362922e+02,6.3805084191134517e+02,
1.4422723573415078e+03,3.5455992404402070e+02,
2.7109189439363018e+02,1.5769260523368353e+03,
1.4422723573415565e+03,1.8200851971834945e+03,

