1
1
2
1
(3 0
((104,32) (127,55) (0,0))
((96,64) (127,127) (0,0))
((0,104) (95,127) (0,0))
)
3
FabOnDisk: SD_2_New_MF_D_00000 0
FabOnDisk: SD_2_New_MF_D_00000 10902
FabOnDisk: SD_2_New_MF_D_00000 46892

3,2
-2.3016750007394597e+02,-2.0732859358657345e+02,
-2.1358914995165389e+02,-2.3400254302461704e+02,
-6.4629485658806732e+02,-8.7877775411646360e+02,

3,2
2.5337245216705281e+02,6.3278005787012705e+02,
6.7514253454310051e+02,9.4261168152152072e+02,
2.7120332492462751e+02,2.3166248304863188e+02,

