1
1
2
1
(3 0
((104,32) (127,55) (0,0))
((96,64) (127,127) (0,0))
((0,104) (95,127) (0,0))
)
3
FabOnDisk: SD_2_Old_MF_D_00000 0
FabOnDisk: SD_2_Old_MF_D_00000 10902
FabOnDisk: SD_2_Old_MF_D_00000 46892

3,2
-2.6142981652303451e+01,-6.3165588761403200e+01,
-5.0667205509669031e+01,-7.2922577420880259e+01,
-6.6405647275532729e+01,-4.7662779710463774e+01,

3,2
2.5745542429433968e+01,4.4556452555413237e+01,
6.3068462175924878e+01,6.5685686424193420e+01,
1.8061023017069107e+02,5.7683177108527900e+01,

