1
1
4
4
(6 0
((32,112) (47,127) (0,0))
((48,112) (63,127) (0,0))
((64,112) (71,127) (0,0))
((32,128) (47,143) (0,0))
((48,128) (63,143) (0,0))
((64,128) (71,143) (0,0))
)
6
FabOnDisk: SD_0_New_MF_D_00000 0
FabOnDisk: SD_0_New_MF_D_00000 18518
FabOnDisk: SD_0_New_MF_D_00000 37036
FabOnDisk: SD_0_New_MF_D_00000 49410
FabOnDisk: SD_0_New_MF_D_00000 67928
FabOnDisk: SD_0_New_MF_D_00000 86446

6,4
2.9225403522199898e-02,-7.3786810672110759e-01,9.9999999999913980e-01,-2.3135634625217964e-12,
-8.6801183891876132e-01,-6.8879566895092781e-01,9.9999999999902844e-01,-7.3583051810860721e-14,
-1.1658409543350626e-02,1.9359825481666679e-02,9.9999999999982214e-01,6.2083877868353524e-14,
2.9225403522196221e-02,1.5037116603724665e-02,9.9999999999925715e-01,-2.4359818140476522e-12,
-8.6801183891867906e-01,-8.1124112022840433e-01,9.9999999999930533e-01,-8.3037039005905175e-14,
-1.1658409543336719e-02,-6.5020359754511781e-01,9.9999999999994005e-01,5.7947216781932325e-14,

6,4
1.0000000000000000e+40,1.0000000000000000e+40,1.0000000000000000e+40,1.0000000000000000e+40,
1.0000000000000000e+40,1.0000000000000000e+40,1.0000000000000000e+40,1.0000000000000000e+40,
1.1160705276915588e+00,6.5020359754512347e-01,1.0000000000001406e+00,1.2866185477285042e-13,
1.0000000000000000e+40,1.0000000000000000e+40,1.0000000000000000e+40,1.0000000000000000e+40,
1.0000000000000000e+40,1.0000000000000000e+40,1.0000000000000000e+40,1.0000000000000000e+40,
1.1160705276915530e+00,-1.9359825481678111e-02,1.0000000000001372e+00,1.2874259003430933e-13,

