1
1
8
0
(4 0
((0,0) (31,31) (0,0))
((32,0) (63,31) (0,0))
((0,32) (31,63) (0,0))
((32,32) (63,63) (0,0))
)
4
FabOnDisk: Cell_D_00000 0
FabOnDisk: Cell_D_00001 0
FabOnDisk: Cell_D_00002 0
FabOnDisk: Cell_D_00003 0

4,8
-1.7603884241739573e-02,3.4494475560225951e-06,9.9999999999992273e-01,0.0000000000000000e+00,-1.0326532355975308e-03,-2.2760482565194872e-02,5.1468542137528273e-06,-7.2613034763316315e-03,
-1.7668487829240048e-02,-1.7582409426523806e-02,9.9999999999906941e-01,0.0000000000000000e+00,-7.0055511984185720e-04,-3.1499672474929736e-03,5.0825026651976635e-06,-1.1477101902214809e-04,
-6.9403425655487128e-02,1.3673551309465319e-04,9.9999999994381716e-01,0.0000000000000000e+00,-1.3745881464893206e-01,-3.6380798949811228e+00,2.0439105496289356e-07,-1.6395945735828982e-01,
-2.2789565306953125e-01,-4.6764460459579044e-01,9.9943370929525588e-01,0.0000000000000000e+00,-4.8651220654671068e-01,-1.3203094461358236e+00,5.8761566747167482e-07,-4.9808325971522072e-03,

4,8
-1.4575887332651560e-05,1.6395867694021599e-02,1.0000000000003171e+00,0.0000000000000000e+00,2.5067041395466290e-02,3.1250573830184048e-04,4.1041535330412926e-01,1.5169817626137019e-04,
-1.5936923970712263e-05,1.5874278278695431e-04,1.0000000000007021e+00,0.0000000000000000e+00,2.5887014711677536e-02,2.7301903170175803e-02,4.4233829850320755e-01,8.5636136512643110e-03,
7.5483659029038086e-01,1.7950675828174179e-01,1.0000065352157159e+00,0.0000000000000000e+00,1.2329494988533179e+01,1.2687689799160717e+00,3.7907008772452848e+01,-5.7794192385085769e-04,
7.5769983194670587e-01,6.0055769522109215e-03,1.0005683056952452e+00,0.0000000000000000e+00,2.9351705268337533e+01,2.1615383313091012e+01,3.5903619731587781e+01,5.6854793349494359e-01,

