1
1
9
0
(64 0
((0,0) (15,15) (0,0))
((16,0) (31,15) (0,0))
((32,0) (47,15) (0,0))
((48,0) (63,15) (0,0))
((64,0) (79,15) (0,0))
((80,0) (95,15) (0,0))
((96,0) (111,15) (0,0))
((112,0) (127,15) (0,0))
((0,16) (15,31) (0,0))
((16,16) (31,31) (0,0))
((32,16) (47,31) (0,0))
((48,16) (63,31) (0,0))
((64,16) (79,31) (0,0))
((80,16) (95,31) (0,0))
((96,16) (111,31) (0,0))
((112,16) (127,31) (0,0))
((0,32) (15,47) (0,0))
((16,32) (31,47) (0,0))
((32,32) (47,47) (0,0))
((48,32) (63,47) (0,0))
((64,32) (79,47) (0,0))
((80,32) (95,47) (0,0))
((96,32) (111,47) (0,0))
((112,32) (127,47) (0,0))
((0,48) (15,63) (0,0))
((16,48) (31,63) (0,0))
((32,48) (47,63) (0,0))
((48,48) (63,63) (0,0))
((64,48) (79,63) (0,0))
((80,48) (95,63) (0,0))
((96,48) (111,63) (0,0))
((112,48) (127,63) (0,0))
((0,64) (15,79) (0,0))
((16,64) (31,79) (0,0))
((32,64) (47,79) (0,0))
((48,64) (63,79) (0,0))
((64,64) (79,79) (0,0))
((80,64) (95,79) (0,0))
((96,64) (111,79) (0,0))
((112,64) (127,79) (0,0))
((0,80) (15,95) (0,0))
((16,80) (31,95) (0,0))
((32,80) (47,95) (0,0))
((48,80) (63,95) (0,0))
((64,80) (79,95) (0,0))
((80,80) (95,95) (0,0))
((96,80) (111,95) (0,0))
((112,80) (127,95) (0,0))
((0,96) (15,111) (0,0))
((16,96) (31,111) (0,0))
((32,96) (47,111) (0,0))
((48,96) (63,111) (0,0))
((64,96) (79,111) (0,0))
((80,96) (95,111) (0,0))
((96,96) (111,111) (0,0))
((112,96) (127,111) (0,0))
((0,112) (15,127) (0,0))
((16,112) (31,127) (0,0))
((32,112) (47,127) (0,0))
((48,112) (63,127) (0,0))
((64,112) (79,127) (0,0))
((80,112) (95,127) (0,0))
((96,112) (111,127) (0,0))
((112,112) (127,127) (0,0))
)
64
FabOnDisk: Cell_D_00000 0
FabOnDisk: Cell_D_00000 18514
FabOnDisk: Cell_D_00000 37029
FabOnDisk: Cell_D_00000 55544
FabOnDisk: Cell_D_00000 74059
FabOnDisk: Cell_D_00000 92574
FabOnDisk: Cell_D_00000 111089
FabOnDisk: Cell_D_00000 129605
FabOnDisk: Cell_D_00000 148122
FabOnDisk: Cell_D_00000 166637
FabOnDisk: Cell_D_00000 185153
FabOnDisk: Cell_D_00000 203669
FabOnDisk: Cell_D_00000 222185
FabOnDisk: Cell_D_00000 240701
FabOnDisk: Cell_D_00000 259217
FabOnDisk: Cell_D_00000 277734
FabOnDisk: Cell_D_00000 296252
FabOnDisk: Cell_D_00000 314767
FabOnDisk: Cell_D_00000 333283
FabOnDisk: Cell_D_00000 351799
FabOnDisk: Cell_D_00000 370315
FabOnDisk: Cell_D_00000 388831
FabOnDisk: Cell_D_00000 407347
FabOnDisk: Cell_D_00000 425864
FabOnDisk: Cell_D_00000 444382
FabOnDisk: Cell_D_00000 462897
FabOnDisk: Cell_D_00000 481413
FabOnDisk: Cell_D_00000 499929
FabOnDisk: Cell_D_00000 518445
FabOnDisk: Cell_D_00000 536961
FabOnDisk: Cell_D_00000 555477
FabOnDisk: Cell_D_00000 573994
FabOnDisk: Cell_D_00000 592512
FabOnDisk: Cell_D_00000 611027
FabOnDisk: Cell_D_00000 629543
FabOnDisk: Cell_D_00000 648059
FabOnDisk: Cell_D_00000 666575
FabOnDisk: Cell_D_00000 685091
FabOnDisk: Cell_D_00000 703607
FabOnDisk: Cell_D_00000 722124
FabOnDisk: Cell_D_00000 740642
FabOnDisk: Cell_D_00000 759157
FabOnDisk: Cell_D_00000 777673
FabOnDisk: Cell_D_00000 796189
FabOnDisk: Cell_D_00000 814705
FabOnDisk: Cell_D_00000 833221
FabOnDisk: Cell_D_00000 851737
FabOnDisk: Cell_D_00000 870254
FabOnDisk: Cell_D_00000 888772
FabOnDisk: Cell_D_00000 907288
FabOnDisk: Cell_D_00000 925805
FabOnDisk: Cell_D_00000 944322
FabOnDisk: Cell_D_00000 962839
FabOnDisk: Cell_D_00000 981356
FabOnDisk: Cell_D_00000 999873
FabOnDisk: Cell_D_00000 1018391
FabOnDisk: Cell_D_00000 1036910
FabOnDisk: Cell_D_00000 1055427
FabOnDisk: Cell_D_00000 1073945
FabOnDisk: Cell_D_00000 1092463
FabOnDisk: Cell_D_00000 1110981
FabOnDisk: Cell_D_00000 1129499
FabOnDisk: Cell_D_00000 1148017
FabOnDisk: Cell_D_00000 1166536

64,9
1.0004397347114571e+00,-8.0317103994630851e-02,9.9999999999804956e-01,2.2349141118513553e-14,6.7739908493240364e+01,-2.3178390778091853e+03,2.6656410673231434e-05,-1.3173207064306303e+02,1.0000000000000000e+00,
1.0647760111216058e+00,-5.5600378328544413e-02,9.9999999999807121e-01,7.3547168913702806e-13,2.0006780394779526e+03,-1.5576474039577079e+03,9.5725695545140210e-04,-1.1742707663625748e+02,1.0000000000000000e+00,
1.0883941113003315e+00,-8.0783624817331052e-03,9.9999999999824729e-01,1.4235686130626009e-12,2.6218233142917597e+03,-1.1814967577956850e+02,1.7578891300525437e-03,-8.5523529005628546e+01,1.0000000000000000e+00,
1.0517245987648407e+00,8.3054402096920056e-04,9.9999999999893230e-01,2.0572471510257091e-12,1.8500974845940400e+03,1.9600733644620050e+01,3.6308576372746926e-05,-5.6842913000494733e+01,1.0000000000000000e+00,
1.0214190700544972e+00,6.6099511562033096e-04,9.9999999999851363e-01,2.6107552660939901e-12,1.1004359129911118e+03,1.8244482223849445e+01,6.4059158740581434e-04,-3.4573148763020299e+01,1.0000000000000000e+00,
1.0095382659620231e+00,3.0866658575358954e-04,9.9999999999918554e-01,3.0631437408144565e-12,6.4592489586050897e+02,1.0956500440983064e+01,1.8682919215862182e-05,-1.9576490114853705e+01,1.0000000000000000e+00,
1.0048907205630389e+00,1.1942018441244338e-04,9.9999999999841971e-01,3.3978696813304158e-12,4.2231066178519541e+02,4.9294333503695498e+00,5.7561912701620255e-07,-1.0233286480886267e+01,1.0000000000000000e+00,
1.0034933948610389e+00,8.9526519190923923e-06,9.9999999999247802e-01,3.6024482223694538e-12,3.5426844354372952e+02,1.4177141943072513e-01,3.1554556670018719e-05,-4.2981344582505612e+00,1.0000000000000000e+00,
1.0007084585102353e+00,-2.4660910606830533e-01,9.9999999999033673e-01,2.2323896738024265e-14,9.3117958403490775e+01,-6.3567333666718696e+03,2.8861297204363368e-04,-1.7291395760574676e+02,1.0000000000000000e+00,
1.0882728208639960e+00,-1.1844747130445171e-01,9.9999999999956668e-01,7.3538157427741739e-13,2.6773558839160614e+03,-3.9156213607799145e+03,1.1355789110489845e-03,-1.4377371325139370e+02,1.0000000000000000e+00,
1.1029295310241456e+00,-1.4195737207213909e-02,9.9999999999941136e-01,1.4245012573038182e-12,2.8515655528874959e+03,-1.0495427791265683e+02,4.8108703346150250e-02,-8.5807452646601462e+01,1.0000000000000000e+00,
1.0055556755811557e+00,3.4089252063575479e-02,9.9999999999952538e-01,2.0587091756867442e-12,1.5812791649893825e+03,7.9610584959455082e+02,4.1378541375675093e-02,-5.3130954616302091e+01,1.0000000000000000e+00,
9.9726614223604659e-01,2.0882863762808644e-02,9.9999999999964329e-01,2.6122885180172655e-12,6.5713332236584188e+02,6.0911428906849869e+02,6.6731991509028088e-03,-3.0447273712891331e+01,1.0000000000000000e+00,
9.9817977974675032e-01,9.1455532596260176e-03,9.9999999999955924e-01,3.0646945766860834e-12,3.1412763216546398e+02,3.5162780978350838e+02,3.0452918201029355e-06,-1.6537695084365378e+01,1.0000000000000000e+00,
9.9974017054850084e-01,3.4947221869799003e-03,9.9999999999949940e-01,3.3995478861810298e-12,1.9803693560763813e+02,1.5467539330607133e+02,9.0969070842827904e-05,-8.4684319298879256e+00,1.0000000000000000e+00,
1.0001225962369324e+00,2.6594701491432037e-04,9.9999999999953204e-01,3.6042404229392021e-12,1.6867624716066535e+02,4.4171955272839014e+00,2.8735541132991066e-04,-3.5349308002532651e+00,1.0000000000000000e+00,
4.8543362949212998e-01,-8.4444586414551792e-01,9.9999722737552066e-01,2.1874579552646291e-14,-1.0399460501586670e+07,-4.5108389735959412e+05,2.3450372206003656e-01,-2.2849233256042487e+02,1.0000000000000000e+00,
6.2079458096602369e-01,-6.3854217080232145e-01,9.9998703532834476e-01,7.2720939405789288e-13,-8.3113419964209553e+06,-2.7016960109994155e+06,3.2353680974595012e-03,-3.8137044696008508e+02,1.0000000000000000e+00,
5.0268026129176757e-01,-4.4072264226193025e-01,9.9999119195078578e-01,1.4266504254900991e-12,-7.8436292591976812e+06,-4.9329073276085816e+06,1.9566034283024738e+00,-2.3259562418515259e+02,1.0000000000000000e+00,
6.3060615759384875e-01,-3.2246305982388390e-01,9.9999999999698597e-01,2.0626315396795710e-12,-1.0081401277242528e+07,-4.0028846522545293e+06,8.0491492880760962e-01,-2.3362541363762813e+02,1.0000000000000000e+00,
9.2206102439497739e-01,-2.3353557091088241e-03,9.9999999999982903e-01,2.6161463707297054e-12,-3.5452959715955694e+02,1.2026391963318420e+03,7.3858710232882485e-03,-1.7289608726578233e+01,1.0000000000000000e+00,
9.7921725639396251e-01,7.5451904278689636e-03,9.9999999999994349e-01,3.0687671724735768e-12,-3.3816838298699986e+02,6.1400278819032155e+02,3.6613783752081908e-05,-7.7353534447736347e+00,1.0000000000000000e+00,
9.9140249885601972e-01,3.1492814723493440e-03,1.0000000000000033e+00,3.4040961562996987e-12,-1.9402929462109387e+02,2.5075092457768142e+02,1.6846493571670562e-06,-3.7371703893996129e+00,1.0000000000000000e+00,
9.9574047462707060e-01,2.7038867755987972e-04,1.0000000000000255e+00,3.6091260435106992e-12,-9.4234403625859159e+01,6.9196878746217862e+00,7.4950401086036622e-05,-1.5675485625547005e+00,1.0000000000000000e+00,
4.9160312766902181e-01,-4.2487567279719507e-01,9.9998730279338621e-01,2.1286987207500294e-14,-1.6138237622551786e+07,-4.6636949222031953e+06,5.0566540130247972e-02,-5.3771817551147285e+02,1.0000000000000000e+00,
-1.2051500675285970e-01,-8.5240579653714499e-01,0.0000000000000000e+00,0.0000000000000000e+00,-9.5185801078758985e+06,-1.5881328143518234e+06,0.0000000000000000e+00,-3.3702555741794191e+02,0.0000000000000000e+00,
3.9101017211605305e-01,-3.6846181607316292e-01,9.9956040758222064e-01,1.4345346012855808e-12,-9.7243986023341715e+06,-5.2145818600311941e+06,5.6565184301310012e-01,-2.6034270589744813e+02,1.0000000000000000e+00,
8.3670482560370485e-01,-9.0449575600467969e-01,9.9999886807964422e-01,2.0684586211450555e-12,-1.8821455424675375e+07,-6.4334672955050576e+05,1.5775218801481072e-01,-2.4387881815482632e+02,1.0000000000000000e+00,
9.3411101430368781e-01,-2.2678297123704404e-02,1.0000000000000251e+00,2.6209089073620926e-12,-4.3290242991065461e+03,7.4241693535882405e+02,5.9428359482256721e-04,5.9206817824401661e+00,1.0000000000000000e+00,
9.7844048903410652e-01,-1.1293019364377714e-03,1.0000000000000571e+00,3.0746346034313770e-12,-1.4063537946673932e+03,3.0815151011069020e+02,4.3722913280544451e-05,2.6230489626590625e+00,1.0000000000000000e+00,
9.8905399024166996e-01,-8.9487248641514000e-05,1.0000000000000304e+00,3.4108240555399546e-12,-6.1231045787408220e+02,1.2077225282460518e+02,2.6708670428088332e-06,9.3405742766550937e-01,1.0000000000000000e+00,
9.9406269658068069e-01,8.7316762055764539e-06,9.9999999999999256e-01,3.6163563201048171e-12,-3.1261678531567441e+02,3.3699653021345810e+00,1.2989351365344515e-07,2.4365362372761823e-02,1.0000000000000000e+00,
7.9924555561203692e-01,-5.7743553546190662e-01,9.9998164002632373e-01,2.1292486160489527e-14,-1.4993425622832516e+07,-1.5131244735772272e+06,1.0607034947033744e+00,-5.4451670777428239e+02,1.0000000000000000e+00,
-1.4108804162889724e-01,-8.7597695467953618e-01,0.0000000000000000e+00,0.0000000000000000e+00,-8.8394461217987612e+06,-2.1243494169838997e+06,0.0000000000000000e+00,-4.8055363225569056e+02,0.0000000000000000e+00,
5.0925015311807620e-01,-7.5371084497440821e-01,9.9969111759863361e-01,1.4419779729765829e-12,-5.4101387944589248e+06,-1.0263408984467128e+06,8.1886672803626723e+00,-3.4643820454212744e+02,1.0000000000000000e+00,
3.0362510155978800e-01,-6.3366013468494031e-01,9.9999607588693817e-01,2.0777128906519742e-12,-1.0065155733923042e+07,-9.5692574907315115e+05,5.6149660672567825e-01,-7.1955047332074571e+01,1.0000000000000000e+00,
9.5444144112217411e-01,-1.4599876485458607e-02,9.9999999999984679e-01,2.6275514326954532e-12,-4.3858543591846683e+03,-1.1575961093483329e+03,4.4554820174222409e-03,1.7581351075965905e+01,1.0000000000000000e+00,
9.8011609126025623e-01,-1.2862365383143374e-02,9.9999999999991429e-01,3.0818489509511119e-12,-1.5577091358737689e+03,-6.2824304805165048e+02,1.1563169977730700e-04,7.4807222819301629e+00,1.0000000000000000e+00,
9.8910255952355997e-01,-6.7333360159522503e-03,9.9999999999995826e-01,3.4188171365659105e-12,-6.7723793543485135e+02,-2.0734301859861262e+02,2.5155501140027708e-06,2.8027871666141841e+00,1.0000000000000000e+00,
9.9406894984327421e-01,-2.7121645420543836e-03,9.9999999999997347e-01,3.6248454326549544e-12,-3.5281615917596446e+02,-5.9671017684914432e+01,1.6759060146587235e-07,7.5939865057713052e-02,1.0000000000000000e+00,
6.9564721466427404e-01,-4.9663678926691440e-01,9.9999999998241307e-01,2.2009997454001867e-14,-7.7242078938871296e+06,-4.6390928708293159e+06,9.8706980909590847e-02,-3.4121761559776172e+02,1.0000000000000000e+00,
7.8168053865957843e-01,-3.4334564499628822e-01,9.9999999833840947e-01,7.3155895244468147e-13,-7.1391467687211735e+06,-1.6774327527765511e+06,3.2971851352964210e-02,-4.8614055810913175e+02,1.0000000000000000e+00,
5.7035186312330266e-01,-6.2180966563468121e-01,9.9996521697694729e-01,1.4385149198992040e-12,-5.8523870690113660e+06,-2.6226641615402419e+06,9.3112082398842944e-01,-3.6554104095923310e+02,1.0000000000000000e+00,
5.3905437242854015e-01,-7.3888188966161761e-01,9.9999999999636335e-01,2.0789152900780658e-12,-7.4339564546701731e+06,-1.1972727965225589e+06,5.8505855257177108e-01,-1.3136048980260799e+02,1.0000000000000000e+00,
9.4718253534689612e-01,-6.9087100417882408e-02,9.9999999999966682e-01,2.6339447580447425e-12,-4.2144983614211451e+03,-4.4460753490157804e+03,1.0006249202673678e-02,6.0585217459166785e+00,1.0000000000000000e+00,
9.8270251907640294e-01,-2.4562986685119057e-02,9.9999999999975242e-01,3.0893130760342436e-12,-1.3404805340187859e+03,-1.2824868623404273e+03,5.9817294959796374e-04,3.6984457911758404e+00,1.0000000000000000e+00,
9.9215509513863964e-01,-1.0419690064918769e-02,9.9999999999985112e-01,3.4268798669738144e-12,-6.0169679697110587e+02,-4.7682858457495968e+02,1.5616480775193509e-06,1.6996801619530122e+00,1.0000000000000000e+00,
9.9584562625524442e-01,-4.0052730500003660e-03,9.9999999999996747e-01,3.6333024349601800e-12,-3.2958305980044406e+02,-1.5904710069303792e+02,3.4868625402306730e-05,4.9614658165981054e-02,1.0000000000000000e+00,
1.0012956316449495e+00,3.1159251339199150e-02,9.9999999999625255e-01,2.2523778948519562e-14,5.3044777497052564e+01,1.2254468738372452e+03,3.7282934570725956e-04,-1.2349536973148554e+02,1.0000000000000000e+00,
1.1038251535105845e+00,-1.9366295052631811e-02,9.9999999999827094e-01,7.4190205927218351e-13,1.5659554677811684e+03,7.6328568414501206e+02,1.4414194459244634e-03,-1.0764783421956298e+02,1.0000000000000000e+00,
1.0968219245113555e+00,-1.3626953325430990e-01,9.9999999999855571e-01,1.4391871444619980e-12,2.5339735574443694e+03,-3.0827456305441956e+02,4.5349558749903374e-02,-8.2643021716476483e+01,1.0000000000000000e+00,
1.0001349264543640e+00,-1.3799754472131270e-01,9.9999999999902667e-01,2.0805882418298393e-12,1.1406188503592148e+03,-4.4477477390102576e+03,3.5646430258018391e-02,-4.1559124206791523e+01,1.0000000000000000e+00,
9.9736732562986630e-01,-6.8420308907426036e-02,9.9999999999936529e-01,2.6390484757924864e-12,-1.5768588868887150e+02,-3.4680039454153193e+03,5.5728858828596461e-03,-1.6324867335456695e+01,1.0000000000000000e+00,
9.9882249469212847e-01,-2.4807524819787312e-02,9.9999999999961497e-01,3.0955590719053312e-12,-2.0267746632117542e+02,-1.2729232266221097e+03,9.9924399644957251e-05,-4.7194177180453032e+00,1.0000000000000000e+00,
9.9981676353008730e-01,-1.0462699970871093e-02,9.9999999999975797e-01,3.4336816513920393e-12,-1.9359573756783277e+02,-4.8080688420450315e+02,1.7146968372960814e-06,-8.4864635680443001e-01,1.0000000000000000e+00,
9.9993763626246268e-01,-4.0110691462511465e-03,9.9999999999993894e-01,3.6404192107957316e-12,-1.6175238886159755e+02,-1.6291409824094808e+02,2.2592953906053204e-04,6.1143470127184574e-03,1.0000000000000000e+00,
1.0007923018690081e+00,7.9234083669781985e-04,9.9999999998419498e-01,2.2606090742409006e-14,4.2771272370919178e+01,3.6185801929514128e+01,2.8826321273045519e-05,-9.9184911131181082e+01,1.0000000000000000e+00,
1.0735938487475816e+00,1.7537132041555589e-04,9.9999999998576938e-01,7.4398861259959009e-13,1.3340626556544521e+03,2.0508744822927838e+01,7.2164894198423202e-04,-9.0819263546105446e+01,1.0000000000000000e+00,
1.0874681679937801e+00,-3.8056769758096923e-02,9.9999999999430222e-01,1.4404686238517140e-12,2.2308916569037137e+03,-2.2395465314239118e+02,1.3828367066382949e-03,-7.0258656892331032e+01,1.0000000000000000e+00,
1.0451341821145599e+00,-4.0998745854740927e-02,9.9999999999804889e-01,2.0819137924555063e-12,1.8136325953883425e+03,-1.0479406356679410e+03,4.6627272002643105e-05,-4.3149899193725446e+01,1.0000000000000000e+00,
1.0188540408412226e+00,-3.3457281841509916e-02,9.9999999999929479e-01,2.6418938008309122e-12,7.3674839568448078e+02,-1.0517334126987407e+03,5.3152662812683965e-04,-2.1692050997425689e+01,1.0000000000000000e+00,
1.0084501546979259e+00,-1.6868001580077389e-02,9.9999999999960709e-01,3.0994985619571872e-12,2.2751005907414310e+02,-7.1483444412336939e+02,1.9772203160156598e-05,-8.6246723054915755e+00,1.0000000000000000e+00,
1.0042497095270582e+00,-7.3913323135519305e-03,9.9999999999952949e-01,3.4381304660401265e-12,3.7283164654271786e+01,-3.3128146632814151e+02,2.0767441499119910e-07,-2.7267041210288010e+00,1.0000000000000000e+00,
1.0029602865035567e+00,-2.8130913516526794e-03,9.9999999999733968e-01,3.6451069790101283e-12,-1.2485713274311593e+01,-1.2011166764928021e+02,2.7102854283696937e-05,-6.2971436657441870e-01,1.0000000000000000e+00,

64,9
1.0811921042542021e+00,-4.3983884165225295e-04,1.0000000000053284e+00,6.9158253573383895e-13,2.4737488801583822e+03,-4.9106682113961142e+01,4.6302671832002034e+01,-1.1136548755701386e+02,1.0000000000000000e+00,
1.1179125794057445e+00,-3.8621178918083957e-04,1.0000000000097260e+00,1.3826576161362334e-12,3.4668544300608155e+03,-8.9489500505806063e+00,5.1309025511719897e-02,-8.6537152402372357e+01,1.0000000000000000e+00,
1.1187626806190079e+00,2.9502793320261730e-02,1.0000000000092362e+00,2.0210231612052216e-12,3.4647498073757524e+03,7.0861330234924935e+02,5.0187837153593123e-02,-5.5355420796278906e+01,1.0000000000000000e+00,
1.0983784329023207e+00,3.8584500059304777e-02,1.0000000000028553e+00,2.5802895430060391e-12,2.7641037355466324e+03,8.0574898934364683e+02,4.6570966870590480e-02,-3.2084515676700192e+01,1.0000000000000000e+00,
1.0542270579862509e+00,3.5166153055265138e-02,1.0000000000008704e+00,3.0395327635094019e-12,1.8511424136865535e+03,7.6946837795171632e+02,3.3938493203167219e-02,-1.7572740358453967e+01,1.0000000000000000e+00,
1.0270610663509281e+00,1.8828971447186246e-02,1.0000000000021363e+00,3.3821298050394425e-12,1.1792485845333667e+03,5.5590458768234657e+02,5.5397420975130188e-03,-9.0707892595317947e+00,1.0000000000000000e+00,
1.0127256682068460e+00,8.2462642091749912e-03,1.0000000000063618e+00,3.5952312499654169e-12,7.2813504431064757e+02,3.1812506486369330e+02,3.1418638714788595e-03,-3.8840362844911276e+00,1.0000000000000000e+00,
1.0065797053405963e+00,3.1001182759386701e-03,1.0000000000184772e+00,3.6703504290649827e-12,4.9033539481409025e+02,1.3644453203814055e+02,6.8561709212853775e-02,-1.1070888860741543e-01,1.0000000000000000e+00,
1.1764952498509036e+00,-1.7037112948117467e-02,1.0000000000022189e+00,6.9168540918995442e-13,4.8071749422917492e+03,-1.7611735674659940e+03,1.6515550290318694e+02,-1.2007235730408428e+02,1.0000000000000000e+00,
1.1863927523385913e+00,-1.1515926823258303e-02,1.0000000000000902e+00,1.3845774820442829e-12,6.2325085209653480e+03,1.9603380549569920e+02,1.1831717197841125e+00,-8.7812720595005487e+01,1.0000000000000000e+00,
1.1915414328235723e+00,1.0883348388031128e-01,9.9999999999984512e-01,2.0247719796945497e-12,6.1415793276340992e+03,2.5749678311909975e+03,4.9672060238019400e+00,-4.1148999802361530e+01,1.0000000000000000e+00,
1.1523940532378811e+00,1.4255938517239219e-01,9.9999999999981748e-01,2.5840553770072898e-12,2.9200230252754409e+03,2.2894830305060605e+03,5.8101316438414763e+00,-1.9402076161211568e+01,1.0000000000000000e+00,
1.0480716088927717e+00,8.3162504052249522e-02,9.9999999999991829e-01,3.0434447696299315e-12,1.7858414110159174e+03,1.7942438257759532e+03,4.6308188785644244e-01,-8.8491432331494408e+00,1.0000000000000000e+00,
1.0193617876015535e+00,2.8424325830235943e-02,9.9999999999998079e-01,3.3864899117060019e-12,1.0472757189092026e+03,1.1256381324347767e+03,6.3871791834702041e-03,-4.2927259783114966e+00,1.0000000000000000e+00,
1.0086384418815240e+00,1.1560029236892172e-02,1.0000000000000155e+00,3.5999270205322544e-12,6.1244079229548424e+02,5.7515848562987685e+02,5.1366827136592463e-04,-1.8371473628227546e+00,1.0000000000000000e+00,
1.0044960395147298e+00,4.3498294920913307e-03,1.0000000000010085e+00,3.6751693608678240e-12,4.0408581814779473e+02,2.3349136174453974e+02,9.1722575399776379e-02,-5.2711327237707925e-02,1.0000000000000000e+00,
1.7560406479156629e+00,3.2792673107129916e-01,1.0000027914519862e+00,6.9096799838510554e-13,3.0371971880749642e+05,4.3907221425105212e+06,9.7007536028784762e+02,3.7881352751292468e+01,1.0000000000000000e+00,
1.7048829745479002e+00,4.0390769440310975e-01,1.0000005655336852e+00,1.3908475212216301e-12,2.0814424170053267e+05,1.0601180027428104e+06,9.6210612421175426e+02,-8.0114603742848004e+01,1.0000000000000000e+00,
1.8195687178275053e+00,8.8090619084831590e-01,1.0000064291672921e+00,2.0305693378722401e-12,9.9117693201263552e+05,2.2382964700568323e+06,7.4845139493044235e+02,-2.3424034839351080e+00,1.0000000000000000e+00,
2.0319354207428737e+00,1.0966014827880415e+00,1.0000000000009091e+00,2.5886987389208747e-12,1.7697736139184213e+05,2.8639506644699750e+06,1.1766557395416987e+03,5.1514923270885603e+01,1.0000000000000000e+00,
9.9625912631688263e-01,8.6231870256328377e-02,1.0000000000001641e+00,3.0491499218097293e-12,1.4709906471747527e+03,3.4476125131883673e+03,2.7625303517815460e+00,7.9385948172346872e+00,1.0000000000000000e+00,
9.9901774665344889e-01,2.8122060191508935e-02,1.0000000000001645e+00,3.3930633378980383e-12,5.8028430928658747e+02,1.4209889095036378e+03,2.6340716863484936e-02,4.7756609270116535e+00,1.0000000000000000e+00,
9.9978730105768610e-01,1.1464356051276745e-02,1.0000000000001406e+00,3.6070187087008012e-12,2.7531347670379614e+02,6.3627749782788214e+02,1.5453432115952737e-03,2.0987740296629145e+00,1.0000000000000000e+00,
9.9994325145879748e-01,4.3322062367993890e-03,1.0000000000008955e+00,3.6824403221907908e-12,1.7715316568979421e+02,2.4844191409348628e+02,9.0473406780297194e-02,7.1856945818412044e-01,1.0000000000000000e+00,
2.2212559006791026e+00,6.2989593538487509e-01,1.0000150939282608e+00,6.8159509082048739e-13,2.5633654531360292e+05,1.8237537001184181e+06,7.6829181208194245e+02,-8.9340906633643669e+01,1.0000000000000000e+00,
2.0944063338065959e+00,8.9210151067378729e-01,1.0001135390437375e+00,1.4464282514806892e-12,2.5382733765627653e+05,3.6665482267201701e+06,3.5549014971065635e+03,1.1394037990944348e+03,1.0000000000000000e+00,
2.1964194034730733e+00,8.7772355503520860e-01,1.0002333927160711e+00,2.0405076340516048e-12,3.7242128894804046e+05,3.4175364854161539e+06,1.1753490943663412e+03,9.0184577028238820e+01,1.0000000000000000e+00,
3.0429195684247188e+00,3.4358537534376821e-01,1.0000011268895657e+00,2.5952478434579277e-12,1.4739543083479730e+05,3.0048556214874825e+06,1.3232430649571986e+03,2.3991153559195445e+02,1.0000000000000000e+00,
9.8287375616519801e-01,1.2855015325817764e-02,1.0000000000002176e+00,3.0562468683981074e-12,-4.2485136133783453e+02,3.7505424140467312e+03,2.7388258982946043e+00,4.0825717736719298e+01,1.0000000000000000e+00,
9.9062302342418507e-01,1.2208037151807714e-02,1.0000000000001767e+00,3.4009672009835018e-12,-2.3658517722560646e+02,1.4082700342195967e+03,2.7074100043916749e-02,1.6367866222670017e+01,1.0000000000000000e+00,
9.9537722947600360e-01,6.7667288100523330e-03,1.0000000000001423e+00,3.6154440833181776e-12,-1.1620648441134426e+02,6.0272897158226897e+02,1.6665871200978455e-03,6.9058470077990126e+00,1.0000000000000000e+00,
9.9678548449394366e-01,2.7861670250446413e-03,1.0000000000005977e+00,3.6910496163171004e-12,-7.7969159592837741e+01,2.2877988218064593e+02,5.5584792917099099e-02,2.5320864388634092e+00,1.0000000000000000e+00,
2.1845651665171197e+00,3.7057218162059358e-01,1.0000288427255435e+00,6.8552597970568258e-13,9.7645284895831312e+04,3.2853113518102220e+06,1.1114199769800068e+03,-1.8618651046645698e+02,1.0000000000000000e+00,
2.1153500739348914e+00,6.3719486422973604e-01,1.0000312881738638e+00,1.4467441982408083e-12,2.7824280431260390e+05,1.0042475419581999e+06,3.4550886241960052e+03,1.1756310009962569e+03,1.0000000000000000e+00,
2.3141293611712643e+00,5.5180375378958846e-01,1.0002228833105506e+00,2.0420597610420846e-12,5.8720412352680927e+05,1.6030235537679605e+06,1.4306009092508039e+03,1.2322130251007077e+02,1.0000000000000000e+00,
1.9016462723455603e+00,4.7139762775346750e-01,1.0000027548553203e+00,2.6016134228953207e-12,3.5084017820012674e+05,6.5406599188146833e+05,1.3691428292642795e+03,1.2443314006287488e+02,1.0000000000000000e+00,
9.8131187528025521e-01,5.5187989597807949e-03,1.0000000000000415e+00,3.0636961022489734e-12,-1.4637018432718833e+03,1.3521235804703792e+03,1.4294742944163417e+00,4.3352665970029946e+01,1.0000000000000000e+00,
9.9144428190786460e-01,-5.7972900026981571e-04,1.0000000000000566e+00,3.4090324865910463e-12,-6.4634006680335006e+02,6.2157280750373047e+02,2.4254699697538740e-02,1.8218025068556653e+01,1.0000000000000000e+00,
9.9550488704725293e-01,-1.5222364207917848e-04,1.0000000000000517e+00,3.6239247068033550e-12,-3.3153043764849053e+02,2.6217650441424780e+02,1.7871358461096776e-03,7.7585814075255719e+00,1.0000000000000000e+00,
9.9677150597073993e-01,-9.5856672241591178e-06,1.0000000000005553e+00,3.6996820920141219e-12,-2.4300756818468153e+02,1.0185300883366040e+02,4.6887051585939393e-02,2.8950197689729764e+00,1.0000000000000000e+00,
1.7638363099213672e+00,9.0525624386678882e-01,1.0000000000366569e+00,6.9697508058136222e-13,4.6615332380963082e+03,4.9309724744917045e+05,7.6814484783504349e+02,7.5633978475906531e+01,1.0000000000000000e+00,
1.9431216077467184e+00,4.3860235897179944e-01,1.0000003653315410e+00,1.3984972197316557e-12,4.4611855207302142e+03,4.1666132135719252e+06,8.1569742167678874e+02,-8.5353146030101016e+01,1.0000000000000000e+00,
1.7871146480280988e+00,7.5822048773803385e-02,1.0000100634014244e+00,2.0425960020315010e-12,4.8514946933047421e+05,5.4523080406383136e+06,8.6394076122680497e+02,7.1628101979814247e+01,1.0000000000000000e+00,
1.6179548857461661e+00,4.6964114505983950e-01,1.0000000000009628e+00,2.6067061443059461e-12,2.2941538856785046e+05,3.1113787472025356e+06,1.0072766693730414e+03,8.0993964418547336e+01,1.0000000000000000e+00,
9.9721875999056508e-01,-9.7331803642837587e-03,9.9999999999991862e-01,3.0700098809989546e-12,6.9648185002533864e+02,-7.5123011317263081e+02,2.0512898337302716e+00,3.9519588434967424e+01,1.0000000000000000e+00,
9.9920190194655900e-01,-7.4428557253945621e-03,9.9999999999996414e-01,3.4159223718297402e-12,-2.2698222920062540e+02,-2.5198185234464108e+02,2.4100734202169016e-02,1.6275169769496433e+01,1.0000000000000000e+00,
9.9964677589007334e-01,-3.0527094978054898e-03,9.9999999999998868e-01,3.6311468321136589e-12,-1.7694793630548898e+02,-7.5471907458502528e+01,1.7620210159968730e-03,7.1714316740522985e+00,1.0000000000000000e+00,
9.9972794994188974e-01,-2.6578893373276264e-04,1.0000000000005589e+00,3.7070201579136391e-12,-1.5876690613113939e+02,-1.8387471621556628e+00,7.5268836872726841e-02,2.7458203473788769e+00,1.0000000000000000e+00,
1.2087673535425401e+00,2.8933593964499094e-01,1.0000000000360945e+00,6.9926068810857358e-13,2.5257995152995136e+03,3.6969429541439167e+03,1.9832522667260957e+02,-9.2497857091688957e+01,1.0000000000000000e+00,
1.2410486378198700e+00,1.3789281349398169e-01,9.9999999999976408e-01,1.3981987344557057e-12,2.7155705148583365e+03,2.1614403903457060e+03,1.1238797491306851e+00,-7.2279976167407966e+01,1.0000000000000000e+00,
1.2339935258824204e+00,-2.1566384919551795e-03,9.9999999999989897e-01,2.0439086103022634e-12,6.9201741402370317e+03,2.5120419374137346e+03,3.4980593800145066e+00,-4.1251181197674242e+01,1.0000000000000000e+00,
1.1034684200637557e+00,-3.7014541489267007e-02,9.9999999999984246e-01,2.6095898083129829e-12,7.0349686545655422e+03,-3.2856128350995277e+02,4.1405502240617675e+00,3.1822026013600730e+00,1.0000000000000000e+00,
1.0415627552695059e+00,-1.8686755317294874e-02,9.9999999999976164e-01,3.0740634383065769e-12,1.8027410112347970e+03,-7.9262343618905743e+02,3.5877431580110253e-01,5.6892490106221683e+00,1.0000000000000000e+00,
1.0170319072226033e+00,-8.1916084698861764e-03,9.9999999999985234e-01,3.4205190121428190e-12,6.5902772150938017e+02,-3.6829259606978394e+02,7.8844774266201290e-03,5.2170105153053177e+00,1.0000000000000000e+00,
1.0076492924401177e+00,-3.1699783515237489e-03,9.9999999999995459e-01,3.6360015267130736e-12,1.9051811902003237e+02,-1.3604906974879623e+02,3.8700317271794793e-04,3.2588315933032517e+00,1.0000000000000000e+00,
1.0038927351703404e+00,-2.5569382060669483e-04,1.0000000000004929e+00,3.7119555944381593e-12,2.1351409700048407e+01,-3.6221727362732992e+00,7.6120415912822675e-02,1.4897921537680228e+00,1.0000000000000000e+00,
1.0953545318827118e+00,9.2383921401190311e-02,1.0000000000867031e+00,6.9961950205479723e-13,1.4608250361397950e+03,1.4182117957103401e+03,5.5921666018454438e+01,-8.6257468018120420e+01,1.0000000000000000e+00,
1.1306203152678498e+00,6.0900664668123813e-02,1.0000000000648257e+00,1.3985995185985317e-12,2.4713794771046232e+03,1.1206590516610959e+03,4.1952518455737331e-02,-6.8575029709014530e+01,1.0000000000000000e+00,
1.1299992597002020e+00,6.7268929492615313e-04,1.0000000000152831e+00,2.0443847456225914e-12,2.9973984462854824e+03,6.7381694847681501e+02,4.9830186204491422e-02,-4.3615451791186260e+01,1.0000000000000000e+00,
1.0923649038271008e+00,-1.0452033528403121e-03,1.0000000000037761e+00,2.6105395108707943e-12,2.9637598666153281e+03,-8.7129945252399921e+00,5.2135555456417348e-02,-1.8166596061456822e+01,1.0000000000000000e+00,
1.0498946663851247e+00,-6.0386207043802470e-04,1.0000000000034495e+00,3.0754811126805972e-12,1.8023940042897266e+03,-2.3512173898325273e+01,2.9257095846574321e-02,-5.6262127100202477e+00,1.0000000000000000e+00,
1.0242264235626568e+00,-2.7710472423004672e-04,1.0000000000048330e+00,3.4221814644829736e-12,8.9040052515356365e+02,-1.2102831700286742e+01,5.3255478304560337e-03,-1.1976011024777335e+00,1.0000000000000000e+00,
1.0112893936014977e+00,-1.0793296416238631e-04,1.0000000000048577e+00,3.6377722937857199e-12,3.4968517983511447e+02,-4.6510758222524373e+00,2.8198210191839740e-03,-3.7266194160198829e-02,1.0000000000000000e+00,
1.0057590374876364e+00,-8.5882191219053262e-06,1.0000000000037375e+00,3.7137580106952633e-12,1.0770138053439950e+02,-1.2515850051926236e-01,5.6616100060401825e-02,4.4413043486594361e-02,1.0000000000000000e+00,

