1
1
2
4
(4 0
((32,112) (47,127) (0,0))
((48,112) (63,127) (0,0))
((32,128) (47,143) (0,0))
((48,128) (63,143) (0,0))
)
4
FabOnDisk: SD_2_Old_MF_D_00000 0
FabOnDisk: SD_2_Old_MF_D_00000 9302
FabOnDisk: SD_2_Old_MF_D_00000 18604
FabOnDisk: SD_2_Old_MF_D_00000 27906

4,2
-1.3168953647033472e+03,-1.5769260523368155e+03,
-1.3316971972545585e+02,-1.8200851971834961e+03,
-1.3168953647033584e+03,-6.3805084191139667e+02,
-1.3316971972545369e+02,-3.5455992404405299e+02,

4,2
2.7109189439362916e+02,6.3805084191134381e+02,
1.4422723573415090e+03,3.5455992404402093e+02,
2.7109189439363018e+02,1.5769260523368341e+03,
1.4422723573415549e+03,1.8200851971834950e+03,

