1
1
2
4
(4 0
((80,240) (95,255) (0,0))
((96,240) (111,255) (0,0))
((80,256) (95,271) (0,0))
((96,256) (111,271) (0,0))
)
4
FabOnDisk: SD_2_New_MF_D_00000 0
FabOnDisk: SD_2_New_MF_D_00000 9302
FabOnDisk: SD_2_New_MF_D_00000 18605
FabOnDisk: SD_2_New_MF_D_00000 27907

4,2
-2.0366918518563652e+03,-1.7610404909900376e+03,
-2.0463385864175831e+02,-2.1855346999197413e+03,
-2.0366918518401339e+03,-8.8805355259263592e+02,
-2.0463385864176718e+02,-1.6765308179158915e+03,

4,2
2.8116749293723467e+02,8.8805355259310272e+02,
2.9873342605720527e+03,1.6765308178354469e+03,
2.8116749293723575e+02,1.7610404909900533e+03,
2.9873342605724865e+03,2.1855346999197486e+03,

