1
1
8
0
(2 0
((96,104) (127,127) (0,0))
((0,120) (95,127) (0,0))
)
2
FabOnDisk: Cell_D_00000 0
FabOnDisk: Cell_D_00000 49239

2,8
-2.7533517512636785e-01,-6.2018972119840476e-01,9.9982405226584592e-01,0.0000000000000000e+00,-7.4727860476425245e-01,-1.4967004474441361e+00,2.1031962329409737e-04,-4.6365947732459674e-02,
-7.1448458153165736e-02,6.8005842485536789e-05,9.9997487608955760e-01,0.0000000000000000e+00,-1.6188721313636950e-01,-9.5818731570790998e+00,1.8549104357189883e-01,-1.3192550387455373e-01,

2,8
9.1722049258554672e-01,4.6693453866574613e-02,1.0000000000001650e+00,0.0000000000000000e+00,3.4850985026234468e+01,3.0437204562410468e+01,6.6446296229657690e+01,7.1974089494561833e-01,
9.0914135046328992e-01,1.9899336844088983e-01,1.0000001144953614e+00,0.0000000000000000e+00,1.3291550036028552e+01,7.8068093699928101e+00,7.2725897240982405e+01,-7.1704173999810226e-04,

