1
1
8
0
(2 0
((96,104) (127,127) (0,0))
((0,120) (95,127) (0,0))
)
2
FabOnDisk: Cell_D_00000 0
FabOnDisk: Cell_D_00000 49239

2,8
-2.7662734087028312e-01,-6.3403713511458393e-01,9.9830090552798079e-01,0.0000000000000000e+00,-7.6672542600106097e-01,-1.5590178350569610e+00,1.3114022782301227e-04,-4.8304394206893614e-02,
-7.7822903809704719e-02,4.6614954526121262e-05,9.9996401654168154e-01,0.0000000000000000e+00,-5.6570514633345970e-01,-1.1249179473314086e+01,1.4695665026049065e-01,-2.0766104505709798e-01,

2,8
9.1762305036121561e-01,4.9659203331622222e-02,1.0034796363471856e+00,0.0000000000000000e+00,6.2083400745210497e+01,3.5285161375426028e+01,7.0095685357961628e+01,8.5066884910181917e-01,
9.1044971107473338e-01,2.0783364810563845e-01,1.0000345544151636e+00,0.0000000000000000e+00,3.2303599832359751e+01,2.4032508760328533e+00,7.5665630591731755e+01,-1.1719672108753401e-03,

