1
1
8
0
(4 0
((240,224) (255,239) (0,0))
((224,240) (255,255) (0,0))
((0,248) (127,255) (0,0))
((128,248) (223,255) (0,0))
)
4
FabOnDisk: Cell_D_00000 0
FabOnDisk: Cell_D_00000 16472
FabOnDisk: Cell_D_00000 49328
FabOnDisk: Cell_D_00000 114950

4,8
-2.7675124343474555e-01,-6.2864509148783654e-01,9.9974262295831973e-01,0.0000000000000000e+00,-5.9914439271598541e-01,-1.5031267101515002e+00,1.1094804272094194e-02,-4.1784340152048953e-02,
-8.1149118609357515e-02,-6.4270847863953395e-01,9.9607918591927014e-01,0.0000000000000000e+00,-6.4120705498056907e-01,-8.0647016135368066e-02,2.3042693459223784e-01,-4.0251007173405504e-02,
-8.0604858980298510e-02,3.7981507499934663e-05,9.9999999999825540e-01,0.0000000000000000e+00,-7.4884545493212684e-01,-4.0404717395068516e+01,1.2476459365586479e-01,-3.1242453165810802e-01,
3.7313179048128203e-01,-4.4737467301162967e-06,9.9996738670867669e-01,0.0000000000000000e+00,-4.5986621804616901e-01,-4.0784673990376774e-02,1.5989404253472733e+01,-1.9505833927943340e-02,

4,8
3.8629527756620610e-02,-2.8239814259786441e-02,1.0000567774649622e+00,0.0000000000000000e+00,2.4328748424324882e+00,2.2510262544124195e+00,4.5317585344598747e+01,5.6494034320772990e-02,
9.5902132175837784e-01,2.8605637656615938e-02,1.0020139503371199e+00,0.0000000000000000e+00,9.3887893357089894e+01,8.0291260980055725e+01,1.3699577657811807e+02,1.0964478776785895e+00,
9.5197577101704356e-01,2.4043720635521526e-01,1.0000000000030964e+00,0.0000000000000000e+00,5.4567734332750888e+01,2.0710336396129335e+01,1.4654014331058139e+02,-8.6925762361132891e-03,
9.5906678996623940e-01,6.5403388457636246e-03,1.0000217473047457e+00,0.0000000000000000e+00,4.1674011411347411e-02,4.6180444828927891e-01,2.3905164374056540e+01,-1.1516181386634990e-03,

