1
1
2
1
(4 0
((120,88) (127,95) (0,0))
((112,96) (127,111) (0,0))
((0,112) (63,127) (0,0))
((64,112) (127,127) (0,0))
)
4
FabOnDisk: SD_2_New_MF_D_00003 0
FabOnDisk: SD_2_New_MF_D_00001 0
FabOnDisk: SD_2_New_MF_D_00002 0
FabOnDisk: SD_2_New_MF_D_00000 0

4,2
-1.3168572637951728e-01,-4.0511094806343589e-01,
-3.2416031745134577e-01,-4.4016547459469846e-01,
-4.9682921427309246e-01,-1.1277031596740901e+01,
-1.4732601643693786e+00,-8.4786161395074922e-01,

4,2
8.3658157606123995e-01,-1.0896595638765080e-01,
7.9302938464952011e-01,8.8208851925101817e-01,
3.2294085358383050e+01,2.4104991011204517e+00,
6.2093628857208003e+01,3.5293667593055339e+01,

