1
1
2
1
(4 0
((120,88) (127,95) (0,0))
((112,96) (127,111) (0,0))
((0,112) (63,127) (0,0))
((64,112) (127,127) (0,0))
)
4
FabOnDisk: SD_2_Old_MF_D_00003 0
FabOnDisk: SD_2_Old_MF_D_00001 0
FabOnDisk: SD_2_Old_MF_D_00002 0
FabOnDisk: SD_2_Old_MF_D_00000 0

4,2
-1.2260975140381347e-01,-3.9378824476820401e-01,
-3.2294504597630691e-01,-4.4400852006032165e-01,
-4.9744986140830277e-01,-1.1279694848067603e+01,
-1.4740421737557337e+00,-8.4765582061644018e-01,

4,2
8.2023376584974417e-01,-9.4460224352892447e-02,
7.6014965666224443e-01,8.7803824504513051e-01,
3.2293114942473892e+01,2.4093969399201463e+00,
6.2093834143162582e+01,3.5293571003901469e+01,

