1
1
4
4
(64 0
((0,0) (15,15) (0,0))
((16,0) (31,15) (0,0))
((32,0) (47,15) (0,0))
((48,0) (63,15) (0,0))
((64,0) (79,15) (0,0))
((80,0) (95,15) (0,0))
((96,0) (111,15) (0,0))
((112,0) (127,15) (0,0))
((0,16) (15,31) (0,0))
((16,16) (31,31) (0,0))
((32,16) (47,31) (0,0))
((48,16) (63,31) (0,0))
((64,16) (79,31) (0,0))
((80,16) (95,31) (0,0))
((96,16) (111,31) (0,0))
((112,16) (127,31) (0,0))
((0,32) (15,47) (0,0))
((16,32) (31,47) (0,0))
((32,32) (47,47) (0,0))
((48,32) (63,47) (0,0))
((64,32) (79,47) (0,0))
((80,32) (95,47) (0,0))
((96,32) (111,47) (0,0))
((112,32) (127,47) (0,0))
((0,48) (15,63) (0,0))
((16,48) (31,63) (0,0))
((32,48) (47,63) (0,0))
((48,48) (63,63) (0,0))
((64,48) (79,63) (0,0))
((80,48) (95,63) (0,0))
((96,48) (111,63) (0,0))
((112,48) (127,63) (0,0))
((0,64) (15,79) (0,0))
((16,64) (31,79) (0,0))
((32,64) (47,79) (0,0))
((48,64) (63,79) (0,0))
((64,64) (79,79) (0,0))
((80,64) (95,79) (0,0))
((96,64) (111,79) (0,0))
((112,64) (127,79) (0,0))
((0,80) (15,95) (0,0))
((16,80) (31,95) (0,0))
((32,80) (47,95) (0,0))
((48,80) (63,95) (0,0))
((64,80) (79,95) (0,0))
((80,80) (95,95) (0,0))
((96,80) (111,95) (0,0))
((112,80) (127,95) (0,0))
((0,96) (15,111) (0,0))
((16,96) (31,111) (0,0))
((32,96) (47,111) (0,0))
((48,96) (63,111) (0,0))
((64,96) (79,111) (0,0))
((80,96) (95,111) (0,0))
((96,96) (111,111) (0,0))
((112,96) (127,111) (0,0))
((0,112) (15,127) (0,0))
((16,112) (31,127) (0,0))
((32,112) (47,127) (0,0))
((48,112) (63,127) (0,0))
((64,112) (79,127) (0,0))
((80,112) (95,127) (0,0))
((96,112) (111,127) (0,0))
((112,112) (127,127) (0,0))
)
64
FabOnDisk: SD_0_New_MF_D_00000 0
FabOnDisk: SD_0_New_MF_D_00000 18516
FabOnDisk: SD_0_New_MF_D_00000 37032
FabOnDisk: SD_0_New_MF_D_00000 55548
FabOnDisk: SD_0_New_MF_D_00000 74064
FabOnDisk: SD_0_New_MF_D_00000 92580
FabOnDisk: SD_0_New_MF_D_00000 111096
FabOnDisk: SD_0_New_MF_D_00000 129613
FabOnDisk: SD_0_New_MF_D_00000 148131
FabOnDisk: SD_0_New_MF_D_00000 166647
FabOnDisk: SD_0_New_MF_D_00000 185163
FabOnDisk: SD_0_New_MF_D_00000 203679
FabOnDisk: SD_0_New_MF_D_00000 222195
FabOnDisk: SD_0_New_MF_D_00000 240711
FabOnDisk: SD_0_New_MF_D_00000 259227
FabOnDisk: SD_0_New_MF_D_00000 277744
FabOnDisk: SD_0_New_MF_D_00000 296262
FabOnDisk: SD_0_New_MF_D_00000 314778
FabOnDisk: SD_0_New_MF_D_00000 333294
FabOnDisk: SD_0_New_MF_D_00000 351810
FabOnDisk: SD_0_New_MF_D_00000 370326
FabOnDisk: SD_0_New_MF_D_00000 388842
FabOnDisk: SD_0_New_MF_D_00000 407358
FabOnDisk: SD_0_New_MF_D_00000 425875
FabOnDisk: SD_0_New_MF_D_00000 444393
FabOnDisk: SD_0_New_MF_D_00000 462909
FabOnDisk: SD_0_New_MF_D_00000 481425
FabOnDisk: SD_0_New_MF_D_00000 499941
FabOnDisk: SD_0_New_MF_D_00000 518457
FabOnDisk: SD_0_New_MF_D_00000 536973
FabOnDisk: SD_0_New_MF_D_00000 555489
FabOnDisk: SD_0_New_MF_D_00000 574006
FabOnDisk: SD_0_New_MF_D_00000 592524
FabOnDisk: SD_0_New_MF_D_00000 611040
FabOnDisk: SD_0_New_MF_D_00000 629556
FabOnDisk: SD_0_New_MF_D_00000 648072
FabOnDisk: SD_0_New_MF_D_00000 666588
FabOnDisk: SD_0_New_MF_D_00000 685104
FabOnDisk: SD_0_New_MF_D_00000 703620
FabOnDisk: SD_0_New_MF_D_00000 722137
FabOnDisk: SD_0_New_MF_D_00000 740655
FabOnDisk: SD_0_New_MF_D_00000 759171
FabOnDisk: SD_0_New_MF_D_00000 777687
FabOnDisk: SD_0_New_MF_D_00000 796203
FabOnDisk: SD_0_New_MF_D_00000 814719
FabOnDisk: SD_0_New_MF_D_00000 833235
FabOnDisk: SD_0_New_MF_D_00000 851751
FabOnDisk: SD_0_New_MF_D_00000 870268
FabOnDisk: SD_0_New_MF_D_00000 888786
FabOnDisk: SD_0_New_MF_D_00000 907303
FabOnDisk: SD_0_New_MF_D_00000 925820
FabOnDisk: SD_0_New_MF_D_00000 944337
FabOnDisk: SD_0_New_MF_D_00000 962854
FabOnDisk: SD_0_New_MF_D_00000 981371
FabOnDisk: SD_0_New_MF_D_00000 999888
FabOnDisk: SD_0_New_MF_D_00000 1018406
FabOnDisk: SD_0_New_MF_D_00000 1036925
FabOnDisk: SD_0_New_MF_D_00000 1055443
FabOnDisk: SD_0_New_MF_D_00000 1073961
FabOnDisk: SD_0_New_MF_D_00000 1092479
FabOnDisk: SD_0_New_MF_D_00000 1110997
FabOnDisk: SD_0_New_MF_D_00000 1129515
FabOnDisk: SD_0_New_MF_D_00000 1148033
FabOnDisk: SD_0_New_MF_D_00000 1166552

64,4
1.0000053823846393e+00,-4.6586598301304365e-03,9.9999999999999467e-01,-5.1461720811702691e-18,
1.0023622657867870e+00,-4.7179061531784144e-03,9.9999999999997313e-01,-1.4287179372667356e-17,
1.0037239977478729e+00,-8.5671526671012791e-04,9.9999999999994515e-01,-1.9134872460629723e-15,
1.0017333534873096e+00,-2.2620461673851872e-05,9.9999999999993572e-01,-1.6323177264127326e-14,
1.0012886860903818e+00,1.4207661284583320e-06,9.9999999999992251e-01,-1.6366605921953307e-14,
1.0005643700785862e+00,1.7701074724616826e-05,9.9999999999988542e-01,-1.1080100444855135e-14,
1.0001335989188320e+00,1.3728322609218575e-05,9.9999999999988565e-01,-6.6608317854477617e-15,
9.9971046825370891e-01,1.3513025600802239e-05,9.9999999999989464e-01,-3.9830197510215368e-15,
1.0000117196335281e+00,-2.0264548613059992e-02,9.9999999999999201e-01,-6.1061153944585949e-18,
1.0052007363608297e+00,-2.0683107125224802e-02,9.9999999999998945e-01,-1.8929084144631518e-17,
1.0074699942169538e+00,-2.0755654046499226e-03,9.9999999999998457e-01,-5.1655418693523343e-17,
1.0024585365055190e+00,2.9583138249650217e-04,9.9999999999995293e-01,-1.5188114364538724e-16,
1.0008422189734762e+00,3.9353029902192480e-04,9.9999999999997824e-01,-9.9312113612315984e-17,
1.0001942780790898e+00,5.7801268218144234e-04,9.9999999999998879e-01,-4.8856746797389757e-17,
1.0000376605812382e+00,4.2011966346755433e-04,9.9999999999999378e-01,-2.8989769035346615e-17,
9.9979570994773870e-01,4.0937568419738160e-04,9.9999999999999445e-01,-2.4568598114241580e-17,
1.0000388215429268e+00,-8.3508304067316630e-02,9.9999999999999323e-01,-4.4583774645378636e-17,
1.0191301275487248e+00,-9.8288657690999467e-02,9.9999999999999900e-01,-1.1248013867970086e-16,
1.0231112826138304e+00,-2.2183854056048724e-03,9.9999999999999833e-01,-2.3256363194782948e-16,
9.9951948078642650e-01,2.9344012395763706e-03,9.9999999999996003e-01,-3.7573922844650022e-16,
9.9893312221910235e-01,1.9661823775796862e-03,9.9999999999998268e-01,-7.7227468703226708e-16,
9.9908523735096255e-01,9.6610138995997265e-04,9.9999999999998923e-01,-5.2417485054538403e-16,
9.9952182831730330e-01,5.0179093452216517e-04,9.9999999999999012e-01,-3.2945219387809840e-17,
9.9989506647134152e-01,4.5851960599323260e-04,9.9999999999998845e-01,-1.7145164088550351e-17,
8.1597514786973713e-01,-1.5454068093733384e-01,1.0000000000000000e+00,-2.1986537403024328e-15,
-1.0593745916241941e+00,-6.2198259603016881e-01,9.9999999999954403e-01,-2.4725830830357425e-15,
-1.1635340393689657e+00,-9.0725321970041337e-02,9.9999999999983014e-01,-3.2450957116814789e-16,
6.4086751017465837e-01,2.6649955936315748e-03,9.9999999999980482e-01,-1.6194415355890547e-15,
9.8029884823940439e-01,1.5617216622811570e-05,9.9999999999981737e-01,-8.4030256078953479e-15,
9.9548762039438421e-01,-1.2585989679622368e-04,9.9999999999997280e-01,-7.2064785073708368e-15,
9.9899962767431016e-01,1.7855918000509933e-05,9.9999999999998246e-01,-2.5869330676876076e-16,
9.9980835728847406e-01,1.5915880266537877e-05,9.9999999999998923e-01,-1.7608182592581978e-17,
8.1597350423772763e-01,1.9908746212706161e-04,1.0000000000000000e+00,-2.3343800572973762e-15,
-1.0592601811093896e+00,4.6963843245315540e-03,9.9999999999919187e-01,-8.2297416367634165e-15,
-1.1633720899811875e+00,-4.9928105767485276e-01,9.9999999999982003e-01,-3.3292322945465849e-16,
6.4115792325931431e-01,-1.4850769918411391e-01,9.9999999999966693e-01,-1.6709904973292537e-15,
9.8030011208171497e-01,-6.9632522737197930e-03,9.9999999999989519e-01,-8.4207399852289847e-15,
9.9548765480744283e-01,-2.3089359729677596e-03,9.9999999999998757e-01,-7.1379390686055783e-15,
9.9899963200694741e-01,-8.8688560683598534e-04,9.9999999999999689e-01,-2.2941297245600037e-16,
9.9980836099526249e-01,-4.8238821026544399e-04,9.9999999999999745e-01,-1.6523549816661216e-17,
1.0000388200426287e+00,9.7702663245514227e-04,9.9999999999999867e-01,-4.3357008652040892e-17,
1.0191300377315240e+00,4.3854470673945862e-03,9.9999999999997424e-01,-1.1273455456991166e-16,
1.0231133588662797e+00,-9.2841954199766333e-02,9.9999999999979317e-01,-2.3198314989112117e-16,
9.9951859231575790e-01,-8.0857381206408493e-02,9.9999999999971556e-01,-3.9323710988568620e-16,
9.9893298585018375e-01,-6.2467358166040177e-03,9.9999999999998823e-01,-7.8795076577824794e-16,
9.9908530902285897e-01,-2.3844886607032071e-03,9.9999999999998868e-01,-5.2163804259754067e-16,
9.9952195958912804e-01,-1.0240055388460372e-03,9.9999999999999267e-01,-3.1227891853263149e-17,
9.9989518855680370e-01,-6.6942829243577841e-04,9.9999999999999956e-01,-1.5873773999869795e-17,
1.0000117200085077e+00,2.4328336921259169e-04,9.9999999999996469e-01,-3.8457741124699604e-18,
1.0052010825383355e+00,1.3829783640577182e-03,9.9999999999993805e-01,-1.6217018409664195e-17,
1.0074711900289415e+00,-1.8340041362931620e-02,9.9999999999978739e-01,-5.6943883426586834e-17,
1.0024594556207420e+00,-1.8569630714720883e-02,9.9999999999977385e-01,-1.4571483230515547e-16,
1.0008426300113664e+00,-2.8313212970452330e-03,9.9999999999996192e-01,-9.5689191342586219e-17,
1.0001945715202518e+00,-1.8199185196940155e-03,9.9999999999998035e-01,-3.3967344702456677e-17,
1.0000378968720989e+00,-9.6048538224412932e-04,9.9999999999998868e-01,-1.6953516721908958e-17,
9.9979598733424380e-01,-6.6693568594274836e-04,9.9999999999999578e-01,-1.5697540113442146e-17,
1.0000053829891837e+00,5.3792357924255717e-06,9.9999999999984590e-01,-3.4517245159614282e-18,
1.0023626254068752e+00,3.3634232361234634e-05,9.9999999999975042e-01,-1.3542930797119316e-17,
1.0037249920956723e+00,-3.9744187883736584e-03,9.9999999999973466e-01,-2.2879097604918820e-16,
1.0017342687236899e+00,-4.3856382954872907e-03,9.9999999999975764e-01,-1.9392343499661336e-15,
1.0012893233492024e+00,-7.5448117127031313e-04,9.9999999999995193e-01,-1.9148722875011966e-15,
1.0005647845134455e+00,-7.3900441354846720e-04,9.9999999999995737e-01,-1.3003971339691628e-15,
1.0001339175157551e+00,-5.3093943469053294e-04,9.9999999999997713e-01,-7.9055232603579998e-16,
9.9971077226655003e-01,-4.4051111467670421e-04,9.9999999999998546e-01,-4.7745396746019297e-16,

64,4
1.0043526182679898e+00,-5.3786311206853689e-06,1.0000000000000526e+00,-1.7398834937059744e-19,
1.0100376058641525e+00,-3.3622569746404363e-05,1.0000000000001708e+00,4.3461144486172169e-18,
1.0101812605743412e+00,3.9744184616601463e-03,1.0000000000002454e+00,1.1508918606236223e-15,
1.0065779674716813e+00,4.3855330123335999e-03,1.0000000000002407e+00,1.0972757622097763e-14,
1.0023238113841619e+00,7.5424145007444842e-04,1.0000000000000888e+00,1.1378100017043456e-14,
1.0012531317336906e+00,7.3878434856138487e-04,1.0000000000000644e+00,8.0290873131971430e-15,
1.0006147059993591e+00,5.3080877214054932e-04,1.0000000000000637e+00,4.7695914272161398e-15,
1.0001300290421440e+00,4.4049705318065246e-04,1.0000000000000688e+00,2.8458766586103799e-15,
1.0158230521655607e+00,-2.4326562972994375e-04,1.0000000000000051e+00,-1.8500779090458186e-19,
1.0385589094932020e+00,-1.3825318537090386e-03,1.0000000000000042e+00,3.9532347955135366e-18,
1.0387220345552102e+00,1.8339722428334239e-02,1.0000000000000342e+00,5.1139421599701019e-17,
1.0198451351524052e+00,1.8569017713601865e-02,1.0000000000000353e+00,9.7085402315810968e-17,
1.0030830398070789e+00,2.8305459384998129e-03,9.9999999999999845e-01,7.0144340386246920e-17,
1.0012341488659813e+00,1.8194717990833015e-03,1.0000000000000040e+00,1.7893505877263158e-17,
1.0005183141140053e+00,9.6024914594773809e-04,1.0000000000000067e+00,-7.7187695513864359e-18,
1.0001088174846435e+00,6.6691062871580646e-04,1.0000000000000060e+00,-1.0300248226511311e-17,
1.0394004619551425e+00,-9.7701770263397157e-04,1.0000000000000213e+00,6.6099850013943863e-20,
1.1796714271510824e+00,-4.3839326272807734e-03,1.0000000000000264e+00,9.5145271309393674e-17,
1.1802992507121619e+00,9.2840563928884429e-02,1.0000000000000375e+00,1.1697938029904957e-16,
1.0414169322825066e+00,8.0851714960440316e-02,1.0000000000000409e+00,3.1193757545235393e-16,
1.0030361033799990e+00,6.2455310513226461e-03,1.0000000000000175e+00,1.7539180150652699e-16,
1.0007028541413665e+00,2.3840157883735689e-03,1.0000000000000024e+00,1.2306310424291003e-16,
1.0001430420572126e+00,1.0237448094951079e-03,1.0000000000000020e+00,-1.5763784662538700e-18,
1.0002035268270333e+00,6.6940215903796589e-04,9.9999999999999911e-01,-1.2112311934029407e-17,
1.0390452406879496e+00,-1.9947203843690475e-04,1.0000000000001088e+00,3.4840675118744979e-15,
1.0000000000000000e+40,1.0000000000000000e+40,1.0000000000000000e+40,1.0000000000000000e+40,
1.5584733817478302e+00,4.9956480194607444e-01,1.0000000000002420e+00,8.9612659802644973e-16,
1.0406967966355789e+00,1.4842800279744939e-01,1.0000000000000775e+00,1.2942509187512081e-15,
9.9896498324602401e-01,6.9663564485050403e-03,1.0000000000000713e+00,8.1836782740216839e-15,
9.9944795739333736e-01,2.3085065127378848e-03,1.0000000000000655e+00,7.1153384513019317e-15,
9.9986427205939987e-01,8.8661599605697355e-04,9.9999999999999600e-01,2.0687029069158005e-16,
1.0003016920218497e+00,4.8235714630619810e-04,9.9999999999999722e-01,-1.0391669077815940e-17,
1.0390412251966565e+00,1.5453283615226915e-01,1.0000000000001183e+00,3.5943725250284799e-15,
1.0000000000000000e+40,1.0000000000000000e+40,1.0000000000000000e+40,1.0000000000000000e+40,
1.5584761490734063e+00,9.0868832245397907e-02,1.0000000000002365e+00,9.1160458557057562e-16,
1.0407029002831734e+00,-2.6609830175362819e-03,1.0000000000001574e+00,1.3517888226056837e-15,
9.9896400873270852e-01,-1.5909899140432434e-05,1.0000000000001477e+00,8.2683515319388932e-15,
9.9944807910560352e-01,1.2551804565707372e-04,1.0000000000000848e+00,7.0993212970141576e-15,
9.9986438745390460e-01,-1.8005957192953573e-05,1.0000000000000155e+00,1.8511342653869133e-16,
1.0003016955533393e+00,-1.6005333241107137e-05,1.0000000000000100e+00,-1.1357101092179622e-17,
1.0393969742902189e+00,8.3508728705026222e-02,1.0000000000000813e+00,6.9251627696002569e-19,
1.1796748561032759e+00,9.8292201895299094e-02,1.0000000000000331e+00,1.1133540793299721e-16,
1.1803033121380062e+00,2.2202486837297666e-03,9.9999999999999034e-01,1.3569761634735547e-16,
1.0414218127520414e+00,-2.9352997908766265e-03,1.0000000000000437e+00,3.3559289898716050e-16,
1.0030368848329394e+00,-1.9666590225088810e-03,1.0000000000000289e+00,2.0183258804665492e-16,
1.0007032349982437e+00,-9.6638062448900844e-04,1.0000000000000018e+00,1.2866246187209219e-16,
1.0001433212680446e+00,-5.0193591874269554e-04,1.0000000000000024e+00,-2.8342684010473049e-19,
1.0002036410697277e+00,-4.5860659904438286e-04,1.0000000000000022e+00,-9.3368389833465690e-18,
1.0158229939682468e+00,2.0265600284363191e-02,1.0000000000000400e+00,-1.1564505577837800e-19,
1.0385602910739522e+00,2.0684291225610090e-02,1.0000000000000089e+00,1.1692316531839184e-17,
1.0387235272530859e+00,2.0769011032638189e-03,9.9999999999997924e-01,7.6167448716572590e-17,
1.0198470607534789e+00,-2.9610872985467724e-04,1.0000000000000016e+00,1.2932293521812119e-16,
1.0030838890450842e+00,-3.9381870107985947e-04,9.9999999999999345e-01,9.1793792070422063e-17,
1.0012347274199453e+00,-5.7815660451351241e-04,9.9999999999999623e-01,2.4676929779441950e-17,
1.0005187153327340e+00,-4.2019056766754039e-04,1.0000000000000042e+00,-5.9814187056607664e-18,
1.0001091285477803e+00,-4.0942862999186454e-04,1.0000000000000060e+00,-8.9233242217776678e-18,
1.0043529339828434e+00,4.6591598797333196e-03,1.0000000000005222e+00,-1.2479568361224871e-19,
1.0100385134665533e+00,4.7184087044604590e-03,1.0000000000011511e+00,1.3068267811656586e-17,
1.0101822597536985e+00,8.5710890496320060e-04,1.0000000000013192e+00,2.7977919283607405e-16,
1.0065791327295492e+00,2.2553961430256394e-05,1.0000000000012588e+00,2.5885497811731958e-15,
1.0023247037729921e+00,-1.4281325672661073e-06,1.0000000000002427e+00,2.7351551155280991e-15,
1.0012537386988658e+00,-1.7705547211366396e-05,1.0000000000002196e+00,1.8459826469376897e-15,
1.0006151499829998e+00,-1.3730563167399222e-05,1.0000000000001223e+00,1.0770057107928868e-15,
1.0001303716686085e+00,-1.3514797061713907e-05,1.0000000000000338e+00,6.3158360984084084e-16,

