1
1
8
0
(5 0
((112,96) (127,111) (0,0))
((0,112) (31,127) (0,0))
((32,112) (63,127) (0,0))
((64,112) (95,127) (0,0))
((96,112) (127,127) (0,0))
)
5
FabOnDisk: Cell_D_00003 0
FabOnDisk: Cell_D_00002 0
FabOnDisk: Cell_D_00001 0
FabOnDisk: Cell_D_00000 0
FabOnDisk: Cell_D_00003 16471

5,8
-2.5049953884311599e-01,-6.5542485185740584e-01,9.9960979855565735e-01,0.0000000000000000e+00,-1.9790510215884471e-01,-7.1184571454659640e-01,1.0568654521014764e-01,-7.5644494181972249e-02,
-7.4451752769589402e-02,1.1828528174738220e-03,9.9999999999917799e-01,0.0000000000000000e+00,-6.5518714656910421e-02,-9.6016586176038743e+00,1.6572860676404844e-03,-1.2202265716171137e-01,
-4.6611877168714996e-02,4.0781602143474431e-04,9.9999999999973577e-01,0.0000000000000000e+00,-3.7092013514921467e-02,-1.0932654802087889e-02,2.0627734122664121e-01,-7.4562480485114834e-03,
-2.6940973559663135e-02,2.9237181318642026e-04,9.9999999999968914e-01,0.0000000000000000e+00,-3.3066638422995398e-01,-1.2622819764322953e-02,6.1293743998775385e-01,-4.0380938400751590e-02,
-6.4749205621799658e-02,-6.7046330390481412e-01,9.9997351349376540e-01,0.0000000000000000e+00,-3.3534134219251444e-01,1.1897699046354432e-02,1.5869928200750372e-01,-5.8925687475088064e-02,

5,8
8.2471935272853195e-02,-2.6395577475791278e-02,1.0004337729078343e+00,0.0000000000000000e+00,1.0204422957489232e+00,7.3642756232587658e-01,2.7466390907686595e+01,2.6986548408530070e-03,
8.7419597813870353e-01,1.9926359959727771e-01,1.0000000000002791e+00,0.0000000000000000e+00,1.3279362760657397e+01,7.8103431402362578e+00,7.2738530203500019e+01,-1.4636705396972513e-03,
9.1685919350960210e-01,5.8597282061032256e-02,1.0000000000002445e+00,0.0000000000000000e+00,2.3482674844456227e-03,6.9088110895857341e-02,2.7036326278000715e+01,-1.8426434010933553e-03,
9.4144739580895453e-01,8.3384214534369561e-02,1.0000000000021809e+00,0.0000000000000000e+00,-3.3975417682139006e-02,1.3413043026186400e-01,1.9747567399491377e+01,-6.8052028185287480e-03,
9.4314120581900673e-01,8.0574544558857694e-02,1.0007193230215266e+00,0.0000000000000000e+00,3.4831460592122809e+01,3.0066411744336502e+01,6.6935903466392688e+01,8.0658924714409619e-01,

