1
1
9
0
(64 0
((0,0) (15,15) (0,0))
((16,0) (31,15) (0,0))
((32,0) (47,15) (0,0))
((48,0) (63,15) (0,0))
((64,0) (79,15) (0,0))
((80,0) (95,15) (0,0))
((96,0) (111,15) (0,0))
((112,0) (127,15) (0,0))
((0,16) (15,31) (0,0))
((16,16) (31,31) (0,0))
((32,16) (47,31) (0,0))
((48,16) (63,31) (0,0))
((64,16) (79,31) (0,0))
((80,16) (95,31) (0,0))
((96,16) (111,31) (0,0))
((112,16) (127,31) (0,0))
((0,32) (15,47) (0,0))
((16,32) (31,47) (0,0))
((32,32) (47,47) (0,0))
((48,32) (63,47) (0,0))
((64,32) (79,47) (0,0))
((80,32) (95,47) (0,0))
((96,32) (111,47) (0,0))
((112,32) (127,47) (0,0))
((0,48) (15,63) (0,0))
((16,48) (31,63) (0,0))
((32,48) (47,63) (0,0))
((48,48) (63,63) (0,0))
((64,48) (79,63) (0,0))
((80,48) (95,63) (0,0))
((96,48) (111,63) (0,0))
((112,48) (127,63) (0,0))
((0,64) (15,79) (0,0))
((16,64) (31,79) (0,0))
((32,64) (47,79) (0,0))
((48,64) (63,79) (0,0))
((64,64) (79,79) (0,0))
((80,64) (95,79) (0,0))
((96,64) (111,79) (0,0))
((112,64) (127,79) (0,0))
((0,80) (15,95) (0,0))
((16,80) (31,95) (0,0))
((32,80) (47,95) (0,0))
((48,80) (63,95) (0,0))
((64,80) (79,95) (0,0))
((80,80) (95,95) (0,0))
((96,80) (111,95) (0,0))
((112,80) (127,95) (0,0))
((0,96) (15,111) (0,0))
((16,96) (31,111) (0,0))
((32,96) (47,111) (0,0))
((48,96) (63,111) (0,0))
((64,96) (79,111) (0,0))
((80,96) (95,111) (0,0))
((96,96) (111,111) (0,0))
((112,96) (127,111) (0,0))
((0,112) (15,127) (0,0))
((16,112) (31,127) (0,0))
((32,112) (47,127) (0,0))
((48,112) (63,127) (0,0))
((64,112) (79,127) (0,0))
((80,112) (95,127) (0,0))
((96,112) (111,127) (0,0))
((112,112) (127,127) (0,0))
)
64
FabOnDisk: Cell_D_00000 0
FabOnDisk: Cell_D_00000 18514
FabOnDisk: Cell_D_00000 37029
FabOnDisk: Cell_D_00000 55544
FabOnDisk: Cell_D_00000 74059
FabOnDisk: Cell_D_00000 92574
FabOnDisk: Cell_D_00000 111089
FabOnDisk: Cell_D_00000 129605
FabOnDisk: Cell_D_00000 148122
FabOnDisk: Cell_D_00000 166637
FabOnDisk: Cell_D_00000 185153
FabOnDisk: Cell_D_00000 203669
FabOnDisk: Cell_D_00000 222185
FabOnDisk: Cell_D_00000 240701
FabOnDisk: Cell_D_00000 259217
FabOnDisk: Cell_D_00000 277734
FabOnDisk: Cell_D_00000 296252
FabOnDisk: Cell_D_00000 314767
FabOnDisk: Cell_D_00000 333283
FabOnDisk: Cell_D_00000 351799
FabOnDisk: Cell_D_00000 370315
FabOnDisk: Cell_D_00000 388831
FabOnDisk: Cell_D_00000 407347
FabOnDisk: Cell_D_00000 425864
FabOnDisk: Cell_D_00000 444382
FabOnDisk: Cell_D_00000 462897
FabOnDisk: Cell_D_00000 481413
FabOnDisk: Cell_D_00000 499929
FabOnDisk: Cell_D_00000 518445
FabOnDisk: Cell_D_00000 536961
FabOnDisk: Cell_D_00000 555477
FabOnDisk: Cell_D_00000 573994
FabOnDisk: Cell_D_00000 592512
FabOnDisk: Cell_D_00000 611027
FabOnDisk: Cell_D_00000 629543
FabOnDisk: Cell_D_00000 648059
FabOnDisk: Cell_D_00000 666575
FabOnDisk: Cell_D_00000 685091
FabOnDisk: Cell_D_00000 703607
FabOnDisk: Cell_D_00000 722124
FabOnDisk: Cell_D_00000 740642
FabOnDisk: Cell_D_00000 759157
FabOnDisk: Cell_D_00000 777673
FabOnDisk: Cell_D_00000 796189
FabOnDisk: Cell_D_00000 814705
FabOnDisk: Cell_D_00000 833221
FabOnDisk: Cell_D_00000 851737
FabOnDisk: Cell_D_00000 870254
FabOnDisk: Cell_D_00000 888772
FabOnDisk: Cell_D_00000 907288
FabOnDisk: Cell_D_00000 925805
FabOnDisk: Cell_D_00000 944322
FabOnDisk: Cell_D_00000 962839
FabOnDisk: Cell_D_00000 981356
FabOnDisk: Cell_D_00000 999873
FabOnDisk: Cell_D_00000 1018391
FabOnDisk: Cell_D_00000 1036910
FabOnDisk: Cell_D_00000 1055427
FabOnDisk: Cell_D_00000 1073945
FabOnDisk: Cell_D_00000 1092463
FabOnDisk: Cell_D_00000 1110981
FabOnDisk: Cell_D_00000 1129499
FabOnDisk: Cell_D_00000 1148017
FabOnDisk: Cell_D_00000 1166536

64,9
1.0000042182807181e+00,-7.0122776876557855e-03,9.9999999999994349e-01,-1.0252744254465708e-12,-5.6834335731715513e-01,6.0241083256009666e-03,9.2129708382453646e-03,6.4897938708390395e-03,1.0000000000000000e+00,
1.0025283604414619e+00,-7.0235339962810839e-03,9.9999999999987543e-01,-2.0354020117279844e-12,-6.0001958166198943e-01,-2.2596904228772741e-01,1.0156188130156299e-04,1.8903828908909993e-03,1.0000000000000000e+00,
1.0069677629371585e+00,-1.7449560319266312e-03,9.9999999999987532e-01,-1.0974342347913294e-13,-4.0922896724749414e-01,-2.6003745779944354e-01,9.0398923062451342e-06,-5.3498123803333666e-04,1.0000000000000000e+00,
1.0045715965202644e+00,5.3154667319478660e-05,9.9999999999989908e-01,1.5510625373854094e-13,-1.3226007298329484e-01,-1.8518093143346220e-01,1.7582807878939455e-07,-7.1622585584553726e-04,1.0000000000000000e+00,
1.0022331437085075e+00,5.3913721866129301e-05,9.9999999999993883e-01,1.8013640050786451e-13,-1.5246981208365826e-02,-4.8489548184866317e-02,5.6563878121293487e-07,-6.2300958700654526e-04,1.0000000000000000e+00,
1.0010462042729062e+00,2.9696895465727527e-05,9.9999999999994171e-01,2.2674676081293388e-13,1.3109919732172955e-02,-2.9339382065128312e-03,7.0638562924343895e-08,-3.3887421876382554e-04,1.0000000000000000e+00,
1.0004981277289442e+00,1.4185732447939643e-05,9.9999999999990563e-01,2.5719036201728735e-13,7.5278447429364985e-03,9.7218756749855098e-05,3.4754215018448914e-06,-1.7847423719322283e-04,1.0000000000000000e+00,
1.0002681872876684e+00,5.2083568328951089e-06,9.9999999999978428e-01,2.7607480123979414e-13,-6.0817133068256967e-04,-1.8691611901982776e-05,2.2971560831698892e-06,-7.1616753360647113e-05,1.0000000000000000e+00,
1.0000079406421940e+00,-2.1850154172745179e-02,9.9999999999995681e-01,-1.1128905761126709e-12,-1.8892111610951838e+00,2.1941624434300161e-01,3.7832913152906211e-01,7.5668021591961225e-03,1.0000000000000000e+00,
1.0042496324795556e+00,-2.1792966361139164e-02,9.9999999999999611e-01,-2.2127895499460576e-12,-1.9254921197550952e+00,-1.2636758888275925e+00,1.6717431381950421e-04,-4.1268028177200806e-03,1.0000000000000000e+00,
1.0081720918089061e+00,-1.9997113437976487e-03,1.0000000000000013e+00,-8.6253656064004750e-14,-5.3046188314126785e-01,-1.2520758373575451e+00,4.7799794320596556e-06,-5.1964843380817409e-03,1.0000000000000000e+00,
1.0027169428844176e+00,2.4251256284584309e-03,1.0000000000000044e+00,1.8765343220828240e-13,-5.6866614592551150e-02,-3.5000581774999528e-01,1.4117605268149092e-05,-3.4200800627964272e-03,1.0000000000000000e+00,
1.0006355883434281e+00,1.7637623246359526e-03,1.0000000000000029e+00,1.9927632219802999e-13,2.6362539831682751e-02,-5.0420922662699805e-02,4.8270496454116962e-08,-9.6962428828597310e-04,1.0000000000000000e+00,
1.0001529824235127e+00,9.2079428579887475e-04,1.0000000000000020e+00,2.3850407892859195e-13,8.1596218713731617e-03,-7.5334396659059583e-05,8.4651846702504807e-06,-3.3917320253918569e-04,1.0000000000000000e+00,
1.0000412399128775e+00,4.2882471875595321e-04,1.0000000000000018e+00,2.6422194894932232e-13,1.9692886216342133e-03,3.4337457090215322e-03,4.1786611863119452e-05,-1.5183478823169156e-04,1.0000000000000000e+00,
1.0000137319174269e+00,1.5601116791717122e-04,1.0000000000000009e+00,2.8028813409114335e-13,-2.3443179842189588e-04,-1.9598279734360534e-05,2.5187680119539112e-05,-5.5492795539291252e-05,1.0000000000000000e+00,
1.0000267019296603e+00,-7.1144164967678641e-02,9.9999999999995026e-01,-1.2024132970104909e-12,-9.2149291544859810e+00,5.9460980546997844e-01,1.5089422635803400e+00,1.1358461638488278e-02,1.0000000000000000e+00,
1.0131395939975401e+00,-7.1034961851364195e-02,9.9999999999997724e-01,-2.4475673047395655e-12,-1.1574591280631408e+01,-1.1503595401301517e+01,5.4670927149280679e-04,-4.4562527203934277e-02,1.0000000000000000e+00,
1.0001186391241477e+00,1.1370825297580208e-04,9.9999999999998601e-01,-1.7108998374364720e-13,-4.8890791026650121e-01,-7.6690529475459446e+00,9.0036054482822703e-05,-3.9200659567738189e-02,1.0000000000000000e+00,
9.9569999385462327e-01,6.3939021209538007e-03,9.9999999999999045e-01,1.8601923447725294e-13,4.9879390313434330e-02,-3.4066871445101188e-01,7.5486541184499600e-06,-4.8328014278328927e-03,1.0000000000000000e+00,
9.9616521186894658e-01,2.9010965011303448e-03,9.9999999999999734e-01,1.9829414374910663e-13,-1.8062502132257546e-02,2.3818128201611576e-02,6.5815554381454255e-06,-9.5366521275551809e-04,1.0000000000000000e+00,
9.9799083916529674e-01,1.1567663084603691e-03,9.9999999999999767e-01,2.3858483690432681e-13,-1.8075755434689967e-02,1.7539012570952417e-02,1.6074746339127255e-04,-2.0241616184959584e-04,1.0000000000000000e+00,
9.9905154363326709e-01,4.7791555077251351e-04,9.9999999999999800e-01,2.6428419490635337e-13,-1.1722370363814478e-02,6.3792037290595436e-03,8.1958786576560860e-05,-4.0147813037661888e-05,1.0000000000000000e+00,
9.9954633998245235e-01,1.6669919058230284e-04,9.9999999999999922e-01,2.8032731379382361e-13,-6.7306243274356404e-03,-1.0582454339271386e-05,3.9467160604760021e-05,-7.2356810640692186e-06,1.0000000000000000e+00,
8.3488567612077758e-01,-1.4148456498407216e-01,9.9999999999958689e-01,-1.8379899643496917e-12,-1.5828487652507025e+01,5.2181620966822717e-01,3.8971439812370878e-01,2.8025382991944649e-02,1.0000000000000000e+00,
-8.0626975517999888e-01,-6.5920783208564071e-01,0.0000000000000000e+00,-2.4581908598624475e-12,-6.3532762171680611e+02,-4.3056447661740850e+02,0.0000000000000000e+00,-9.9114601148270520e-01,0.0000000000000000e+00,
1.1835944214010682e-01,2.4784596539478366e-03,9.9999999999993072e-01,-2.9949408443990824e-13,-4.1258091115114816e+01,-1.9210462271096684e+01,4.0294453805822528e-04,-1.3774966452218088e-01,1.0000000000000000e+00,
9.6137040494700976e-01,3.7884973887216132e-04,9.9999999999997735e-01,1.6614282486357876e-13,-2.5905408654200230e+00,2.0669127305058144e-02,4.2310358811417474e-04,-2.6879360298632197e-03,1.0000000000000000e+00,
9.9011981795937876e-01,1.1119736785366840e-04,9.9999999999999500e-01,1.9743651023473433e-13,-3.3157517795714564e-01,3.4633906981993692e-03,5.3147036902011311e-05,3.5000369315543939e-04,1.0000000000000000e+00,
9.9639973999921772e-01,4.1348323926683868e-05,9.9999999999999734e-01,2.3866258354420864e-13,-7.8107440385640894e-02,8.6328617385181164e-04,1.0901451960495514e-05,1.6245263229085780e-04,1.0000000000000000e+00,
9.9849852973415099e-01,1.6599897218670814e-05,9.9999999999999789e-01,2.6438560001632650e-13,-2.5797967609144299e-02,2.4234787445305236e-04,3.1229143837612416e-06,6.1332358533511787e-05,1.0000000000000000e+00,
9.9931756555829387e-01,5.7335609974855713e-06,9.9999999999999933e-01,2.8039472342265980e-13,-1.1512346731024772e-02,3.3381447102260282e-07,1.4485985596522860e-06,-1.1586584606224343e-07,1.0000000000000000e+00,
8.3488567612078068e-01,1.6283389838696560e-04,9.9999999999943601e-01,-1.9078214700995012e-12,-1.5828487652508128e+01,-4.8044580626740739e+01,3.8971439812393410e-01,2.8025382991933086e-02,1.0000000000000000e+00,
-8.0626975517990940e-01,-7.5986816371229804e-01,0.0000000000000000e+00,-2.6956394159814841e-12,-6.3532762171677655e+02,-5.3187642160811902e+02,0.0000000000000000e+00,-9.9114601148257564e-01,0.0000000000000000e+00,
1.1835944214011432e-01,-5.9294402417524716e-01,9.9999999999983602e-01,-3.0080443297570795e-13,-4.1258091115112698e+01,-1.8271070432523240e+02,4.0294453720890466e-04,-1.3774966452218246e-01,1.0000000000000000e+00,
9.6137040494700998e-01,-2.7471494798642596e-02,9.9999999999998823e-01,1.6762068572708314e-13,-2.5905408654200448e+00,-2.1988566330196258e+00,4.2310358629466666e-04,-2.6879360298691334e-03,1.0000000000000000e+00,
9.9011981795937853e-01,-7.5076587462403876e-03,9.9999999999999889e-01,1.9741799570141477e-13,-3.3157517795686431e-01,-2.7789333553822476e-01,5.3147037110893702e-05,3.5000369315358048e-04,1.0000000000000000e+00,
9.9639973999921749e-01,-2.6344852069550393e-03,9.9999999999999956e-01,2.3867168923858006e-13,-7.8107440385262086e-02,-6.4195508681236871e-02,1.0901451230735295e-05,1.6245263228985111e-04,1.0000000000000000e+00,
9.9849852973415132e-01,-1.0479647605160514e-03,9.9999999999999956e-01,2.6439213338869412e-13,-2.5797967608851821e-02,-1.8908315390771625e-02,3.1229148019298880e-06,6.1332358533126190e-05,1.0000000000000000e+00,
9.9931756555829365e-01,-4.3106913780748500e-04,9.9999999999999900e-01,2.8039696923210464e-13,-1.1512346731040757e-02,-5.6482518136492235e-03,1.4485966193342626e-06,-1.1586584611712050e-07,1.0000000000000000e+00,
1.0000267019296594e+00,6.6731101800275409e-04,9.9999999999945433e-01,-1.3589324681310651e-12,-9.2149291544859082e+00,-6.5456013458040143e+00,1.5089422635809480e+00,1.1358461638479303e-02,1.0000000000000000e+00,
1.0131395939975425e+00,-2.8059844019455653e-02,1.0000000000000133e+00,-2.7061566318979378e-12,-1.1574591280631177e+01,-2.8126770607453917e+00,5.4670927260858093e-04,-4.4562527203951686e-02,1.0000000000000000e+00,
1.0001186391241514e+00,-4.3471530665078570e-02,9.9999999999999678e-01,-1.9527509427829654e-13,-4.8890791026700231e-01,-8.9114461457560989e-01,9.0036053137371175e-05,-3.9200659567753766e-02,1.0000000000000000e+00,
9.9569999385462660e-01,-2.4757904545661576e-02,9.9999999999999678e-01,1.8747331819536791e-13,4.9879390314493857e-02,-8.7474271971337758e-01,7.5486533190893823e-06,-4.8328014278397309e-03,1.0000000000000000e+00,
9.9616521186894902e-01,-7.8101460667170464e-03,1.0000000000000020e+00,1.9791232947452830e-13,-1.8062502132286481e-02,-2.5506828879395238e-01,6.5815553285109019e-06,-9.5366521275963762e-04,1.0000000000000000e+00,
9.9799083916529885e-01,-3.1264687004073856e-03,1.0000000000000013e+00,2.3871032049515493e-13,-1.8075755435057482e-02,-6.4628942144788024e-02,1.6074746362060299e-04,-2.0241616185328237e-04,1.0000000000000000e+00,
9.9905154363326920e-01,-1.3699720431653163e-03,1.0000000000000007e+00,2.6429685286086821e-13,-1.1722370363945682e-02,-2.0488980935796042e-02,8.1958786377111029e-05,-4.0147813040044585e-05,1.0000000000000000e+00,
9.9954633998245179e-01,-5.9347300584392773e-04,9.9999999999999778e-01,2.8034239306855622e-13,-6.7306243272352382e-03,-6.6543179139962596e-03,3.9467160120772171e-05,-7.2356810648002242e-06,1.0000000000000000e+00,
1.0000079406421936e+00,1.7725112226117678e-04,9.9999999999959477e-01,-1.3834600239006966e-12,-1.8892111610970090e+00,-1.9721699052122095e+00,3.7832913152865344e-01,7.5668021591875131e-03,1.0000000000000000e+00,
1.0042496324795569e+00,1.6414967708478908e-03,1.0000000000000071e+00,-2.7507605953124626e-12,-1.9254921197544110e+00,-3.8970441093407993e-01,1.6717431603092969e-04,-4.1268028177297578e-03,1.0000000000000000e+00,
1.0081720918089081e+00,-8.8245218777351468e-03,1.0000000000000036e+00,-1.3509007616411621e-13,-5.3046188314109943e-01,2.1000012368585411e-01,4.7799797623510054e-06,-5.1964843380902957e-03,1.0000000000000000e+00,
1.0027169428844191e+00,-8.8304543604020291e-03,1.0000000000000031e+00,1.8828773332582073e-13,-5.6866614592353912e-02,-6.3735167437711689e-03,1.4117606546293349e-05,-3.4200800628031271e-03,1.0000000000000000e+00,
1.0006355883434290e+00,-5.9200736642910168e-03,1.0000000000000047e+00,1.9846166010679238e-13,2.6362539831543488e-02,-3.3464177765053220e-02,4.8271094760243827e-08,-9.6962428829025927e-04,1.0000000000000000e+00,
1.0001529824235125e+00,-2.9263793596701385e-03,1.0000000000000029e+00,2.3855561611322305e-13,8.1596218717708974e-03,-3.0481113950126572e-02,8.4651842761213070e-06,-3.3917320254379853e-04,1.0000000000000000e+00,
1.0000412399128764e+00,-1.3477224993124770e-03,1.0000000000000009e+00,2.6418170682270319e-13,1.9692886215705980e-03,-1.6014867337138243e-02,4.1786611608071733e-05,-1.5183478823413098e-04,1.0000000000000000e+00,
1.0000137319174254e+00,-5.9052800312043836e-04,9.9999999999999623e-01,2.8027294621420392e-13,-2.3443179880780420e-04,-6.0843844709505979e-03,2.5187679293030112e-05,-5.5492795540329972e-05,1.0000000000000000e+00,
1.0000042182807183e+00,4.2160259195161341e-06,9.9999999999892075e-01,-1.4000289541379771e-12,-5.6834335731703789e-01,-5.1727669850371805e-01,9.2129708343082466e-03,6.4897938708311266e-03,1.0000000000000000e+00,
1.0025283604414390e+00,7.3292240352661726e-05,9.9999999999895606e-01,-2.7904068453994095e-12,-6.0001958166208380e-01,-1.7007534800502158e-01,1.0156188836448962e-04,1.8903828908834312e-03,1.0000000000000000e+00,
1.0069677629371432e+00,-2.0777053131480739e-03,9.9999999999964440e-01,-1.4020294581130178e-13,-4.0922896724684005e-01,5.3291594494999685e-03,9.0398948325229322e-06,-5.3498123803927765e-04,1.0000000000000000e+00,
1.0045715965202640e+00,-2.6737240073711464e-03,9.9999999999990186e-01,1.8676133499875249e-13,-1.3226007297494663e-01,2.1569625203694950e-03,1.7582801963532402e-07,-7.1622585585044674e-04,1.0000000000000000e+00,
1.0022331437085072e+00,-2.5107541254835398e-03,9.9999999999993516e-01,1.9712291428522506e-13,-1.5246981207277310e-02,2.8671980769040930e-04,5.6563866854264511e-07,-6.2300958701183378e-04,1.0000000000000000e+00,
1.0010462042729045e+00,-1.6014047553867799e-03,9.9999999999993117e-01,2.3777981899268307e-13,1.3109919733882093e-02,-5.4846725454656842e-03,7.0638878600648436e-08,-3.3887421876845113e-04,1.0000000000000000e+00,
1.0004981277289420e+00,-8.3399460435105456e-04,9.9999999999993328e-01,2.6370860195766231e-13,7.5278447431165879e-03,-5.4597592244612220e-03,3.4754236395554729e-06,-1.7847423719576146e-04,1.0000000000000000e+00,
1.0002681872876664e+00,-3.8653731167395173e-04,9.9999999999994837e-01,2.8000244151754117e-13,-6.0817132586861509e-04,-3.0045718975335650e-03,2.2971576967961141e-06,-7.1616753361557626e-05,1.0000000000000000e+00,

64,9
1.0034434107484322e+00,-4.2160259190586236e-06,1.0000000000000431e+00,2.2324083229599048e-12,-1.3318028544638712e-02,5.1727669850296432e-01,2.5565570407320819e+00,1.0559649978100001e-02,1.0000000000000000e+00,
1.0094413252976464e+00,-7.3292240352611473e-05,1.0000000000000269e+00,9.7892206071304513e-13,-3.3976650417192256e-01,1.7007534800584956e-01,3.0211767024430486e-01,7.0779607058836583e-03,1.0000000000000000e+00,
1.0096301992315853e+00,2.0777053131510251e-03,1.0000000000000275e+00,1.9508300208327449e-13,-8.1456253362590783e-02,-5.3291594491013290e-03,3.2183239866937809e-03,2.5933900792469251e-03,1.0000000000000000e+00,
1.0078244067848567e+00,2.6737240073720333e-03,1.0000000000000189e+00,2.0453733854424099e-13,2.6372292320146266e-02,-2.1569625203998744e-03,1.9149921237675976e-03,2.8359366301970165e-04,1.0000000000000000e+00,
1.0046302557642266e+00,2.5107541254847069e-03,1.0000000000000118e+00,2.4099997906614975e-13,3.0269182681758548e-02,-2.8671980742563628e-04,4.5798389455911637e-04,-3.2789810678468800e-04,1.0000000000000000e+00,
1.0025574358389595e+00,1.6014047553873259e-03,1.0000000000000071e+00,2.6552585603878431e-13,2.4280849893864462e-02,5.4846725454584210e-03,3.3330902538242202e-04,-1.6379755687673502e-04,1.0000000000000000e+00,
1.0012872114525717e+00,8.3399460435134014e-04,1.0000000000000113e+00,2.8119591917991846e-13,1.3181869940073322e-02,5.4597592247447842e-03,2.4080623028854473e-04,-6.2071641402057872e-05,1.0000000000000000e+00,
1.0006382894957406e+00,3.8653731167382022e-04,1.0000000000000442e+00,2.8649159695812619e-13,8.7826263964226117e-03,3.0045718973101148e-03,5.0483013499128936e-03,1.9005354083830302e-07,1.0000000000000000e+00,
1.0106636135528031e+00,-1.7725112226108121e-04,1.0000000000001164e+00,2.4241945575046056e-12,-2.5141890334614593e-02,1.9721699052122383e+00,7.5184640216381045e+00,2.1562004545045890e-02,1.0000000000000000e+00,
1.0220000226186940e+00,-1.6414967708477217e-03,1.0000000000000120e+00,1.0498848373813781e-12,-4.4707633948182035e-01,3.8970441093398972e-01,1.0941540149932454e+00,9.8140831553662801e-03,1.0000000000000000e+00,
1.0212060341886171e+00,8.8245218777357540e-03,1.0000000000000107e+00,1.8345613207058603e-13,3.5196928997449517e-01,-2.1000012368638452e-01,1.1703381491612319e-02,1.4696274965905090e-03,1.0000000000000000e+00,
1.0094485117160452e+00,8.8304543604027421e-03,1.0000000000000095e+00,1.9715769006396313e-13,3.4121498639228320e-01,6.3735167437296500e-03,8.1559811041347074e-03,-6.7425194262122441e-04,1.0000000000000000e+00,
1.0043381375005911e+00,5.9200736642911374e-03,1.0000000000000080e+00,2.3666025781044610e-13,1.3696911043155366e-01,3.3464177764712971e-02,7.2240312940959062e-04,-2.4410382339308697e-04,1.0000000000000000e+00,
1.0020708468680382e+00,2.9263793596695986e-03,1.0000000000000064e+00,2.6293080466734725e-13,3.4416437789896989e-02,3.0481113950045401e-02,3.2461289718975495e-04,-5.5235044418313139e-05,1.0000000000000000e+00,
1.0009594247941767e+00,1.3477224993122335e-03,1.0000000000000071e+00,2.7963578658887156e-13,1.3091348302203928e-02,1.6014867337223251e-02,1.6915261568453688e-04,-1.2262387087440196e-05,1.0000000000000000e+00,
1.0004558473944978e+00,5.9052800311953848e-04,1.0000000000000084e+00,2.8553766640827797e-13,7.0936189681802871e-03,6.0843844712426222e-03,7.5501260406958103e-03,7.3259937006842457e-08,1.0000000000000000e+00,
1.0329197572348463e+00,-6.6731101800262778e-04,1.0000000000001199e+00,2.6277986585150596e-12,-8.4707717169197824e-02,6.5456013458043909e+00,1.5914871242792190e+01,5.9613237693645245e-02,1.0000000000000000e+00,
1.0844851942703428e+00,2.8059844019454674e-02,1.0000000000000193e+00,1.0748232102068820e-12,3.5115674060944237e+00,2.8126770607464811e+00,1.9510638579652795e+00,1.9187859841307102e-02,1.0000000000000000e+00,
1.0625915084882078e+00,4.3471530665077605e-02,1.0000000000000124e+00,1.8382278519707052e-13,5.4338791665805344e+00,8.9114461457519401e-01,2.0324884109382824e-01,-3.8836353365994201e-03,1.0000000000000000e+00,
1.0094281523707656e+00,2.4757904545660975e-02,1.0000000000000058e+00,1.9664322000092675e-13,1.1578570981015548e+00,8.7474271971301876e-01,1.2235584539499467e-02,3.1783284072998833e-04,1.0000000000000000e+00,
1.0022434956737085e+00,7.8101460667164826e-03,1.0000000000000049e+00,2.3672722582018871e-13,1.5321124255986582e-01,2.5506828879360671e-01,4.3678213766003282e-03,3.8982863673832054e-04,1.0000000000000000e+00,
1.0004403941755324e+00,3.1264687004068643e-03,1.0000000000000022e+00,2.6304394849774112e-13,3.2157037183002550e-02,6.4628942144480672e-02,9.0368122218562053e-04,2.9503508410874522e-04,1.0000000000000000e+00,
1.0000729611080508e+00,1.3699720431646955e-03,1.0000000000000018e+00,2.7970491671645580e-13,6.6110315208682937e-03,2.0488980935722247e-02,2.4160115122667108e-04,1.4211535397003227e-04,1.0000000000000000e+00,
1.0000058941110817e+00,5.9347300584351780e-04,1.0000000000000020e+00,2.8559099430158423e-13,1.3269864173205204e-03,6.6543179141898001e-03,7.5666634125710550e-03,5.3147599134184211e-05,1.0000000000000000e+00,
1.0342966385283241e+00,-1.6283389838696097e-04,1.0000000000001297e+00,2.6160065217617247e-12,5.6798754242533022e+01,4.8044580626737442e+01,1.5491761564053180e+01,2.6419486717680085e-01,1.0000000000000000e+00,
1.4571372084974590e+00,7.5986816371230714e-01,1.0000000000004881e+00,1.7838794128324367e-12,7.4135109700884573e+02,5.3187642160799112e+02,2.5004138731179269e+03,5.0458696231478850e-01,1.0000000000000000e+00,
1.1038402139992587e+00,5.9294402417525016e-01,1.0000000000000850e+00,8.8026724171266230e-13,2.8088940555615449e+02,1.8271070432522751e+02,2.1829498975776377e+02,1.4400624894111719e-01,1.0000000000000000e+00,
9.9711620753969843e-01,2.7471494798641312e-02,9.9999999999999778e-01,1.9553874862139931e-13,1.1054654310866732e+00,2.1988566330187802e+00,1.4517904621246108e-01,1.2680356477533563e-02,1.0000000000000000e+00,
9.9772436950107901e-01,7.5076587462392843e-03,9.9999999999999978e-01,2.3672698960612570e-13,1.2633865056416171e-02,2.7789333553782020e-01,5.4562091277313152e-03,2.4166535291383477e-03,1.0000000000000000e+00,
9.9894277440904078e-01,2.6344852069539034e-03,9.9999999999999978e-01,2.6308312460504283e-13,-1.3647718970916361e-02,6.4195508681208588e-02,9.1181309164536928e-04,7.2065487072416490e-04,1.0000000000000000e+00,
9.9949950253715159e-01,1.0479647605149628e-03,1.0000000000000004e+00,2.7974134139277936e-13,-7.4540656555374535e-03,1.8908315390741816e-02,2.3099942724810058e-04,2.5896253164059727e-04,1.0000000000000000e+00,
9.9973135758259124e-01,4.3106913780639928e-04,1.0000000000000009e+00,2.8561837546507500e-13,3.7077070739917881e-04,5.6482518136530555e-03,5.3837048870235054e-03,8.6933634818624902e-05,1.0000000000000000e+00,
1.0342966385283288e+00,1.4148456498407833e-01,1.0000000000001912e+00,2.8644044310259242e-12,5.6798754242533484e+01,-5.2181620966789555e-01,1.5491761564054640e+01,2.6419486717680107e-01,1.0000000000000000e+00,
1.4571372084974978e+00,6.5920783208565448e-01,1.0000000000003009e+00,1.8598618097564309e-12,7.4135109700864268e+02,4.3056447661726133e+02,2.5004138731181829e+03,5.0458696231479760e-01,1.0000000000000000e+00,
1.1038402139992638e+00,-2.4784596539497916e-03,1.0000000000001039e+00,8.9705602276265753e-13,2.8088940555614073e+02,1.9210462271091373e+01,2.1829498975776878e+02,1.4400624894111214e-01,1.0000000000000000e+00,
9.9711620753970254e-01,-3.7884973887407857e-04,1.0000000000000120e+00,1.9577185396074329e-13,1.1054654310863783e+00,-2.0669127305408860e-02,1.4517904621122041e-01,1.2680356477533423e-02,1.0000000000000000e+00,
9.9772436950108057e-01,-1.1119736785540536e-04,1.0000000000000067e+00,2.3677823296340444e-13,1.2633865057060881e-02,-3.4633906988326734e-03,5.4562091278409497e-03,2.4166535291383117e-03,1.0000000000000000e+00,
9.9894277440904111e-01,-4.1348323928468255e-05,1.0000000000000029e+00,2.6308626711518577e-13,-1.3647718970697293e-02,-8.6328617418046042e-04,9.1181309075823169e-04,7.2065487072412067e-04,1.0000000000000000e+00,
9.9949950253715159e-01,-1.6599897220056773e-05,1.0000000000000016e+00,2.7973923947849904e-13,-7.4540656550937450e-03,-2.4234787445519095e-04,2.3099942593751699e-04,2.5896253164059825e-04,1.0000000000000000e+00,
9.9973135758259113e-01,-5.7335609984092624e-06,1.0000000000000011e+00,2.8561695636232795e-13,3.7077070757478574e-04,-3.3381400129184219e-07,5.3837048861561220e-03,8.6933634818617733e-05,1.0000000000000000e+00,
1.0329197572348503e+00,7.1144164967679405e-02,1.0000000000001330e+00,2.9406877382371387e-12,-8.4707717159477475e-02,-5.9460980546945508e-01,1.5914871242790507e+01,5.9613237693643184e-02,1.0000000000000000e+00,
1.0844851942703466e+00,7.1034961851364875e-02,1.0000000000000642e+00,1.2563118950466262e-12,3.5115674060949509e+00,1.1503595401302855e+01,1.9510638579632977e+00,1.9187859841295132e-02,1.0000000000000000e+00,
1.0625915084882154e+00,-1.1370825297541761e-04,1.0000000000000209e+00,1.8916031714710563e-13,5.4338791665820620e+00,7.6690529475471445e+00,2.0324884109396146e-01,-3.8836353366062445e-03,1.0000000000000000e+00,
1.0094281523707680e+00,-6.3939021209535483e-03,1.0000000000000056e+00,1.9978217599682986e-13,1.1578570981017562e+00,3.4066871445101232e-01,1.2235584537731437e-02,3.1783284072697571e-04,1.0000000000000000e+00,
1.0022434956737098e+00,-2.9010965011310513e-03,1.0000000000000053e+00,2.3679804284555221e-13,1.5321124255993337e-01,-2.3818128201752137e-02,4.3678213768598428e-03,3.8982863673577700e-04,1.0000000000000000e+00,
1.0004403941755324e+00,-1.1567663084615814e-03,1.0000000000000040e+00,2.6303955524739021e-13,3.2157037182975148e-02,-1.7539012571317882e-02,9.0368122040093701e-04,2.9503508410665694e-04,1.0000000000000000e+00,
1.0000729611080506e+00,-4.7791555077364401e-04,1.0000000000000022e+00,2.7971401321947848e-13,6.6110315210304140e-03,-6.3792037290750147e-03,2.4160115087504264e-04,1.4211535396913103e-04,1.0000000000000000e+00,
1.0000058941110810e+00,-1.6669919058256939e-04,1.0000000000000013e+00,2.8559609199999236e-13,1.3269864181049463e-03,1.0582454184660775e-05,7.5666634120732327e-03,5.3147599133964993e-05,1.0000000000000000e+00,
1.0106636135528047e+00,2.1850154172743452e-02,1.0000000000000893e+00,2.9811982077436097e-12,-2.5141890331558184e-02,-2.1941624434280785e-01,7.5184640216395833e+00,2.1562004545043961e-02,1.0000000000000000e+00,
1.0220000226186985e+00,2.1792966361137533e-02,1.0000000000000306e+00,1.2854541165260176e-12,-4.4707633948290570e-01,1.2636758888280373e+00,1.0941540149934592e+00,9.8140831553568050e-03,1.0000000000000000e+00,
1.0212060341886200e+00,1.9997113437985620e-03,1.0000000000000213e+00,1.9120842847523703e-13,3.5196928997510185e-01,1.2520758373579057e+00,1.1703381490772713e-02,1.4696274965827374e-03,1.0000000000000000e+00,
1.0094485117160477e+00,-2.4251256284556007e-03,1.0000000000000151e+00,2.0102363789333283e-13,3.4121498639239212e-01,3.5000581774998274e-01,8.1559811024208007e-03,-6.7425194262626953e-04,1.0000000000000000e+00,
1.0043381375005898e+00,-1.7637623246353495e-03,1.0000000000000100e+00,2.3676431682624852e-13,1.3696911043075713e-01,5.0420922662593744e-02,7.2240313003339718e-04,-2.4410382339661911e-04,1.0000000000000000e+00,
1.0020708468680373e+00,-9.2079428579833634e-04,1.0000000000000058e+00,2.6295114995883869e-13,3.4416437789340053e-02,7.5334396670422021e-05,3.2461289721993913e-04,-5.5235044420821109e-05,1.0000000000000000e+00,
1.0009594247941749e+00,-4.2882471875533418e-04,1.0000000000000040e+00,2.7965237085712455e-13,1.3091348302387420e-02,-3.4337457097437067e-03,1.6915261579972252e-04,-1.2262387088222077e-05,1.0000000000000000e+00,
1.0004558473944969e+00,-1.5601116791741005e-04,1.0000000000000013e+00,2.8555831748358172e-13,7.0936189685417411e-03,1.9598279778286094e-05,7.5501260407691024e-03,7.3259937127438799e-08,1.0000000000000000e+00,
1.0034434107484353e+00,7.0122776876515259e-03,1.0000000000001978e+00,3.0391779917027783e-12,-1.3318028546674930e-02,-6.0241083258272612e-03,2.5565570407327405e+00,1.0559649978093265e-02,1.0000000000000000e+00,
1.0094413252976484e+00,7.0235339962767393e-03,1.0000000000001699e+00,1.3091268168094786e-12,-3.3976650417991550e-01,2.2596904228833106e-01,3.0211767024408837e-01,7.0779607058751200e-03,1.0000000000000000e+00,
1.0096301992315875e+00,1.7449560319270636e-03,1.0000000000000784e+00,1.9682710669392520e-13,-8.1456253362493763e-02,2.6003745779899423e-01,3.2183239886269567e-03,2.5933900792411784e-03,1.0000000000000000e+00,
1.0078244067848572e+00,-5.3154667319034334e-05,1.0000000000000326e+00,2.0604349635718811e-13,2.6372292320229113e-02,1.8518093143298250e-01,1.9149921243199336e-03,2.8359366301335001e-04,1.0000000000000000e+00,
1.0046302557642237e+00,-5.3913721866682386e-05,1.0000000000000111e+00,2.3849355585235873e-13,3.0269182680842482e-02,4.8489548184883532e-02,4.5798389556456209e-04,-3.2789810679001257e-04,1.0000000000000000e+00,
1.0025574358389593e+00,-2.9696895465912875e-05,1.0000000000000064e+00,2.6393101802224918e-13,2.4280849893578805e-02,2.9339382064399078e-03,3.3330902538802735e-04,-1.6379755687921682e-04,1.0000000000000000e+00,
1.0012872114525713e+00,-1.4185732447943386e-05,1.0000000000000042e+00,2.8025072005535644e-13,1.3181869940695257e-02,-9.7218756352955788e-05,2.4080622951825161e-04,-6.2071641403678958e-05,1.0000000000000000e+00,
1.0006382894957411e+00,-5.2083568320723536e-06,1.0000000000000160e+00,2.8590991288869723e-13,8.7826263945574613e-03,1.8691611781126167e-05,5.0483013495204341e-03,1.9005353933394219e-07,1.0000000000000000e+00,

