1
1
4
4
(64 0
((0,0) (15,15) (0,0))
((16,0) (31,15) (0,0))
((32,0) (47,15) (0,0))
((48,0) (63,15) (0,0))
((64,0) (79,15) (0,0))
((80,0) (95,15) (0,0))
((96,0) (111,15) (0,0))
((112,0) (127,15) (0,0))
((0,16) (15,31) (0,0))
((16,16) (31,31) (0,0))
((32,16) (47,31) (0,0))
((48,16) (63,31) (0,0))
((64,16) (79,31) (0,0))
((80,16) (95,31) (0,0))
((96,16) (111,31) (0,0))
((112,16) (127,31) (0,0))
((0,32) (15,47) (0,0))
((16,32) (31,47) (0,0))
((32,32) (47,47) (0,0))
((48,32) (63,47) (0,0))
((64,32) (79,47) (0,0))
((80,32) (95,47) (0,0))
((96,32) (111,47) (0,0))
((112,32) (127,47) (0,0))
((0,48) (15,63) (0,0))
((16,48) (31,63) (0,0))
((32,48) (47,63) (0,0))
((48,48) (63,63) (0,0))
((64,48) (79,63) (0,0))
((80,48) (95,63) (0,0))
((96,48) (111,63) (0,0))
((112,48) (127,63) (0,0))
((0,64) (15,79) (0,0))
((16,64) (31,79) (0,0))
((32,64) (47,79) (0,0))
((48,64) (63,79) (0,0))
((64,64) (79,79) (0,0))
((80,64) (95,79) (0,0))
((96,64) (111,79) (0,0))
((112,64) (127,79) (0,0))
((0,80) (15,95) (0,0))
((16,80) (31,95) (0,0))
((32,80) (47,95) (0,0))
((48,80) (63,95) (0,0))
((64,80) (79,95) (0,0))
((80,80) (95,95) (0,0))
((96,80) (111,95) (0,0))
((112,80) (127,95) (0,0))
((0,96) (15,111) (0,0))
((16,96) (31,111) (0,0))
((32,96) (47,111) (0,0))
((48,96) (63,111) (0,0))
((64,96) (79,111) (0,0))
((80,96) (95,111) (0,0))
((96,96) (111,111) (0,0))
((112,96) (127,111) (0,0))
((0,112) (15,127) (0,0))
((16,112) (31,127) (0,0))
((32,112) (47,127) (0,0))
((48,112) (63,127) (0,0))
((64,112) (79,127) (0,0))
((80,112) (95,127) (0,0))
((96,112) (111,127) (0,0))
((112,112) (127,127) (0,0))
)
64
FabOnDisk: SD_0_Old_MF_D_00000 0
FabOnDisk: SD_0_Old_MF_D_00000 18516
FabOnDisk: SD_0_Old_MF_D_00000 37032
FabOnDisk: SD_0_Old_MF_D_00000 55548
FabOnDisk: SD_0_Old_MF_D_00000 74064
FabOnDisk: SD_0_Old_MF_D_00000 92580
FabOnDisk: SD_0_Old_MF_D_00000 111096
FabOnDisk: SD_0_Old_MF_D_00000 129613
FabOnDisk: SD_0_Old_MF_D_00000 148131
FabOnDisk: SD_0_Old_MF_D_00000 166647
FabOnDisk: SD_0_Old_MF_D_00000 185163
FabOnDisk: SD_0_Old_MF_D_00000 203679
FabOnDisk: SD_0_Old_MF_D_00000 222195
FabOnDisk: SD_0_Old_MF_D_00000 240711
FabOnDisk: SD_0_Old_MF_D_00000 259227
FabOnDisk: SD_0_Old_MF_D_00000 277744
FabOnDisk: SD_0_Old_MF_D_00000 296262
FabOnDisk: SD_0_Old_MF_D_00000 314778
FabOnDisk: SD_0_Old_MF_D_00000 333294
FabOnDisk: SD_0_Old_MF_D_00000 351810
FabOnDisk: SD_0_Old_MF_D_00000 370326
FabOnDisk: SD_0_Old_MF_D_00000 388842
FabOnDisk: SD_0_Old_MF_D_00000 407358
FabOnDisk: SD_0_Old_MF_D_00000 425875
FabOnDisk: SD_0_Old_MF_D_00000 444393
FabOnDisk: SD_0_Old_MF_D_00000 462909
FabOnDisk: SD_0_Old_MF_D_00000 481425
FabOnDisk: SD_0_Old_MF_D_00000 499941
FabOnDisk: SD_0_Old_MF_D_00000 518457
FabOnDisk: SD_0_Old_MF_D_00000 536973
FabOnDisk: SD_0_Old_MF_D_00000 555489
FabOnDisk: SD_0_Old_MF_D_00000 574006
FabOnDisk: SD_0_Old_MF_D_00000 592524
FabOnDisk: SD_0_Old_MF_D_00000 611040
FabOnDisk: SD_0_Old_MF_D_00000 629556
FabOnDisk: SD_0_Old_MF_D_00000 648072
FabOnDisk: SD_0_Old_MF_D_00000 666588
FabOnDisk: SD_0_Old_MF_D_00000 685104
FabOnDisk: SD_0_Old_MF_D_00000 703620
FabOnDisk: SD_0_Old_MF_D_00000 722137
FabOnDisk: SD_0_Old_MF_D_00000 740655
FabOnDisk: SD_0_Old_MF_D_00000 759171
FabOnDisk: SD_0_Old_MF_D_00000 777687
FabOnDisk: SD_0_Old_MF_D_00000 796203
FabOnDisk: SD_0_Old_MF_D_00000 814719
FabOnDisk: SD_0_Old_MF_D_00000 833235
FabOnDisk: SD_0_Old_MF_D_00000 851751
FabOnDisk: SD_0_Old_MF_D_00000 870268
FabOnDisk: SD_0_Old_MF_D_00000 888786
FabOnDisk: SD_0_Old_MF_D_00000 907303
FabOnDisk: SD_0_Old_MF_D_00000 925820
FabOnDisk: SD_0_Old_MF_D_00000 944337
FabOnDisk: SD_0_Old_MF_D_00000 962854
FabOnDisk: SD_0_Old_MF_D_00000 981371
FabOnDisk: SD_0_Old_MF_D_00000 999888
FabOnDisk: SD_0_Old_MF_D_00000 1018406
FabOnDisk: SD_0_Old_MF_D_00000 1036925
FabOnDisk: SD_0_Old_MF_D_00000 1055443
FabOnDisk: SD_0_Old_MF_D_00000 1073961
FabOnDisk: SD_0_Old_MF_D_00000 1092479
FabOnDisk: SD_0_Old_MF_D_00000 1110997
FabOnDisk: SD_0_Old_MF_D_00000 1129515
FabOnDisk: SD_0_Old_MF_D_00000 1148033
FabOnDisk: SD_0_Old_MF_D_00000 1166552

64,4
1.0000042316202395e+00,-7.0318947051858354e-03,9.9999999999996414e-01,1.8237304535394628e-15,
1.0025273817726770e+00,-7.0233108977661969e-03,9.9999999999990996e-01,5.8379787430928769e-14,
1.0069598128242661e+00,-1.7389373146944873e-03,9.9999999999991052e-01,1.1525164561813319e-13,
1.0045625804265412e+00,5.3129510096934688e-05,9.9999999999997224e-01,1.6796495687843134e-13,
1.0022288573040645e+00,5.3822693726018505e-05,9.9999999999999611e-01,2.1419613108869839e-13,
1.0010443155874358e+00,2.9645415467146907e-05,9.9999999999998102e-01,2.5215563553708780e-13,
1.0004972644025691e+00,1.4162138079154733e-05,9.9999999999993894e-01,2.8035941689701304e-13,
1.0002677012303605e+00,5.1555300433838735e-06,9.9999999999982303e-01,2.9765523478594190e-13,
1.0000079435606579e+00,-2.1867243286111403e-02,9.9999999999993527e-01,1.8215019311935483e-15,
1.0042466150109970e+00,-2.1769587115013398e-02,9.9999999999999356e-01,6.0064844219819017e-14,
1.0081569880147379e+00,-1.9907758587400697e-03,1.0000000000000013e+00,1.1650796401062028e-13,
1.0027068556070655e+00,2.4231528461715456e-03,1.0000000000000038e+00,1.6876591482881025e-13,
1.0006333045977014e+00,1.7605347791534414e-03,1.0000000000000027e+00,2.1468861631647771e-13,
1.0001524992588984e+00,9.1912986164262311e-04,1.0000000000000016e+00,2.5245098920957166e-13,
1.0000411284252868e+00,4.2809694327121780e-04,1.0000000000000011e+00,2.8053435730678251e-13,
1.0000136874755663e+00,1.5443016721873124e-04,1.0000000000000000e+00,2.9776038616789071e-13,
1.0000266756686014e+00,-7.1377998259304853e-02,9.9999999999993583e-01,1.7969648536572032e-15,
1.0131277069067908e+00,-7.1219040448115681e-02,9.9999999999997335e-01,5.9483693322676170e-14,
1.0000786905354691e+00,1.3164362756042889e-04,9.9999999999998657e-01,1.1674256603519157e-13,
9.9569910868870304e-01,6.3793703765600389e-03,9.9999999999999145e-01,1.6904881092786309e-13,
9.9617014667700043e-01,2.8931769966587381e-03,9.9999999999999756e-01,2.1487159367941205e-13,
9.9799453041118402e-01,1.1542103995254571e-03,9.9999999999999833e-01,2.5254991791946909e-13,
9.9905324083123603e-01,4.7702456079231915e-04,1.0000000000000000e+00,2.8058429080058918e-13,
9.9954712517665056e-01,1.6501587679839042e-04,9.9999999999999822e-01,2.9778767525438536e-13,
8.3456383263344380e-01,-1.4117448750908237e-01,9.9999999999961287e-01,1.7522205201098962e-15,
-8.0691975893405710e-01,-6.5829165463703099e-01,9.9999999999951139e-01,-1.1965447555688785e-12,
1.3049655338804128e-01,2.3773527879307399e-03,9.9999999999982137e-01,7.0456919542238301e-14,
9.6152864883074129e-01,3.7719734046357738e-04,9.9999999999998090e-01,1.6963335263862633e-13,
9.9015164992407956e-01,1.1085820279924142e-04,9.9999999999999512e-01,2.1512649782712852e-13,
9.9640828773362233e-01,4.1252312501049110e-05,9.9999999999999789e-01,2.5266164515260746e-13,
9.9850148246018755e-01,1.6568254079205593e-05,1.0000000000000000e+00,2.8063732965751887e-13,
9.9931879127384327e-01,5.6757062390914194e-06,9.9999999999999944e-01,2.9781617512153315e-13,
8.3456383263344602e-01,1.6282189881769674e-04,9.9999999999944500e-01,1.7522590279873326e-15,
-8.0691975893397871e-01,-7.8098203101957275e-01,9.9999999999930167e-01,-1.2446879799044547e-12,
1.3049655338805061e-01,-5.8034388330550812e-01,9.9999999999993860e-01,6.7256398541388866e-14,
9.6152864883074196e-01,-2.7375892430468823e-02,9.9999999999998967e-01,1.6963317208992829e-13,
9.9015164992407956e-01,-7.4821548171090562e-03,9.9999999999999445e-01,2.1512655308301215e-13,
9.9640828773362056e-01,-2.6273156900884606e-03,9.9999999999999689e-01,2.5266171998537631e-13,
9.9850148246018933e-01,-1.0456637223665698e-03,9.9999999999999978e-01,2.8063711416830460e-13,
9.9931879127384193e-01,-4.3027276928033582e-04,9.9999999999999922e-01,2.9781692765511994e-13,
1.0000266756686014e+00,6.6761075148993670e-04,9.9999999999943978e-01,1.7970474232704414e-15,
1.0131277069067943e+00,-2.8153454464402847e-02,1.0000000000000062e+00,5.9475034301429243e-14,
1.0000786905354737e+00,-4.3495110124337454e-02,9.9999999999999056e-01,1.1674263017601664e-13,
9.9569910868870759e-01,-2.4678607450904916e-02,9.9999999999999789e-01,1.6904851954560035e-13,
9.9617014667700376e-01,-7.7861605233785344e-03,1.0000000000000013e+00,2.1487221325085405e-13,
9.9799453041118602e-01,-3.1189728831878265e-03,1.0000000000000000e+00,2.5254909870025177e-13,
9.9905324083123648e-01,-1.3671953529051598e-03,9.9999999999999989e-01,2.8058468482737690e-13,
9.9954712517665212e-01,-5.9242248209762105e-04,9.9999999999999845e-01,2.9778767476680717e-13,
1.0000079435606575e+00,1.7766667989286224e-04,9.9999999999955824e-01,1.8216250181806360e-15,
1.0042466150110063e+00,1.6217441214515921e-03,1.0000000000000120e+00,6.0063076588102356e-14,
1.0081569880147476e+00,-8.8142031638471473e-03,1.0000000000000058e+00,1.1650810131861520e-13,
1.0027068556070664e+00,-8.8173429886705488e-03,1.0000000000000069e+00,1.6876571809980385e-13,
1.0006333045977021e+00,-5.9068293532105664e-03,1.0000000000000058e+00,2.1468842286270408e-13,
1.0001524992589010e+00,-2.9200037487045038e-03,1.0000000000000031e+00,2.5245115176562041e-13,
1.0000411284252877e+00,-1.3450653461876340e-03,1.0000000000000000e+00,2.8053397597441698e-13,
1.0000136874755627e+00,-5.8948943693629228e-04,9.9999999999999534e-01,2.9775975430864956e-13,
1.0000042316202407e+00,4.2310571129738570e-06,9.9999999999869926e-01,1.8239485681925866e-15,
1.0025273817726039e+00,7.3101801398306755e-05,9.9999999999872169e-01,5.9871671345419733e-14,
1.0069598128241970e+00,-2.0763259106398196e-03,9.9999999999948264e-01,1.1632435199367778e-13,
1.0045625804265443e+00,-2.6701377608032684e-03,9.9999999999982714e-01,1.6861135594062814e-13,
1.0022288573040647e+00,-2.5065213772161648e-03,9.9999999999994682e-01,2.1458223238223040e-13,
1.0010443155874360e+00,-1.5984956211375666e-03,9.9999999999994293e-01,2.5238773836668995e-13,
1.0004972644025680e+00,-8.3249767415642575e-04,9.9999999999994316e-01,2.8049873732379780e-13,
1.0002677012303531e+00,-3.8588700152562111e-04,9.9999999999994493e-01,2.9773888764983512e-13,

64,4
1.0034405223478318e+00,-4.2310571120950814e-06,1.0000000000000500e+00,5.7425228270085642e-14,
1.0094288022512676e+00,-7.3101801396869347e-05,1.0000000000000229e+00,1.1376002139351371e-13,
1.0096160510870937e+00,2.0763259106454392e-03,1.0000000000000249e+00,1.6602914997438140e-13,
1.0078101330087077e+00,2.6701377608025849e-03,1.0000000000000107e+00,2.1224237992985258e-13,
1.0046225330608978e+00,2.5065213772183619e-03,1.0000000000000153e+00,2.5048178793871464e-13,
1.0025530645944494e+00,1.5984956211388772e-03,1.0000000000000044e+00,2.7916139233607085e-13,
1.0012850281885433e+00,8.3249767415766087e-04,1.0000000000000093e+00,2.9706338454594294e-13,
1.0006372140664253e+00,3.8588700152548261e-04,1.0000000000000313e+00,3.0337670837139367e-13,
1.0106556862416614e+00,-1.7766667989253384e-04,1.0000000000001090e+00,5.6469858929739761e-14,
1.0219669493477970e+00,-1.6217441214500888e-03,1.0000000000000084e+00,1.1327937219337417e-13,
1.0211677988681207e+00,8.8142031638465193e-03,1.0000000000000118e+00,1.6592451738175034e-13,
1.0094182801587164e+00,8.8173429886698775e-03,1.0000000000000073e+00,2.1221521886445887e-13,
1.0043293957426040e+00,5.9068293532095386e-03,1.0000000000000062e+00,2.5045486646328559e-13,
1.0020668231820318e+00,2.9200037487042154e-03,1.0000000000000058e+00,2.7913539510085266e-13,
1.0009576842817098e+00,1.3450653461865344e-03,1.0000000000000058e+00,2.9704505072673547e-13,
1.0004550545861046e+00,5.8948943693537884e-04,1.0000000000000109e+00,3.0337209548870572e-13,
1.0327192237301488e+00,-6.6761075148957490e-04,1.0000000000001072e+00,5.6451583538337293e-14,
1.0844250557680246e+00,2.8153454464402601e-02,1.0000000000000104e+00,1.1393256519336391e-13,
1.0624585863342413e+00,4.3495110124333908e-02,1.0000000000000147e+00,1.6651632159066492e-13,
1.0093971864690645e+00,2.4678607450901700e-02,1.0000000000000062e+00,2.1248187293380392e-13,
1.0022345042930618e+00,7.7861605233773617e-03,1.0000000000000047e+00,2.5057483935429667e-13,
1.0004385604555575e+00,3.1189728831862991e-03,1.0000000000000036e+00,2.7919120539796437e-13,
1.0000726413114205e+00,1.3671953529036519e-03,1.0000000000000024e+00,2.9707507688329120e-13,
1.0000058473510178e+00,5.9242248209659474e-04,1.0000000000000020e+00,3.0339447881211995e-13,
1.0341604740938293e+00,-1.6282189881796066e-04,1.0000000000001599e+00,1.7752964584041626e-12,
1.4590157737571581e+00,7.8098203101958119e-01,1.0000000000000000e+40,1.6695756732913966e-12,
1.1032452231146430e+00,5.8034388330551046e-01,1.0000000000001330e+00,1.6710879155167373e-13,
9.9708956216903644e-01,2.7375892430466967e-02,1.0000000000000049e+00,2.1264164354450954e-13,
9.9772871090762782e-01,7.4821548171066215e-03,1.0000000000000011e+00,2.5063340449893484e-13,
9.9894469763194216e-01,2.6273156900865503e-03,1.0000000000000000e+00,2.7921747919891465e-13,
9.9950037368794964e-01,1.0456637223647148e-03,1.0000000000000000e+00,2.9708870457818837e-13,
9.9973184636829970e-01,4.3027276927813137e-04,1.0000000000000013e+00,3.0340429889959423e-13,
1.0341604740938366e+00,1.4117448750909661e-01,1.0000000000002174e+00,1.8896614820632867e-12,
1.4590157737571574e+00,6.5829165463702144e-01,1.0000000000000000e+40,1.7538387349008683e-12,
1.1032452231146448e+00,-2.3773527879357129e-03,1.0000000000001295e+00,1.6789954053351888e-13,
9.9708956216904177e-01,-3.7719734046898337e-04,1.0000000000000033e+00,2.1264070937913312e-13,
9.9772871090763016e-01,-1.1085820280167912e-04,1.0000000000000031e+00,2.5063360439554142e-13,
9.9894469763194260e-01,-4.1252312503577260e-05,1.0000000000000024e+00,2.7921804364788911e-13,
9.9950037368794886e-01,-1.6568254080656679e-05,1.0000000000000000e+00,2.9708813144306658e-13,
9.9973184636829981e-01,-5.6757062398545758e-06,1.0000000000000000e+00,3.0340448083655026e-13,
1.0327192237301537e+00,7.1377998259311487e-02,1.0000000000001852e+00,5.6452311380962914e-14,
1.0844250557680311e+00,7.1219040448121884e-02,1.0000000000000544e+00,1.1392921089640287e-13,
1.0624585863342497e+00,-1.3164362755818302e-04,1.0000000000000289e+00,1.6651680939991415e-13,
1.0093971864690678e+00,-6.3793703765602791e-03,1.0000000000000078e+00,2.1248217974559951e-13,
1.0022345042930649e+00,-2.8931769966607946e-03,1.0000000000000073e+00,2.5057442450445484e-13,
1.0004385604555566e+00,-1.1542103995273055e-03,1.0000000000000056e+00,2.7919178319071593e-13,
1.0000726413114220e+00,-4.7702456079425857e-04,1.0000000000000047e+00,2.9707457897053775e-13,
1.0000058473510183e+00,-1.6501587679876078e-04,1.0000000000000000e+00,3.0339444550701197e-13,
1.0106556862416647e+00,2.1867243286111299e-02,1.0000000000001159e+00,5.6470987407012964e-14,
1.0219669493478001e+00,2.1769587115012898e-02,1.0000000000000375e+00,1.1327954158196320e-13,
1.0211677988681302e+00,1.9907758587417871e-03,1.0000000000000238e+00,1.6592511405027709e-13,
1.0094182801587179e+00,-2.4231528461658462e-03,1.0000000000000213e+00,2.1221448134005050e-13,
1.0043293957426067e+00,-1.7605347791525921e-03,1.0000000000000122e+00,2.5045568707344664e-13,
1.0020668231820309e+00,-9.1912986164187219e-04,1.0000000000000082e+00,2.7913483224659527e-13,
1.0009576842817089e+00,-4.2809694327164448e-04,1.0000000000000060e+00,2.9704542133451367e-13,
1.0004550545861031e+00,-1.5443016721909585e-04,1.0000000000000000e+00,3.0337166169299257e-13,
1.0034405223478411e+00,7.0318947051744426e-03,1.0000000000002405e+00,5.6705395454233690e-14,
1.0094288022512778e+00,7.0233108977550288e-03,1.0000000000002340e+00,1.1322001701434812e-13,
1.0096160510871042e+00,1.7389373146985169e-03,1.0000000000001039e+00,1.6570279960783749e-13,
1.0078101330087168e+00,-5.3129510095782819e-05,1.0000000000000437e+00,2.1204709135613522e-13,
1.0046225330608853e+00,-5.3822693725812303e-05,1.0000000000000138e+00,2.5036481016642646e-13,
1.0025530645944449e+00,-2.9645415468363629e-05,1.0000000000000075e+00,2.7909062760636259e-13,
1.0012850281885439e+00,-1.4162138078793504e-05,1.0000000000000062e+00,2.9702111338468311e-13,
1.0006372140664281e+00,-5.1555300426813198e-06,1.0000000000000067e+00,3.0335157067784025e-13,

