1
1
1
1
(64 0
((0,0) (16,16) (1,1))
((16,0) (32,16) (1,1))
((32,0) (48,16) (1,1))
((48,0) (64,16) (1,1))
((64,0) (80,16) (1,1))
((80,0) (96,16) (1,1))
((96,0) (112,16) (1,1))
((112,0) (128,16) (1,1))
((0,16) (16,32) (1,1))
((16,16) (32,32) (1,1))
((32,16) (48,32) (1,1))
((48,16) (64,32) (1,1))
((64,16) (80,32) (1,1))
((80,16) (96,32) (1,1))
((96,16) (112,32) (1,1))
((112,16) (128,32) (1,1))
((0,32) (16,48) (1,1))
((16,32) (32,48) (1,1))
((32,32) (48,48) (1,1))
((48,32) (64,48) (1,1))
((64,32) (80,48) (1,1))
((80,32) (96,48) (1,1))
((96,32) (112,48) (1,1))
((112,32) (128,48) (1,1))
((0,48) (16,64) (1,1))
((16,48) (32,64) (1,1))
((32,48) (48,64) (1,1))
((48,48) (64,64) (1,1))
((64,48) (80,64) (1,1))
((80,48) (96,64) (1,1))
((96,48) (112,64) (1,1))
((112,48) (128,64) (1,1))
((0,64) (16,80) (1,1))
((16,64) (32,80) (1,1))
((32,64) (48,80) (1,1))
((48,64) (64,80) (1,1))
((64,64) (80,80) (1,1))
((80,64) (96,80) (1,1))
((96,64) (112,80) (1,1))
((112,64) (128,80) (1,1))
((0,80) (16,96) (1,1))
((16,80) (32,96) (1,1))
((32,80) (48,96) (1,1))
((48,80) (64,96) (1,1))
((64,80) (80,96) (1,1))
((80,80) (96,96) (1,1))
((96,80) (112,96) (1,1))
((112,80) (128,96) (1,1))
((0,96) (16,112) (1,1))
((16,96) (32,112) (1,1))
((32,96) (48,112) (1,1))
((48,96) (64,112) (1,1))
((64,96) (80,112) (1,1))
((80,96) (96,112) (1,1))
((96,96) (112,112) (1,1))
((112,96) (128,112) (1,1))
((0,112) (16,128) (1,1))
((16,112) (32,128) (1,1))
((32,112) (48,128) (1,1))
((48,112) (64,128) (1,1))
((64,112) (80,128) (1,1))
((80,112) (96,128) (1,1))
((96,112) (112,128) (1,1))
((112,112) (128,128) (1,1))
)
64
FabOnDisk: SD_1_Old_MF_D_00000 0
FabOnDisk: SD_1_Old_MF_D_00000 2972
FabOnDisk: SD_1_Old_MF_D_00000 5944
FabOnDisk: SD_1_Old_MF_D_00000 8916
FabOnDisk: SD_1_Old_MF_D_00000 11888
FabOnDisk: SD_1_Old_MF_D_00000 14860
FabOnDisk: SD_1_Old_MF_D_00000 17832
FabOnDisk: SD_1_Old_MF_D_00000 20805
FabOnDisk: SD_1_Old_MF_D_00000 23779
FabOnDisk: SD_1_Old_MF_D_00000 26751
FabOnDisk: SD_1_Old_MF_D_00000 29723
FabOnDisk: SD_1_Old_MF_D_00000 32695
FabOnDisk: SD_1_Old_MF_D_00000 35667
FabOnDisk: SD_1_Old_MF_D_00000 38639
FabOnDisk: SD_1_Old_MF_D_00000 41611
FabOnDisk: SD_1_Old_MF_D_00000 44584
FabOnDisk: SD_1_Old_MF_D_00000 47558
FabOnDisk: SD_1_Old_MF_D_00000 50530
FabOnDisk: SD_1_Old_MF_D_00000 53502
FabOnDisk: SD_1_Old_MF_D_00000 56474
FabOnDisk: SD_1_Old_MF_D_00000 59446
FabOnDisk: SD_1_Old_MF_D_00000 62418
FabOnDisk: SD_1_Old_MF_D_00000 65390
FabOnDisk: SD_1_Old_MF_D_00000 68363
FabOnDisk: SD_1_Old_MF_D_00000 71337
FabOnDisk: SD_1_Old_MF_D_00000 74309
FabOnDisk: SD_1_Old_MF_D_00000 77281
FabOnDisk: SD_1_Old_MF_D_00000 80253
FabOnDisk: SD_1_Old_MF_D_00000 83225
FabOnDisk: SD_1_Old_MF_D_00000 86197
FabOnDisk: SD_1_Old_MF_D_00000 89169
FabOnDisk: SD_1_Old_MF_D_00000 92142
FabOnDisk: SD_1_Old_MF_D_00000 95116
FabOnDisk: SD_1_Old_MF_D_00000 98088
FabOnDisk: SD_1_Old_MF_D_00000 101060
FabOnDisk: SD_1_Old_MF_D_00000 104032
FabOnDisk: SD_1_Old_MF_D_00000 107004
FabOnDisk: SD_1_Old_MF_D_00000 109976
FabOnDisk: SD_1_Old_MF_D_00000 112948
FabOnDisk: SD_1_Old_MF_D_00000 115921
FabOnDisk: SD_1_Old_MF_D_00000 118895
FabOnDisk: SD_1_Old_MF_D_00000 121867
FabOnDisk: SD_1_Old_MF_D_00000 124839
FabOnDisk: SD_1_Old_MF_D_00000 127811
FabOnDisk: SD_1_Old_MF_D_00000 130783
FabOnDisk: SD_1_Old_MF_D_00000 133755
FabOnDisk: SD_1_Old_MF_D_00000 136727
FabOnDisk: SD_1_Old_MF_D_00000 139700
FabOnDisk: SD_1_Old_MF_D_00000 142674
FabOnDisk: SD_1_Old_MF_D_00000 145647
FabOnDisk: SD_1_Old_MF_D_00000 148620
FabOnDisk: SD_1_Old_MF_D_00000 151593
FabOnDisk: SD_1_Old_MF_D_00000 154566
FabOnDisk: SD_1_Old_MF_D_00000 157539
FabOnDisk: SD_1_Old_MF_D_00000 160512
FabOnDisk: SD_1_Old_MF_D_00000 163486
FabOnDisk: SD_1_Old_MF_D_00000 166461
FabOnDisk: SD_1_Old_MF_D_00000 169435
FabOnDisk: SD_1_Old_MF_D_00000 172409
FabOnDisk: SD_1_Old_MF_D_00000 175383
FabOnDisk: SD_1_Old_MF_D_00000 178357
FabOnDisk: SD_1_Old_MF_D_00000 181331
FabOnDisk: SD_1_Old_MF_D_00000 184305
FabOnDisk: SD_1_Old_MF_D_00000 187280

64,1
6.3120603348815248e-03,
1.6132344785814673e-03,
-6.6550085373576391e-04,
-7.8772232533695749e-04,
-6.7096054347960839e-04,
-3.5743924957245805e-04,
-1.8897797184219689e-04,
-7.6606671651344559e-05,
7.2402106303439797e-03,
-4.8194411416430149e-03,
-5.6211125251522734e-03,
-3.6820124113632253e-03,
-1.0193089285991256e-03,
-3.5743924957245805e-04,
-1.6226895836807237e-04,
-6.0212986215800247e-05,
1.0459044863157073e-02,
-4.8638367818121045e-02,
-4.3533227747940516e-02,
-5.1557260382930304e-03,
-1.0103252871215651e-03,
-2.2209519819140785e-04,
-4.6463807936790216e-05,
-9.1720180804471952e-06,
2.3270451394231284e-02,
-1.0885029405695330e+00,
-2.0402239733653996e-01,
-3.3410392812343852e-03,
3.4036246548811423e-04,
1.5997570688752475e-04,
5.9861827293745311e-05,
-8.5135515288647415e-07,
2.3270451394226455e-02,
-1.0885029405695046e+00,
-2.0402239733650024e-01,
-3.3410392812369496e-03,
3.4036246548778295e-04,
1.5997570688837707e-04,
5.9861827293947277e-05,
-8.5135515288647415e-07,
1.0459044863152644e-02,
-4.8638367818130364e-02,
-4.3533227747949044e-02,
-5.1557260382970940e-03,
-1.0103252871208749e-03,
-2.2209519819157294e-04,
-4.6463807935759160e-05,
-9.1720180756237712e-06,
7.2402106303393219e-03,
-4.8194411416482355e-03,
-5.6211125251580231e-03,
-3.6820124113646187e-03,
-1.0193089285985579e-03,
-3.5743924957303339e-04,
-1.6226895836451912e-04,
-6.0212986208764696e-05,
6.3120603348848503e-03,
1.6132344785742209e-03,
-6.6550085373781077e-04,
-7.8772232533360254e-04,
-6.7096054347998168e-04,
-3.5743924957303339e-04,
-1.8897797183808581e-04,
-7.6606671641126224e-05,

64,1
1.0654986415153497e-02,
7.2402106303439797e-03,
2.6348314297023230e-03,
2.8072428915974518e-04,
-3.3780825089009840e-04,
-1.6226895836807237e-04,
-6.0212986215800247e-05,
1.0689121332135183e-06,
2.2133449025633183e-02,
1.0459044863157073e-02,
1.6132344785814673e-03,
-6.6550085373576391e-04,
-2.2209519819140785e-04,
-4.6463807936790216e-05,
-9.1720180804471952e-06,
6.7936277543409250e-07,
6.1516229749316802e-02,
2.3270451394231284e-02,
-3.3410392812343852e-03,
4.5599952900587292e-04,
4.8114579175701259e-04,
3.4036246548811423e-04,
1.5997570688752475e-04,
5.9861827293745311e-05,
2.8624960418534695e-01,
5.9016743685248729e-01,
1.5880754482517623e-01,
1.3830302739763321e-02,
2.6037022924064925e-03,
7.7475745763364370e-04,
2.7846440478693430e-04,
9.4290973087395174e-05,
2.8624960418534695e-01,
5.9016743685248729e-01,
1.5880754482517623e-01,
1.3830302739763321e-02,
2.6037022924064925e-03,
7.7475745763364370e-04,
2.7846440478693430e-04,
9.4290973087395174e-05,
6.1516229749324650e-02,
2.3270451394226455e-02,
-3.3410392812369496e-03,
4.5599952900625157e-04,
4.8114579175801981e-04,
3.4036246548778295e-04,
1.5997570688837707e-04,
5.9861827293947277e-05,
2.2133449025638852e-02,
1.0459044863152644e-02,
1.6132344785742209e-03,
-6.6550085373781077e-04,
-2.2209519819157294e-04,
-4.6463807935759160e-05,
-9.1720180756237712e-06,
6.7936277524958246e-07,
1.0654986415154203e-02,
7.2402106303393219e-03,
2.6348314297044420e-03,
2.8072428915441069e-04,
-3.3780825088946338e-04,
-1.6226895836451912e-04,
-6.0212986208764696e-05,
1.0689121339997038e-06,

