1
1
2
4
(64 0
((0,0) (15,15) (0,0))
((16,0) (31,15) (0,0))
((32,0) (47,15) (0,0))
((48,0) (63,15) (0,0))
((64,0) (79,15) (0,0))
((80,0) (95,15) (0,0))
((96,0) (111,15) (0,0))
((112,0) (127,15) (0,0))
((0,16) (15,31) (0,0))
((16,16) (31,31) (0,0))
((32,16) (47,31) (0,0))
((48,16) (63,31) (0,0))
((64,16) (79,31) (0,0))
((80,16) (95,31) (0,0))
((96,16) (111,31) (0,0))
((112,16) (127,31) (0,0))
((0,32) (15,47) (0,0))
((16,32) (31,47) (0,0))
((32,32) (47,47) (0,0))
((48,32) (63,47) (0,0))
((64,32) (79,47) (0,0))
((80,32) (95,47) (0,0))
((96,32) (111,47) (0,0))
((112,32) (127,47) (0,0))
((0,48) (15,63) (0,0))
((16,48) (31,63) (0,0))
((32,48) (47,63) (0,0))
((48,48) (63,63) (0,0))
((64,48) (79,63) (0,0))
((80,48) (95,63) (0,0))
((96,48) (111,63) (0,0))
((112,48) (127,63) (0,0))
((0,64) (15,79) (0,0))
((16,64) (31,79) (0,0))
((32,64) (47,79) (0,0))
((48,64) (63,79) (0,0))
((64,64) (79,79) (0,0))
((80,64) (95,79) (0,0))
((96,64) (111,79) (0,0))
((112,64) (127,79) (0,0))
((0,80) (15,95) (0,0))
((16,80) (31,95) (0,0))
((32,80) (47,95) (0,0))
((48,80) (63,95) (0,0))
((64,80) (79,95) (0,0))
((80,80) (95,95) (0,0))
((96,80) (111,95) (0,0))
((112,80) (127,95) (0,0))
((0,96) (15,111) (0,0))
((16,96) (31,111) (0,0))
((32,96) (47,111) (0,0))
((48,96) (63,111) (0,0))
((64,96) (79,111) (0,0))
((80,96) (95,111) (0,0))
((96,96) (111,111) (0,0))
((112,96) (127,111) (0,0))
((0,112) (15,127) (0,0))
((16,112) (31,127) (0,0))
((32,112) (47,127) (0,0))
((48,112) (63,127) (0,0))
((64,112) (79,127) (0,0))
((80,112) (95,127) (0,0))
((96,112) (111,127) (0,0))
((112,112) (127,127) (0,0))
)
64
FabOnDisk: SD_2_New_MF_D_00000 0
FabOnDisk: SD_2_New_MF_D_00000 9300
FabOnDisk: SD_2_New_MF_D_00000 18600
FabOnDisk: SD_2_New_MF_D_00000 27900
FabOnDisk: SD_2_New_MF_D_00000 37200
FabOnDisk: SD_2_New_MF_D_00000 46500
FabOnDisk: SD_2_New_MF_D_00000 55800
FabOnDisk: SD_2_New_MF_D_00000 65101
FabOnDisk: SD_2_New_MF_D_00000 74403
FabOnDisk: SD_2_New_MF_D_00000 83703
FabOnDisk: SD_2_New_MF_D_00000 93003
FabOnDisk: SD_2_New_MF_D_00000 102303
FabOnDisk: SD_2_New_MF_D_00000 111603
FabOnDisk: SD_2_New_MF_D_00000 120903
FabOnDisk: SD_2_New_MF_D_00000 130203
FabOnDisk: SD_2_New_MF_D_00000 139504
FabOnDisk: SD_2_New_MF_D_00000 148806
FabOnDisk: SD_2_New_MF_D_00000 158106
FabOnDisk: SD_2_New_MF_D_00000 167406
FabOnDisk: SD_2_New_MF_D_00000 176706
FabOnDisk: SD_2_New_MF_D_00000 186006
FabOnDisk: SD_2_New_MF_D_00000 195306
FabOnDisk: SD_2_New_MF_D_00000 204606
FabOnDisk: SD_2_New_MF_D_00000 213907
FabOnDisk: SD_2_New_MF_D_00000 223209
FabOnDisk: SD_2_New_MF_D_00000 232509
FabOnDisk: SD_2_New_MF_D_00000 241809
FabOnDisk: SD_2_New_MF_D_00000 251109
FabOnDisk: SD_2_New_MF_D_00000 260409
FabOnDisk: SD_2_New_MF_D_00000 269709
FabOnDisk: SD_2_New_MF_D_00000 279009
FabOnDisk: SD_2_New_MF_D_00000 288310
FabOnDisk: SD_2_New_MF_D_00000 297612
FabOnDisk: SD_2_New_MF_D_00000 306912
FabOnDisk: SD_2_New_MF_D_00000 316212
FabOnDisk: SD_2_New_MF_D_00000 325512
FabOnDisk: SD_2_New_MF_D_00000 334812
FabOnDisk: SD_2_New_MF_D_00000 344112
FabOnDisk: SD_2_New_MF_D_00000 353412
FabOnDisk: SD_2_New_MF_D_00000 362713
FabOnDisk: SD_2_New_MF_D_00000 372015
FabOnDisk: SD_2_New_MF_D_00000 381315
FabOnDisk: SD_2_New_MF_D_00000 390615
FabOnDisk: SD_2_New_MF_D_00000 399915
FabOnDisk: SD_2_New_MF_D_00000 409215
FabOnDisk: SD_2_New_MF_D_00000 418515
FabOnDisk: SD_2_New_MF_D_00000 427815
FabOnDisk: SD_2_New_MF_D_00000 437116
FabOnDisk: SD_2_New_MF_D_00000 446418
FabOnDisk: SD_2_New_MF_D_00000 455719
FabOnDisk: SD_2_New_MF_D_00000 465020
FabOnDisk: SD_2_New_MF_D_00000 474321
FabOnDisk: SD_2_New_MF_D_00000 483622
FabOnDisk: SD_2_New_MF_D_00000 492923
FabOnDisk: SD_2_New_MF_D_00000 502224
FabOnDisk: SD_2_New_MF_D_00000 511526
FabOnDisk: SD_2_New_MF_D_00000 520829
FabOnDisk: SD_2_New_MF_D_00000 530131
FabOnDisk: SD_2_New_MF_D_00000 539433
FabOnDisk: SD_2_New_MF_D_00000 548735
FabOnDisk: SD_2_New_MF_D_00000 558037
FabOnDisk: SD_2_New_MF_D_00000 567339
FabOnDisk: SD_2_New_MF_D_00000 576641
FabOnDisk: SD_2_New_MF_D_00000 585944

64,2
-5.6472225240996388e-01,5.9830511613269410e-03,
-5.9906719458887103e-01,-2.2836888937592947e-01,
-4.0563558268723465e-01,-2.6193619741625640e-01,
-1.2856965439270590e-01,-1.8498779970173329e-01,
-1.2193635969448294e-02,-4.7028948383750768e-02,
1.4180905127370972e-02,-2.2497266150785563e-03,
7.9797655820940880e-03,1.0648689363086204e-04,
-1.5445968216924412e-03,-3.1947116216564337e-05,
-1.9039640319671767e+00,2.1758445270609189e-01,
-1.9278875313903219e+00,-1.2744328039064616e+00,
-5.2736508472398036e-01,-1.2615950887482501e+00,
-5.2055512411754323e-02,-3.5287803179608235e-01,
2.8059468202710679e-02,-4.8548075258214328e-02,
8.2167370604067178e-03,1.2095209199814161e-03,
1.9482334595523217e-03,3.7208918956370815e-03,
-9.3516246300673518e-04,-3.7598089463476383e-05,
-9.4605127343389643e+00,5.9103042305006648e-01,
-1.1613348947866079e+01,-1.1585234775838279e+01,
-4.8293706136674458e-01,-7.7889709061523575e+00,
4.7377962353384317e-02,-3.3296560108256651e-01,
-2.0313856550463250e-02,2.8798492927495464e-02,
-2.0235680047697924e-02,1.8774711259928838e-02,
-1.2778918959073939e-02,6.7353786880430845e-03,
-7.2948110184853920e-03,-3.3530256666551632e-05,
-1.5908852184901409e+01,5.2277947370811817e-01,
-6.3464074246336099e+02,-4.2945446396924768e+02,
-3.8609131664874567e+01,-1.9548035997154315e+01,
-2.6536343797585036e+00,2.1236457968536616e-02,
-3.4446343132310836e-01,3.5919924810843933e-03,
-8.2294549796159244e-02,9.0372681367039635e-04,
-2.7467608682612589e-02,2.5501372509483260e-04,
-1.2338572415543460e-02,-1.4019625512136488e-05,
-1.5908852184905998e+01,-4.8232731338722843e+01,
-6.3464074246330995e+02,-5.2978839279511806e+02,
-3.8609131664877509e+01,-1.7612777439220866e+02,
-2.6536343797577042e+00,-2.2498029342806212e+00,
-3.4446343132369878e-01,-2.8685062911526027e-01,
-8.2294549796000510e-02,-6.6995762765839698e-02,
-2.7467608683160165e-02,-1.9889204435207204e-02,
-1.2338572416234218e-02,-5.9607654754351902e-03,
-9.4605127343417141e+00,-6.5581598244120398e+00,
-1.1613348947870847e+01,-2.8294424464553654e+00,
-4.8293706136369224e-01,-9.2107241288910124e-01,
4.7377962352746328e-02,-9.0379166441020742e-01,
-2.0313856549339131e-02,-2.6400989456844987e-01,
-2.0235680047752218e-02,-6.7536491775034235e-02,
-1.2778918962850749e-02,-2.1647417559264887e-02,
-7.2948110177933415e-03,-7.0544583173430594e-03,
-1.9039640319664666e+00,-1.9736607547216569e+00,
-1.9278875313948935e+00,-3.8512731006452106e-01,
-5.2736508472937504e-01,2.0992917725560861e-01,
-5.2055512409924815e-02,-1.1157280475427314e-02,
2.8059468203089601e-02,-3.6849819175140103e-02,
8.2167370646733916e-03,-3.3053427880328917e-02,
1.9482334630711339e-03,-1.7166216560247562e-02,
-9.3516246191372408e-04,-6.4894130875904656e-03,
-5.6472225240831520e-01,-5.1690428206725425e-01,
-5.9906719458216462e-01,-1.6841217706965658e-01,
-4.0563558268802907e-01,5.3778437042788230e-03,
-1.2856965439333595e-01,2.1184595720920123e-03,
-1.2193635972374162e-02,2.4900093769168437e-04,
1.4180905126098368e-02,-6.1957881731636100e-03,
7.9797655821307028e-03,-6.1140842964148472e-03,
-1.5445968150145642e-03,-3.2555717528598175e-03,

64,2
-1.3291910291498427e-02,5.1690428206433781e-01,
-3.3712264752083565e-01,1.6841217706787606e-01,
-7.6772674280606051e-02,-5.3778437053019629e-03,
2.9718529386045058e-02,-2.1184595716948473e-03,
3.2982282067485151e-02,-2.4900093946688111e-04,
2.5936148081831145e-02,6.1957881726054202e-03,
1.4064700767246035e-02,6.1140842967616505e-03,
9.3854323907879619e-03,3.2555717536605468e-03,
-2.5145763354732231e-02,1.9736607547203828e+00,
-4.4461081956355292e-01,3.8512731006514689e-01,
3.6221742798718337e-01,-2.0992917725718005e-01,
3.5158271181779593e-01,1.1157280474821007e-02,
1.3988206255420327e-01,3.6849819175177510e-02,
3.5332345894445533e-02,3.3053427880593962e-02,
1.3859455110013394e-02,1.7166216561182179e-02,
7.5114951113001297e-03,6.4894130879106955e-03,
-8.4957322526445223e-02,6.5581598244140462e+00,
3.5245999476875927e+00,2.8294424464555656e+00,
5.5479106525258048e+00,9.2107241288938890e-01,
1.1754346781675935e+00,9.0379166441130643e-01,
1.5527581727183690e-01,2.6400989456693069e-01,
3.2554156679154123e-02,6.7536491775350829e-02,
6.5945313138104913e-03,2.1647417558737409e-02,
1.2699359320095310e-03,7.0544583172380852e-03,
5.7025111710674295e+01,4.8232731338722324e+01,
1.0000000000000000e+40,1.0000000000000000e+40,
2.8724925998692481e+02,1.7612777439223646e+02,
1.1210904110291993e+00,2.2498029342806332e+00,
8.8334813041364840e-03,2.8685062911414294e-01,
-1.4820870294024235e-02,6.6995762766526024e-02,
-8.0655918228243716e-03,1.9889204436155092e-02,
1.1904333767285358e-03,5.9607654752604549e-03,
5.7025111710674928e+01,-5.2277947370765876e-01,
1.0000000000000000e+40,1.0000000000000000e+40,
2.8724925998690321e+02,1.9548035997150574e+01,
1.1210904110318562e+00,-2.1236457968527248e-02,
8.8334813033850434e-03,-3.5919924810176931e-03,
-1.4820870292098186e-02,-9.0372681432809507e-04,
-8.0655918221658671e-03,-2.5501372504034602e-04,
1.1904333772030720e-03,1.4019625579486802e-05,
-8.4957322518569578e-02,-5.9103042304894038e-01,
3.5245999476921579e+00,1.1585234775837549e+01,
5.5479106525297777e+00,7.7889709061528363e+00,
1.1754346781661995e+00,3.3296560108402801e-01,
1.5527581727344031e-01,-2.8798492926975457e-02,
3.2554156674335900e-02,-1.8774711259861600e-02,
6.5945313132958604e-03,-6.7353786880232540e-03,
1.2699359321320252e-03,3.3530255161532920e-05,
-2.5145763352785178e-02,-2.1758445270838658e-01,
-4.4461081956876225e-01,1.2744328039069435e+00,
3.6221742798657658e-01,1.2615950887468990e+00,
3.5158271182089529e-01,3.5287803179920901e-01,
1.3988206255250468e-01,4.8548075258309349e-02,
3.5332345894953016e-02,-1.2095209182729043e-03,
1.3859455111744743e-02,-3.7208918953219369e-03,
7.5114951132153520e-03,3.7598090867381451e-05,
-1.3291910280804203e-02,-5.9830511604942738e-03,
-3.3712264752089016e-01,2.2836888937622818e-01,
-7.6772674282001019e-02,2.6193619741864543e-01,
2.9718529388753911e-02,1.8498779970008533e-01,
3.2982282065071193e-02,4.7028948383848315e-02,
2.5936148083876572e-02,2.2497266136138911e-03,
1.4064700764813901e-02,-1.0648689207388911e-04,
9.3854323895658752e-03,3.1947115931125428e-05,

