1
1
1
1
(64 0
((0,64) (16,80) (1,1))
((16,64) (32,80) (1,1))
((32,64) (48,80) (1,1))
((48,64) (64,80) (1,1))
((64,64) (80,80) (1,1))
((80,64) (96,80) (1,1))
((96,64) (112,80) (1,1))
((112,64) (128,80) (1,1))
((0,80) (16,96) (1,1))
((16,80) (32,96) (1,1))
((32,80) (48,96) (1,1))
((48,80) (64,96) (1,1))
((64,80) (80,96) (1,1))
((80,80) (96,96) (1,1))
((96,80) (112,96) (1,1))
((112,80) (128,96) (1,1))
((0,96) (16,112) (1,1))
((16,96) (32,112) (1,1))
((32,96) (48,112) (1,1))
((48,96) (64,112) (1,1))
((64,96) (80,112) (1,1))
((80,96) (96,112) (1,1))
((96,96) (112,112) (1,1))
((112,96) (128,112) (1,1))
((0,112) (16,128) (1,1))
((16,112) (32,128) (1,1))
((32,112) (48,128) (1,1))
((48,112) (64,128) (1,1))
((64,112) (80,128) (1,1))
((80,112) (96,128) (1,1))
((96,112) (112,128) (1,1))
((112,112) (128,128) (1,1))
((0,128) (16,144) (1,1))
((16,128) (32,144) (1,1))
((32,128) (48,144) (1,1))
((48,128) (64,144) (1,1))
((64,128) (80,144) (1,1))
((80,128) (96,144) (1,1))
((96,128) (112,144) (1,1))
((112,128) (128,144) (1,1))
((0,144) (16,160) (1,1))
((16,144) (32,160) (1,1))
((32,144) (48,160) (1,1))
((48,144) (64,160) (1,1))
((64,144) (80,160) (1,1))
((80,144) (96,160) (1,1))
((96,144) (112,160) (1,1))
((112,144) (128,160) (1,1))
((0,160) (16,176) (1,1))
((16,160) (32,176) (1,1))
((32,160) (48,176) (1,1))
((48,160) (64,176) (1,1))
((64,160) (80,176) (1,1))
((80,160) (96,176) (1,1))
((96,160) (112,176) (1,1))
((112,160) (128,176) (1,1))
((0,176) (16,192) (1,1))
((16,176) (32,192) (1,1))
((32,176) (48,192) (1,1))
((48,176) (64,192) (1,1))
((64,176) (80,192) (1,1))
((80,176) (96,192) (1,1))
((96,176) (112,192) (1,1))
((112,176) (128,192) (1,1))
)
64
FabOnDisk: SD_1_New_MF_D_00000 0
FabOnDisk: SD_1_New_MF_D_00000 2972
FabOnDisk: SD_1_New_MF_D_00000 5944
FabOnDisk: SD_1_New_MF_D_00000 8916
FabOnDisk: SD_1_New_MF_D_00000 11888
FabOnDisk: SD_1_New_MF_D_00000 14860
FabOnDisk: SD_1_New_MF_D_00000 17832
FabOnDisk: SD_1_New_MF_D_00000 20805
FabOnDisk: SD_1_New_MF_D_00000 23779
FabOnDisk: SD_1_New_MF_D_00000 26751
FabOnDisk: SD_1_New_MF_D_00000 29723
FabOnDisk: SD_1_New_MF_D_00000 32695
FabOnDisk: SD_1_New_MF_D_00000 35667
FabOnDisk: SD_1_New_MF_D_00000 38639
FabOnDisk: SD_1_New_MF_D_00000 41611
FabOnDisk: SD_1_New_MF_D_00000 44584
FabOnDisk: SD_1_New_MF_D_00000 47558
FabOnDisk: SD_1_New_MF_D_00000 50531
FabOnDisk: SD_1_New_MF_D_00000 53504
FabOnDisk: SD_1_New_MF_D_00000 56477
FabOnDisk: SD_1_New_MF_D_00000 59450
FabOnDisk: SD_1_New_MF_D_00000 62423
FabOnDisk: SD_1_New_MF_D_00000 65396
FabOnDisk: SD_1_New_MF_D_00000 68370
FabOnDisk: SD_1_New_MF_D_00000 71345
FabOnDisk: SD_1_New_MF_D_00000 74319
FabOnDisk: SD_1_New_MF_D_00000 77293
FabOnDisk: SD_1_New_MF_D_00000 80267
FabOnDisk: SD_1_New_MF_D_00000 83241
FabOnDisk: SD_1_New_MF_D_00000 86215
FabOnDisk: SD_1_New_MF_D_00000 89189
FabOnDisk: SD_1_New_MF_D_00000 92164
FabOnDisk: SD_1_New_MF_D_00000 95140
FabOnDisk: SD_1_New_MF_D_00000 98114
FabOnDisk: SD_1_New_MF_D_00000 101088
FabOnDisk: SD_1_New_MF_D_00000 104062
FabOnDisk: SD_1_New_MF_D_00000 107036
FabOnDisk: SD_1_New_MF_D_00000 110010
FabOnDisk: SD_1_New_MF_D_00000 112984
FabOnDisk: SD_1_New_MF_D_00000 115959
FabOnDisk: SD_1_New_MF_D_00000 118935
FabOnDisk: SD_1_New_MF_D_00000 121909
FabOnDisk: SD_1_New_MF_D_00000 124883
FabOnDisk: SD_1_New_MF_D_00000 127857
FabOnDisk: SD_1_New_MF_D_00000 130831
FabOnDisk: SD_1_New_MF_D_00000 133805
FabOnDisk: SD_1_New_MF_D_00000 136779
FabOnDisk: SD_1_New_MF_D_00000 139754
FabOnDisk: SD_1_New_MF_D_00000 142730
FabOnDisk: SD_1_New_MF_D_00000 145704
FabOnDisk: SD_1_New_MF_D_00000 148678
FabOnDisk: SD_1_New_MF_D_00000 151652
FabOnDisk: SD_1_New_MF_D_00000 154626
FabOnDisk: SD_1_New_MF_D_00000 157600
FabOnDisk: SD_1_New_MF_D_00000 160574
FabOnDisk: SD_1_New_MF_D_00000 163549
FabOnDisk: SD_1_New_MF_D_00000 166525
FabOnDisk: SD_1_New_MF_D_00000 169499
FabOnDisk: SD_1_New_MF_D_00000 172473
FabOnDisk: SD_1_New_MF_D_00000 175447
FabOnDisk: SD_1_New_MF_D_00000 178421
FabOnDisk: SD_1_New_MF_D_00000 181395
FabOnDisk: SD_1_New_MF_D_00000 184369
FabOnDisk: SD_1_New_MF_D_00000 187344

64,1
-6.7807524666186009e+02,
-6.7700390994048621e+02,
-7.1869280894297708e+02,
-6.3545336170737028e+02,
-3.9947842835945039e+02,
-4.0173689013079456e+02,
-3.5521895963012958e+02,
-3.0916147320521577e+02,
-9.5090171544256236e+02,
-1.0243686124034671e+03,
-9.5894862761587137e+02,
-9.3784448691176340e+02,
-7.0186459880322900e+02,
-7.2900853824987735e+02,
-7.2900853824987735e+02,
-3.0916147320521577e+02,
-1.4979346402884198e+03,
-1.2432377377219668e+03,
-1.0969958615316805e+03,
-1.0384077049567836e+03,
-7.7378068401168730e+02,
-8.2865063664461832e+02,
-7.4074612884065436e+02,
-4.1326979099426444e+02,
-2.0116614720237990e+03,
-1.3896779155463578e+03,
-5.1833947132410858e+03,
-4.4613128773772924e+03,
-7.9249911311286678e+02,
-9.9809575315485381e+02,
-6.0074787002550102e+02,
-4.1437914171846114e+02,
-2.0962620544905258e+03,
-1.3543123906399778e+03,
-5.1877016815989355e+03,
-4.3340057481836939e+03,
-7.1152260761000389e+02,
-1.0107543058272554e+03,
-5.9278460594138733e+02,
-1.7074113206090897e+02,
-2.0105090595670476e+03,
-1.2576882742928874e+03,
-1.2288269934350919e+03,
-1.1287271647664106e+03,
-8.1848614443875294e+02,
-6.5999510397820450e+02,
-5.7482672312170325e+02,
-2.2105816119209521e+02,
-1.8997631841927430e+03,
-1.3286917499731421e+03,
-8.8875137335490626e+02,
-8.4552016916763205e+02,
-7.7379453117942148e+02,
-6.0153941727172742e+02,
-3.6630536660139751e+02,
-4.0189056017945904e+02,
-1.5263212231791144e+03,
-1.0409028115155024e+03,
-6.7270724940618402e+02,
-6.3709074296842118e+02,
-5.7685940704991390e+02,
-4.8970295776487001e+02,
-2.7890849884223917e+02,
-4.3897049730137496e+02,

64,1
-1.0256609132062158e+02,
-9.7985430730711869e+01,
-8.7501057106627286e+01,
-1.9117376568872714e+01,
-3.1170026744628558e+01,
-5.4305336608445486e+01,
-4.0730716138520165e+01,
2.6349850523360601e+01,
-5.6169737802119062e+02,
-5.3156127512313378e+02,
-5.7394819076165186e+02,
-3.3457432856899459e+02,
-2.6125438288968007e+02,
-2.6125438288968007e+02,
-5.5317180161082433e+01,
2.5406024814153170e+01,
-8.5155204724270516e+02,
-7.0291859712162022e+02,
-8.5442803902797868e+02,
-4.2238830483452466e+02,
-3.9277902939208843e+02,
-4.7554237801893305e+02,
-8.3325243531018259e+01,
1.4185676297990949e+02,
-1.2432377377219668e+03,
-1.0969958615316805e+03,
0.0000000000000000e+00,
0.0000000000000000e+00,
-3.6123302742942906e+02,
-3.6879605017410495e+02,
-1.0212322724847718e+02,
1.7492656900911879e+02,
-1.1204016480083678e+03,
-9.6813770435079141e+02,
0.0000000000000000e+00,
0.0000000000000000e+00,
-3.7266036959342728e+02,
-3.5369084014564942e+02,
1.5050005627232758e+02,
2.5492333585112783e+02,
-1.0926901399622907e+03,
-8.2648262621188451e+02,
-6.5859023635216954e+02,
-4.3494663491471510e+02,
-5.2147956817558679e+02,
-3.3744734671454535e+02,
2.9643106424721645e+02,
3.1169227455222199e+02,
-1.0409028115155024e+03,
-5.3242567150433342e+02,
-5.3242567150433342e+02,
-5.7685940704991390e+02,
-4.7229574615691763e+02,
-2.5224519224648384e+02,
2.0066327198694353e+02,
2.7882328874209952e+02,
-1.2443313550218863e+02,
-8.8952920746160089e+01,
-6.5157837686163020e+01,
-4.8327559446777741e+01,
-3.3572136206557389e+01,
-1.8551561632501944e+01,
-8.3266422346014224e+00,
-1.2997393701980400e+00,

