1
1
1
1
(6 0
((80,232) (96,248) (1,1))
((96,232) (112,248) (1,1))
((80,248) (96,264) (1,1))
((96,248) (112,264) (1,1))
((80,264) (96,280) (1,1))
((96,264) (112,280) (1,1))
)
6
FabOnDisk: SD_1_Old_MF_D_00000 0
FabOnDisk: SD_1_Old_MF_D_00000 2974
FabOnDisk: SD_1_Old_MF_D_00000 5949
FabOnDisk: SD_1_Old_MF_D_00000 8923
FabOnDisk: SD_1_Old_MF_D_00000 11898
FabOnDisk: SD_1_Old_MF_D_00000 14872

6,1
-7.9134946348753745e+00,
-3.9201228011722405e-01,
0.0000000000000000e+00,
-3.4495868286405523e-01,
-7.4405632457530473e+00,
-3.9199326148881802e-01,

6,1
3.6177969852474985e+00,
5.4945100384251901e+00,
3.6336183223210292e+00,
5.5052583942456490e+00,
3.6336183223210292e+00,
5.5052583942456490e+00,

