1
1
8
0
(2 0
((96,104) (127,127) (0,0))
((0,120) (95,127) (0,0))
)
2
FabOnDisk: Cell_D_00000 0
FabOnDisk: Cell_D_00000 49239

2,8
-2.7505286223566294e-01,-6.2030444952375874e-01,9.9980157128562752e-01,0.0000000000000000e+00,-7.4714630925179248e-01,-1.4973322697849083e+00,1.1964917124962504e-04,-4.6579332005088861e-02,
-7.1497080897760065e-02,6.7193636270265037e-05,9.9996242818289760e-01,0.0000000000000000e+00,-1.8307863915424161e-01,-9.5826941614717605e+00,1.7308986411713700e-01,-1.3176655255858963e-01,

2,8
9.1726692836016999e-01,4.6889571321944115e-02,1.0000000020585023e+00,0.0000000000000000e+00,3.4850881453164028e+01,3.0436207337484973e+01,6.6447567982683424e+01,7.1975386934629459e-01,
9.0919283531027872e-01,1.9901992710594338e-01,1.0000002334627489e+00,0.0000000000000000e+00,1.3291603390931950e+01,7.8063466627556650e+00,7.2725350464276914e+01,-8.6857737427504514e-04,

