1
1
9
0
(6 0
((32,112) (47,127) (0,0))
((48,112) (63,127) (0,0))
((64,112) (71,127) (0,0))
((32,128) (47,143) (0,0))
((48,128) (63,143) (0,0))
((64,128) (71,143) (0,0))
)
6
FabOnDisk: Cell_D_00000 0
FabOnDisk: Cell_D_00000 18518
FabOnDisk: Cell_D_00000 37036
FabOnDisk: Cell_D_00000 46338
FabOnDisk: Cell_D_00000 64856
FabOnDisk: Cell_D_00000 83374

6,9
0.0000000000000000e+00,-7.2413651052628625e-01,0.0000000000000000e+00,-7.3621806687268908e-14,-6.4053708640905847e+02,-2.8050406036402296e+02,0.0000000000000000e+00,-4.9386924456541370e-01,0.0000000000000000e+00,
-1.1992957548987893e+00,-6.7456017371202914e-01,0.0000000000000000e+00,-2.1291160646502536e-14,-4.9390279724079369e+02,-3.3655517727949774e+02,0.0000000000000000e+00,-1.1298359591341058e+00,0.0000000000000000e+00,
-1.1225152010981028e+00,3.0656370006775648e-02,9.9999999999984335e-01,-2.3035436166622339e-14,5.6576028383969707e+01,-2.9790200594677458e+02,1.8544089684997545e-01,-9.1692589747812758e-01,1.0000000000000000e+00,
0.0000000000000000e+00,0.0000000000000000e+00,0.0000000000000000e+00,-7.5504946475090281e-14,-6.4053708640908508e+02,-5.0045080868914943e+02,0.0000000000000000e+00,-4.9386924456540421e-01,0.0000000000000000e+00,
-1.1992957548989061e+00,-2.4198956499830343e-01,0.0000000000000000e+00,-2.2210052048037231e-14,-4.9390279724077953e+02,-3.4833910800559983e+02,0.0000000000000000e+00,-1.1298359591339884e+00,0.0000000000000000e+00,
-1.1225152010982065e+00,-6.0423579528391558e-01,9.9999999999988010e-01,-2.3740517874913816e-14,5.6576028383959240e+01,-1.6285492219538807e+02,1.8544089685801346e-01,-9.1692589747804143e-01,1.0000000000000000e+00,

6,9
1.3571491562921403e+00,0.0000000000000000e+00,1.0000000000001801e+00,5.9291942749643635e-14,1.5563641430898701e+02,5.0045080868987208e+02,2.9837228818152562e+03,6.0318162381084373e-01,1.0000000000000000e+00,
1.5570164879180115e+00,2.4198956499830282e-01,1.0000000000005418e+00,7.3387154514838784e-15,3.2078310315404531e+02,3.4833910800558664e+02,2.2708900379095585e+03,0.0000000000000000e+00,1.0000000000000000e+00,
1.4945053909047248e+00,6.0423579528396065e-01,1.0000000000001559e+00,2.6375573811180272e-15,4.1181105751233201e+02,1.6285492219535340e+02,1.2448358890285986e+03,6.6556349790750785e-03,1.0000000000000000e+00,
1.3571491562921354e+00,7.2413651052625683e-01,1.0000000000002096e+00,6.2890484864198269e-14,1.5563641430900628e+02,2.8050406036402308e+02,2.9837228818152439e+03,6.0318162381084417e-01,1.0000000000000000e+00,
1.5570164879180159e+00,6.7456017371203891e-01,1.0000000000007525e+00,8.3294384148671513e-15,3.2078310315395066e+02,3.3655517727947358e+02,2.2708900379095548e+03,0.0000000000000000e+00,1.0000000000000000e+00,
1.4945053909047230e+00,-3.0656370006684634e-02,1.0000000000001497e+00,2.8569130376053728e-15,4.1181105751232383e+02,2.9790200594674076e+02,1.2448358890284571e+03,6.6556349790682558e-03,1.0000000000000000e+00,

