NavierStokes-V1.1
9
x_velocity
y_velocity
density
tracer
gradpx
gradpy
mag_vort
avg_pressure
vfrac
2
0.0267421268289747
2
-0.04 -0.04 
0.04 0.04 
2 2 
((0,0) (127,127) (0,0)) ((0,0) (255,255) (0,0)) ((0,0) (511,511) (0,0)) 
150 300 600 
0.000625 0.000625 
0.0003125 0.0003125 
0.00015625 0.00015625 
0
0
0 64 0.0267421268289747
150
-0.04 -0.03
-0.04 -0.03
-0.03 -0.02
-0.04 -0.03
-0.02 -0.01
-0.04 -0.03
-0.01 0
-0.04 -0.03
0 0.01
-0.04 -0.03
0.01 0.02
-0.04 -0.03
0.02 0.03
-0.04 -0.03
0.03 0.04
-0.04 -0.03
-0.04 -0.03
-0.03 -0.02
-0.03 -0.02
-0.03 -0.02
-0.02 -0.01
-0.03 -0.02
-0.01 0
-0.03 -0.02
0 0.01
-0.03 -0.02
0.01 0.02
-0.03 -0.02
0.02 0.03
-0.03 -0.02
0.03 0.04
-0.03 -0.02
-0.04 -0.03
-0.02 -0.01
-0.03 -0.02
-0.02 -0.01
-0.02 -0.01
-0.02 -0.01
-0.01 0
-0.02 -0.01
0 0.01
-0.02 -0.01
0.01 0.02
-0.02 -0.01
0.02 0.03
-0.02 -0.01
0.03 0.04
-0.02 -0.01
-0.04 -0.03
-0.01 0
-0.03 -0.02
-0.01 0
-0.02 -0.01
-0.01 0
-0.01 0
-0.01 0
0 0.01
-0.01 0
0.01 0.02
-0.01 0
0.02 0.03
-0.01 0
0.03 0.04
-0.01 0
-0.04 -0.03
0 0.01
-0.03 -0.02
0 0.01
-0.02 -0.01
0 0.01
-0.01 0
0 0.01
0 0.01
0 0.01
0.01 0.02
0 0.01
0.02 0.03
0 0.01
0.03 0.04
0 0.01
-0.04 -0.03
0.01 0.02
-0.03 -0.02
0.01 0.02
-0.02 -0.01
0.01 0.02
-0.01 0
0.01 0.02
0 0.01
0.01 0.02
0.01 0.02
0.01 0.02
0.02 0.03
0.01 0.02
0.03 0.04
0.01 0.02
-0.04 -0.03
0.02 0.03
-0.03 -0.02
0.02 0.03
-0.02 -0.01
0.02 0.03
-0.01 0
0.02 0.03
0 0.01
0.02 0.03
0.01 0.02
0.02 0.03
0.02 0.03
0.02 0.03
0.03 0.04
0.02 0.03
-0.04 -0.03
0.03 0.04
-0.03 -0.02
0.03 0.04
-0.02 -0.01
0.03 0.04
-0.01 0
0.03 0.04
0 0.01
0.03 0.04
0.01 0.02
0.03 0.04
0.02 0.03
0.03 0.04
0.03 0.04
0.03 0.04
Level_0/Cell
1 6 0.0267421268289747
300
-0.03 -0.025
-0.005 0
-0.025 -0.02
-0.005 0
-0.02 -0.0175
-0.005 0
-0.03 -0.025
0 0.005
-0.025 -0.02
0 0.005
-0.02 -0.0175
0 0.005
Level_1/Cell
2 6 0.0267421268289747
600
-0.0275 -0.025
-0.00375 -0.00125
-0.025 -0.0225
-0.00375 -0.00125
-0.0275 -0.025
-0.00125 0.00125
-0.025 -0.0225
-0.00125 0.00125
-0.0275 -0.025
0.00125 0.00375
-0.025 -0.0225
0.00125 0.00375
Level_2/Cell
1.0e-6
1.0e-6
1.0e-6
