1
1
9
0
(64 0
((0,64) (15,79) (0,0))
((16,64) (31,79) (0,0))
((32,64) (47,79) (0,0))
((48,64) (63,79) (0,0))
((64,64) (79,79) (0,0))
((80,64) (95,79) (0,0))
((96,64) (111,79) (0,0))
((112,64) (127,79) (0,0))
((0,80) (15,95) (0,0))
((16,80) (31,95) (0,0))
((32,80) (47,95) (0,0))
((48,80) (63,95) (0,0))
((64,80) (79,95) (0,0))
((80,80) (95,95) (0,0))
((96,80) (111,95) (0,0))
((112,80) (127,95) (0,0))
((0,96) (15,111) (0,0))
((16,96) (31,111) (0,0))
((32,96) (47,111) (0,0))
((48,96) (63,111) (0,0))
((64,96) (79,111) (0,0))
((80,96) (95,111) (0,0))
((96,96) (111,111) (0,0))
((112,96) (127,111) (0,0))
((0,112) (15,127) (0,0))
((16,112) (31,127) (0,0))
((32,112) (47,127) (0,0))
((48,112) (63,127) (0,0))
((64,112) (79,127) (0,0))
((80,112) (95,127) (0,0))
((96,112) (111,127) (0,0))
((112,112) (127,127) (0,0))
((0,128) (15,143) (0,0))
((16,128) (31,143) (0,0))
((32,128) (47,143) (0,0))
((48,128) (63,143) (0,0))
((64,128) (79,143) (0,0))
((80,128) (95,143) (0,0))
((96,128) (111,143) (0,0))
((112,128) (127,143) (0,0))
((0,144) (15,159) (0,0))
((16,144) (31,159) (0,0))
((32,144) (47,159) (0,0))
((48,144) (63,159) (0,0))
((64,144) (79,159) (0,0))
((80,144) (95,159) (0,0))
((96,144) (111,159) (0,0))
((112,144) (127,159) (0,0))
((0,160) (15,175) (0,0))
((16,160) (31,175) (0,0))
((32,160) (47,175) (0,0))
((48,160) (63,175) (0,0))
((64,160) (79,175) (0,0))
((80,160) (95,175) (0,0))
((96,160) (111,175) (0,0))
((112,160) (127,175) (0,0))
((0,176) (15,191) (0,0))
((16,176) (31,191) (0,0))
((32,176) (47,191) (0,0))
((48,176) (63,191) (0,0))
((64,176) (79,191) (0,0))
((80,176) (95,191) (0,0))
((96,176) (111,191) (0,0))
((112,176) (127,191) (0,0))
)
64
FabOnDisk: Cell_D_00000 0
FabOnDisk: Cell_D_00000 18515
FabOnDisk: Cell_D_00000 37031
FabOnDisk: Cell_D_00000 55547
FabOnDisk: Cell_D_00000 74063
FabOnDisk: Cell_D_00000 92579
FabOnDisk: Cell_D_00000 111095
FabOnDisk: Cell_D_00000 129612
FabOnDisk: Cell_D_00000 148130
FabOnDisk: Cell_D_00000 166645
FabOnDisk: Cell_D_00000 185161
FabOnDisk: Cell_D_00000 203677
FabOnDisk: Cell_D_00000 222193
FabOnDisk: Cell_D_00000 240709
FabOnDisk: Cell_D_00000 259225
FabOnDisk: Cell_D_00000 277742
FabOnDisk: Cell_D_00000 296260
FabOnDisk: Cell_D_00000 314776
FabOnDisk: Cell_D_00000 333293
FabOnDisk: Cell_D_00000 351810
FabOnDisk: Cell_D_00000 370327
FabOnDisk: Cell_D_00000 388844
FabOnDisk: Cell_D_00000 407361
FabOnDisk: Cell_D_00000 425879
FabOnDisk: Cell_D_00000 444398
FabOnDisk: Cell_D_00000 462915
FabOnDisk: Cell_D_00000 481433
FabOnDisk: Cell_D_00000 499951
FabOnDisk: Cell_D_00000 518469
FabOnDisk: Cell_D_00000 536987
FabOnDisk: Cell_D_00000 555505
FabOnDisk: Cell_D_00000 574024
FabOnDisk: Cell_D_00000 592544
FabOnDisk: Cell_D_00000 611061
FabOnDisk: Cell_D_00000 629579
FabOnDisk: Cell_D_00000 648097
FabOnDisk: Cell_D_00000 666615
FabOnDisk: Cell_D_00000 685133
FabOnDisk: Cell_D_00000 703651
FabOnDisk: Cell_D_00000 722170
FabOnDisk: Cell_D_00000 740690
FabOnDisk: Cell_D_00000 759207
FabOnDisk: Cell_D_00000 777725
FabOnDisk: Cell_D_00000 796243
FabOnDisk: Cell_D_00000 814761
FabOnDisk: Cell_D_00000 833279
FabOnDisk: Cell_D_00000 851797
FabOnDisk: Cell_D_00000 870316
FabOnDisk: Cell_D_00000 888836
FabOnDisk: Cell_D_00000 907353
FabOnDisk: Cell_D_00000 925871
FabOnDisk: Cell_D_00000 944389
FabOnDisk: Cell_D_00000 962907
FabOnDisk: Cell_D_00000 981425
FabOnDisk: Cell_D_00000 999943
FabOnDisk: Cell_D_00000 1018462
FabOnDisk: Cell_D_00000 1036982
FabOnDisk: Cell_D_00000 1055499
FabOnDisk: Cell_D_00000 1074017
FabOnDisk: Cell_D_00000 1092535
FabOnDisk: Cell_D_00000 1111053
FabOnDisk: Cell_D_00000 1129571
FabOnDisk: Cell_D_00000 1148089
FabOnDisk: Cell_D_00000 1166608

64,9
3.6124014496338819e-01,-4.1543326843610240e-01,9.9997516409362763e-01,1.0108727525456766e-14,-4.6919386929483777e+06,-2.9461512553626634e+06,8.9901771362163529e-01,-6.6757889504363538e+02,1.0000000000000000e+00,
7.5076959889951844e-01,-1.3173150875669137e-01,9.9999999999345390e-01,3.3424251785106358e-13,-6.2170120947993698e+05,-3.3065149814576795e+06,3.4676800983953759e-01,-6.3636472076448933e+02,1.0000000000000000e+00,
8.6953949172527489e-01,4.1627475484603452e-02,9.9999999158692410e-01,6.5853965045727693e-13,-1.3748993149368896e+05,-4.2216224998702230e+06,4.3940262539563513e-01,-6.7321523875258379e+02,1.0000000000000000e+00,
5.2605232098741128e-01,-1.1778474185187725e-01,9.9999999980744236e-01,9.8003010749078029e-13,-7.6803153491201781e+04,-2.8189895938550094e+06,3.7445429829940924e-02,-6.1575556055752600e+02,1.0000000000000000e+00,
8.5610288497262876e-01,-1.6813937683556043e-02,9.9999999943517182e-01,1.2917906548036748e-12,-5.6914335174792432e+04,-2.2119111238957942e+06,4.3270424806512997e-02,-3.7825171313751105e+02,1.0000000000000000e+00,
5.9073727818992272e-01,6.4525973555701610e-02,9.9999999999880151e-01,1.5910709677997007e-12,-2.9902988270173955e+05,-3.2663595026761070e+06,1.4323584626125818e-01,-3.8369611304768603e+02,1.0000000000000000e+00,
5.9245375319720450e-01,1.5363361555246155e-01,9.9999997818598862e-01,1.8746303665917348e-12,-2.2803251599250369e+04,-3.1386531084749391e+06,6.1301104531175099e-03,-3.3456066488926228e+02,1.0000000000000000e+00,
4.3412785094331846e-01,-5.2968783340378724e-02,9.9999999445019061e-01,2.1398383314447606e-12,-1.8730121519911389e+06,-2.6030007940450269e+06,2.4032276249847939e-01,-2.8310439867396656e+02,1.0000000000000000e+00,
4.8867713127982459e-01,-9.6705257188502514e-01,9.9995759670772832e-01,1.0004682201200283e-14,-4.4668561634058161e+06,-2.8436864646428288e+06,3.0782078845309757e-01,-9.4148081250515179e+02,1.0000000000000000e+00,
-1.2459124706452514e-01,-1.9390268840712380e-01,9.9996146810495778e-01,3.3093917306311896e-13,-4.7946471209697891e+06,-5.0142469361607805e+06,2.0868362398208262e-01,-1.0196049433731664e+03,1.0000000000000000e+00,
1.4470449296045626e-01,-6.0385367843180859e-01,9.9983662368997084e-01,6.5416598177136060e-13,-5.3298710755083300e+06,-2.4755821109482478e+06,7.1360774049695053e-01,-9.3716929484495608e+02,1.0000000000000000e+00,
1.0355743828695670e-01,-8.2801166301677553e-01,9.9997926122853253e-01,9.8039455960468594e-13,-4.4170112559812795e+06,-2.7362675803518347e+06,4.0062250717891601e+00,-9.0491869432393628e+02,1.0000000000000000e+00,
3.1113741440105880e-01,-5.5892235817016334e-01,9.9976067443975913e-01,1.2941283095744925e-12,-3.3931748493788661e+06,-3.2525716538465400e+06,1.1121545551650538e+00,-6.7924968627014778e+02,1.0000000000000000e+00,
-2.3850444088543180e-01,-1.6863687054725997e-02,9.9997558241288376e-01,1.5939005430180429e-12,-5.0263083544025328e+06,-4.0542121226021028e+06,8.3466208066035108e+00,-6.9854025113637147e+02,1.0000000000000000e+00,
-1.0272033251606445e-01,-5.4391248873202258e-01,9.9985942446164122e-01,1.8768832448908457e-12,-4.6633781528096162e+06,-4.0194470803530794e+06,1.0542939641599691e+01,-7.0973833896852273e+02,1.0000000000000000e+00,
1.2066921111385855e-01,-6.8732664889840944e-01,9.9999940538714938e-01,2.1413530112651971e-12,-8.1755235885092113e+06,-1.2445562225621548e+06,1.6842112820312938e-01,-2.8362743846860189e+02,1.0000000000000000e+00,
2.6175756207662199e-01,-4.5439911311973363e-01,9.9997091925578174e-01,9.8256763490216703e-15,-3.5580882700978937e+06,-4.7415468471797220e+06,5.3624127400418997e-01,-1.4722537349657134e+03,1.0000000000000000e+00,
-6.8263575613600802e-02,-6.2539553153926342e-01,9.9996650333493975e-01,3.2431950650874788e-13,-5.1874689603767376e+06,-6.3027657370888628e+06,1.9307846516734966e+00,-1.2207288272256908e+03,1.0000000000000000e+00,
1.6341871306386657e-01,-6.7916002743158110e-01,9.9995561212387285e-01,6.3875010480429492e-13,-4.5839390909124855e+06,-2.2050070454521510e+06,3.9528948594167161e+00,-1.0730437845688375e+03,1.0000000000000000e+00,
2.1056291715983991e-01,-3.9234961292220499e-01,9.9995435106665520e-01,9.8078654110590094e-13,-4.1845263452097196e+06,-3.1300401866002600e+06,1.0011321751162662e+01,-1.0274834063321164e+03,1.0000000000000000e+00,
-4.3776586627251084e-02,-5.1914037750241782e-01,9.9988672754157371e-01,1.2998211570976255e-12,-4.8711397830609381e+06,-3.1183925553413071e+06,8.2460834640834300e+00,-7.2959093970561401e+02,1.0000000000000000e+00,
8.8416592723892726e-02,-2.5637550565874312e-01,9.9994654020763396e-01,1.5990970606164060e-12,-7.0624015035905056e+06,-4.6561382811626736e+06,1.8337382698462594e+00,-8.1415292488606849e+02,1.0000000000000000e+00,
-4.7873942477852864e-02,-6.2564005758887709e-01,9.9999019264545963e-01,1.8801105194240826e-12,-5.8732157767674457e+06,-1.4918627136731385e+06,4.4015572734360369e+00,-7.1360279147297672e+02,1.0000000000000000e+00,
-4.9394401946257965e-02,-5.9931688465868316e-01,9.9999994969620132e-01,2.1432749876356169e-12,-7.5070362145210104e+06,-1.4814288689726783e+05,1.4830462155694946e+00,-3.8596268557335384e+02,1.0000000000000000e+00,
-2.8592271651977191e-01,-3.6673293311870697e-01,9.9987667989991091e-01,9.7168064442886763e-15,-2.4592607062325068e+06,-5.1145525682502473e+06,5.8987756058323768e+00,-1.9900768357499758e+03,1.0000000000000000e+00,
9.2846295200756976e-02,-6.6637721557801655e-01,9.9995456706220986e-01,3.1920610249762398e-13,-4.1264462309196256e+06,-4.3272962249636622e+06,6.6227439476232774e-02,-1.3624059345409412e+03,1.0000000000000000e+00,
-3.0468702018262316e-02,-7.3572000730002918e-01,0.0000000000000000e+00,0.0000000000000000e+00,-3.6825202869144622e+06,-7.4714412947756033e+06,0.0000000000000000e+00,-4.0559280225225548e+03,0.0000000000000000e+00,
-5.9037302096852706e-01,-5.7691944930420658e-01,0.0000000000000000e+00,0.0000000000000000e+00,-2.0250007762316840e+06,-1.8653416653658100e+06,0.0000000000000000e+00,-3.8102202348245846e+03,0.0000000000000000e+00,
3.9194446406696171e-01,-4.8471663831980399e-01,9.9955719053861281e-01,1.3170948464609293e-12,-8.1505085319707552e+06,-3.9641314408082790e+06,4.7229468343827818e-01,-7.4590046943054449e+02,1.0000000000000000e+00,
-7.8001575435785842e-02,-7.8207391701835305e-01,9.9994839943454039e-01,1.6076314595997553e-12,-3.2954196362201334e+06,-9.0424542269327235e+05,3.8588922113991231e-01,-9.7453282279900588e+02,1.0000000000000000e+00,
5.8180385954196978e-01,-9.4698498273112097e-01,9.9997822028361116e-01,1.8843307566337118e-12,-3.9176966408800096e+06,-2.8712592397763217e+06,5.8839831711031465e+00,-5.7502985048761400e+02,1.0000000000000000e+00,
5.4848970197452072e-02,-6.0316671688507839e-01,9.9996487167152392e-01,2.1459254808409620e-12,-8.1429439595561987e+06,-2.3333813291284922e+06,2.6550631729871377e-01,-3.8553266504615749e+02,1.0000000000000000e+00,
-5.3138335746118037e-01,-8.5880260260809149e-01,9.9993812320061470e-01,9.7196153043959053e-15,-3.8776534373602122e+06,-1.3961343328357234e+06,6.3430333789169513e+00,-2.0899668604708195e+03,1.0000000000000000e+00,
2.4656402736968080e-01,-4.5205174631641598e-01,9.9997702547907297e-01,3.1922300429760692e-13,-8.0347942002638290e+06,-4.1032534980712160e+06,3.7934038849354423e+00,-1.3249007432234998e+03,1.0000000000000000e+00,
0.0000000000000000e+00,-9.4744160553371415e-01,0.0000000000000000e+00,0.0000000000000000e+00,-3.1984064472973091e+05,-2.4173905320137315e+06,0.0000000000000000e+00,-4.0681710861587167e+03,0.0000000000000000e+00,
-7.1135585176070959e-01,-7.3147840533306352e-01,0.0000000000000000e+00,0.0000000000000000e+00,-5.2703511138215112e+06,-7.6468745231312048e+05,0.0000000000000000e+00,-3.7590648287023564e+03,0.0000000000000000e+00,
1.2435658164633669e-01,-8.4497542249994351e-01,9.9964147198650433e-01,1.3193755819473733e-12,-4.0088379847916458e+06,-2.7847100455482798e+06,1.2939640957453111e+00,-6.9227074852460578e+02,1.0000000000000000e+00,
2.6461879870000579e-02,-9.1354344485082228e-01,9.9990229251387541e-01,1.6102800217737853e-12,-4.8921013121552207e+06,-2.8788013261609697e+06,3.2077416065822959e+00,-9.8674221560575711e+02,1.0000000000000000e+00,
-1.8828394522950087e-01,-8.4972476387710827e-01,9.9996130929872262e-01,1.8873054994553599e-12,-2.3735758615750624e+06,-4.7801295619792904e+05,6.8412675835620718e-01,-5.5370710850714659e+02,1.0000000000000000e+00,
7.4799084640032763e-03,-6.1595889789150204e-01,9.9999780718229314e-01,2.1482531363737100e-12,-1.3471542495077806e+07,-2.4876689096130808e+06,1.1419574662967502e-01,-1.6333711457423249e+02,1.0000000000000000e+00,
-2.1808854512339990e-01,-6.4290495833344585e-01,9.9994389315964727e-01,9.8461595259344435e-15,-2.8057876770931487e+06,-2.4921261539507927e+06,5.4972909788012991e-01,-1.9953271940571685e+03,1.0000000000000000e+00,
1.6796962524756015e-01,-9.9641946711848906e-01,9.9996014955021550e-01,3.2493397495443315e-13,-6.6815656435889658e+06,-1.5417419381989865e+06,3.9233632287029110e+00,-1.2242451087581030e+03,1.0000000000000000e+00,
2.4110728972890072e-01,-7.8043834073630725e-01,9.9995635106619496e-01,6.4007971778887972e-13,-5.2051639320543101e+06,-6.2814173398400284e+05,2.4271616013771702e+00,-1.2164586223041833e+03,1.0000000000000000e+00,
-2.0095862302378961e-01,-9.7098998578907780e-01,9.9992855929345048e-01,9.8385760452659892e-13,-6.2138267548987269e+06,-5.4187948787687998e+06,3.1644082299115670e+00,-1.0735297170198105e+03,1.0000000000000000e+00,
1.4054812135180811e-01,-1.4279984313924210e+00,9.9985597984489549e-01,1.3042463109843962e-12,-6.4481624349063598e+06,-9.9703670827921270e+05,1.6003518720933698e+00,-8.0729955799071377e+02,1.0000000000000000e+00,
4.3170358311284573e-01,-8.8777668315121339e-01,9.9993171886525634e-01,1.6044263689956833e-12,-5.2073038595474772e+06,-3.3618770615150318e+06,6.4408464798798182e-01,-6.4832864865171166e+02,1.0000000000000000e+00,
-1.8470517916617299e-01,-6.2098737399319259e-01,9.9989151163577572e-01,1.8863226921924291e-12,-2.1850202194538279e+06,-9.3281846514265297e+05,3.2771896748621323e+00,-5.2731912668835275e+02,1.0000000000000000e+00,
5.5092659130375887e-01,-4.8964909075091895e-01,9.9999762152093963e-01,2.1494612011144723e-12,-1.1512851192204358e+07,-2.2044468434176482e+06,4.9437800117537734e-01,-2.0198024308969730e+02,1.0000000000000000e+00,
-4.3431186580810320e-02,-6.7690408632037757e-01,9.9994510807011761e-01,1.0039321664607815e-14,-2.0763492087828587e+06,-1.2557760030615681e+06,1.5879704351768744e+00,-1.8922946275393483e+03,1.0000000000000000e+00,
-2.1056216011894743e-01,-7.9486669552489053e-01,9.9991493743618620e-01,3.3209443683760058e-13,-5.2899430559537439e+06,-1.8416523808493672e+06,2.7903159891216944e+00,-1.2897605692091688e+03,1.0000000000000000e+00,
7.5955974248615943e-02,-6.1148327122465984e-01,9.9998583273561326e-01,6.5647573520163061e-13,-5.0336548581254408e+06,-3.5198268231350789e+06,1.2503812960605876e+00,-8.7478857724954355e+02,1.0000000000000000e+00,
2.8859608108622870e-01,-6.1334029674420842e-01,9.9997121855259785e-01,9.8422763524216143e-13,-3.9712023011432639e+06,-1.8068543234447353e+06,4.8813719963952895e+00,-8.3722577648723166e+02,1.0000000000000000e+00,
3.1493685887945244e-01,-8.9678707920651479e-01,9.9985289003489297e-01,1.3005667984637935e-12,-3.4176185726752449e+06,-1.2580702513109865e+06,8.9863936089962237e-01,-7.4897582432857655e+02,1.0000000000000000e+00,
-2.7563023186692726e-01,-8.6113512111916535e-01,9.9994605320096286e-01,1.6017615699192809e-12,-2.0014076786470851e+06,-8.6295488366784086e+05,3.4072335880237503e+00,-5.8610363073349288e+02,1.0000000000000000e+00,
-6.1667478275766026e-02,-1.0470432133053631e+00,9.9995524608246888e-01,1.8860309407707379e-12,-2.8796086578387883e+06,-4.0728509227760835e+06,4.4404930143307517e+00,-3.3716626476381589e+02,1.0000000000000000e+00,
2.8338393624857822e-01,-1.1448227738010455e+00,9.9999971164097701e-01,2.1504441707417900e-12,-8.9144108929248918e+06,-1.6265545875376756e+06,7.7862548676674304e-01,-3.8161072412879491e+02,1.0000000000000000e+00,
2.1911828372757289e-01,-7.7548030874114526e-01,9.9997896513524276e-01,1.0160519498987892e-14,-3.7983820889366633e+05,-9.5634401737433881e+05,1.6074206939613589e-01,-1.4981762207481884e+03,1.0000000000000000e+00,
4.6100425637793602e-01,-6.5065371203985745e-01,9.9999928015316275e-01,3.3594371771543778e-13,-1.0427113835245110e+06,-3.9903849180633540e+05,1.2285624841013032e-03,-1.0086326129481733e+03,1.0000000000000000e+00,
6.2600685499650877e-01,-5.0252677458091422e-01,9.9999999999616895e-01,6.6192381715535032e-13,-1.7087269848211326e+06,1.7850548521064041e+05,5.9593180815653568e-02,-6.4590864621823539e+02,1.0000000000000000e+00,
8.4194307087953824e-01,-3.2610521022642497e-01,9.9999999976116039e-01,9.8533172980359876e-13,1.0592594590197853e+05,5.8576786076327553e+05,5.9936797437432077e-02,-6.1297030664000806e+02,1.0000000000000000e+00,
8.4564281772635208e-01,-3.1848147916234387e-01,9.9999999999924283e-01,1.3000252997106659e-12,1.1715542691550541e+05,6.7053290524700249e+05,1.3605655201098799e-02,-5.5898300929347272e+02,1.0000000000000000e+00,
3.4130257138507769e-01,-5.5675513218372896e-01,9.9999999999961109e-01,1.6011685755196715e-12,-3.4680669087307659e+04,8.6654604477790665e+04,2.7651147552987254e-01,-4.7993517298132883e+02,1.0000000000000000e+00,
7.2039043711646833e-01,-6.1909313559038903e-01,9.9999999995691047e-01,1.8860409822872480e-12,-2.4194078395500089e+05,-1.8621396570766105e+06,4.4060670285812620e-01,-2.6815433713443656e+02,1.0000000000000000e+00,
2.6432411786141446e-01,-9.1601597866312123e-01,9.9999999999942146e-01,2.1518289807151895e-12,-3.4018750355988829e+06,-2.1247499353154418e+06,6.5329497311417128e-03,-4.1366279716948225e+02,1.0000000000000000e+00,

64,9
1.6778542357096251e+00,8.9523498134569512e-01,1.0000055400326360e+00,3.1515681051174252e-13,3.0024071865524689e+05,1.7129121705538882e+06,2.0446743000112490e+03,-1.2113640669880022e+02,1.0000000000000000e+00,
1.4916527223391245e+00,8.4524481302009558e-01,1.0000000000133216e+00,6.3968724041632783e-13,1.3747890993852073e+06,2.9556917230101640e+05,2.1225628264419315e+03,-9.9845294524857081e+01,1.0000000000000000e+00,
1.2700306335388858e+00,8.4105154845248908e-01,1.0000000037627832e+00,9.6037318058625712e-13,2.1971160097934636e+06,5.4347426710117259e+04,1.6954833793846399e+03,-9.0704080755922860e+01,1.0000000000000000e+00,
1.5722019328354644e+00,7.2120005268031506e-01,1.0000000001442599e+00,1.2746417613620858e-12,1.8265649412837354e+06,3.2260997447492286e+04,1.7863199334461813e+03,-2.4980852172408504e+01,1.0000000000000000e+00,
1.1647215198126672e+00,3.6298680095334329e-01,1.0000000003406944e+00,1.5753329844977254e-12,1.1819118315019263e+06,-8.0576663159423799e+04,1.0238469495692243e+03,-3.6351977742938516e+01,1.0000000000000000e+00,
1.2766638040279275e+00,6.0620145287482208e-01,1.0000000000018381e+00,1.8595320822576942e-12,1.3538452782768451e+06,-1.4965648695706576e+05,1.8298162235368295e+03,-5.5840761285207122e+01,1.0000000000000000e+00,
1.3001491547532962e+00,8.0116337535776228e-01,1.0000000624784340e+00,2.1252893552792874e-12,1.8587992421801023e+06,-2.1407563720522710e+05,1.7471681753487255e+03,-4.2339724883684312e+01,1.0000000000000000e+00,
1.1375561416638409e+00,8.0308518223822534e-01,1.0000000034438399e+00,2.3706807660388986e-12,1.3220441951298702e+06,1.9655996525668280e+05,1.2707727567366894e+03,2.1980733354501922e+01,1.0000000000000000e+00,
1.5738832995237313e+00,1.0367665249858993e+00,1.0000700047778406e+00,3.1383399638573991e-13,2.5653227575240892e+05,1.8778669842623133e+05,3.0504891841541380e+03,-5.8193531326035122e+02,1.0000000000000000e+00,
1.6367771744750490e+00,9.8413999705160393e-01,1.0000784600662220e+00,6.3827962206925079e-13,2.0647591314972469e+05,1.3650328805684396e+06,2.3292577715216339e+03,-5.5597055249155801e+02,1.0000000000000000e+00,
1.7626675797961189e+00,7.4761141568645029e-01,1.0000513219918030e+00,9.6043207504493611e-13,1.9858385248927493e+05,5.8445002896025486e+05,2.0702007868778751e+03,-5.8977350909246172e+02,1.0000000000000000e+00,
1.8229162763696529e+00,7.7567559842246103e-01,1.0000126737146291e+00,1.2798974515764200e-12,1.7439520946193973e+06,8.0005452933747997e+05,2.6644785490259319e+03,-3.6362852622863829e+02,1.0000000000000000e+00,
1.6078044425181588e+00,9.0283366294382139e-01,1.0000474831104913e+00,1.5805022832804169e-12,1.7066398981236725e+06,1.7826555554285562e+06,2.4836473838762849e+03,-2.8375290431181043e+02,1.0000000000000000e+00,
1.5392212943208408e+00,9.8172817809179580e-01,1.0000324201270077e+00,1.8628160659564789e-12,7.4973352333919785e+05,8.1583825768771069e+05,2.1119728037967470e+03,-2.7792351687617008e+02,1.0000000000000000e+00,
1.6086960562509671e+00,1.1157877584159490e+00,1.0001841538635530e+00,2.1272517626914867e-12,3.6322448870209185e+06,3.0166821529167523e+06,2.6626912529603201e+03,-6.5875584475071037e+01,1.0000000000000000e+00,
1.5563630520261225e+00,9.7321428362438811e-01,1.0000010807204132e+00,2.3721484013962676e-12,7.3815787105184305e+05,1.6684801449204574e+06,2.1136403741758450e+03,1.4907507780614992e+01,1.0000000000000000e+00,
1.4803017275624855e+00,1.2409325317662003e+00,1.0000190238871862e+00,3.1054314561056260e-13,2.4116099500808502e+06,3.5258070370094548e+05,2.0833456800167905e+03,-8.6114871046655276e+02,1.0000000000000000e+00,
1.6340441143893178e+00,6.9621324091463566e-01,1.0000367079897219e+00,6.3335419262205575e-13,4.0940174045277792e+06,9.7587092131717782e+05,2.4334560933454018e+03,-7.3458719417302302e+02,1.0000000000000000e+00,
1.5844344910858827e+00,3.9698488789522685e-01,1.0000854595835844e+00,9.6036676320420740e-13,1.8050278960787430e+06,2.3883242862418317e+06,2.1164819295999023e+03,-8.7988749853946126e+02,1.0000000000000000e+00,
1.7605018243296928e+00,8.0757322036176715e-01,1.0001110494799397e+00,1.2963471348182003e-12,9.9963348004902864e+05,4.0946559393085311e+06,2.4452002374869044e+03,-4.5734468342842706e+02,1.0000000000000000e+00,
1.9535380222002854e+00,8.6383258544359021e-01,1.0000766501116360e+00,1.5893118855080203e-12,5.4985643611362786e+05,5.0156473874543719e+06,2.3141228161040221e+03,-4.0367558817008398e+02,1.0000000000000000e+00,
1.7547110792739675e+00,9.7480109829776262e-01,1.0001277424362078e+00,1.8671753424586932e-12,1.3507556947304594e+05,1.5149687888041241e+06,2.6526003890137390e+03,-4.9364536333479089e+02,1.0000000000000000e+00,
2.3255888269696796e+00,6.3603803183772134e-01,1.0000387731124956e+00,2.1299171466107311e-12,2.1779855934675428e+05,9.3517657377216429e+05,3.1575872282632968e+03,-9.7391050650246939e+01,1.0000000000000000e+00,
1.6832260387007512e+00,5.5393026869236017e-01,1.0000001596511261e+00,2.3743110810591105e-12,1.7033941380019163e+05,1.3957242868349482e+06,3.3611915282672107e+03,1.1431474644602031e+02,1.0000000000000000e+00,
1.5050177640720637e+00,1.0879702917275873e+00,1.0001161056517638e+00,3.0424674168069474e-13,4.5543271373068346e+06,1.5378123457512960e+06,2.6663646567224705e+03,-1.2758273197227707e+03,1.0000000000000000e+00,
1.6937506648805296e+00,6.4779318176964129e-01,1.0000770585587031e+00,6.1720587730297270e-13,8.6516212275356683e+05,2.8332531641926747e+06,2.2262455013750487e+03,-1.1223180663575645e+03,1.0000000000000000e+00,
1.9832663618912143e+00,6.7474901338112814e-01,1.0000400619455363e+00,9.5914282480478589e-13,3.9304189494638992e+06,2.0600254101379255e+06,3.3867476924070011e+03,0.0000000000000000e+00,1.0000000000000000e+00,
1.9701787156868158e+00,8.3974002851597085e-01,1.0001204264808912e+00,1.3274331709830881e-12,2.0094474698207460e+06,4.6212889906059839e+06,5.1253475749209520e+03,0.0000000000000000e+00,1.0000000000000000e+00,
2.0218101587521531e+00,8.0064322928434073e-01,1.0003304691390753e+00,1.5963350549699853e-12,1.0281182635165334e+06,3.5394081342438320e+06,2.4203714036060001e+03,-3.6895539764642513e+02,1.0000000000000000e+00,
1.7329696002491479e+00,5.8509031352520535e-01,1.0001823629092235e+00,1.8703881844439455e-12,4.2874213426059065e+05,1.9531532074766275e+06,3.3909509628848641e+03,-4.3995892988475714e+02,1.0000000000000000e+00,
2.0844282443032025e+00,3.9205338061925354e-01,1.0000256323506391e+00,2.1323220394526248e-12,2.1278512969528339e+06,1.7802546893129461e+06,3.3753408724691285e+03,-1.2512358810212015e+02,1.0000000000000000e+00,
1.9541392125641723e+00,6.3962276603605017e-01,1.0000380184240827e+00,2.3764601388842644e-12,8.5597886198822223e+05,2.1058470248061870e+06,3.0543661529733508e+03,1.4766568264751947e+02,1.0000000000000000e+00,
1.1473959763695003e+00,8.5723591742102945e-01,1.0001081258654931e+00,3.0479483263017682e-13,2.0372517446309426e+06,3.5047790575536173e+06,2.2330788432509967e+03,-1.1635930125024165e+03,1.0000000000000000e+00,
1.8726825672776095e+00,7.9190022456559217e-01,1.0000161791170898e+00,6.1841100153863567e-13,1.0449696381120217e+06,6.8652827069137711e+06,2.0845457215841698e+03,-9.8640565074567655e+02,1.0000000000000000e+00,
1.5357084647201873e+00,8.0673001126254629e-01,1.0000572251864759e+00,9.6100207535905761e-13,2.7765308056226834e+06,3.4554180809450597e+06,3.4392569525047120e+03,0.0000000000000000e+00,1.0000000000000000e+00,
1.5223414712869281e+00,6.8103465056852830e-01,1.0000552715335926e+00,1.3274985245090090e-12,3.1813173017346725e+05,3.0195386778005199e+06,5.4537449827159644e+03,0.0000000000000000e+00,1.0000000000000000e+00,
2.0477326401467266e+00,4.6970590410825463e-01,1.0003341457615806e+00,1.5964514370216935e-12,1.6805995185434329e+06,1.4738771614150559e+06,2.1337302743917812e+03,-3.7894459406116641e+02,1.0000000000000000e+00,
1.8622631346458183e+00,5.7288221015832552e-01,1.0001899706185831e+00,1.8708220375173581e-12,8.6833997280164296e+05,4.2862717634718297e+06,2.9331124160778809e+03,-4.1702225800468477e+02,1.0000000000000000e+00,
1.4393130030729799e+00,9.6585919287955335e-01,1.0000146065898921e+00,2.1335407552267316e-12,1.3239849450785390e+06,2.2035733153209044e+06,3.6593410327039128e+03,1.3640434357673428e+02,1.0000000000000000e+00,
2.0426361475166681e+00,6.7747278890899354e-01,1.0000008656323811e+00,2.3781723018768707e-12,9.8036440903791704e+05,2.2166880789229851e+06,2.5914673231474189e+03,2.3243780196412263e+02,1.0000000000000000e+00,
1.0219347084529014e+00,1.0970497659428480e+00,1.0000560440499779e+00,3.1159319475390672e-13,1.4584002894964241e+06,3.3157219662941480e+06,2.3896135633895456e+03,-1.1348978206163194e+03,1.0000000000000000e+00,
1.7892975067729124e+00,7.9320727866982810e-01,1.0000683296604613e+00,6.3551623346087278e-13,2.3121661592819123e+06,5.0726050548294866e+06,2.7688094273865518e+03,-8.5918502005219318e+02,1.0000000000000000e+00,
1.4658768329316070e+00,5.8585440137675338e-01,1.0000472992738703e+00,9.6368115809166982e-13,1.9573983974558702e+06,5.5331117831819486e+06,2.1082618991235490e+03,-6.7609037220816958e+02,1.0000000000000000e+00,
1.8004508097150425e+00,7.8035395084063108e-01,1.0000652886807342e+00,1.2987529317505808e-12,1.4598525657606965e+06,1.5235824215827910e+06,3.2745998343131596e+03,-4.5624367296145454e+02,1.0000000000000000e+00,
1.4552645450662931e+00,4.3937996085384762e-01,1.0001451760645506e+00,1.5920888859772347e-12,2.6944221099920343e+06,4.3383555972040901e+06,3.2497993399841557e+03,-5.4506368486645943e+02,1.0000000000000000e+00,
1.8105991198347322e+00,6.4115201322220627e-01,1.0002584861198327e+00,1.8704269599819653e-12,1.6420728038188037e+06,3.4805745180728738e+06,4.0170593006301210e+03,-3.7443219957748749e+02,1.0000000000000000e+00,
1.5904126170520581e+00,7.0991834203272530e-01,1.0000721220074871e+00,2.1344196048641696e-12,1.1449735391208339e+06,3.4920265779361017e+06,3.2372426454672955e+03,2.7339373787194631e+02,1.0000000000000000e+00,
2.0419788469488189e+00,4.4634683793857349e-01,1.0000021648575328e+00,2.3800323319440973e-12,3.9654955779444793e+05,1.7741010696793825e+06,1.7719712328760168e+03,3.0288376755275578e+02,1.0000000000000000e+00,
1.4903712863584462e+00,1.1914994351767847e+00,1.0000967417218898e+00,3.1540428432754041e-13,1.0657892781903895e+06,2.4028766058494626e+06,2.0657344762803350e+03,-1.0739201049681551e+03,1.0000000000000000e+00,
1.3587286993718986e+00,5.7029652090698080e-01,1.0000498200187347e+00,6.4139438436934632e-13,2.7851845725796383e+05,6.0580529709577104e+06,2.1109797566223087e+03,-5.6938602016091647e+02,1.0000000000000000e+00,
1.6382804082075140e+00,8.9972163168571562e-01,1.0000219453511925e+00,9.6523727179187236e-13,3.2504782360003004e+06,4.9879924723447524e+06,2.2184251348873017e+03,-5.5794299130986894e+02,1.0000000000000000e+00,
1.7336634267070099e+00,6.7011612382964691e-01,1.0000261773847612e+00,1.2843756564488264e-12,1.1783683471595591e+06,4.8753310904056858e+06,1.9392318598828444e+03,-5.8538974812775461e+02,1.0000000000000000e+00,
1.6356511258865178e+00,5.2862030369472257e-01,1.0000897837567935e+00,1.5859426859039283e-12,1.8750540224567205e+06,8.1669142683881707e+06,2.6252918120961840e+03,-4.8907003036478079e+02,1.0000000000000000e+00,
1.2553362304792210e+00,1.3678769747618394e-01,1.0000655189957903e+00,1.8691524746530379e-12,2.0077379038558370e+06,5.7441172864941321e+06,2.3841563485610250e+03,-2.7306447310325439e+02,1.0000000000000000e+00,
1.4803530836360415e+00,6.0423733958572112e-01,1.0000392423774458e+00,2.1357174461824333e-12,3.1623895774723212e+06,3.3318061457207622e+06,2.6411519705477026e+03,1.6812924877990611e+02,1.0000000000000000e+00,
2.2991184055223650e+00,5.3880870295834959e-01,1.0000187742311319e+00,2.3821971714361029e-12,4.9869878039792017e+05,8.6260369797190861e+05,2.0471060337497577e+03,2.5305835816224169e+02,1.0000000000000000e+00,
1.1442898897959000e+00,2.9279057222445182e-01,1.0000249847957878e+00,3.1716507530051848e-13,1.9054562858806332e+06,2.1318762343029175e+06,1.8583099391095252e+03,-1.7015545209438096e+02,1.0000000000000000e+00,
1.1016622722581024e+00,2.1633174289786775e-01,1.0000000033495826e+00,6.4380480487595798e-13,1.8583265769157442e+06,4.1265946373072392e+06,1.9846432815135154e+03,-1.0698531662068092e+02,1.0000000000000000e+00,
1.4106242429566240e+00,2.6855274911424482e-01,9.9999999999992384e-01,9.6640473749612836e-13,1.2834077064108676e+06,3.1388903838318959e+06,1.8473007574328008e+03,-7.8610240319958848e+01,1.0000000000000000e+00,
1.1583610381157281e+00,2.1425664099882256e-02,1.0000000006348917e+00,1.2810660314622997e-12,1.3337495439398719e+06,2.2805501435348624e+06,7.5701752285092357e+02,-6.3509579538879279e+01,1.0000000000000000e+00,
1.1333649974655755e+00,-1.9138075750692168e-01,1.0000000000005853e+00,1.5832766202093233e-12,1.6706017057265926e+06,2.9146018811585130e+06,9.0340167232485214e+02,-4.5946634338457102e+01,1.0000000000000000e+00,
1.1478362374980740e+00,-1.4593132248315233e-01,1.0000000000038616e+00,1.8690966166078749e-12,1.8254103477995752e+06,2.7973906209680759e+06,1.9336906539722052e+03,-2.7263184534963898e+01,1.0000000000000000e+00,
1.3496464470749576e+00,-1.1298185383193285e-01,1.0000000000542875e+00,2.1370529024958080e-12,3.5923136180484318e+06,4.3381442557678111e+06,1.6531630715356762e+03,-1.8361883561000354e+01,1.0000000000000000e+00,
1.2639134347984740e+00,9.5910966337341627e-02,1.0000000000004488e+00,2.3842715923002297e-12,1.5192342310164985e+05,2.7401455870356183e+06,1.0279783426266024e+03,-6.1351511926040985e+00,1.0000000000000000e+00,

