1
1
4
2
(4 0
((0,0) (31,31) (0,0))
((32,0) (63,31) (0,0))
((0,32) (31,63) (0,0))
((32,32) (63,63) (0,0))
)
4
FabOnDisk: SD_0_New_MF_D_00000 0
FabOnDisk: SD_0_New_MF_D_00001 0
FabOnDisk: SD_0_New_MF_D_00002 0
FabOnDisk: SD_0_New_MF_D_00003 0

4,4
-5.3920661852390715e-02,-1.8772421646147427e-06,9.9999999999967226e-01,0.0000000000000000e+00,
-7.9829038979208775e-02,-7.4091363252905357e-02,9.9999999999476030e-01,0.0000000000000000e+00,
-7.3011618165452999e-02,-9.2270128017603727e-04,9.9999999999937306e-01,0.0000000000000000e+00,
-3.5941432882666713e-01,-6.6007680809702352e-01,9.9985697962843556e-01,0.0000000000000000e+00,

4,4
1.8777034992361588e-06,3.6950344829672029e-02,1.0000000000015445e+00,0.0000000000000000e+00,
8.5284450278300822e-04,2.1153799639593310e-02,1.0000000000040756e+00,0.0000000000000000e+00,
8.3734191251362511e-01,1.7515759054693264e-01,1.0000000000013158e+00,0.0000000000000000e+00,
8.8378626804989768e-01,2.0099988060443544e-01,1.0002022523280369e+00,0.0000000000000000e+00,

