1
1
1
1
(9 0
((80,232) (96,248) (1,1))
((96,232) (112,248) (1,1))
((112,232) (128,248) (1,1))
((80,248) (96,264) (1,1))
((96,248) (112,264) (1,1))
((112,248) (128,264) (1,1))
((80,264) (96,280) (1,1))
((96,264) (112,280) (1,1))
((112,264) (128,280) (1,1))
)
9
FabOnDisk: SD_1_New_MF_D_00002 0
FabOnDisk: SD_1_New_MF_D_00001 0
FabOnDisk: SD_1_New_MF_D_00001 2975
FabOnDisk: SD_1_New_MF_D_00002 2974
FabOnDisk: SD_1_New_MF_D_00000 0
FabOnDisk: SD_1_New_MF_D_00000 2975
FabOnDisk: SD_1_New_MF_D_00003 0
FabOnDisk: SD_1_New_MF_D_00003 2974
FabOnDisk: SD_1_New_MF_D_00003 5949

9,1
-1.1623230611647363e+01,
-6.2994093376902311e+00,
-1.1303208129988795e+00,
-7.0160306644732731e-02,
-7.6767700369954750e-01,
-1.1303208129988795e+00,
-1.1623230612800775e+01,
-6.2994093378622189e+00,
-1.1303208129988687e+00,

9,1
2.3894266773889772e+00,
4.0703448653036212e+00,
-1.4835468969991361e-01,
2.3894266773889772e+00,
4.0703448653036212e+00,
5.1923862887253446e-02,
2.3894266761717740e+00,
4.0703448636253210e+00,
-1.4835468969976179e-01,

