1
1
9
0
(14 0
((144,200) (159,215) (0,0))
((144,216) (159,231) (0,0))
((144,232) (159,239) (0,0))
((56,224) (71,239) (0,0))
((80,232) (95,247) (0,0))
((96,232) (111,247) (0,0))
((80,248) (95,263) (0,0))
((96,248) (111,263) (0,0))
((80,264) (95,279) (0,0))
((96,264) (111,279) (0,0))
((144,272) (159,287) (0,0))
((56,280) (71,295) (0,0))
((120,280) (127,287) (0,0))
((144,296) (151,311) (0,0))
)
14
FabOnDisk: Cell_D_00000 0
FabOnDisk: Cell_D_00000 18520
FabOnDisk: Cell_D_00000 37040
FabOnDisk: Cell_D_00000 46344
FabOnDisk: Cell_D_00000 64862
FabOnDisk: Cell_D_00000 83380
FabOnDisk: Cell_D_00000 101899
FabOnDisk: Cell_D_00000 120417
FabOnDisk: Cell_D_00000 138936
FabOnDisk: Cell_D_00000 157454
FabOnDisk: Cell_D_00000 175973
FabOnDisk: Cell_D_00000 194493
FabOnDisk: Cell_D_00000 213011
FabOnDisk: Cell_D_00000 217707

14,9
4.5183090674673598e-01,-2.0339680452611600e-01,9.9999738651048997e-01,2.0330732627551588e-12,5.1653233342076419e+03,-9.1027569872317050e+04,7.0454524294394361e-02,-3.4167365469775007e+02,1.0000000000000000e+00,
4.7017736457967724e-01,-6.3495107090715419e-01,9.9704197023736785e-01,2.0439009004130288e-12,8.6016305513539104e+04,-2.2201723839242641e+04,1.4207614729418836e+00,-3.6326318545308311e+02,1.0000000000000000e+00,
1.1873131438407478e+00,-4.5463800378158836e-01,9.9999719400813736e-01,2.0570972006878178e-12,3.4144672686065402e+04,-8.5687909490159829e+04,7.4986041237547312e+00,-3.6172141728550656e+02,1.0000000000000000e+00,
6.9957276109393796e-01,-4.3819688090898529e-01,9.9999993060398340e-01,7.7018916379721559e-13,-2.6554614487393337e+04,-1.1919656938495464e+05,4.8398049041917801e-01,-7.1500778057169157e+01,1.0000000000000000e+00,
0.0000000000000000e+00,-1.0565425401924720e+00,0.0000000000000000e+00,0.0000000000000000e+00,-5.6048224762640530e+03,-9.6293940846999612e+04,0.0000000000000000e+00,-1.8650089902513230e+02,0.0000000000000000e+00,
0.0000000000000000e+00,-1.7746439997682520e-01,0.0000000000000000e+00,0.0000000000000000e+00,-3.6309878172931349e+03,-2.2882768866736569e+04,0.0000000000000000e+00,-3.8420144489148157e+01,0.0000000000000000e+00,
-5.2950248399283001e-02,-1.1307818991928662e+00,0.0000000000000000e+00,0.0000000000000000e+00,-1.0307800119288790e+04,-3.3294595983618608e+04,0.0000000000000000e+00,-1.4580105567788235e+02,0.0000000000000000e+00,
-5.7817725074811532e-02,-1.2979473758068174e+00,0.0000000000000000e+00,0.0000000000000000e+00,-1.5258835074694169e+04,-2.2551666873738486e+04,0.0000000000000000e+00,0.0000000000000000e+00,0.0000000000000000e+00,
0.0000000000000000e+00,-3.0769124207736803e-01,0.0000000000000000e+00,0.0000000000000000e+00,0.0000000000000000e+00,-1.4244067177103716e+04,0.0000000000000000e+00,-2.0414009647796735e+02,0.0000000000000000e+00,
0.0000000000000000e+00,-1.3278053929573950e+00,0.0000000000000000e+00,0.0000000000000000e+00,0.0000000000000000e+00,-8.8966047663706646e+04,0.0000000000000000e+00,-6.0425981055801927e+01,0.0000000000000000e+00,
9.0656787410568196e-01,-9.5760623059339467e-01,9.9905333545285346e-01,2.0621594127383862e-12,3.9004674833609897e+03,-8.0958044518365030e+04,3.5881779621988130e+00,-2.9779918765146539e+02,1.0000000000000000e+00,
6.1657775914594881e-01,-4.5888396795703046e-01,9.9999999999707379e-01,7.8156745710384054e-13,3.9464155802837922e+03,-7.6203279869570368e+04,1.4644897797886358e-01,-5.8142073727843723e+01,1.0000000000000000e+00,
3.7050974929372255e-01,-1.0123230560919645e+00,9.9997641845162799e-01,1.7488933999308510e-12,-1.0459753247092599e+05,-1.3354647690870994e+05,2.3964994180579751e+01,-1.5947511824597171e+01,1.0000000000000000e+00,
4.0115986689675920e-01,-1.2307744220465757e+00,9.9999768206460560e-01,2.0532765460286868e-12,2.0390834588458893e+04,-3.7050857762690342e+04,6.5498477466261917e+00,-2.1535992682936717e+02,1.0000000000000000e+00,

14,9
1.0982548451665248e+00,1.3662499905411132e+00,1.0000003082106641e+00,2.2306496721193009e-12,1.2696740892119033e+05,6.6311969405310636e+04,3.5446313438753464e+03,-1.1617684444849164e+02,1.0000000000000000e+00,
1.4049844833490857e+00,8.7296187907762013e-01,1.0013358968262751e+00,2.2396640720780896e-12,1.3447886198231499e+05,3.9563351239032272e+03,3.8407214204656480e+03,-1.1766754609450700e+02,1.0000000000000000e+00,
1.7610187216369386e+00,4.7682023297915083e-01,1.0000000538762792e+00,2.2437896675448028e-12,1.3808339780070601e+05,9.5278962549479358e+04,3.2174216569133800e+03,-1.4905364490796495e+02,1.0000000000000000e+00,
1.6445578738675111e+00,3.7001780867723177e-01,1.0000112279438238e+00,9.9246472002919250e-13,9.2918958805535483e+04,3.8992575580045377e+04,4.4773183609779035e+03,5.5998738677073533e+01,1.0000000000000000e+00,
2.4398372291572858e+00,2.3061419227974461e-01,1.0000314926255605e+00,1.3602555634397125e-12,6.0000879248324600e+04,8.4060240807880837e+03,5.8169694967415971e+03,0.0000000000000000e+00,1.0000000000000000e+00,
2.5128023930438013e+00,1.2757588394344730e+00,1.0000009564510790e+00,1.7045841274440254e-12,7.8212231991968743e+04,1.0130687644325481e+05,8.9327973711262621e+03,4.4738371336480228e+01,1.0000000000000000e+00,
7.0962575249770787e-01,1.2073924479939555e+00,1.0000701316154030e+00,1.0729921027982721e-12,2.9541755149709083e+04,2.5016545951289954e+04,5.1852297830007374e+03,0.0000000000000000e+00,1.0000000000000000e+00,
7.2954127250727341e-01,1.2150267082665063e+00,1.0000000005235350e+00,1.7435460446532529e-12,2.4898091349086462e+04,2.2058734455133708e+04,6.7770576435454850e+03,3.7979866419403002e+01,1.0000000000000000e+00,
2.3910633948824720e+00,1.1467464361568562e+00,1.0000000010626970e+00,1.3679379807258092e-12,7.4122795084929938e+04,1.1767613127326459e+05,6.0695904063944090e+03,0.0000000000000000e+00,1.0000000000000000e+00,
2.4701875706858538e+00,1.8430193078181337e-01,1.0000000014843891e+00,1.7083669869132888e-12,8.2559584523839934e+04,2.0758853403937610e+04,8.8538128223034219e+03,5.1733621506174671e+01,1.0000000000000000e+00,
1.8435802360873441e+00,6.8205143783940669e-01,1.0011436878402113e+00,2.2504901103872071e-12,1.1822830132337440e+05,8.5650721073852590e+04,3.5419147680775750e+03,-1.4331181951381288e+02,1.0000000000000000e+00,
1.7254666337707250e+00,4.7810421549739340e-01,1.0000000000008080e+00,1.0088946592737618e-12,9.4873258152432565e+04,1.3477802876330644e+05,5.0748396697149656e+03,8.4725809831369062e+01,1.0000000000000000e+00,
1.8499176974915006e+00,-2.6052789613285310e-01,1.0000025601581395e+00,1.8517535740413160e-12,8.2874543218073319e+04,5.8558498264952548e+04,4.3464768016277440e+03,5.2056628141491927e+01,1.0000000000000000e+00,
1.2120173112506785e+00,1.2426738079158220e-01,1.0000007096766259e+00,2.1470144994673227e-12,1.4793312197763106e+05,6.7948593757068651e+04,2.9891358104755104e+03,-1.0248311568328523e+02,1.0000000000000000e+00,

