1
1
2
1
(4 0
((0,0) (31,31) (0,0))
((32,0) (63,31) (0,0))
((0,32) (31,63) (0,0))
((32,32) (63,63) (0,0))
)
4
FabOnDisk: SD_2_New_MF_D_00000 0
FabOnDisk: SD_2_New_MF_D_00001 0
FabOnDisk: SD_2_New_MF_D_00002 0
FabOnDisk: SD_2_New_MF_D_00003 0

4,2
1.6283083751413852e-03,-1.7237609892971495e-01,
-1.8097592193956723e+02,-1.7009686081448160e+02,
-7.2048929033423136e+01,-8.6350789452943673e+02,
-5.9700063861341209e+02,-1.7959607928084006e+02,

4,2
2.1013923983900185e-01,-2.5923214226590829e-03,
2.1818687167606862e+02,5.7812318005341251e+02,
2.5418798165455274e+02,6.3843156527709235e+00,
6.5917455960237044e+02,8.6727080156904458e+02,

