1
1
9
0
(64 0
((0,0) (15,15) (0,0))
((16,0) (31,15) (0,0))
((32,0) (47,15) (0,0))
((48,0) (63,15) (0,0))
((64,0) (79,15) (0,0))
((80,0) (95,15) (0,0))
((96,0) (111,15) (0,0))
((112,0) (127,15) (0,0))
((0,16) (15,31) (0,0))
((16,16) (31,31) (0,0))
((32,16) (47,31) (0,0))
((48,16) (63,31) (0,0))
((64,16) (79,31) (0,0))
((80,16) (95,31) (0,0))
((96,16) (111,31) (0,0))
((112,16) (127,31) (0,0))
((0,32) (15,47) (0,0))
((16,32) (31,47) (0,0))
((32,32) (47,47) (0,0))
((48,32) (63,47) (0,0))
((64,32) (79,47) (0,0))
((80,32) (95,47) (0,0))
((96,32) (111,47) (0,0))
((112,32) (127,47) (0,0))
((0,48) (15,63) (0,0))
((16,48) (31,63) (0,0))
((32,48) (47,63) (0,0))
((48,48) (63,63) (0,0))
((64,48) (79,63) (0,0))
((80,48) (95,63) (0,0))
((96,48) (111,63) (0,0))
((112,48) (127,63) (0,0))
((0,64) (15,79) (0,0))
((16,64) (31,79) (0,0))
((32,64) (47,79) (0,0))
((48,64) (63,79) (0,0))
((64,64) (79,79) (0,0))
((80,64) (95,79) (0,0))
((96,64) (111,79) (0,0))
((112,64) (127,79) (0,0))
((0,80) (15,95) (0,0))
((16,80) (31,95) (0,0))
((32,80) (47,95) (0,0))
((48,80) (63,95) (0,0))
((64,80) (79,95) (0,0))
((80,80) (95,95) (0,0))
((96,80) (111,95) (0,0))
((112,80) (127,95) (0,0))
((0,96) (15,111) (0,0))
((16,96) (31,111) (0,0))
((32,96) (47,111) (0,0))
((48,96) (63,111) (0,0))
((64,96) (79,111) (0,0))
((80,96) (95,111) (0,0))
((96,96) (111,111) (0,0))
((112,96) (127,111) (0,0))
((0,112) (15,127) (0,0))
((16,112) (31,127) (0,0))
((32,112) (47,127) (0,0))
((48,112) (63,127) (0,0))
((64,112) (79,127) (0,0))
((80,112) (95,127) (0,0))
((96,112) (111,127) (0,0))
((112,112) (127,127) (0,0))
)
64
FabOnDisk: Cell_D_00000 0
FabOnDisk: Cell_D_00000 18514
FabOnDisk: Cell_D_00000 37029
FabOnDisk: Cell_D_00000 55544
FabOnDisk: Cell_D_00000 74059
FabOnDisk: Cell_D_00000 92574
FabOnDisk: Cell_D_00000 111089
FabOnDisk: Cell_D_00000 129605
FabOnDisk: Cell_D_00000 148122
FabOnDisk: Cell_D_00000 166637
FabOnDisk: Cell_D_00000 185153
FabOnDisk: Cell_D_00000 203669
FabOnDisk: Cell_D_00000 222185
FabOnDisk: Cell_D_00000 240701
FabOnDisk: Cell_D_00000 259217
FabOnDisk: Cell_D_00000 277734
FabOnDisk: Cell_D_00000 296252
FabOnDisk: Cell_D_00000 314767
FabOnDisk: Cell_D_00000 333283
FabOnDisk: Cell_D_00000 351799
FabOnDisk: Cell_D_00000 370315
FabOnDisk: Cell_D_00000 388831
FabOnDisk: Cell_D_00000 407347
FabOnDisk: Cell_D_00000 425864
FabOnDisk: Cell_D_00000 444382
FabOnDisk: Cell_D_00000 462897
FabOnDisk: Cell_D_00000 481413
FabOnDisk: Cell_D_00000 499929
FabOnDisk: Cell_D_00000 518445
FabOnDisk: Cell_D_00000 536961
FabOnDisk: Cell_D_00000 555477
FabOnDisk: Cell_D_00000 573994
FabOnDisk: Cell_D_00000 592512
FabOnDisk: Cell_D_00000 611027
FabOnDisk: Cell_D_00000 629543
FabOnDisk: Cell_D_00000 648059
FabOnDisk: Cell_D_00000 666575
FabOnDisk: Cell_D_00000 685091
FabOnDisk: Cell_D_00000 703607
FabOnDisk: Cell_D_00000 722124
FabOnDisk: Cell_D_00000 740642
FabOnDisk: Cell_D_00000 759157
FabOnDisk: Cell_D_00000 777673
FabOnDisk: Cell_D_00000 796189
FabOnDisk: Cell_D_00000 814705
FabOnDisk: Cell_D_00000 833221
FabOnDisk: Cell_D_00000 851737
FabOnDisk: Cell_D_00000 870254
FabOnDisk: Cell_D_00000 888772
FabOnDisk: Cell_D_00000 907288
FabOnDisk: Cell_D_00000 925805
FabOnDisk: Cell_D_00000 944322
FabOnDisk: Cell_D_00000 962839
FabOnDisk: Cell_D_00000 981356
FabOnDisk: Cell_D_00000 999873
FabOnDisk: Cell_D_00000 1018391
FabOnDisk: Cell_D_00000 1036910
FabOnDisk: Cell_D_00000 1055427
FabOnDisk: Cell_D_00000 1073945
FabOnDisk: Cell_D_00000 1092463
FabOnDisk: Cell_D_00000 1110981
FabOnDisk: Cell_D_00000 1129499
FabOnDisk: Cell_D_00000 1148017
FabOnDisk: Cell_D_00000 1166536

64,9
1.0000042423916875e+00,-3.7618245808868495e-03,9.9999999999999512e-01,-3.6259789902627696e-15,-6.0995957368567932e-01,3.8705765876927839e-03,1.0142441133441709e-02,-3.3744928004060997e-03,1.0000000000000000e+00,
1.0019352654943363e+00,-5.6572829872272041e-03,9.9999999999997813e-01,-6.6456486195352218e-14,-6.2703388731259435e-01,-4.0699965654820053e-01,1.2373100079133746e-02,-7.9829158362502237e-03,1.0000000000000000e+00,
1.0057701611050340e+00,-5.3979914018367839e-03,9.9999999999992861e-01,-1.0156776098997616e-13,-2.4267105507382530e-01,-4.2558306790441369e-01,1.0746450482138417e-05,-8.5961216486921052e-03,1.0000000000000000e+00,
1.0062171529915767e+00,1.6280224151190844e-05,9.9999999999990230e-01,-3.6773549124557498e-14,1.2437604290820353e-01,-2.2652612893836921e-01,3.8596387023914769e-08,-7.6470901078539988e-03,1.0000000000000000e+00,
1.0031923283175483e+00,7.0353019159987435e-05,9.9999999999990463e-01,-1.2814359519876159e-14,1.7535344588508986e-01,1.0999002334195589e-04,2.5735894513580215e-07,-4.6422765420345846e-03,1.0000000000000000e+00,
1.0014878579932047e+00,4.1927343681429433e-05,9.9999999999993550e-01,-3.9208710893117772e-15,8.9337337153078289e-02,1.8272016555600590e-03,7.2623828461376716e-07,-2.6156036960831865e-03,1.0000000000000000e+00,
1.0006654551061274e+00,2.2026729563197455e-05,9.9999999999993039e-01,7.9665228130319281e-16,4.7920440119936340e-02,8.5815622276692112e-04,8.0107360298019119e-06,-1.2725204008308239e-03,1.0000000000000000e+00,
1.0002644437241399e+00,1.1603068037749036e-05,9.9999999999988043e-01,3.6183135869677618e-15,2.2552761666938610e-02,1.6225129613962454e-05,4.8082636178495806e-06,-4.9269725932856410e-04,1.0000000000000000e+00,
1.0000090807849831e+00,-1.5047138361668806e-02,9.9999999999999345e-01,-4.2726709267427277e-15,-2.3537135374322311e+00,1.5445508146347464e-01,4.5309540588165004e-01,-2.6495853864300450e-03,1.0000000000000000e+00,
1.0039377538524925e+00,-1.5231668862949042e-02,9.9999999999996059e-01,-5.0075269153177123e-14,-2.4267454230710617e+00,-2.0717175550983700e+00,4.2965321370694759e-01,-1.8138997152581115e-02,1.0000000000000000e+00,
1.0096452862091689e+00,-1.1386924163196950e-02,9.9999999999999445e-01,-6.5794340612495731e-14,-3.1689024982065983e-01,-2.0451348080799963e+00,5.5586941854340877e-05,-1.8466309852455946e-02,1.0000000000000000e+00,
1.0048830661683352e+00,1.4384570871226110e-03,9.9999999999999811e-01,-1.2037042741256491e-14,2.9011450366706798e-01,-3.7075924166144641e-01,3.1272471889831621e-06,-1.0883892175643724e-02,1.0000000000000000e+00,
1.0011521298052855e+00,2.3721692808204367e-03,9.9999999999999922e-01,3.7489918894942367e-15,1.1806165779736504e-01,4.0796271434441762e-02,1.1538073224626189e-05,-4.5297139986961738e-03,1.0000000000000000e+00,
1.0002703675323399e+00,1.3173539490532048e-03,1.0000000000000016e+00,6.0822946917968709e-15,2.7443100013216284e-02,6.1496936626971074e-02,3.9592131787641316e-05,-2.1838813504673777e-03,1.0000000000000000e+00,
1.0000675721431136e+00,6.6904436146229633e-04,1.0000000000000011e+00,6.7748662174808937e-15,7.0858137941219868e-03,2.7134418204978191e-02,9.2600035137436337e-05,-9.6939888984055498e-04,1.0000000000000000e+00,
1.0000147702655628e+00,3.4798613680868770e-04,9.9999999999999822e-01,7.1952974553015867e-15,2.0147388916346609e-03,4.9965084540254639e-04,4.6875799876661475e-05,-3.5937034059431617e-04,1.0000000000000000e+00,
1.0000320384961212e+00,-6.6140123951569568e-02,9.9999999999999545e-01,-4.4017490394690907e-15,-1.0667380705450498e+01,6.0002174721520318e-01,1.8513100687229385e+00,5.4859543792913591e-04,1.0000000000000000e+00,
1.0147418030348017e+00,-7.1805111558306003e-02,9.9999999999996314e-01,-6.4809699711319741e-14,-1.4971923068341045e+01,-1.7162918308840588e+01,1.6233842727431989e+00,-8.3623889123996625e-02,1.0000000000000000e+00,
1.0101452987114714e+00,-1.1895535008674567e-02,9.9999999999998801e-01,-7.0411997797686959e-14,-1.9083424162237644e-01,-1.5256783205495070e+01,2.3098317783465383e-05,-8.0019185231865339e-02,1.0000000000000000e+00,
9.9505132048821920e-01,8.8120994845165453e-03,9.9999999999999245e-01,-1.5449265220380720e-14,-3.6094267205424010e-02,-3.1408900630734821e-01,6.4858294318570486e-06,-1.1686228331872172e-02,1.0000000000000000e+00,
9.9510702422222141e-01,4.5108259219041819e-03,9.9999999999999245e-01,3.3685445017864008e-15,-1.6703853369936700e-01,2.4256167822846081e-01,9.3693620971252445e-04,-2.9123979099906321e-03,1.0000000000000000e+00,
9.9715005558399361e-01,1.7606972169731143e-03,9.9999999999999556e-01,6.0886120965395596e-15,-1.4616551469415925e-01,1.0873340691414417e-01,5.2177608942348408e-04,-6.0195690405260454e-04,1.0000000000000000e+00,
9.9865465579743529e-01,7.6228649080581357e-04,9.9999999999999500e-01,6.7918359676275737e-15,-7.9067970098381429e-02,3.6548296761617159e-02,1.8794225892099226e-04,-1.1052397676328276e-04,1.0000000000000000e+00,
9.9939909058633236e-01,3.7392883470802892e-04,9.9999999999999523e-01,7.2020702915655842e-15,-4.3494891142639096e-02,6.0232097867721993e-04,3.1249054439994733e-05,-1.6766374410225556e-05,1.0000000000000000e+00,
8.2712098296144443e-01,-1.4261559211022293e-01,1.0000000000000000e+00,-1.3349162985512812e-13,-1.5746619739392594e+01,5.7684937423122662e-01,4.3105990698437652e-01,2.3091994288855226e-02,1.0000000000000000e+00,
-1.0750479784633995e+00,-6.3898576102182292e-01,0.0000000000000000e+00,-5.8325129519757531e-14,-5.7056943345061654e+02,-3.0687925262371920e+02,0.0000000000000000e+00,-1.0850704736115189e+00,0.0000000000000000e+00,
-9.7246071973380765e-01,6.3487447674677386e-03,9.9999999999978084e-01,-1.0519289193258613e-13,-4.5111245597696808e+01,-2.5541751827835893e+02,1.9093245302026496e-03,-8.5355145128393073e-01,1.0000000000000000e+00,
9.2180989949200987e-01,7.4543919340216318e-04,9.9999999999993872e-01,-5.7504757850043609e-14,-9.6517986510148681e+00,7.5175613253817192e-02,3.9743170170414288e-04,-3.4322377499893583e-03,1.0000000000000000e+00,
9.8367817123525736e-01,1.7970269693296954e-04,9.9999999999997979e-01,2.3415905685883896e-15,-1.3506635267928746e+00,1.4321498684752765e-02,2.2676797924343906e-05,2.3359141469607506e-03,1.0000000000000000e+00,
9.9450564028088106e-01,6.3880858893177343e-05,9.9999999999999445e-01,6.1125560695401706e-15,-3.7759681286723495e-01,4.1835677119798379e-03,2.8200663707516173e-05,1.0557613028919100e-03,1.0000000000000000e+00,
9.9780691826951684e-01,2.6614668443283187e-05,9.9999999999999500e-01,6.7929235569827736e-15,-1.4264175108268709e-01,1.3221397713204059e-03,7.0601767829757672e-06,4.0163922763608855e-04,1.0000000000000000e+00,
9.9908271402958371e-01,1.2878002280141615e-05,9.9999999999999512e-01,7.2048609222317150e-15,-6.8644188307789802e-02,2.1272883250900759e-05,9.9352968779570922e-07,6.9469638466262361e-06,1.0000000000000000e+00,
8.2712098296143854e-01,1.8005238258286420e-04,1.0000000000000000e+00,-1.3707742799820217e-13,-1.5746619739392335e+01,-4.8558766823914723e+01,4.3105990698311619e-01,2.3091994288859469e-02,1.0000000000000000e+00,
-1.0750479784635245e+00,-1.9678608344770507e-01,0.0000000000000000e+00,-6.2393141668099373e-14,-5.7056943345047125e+02,-5.0057285737391760e+02,0.0000000000000000e+00,-1.0850704736114101e+00,0.0000000000000000e+00,
-9.7246071973392023e-01,-5.9216529879438806e-01,9.9999999999987232e-01,-1.1066998092828956e-13,-4.5111245597699906e+01,-1.4985396406106284e+02,1.9093245323786867e-03,-8.5355145128386711e-01,1.0000000000000000e+00,
9.2180989949199266e-01,-5.3140626376767586e-02,9.9999999999997613e-01,-5.8995568946179842e-14,-9.6517986510147864e+00,-7.7863353803849638e+00,3.9743170195394306e-04,-3.4322377499891258e-03,1.0000000000000000e+00,
9.8367817123525680e-01,-1.2370823675952040e-02,9.9999999999999212e-01,2.3495780268038079e-15,-1.3506635267931046e+00,-1.0500680846044153e+00,2.2676798959366667e-05,2.3359141469606092e-03,1.0000000000000000e+00,
9.9450564028088118e-01,-4.1021259738550043e-03,9.9999999999999878e-01,6.1231389757785936e-15,-3.7759681286707947e-01,-2.9104138172775823e-01,2.8200662804532973e-05,1.0557613028912515e-03,1.0000000000000000e+00,
9.9780691826951684e-01,-1.5978964315823407e-03,9.9999999999999889e-01,6.7993793889053677e-15,-1.4264175108291410e-01,-9.8386574919025693e-02,7.0601756901189508e-06,4.0163922763598392e-04,1.0000000000000000e+00,
9.9908271402958404e-01,-6.9333093864657673e-04,9.9999999999999889e-01,7.2081631253960289e-15,-6.8644188307789539e-02,-3.2342608746576670e-02,9.9353012931535992e-07,6.9469638466222754e-06,1.0000000000000000e+00,
1.0000320384961208e+00,7.7507532004923827e-04,9.9999999999998912e-01,-5.3246053417891401e-15,-1.0667380705450407e+01,-7.7490414867589594e+00,1.8513100687226911e+00,5.4859543793545030e-04,1.0000000000000000e+00,
1.0147418030347974e+00,-4.3482204881391375e-05,9.9999999999965905e-01,-7.1738977824752442e-14,-1.4971923068338814e+01,-4.4323381533477564e+00,1.6233842727401346e+00,-8.3623889123989034e-02,1.0000000000000000e+00,
1.0101452987114774e+00,-5.4985604752382983e-02,1.0000000000000024e+00,-8.2034026396439675e-14,-1.9083424162384063e-01,-2.6945110326649462e+00,2.3098315762859478e-05,-8.0019185231859649e-02,1.0000000000000000e+00,
9.9505132048822376e-01,-4.0482392922063175e-02,9.9999999999999645e-01,-1.8166830731424674e-14,-3.6094267205869487e-02,-2.7415614785270606e+00,6.4858283216340240e-06,-1.1686228331870186e-02,1.0000000000000000e+00,
9.9510702422222630e-01,-1.2488461974531323e-02,9.9999999999999667e-01,3.2236271206055584e-15,-1.6703853370022029e-01,-1.0056014207864559e+00,9.3693620991305848e-04,-2.9123979099910211e-03,1.0000000000000000e+00,
9.9715005558399605e-01,-4.6784580360868374e-03,1.0000000000000016e+00,6.1122187890364908e-15,-1.4616551469386796e-01,-3.0392902535341809e-01,5.2177608906509021e-04,-6.0195690405335806e-04,1.0000000000000000e+00,
9.9865465579743651e-01,-2.0389132494510521e-03,1.0000000000000007e+00,6.8059351448564798e-15,-7.9067970097983956e-02,-1.1543640993231938e-01,1.8794225961965214e-04,-1.1052397676418257e-04,1.0000000000000000e+00,
9.9939909058633314e-01,-9.4522135207380446e-04,9.9999999999999933e-01,7.2111144639147677e-15,-4.3494891142473763e-02,-4.1241238948678913e-02,3.1249054462329298e-05,-1.6766374410084576e-05,1.0000000000000000e+00,
1.0000090807849829e+00,1.8961544561354180e-04,9.9999999999996991e-01,-5.3107957963577087e-15,-2.3537135374308797e+00,-2.2855585944040424e+00,4.5309540588241698e-01,-2.6495853864239652e-03,1.0000000000000000e+00,
1.0039377538524918e+00,3.6933221864966061e-03,9.9999999999972822e-01,-6.3317475585341136e-14,-2.4267454230696393e+00,-3.2258218391386212e-01,4.2965321370737780e-01,-1.8138997152575390e-02,1.0000000000000000e+00,
1.0096452862091709e+00,-8.9272827368309191e-03,9.9999999999999212e-01,-8.4627965111579650e-14,-3.1689024982089153e-01,2.6621300253262697e-01,5.5586941722501892e-05,-1.8466309852450749e-02,1.0000000000000000e+00,
1.0048830661683388e+00,-1.0133442284723322e-02,9.9999999999999700e-01,-1.5514904459095614e-14,2.9011450366645636e-01,-3.2069970278592641e-01,3.1272453890340834e-06,-1.0883892175642054e-02,1.0000000000000000e+00,
1.0011521298052866e+00,-8.1168547862370197e-03,9.9999999999999822e-01,3.4322732538382969e-15,1.1806165779745922e-01,-3.2615734671601398e-01,1.1538075899222844e-05,-4.5297139986970655e-03,1.0000000000000000e+00,
1.0002703675323406e+00,-4.2149734134673241e-03,9.9999999999999900e-01,6.1194396560775177e-15,2.7443100012693997e-02,-2.2315555916921620e-01,3.9592130307575246e-05,-2.1838813504686657e-03,1.0000000000000000e+00,
1.0000675721431134e+00,-1.9891882115197651e-03,1.0000000000000022e+00,6.8092518614259746e-15,7.0858137941707446e-03,-1.0635053152690552e-01,9.2600034805410264e-05,-9.6939888984085183e-04,1.0000000000000000e+00,
1.0000147702655613e+00,-9.3916537834045266e-04,1.0000000000000000e+00,7.2144172970300648e-15,2.0147388905666758e-03,-4.0164418208500162e-02,4.6875801368870609e-05,-3.5937034059401612e-04,1.0000000000000000e+00,
1.0000042423916875e+00,4.2395376097615336e-06,9.9999999999988398e-01,-5.1510316904119914e-15,-6.0995957368534792e-01,-5.5141943841785135e-01,1.0142441134627410e-02,-3.3744928004003777e-03,1.0000000000000000e+00,
1.0019352654943448e+00,9.6754128774942155e-05,9.9999999999940170e-01,-6.4805321075224217e-14,-6.2703388731068532e-01,-9.7029829304940987e-02,1.2373100083614504e-02,-7.9829158362453474e-03,1.0000000000000000e+00,
1.0057701611050196e+00,-9.6859369240953576e-04,9.9999999999942268e-01,-8.9594906617815944e-14,-2.4267105507363670e-01,7.5463112681996118e-03,1.0746449183063637e-05,-8.5961216486873972e-03,1.0000000000000000e+00,
1.0062171529915704e+00,-2.9643922500785444e-03,9.9999999999992129e-01,-1.7219121822699597e-14,1.2437604291854062e-01,-2.4124026329975755e-02,3.8588929794636240e-08,-7.6470901078527342e-03,1.0000000000000000e+00,
1.0031923283175488e+00,-2.9606549949792536e-03,9.9999999999997169e-01,2.0990927066718860e-15,1.7535344588635685e-01,-8.4554776559194800e-02,2.5736039159160451e-07,-4.6422765420357556e-03,1.0000000000000000e+00,
1.0014878579932056e+00,-2.1573196226704655e-03,9.9999999999994704e-01,5.3334041522703388e-15,8.9337337153736693e-02,-8.3795555297238103e-02,7.2623808737570794e-07,-2.6156036960841480e-03,1.0000000000000000e+00,
1.0006654551061274e+00,-1.1957840187601316e-03,9.9999999999994005e-01,6.3377016270889843e-15,4.7920440120640340e-02,-5.5529399094670813e-02,8.0107370521069823e-06,-1.2725204008307137e-03,1.0000000000000000e+00,
1.0002644437241397e+00,-6.0851651374977821e-04,9.9999999999994205e-01,6.9393571999709562e-15,2.2552761665693071e-02,-2.3889021482338298e-02,4.8082682506725687e-06,-4.9269725932802493e-04,1.0000000000000000e+00,

64,9
1.0033111109690735e+00,-4.2395376096002162e-06,1.0000000000000389e+00,2.1511076537004935e-14,-1.3445774856149853e-02,5.5141943841743568e-01,5.4493578319617553e-01,7.3502630978305821e-04,1.0000000000000000e+00,
1.0087380855642594e+00,-9.6754128776262429e-05,1.0000000000000544e+00,8.0319702460636111e-14,-1.9388027583514589e-01,9.7029829304655202e-02,2.1389586908858336e+00,-3.1265870981192620e-03,1.0000000000000000e+00,
1.0107127456207108e+00,9.6859369240981201e-04,1.0000000000000289e+00,5.8733367225877849e-14,2.5088067381013290e-01,-7.5463112677641312e-03,2.5239256877348581e-01,-6.4056888340893693e-03,1.0000000000000000e+00,
1.0099785551582805e+00,2.9643922500806738e-03,1.0000000000000315e+00,2.1010569436978683e-14,3.2411697477523177e-01,2.4124026330000190e-02,2.6288511443567364e-03,-4.7381616161845212e-03,1.0000000000000000e+00,
1.0061218005950645e+00,2.9606549949811661e-03,1.0000000000000302e+00,1.2446237597086172e-14,2.9260807537499245e-01,8.4554776559034997e-02,2.2692335498654403e-03,-2.3469033702911519e-03,1.0000000000000000e+00,
1.0035222521182494e+00,2.1573196226715137e-03,1.0000000000000215e+00,1.1065591443239500e-14,1.7146288897656423e-01,8.3795555297192750e-02,3.6433496735434356e-04,-1.0598974809395158e-03,1.0000000000000000e+00,
1.0017908960076640e+00,1.1957840187609670e-03,1.0000000000000229e+00,9.7570373798517061e-15,1.0123077225934604e-01,5.5529399094621901e-02,3.0135379866090984e-04,-4.0422500971790023e-04,1.0000000000000000e+00,
1.0008358679360034e+00,6.0851651374965070e-04,1.0000000000000415e+00,8.9827019233356442e-15,5.9964333744473075e-02,2.3889021482651821e-02,4.5116099241268841e-03,-7.0477380209183156e-06,1.0000000000000000e+00,
1.0122079659796899e+00,-1.8961544561341419e-04,1.0000000000000049e+00,2.3523948337975334e-14,-2.8806754245939200e-02,2.2855585944042645e+00,2.2547883135300899e+00,1.3130858564379087e-02,1.0000000000000000e+00,
1.0265930752599859e+00,-3.6933221865015006e-03,1.0000000000000717e+00,7.7254484266344786e-14,-2.9447681097899919e-01,3.2258218391393573e-01,5.6516952127087290e+00,-1.2942570633467430e-03,1.0000000000000000e+00,
1.0270848109133359e+00,8.9272827368316633e-03,1.0000000000000060e+00,4.6745053789257397e-14,1.1360025666836475e+00,-2.6621300253273877e-01,7.9106744228015646e-01,-7.9697474445994902e-03,1.0000000000000000e+00,
1.0157433915188674e+00,1.0133442284723763e-02,1.0000000000000047e+00,1.0518406887261580e-14,1.1052484464604824e+00,3.2069970278584869e-01,1.2640998611254672e-02,-3.4095882191819650e-03,1.0000000000000000e+00,
1.0061039699884045e+00,8.1168547862366571e-03,1.0000000000000069e+00,6.1575057849253392e-15,4.3535141206107131e-01,3.2615734671603930e-01,1.8749125897915553e-03,-8.1498092492544166e-04,1.0000000000000000e+00,
1.0029777183730446e+00,4.2149734134674524e-03,1.0000000000000069e+00,6.7912067931833550e-15,1.6922873227951396e-01,2.2315555916937921e-01,1.0955480207047730e-03,-1.9405689248182850e-04,1.0000000000000000e+00,
1.0013663930507319e+00,1.9891882115197624e-03,1.0000000000000069e+00,7.2053300042512297e-15,8.3325630007408266e-02,1.0635053152711750e-01,4.6826534276459691e-04,-4.6269814874073377e-05,1.0000000000000000e+00,
1.0006049631460885e+00,9.3916537834047044e-04,1.0000000000000067e+00,7.3533991583287525e-15,4.4660963298863113e-02,4.0164418208521110e-02,6.7719393728448221e-03,-6.2960590363583142e-07,1.0000000000000000e+00,
1.0369557484571696e+00,-7.7507532004931297e-04,1.0000000000000224e+00,2.8054814577017126e-14,-1.0160379286586196e-01,7.7490414867589310e+00,6.8997817881951109e+00,5.7412273199368986e-02,1.0000000000000000e+00,
1.1226805351019695e+00,4.3482204882304130e-05,1.0000000000000724e+00,9.0981372229912463e-14,2.7539837252603108e+00,4.4323381533480122e+00,1.3179403309907800e+01,1.2250423524594947e-02,1.0000000000000000e+00,
1.1121623374385472e+00,5.4985604752387132e-02,1.0000000000000202e+00,5.9857370421040716e-14,1.0148782631133203e+01,2.6945110326653352e+00,3.9812580208591548e+00,-7.4914432051148231e-03,1.0000000000000000e+00,
1.0170979726410663e+00,4.0482392922063674e-02,1.0000000000000115e+00,1.4707648440446816e-14,3.1835545679100536e+00,2.7415614785274451e+00,2.4827990130291133e-02,3.5742429652680830e-03,1.0000000000000000e+00,
1.0041897242543221e+00,1.2488461974529961e-02,1.0000000000000047e+00,6.1511750109997187e-15,4.3686727892635902e-01,1.0056014207865671e+00,1.1338274689962069e-02,3.5311599082222425e-03,1.0000000000000000e+00,
1.0008557645388658e+00,4.6784580360869415e-03,1.0000000000000036e+00,6.7630328705859691e-15,9.8421075795619511e-02,3.0392902535308292e-01,2.9620388553516785e-03,2.0458307220013257e-03,1.0000000000000000e+00,
1.0001520488897910e+00,2.0389132494506249e-03,1.0000000000000013e+00,7.1920687157345774e-15,1.9487298706966250e-02,1.1543640993232608e-01,6.6357873725973043e-04,9.3850912646117261e-04,1.0000000000000000e+00,
1.0000192461640922e+00,9.4522135207354306e-04,1.0000000000000007e+00,7.3502806003559150e-15,3.4620987026095298e-03,4.1241238948606915e-02,6.7887283855897103e-03,3.5165461170798094e-04,1.0000000000000000e+00,
1.0375133795472311e+00,-1.8005238258326099e-04,1.0000000000000970e+00,8.4276037617554038e-14,5.8466813070763109e+01,4.8558766823915221e+01,7.7257768301714798e+00,2.7753923663010249e-01,1.0000000000000000e+00,
1.5408419400099171e+00,1.9678608344770923e-01,1.0000000000004368e+00,1.2506513467284794e-13,2.4851213349233271e+02,5.0057285737467095e+02,2.4583057516716017e+03,5.1795346320436697e-01,1.0000000000000000e+00,
1.4690815941675199e+00,5.9216529879442814e-01,1.0000000000001079e+00,1.0024918738008156e-13,4.0436288809497341e+02,1.4985396406101813e+02,1.0923035272198420e+03,2.1189209228590544e-01,1.0000000000000000e+00,
1.0043177737587095e+00,5.3140626376767156e-02,1.0000000000000708e+00,4.1702061009597632e-14,3.1560484757553136e+00,7.7863353803849051e+00,5.9631646101029681e+00,4.9957844916549338e-02,1.0000000000000000e+00,
9.9674249923140379e-01,1.2370823675950472e-02,9.9999999999999867e-01,6.3094882941444040e-15,-1.5466010857897255e-01,1.0500680846043462e+00,8.8390607394109658e-02,1.1284195981093842e-02,1.0000000000000000e+00,
9.9849206814623537e-01,4.1021259738543269e-03,9.9999999999999889e-01,6.7664997496813860e-15,-8.9323853288370211e-02,2.9104138172774019e-01,2.8713016009006276e-03,3.8994501926465992e-03,1.0000000000000000e+00,
9.9933018744874558e-01,1.5978964315817318e-03,9.9999999999999878e-01,7.1943737437555777e-15,-4.7677670845514407e-02,9.8386574918868736e-02,6.2739112853312656e-04,1.5292541377390266e-03,1.0000000000000000e+00,
9.9973498739330668e-01,6.9333093864523752e-04,1.0000000000000002e+00,7.3549280579860722e-15,-2.2230284309203950e-02,3.2342608746581382e-02,4.8471103750822187e-03,5.4146532820114539e-04,1.0000000000000000e+00,
1.0375133795472269e+00,1.4261559211021949e-01,1.0000000000001048e+00,8.9498318857183312e-14,5.8466813070765106e+01,-5.7684937423006932e-01,7.7257768301711964e+00,2.7753923663010394e-01,1.0000000000000000e+00,
1.5408419400099389e+00,6.3898576102181981e-01,1.0000000000002209e+00,1.3212726800934400e-13,2.4851213349227501e+02,3.0687925262368236e+02,2.4583057516715699e+03,5.1795346320436331e-01,1.0000000000000000e+00,
1.4690815941675273e+00,-6.3487447674725646e-03,1.0000000000001494e+00,1.0341128406637553e-13,4.0436288809496068e+02,2.5541751827833056e+02,1.0923035272198090e+03,2.1189209228590911e-01,1.0000000000000000e+00,
1.0043177737587157e+00,-7.4543919340483693e-04,1.0000000000000784e+00,4.1287484635147974e-14,3.1560484757556084e+00,-7.5175613253834192e-02,5.9631646100746858e+00,4.9957844916549352e-02,1.0000000000000000e+00,
9.9674249923140534e-01,-1.7970269693517085e-04,1.0000000000000111e+00,6.3123377456963527e-15,-1.5466010857930934e-01,-1.4321498684782960e-02,8.8390607393835571e-02,1.1284195981093741e-02,1.0000000000000000e+00,
9.9849206814623648e-01,-6.3880858895035841e-05,1.0000000000000069e+00,6.7712394305230440e-15,-8.9323853287669258e-02,-4.1835677120700973e-03,2.8713016020313203e-03,3.8994501926465580e-03,1.0000000000000000e+00,
9.9933018744874669e-01,-2.6614668445055461e-05,1.0000000000000033e+00,7.1978637123314136e-15,-4.7677670845780826e-02,-1.3221397712037458e-03,6.2739112902578803e-04,1.5292541377389739e-03,1.0000000000000000e+00,
9.9973498739330691e-01,-1.2878002281792384e-05,1.0000000000000011e+00,7.3579109490111632e-15,-2.2230284309191280e-02,-2.1272883274993340e-05,4.8471103747735680e-03,5.4146532820117336e-04,1.0000000000000000e+00,
1.0369557484571668e+00,6.6140123951564836e-02,1.0000000000000675e+00,3.0655289859065337e-14,-1.0160379285925891e-01,-6.0002174721543977e-01,6.8997817881943133e+00,5.7412273199376647e-02,1.0000000000000000e+00,
1.1226805351019675e+00,7.1805111558317758e-02,1.0000000000000828e+00,9.9367015327255688e-14,2.7539837252583319e+00,1.7162918308840169e+01,1.3179403309907643e+01,1.2250423524599638e-02,1.0000000000000000e+00,
1.1121623374385448e+00,1.1895535008674997e-02,1.0000000000000429e+00,6.4823397089000015e-14,1.0148782631132340e+01,1.5256783205494891e+01,3.9812580208597237e+00,-7.4914432051143842e-03,1.0000000000000000e+00,
1.0170979726410700e+00,-8.8120994845170136e-03,1.0000000000000118e+00,1.5304140074898822e-14,3.1835545679099950e+00,3.1408900630697045e-01,2.4827990131384703e-02,3.5742429652677815e-03,1.0000000000000000e+00,
1.0041897242543252e+00,-4.5108259219048324e-03,1.0000000000000051e+00,6.2040397225231248e-15,4.3686727892593785e-01,-2.4256167822872024e-01,1.1338274690746164e-02,3.5311599082217164e-03,1.0000000000000000e+00,
1.0008557645388678e+00,-1.7606972169737678e-03,1.0000000000000053e+00,6.7789217236594885e-15,9.8421075796379903e-02,-1.0873340691424216e-01,2.9620388542851706e-03,2.0458307220012121e-03,1.0000000000000000e+00,
1.0001520488897908e+00,-7.6228649080699123e-04,1.0000000000000038e+00,7.2013723881643389e-15,1.9487298707356264e-02,-3.6548296761651805e-02,6.6357873887926827e-04,9.3850912646076094e-04,1.0000000000000000e+00,
1.0000192461640918e+00,-3.7392883470893380e-04,1.0000000000000022e+00,7.3585077672324394e-15,3.4620987024289941e-03,-6.0232097869286920e-04,6.7887283847357927e-03,3.5165461170785133e-04,1.0000000000000000e+00,
1.0122079659796879e+00,1.5047138361668308e-02,1.0000000000000331e+00,2.8370201350275205e-14,-2.8806754244319076e-02,-1.5445508146393175e-01,2.2547883135303568e+00,1.3130858564387591e-02,1.0000000000000000e+00,
1.0265930752599877e+00,1.5231668862949644e-02,1.0000000000000389e+00,9.7072102159507836e-14,-2.9447681097883682e-01,2.0717175550980502e+00,5.6516952127075140e+00,-1.2942570633404508e-03,1.0000000000000000e+00,
1.0270848109133386e+00,1.1386924163195873e-02,1.0000000000000129e+00,5.6840199103068479e-14,1.1360025666837541e+00,2.0451348080801055e+00,7.9106744228026749e-01,-7.9697474445978283e-03,1.0000000000000000e+00,
1.0157433915188692e+00,-1.4384570871221985e-03,1.0000000000000075e+00,1.1796948535066025e-14,1.1052484464601791e+00,3.7075924166125346e-01,1.2640998612464815e-02,-3.4095882191821155e-03,1.0000000000000000e+00,
1.0061039699884060e+00,-2.3721692808191986e-03,1.0000000000000071e+00,6.1909759196529219e-15,4.3535141206049632e-01,-4.0796271434585578e-02,1.8749125889283569e-03,-8.1498092492640151e-04,1.0000000000000000e+00,
1.0029777183730444e+00,-1.3173539490526119e-03,1.0000000000000056e+00,6.7817167565758552e-15,1.6922873227934707e-01,-6.1496936626668997e-02,1.0955480215318891e-03,-1.9405689248274706e-04,1.0000000000000000e+00,
1.0013663930507319e+00,-6.6904436146165503e-04,1.0000000000000058e+00,7.2069640674694312e-15,8.3325630006683471e-02,-2.7134418204873605e-02,4.6826534200981873e-04,-4.6269814874079157e-05,1.0000000000000000e+00,
1.0006049631460883e+00,-3.4798613680896894e-04,1.0000000000000040e+00,7.3626889538891094e-15,4.4660963298865874e-02,-4.9965084493726992e-04,6.7719393735718447e-03,-6.2960590330208615e-07,1.0000000000000000e+00,
1.0033111109690720e+00,3.7618245808891311e-03,1.0000000000003453e+00,2.8608954983068826e-14,-1.3445774855436275e-02,-3.8705765877364556e-03,5.4493578319622737e-01,7.3502630978577359e-04,1.0000000000000000e+00,
1.0087380855642600e+00,5.6572829872221101e-03,1.0000000000003733e+00,1.0448627783386560e-13,-1.9388027585011350e-01,4.0699965654785153e-01,2.1389586908869078e+00,-3.1265870981133205e-03,1.0000000000000000e+00,
1.0107127456207150e+00,5.3979914018326266e-03,1.0000000000001019e+00,6.3248871186354861e-14,2.5088067380988377e-01,4.2558306790492173e-01,2.5239256877403260e-01,-6.4056888340843924e-03,1.0000000000000000e+00,
1.0099785551582863e+00,-1.6280224150897669e-05,1.0000000000000429e+00,1.5558379986817942e-14,3.2411697477488471e-01,2.2652612893783536e-01,2.6288511413976451e-03,-4.7381616161850555e-03,1.0000000000000000e+00,
1.0061218005950683e+00,-7.0353019159638254e-05,1.0000000000000373e+00,8.1681362852088558e-15,2.9260807537423178e-01,-1.0999002358870946e-04,2.2692335493668808e-03,-2.3469033702923523e-03,1.0000000000000000e+00,
1.0035222521182494e+00,-4.1927343682231200e-05,1.0000000000000089e+00,7.7803448017180780e-15,1.7146288897545592e-01,-1.8272016554127944e-03,3.6433496991315826e-04,-1.0598974809397522e-03,1.0000000000000000e+00,
1.0017908960076631e+00,-2.2026729563807013e-05,1.0000000000000087e+00,7.7953638219489399e-15,1.0123077225680277e-01,-8.5815622289335796e-04,3.0135379621296565e-04,-4.0422500971746411e-04,1.0000000000000000e+00,
1.0008358679360030e+00,-1.1603068036840644e-05,1.0000000000000067e+00,7.7928200002508194e-15,5.9964333741547152e-02,-1.6225130867408671e-05,4.5116099238603873e-03,-7.0477380205290845e-06,1.0000000000000000e+00,

