1
1
9
0
(64 0
((0,0) (15,15) (0,0))
((16,0) (31,15) (0,0))
((32,0) (47,15) (0,0))
((48,0) (63,15) (0,0))
((64,0) (79,15) (0,0))
((80,0) (95,15) (0,0))
((96,0) (111,15) (0,0))
((112,0) (127,15) (0,0))
((0,16) (15,31) (0,0))
((16,16) (31,31) (0,0))
((32,16) (47,31) (0,0))
((48,16) (63,31) (0,0))
((64,16) (79,31) (0,0))
((80,16) (95,31) (0,0))
((96,16) (111,31) (0,0))
((112,16) (127,31) (0,0))
((0,32) (15,47) (0,0))
((16,32) (31,47) (0,0))
((32,32) (47,47) (0,0))
((48,32) (63,47) (0,0))
((64,32) (79,47) (0,0))
((80,32) (95,47) (0,0))
((96,32) (111,47) (0,0))
((112,32) (127,47) (0,0))
((0,48) (15,63) (0,0))
((16,48) (31,63) (0,0))
((32,48) (47,63) (0,0))
((48,48) (63,63) (0,0))
((64,48) (79,63) (0,0))
((80,48) (95,63) (0,0))
((96,48) (111,63) (0,0))
((112,48) (127,63) (0,0))
((0,64) (15,79) (0,0))
((16,64) (31,79) (0,0))
((32,64) (47,79) (0,0))
((48,64) (63,79) (0,0))
((64,64) (79,79) (0,0))
((80,64) (95,79) (0,0))
((96,64) (111,79) (0,0))
((112,64) (127,79) (0,0))
((0,80) (15,95) (0,0))
((16,80) (31,95) (0,0))
((32,80) (47,95) (0,0))
((48,80) (63,95) (0,0))
((64,80) (79,95) (0,0))
((80,80) (95,95) (0,0))
((96,80) (111,95) (0,0))
((112,80) (127,95) (0,0))
((0,96) (15,111) (0,0))
((16,96) (31,111) (0,0))
((32,96) (47,111) (0,0))
((48,96) (63,111) (0,0))
((64,96) (79,111) (0,0))
((80,96) (95,111) (0,0))
((96,96) (111,111) (0,0))
((112,96) (127,111) (0,0))
((0,112) (15,127) (0,0))
((16,112) (31,127) (0,0))
((32,112) (47,127) (0,0))
((48,112) (63,127) (0,0))
((64,112) (79,127) (0,0))
((80,112) (95,127) (0,0))
((96,112) (111,127) (0,0))
((112,112) (127,127) (0,0))
)
64
FabOnDisk: Cell_D_00000 0
FabOnDisk: Cell_D_00000 18514
FabOnDisk: Cell_D_00000 37029
FabOnDisk: Cell_D_00000 55544
FabOnDisk: Cell_D_00000 74059
FabOnDisk: Cell_D_00000 92574
FabOnDisk: Cell_D_00000 111089
FabOnDisk: Cell_D_00000 129605
FabOnDisk: Cell_D_00000 148122
FabOnDisk: Cell_D_00000 166637
FabOnDisk: Cell_D_00000 185153
FabOnDisk: Cell_D_00000 203669
FabOnDisk: Cell_D_00000 222185
FabOnDisk: Cell_D_00000 240701
FabOnDisk: Cell_D_00000 259217
FabOnDisk: Cell_D_00000 277734
FabOnDisk: Cell_D_00000 296252
FabOnDisk: Cell_D_00000 314767
FabOnDisk: Cell_D_00000 333283
FabOnDisk: Cell_D_00000 351799
FabOnDisk: Cell_D_00000 370315
FabOnDisk: Cell_D_00000 388831
FabOnDisk: Cell_D_00000 407347
FabOnDisk: Cell_D_00000 425864
FabOnDisk: Cell_D_00000 444382
FabOnDisk: Cell_D_00000 462897
FabOnDisk: Cell_D_00000 481413
FabOnDisk: Cell_D_00000 499929
FabOnDisk: Cell_D_00000 518445
FabOnDisk: Cell_D_00000 536961
FabOnDisk: Cell_D_00000 555477
FabOnDisk: Cell_D_00000 573994
FabOnDisk: Cell_D_00000 592512
FabOnDisk: Cell_D_00000 611027
FabOnDisk: Cell_D_00000 629543
FabOnDisk: Cell_D_00000 648059
FabOnDisk: Cell_D_00000 666575
FabOnDisk: Cell_D_00000 685091
FabOnDisk: Cell_D_00000 703607
FabOnDisk: Cell_D_00000 722124
FabOnDisk: Cell_D_00000 740642
FabOnDisk: Cell_D_00000 759157
FabOnDisk: Cell_D_00000 777673
FabOnDisk: Cell_D_00000 796189
FabOnDisk: Cell_D_00000 814705
FabOnDisk: Cell_D_00000 833221
FabOnDisk: Cell_D_00000 851737
FabOnDisk: Cell_D_00000 870254
FabOnDisk: Cell_D_00000 888772
FabOnDisk: Cell_D_00000 907288
FabOnDisk: Cell_D_00000 925805
FabOnDisk: Cell_D_00000 944322
FabOnDisk: Cell_D_00000 962839
FabOnDisk: Cell_D_00000 981356
FabOnDisk: Cell_D_00000 999873
FabOnDisk: Cell_D_00000 1018391
FabOnDisk: Cell_D_00000 1036910
FabOnDisk: Cell_D_00000 1055427
FabOnDisk: Cell_D_00000 1073945
FabOnDisk: Cell_D_00000 1092463
FabOnDisk: Cell_D_00000 1110981
FabOnDisk: Cell_D_00000 1129499
FabOnDisk: Cell_D_00000 1148017
FabOnDisk: Cell_D_00000 1166536

64,9
1.0001276193279813e+00,-4.4169682017469129e-03,1.0000000000000000e+00,2.6115498652501401e-11,-7.9305879055737782e-01,1.1700974955420121e-02,4.9960951431504697e-06,1.8788586141656648e-02,1.0000000000000000e+00,
1.0037061358998585e+00,-2.8093211332294197e-03,1.0000000000000000e+00,1.5953516285804881e-11,-9.0719533850321643e-01,-1.5714169952052784e-01,3.8632672884689190e-05,1.1894247923254865e-02,1.0000000000000000e+00,
1.0042104780745500e+00,2.0664287162918543e-07,1.0000000000000000e+00,9.7432062418079113e-12,-7.9564141952399936e-01,-2.7199862748253584e-01,9.0019315578115933e-07,5.5945824929887521e-03,1.0000000000000000e+00,
1.0024053042600385e+00,4.6340144102107600e-05,1.0000000000000000e+00,5.9489080328489763e-12,-4.4477106487440382e-01,-2.5960374682131360e-01,1.2512469463668574e-05,2.5169663860291889e-03,1.0000000000000000e+00,
1.0011589105593268e+00,2.9542058199881678e-05,1.0000000000000000e+00,3.6314284912464245e-12,-2.3772733521346850e-01,-1.5736614083823430e-01,4.5077309300187163e-06,1.1322862782169791e-03,1.0000000000000000e+00,
1.0005531843305489e+00,1.5172566162426114e-05,1.0000000000000000e+00,2.2162272017567375e-12,-1.1532827040520854e-01,-7.7205117278404983e-02,3.0346932518993119e-08,4.9837599719391556e-04,1.0000000000000000e+00,
1.0002914398116005e+00,6.1716308499923134e-06,1.0000000000000000e+00,1.3523071551446719e-12,-5.5472808090667819e-02,-3.4773306891592366e-02,1.1833059201330626e-06,1.9005600029268360e-04,1.0000000000000000e+00,
1.0002167695552349e+00,1.7114817266371192e-07,1.0000000000000000e+00,8.2495121844772257e-13,-2.9660271019500847e-02,-1.3090025739692708e-02,1.6668420048810686e-06,5.2910642559158761e-06,1.0000000000000000e+00,
1.0001802993057374e+00,-1.2347746043706899e-02,1.0000000000000000e+00,2.8302304944105572e-11,-2.2460334439748744e+00,4.2272886529057113e-01,1.2845400444716493e-06,2.0871529736740280e-02,1.0000000000000000e+00,
1.0051650912919154e+00,-7.7790083567493527e-03,1.0000000000000000e+00,1.7263801499467490e-11,-2.3446822929598881e+00,-1.0325076695352307e+00,5.5997667492181658e-04,7.1634245201922806e-03,1.0000000000000000e+00,
1.0044913256033796e+00,3.0496684795990178e-04,1.0000000000000000e+00,1.0528411475974053e-11,-1.1867396014622591e+00,-1.0699168354442954e+00,2.2184028398986033e-07,9.8465739991973893e-04,1.0000000000000000e+00,
1.0011421597913424e+00,1.6104349692032541e-03,1.0000000000000000e+00,6.4195315729875801e-12,-4.1831844924508244e-01,-6.4260197958903964e-01,2.0996100851336519e-04,1.8249202916174631e-04,1.0000000000000000e+00,
1.0002682023386447e+00,9.4669036585964318e-04,1.0000000000000000e+00,3.9134806506524455e-12,-1.8453110666855568e-01,-2.6955456126099975e-01,4.4491121932443978e-07,5.4465023062653595e-05,1.0000000000000000e+00,
1.0000668115263305e+00,4.6634788929938428e-04,1.0000000000000000e+00,2.3853141684071488e-12,-8.2740028856671768e-02,-1.1781461105246585e-01,4.8648638130074917e-07,1.9996334740361575e-05,1.0000000000000000e+00,
1.0000202555496247e+00,1.8615778359452889e-04,1.0000000000000000e+00,1.4536150061417175e-12,-3.8763329926188236e-02,-5.1329329320247072e-02,2.0125286926677907e-05,7.0675991284057145e-06,1.0000000000000000e+00,
1.0000113025599491e+00,5.1342598991521081e-06,1.0000000000000000e+00,8.8573592904594989e-13,-2.0546442933428052e-02,-1.9132780617784322e-02,1.7625101924169471e-05,2.0133615661313254e-07,1.0000000000000000e+00,
1.0002273270070170e+00,-3.1436662386778551e-02,1.0000000000000000e+00,3.0388636051981166e-11,-9.9606975245041500e+00,1.0921124008380385e+00,7.0721615776092595e-05,2.8047525507796635e-02,1.0000000000000000e+00,
1.0112864358604050e+00,-2.9707383549192272e-02,1.0000000000000000e+00,1.8512025246053554e-11,-1.1916714903251668e+01,-8.8333352290395002e+00,3.5833265806944903e-04,-2.2483012356002804e-02,1.0000000000000000e+00,
9.9805915612068985e-01,3.4715828666643384e-03,1.0000000000000000e+00,1.1275314015790627e-11,-1.2133301154491740e+00,-5.2235428993015773e+00,1.2530355131268323e-05,-2.0685045803732809e-02,1.0000000000000000e+00,
9.9731414306639865e-01,3.3641263787012338e-03,1.0000000000000000e+00,6.8665073627016682e-12,-1.3223772935331246e-01,-7.4625094261270331e-01,3.4296088857743712e-06,-5.9720677607030589e-03,1.0000000000000000e+00,
9.9791096541256841e-01,1.4099928458916184e-03,1.0000000000000000e+00,4.1810443995871083e-12,-8.4930462659112867e-03,-2.7327365973188861e-01,4.9825587634944046e-06,-2.3335806871960640e-03,1.0000000000000000e+00,
9.9895328492348556e-01,5.6245051003682076e-04,1.0000000000000000e+00,2.5454638397093277e-12,6.5500534622634529e-04,-1.1808594559424179e-01,6.9039703194228447e-05,-1.0298060580047272e-03,1.0000000000000000e+00,
9.9949677773691015e-01,2.0536574479659332e-04,1.0000000000000000e+00,1.5495382754693310e-12,6.5365957477993514e-04,-5.1377466236448815e-02,3.5856824755773134e-05,-4.5031863158170068e-04,1.0000000000000000e+00,
9.9973133107137002e-01,5.5226349508113773e-06,1.0000000000000000e+00,9.4313445941907048e-13,5.0360616742068818e-04,-1.9142436976902006e-02,2.3676809352593227e-05,-1.6797312417958342e-04,1.0000000000000000e+00,
8.5269118372670416e-01,-1.0345523102264767e-01,1.0000000000000000e+00,3.2324531940020051e-11,-1.7516877781157817e+01,6.0989702343002061e-01,3.6122118801107383e-04,5.1515298490623543e-02,1.0000000000000000e+00,
0.0000000000000000e+00,-8.7393708493610056e-01,0.0000000000000000e+00,0.0000000000000000e+00,-1.3168953647033482e+03,-1.3184612268696089e+03,0.0000000000000000e+00,-1.1546758736779219e+00,0.0000000000000000e+00,
8.4935707786579107e-01,8.4025758969343261e-04,1.0000000000000000e+00,1.1966594382073481e-11,-2.2770749900750786e+01,-6.0624590070118840e+00,2.4932876318550790e-04,-4.4144456549353644e-02,1.0000000000000000e+00,
9.8412780419687007e-01,1.6550369582911742e-04,1.0000000000000000e+00,7.2797323724671514e-12,2.1818511813602459e-01,-4.2161263390259041e-01,1.4043337953611318e-04,-7.0072255425035253e-03,1.0000000000000000e+00,
9.9534645387522902e-01,5.2711976443608360e-05,1.0000000000000000e+00,4.4280690225662056e-12,9.2097871495096503e-02,-1.7955882284262648e-01,1.8169910069240625e-05,-3.2834075317359503e-03,1.0000000000000000e+00,
9.9821209269575839e-01,1.9911136513766823e-05,1.0000000000000000e+00,2.6932345242869360e-12,4.2692837440866445e-02,-8.1738025766606381e-02,4.0419105362590052e-06,-1.4942493154401779e-03,1.0000000000000000e+00,
9.9921956049056537e-01,7.1159972451670487e-06,1.0000000000000000e+00,1.6379120282294934e-12,2.2305348653936557e-02,-3.5703629175928495e-02,1.3642584784198837e-06,-6.5474012755404654e-04,1.0000000000000000e+00,
9.9959994621897275e-01,1.9023348023811092e-07,1.0000000000000000e+00,9.9598107539122793e-13,1.6512723742423324e-02,-1.3275953284794520e-02,8.5341016745058202e-07,-2.4403924401642015e-04,1.0000000000000000e+00,
8.5269118372670416e-01,1.6242405142865950e-03,1.0000000000000000e+00,3.4060920750533796e-11,-1.7516877781158264e+01,-5.7349514818756653e+01,3.6122118789172486e-04,5.1515298490624403e-02,1.0000000000000000e+00,
0.0000000000000000e+00,-8.7271186636688780e-01,0.0000000000000000e+00,0.0000000000000000e+00,-1.3168953647033561e+03,-6.3805084191139599e+02,0.0000000000000000e+00,-1.1546758737149914e+00,0.0000000000000000e+00,
8.4935707786579107e-01,-1.0138598987050906e-01,1.0000000000000000e+00,1.2585210651394618e-11,-2.2770749900749902e+01,-2.5236203359075304e+01,2.4932876320493680e-04,-4.4144456549353638e-02,1.0000000000000000e+00,
9.8412780419687007e-01,-1.1546245651737652e-02,1.0000000000000000e+00,7.6491035727599410e-12,2.1818511813543712e-01,-1.6587056095452302e-01,1.4043337953611318e-04,-7.0072255425031793e-03,1.0000000000000000e+00,
9.9534645387522902e-01,-3.4981543030696673e-03,1.0000000000000000e+00,4.6486703375592242e-12,9.2097871494955783e-02,2.9874083056521126e-03,1.8169910064903816e-05,-3.2834075317359794e-03,1.0000000000000000e+00,
9.9821209269575839e-01,-1.2789274060349435e-03,1.0000000000000000e+00,2.8250179973099421e-12,4.2692837440814271e-02,1.3398878551590171e-03,4.0419105362590052e-06,-1.4942493154401844e-03,1.0000000000000000e+00,
9.9921956049056537e-01,-5.0791254319735538e-04,1.0000000000000000e+00,1.7166268406754170e-12,2.2305348655010365e-02,5.0999916424589295e-04,1.3642584789619848e-06,-6.5474012755406866e-04,1.0000000000000000e+00,
9.9959994621897275e-01,-1.8157888286825927e-04,1.0000000000000000e+00,1.0430545316353346e-12,1.6512723742368136e-02,1.4245786494546278e-05,8.5341016741670070e-07,-2.4403924401639323e-04,1.0000000000000000e+00,
1.0002273270070170e+00,8.9103930759506685e-03,1.0000000000000000e+00,3.5551617205697994e-11,-9.9606975245033667e+00,-7.6617368318081294e+00,7.0721615792745940e-05,2.8047525507797891e-02,1.0000000000000000e+00,
1.0112864358604050e+00,-2.4306899353431867e-02,1.0000000000000000e+00,2.1593837828959295e-11,-1.1916714903253959e+01,-3.5807936421992914e+00,3.5833265810275572e-04,-2.2483012356002374e-02,1.0000000000000000e+00,
9.9805915612068974e-01,-2.5542703228685435e-02,1.0000000000000000e+00,1.3115342145653131e-11,-1.2133301154482865e+00,5.3494079593114718e-01,1.2530355122247760e-05,-2.0685045803732996e-02,1.0000000000000000e+00,
9.9731414306639865e-01,-1.1219417273929414e-02,1.0000000000000000e+00,7.9653506013244169e-12,-1.3223772935326134e-01,2.0110123534051999e-01,3.4296088892438181e-06,-5.9720677607028134e-03,1.0000000000000000e+00,
9.9791096541256841e-01,-3.7645590053190007e-03,1.0000000000000000e+00,4.8374082517455008e-12,-8.4930462658942760e-03,9.0428732110367310e-02,4.9825587634944046e-06,-2.3335806871960340e-03,1.0000000000000000e+00,
9.9895328492348556e-01,-1.5660510075375890e-03,1.0000000000000000e+00,2.9376501231581642e-12,6.5500534606925741e-04,3.9574703240072957e-02,6.9039703193968238e-05,-1.0298060580042688e-03,1.0000000000000000e+00,
9.9949677773691015e-01,-6.7517053987453787e-04,1.0000000000000000e+00,1.7839063559677015e-12,6.5365957245490554e-04,1.5026920980302481e-02,3.5856824755252717e-05,-4.5031863158188673e-04,1.0000000000000000e+00,
9.9973133107137002e-01,-2.5104640731856245e-04,1.0000000000000000e+00,1.0832446051267652e-12,5.0360616854463634e-04,4.1907383571487225e-04,2.3676809352490228e-05,-1.6797312417951042e-04,1.0000000000000000e+00,
1.0001802993057374e+00,3.2161133490804950e-03,1.0000000000000000e+00,3.6755321008996589e-11,-2.2460334439748051e+00,-2.5406132800808616e+00,1.2845400271244145e-06,2.0871529736740536e-02,1.0000000000000000e+00,
1.0051650912919154e+00,-2.5335166146989423e-03,1.0000000000000000e+00,2.2311041902867146e-11,-2.3446822929616808e+00,-8.5318746475272644e-01,5.5997667490446934e-04,7.1634245201918773e-03,1.0000000000000000e+00,
1.0044913256033796e+00,-5.5788300409948463e-03,1.0000000000000000e+00,1.3542722498982585e-11,-1.1867396014605833e+00,1.9984231389771517e-01,2.2184029266347771e-07,9.8465739992058461e-04,1.0000000000000000e+00,
1.0011421597913424e+00,-5.3338096802608408e-03,1.0000000000000000e+00,8.2201467854758903e-12,-4.1831844924523670e-01,1.7387395624230984e-01,2.0996100851128352e-04,1.8249202916231617e-04,1.0000000000000000e+00,
1.0002682023386447e+00,-3.1282477741170545e-03,1.0000000000000000e+00,4.9893422726654535e-12,-1.8453110666841452e-01,8.5309519743015136e-02,4.4491121828360569e-07,5.4465023062271447e-05,1.0000000000000000e+00,
1.0000668115263305e+00,-1.4980532121807760e-03,1.0000000000000000e+00,3.0282998331188082e-12,-8.2740028856580536e-02,3.8542508115320624e-02,4.8648637809151074e-07,1.9996334739702919e-05,1.0000000000000000e+00,
1.0000202555496247e+00,-6.6720468079487177e-04,1.0000000000000000e+00,1.8379742172669467e-12,-3.8763329926319506e-02,1.4820194002323164e-02,2.0125286927523585e-05,7.0675991279784796e-06,1.0000000000000000e+00,
1.0000113025599491e+00,-2.4995588840626289e-04,1.0000000000000000e+00,1.1154965839921260e-12,-2.0546442932357765e-02,4.1215288552988937e-04,1.7625101924136945e-05,2.0133615623201983e-07,1.0000000000000000e+00,
1.0001276193279813e+00,8.8114404460620625e-05,1.0000000000000000e+00,3.7637726268968663e-11,-7.9305879055733497e-01,-7.4972483391984335e-01,4.9960951084560001e-06,1.8788586141655357e-02,1.0000000000000000e+00,
1.0037061358998585e+00,-8.2657067378730069e-05,1.0000000000000000e+00,2.2836454949271001e-11,-9.0719533850308065e-01,-3.5361210164867873e-01,3.8632672707053506e-05,1.1894247923256069e-02,1.0000000000000000e+00,
1.0042104780745500e+00,-1.6885952677139554e-03,1.0000000000000000e+00,1.3855694369624416e-11,-7.9564141952448408e-01,3.5094761107051786e-03,9.0019314710754195e-07,5.5945824929899135e-03,1.0000000000000000e+00,
1.0024053042600385e+00,-1.7544794708096239e-03,1.0000000000000000e+00,8.4066642536129166e-12,-4.4477106487460122e-01,5.3447395697449503e-03,1.2512469476679000e-05,2.5169663860307940e-03,1.0000000000000000e+00,
1.0011589105593268e+00,-1.4681448770355787e-03,1.0000000000000000e+00,5.1004755974304317e-12,-2.3772733521389083e-01,2.7979621123345056e-03,4.5077309278503119e-06,1.1322862782165285e-03,1.0000000000000000e+00,
1.0005531843305489e+00,-8.5831773066907824e-04,1.0000000000000000e+00,3.0945246365376988e-12,-1.1532827040571014e-01,1.2918100456025335e-03,3.0346932518993119e-08,4.9837599719366652e-04,1.0000000000000000e+00,
1.0002914398116005e+00,-4.2080668726017392e-04,1.0000000000000000e+00,1.8774981569436022e-12,-5.5472808089211484e-02,4.9995548800923920e-04,1.1833059233856691e-06,1.9005600029174669e-04,1.0000000000000000e+00,
1.0002167695552349e+00,-1.6432092935649188e-04,1.0000000000000000e+00,1.1390888232654106e-12,-2.9660271019510354e-02,1.3906436605588785e-05,1.6668420048471873e-06,5.2910642557427366e-06,1.0000000000000000e+00,

64,9
1.0047581804461674e+00,-8.8114404460620625e-05,1.0000000000000000e+00,4.4761194750719824e-11,-4.3336526763560271e-02,7.4972483391992362e-01,3.5335877896619969e+00,2.4909331381412905e-02,1.0000000000000000e+00,
1.0063067475526100e+00,8.2657067378740911e-05,1.0000000000000000e+00,2.7311430894627620e-11,-5.4963558086577224e-01,3.5361210164846274e-01,1.1006903604907081e-03,2.0112320678393247e-02,1.0000000000000000e+00,
1.0062159173228558e+00,1.6885952677139771e-03,1.0000000000000000e+00,1.6660617330188643e-11,-4.4365790239068670e-01,-3.5094761104558989e-03,9.3375122317169990e-04,1.2077095247412519e-02,1.0000000000000000e+00,
1.0043434714088331e+00,1.7544794708096347e-03,1.0000000000000000e+00,1.0161260721730514e-11,-2.0099535242730820e-01,-5.3447395696670178e-03,3.5716194542699531e-04,6.5122615429373931e-03,1.0000000000000000e+00,
1.0025535586824474e+00,1.4681448770355924e-03,1.0000000000000000e+00,6.1960991892817674e-12,-9.0832047266139693e-02,-2.7979621119013452e-03,2.2317132243781027e-04,3.1634090812187716e-03,1.0000000000000000e+00,
1.0013646373058369e+00,8.5831773066908095e-04,1.0000000000000000e+00,3.7775338412870951e-12,-4.2529946164184068e-02,-1.2918100449407473e-03,2.1002827780914127e-04,1.4642972087594930e-03,1.0000000000000000e+00,
1.0006929222451402e+00,4.2080668726017262e-04,1.0000000000000000e+00,2.3026025530725747e-12,-2.2276273101524788e-02,-4.9995548781148343e-04,1.3861347925507410e-04,6.4842084193905084e-04,1.0000000000000000e+00,
1.0003810824688537e+00,1.6432092935649153e-04,1.0000000000000000e+00,1.4033219031261979e-12,-1.6507928840572311e-02,-1.3906436093927861e-05,7.7901996061807942e-03,2.4279554597228260e-04,1.0000000000000000e+00,
1.0101540847121013e+00,-3.2161133490804950e-03,1.0000000000000000e+00,4.8150816667202889e-11,-7.6793927536230294e-02,2.5406132800810042e+00,9.8780397671189011e+00,3.9796113809372542e-02,1.0000000000000000e+00,
1.0127918120319650e+00,2.5335166146989965e-03,1.0000000000000000e+00,2.9339308760256699e-11,-8.3894907262435947e-01,8.5318746475197305e-01,5.8524759621120248e-03,2.5964106457769798e-02,1.0000000000000000e+00,
1.0110638387802842e+00,5.5788300409948680e-03,1.0000000000000000e+00,1.7874035584952708e-11,-1.9211447974752216e-01,-1.9984231389890572e-01,2.6255188319272704e-03,1.1272200352977992e-02,1.0000000000000000e+00,
1.0044659742897371e+00,5.3338096802608434e-03,1.0000000000000000e+00,1.0887402090986598e-11,-2.5582462317935380e-02,-1.7387395624140500e-01,2.0210056204145177e-03,5.1550361260239482e-03,1.0000000000000000e+00,
1.0022630184690406e+00,3.1282477741170624e-03,1.0000000000000000e+00,6.6306959922712849e-12,-5.8049785575442995e-03,-8.5309519743050344e-02,2.6082672671748353e-04,2.2930805058492009e-03,1.0000000000000000e+00,
1.0010705537848446e+00,1.4980532121807795e-03,1.0000000000000000e+00,4.0377146071080006e-12,-1.9404201843416290e-03,-3.8542508114894555e-02,9.1794862211273809e-05,1.0273186491738082e-03,1.0000000000000000e+00,
1.0005076520803413e+00,6.6720468079487416e-04,1.0000000000000000e+00,2.4583668434274841e-12,-8.5732685199022809e-04,-1.4820194002710049e-02,6.3251541127570116e-05,4.5008915907907108e-04,1.0000000000000000e+00,
1.0002696065198058e+00,2.4995588840626414e-04,1.0000000000000000e+00,1.4965806371947110e-12,-5.9600368409220520e-04,-4.1215288556751509e-04,1.1716634870555850e-02,1.6796516590352254e-04,1.0000000000000000e+00,
1.0238941540543525e+00,-8.9103930759506234e-03,1.0000000000000000e+00,5.1306126014338815e-11,-2.4767054799298105e-01,7.6617368318090726e+00,1.9650408286549169e+01,8.5883472418098461e-02,1.0000000000000000e+00,
1.0455323946854309e+00,2.4306899353431884e-02,1.0000000000000000e+00,3.1224411944918984e-11,1.3213414812674584e+00,3.5807936421992199e+00,1.7241856555590823e-01,4.1747035579341528e-02,1.0000000000000000e+00,
1.0226150781096319e+00,2.5542703228685452e-02,1.0000000000000000e+00,1.9000467865737392e-11,2.1451598275021473e+00,-5.3494079593071164e-01,7.5514809482529754e-02,5.6889954092474125e-03,1.0000000000000000e+00,
1.0040452734586163e+00,1.1219417273929425e-02,1.0000000000000000e+00,1.1560641333119293e-11,6.6063742712204754e-01,-2.0110123534011243e-01,3.1905125288334002e-03,4.6345237074202979e-04,1.0000000000000000e+00,
1.0009064012230058e+00,3.7645590053190089e-03,1.0000000000000000e+00,7.0331518386979042e-12,1.9646390550332846e-01,-9.0428732110597834e-02,1.2434389305687049e-03,-1.8060142696911003e-06,1.0000000000000000e+00,
1.0001716514672072e+00,1.5660510075375935e-03,1.0000000000000000e+00,4.2782999365442720e-12,8.3379166691594869e-02,-3.9574703240000939e-02,2.9664370061258105e-04,-1.3872923397165198e-05,1.0000000000000000e+00,
1.0000257188781538e+00,6.7517053987454026e-04,1.0000000000000000e+00,2.6022517474189044e-12,3.8816209246024164e-02,-1.5026920980361583e-02,8.9090522912334963e-05,-5.8231167554037155e-06,1.0000000000000000e+00,
9.9999990922594406e-01,2.5104640731856369e-04,1.0000000000000000e+00,1.5826784327543919e-12,2.0552970101633494e-02,-4.1907383575433689e-04,1.1748755886826922e-02,-1.5737692731896507e-07,1.0000000000000000e+00,
1.0249267325528786e+00,-1.6242405142862480e-03,1.0000000000000000e+00,5.4146132022481197e-11,7.2274223727433636e+01,5.7349514818757072e+01,2.0191085162881834e+01,3.2963522145815172e-01,1.0000000000000000e+00,
1.7983824341857795e+00,8.7271186636688769e-01,1.0000000000000000e+00,3.2920055570428985e-11,1.4422723573415080e+03,6.3805084191134540e+02,4.2730360404659649e+02,7.4160236289291825e-01,1.0000000000000000e+00,
1.0232672514697421e+00,1.0138598987050911e-01,1.0000000000000000e+00,2.0011992063473372e-11,1.7296675708994503e+01,2.5236203359075066e+01,2.4644173446852768e+00,3.2649131064294533e-02,1.0000000000000000e+00,
9.9757663802748642e-01,1.1546245651737662e-02,1.0000000000000000e+00,1.2164547147364146e-11,7.6433334354827487e-01,1.6587056095437505e-01,1.9796859078989593e-02,-2.5818863127159745e-03,1.0000000000000000e+00,
9.9882223083151134e-01,3.4981543030696807e-03,1.0000000000000000e+00,7.3938077882473863e-12,2.5136315079774252e-01,-2.9874083054972017e-03,1.5915851112636992e-03,-1.1383744958827064e-03,1.0000000000000000e+00,
9.9944224852881336e-01,1.2789274060349435e-03,1.0000000000000000e+00,4.4937387144727836e-12,1.1986842899937011e-01,-1.3398878554240611e-03,2.9894936118581017e-04,-4.9928453673562102e-04,1.0000000000000000e+00,
9.9970754776364001e-01,5.0791254319735679e-04,1.0000000000000000e+00,2.7309265959729601e-12,5.6471820067213845e-02,-5.0999916424232592e-04,8.4733466919600237e-05,-1.9019748938804126e-04,1.0000000000000000e+00,
9.9978284262086603e-01,1.8157888286826027e-04,1.0000000000000000e+00,1.6595613772096840e-12,2.9874993108621219e-02,-1.4245786491825270e-05,8.4056224888677828e-03,-5.2933303377005158e-06,1.0000000000000000e+00,
1.0249267325528784e+00,1.0345523102264749e-01,1.0000000000000000e+00,5.6594229302930898e-11,7.2274223727433679e+01,-6.0989702343062846e-01,2.0191085162882132e+01,3.2963522145815194e-01,1.0000000000000000e+00,
1.7983824341857804e+00,8.7393708493610112e-01,1.0000000000000000e+00,3.4378444535576591e-11,1.4422723573415544e+03,1.3184612268696089e+03,4.2730360404660064e+02,7.4160236289291359e-01,1.0000000000000000e+00,
1.0232672514697421e+00,-8.4025758969345429e-04,1.0000000000000000e+00,2.0882184870174569e-11,1.7296675708993131e+01,6.0624590070113031e+00,2.4644173446853732e+00,3.2649131064294699e-02,1.0000000000000000e+00,
9.9757663802748642e-01,-1.6550369582912826e-04,1.0000000000000000e+00,1.2683576411376407e-11,7.6433334354805016e-01,4.2161263390251991e-01,1.9796859078988205e-02,-2.5818863127161891e-03,1.0000000000000000e+00,
9.9882223083151134e-01,-5.2711976443600228e-05,1.0000000000000000e+00,7.7034489898153424e-12,2.5136315079774441e-01,1.7955882284295371e-01,1.5915851112550256e-03,-1.1383744958822365e-03,1.0000000000000000e+00,
9.9944224852881336e-01,-1.9911136513765468e-05,1.0000000000000000e+00,4.6785353369216409e-12,1.1986842899932609e-01,8.1738025766807290e-02,2.9894936118702448e-04,-4.9928453673584307e-04,1.0000000000000000e+00,
9.9970754776364001e-01,-7.1159972451670487e-06,1.0000000000000000e+00,2.8412827646207006e-12,5.6471820067312405e-02,3.5703629176017194e-02,8.4733466919686973e-05,-1.9019748938800481e-04,1.0000000000000000e+00,
9.9978284262086603e-01,-1.9023348023806856e-07,1.0000000000000000e+00,1.7253976025699558e-12,2.9874993108622006e-02,1.3275953284543032e-02,8.4056224888678019e-03,-5.2933303377069278e-06,1.0000000000000000e+00,
1.0238941540543522e+00,3.1436662386778551e-02,1.0000000000000000e+00,5.8581639539312391e-11,-2.4767054799324506e-01,-1.0921124008380700e+00,1.9650408286549240e+01,8.5883472418099085e-02,1.0000000000000000e+00,
1.0455323946854311e+00,2.9707383549192317e-02,1.0000000000000000e+00,3.5562275346734395e-11,1.3213414812658597e+00,8.8333352290394771e+00,1.7241856555590823e-01,4.1747035579342312e-02,1.0000000000000000e+00,
1.0226150781096319e+00,-3.4715828666642950e-03,1.0000000000000000e+00,2.1587509557718931e-11,2.1451598275017751e+00,5.2235428993012425e+00,7.5514809482529754e-02,5.6889954092476155e-03,1.0000000000000000e+00,
1.0040452734586163e+00,-3.3641263787012260e-03,1.0000000000000000e+00,1.3103962359650723e-11,6.6063742712130336e-01,7.4625094261262370e-01,3.1905125288320124e-03,4.6345237074273761e-04,1.0000000000000000e+00,
1.0009064012230058e+00,-1.4099928458916101e-03,1.0000000000000000e+00,7.9540818376244715e-12,1.9646390550394724e-01,2.7327365973203993e-01,1.2434389305711335e-03,-1.8060142692487390e-06,1.0000000000000000e+00,
1.0001716514672072e+00,-5.6245051003681870e-04,1.0000000000000000e+00,4.8279713560361870e-12,8.3379166691839326e-02,1.1808594559390129e-01,2.9664370061032591e-04,-1.3872923397681739e-05,1.0000000000000000e+00,
1.0000257188781538e+00,-2.0536574479659164e-04,1.0000000000000000e+00,2.9304336734981007e-12,3.8816209245960402e-02,5.1377466236034258e-02,8.9090522909646142e-05,-5.8231167557408058e-06,1.0000000000000000e+00,
9.9999990922594406e-01,-5.5226349508113350e-06,1.0000000000000000e+00,1.7786327966007320e-12,2.0552970101699774e-02,1.9142436976798436e-02,1.1748755886826974e-02,-1.5737692767019885e-07,1.0000000000000000e+00,
1.0101540847121013e+00,1.2347746043706856e-02,1.0000000000000000e+00,6.0050797667798861e-11,-7.6793927536297074e-02,-4.2272886529132020e-01,9.8780397671188673e+00,3.9796113809371987e-02,1.0000000000000000e+00,
1.0127918120319650e+00,7.7790083567493744e-03,1.0000000000000000e+00,3.6436798023231631e-11,-8.3894907262636131e-01,1.0325076695348090e+00,5.8524759621814137e-03,2.5964106457771086e-02,1.0000000000000000e+00,
1.0110638387802842e+00,-3.0496684795990178e-04,1.0000000000000000e+00,2.2108315178570592e-11,-1.9211447974756160e-01,1.0699168354448441e+00,2.6255188319224132e-03,1.1272200352978233e-02,1.0000000000000000e+00,
1.0044659742897371e+00,-1.6104349692032513e-03,1.0000000000000000e+00,1.3414158672730991e-11,-2.5582462317812804e-02,6.4260197958922616e-01,2.0210056204124360e-03,5.1550361260249344e-03,1.0000000000000000e+00,
1.0022630184690406e+00,-9.4669036585964047e-04,1.0000000000000000e+00,8.1389339712245601e-12,-5.8049785574619097e-03,2.6955456126126187e-01,2.6082672671297324e-04,2.2930805058507539e-03,1.0000000000000000e+00,
1.0010705537848446e+00,-4.6634788929938499e-04,1.0000000000000000e+00,4.9381609912302338e-12,-1.9404201843742281e-03,1.1781461105228214e-01,9.1794862210926864e-05,1.0273186491735016e-03,1.0000000000000000e+00,
1.0005076520803413e+00,-1.8615778359452889e-04,1.0000000000000000e+00,2.9961033654046787e-12,-8.5732685319138587e-04,5.1329329320667361e-02,6.3251541127483379e-05,4.5008915907850697e-04,1.0000000000000000e+00,
1.0002696065198058e+00,-5.1342598991521081e-06,1.0000000000000000e+00,1.8178236693700001e-12,-5.9600368256210396e-04,1.9132780618310835e-02,1.1716634870555902e-02,1.6796516590273625e-04,1.0000000000000000e+00,
1.0047581804461672e+00,4.4169682017469996e-03,1.0000000000000000e+00,6.0958071923522539e-11,-4.3336526767112811e-02,-1.1700974954436359e-02,3.5335877896620489e+00,2.4909331381413824e-02,1.0000000000000000e+00,
1.0063067475526097e+00,2.8093211332294414e-03,1.0000000000000000e+00,3.6976643968955614e-11,-5.4963558086391340e-01,1.5714169952072543e-01,1.1006903605080554e-03,2.0112320678393178e-02,1.0000000000000000e+00,
1.0062159173228558e+00,-2.0664287162918543e-07,1.0000000000000000e+00,2.2429613721897113e-11,-4.4365790239087088e-01,2.7199862748201425e-01,9.3375122316302628e-04,1.2077095247412397e-02,1.0000000000000000e+00,
1.0043434714088331e+00,-4.6340144102118442e-05,1.0000000000000000e+00,1.3605505611025137e-11,-2.0099535242862848e-01,2.5960374682141690e-01,3.5716194541832169e-04,6.5122615429397523e-03,1.0000000000000000e+00,
1.0025535586824474e+00,-2.9542058199887099e-05,1.0000000000000000e+00,8.2528983647023324e-12,-9.0832047266137639e-02,1.5736614083801548e-01,2.2317132243781027e-04,3.1634090812203731e-03,1.0000000000000000e+00,
1.0013646373058369e+00,-1.5172566162422049e-05,1.0000000000000000e+00,5.0060511291860621e-12,-4.2529946164421253e-02,7.7205117278051183e-02,2.1002827780046765e-04,1.4642972087592855e-03,1.0000000000000000e+00,
1.0006929222451402e+00,-6.1716308499933298e-06,1.0000000000000000e+00,3.0365709946522657e-12,-2.2276273101942003e-02,3.4773306891751017e-02,1.3861347926049511e-04,6.4842084193990996e-04,1.0000000000000000e+00,
1.0003810824688537e+00,-1.7114817266373309e-07,1.0000000000000000e+00,1.8419155090043660e-12,-1.6507928840256755e-02,1.3090025739868782e-02,7.7901996061807942e-03,2.4279554597151799e-04,1.0000000000000000e+00,

