1
1
2
4
(64 0
((0,0) (15,15) (0,0))
((16,0) (31,15) (0,0))
((32,0) (47,15) (0,0))
((48,0) (63,15) (0,0))
((64,0) (79,15) (0,0))
((80,0) (95,15) (0,0))
((96,0) (111,15) (0,0))
((112,0) (127,15) (0,0))
((0,16) (15,31) (0,0))
((16,16) (31,31) (0,0))
((32,16) (47,31) (0,0))
((48,16) (63,31) (0,0))
((64,16) (79,31) (0,0))
((80,16) (95,31) (0,0))
((96,16) (111,31) (0,0))
((112,16) (127,31) (0,0))
((0,32) (15,47) (0,0))
((16,32) (31,47) (0,0))
((32,32) (47,47) (0,0))
((48,32) (63,47) (0,0))
((64,32) (79,47) (0,0))
((80,32) (95,47) (0,0))
((96,32) (111,47) (0,0))
((112,32) (127,47) (0,0))
((0,48) (15,63) (0,0))
((16,48) (31,63) (0,0))
((32,48) (47,63) (0,0))
((48,48) (63,63) (0,0))
((64,48) (79,63) (0,0))
((80,48) (95,63) (0,0))
((96,48) (111,63) (0,0))
((112,48) (127,63) (0,0))
((0,64) (15,79) (0,0))
((16,64) (31,79) (0,0))
((32,64) (47,79) (0,0))
((48,64) (63,79) (0,0))
((64,64) (79,79) (0,0))
((80,64) (95,79) (0,0))
((96,64) (111,79) (0,0))
((112,64) (127,79) (0,0))
((0,80) (15,95) (0,0))
((16,80) (31,95) (0,0))
((32,80) (47,95) (0,0))
((48,80) (63,95) (0,0))
((64,80) (79,95) (0,0))
((80,80) (95,95) (0,0))
((96,80) (111,95) (0,0))
((112,80) (127,95) (0,0))
((0,96) (15,111) (0,0))
((16,96) (31,111) (0,0))
((32,96) (47,111) (0,0))
((48,96) (63,111) (0,0))
((64,96) (79,111) (0,0))
((80,96) (95,111) (0,0))
((96,96) (111,111) (0,0))
((112,96) (127,111) (0,0))
((0,112) (15,127) (0,0))
((16,112) (31,127) (0,0))
((32,112) (47,127) (0,0))
((48,112) (63,127) (0,0))
((64,112) (79,127) (0,0))
((80,112) (95,127) (0,0))
((96,112) (111,127) (0,0))
((112,112) (127,127) (0,0))
)
64
FabOnDisk: SD_2_Old_MF_D_00000 0
FabOnDisk: SD_2_Old_MF_D_00000 9300
FabOnDisk: SD_2_Old_MF_D_00000 18600
FabOnDisk: SD_2_Old_MF_D_00000 27900
FabOnDisk: SD_2_Old_MF_D_00000 37200
FabOnDisk: SD_2_Old_MF_D_00000 46500
FabOnDisk: SD_2_Old_MF_D_00000 55800
FabOnDisk: SD_2_Old_MF_D_00000 65101
FabOnDisk: SD_2_Old_MF_D_00000 74403
FabOnDisk: SD_2_Old_MF_D_00000 83703
FabOnDisk: SD_2_Old_MF_D_00000 93003
FabOnDisk: SD_2_Old_MF_D_00000 102303
FabOnDisk: SD_2_Old_MF_D_00000 111603
FabOnDisk: SD_2_Old_MF_D_00000 120903
FabOnDisk: SD_2_Old_MF_D_00000 130203
FabOnDisk: SD_2_Old_MF_D_00000 139504
FabOnDisk: SD_2_Old_MF_D_00000 148806
FabOnDisk: SD_2_Old_MF_D_00000 158106
FabOnDisk: SD_2_Old_MF_D_00000 167406
FabOnDisk: SD_2_Old_MF_D_00000 176706
FabOnDisk: SD_2_Old_MF_D_00000 186006
FabOnDisk: SD_2_Old_MF_D_00000 195306
FabOnDisk: SD_2_Old_MF_D_00000 204606
FabOnDisk: SD_2_Old_MF_D_00000 213907
FabOnDisk: SD_2_Old_MF_D_00000 223209
FabOnDisk: SD_2_Old_MF_D_00000 232509
FabOnDisk: SD_2_Old_MF_D_00000 241809
FabOnDisk: SD_2_Old_MF_D_00000 251109
FabOnDisk: SD_2_Old_MF_D_00000 260409
FabOnDisk: SD_2_Old_MF_D_00000 269709
FabOnDisk: SD_2_Old_MF_D_00000 279009
FabOnDisk: SD_2_Old_MF_D_00000 288310
FabOnDisk: SD_2_Old_MF_D_00000 297612
FabOnDisk: SD_2_Old_MF_D_00000 306912
FabOnDisk: SD_2_Old_MF_D_00000 316212
FabOnDisk: SD_2_Old_MF_D_00000 325512
FabOnDisk: SD_2_Old_MF_D_00000 334812
FabOnDisk: SD_2_Old_MF_D_00000 344112
FabOnDisk: SD_2_Old_MF_D_00000 353412
FabOnDisk: SD_2_Old_MF_D_00000 362713
FabOnDisk: SD_2_Old_MF_D_00000 372015
FabOnDisk: SD_2_Old_MF_D_00000 381315
FabOnDisk: SD_2_Old_MF_D_00000 390615
FabOnDisk: SD_2_Old_MF_D_00000 399915
FabOnDisk: SD_2_Old_MF_D_00000 409215
FabOnDisk: SD_2_Old_MF_D_00000 418515
FabOnDisk: SD_2_Old_MF_D_00000 427815
FabOnDisk: SD_2_Old_MF_D_00000 437116
FabOnDisk: SD_2_Old_MF_D_00000 446418
FabOnDisk: SD_2_Old_MF_D_00000 455719
FabOnDisk: SD_2_Old_MF_D_00000 465020
FabOnDisk: SD_2_Old_MF_D_00000 474321
FabOnDisk: SD_2_Old_MF_D_00000 483622
FabOnDisk: SD_2_Old_MF_D_00000 492923
FabOnDisk: SD_2_Old_MF_D_00000 502224
FabOnDisk: SD_2_Old_MF_D_00000 511526
FabOnDisk: SD_2_Old_MF_D_00000 520829
FabOnDisk: SD_2_Old_MF_D_00000 530131
FabOnDisk: SD_2_Old_MF_D_00000 539433
FabOnDisk: SD_2_Old_MF_D_00000 548735
FabOnDisk: SD_2_Old_MF_D_00000 558037
FabOnDisk: SD_2_Old_MF_D_00000 567339
FabOnDisk: SD_2_Old_MF_D_00000 576641
FabOnDisk: SD_2_Old_MF_D_00000 585944

64,2
-5.6932391462709775e-01,5.9941412763914181e-03,
-5.9955035937073953e-01,-2.2756122461157699e-01,
-4.0710757256442021e-01,-2.6097874381328590e-01,
-1.3023633504660961e-01,-1.8504072852021605e-01,
-1.3559495231047117e-02,-4.7593413647960998e-02,
1.3697945193844201e-02,-2.5052380971677772e-03,
7.7718935395339646e-03,1.0244990065644586e-04,
-1.6992184355135234e-03,-3.4463537150860235e-05,
-1.9040689759770650e+00,2.1835585391158860e-01,
-1.9272584548952647e+00,-1.2708718300647390e+00,
-5.2958633040487391e-01,-1.2580241771857781e+00,
-5.4162190391876100e-02,-3.5355746649716380e-01,
2.7277085794925139e-02,-4.9269529614012070e-02,
8.1317221904701562e-03,6.9709218379179760e-04,
1.9256732165676058e-03,3.5961856595655857e-03,
-1.0441172390469704e-03,-4.1104690541955084e-05,
-9.4674068431793739e+00,5.9251324900468016e-01,
-1.1602139535079180e+01,-1.1555975620018677e+01,
-4.8569189396773133e-01,-7.7537398923244112e+00,
4.8204647477526272e-02,-3.3438538886544833e-01,
-1.9594797635034744e-02,2.6897499113519005e-02,
-1.9543233138647868e-02,1.8273763952648247e-02,
-1.2425976529685965e-02,6.5822371473447713e-03,
-7.1035114163994417e-03,-3.7409868176916582e-05,
-1.5909245310822842e+01,5.2256742815488955e-01,
-6.3473359998669685e+02,-4.3240520973680447e+02,
-3.8973375233525985e+01,-1.9049125070510172e+01,
-2.6255270786976457e+00,2.1004237717875407e-02,
-3.3971253736876017e-01,3.5408792366528521e-03,
-8.0810879568051885e-02,8.8734408126110850e-04,
-2.6873725127693569e-02,2.4957605538327040e-04,
-1.2044894784032855e-02,-1.6850958635574367e-05,
-1.5909245310821651e+01,-4.8230755496178560e+01,
-6.3473359998666649e+02,-5.2991206780087714e+02,
-3.8973375233528344e+01,-1.7469566356083257e+02,
-2.6255270786971994e+00,-2.2282921014079955e+00,
-3.3971253736761847e-01,-2.8334004324556872e-01,
-8.0810879567905183e-02,-6.5889112320336826e-02,
-2.6873725128583558e-02,-1.9490998500256415e-02,
-1.2044894784125185e-02,-5.8253231034437140e-03,
-9.4674068431813261e+00,-6.5545590564925824e+00,
-1.1602139535084374e+01,-2.7562575382560750e+00,
-4.8569189396572943e-01,-9.1044887388648721e-01,
4.8204647477541454e-02,-8.9337087847711427e-01,
-1.9594797635740228e-02,-2.6043062388480570e-01,
-1.9543233137496230e-02,-6.6375449807931766e-02,
-1.2425976529809989e-02,-2.1176654925501380e-02,
-7.1035114145319139e-03,-6.8806343861088862e-03,
-1.9040689759823994e+00,-1.9733317347513006e+00,
-1.9272584548983585e+00,-3.8681866320862468e-01,
-5.2958633040803371e-01,2.0993225386538888e-01,
-5.4162190388404308e-02,-9.3358002498630382e-03,
2.7277085798913470e-02,-3.5502807805870062e-02,
8.1317221906771295e-03,-3.2036190287091433e-02,
1.9256732178477380e-03,-1.6697179972966918e-02,
-1.0441172373415828e-03,-6.3132089388216600e-03,
-5.6932391462963727e-01,-5.1726878824382150e-01,
-5.9955035936765944e-01,-1.6887189678268383e-01,
-4.0710757256560914e-01,5.3584426216696235e-03,
-1.3023633504797710e-01,2.1336367579583362e-03,
-1.3559495230366578e-02,2.6412465044126435e-04,
1.3697945193264654e-02,-5.9027514309665258e-03,
7.7718935433157927e-03,-5.8454291510827462e-03,
-1.6992184334761930e-03,-3.1456619636121294e-03,

64,2
-1.3311554520139407e-02,5.1726878824104183e-01,
-3.3842050496997977e-01,1.6887189678107123e-01,
-7.8830976591173524e-02,-5.3584426205881969e-03,
2.8226219249198083e-02,-2.1336367592848793e-03,
3.1733860058052815e-02,-2.6412465098879729e-04,
2.5174660622966138e-02,5.9027514321778329e-03,
1.3652470092602238e-02,5.8454291497207775e-03,
9.1197287856971086e-03,3.1456619624048521e-03,
-2.5143286298555390e-02,1.9733317347513559e+00,
-4.4609813776410112e-01,3.8681866320853453e-01,
3.5818995616846783e-01,-2.0993225386439451e-01,
3.4719792575100189e-01,9.3358002486400027e-03,
1.3851254656762893e-01,3.5502807806456822e-02,
3.4841536868221230e-02,3.2036190285212547e-02,
1.3497800765336146e-02,1.6697179972857995e-02,
7.3184366226442480e-03,6.3132089394384982e-03,
-8.4891240607616603e-02,6.5545590564902518e+00,
3.5160070113177415e+00,2.7562575382596237e+00,
5.5267009116040109e+00,9.1044887388635198e-01,
1.1680885913121539e+00,8.9337087847573371e-01,
1.5420441287255188e-01,2.6043062388451343e-01,
3.2268150891619725e-02,6.6375449808089390e-02,
6.5417500676547705e-03,2.1176654924506440e-02,
1.2628379511451327e-03,6.8806343863884491e-03,
5.7005654033892682e+01,4.8230755496173373e+01,
7.2774301139903969e+02,5.2991206780076493e+02,
2.7903694823088841e+02,1.7469566356085909e+02,
1.1143024565333535e+00,2.2282921014068742e+00,
9.9738303755846913e-03,2.8334004324495471e-01,
-1.4425744968969633e-02,6.5889112320334925e-02,
-7.8566104072739576e-03,1.9490998498829088e-02,
1.3514080596089134e-03,5.8253231036006926e-03,
5.7005654033893194e+01,-5.2256742815295487e-01,
7.2774301139897534e+02,4.3240520973681504e+02,
2.7903694823086738e+02,1.9049125070506143e+01,
1.1143024565345767e+00,-2.1004237719965055e-02,
9.9738303748699159e-03,-3.5408792376327540e-03,
-1.4425744965694732e-02,-8.8734408056852015e-04,
-7.8566104070503639e-03,-2.4957605410442141e-04,
1.3514080600764969e-03,1.6850959517667377e-05,
-8.4891240599377360e-02,-5.9251324900514779e-01,
3.5160070113206134e+00,1.1555975620018797e+01,
5.5267009116034176e+00,7.7537398923272560e+00,
1.1680885913124119e+00,3.3438538886666858e-01,
1.5420441287204822e-01,-2.6897499114259898e-02,
3.2268150892231499e-02,-1.8273763953685098e-02,
6.5417500663419994e-03,-6.5822371481807163e-03,
1.2628379544264768e-03,3.7409867507831758e-05,
-2.5143286300051415e-02,-2.1835585391131729e-01,
-4.4609813776833496e-01,1.2708718300659860e+00,
3.5818995616555288e-01,1.2580241771869960e+00,
3.4719792575092207e-01,3.5355746649754138e-01,
1.3851254656666845e-01,4.9269529612821272e-02,
3.4841536867436775e-02,-6.9709218274698059e-04,
1.3497800765769431e-02,-3.5961856620456891e-03,
7.3184366204322379e-03,4.1104691887982594e-05,
-1.3311554519061103e-02,-5.9941412766766067e-03,
-3.3842050496837411e-01,2.2756122461252587e-01,
-7.8830976593022795e-02,2.6097874381452585e-01,
2.8226219246712952e-02,1.8504072851746531e-01,
3.1733860062236496e-02,4.7593413647519844e-02,
2.5174660621272601e-02,2.5052380966492961e-03,
1.3652470092393024e-02,-1.0244990006311656e-04,
9.1197287773999054e-03,3.4463537497798154e-05,

