1
1
4
2
(2 0
((96,104) (127,127) (0,0))
((0,120) (95,127) (0,0))
)
2
FabOnDisk: SD_0_New_MF_D_00000 0
FabOnDisk: SD_0_New_MF_D_00000 32343

2,4
-2.7662734087028312e-01,-6.3403713511458371e-01,9.9830090552798079e-01,0.0000000000000000e+00,
-7.7822903809704705e-02,4.6614954526134692e-05,9.9996401654168121e-01,0.0000000000000000e+00,

2,4
9.1762305036121550e-01,4.9659203331622229e-02,1.0034796363471854e+00,0.0000000000000000e+00,
9.1044971107473338e-01,2.0783364810563842e-01,1.0000345544151636e+00,0.0000000000000000e+00,

