1
1
9
0
(9 0
((80,232) (95,247) (0,0))
((96,232) (111,247) (0,0))
((112,232) (127,247) (0,0))
((80,248) (95,263) (0,0))
((96,248) (111,263) (0,0))
((112,248) (127,263) (0,0))
((80,264) (95,279) (0,0))
((96,264) (111,279) (0,0))
((112,264) (127,279) (0,0))
)
9
FabOnDisk: Cell_D_00000 0
FabOnDisk: Cell_D_00000 18518
FabOnDisk: Cell_D_00000 37037
FabOnDisk: Cell_D_00000 55557
FabOnDisk: Cell_D_00000 74075
FabOnDisk: Cell_D_00000 92594
FabOnDisk: Cell_D_00000 111114
FabOnDisk: Cell_D_00000 129632
FabOnDisk: Cell_D_00000 148151

9,9
-2.4575805139601895e-01,-7.4737632270856125e-01,0.0000000000000000e+00,-7.7911705588307970e-13,-1.1920308072478645e+03,-7.7917566065207234e+02,0.0000000000000000e+00,-3.5743524798081907e+00,0.0000000000000000e+00,
-8.7280347999197747e-02,-6.8256135775626237e-01,0.0000000000000000e+00,0.0000000000000000e+00,-4.7767795275824767e+02,-3.6411616314903802e+02,0.0000000000000000e+00,-1.9957208184923048e+00,0.0000000000000000e+00,
5.9930933960067559e-02,-6.2660962857526836e-01,9.9999999999978606e-01,3.0950930374571939e-14,-5.6976289917205247e+02,-5.2974656633458676e+02,6.0666260619690604e-02,-1.1249778729527300e+00,1.0000000000000000e+00,
0.0000000000000000e+00,-6.5893129130568417e-01,0.0000000000000000e+00,0.0000000000000000e+00,-6.1250867307201349e+02,-5.4497797958296997e+02,0.0000000000000000e+00,-1.7492476181927744e-02,0.0000000000000000e+00,
-3.3473873824705325e-01,-6.9997818313430893e-01,0.0000000000000000e+00,0.0000000000000000e+00,-4.5235431261398844e+02,-4.6757535850232608e+02,0.0000000000000000e+00,-7.2765277905030024e-01,0.0000000000000000e+00,
-8.9305477387375376e-01,-7.3623732120893393e-01,9.9999999999976630e-01,9.7998289352239746e-14,-5.5234214942128153e+02,-5.6856909948592249e+02,7.0576899644533810e+01,-1.1160206779433899e+00,1.0000000000000000e+00,
-2.4575805139579632e-01,-2.2109791105814322e-01,0.0000000000000000e+00,-8.2232504106366387e-13,-1.1920308071730931e+03,-4.5180278840214430e+02,0.0000000000000000e+00,-3.5743524792985957e+00,0.0000000000000000e+00,
-8.7280347999207752e-02,-9.4090995705247496e-02,0.0000000000000000e+00,0.0000000000000000e+00,-4.7767795275832088e+02,-1.5638471073987921e+02,0.0000000000000000e+00,-1.9957208180825834e+00,0.0000000000000000e+00,
5.9930933960121106e-02,-8.1720612802399606e-01,9.9999999999982947e-01,2.6164055674973304e-14,-5.6976289917198562e+02,-1.8703144175989178e+02,6.0666260675468209e-02,-1.1249778729526954e+00,1.0000000000000000e+00,

9,9
1.4761320363805768e+00,2.2109791105963936e-01,1.0000000000000735e+00,1.5113702033700467e-12,8.7096959044707262e+01,4.5180278841214874e+02,1.1488506563244098e+04,4.9833477980675811e-01,1.0000000000000000e+00,
1.4942976578430598e+00,9.4090995705215036e-02,1.0000000000002329e+00,6.5732842360220733e-13,2.2492796748785315e+02,1.5638471068928936e+02,3.5447382182484516e+03,5.9114235736364862e-01,1.0000000000000000e+00,
1.5066681471405696e+00,8.1720612802401782e-01,1.0000000000002394e+00,1.1907164872668889e-13,9.1589155402639278e+02,1.8703144175986904e+02,2.3143035772677899e+03,-1.7589429693424311e-01,1.0000000000000000e+00,
5.6123275334862799e-01,6.5893129130565797e-01,1.0000000000000475e+00,9.1636750521163109e-13,1.2386951437281795e+02,5.4497797958281308e+02,2.2326779664296987e+03,6.1867900336537296e-01,1.0000000000000000e+00,
0.0000000000000000e+00,6.9997818313440541e-01,1.0000000000002294e+00,1.1066929635885970e-13,8.9539228959452231e+01,4.6757535850235905e+02,2.9486674247836049e+03,1.0165187227706252e+00,1.0000000000000000e+00,
3.6996089728103371e-01,7.3623732120891561e-01,1.0000000000000722e+00,1.1924985046038060e-13,9.1429349518707534e+02,5.6856909948597126e+02,2.3627744015409608e+03,2.0516720747673536e-02,1.0000000000000000e+00,
1.4761320363806003e+00,7.4737632270852972e-01,1.0000000000001799e+00,1.5736522483389189e-12,8.7096959044780476e+01,7.7917566065474853e+02,1.1488506563216419e+04,4.9833477973166079e-01,1.0000000000000000e+00,
1.4942976578430154e+00,6.8256135775634685e-01,1.0000000000003508e+00,6.8570184328377755e-13,2.2492796742480255e+02,3.6411616314910270e+02,3.5447382182486313e+03,5.9114235769023837e-01,1.0000000000000000e+00,
1.5066681471405499e+00,6.2660962857525004e-01,1.0000000000001950e+00,1.1913692704522512e-13,9.1589155402661891e+02,5.2974656633464826e+02,2.3143035772677281e+03,-1.7589429693424422e-01,1.0000000000000000e+00,

