1
1
9
0
(64 0
((0,0) (15,15) (0,0))
((16,0) (31,15) (0,0))
((32,0) (47,15) (0,0))
((48,0) (63,15) (0,0))
((64,0) (79,15) (0,0))
((80,0) (95,15) (0,0))
((96,0) (111,15) (0,0))
((112,0) (127,15) (0,0))
((0,16) (15,31) (0,0))
((16,16) (31,31) (0,0))
((32,16) (47,31) (0,0))
((48,16) (63,31) (0,0))
((64,16) (79,31) (0,0))
((80,16) (95,31) (0,0))
((96,16) (111,31) (0,0))
((112,16) (127,31) (0,0))
((0,32) (15,47) (0,0))
((16,32) (31,47) (0,0))
((32,32) (47,47) (0,0))
((48,32) (63,47) (0,0))
((64,32) (79,47) (0,0))
((80,32) (95,47) (0,0))
((96,32) (111,47) (0,0))
((112,32) (127,47) (0,0))
((0,48) (15,63) (0,0))
((16,48) (31,63) (0,0))
((32,48) (47,63) (0,0))
((48,48) (63,63) (0,0))
((64,48) (79,63) (0,0))
((80,48) (95,63) (0,0))
((96,48) (111,63) (0,0))
((112,48) (127,63) (0,0))
((0,64) (15,79) (0,0))
((16,64) (31,79) (0,0))
((32,64) (47,79) (0,0))
((48,64) (63,79) (0,0))
((64,64) (79,79) (0,0))
((80,64) (95,79) (0,0))
((96,64) (111,79) (0,0))
((112,64) (127,79) (0,0))
((0,80) (15,95) (0,0))
((16,80) (31,95) (0,0))
((32,80) (47,95) (0,0))
((48,80) (63,95) (0,0))
((64,80) (79,95) (0,0))
((80,80) (95,95) (0,0))
((96,80) (111,95) (0,0))
((112,80) (127,95) (0,0))
((0,96) (15,111) (0,0))
((16,96) (31,111) (0,0))
((32,96) (47,111) (0,0))
((48,96) (63,111) (0,0))
((64,96) (79,111) (0,0))
((80,96) (95,111) (0,0))
((96,96) (111,111) (0,0))
((112,96) (127,111) (0,0))
((0,112) (15,127) (0,0))
((16,112) (31,127) (0,0))
((32,112) (47,127) (0,0))
((48,112) (63,127) (0,0))
((64,112) (79,127) (0,0))
((80,112) (95,127) (0,0))
((96,112) (111,127) (0,0))
((112,112) (127,127) (0,0))
)
64
FabOnDisk: Cell_D_00000 0
FabOnDisk: Cell_D_00000 18514
FabOnDisk: Cell_D_00000 37029
FabOnDisk: Cell_D_00000 55544
FabOnDisk: Cell_D_00000 74059
FabOnDisk: Cell_D_00000 92574
FabOnDisk: Cell_D_00000 111089
FabOnDisk: Cell_D_00000 129605
FabOnDisk: Cell_D_00000 148122
FabOnDisk: Cell_D_00000 166637
FabOnDisk: Cell_D_00000 185153
FabOnDisk: Cell_D_00000 203669
FabOnDisk: Cell_D_00000 222185
FabOnDisk: Cell_D_00000 240701
FabOnDisk: Cell_D_00000 259217
FabOnDisk: Cell_D_00000 277734
FabOnDisk: Cell_D_00000 296252
FabOnDisk: Cell_D_00000 314767
FabOnDisk: Cell_D_00000 333283
FabOnDisk: Cell_D_00000 351799
FabOnDisk: Cell_D_00000 370315
FabOnDisk: Cell_D_00000 388831
FabOnDisk: Cell_D_00000 407347
FabOnDisk: Cell_D_00000 425864
FabOnDisk: Cell_D_00000 444382
FabOnDisk: Cell_D_00000 462897
FabOnDisk: Cell_D_00000 481413
FabOnDisk: Cell_D_00000 499929
FabOnDisk: Cell_D_00000 518445
FabOnDisk: Cell_D_00000 536961
FabOnDisk: Cell_D_00000 555477
FabOnDisk: Cell_D_00000 573994
FabOnDisk: Cell_D_00000 592512
FabOnDisk: Cell_D_00000 611027
FabOnDisk: Cell_D_00000 629543
FabOnDisk: Cell_D_00000 648059
FabOnDisk: Cell_D_00000 666575
FabOnDisk: Cell_D_00000 685091
FabOnDisk: Cell_D_00000 703607
FabOnDisk: Cell_D_00000 722124
FabOnDisk: Cell_D_00000 740642
FabOnDisk: Cell_D_00000 759157
FabOnDisk: Cell_D_00000 777673
FabOnDisk: Cell_D_00000 796189
FabOnDisk: Cell_D_00000 814705
FabOnDisk: Cell_D_00000 833221
FabOnDisk: Cell_D_00000 851737
FabOnDisk: Cell_D_00000 870254
FabOnDisk: Cell_D_00000 888772
FabOnDisk: Cell_D_00000 907288
FabOnDisk: Cell_D_00000 925805
FabOnDisk: Cell_D_00000 944322
FabOnDisk: Cell_D_00000 962839
FabOnDisk: Cell_D_00000 981356
FabOnDisk: Cell_D_00000 999873
FabOnDisk: Cell_D_00000 1018391
FabOnDisk: Cell_D_00000 1036910
FabOnDisk: Cell_D_00000 1055427
FabOnDisk: Cell_D_00000 1073945
FabOnDisk: Cell_D_00000 1092463
FabOnDisk: Cell_D_00000 1110981
FabOnDisk: Cell_D_00000 1129499
FabOnDisk: Cell_D_00000 1148017
FabOnDisk: Cell_D_00000 1166536

64,9
1.0000034970441265e+00,-5.7887749870831990e-03,9.9999999999998002e-01,8.1448465104244297e-15,-4.8063571735256283e-01,5.4968937323800898e-03,1.8139675199355110e-04,7.1893422342761493e-03,1.0000000000000000e+00,
1.0033711595018453e+00,-4.6969064937340630e-03,9.9999999999998779e-01,3.4402624988019655e-13,-5.1526815572397078e-01,-1.6622129830479165e-01,5.9796773838527092e-05,3.2384975652766561e-03,1.0000000000000000e+00,
1.0054083855665674e+00,-4.5704108302940891e-04,9.9999999999998923e-01,6.8045895160149074e-13,-3.8420086308806550e-01,-1.9515981508122099e-01,7.3563416979043755e-07,7.6801634457775495e-04,1.0000000000000000e+00,
1.0032765618975732e+00,5.2008019512778269e-05,9.9999999999999123e-01,9.8802639538621911e-13,-1.5488324484139962e-01,-1.4877638625871720e-01,4.3679360010656296e-07,1.4838339493497655e-04,1.0000000000000000e+00,
1.0015850527134553e+00,3.9628939094495290e-05,9.9999999999999412e-01,1.2582214474072322e-12,-5.2885080027896443e-02,-5.4430388689606334e-02,7.6330846066042200e-06,3.5264630492527876e-05,1.0000000000000000e+00,
1.0007466674821495e+00,2.1081731665680933e-05,9.9999999999999445e-01,1.4803126985933421e-12,-1.4836772044109768e-02,-1.4827489981753206e-02,4.7334992837270301e-08,1.1919918522928523e-05,1.0000000000000000e+00,
1.0003693235774545e+00,9.4924944434370178e-06,9.9999999999999356e-01,1.6454050972648289e-12,-3.9734009114171312e-03,-3.7351835097033329e-03,1.0552989998134296e-06,4.8264660969883698e-06,1.0000000000000000e+00,
1.0002286119137727e+00,2.3323822486454369e-06,9.9999999999996880e-01,1.7466537409296215e-12,-5.0098638596904705e-03,-9.3832986569213929e-04,3.9526741147733260e-07,1.1175322750938811e-06,1.0000000000000000e+00,
1.0000065080298968e+00,-1.7709700046883367e-02,9.9999999999994227e-01,7.9382161753989464e-15,-1.5772110873456062e+00,1.9686871290880426e-01,2.2244424479504754e-03,8.1641807746993915e-03,1.0000000000000000e+00,
1.0051152576403297e+00,-1.3633920041667009e-02,9.9999999999999434e-01,3.4809911145765342e-13,-1.6024365873571069e+00,-9.2834338616500911e-01,2.3693997336675029e-04,-1.2103956231492791e-03,1.0000000000000000e+00,
1.0060397421228051e+00,-4.3258112155027253e-04,9.9999999999999445e-01,6.8359729558482219e-13,-4.6111092895657757e-01,-9.1766912712665860e-01,2.5937496786650194e-06,-2.2888088829778582e-03,1.0000000000000000e+00,
1.0017167778764113e+00,2.0981304368598323e-03,9.9999999999999500e-01,9.9018423384881907e-13,-1.0546029247599895e-01,-2.8672912634386072e-01,5.2974559183738279e-06,-1.6064050888373771e-03,1.0000000000000000e+00,
1.0004014667655190e+00,1.2808602982179963e-03,9.9999999999999623e-01,1.2596088032040189e-12,-1.7048653639760557e-02,-6.3513796559934624e-02,4.2263198357650467e-07,-4.4676209074313427e-04,1.0000000000000000e+00,
1.0000982017645375e+00,6.5014629860068616e-04,9.9999999999999700e-01,1.4811600628512320e-12,-2.7084958090969327e-03,-1.5573179020102884e-02,2.8632774450032539e-08,-9.8624913411432329e-05,1.0000000000000000e+00,
1.0000277872542820e+00,2.8642309262838506e-04,9.9999999999999623e-01,1.6459136667947348e-12,-7.3861507008307333e-04,-3.8479640295104719e-03,2.2925789057437473e-05,-2.0532596045121851e-05,1.0000000000000000e+00,
1.0000114580912849e+00,6.9873537548727536e-05,9.9999999999999356e-01,1.7469725917790702e-12,-3.3970078362771270e-03,-9.7663499497693427e-04,9.7224899485437444e-08,-3.9466749544147525e-06,1.0000000000000000e+00,
1.0000224018001773e+00,-4.8235778973775546e-02,9.9999999999993916e-01,7.6061186386959988e-15,-8.2392464912722208e+00,4.7914888748923773e-01,6.4720421890929192e-04,1.1411496684287262e-02,1.0000000000000000e+00,
1.0131628777525528e+00,-4.6154090548366708e-02,9.9999999999999400e-01,3.4518135580270413e-13,-9.5599773833348873e+00,-8.8364530638883352e+00,1.2726514376504294e-04,-3.0754845757733983e-02,1.0000000000000000e+00,
9.9830922620734819e-01,2.7205887791618595e-03,9.9999999999999623e-01,6.8500950265764380e-13,-4.1839611284685557e-01,-4.4283302817715366e+00,7.9929894848326799e-05,-2.4441873164619113e-02,1.0000000000000000e+00,
9.9658677696934839e-01,4.5885016713327568e-03,9.9999999999999811e-01,9.9189304462121896e-13,5.7423909467095857e-02,-2.8619723383026835e-01,1.2439375082773374e-05,-3.0146815029943141e-03,1.0000000000000000e+00,
9.9718589306171002e-01,1.9850586836079268e-03,9.9999999999999867e-01,1.2607521671906808e-12,6.6739644332638268e-03,-3.6075052114234972e-02,9.7405407618184059e-06,-5.3027413256915928e-04,1.0000000000000000e+00,
9.9857048960040717e-01,7.9622863638887991e-04,9.9999999999999889e-01,1.4818161473530582e-12,1.3626589684913220e-03,-4.9730435978188100e-03,7.8491357171153742e-05,-1.0716683527836038e-04,1.0000000000000000e+00,
9.9932216201745749e-01,3.1649493630865394e-04,9.9999999999999867e-01,1.6463068870639307e-12,4.4910725989174394e-04,-1.2224015429582260e-03,4.5210098401863436e-05,-2.2841034336571300e-05,1.0000000000000000e+00,
9.9966202718123509e-01,7.4700028657260809e-05,9.9999999999999833e-01,1.7472409141235961e-12,-2.6811113484236169e-04,-4.6639840341466932e-04,1.6357436621351751e-06,-5.3465014419085013e-06,1.0000000000000000e+00,
8.3539319499100340e-01,-1.2348091928169815e-01,9.9999999999994804e-01,7.1247571184969762e-15,-1.5706749054509675e+01,4.7893039444402735e-01,8.1992231967045748e-04,2.3174650126133782e-02,1.0000000000000000e+00,
-1.9661488732866020e-01,-6.8240351972446200e-01,0.0000000000000000e+00,0.0000000000000000e+00,-7.1352089434230800e+02,-4.9421798955272470e+02,0.0000000000000000e+00,-7.3807719851981202e-01,0.0000000000000000e+00,
7.1624542018750459e-01,1.3350111079253729e-03,9.9999999999999756e-01,6.8996703375374307e-13,-3.4831140965255180e+01,-4.9843157462266952e+00,1.1094813131551362e-04,-4.2971053629279221e-02,1.0000000000000000e+00,
9.7625310228640072e-01,2.4251727293325462e-04,9.9999999999999944e-01,9.9539374894958988e-13,-1.1069224009275871e+00,8.6717343510016049e-03,2.2881532209697956e-04,-2.1994187021380359e-03,1.0000000000000000e+00,
9.9337812784420265e-01,7.4920484808994458e-05,9.9999999999999944e-01,1.2623475473417367e-12,-1.1323728455183463e-01,1.1276143733302121e-03,2.7671284140223448e-05,-1.8023979423409947e-04,1.0000000000000000e+00,
9.9751143076424453e-01,2.8287488408936777e-05,9.9999999999999978e-01,1.4826014886095275e-12,-1.6408983094082272e-02,1.7647805424091004e-04,5.8446383515618977e-06,-3.0688301614656809e-05,1.0000000000000000e+00,
9.9893972352863114e-01,1.0971063629415000e-05,9.9999999999999989e-01,1.6467547999690358e-12,-2.3952456951829397e-03,2.5010243790735164e-05,1.8129426962581476e-06,-1.0288617780545230e-05,1.0000000000000000e+00,
9.9949455435858514e-01,2.5695497282872014e-06,9.9999999999999956e-01,1.7475607854421999e-12,-7.7301425569214284e-04,-1.3416978599647974e-04,2.3133995382114783e-07,-4.3293956440709139e-06,1.0000000000000000e+00,
8.3539319499100151e-01,1.4813312413499037e-04,9.9999999999992573e-01,7.1099625619636195e-15,-1.5706749054510112e+01,-4.7154171946827248e+01,8.1992232165914447e-04,2.3174650126119686e-02,1.0000000000000000e+00,
-1.9661488732870455e-01,-5.7931093740442707e-01,0.0000000000000000e+00,0.0000000000000000e+00,-7.1352089434232084e+02,-5.6717748157555434e+02,0.0000000000000000e+00,-7.3807719851979914e-01,0.0000000000000000e+00,
7.1624542018751303e-01,-1.9557128578519040e-01,9.9999999999985867e-01,6.9010330666100340e-13,-3.4831140965253859e+01,-4.9995503887790377e+01,1.1094813041900853e-04,-4.2971053629278805e-02,1.0000000000000000e+00,
9.7625310228640283e-01,-1.7162199239636421e-02,9.9999999999999456e-01,9.9559251421707492e-13,-1.1069224009281342e+00,-9.9425065341439156e-01,2.2881532295254518e-04,-2.1994187021335825e-03,1.0000000000000000e+00,
9.9337812784420210e-01,-5.0058169832687474e-03,9.9999999999999689e-01,1.2625974424682635e-12,-1.1323728455183442e-01,-1.0830289099521329e-01,2.7671284885352233e-05,-1.8023979423175969e-04,1.0000000000000000e+00,
9.9751143076424553e-01,-1.8015443760895375e-03,9.9999999999999745e-01,1.4828937959791947e-12,-1.6408983094079586e-02,-1.6901716772010640e-02,5.8446393342746154e-06,-3.0688301615145825e-05,1.0000000000000000e+00,
9.9893972352863081e-01,-7.2049782528805573e-04,9.9999999999999933e-01,1.6470522545483639e-12,-2.3952456951298186e-03,-2.7708370395555359e-03,1.8129424351348306e-06,-1.0288617781483761e-05,1.0000000000000000e+00,
9.9949455435858514e-01,-2.8365575765808125e-04,1.0000000000000000e+00,1.7478054011024425e-12,-7.7301425790569759e-04,-3.5266452299862144e-04,2.3133961143891090e-07,-4.3293956453667625e-06,1.0000000000000000e+00,
1.0000224018001773e+00,5.5141767843800034e-04,9.9999999999995193e-01,7.3017087284397352e-15,-8.2392464912717855e+00,-5.5999322274067733e+00,6.4720421999175937e-04,1.1411496684271754e-02,1.0000000000000000e+00,
1.0131628777525521e+00,-2.9123688961473580e-02,9.9999999999998257e-01,3.4476322585291508e-13,-9.5599773833329031e+00,-1.6979778688776066e+00,1.2726514132255229e-04,-3.0754845757738149e-02,1.0000000000000000e+00,
9.9830922620734297e-01,-3.3649253630463914e-02,9.9999999999999090e-01,6.8527177949762371e-13,-4.1839611284947986e-01,-4.1030080049621531e-01,7.9929894410135649e-05,-2.4441873164618488e-02,1.0000000000000000e+00,
9.9658677696934583e-01,-1.6312108487930695e-02,9.9999999999999756e-01,9.9226225901269716e-13,5.7423909469105749e-02,-3.8818760352928516e-01,1.2439374891953792e-05,-3.0146815029869437e-03,1.0000000000000000e+00,
9.9718589306170868e-01,-5.3091681248058466e-03,9.9999999999999778e-01,1.2612232366311734e-12,6.6739644334717430e-03,-9.0288928973866076e-02,9.7405414855450401e-06,-5.3027413256668805e-04,1.0000000000000000e+00,
9.9857048960040595e-01,-2.1777579133699454e-03,9.9999999999999811e-01,1.4823721284319937e-12,1.3626589686257398e-03,-1.5938311280882498e-02,7.8491356035256810e-05,-1.0716683527523430e-04,1.0000000000000000e+00,
9.9932216201745749e-01,-9.5172787283099355e-04,9.9999999999999878e-01,1.6469217250906241e-12,4.4910725974649164e-04,-2.6541155897956558e-03,4.5210096832112162e-05,-2.2841034336154990e-05,1.0000000000000000e+00,
9.9966202718123442e-01,-3.9199103149872763e-04,1.0000000000000000e+00,1.7478945076494689e-12,-2.6811113691157639e-04,-3.0907850817673925e-04,1.6357431629034427e-06,-5.3465014432064412e-06,1.0000000000000000e+00,
1.0000065080298963e+00,1.4615358181618862e-04,9.9999999999997158e-01,7.2777825708006386e-15,-1.5772110873404914e+00,-1.6710198333020563e+00,2.2244424492959269e-03,8.1641807746783129e-03,1.0000000000000000e+00,
1.0051152576403284e+00,-1.4050886126948908e-03,9.9999999999998723e-01,3.4719114636061025e-13,-1.6024365873564523e+00,-3.1494558531680528e-01,2.3693997411285486e-04,-1.2103956231505608e-03,1.0000000000000000e+00,
1.0060397421228027e+00,-7.0229827254663880e-03,9.9999999999999001e-01,6.8393807905964009e-13,-4.6111092895943351e-01,1.6714376756323548e-01,2.5937521512531259e-06,-2.2888088829717858e-03,1.0000000000000000e+00,
1.0017167778764078e+00,-6.9074786006800577e-03,9.9999999999999190e-01,9.9066804505455242e-13,-1.0546029247425952e-01,4.7073552720351283e-02,5.2974573786640500e-06,-1.6064050888326114e-03,1.0000000000000000e+00,
1.0004014667655181e+00,-4.2587412866804449e-03,9.9999999999999556e-01,1.2602299238495417e-12,-1.7048653640047193e-02,7.1373079795405431e-03,4.2263097604910982e-07,-4.4676209073836915e-04,1.0000000000000000e+00,
1.0000982017645377e+00,-2.0666247611540564e-03,9.9999999999999789e-01,1.4818876338192625e-12,-2.7084958087045712e-03,1.6602386110834151e-03,2.8633330602378937e-08,-9.8624913407623026e-05,1.0000000000000000e+00,
1.0000277872542835e+00,-9.3906933163455115e-04,9.9999999999999889e-01,1.6467266344185635e-12,-7.3861507380098288e-04,5.6688589707660781e-04,2.2925788533030567e-05,-2.0532596044304207e-05,1.0000000000000000e+00,
1.0000114580912860e+00,-3.9026256007565561e-04,1.0000000000000000e+00,1.7478344961734756e-12,-3.3970078348530735e-03,9.1657475673710307e-05,9.7226552481753659e-08,-3.9466749539962216e-06,1.0000000000000000e+00,
1.0000034970441267e+00,3.4966147988975168e-06,9.9999999999986144e-01,7.2198943886053001e-15,-4.8063571735266752e-01,-4.4270026991501432e-01,1.8139674121979074e-04,7.1893422342622516e-03,1.0000000000000000e+00,
1.0033711595018679e+00,3.0314674897187427e-05,9.9999999999990152e-01,3.4609414223290356e-13,-5.1526815571732520e-01,-1.5544824944373456e-01,5.9796764690983259e-05,3.2384975652726337e-03,1.0000000000000000e+00,
1.0054083855665721e+00,-1.9364808568486326e-03,9.9999999999996514e-01,6.8301693469436482e-13,-3.8420086307902723e-01,3.8496587339764774e-03,7.3563511986595928e-07,7.6801634458033589e-04,1.0000000000000000e+00,
1.0032765618975732e+00,-2.1579274717665386e-03,9.9999999999998890e-01,9.8987225142790275e-13,-1.5488324484357829e-01,2.1397706367712733e-03,4.3679633710989527e-07,1.4838339494170413e-04,1.0000000000000000e+00,
1.0015850527134544e+00,-1.9153958681982564e-03,9.9999999999999567e-01,1.2596870062120032e-12,-5.2885080022895818e-02,6.7077802169382590e-04,7.6330873330582652e-06,3.5264630493523513e-05,1.0000000000000000e+00,
1.0007466674821497e+00,-1.1621615983608211e-03,9.9999999999999889e-01,1.4815785786104091e-12,-1.4836772039404280e-02,1.7826095640144352e-04,4.7335194900029187e-08,1.1919918523639126e-05,1.0000000000000000e+00,
1.0003693235774571e+00,-5.8805826039873223e-04,9.9999999999999800e-01,1.6465688874933255e-12,-3.9734009162736171e-03,4.4561115982275693e-05,1.0552999684721766e-06,4.8264660951129254e-06,1.0000000000000000e+00,
1.0002286119137758e+00,-2.5644414154663302e-04,9.9999999999999623e-01,1.7477620343825863e-12,-5.0098638595254680e-03,3.1592353531289921e-06,3.9527126267322474e-07,1.1175322743941336e-06,1.0000000000000000e+00,

64,9
1.0045070555628270e+00,-3.4966147988412742e-06,1.0000000000000415e+00,3.3192789661633251e-13,-1.1597532068855594e-02,4.4270026991442679e-01,2.7858880163881459e+00,1.0714272363586977e-02,1.0000000000000000e+00,
1.0077595719391035e+00,-3.0314674897285547e-05,1.0000000000000551e+00,6.6659704434167488e-13,-3.0575983787724043e-01,1.5544824944579944e-01,1.7349912875106507e-03,7.7410475753712819e-03,1.0000000000000000e+00,
1.0077583946622670e+00,1.9364808568470705e-03,1.0000000000000506e+00,9.7356582515891952e-13,-1.2369515479934681e-01,-3.8496587345397747e-03,1.4485856800733939e-03,3.7046110322610376e-03,1.0000000000000000e+00,
1.0057928899318425e+00,2.1579274717647245e-03,1.0000000000000262e+00,1.2449110961940235e-12,-2.3726430827959062e-02,-2.1397706377473697e-03,2.3518204595552455e-03,1.3893756270467769e-03,1.0000000000000000e+00,
1.0034075650583776e+00,1.9153958681965369e-03,1.0000000000000298e+00,1.4693802978392363e-12,-4.3954656102019405e-03,-6.7077802074312696e-04,2.9523979755176344e-04,4.1721515082604921e-04,1.0000000000000000e+00,
1.0018441900368695e+00,1.1621615983608362e-03,1.0000000000000431e+00,1.6377120273033196e-12,-1.1413247470249336e-03,-1.7826095589330913e-04,2.6603074521966007e-04,1.1485691526756760e-04,1.0000000000000000e+00,
1.0009275219977594e+00,5.8805826039832099e-04,1.0000000000000637e+00,1.7427850812402377e-12,-4.2625635024315188e-04,-4.4561114108641355e-05,1.8066121388816601e-04,3.2456129874626897e-05,1.0000000000000000e+00,
1.0004777107291780e+00,2.5644414154624921e-04,1.0000000000001124e+00,1.7798491842422769e-12,2.9098865310308111e-04,-3.1592355382012018e-06,3.1896506020153846e-03,9.8623574275026358e-06,1.0000000000000000e+00,
1.0114146828096044e+00,-1.4615358181552083e-04,1.0000000000000224e+00,3.2589511640659694e-13,-2.1373966808786553e-02,1.6710198333016351e+00,8.1101100802162964e+00,2.0056629748315156e-02,1.0000000000000000e+00,
1.0168791947034532e+00,1.4050886126949528e-03,1.0000000000000020e+00,6.6470633917288394e-13,-4.0380901511730621e-01,3.1494558531849071e-01,1.2306386863718613e-02,1.0127526191567007e-02,1.0000000000000000e+00,
1.0153814475671838e+00,7.0229827254657462e-03,9.9999999999999922e-01,9.7356164716618250e-13,1.6438963083579039e-01,-1.6714376756471483e-01,1.3569205006101065e-02,2.8826417452405351e-03,1.0000000000000000e+00,
1.0062994414334110e+00,6.9074786006792831e-03,9.9999999999999900e-01,1.2451560888452965e-12,1.5906075724871011e-01,-4.7073552719858268e-02,5.7955529480895052e-03,5.9777494049981846e-04,1.0000000000000000e+00,
1.0030938403899696e+00,4.2587412866802003e-03,9.9999999999999922e-01,1.4695242089746915e-12,6.4712825930788059e-02,-7.1373079796100379e-03,4.1627617631788405e-04,9.9596763094408680e-05,1.0000000000000000e+00,
1.0014663547857041e+00,2.0666247611534488e-03,9.9999999999999956e-01,1.6377953533246611e-12,1.5272787251030526e-02,-1.6602386104752937e-03,1.1913034709959414e-04,2.3266587567813015e-05,1.0000000000000000e+00,
1.0006845795639643e+00,9.3906933163521761e-04,9.9999999999999944e-01,1.7428764265504920e-12,3.2567218717415073e-03,-5.6688589590474161e-04,8.3361864303133082e-05,8.8757239061236326e-06,1.0000000000000000e+00,
1.0003393446423534e+00,3.9026256007643906e-04,1.0000000000000027e+00,1.7799951954525664e-12,7.1002516146515047e-04,-9.1657477251559758e-05,4.7852153476285421e-03,3.9744160347257683e-06,1.0000000000000000e+00,
1.0299474927005974e+00,-5.5141767843771238e-04,1.0000000000000284e+00,3.2547309784983553e-13,-7.2444462055261921e-02,5.5999322274051888e+00,1.6224137801276115e+01,5.2833789159917675e-02,1.0000000000000000e+00,
1.0627326295484596e+00,2.9123688961472220e-02,1.0000000000000062e+00,6.6896164364178106e-13,3.2371144425522860e+00,1.6979778688770248e+00,2.1937015431423984e-01,1.5878302934452679e-02,1.0000000000000000e+00,
1.0373558674349732e+00,3.3649253630466447e-02,1.0000000000000062e+00,9.7710203258856999e-13,3.7856151188447789e+00,4.1030080049826928e-01,1.9424413979518551e-01,-1.9068884605653905e-03,1.0000000000000000e+00,
1.0060605724108653e+00,1.6312108487930865e-02,1.0000000000000040e+00,1.2468224362329870e-12,6.3554870242183936e-01,3.8818760352884996e-01,8.0019991611224306e-03,-2.7206208604096266e-04,1.0000000000000000e+00,
1.0013870392405266e+00,5.3091681248061667e-03,1.0000000000000000e+00,1.4703433684374165e-12,8.8249730388236317e-02,9.0288928974301727e-02,2.2131196472999215e-03,-4.4755677661228362e-05,1.0000000000000000e+00,
1.0002666461625982e+00,2.1777579133702165e-03,1.0000000000000000e+00,1.6382658344358242e-12,1.6807499432646679e-02,1.5938311282429514e-02,4.4631538872810794e-04,-1.2788885816621945e-05,1.0000000000000000e+00,
1.0000420384511355e+00,9.5172787283147070e-04,1.0000000000000000e+00,1.7431979680501742e-12,3.4717150908365885e-03,2.6541155896993222e-03,1.2634381825029142e-04,-4.7432098760036791e-06,1.0000000000000000e+00,
1.0000018176805223e+00,3.9199103149903581e-04,1.0000000000000047e+00,1.7802807324453452e-12,3.4095308170696875e-03,3.0907850817556333e-04,4.7967164600543587e-03,-6.4363198878810641e-08,1.0000000000000000e+00,
1.0309468374824240e+00,-1.4813312413597919e-04,1.0000000000002118e+00,3.2193484431482819e-13,5.5747863370799294e+01,4.7154171946824086e+01,1.6294067004627834e+01,2.4362718082630874e-01,1.0000000000000000e+00,
1.5897741414124409e+00,5.7931093740444073e-01,1.0000000000001499e+00,7.1006238342775680e-13,4.8269606850776097e+02,5.6717748157550022e+02,2.2344904403622595e+03,4.8632966101874697e-01,1.0000000000000000e+00,
1.0424595068923177e+00,1.9557128578520097e-01,1.0000000000001306e+00,9.8061992462420300e-13,2.8023327038694649e+01,4.9995503887791841e+01,5.6754567643687871e+01,9.7173089301084106e-02,1.0000000000000000e+00,
9.9671440417851676e-01,1.7162199239637788e-02,1.0000000000000071e+00,1.2478788844597466e-12,5.9893122960207379e-01,9.9425065341383534e-01,3.9726790522999489e-02,4.7376270977897306e-03,1.0000000000000000e+00,
9.9838698085370603e-01,5.0058169832686928e-03,1.0000000000000029e+00,1.4708369109414948e-12,3.9395215364946640e-02,1.0830289099526073e-01,2.6205648543019266e-03,5.7721697891331475e-04,1.0000000000000000e+00,
9.9924643164814764e-01,1.8015443760901579e-03,1.0000000000000000e+00,1.6385808342956139e-12,4.1611252976244302e-03,1.6901716772697466e-02,4.5272282108849149e-04,8.1461770665136834e-05,1.0000000000000000e+00,
9.9962918804026157e-01,7.2049782528889642e-04,1.0000000000000000e+00,1.7434544559334915e-12,9.4328312905877999e-04,2.7708370388887923e-03,1.2149148586977285e-04,7.7909194146854289e-06,1.0000000000000000e+00,
9.9977102426882658e-01,2.8365575765892139e-04,1.0000000000000051e+00,1.7805202519243435e-12,4.8489693879467492e-03,3.5266452412011800e-04,3.4238192473982736e-03,-1.1163737626342112e-06,1.0000000000000000e+00,
1.0309468374824184e+00,1.2348091928169862e-01,1.0000000000002995e+00,3.2141071473569405e-13,5.5747863370800530e+01,-4.7893039444574298e-01,1.6294067004627809e+01,2.4362718082630896e-01,1.0000000000000000e+00,
1.5897741414124502e+00,6.8240351972444091e-01,1.0000000000005485e+00,7.2483018320711454e-13,4.8269606850770913e+02,4.9421798955271305e+02,2.2344904403623286e+03,4.8632966101874991e-01,1.0000000000000000e+00,
1.0424595068923104e+00,-1.3350111079234043e-03,1.0000000000000759e+00,9.8062410409959280e-13,2.8023327038692827e+01,4.9843157462275967e+00,5.6754567643680453e+01,9.7173089301083398e-02,1.0000000000000000e+00,
9.9671440417851498e-01,-2.4251727293195623e-04,1.0000000000000027e+00,1.2478851998998931e-12,5.9893122960097389e-01,-8.6717343514754446e-03,3.9726790522046085e-02,4.7376270977901062e-03,1.0000000000000000e+00,
9.9838698085370470e-01,-7.4920484808163796e-05,1.0000000000000004e+00,1.4708600338522657e-12,3.9395215365677090e-02,-1.1276143743868647e-03,2.6205648536600790e-03,5.7721697891329642e-04,1.0000000000000000e+00,
9.9924643164814719e-01,-2.8287488407958376e-05,1.0000000000000004e+00,1.6386357575944431e-12,4.1611252946301977e-03,-1.7647805454613463e-04,4.5272282097608141e-04,8.1461770664845049e-05,1.0000000000000000e+00,
9.9962918804026224e-01,-1.0971063628770640e-05,1.0000000000000000e+00,1.7435640877116856e-12,9.4328313051728183e-04,-2.5010244564522123e-05,1.2149148518689895e-04,7.7909194145635833e-06,1.0000000000000000e+00,
9.9977102426882702e-01,-2.5695497277412464e-06,1.0000000000000051e+00,1.7806499617190675e-12,4.8489693880468879e-03,1.3416978576145938e-04,3.4238192467573041e-03,-1.1163737624938900e-06,1.0000000000000000e+00,
1.0299474927005916e+00,4.8235778973773999e-02,1.0000000000002771e+00,3.2438735784268632e-13,-7.2444462052181913e-02,-4.7914888748847728e-01,1.6224137801275415e+01,5.2833789159900141e-02,1.0000000000000000e+00,
1.0627326295484534e+00,4.6154090548365376e-02,9.9999999999999656e-01,6.6911386541958514e-13,3.2371144425590659e+00,8.8364530638847416e+00,2.1937015431450491e-01,1.5878302934439373e-02,1.0000000000000000e+00,
1.0373558674349668e+00,-2.7205887791619675e-03,1.0000000000000020e+00,9.7730504001900323e-13,3.7856151188445457e+00,4.4283302817719576e+00,1.9424413978777477e-01,-1.9068884605611411e-03,1.0000000000000000e+00,
1.0060605724108640e+00,-4.5885016713332963e-03,1.0000000000000000e+00,1.2470868184857742e-12,6.3554870241867345e-01,2.8619723382913914e-01,8.0019991629459719e-03,-2.7206208603850602e-04,1.0000000000000000e+00,
1.0013870392405269e+00,-1.9850586836071349e-03,9.9999999999999944e-01,1.4706547291443020e-12,8.8249730388519743e-02,3.6075052114455490e-02,2.2131196478113180e-03,-4.4755677660477694e-05,1.0000000000000000e+00,
1.0002666461625973e+00,-7.9622863638788006e-04,9.9999999999999978e-01,1.6386083258245111e-12,1.6807499432081336e-02,4.9730435983311302e-03,4.4631538875048588e-04,-1.2788885818517947e-05,1.0000000000000000e+00,
1.0000420384511348e+00,-3.1649493630788020e-04,1.0000000000000000e+00,1.7435723400422523e-12,3.4717150911872030e-03,1.2224015435770416e-03,1.2634381953051735e-04,-4.7432098757293302e-06,1.0000000000000000e+00,
1.0000018176805239e+00,-7.4700028657293687e-05,1.0000000000000047e+00,1.7806805661729684e-12,3.4095308175857370e-03,4.6639840397195222e-04,4.7967164592529702e-03,-6.4363198550842356e-08,1.0000000000000000e+00,
1.0114146828096024e+00,1.7709700046885490e-02,1.0000000000001676e+00,3.2442497188613295e-13,-2.1373966810783220e-02,-1.9686871290762373e-01,8.1101100802183890e+00,2.0056629748282515e-02,1.0000000000000000e+00,
1.0168791947034510e+00,1.3633920041668765e-02,9.9999999999999600e-01,6.6496589084875891e-13,-4.0380901511454326e-01,9.2834338616602396e-01,1.2306386861399982e-02,1.0127526191553863e-02,1.0000000000000000e+00,
1.0153814475671801e+00,4.3258112154920817e-04,9.9999999999999833e-01,9.7393490032994356e-13,1.6438963083748542e-01,9.1766912712668380e-01,1.3569205007062796e-02,2.8826417452394301e-03,1.0000000000000000e+00,
1.0062994414334094e+00,-2.0981304368608115e-03,9.9999999999999811e-01,1.2456336781215463e-12,1.5906075725015384e-01,2.8672912634223180e-01,5.7955529468085853e-03,5.9777494050392542e-04,1.0000000000000000e+00,
1.0030938403899701e+00,-1.2808602982179059e-03,9.9999999999999878e-01,1.4700853097955420e-12,6.4712825928782511e-02,6.3513796558527860e-02,4.1627617770774450e-04,9.9596763100547162e-05,1.0000000000000000e+00,
1.0014663547857034e+00,-6.5014629860112418e-04,9.9999999999999989e-01,1.6384231756863608e-12,1.5272787255188188e-02,1.5573179019553740e-02,1.1913034794440447e-04,2.3266587568800852e-05,1.0000000000000000e+00,
1.0006845795639656e+00,-2.8642309262864602e-04,1.0000000000000000e+00,1.7435418432328464e-12,3.2567218761936222e-03,3.8479640281439825e-03,8.3361862432667494e-05,8.8757239057005142e-06,1.0000000000000000e+00,
1.0003393446423539e+00,-6.9873537548675806e-05,1.0000000000000033e+00,1.7806786890839560e-12,7.1002516081463025e-04,9.7663499336906028e-04,4.7852153454144165e-03,3.9744160316629598e-06,1.0000000000000000e+00,
1.0045070555628257e+00,5.7887749870853588e-03,1.0000000000005245e+00,3.2484961832231890e-13,-1.1597532074327042e-02,-5.4968937331125334e-03,2.7858880163883089e+00,1.0714272363548979e-02,1.0000000000000000e+00,
1.0077595719391017e+00,4.6969064937361707e-03,1.0000000000004965e+00,6.6394381995329342e-13,-3.0575983787542166e-01,1.6622129830621357e-01,1.7349912854857947e-03,7.7410475753532451e-03,1.0000000000000000e+00,
1.0077583946622648e+00,4.5704108302857554e-04,1.0000000000002169e+00,9.7240838312473031e-13,-1.2369515480091613e-01,1.9515981508010752e-01,1.4485856787189652e-03,3.7046110322512546e-03,1.0000000000000000e+00,
1.0057928899318400e+00,-5.2008019513023610e-05,1.0000000000000622e+00,1.2446363948454315e-12,-2.3726430828352713e-02,1.4877638625796916e-01,2.3518204605253029e-03,1.3893756270481452e-03,1.0000000000000000e+00,
1.0034075650583780e+00,-3.9628939094672746e-05,1.0000000000000122e+00,1.4695904500902803e-12,-4.3954656116618638e-03,5.4430388690193787e-02,2.9523979639140691e-04,4.1721515082924430e-04,1.0000000000000000e+00,
1.0018441900368693e+00,-2.1081731665521007e-05,1.0000000000000182e+00,1.6382169265304145e-12,-1.1413247472447949e-03,1.4827489982162408e-02,2.6603074465153813e-04,1.1485691526748665e-04,1.0000000000000000e+00,
1.0009275219977560e+00,-9.4924944438476509e-06,1.0000000000000258e+00,1.7434807412891058e-12,-4.2625635093072921e-04,3.7351835079112916e-03,1.8066121101165838e-04,3.2456129872666050e-05,1.0000000000000000e+00,
1.0004777107291734e+00,-2.3323822490780543e-06,1.0000000000000255e+00,1.7806597700546564e-12,2.9098864913890132e-04,9.3832986614523616e-04,3.1896506016596037e-03,9.8623574233032531e-06,1.0000000000000000e+00,

