1
1
2
4
(6 0
((32,112) (47,127) (0,0))
((48,112) (63,127) (0,0))
((64,112) (71,127) (0,0))
((32,128) (47,143) (0,0))
((48,128) (63,143) (0,0))
((64,128) (71,143) (0,0))
)
6
FabOnDisk: SD_2_New_MF_D_00000 0
FabOnDisk: SD_2_New_MF_D_00000 9302
FabOnDisk: SD_2_New_MF_D_00000 18604
FabOnDisk: SD_2_New_MF_D_00000 24834
FabOnDisk: SD_2_New_MF_D_00000 34136
FabOnDisk: SD_2_New_MF_D_00000 43438

6,2
-7.3278846531723900e+02,-3.8786955786394049e+02,
-5.5732020218386981e+02,-5.0649471882503104e+02,
-4.3575485784888031e+01,-2.7210273926615493e+01,
-7.3278846531744307e+02,-5.2978839279511806e+02,
-5.5732020218389175e+02,-5.3794261765789838e+02,
-4.3575485784888684e+01,-2.1228487102220819e+02,

6,2
1.0000000000000000e+40,1.0000000000000000e+40,
1.0000000000000000e+40,1.0000000000000000e+40,
3.7698336410180730e+02,2.1228487102223474e+02,
1.0000000000000000e+40,1.0000000000000000e+40,
1.0000000000000000e+40,1.0000000000000000e+40,
3.7698336410179587e+02,2.7210273926602397e+01,

