1
1
8
0
(4 0
((0,248) (63,255) (0,0))
((64,248) (127,255) (0,0))
((128,248) (191,255) (0,0))
((192,248) (255,255) (0,0))
)
4
FabOnDisk: Cell_D_00000 0
FabOnDisk: Cell_D_00001 0
FabOnDisk: Cell_D_00002 0
FabOnDisk: Cell_D_00003 0

4,8
0.0000000000000000e+00,0.0000000000000000e+00,1.0000000000000000e+00,0.0000000000000000e+00,8.1060860164553361e-01,-6.5170776017302060e+01,0.0000000000000000e+00,-1.6007617000633489e+00,
0.0000000000000000e+00,0.0000000000000000e+00,1.0000000000000000e+00,0.0000000000000000e+00,9.6314027661166923e-01,-1.1935282073642162e-01,0.0000000000000000e+00,-2.7617220457247288e-01,
0.0000000000000000e+00,0.0000000000000000e+00,1.0000000000000000e+00,0.0000000000000000e+00,9.6314009108405529e-01,3.4062377704403846e-05,0.0000000000000000e+00,-6.0305371655242400e-03,
0.0000000000000000e+00,0.0000000000000000e+00,1.0000000000000000e+00,0.0000000000000000e+00,8.1259939260191594e-01,-1.1633033071861965e+01,0.0000000000000000e+00,2.6386404425332649e-01,

4,8
0.0000000000000000e+00,0.0000000000000000e+00,1.0000000000000000e+00,0.0000000000000000e+00,7.5633925538803211e+01,1.2050616362513580e+01,1.2800000000000000e+02,-2.7969063881760159e-01,
0.0000000000000000e+00,0.0000000000000000e+00,1.0000000000000000e+00,0.0000000000000000e+00,1.3543169893541638e+00,-3.4492349763076691e-05,1.2800000000000000e+02,-9.7928035086799516e-03,
0.0000000000000000e+00,0.0000000000000000e+00,1.0000000000000000e+00,0.0000000000000000e+00,1.3542732388205154e+00,1.1932381419858640e-01,1.2800000000000000e+02,2.6034515214509329e-01,
0.0000000000000000e+00,0.0000000000000000e+00,1.0000000000000000e+00,0.0000000000000000e+00,7.6210045713570935e+01,6.5240211454045465e+01,1.2800000000000000e+02,1.5869350281520429e+00,

