1
1
8
0
(4 0
((0,0) (31,31) (0,0))
((32,0) (63,31) (0,0))
((0,32) (31,63) (0,0))
((32,32) (63,63) (0,0))
)
4
FabOnDisk: Cell_D_00000 0
FabOnDisk: Cell_D_00001 0
FabOnDisk: Cell_D_00002 0
FabOnDisk: Cell_D_00003 0

4,8
0.0000000000000000e+00,0.0000000000000000e+00,1.0000000000000000e+00,0.0000000000000000e+00,3.4718319382191498e-03,-3.3373180102497624e-01,0.0000000000000000e+00,-1.1956132374877754e-01,
0.0000000000000000e+00,0.0000000000000000e+00,1.0000000000000000e+00,0.0000000000000000e+00,3.4720665301229414e-03,8.3338797052016911e-05,0.0000000000000000e+00,-5.6832946850629527e-03,
0.0000000000000000e+00,0.0000000000000000e+00,1.0000000000000000e+00,0.0000000000000000e+00,1.0098067027244251e-02,-1.4325227072550849e+01,0.0000000000000000e+00,-1.1080002976565342e+00,
0.0000000000000000e+00,0.0000000000000000e+00,1.0000000000000000e+00,0.0000000000000000e+00,1.0101788079523222e-02,4.1785265564662789e-04,0.0000000000000000e+00,-4.0571234967672048e-03,

4,8
0.0000000000000000e+00,0.0000000000000000e+00,1.0000000000000000e+00,0.0000000000000000e+00,3.3686419311065491e-01,-8.3568520741636454e-05,0.0000000000000000e+00,-7.9070877482331596e-03,
0.0000000000000000e+00,0.0000000000000000e+00,1.0000000000000000e+00,0.0000000000000000e+00,3.3686610991393057e-01,3.3378938157228155e-01,0.0000000000000000e+00,1.0598031656710719e-01,
0.0000000000000000e+00,0.0000000000000000e+00,1.0000000000000000e+00,0.0000000000000000e+00,2.0755401641330195e+01,-4.6003924888114375e-04,3.2000000000000000e+01,-9.5411021270468844e-03,
0.0000000000000000e+00,0.0000000000000000e+00,1.0000000000000000e+00,0.0000000000000000e+00,2.2438543554668406e+01,1.4838711051286371e+01,3.2000000000000000e+01,1.1092374787857149e+00,

