1
1
4
4
(6 0
((32,112) (47,127) (0,0))
((48,112) (63,127) (0,0))
((64,112) (71,127) (0,0))
((32,128) (47,143) (0,0))
((48,128) (63,143) (0,0))
((64,128) (71,143) (0,0))
)
6
FabOnDisk: SD_0_New_MF_D_00000 0
FabOnDisk: SD_0_New_MF_D_00000 18518
FabOnDisk: SD_0_New_MF_D_00000 37036
FabOnDisk: SD_0_New_MF_D_00000 49410
FabOnDisk: SD_0_New_MF_D_00000 67928
FabOnDisk: SD_0_New_MF_D_00000 86446

6,4
2.9225949725206157e-02,-7.3787837404060486e-01,9.9999999999914613e-01,-2.3139923222713812e-12,
-8.6990595408967308e-01,-6.8948282004244221e-01,9.9999999999903499e-01,-7.3623425665120829e-14,
-8.6262600269628106e-03,1.9436120398734068e-02,9.9999999999981570e-01,6.1888362225342479e-14,
2.9225949725202642e-02,1.5037009630556201e-02,9.9999999999926226e-01,-2.4364366581726484e-12,
-8.6990595408958937e-01,-8.1184153521600755e-01,9.9999999999930855e-01,-8.3079445401088252e-14,
-8.6262600269467488e-03,-6.5083400179758377e-01,9.9999999999993383e-01,5.7718202464992623e-14,

6,4
1.0000000000000000e+40,1.0000000000000000e+40,1.0000000000000000e+40,1.0000000000000000e+40,
1.0000000000000000e+40,1.0000000000000000e+40,1.0000000000000000e+40,1.0000000000000000e+40,
1.1159811408931832e+00,6.5083400179759432e-01,1.0000000000001448e+00,1.2864009726353470e-13,
1.0000000000000000e+40,1.0000000000000000e+40,1.0000000000000000e+40,1.0000000000000000e+40,
1.0000000000000000e+40,1.0000000000000000e+40,1.0000000000000000e+40,1.0000000000000000e+40,
1.1159811408931772e+00,-1.9436120398745489e-02,1.0000000000001383e+00,1.2872474321754274e-13,

