1
1
1
1
(6 0
((32,112) (48,128) (1,1))
((48,112) (64,128) (1,1))
((64,112) (72,128) (1,1))
((32,128) (48,144) (1,1))
((48,128) (64,144) (1,1))
((64,128) (72,144) (1,1))
)
6
FabOnDisk: SD_1_Old_MF_D_00000 0
FabOnDisk: SD_1_Old_MF_D_00000 2974
FabOnDisk: SD_1_Old_MF_D_00000 5948
FabOnDisk: SD_1_Old_MF_D_00000 7706
FabOnDisk: SD_1_Old_MF_D_00000 10680
FabOnDisk: SD_1_Old_MF_D_00000 13654

6,1
-7.9945072844690002e-01,
-1.1295410205421046e+00,
-2.0791559302500504e-01,
-7.9945072844701426e-01,
-1.1295410205420791e+00,
-2.0791559302497367e-01,

6,1
6.2445063687863156e-01,
5.7075258269310855e-02,
1.6483137274647691e-01,
6.2445063687863156e-01,
5.7075258269310855e-02,
1.6483137274647691e-01,

