1
1
9
0
(9 0
((32,104) (47,119) (0,0))
((48,104) (63,119) (0,0))
((64,104) (79,119) (0,0))
((32,120) (47,135) (0,0))
((48,120) (63,135) (0,0))
((64,120) (79,135) (0,0))
((32,136) (47,151) (0,0))
((48,136) (63,151) (0,0))
((64,136) (79,151) (0,0))
)
9
FabOnDisk: Cell_D_00000 0
FabOnDisk: Cell_D_00000 18518
FabOnDisk: Cell_D_00000 37036
FabOnDisk: Cell_D_00000 55554
FabOnDisk: Cell_D_00000 74072
FabOnDisk: Cell_D_00000 92590
FabOnDisk: Cell_D_00000 111108
FabOnDisk: Cell_D_00000 129626
FabOnDisk: Cell_D_00000 148144

9,9
9.8786485263602009e-01,-4.4210200440132741e-01,9.9999033984413188e-01,8.7319584012101141e-13,-3.9610194496101150e+06,-1.5143085805504508e+06,8.9538276491281654e-01,-1.9097862013160102e+02,1.0000000000000000e+00,
9.5958437839569133e-01,-8.6536977397506223e-02,9.9973906877115537e-01,1.3740382265497863e-12,-3.8282753640828105e+06,-1.0014650213880554e+06,1.5744204101779236e+00,-3.0165440198123838e+02,1.0000000000000000e+00,
2.6587644001248983e-01,-3.9476617065849268e-01,9.9999999348056245e-01,1.8240960284020537e-12,-2.2822013416295132e+05,-1.1408729834168014e+05,6.3625159385559682e-01,-3.2280074200985899e+02,1.0000000000000000e+00,
0.0000000000000000e+00,-7.1762005527223616e-01,0.0000000000000000e+00,0.0000000000000000e+00,-3.9509437377975327e+06,-2.5687599194793912e+05,0.0000000000000000e+00,-2.2923283417311214e+02,0.0000000000000000e+00,
-5.9128303625286720e-03,-1.2412073992533068e+00,0.0000000000000000e+00,0.0000000000000000e+00,-3.9892598648685175e+06,-3.8226392186690035e+05,0.0000000000000000e+00,-3.0070290540572466e+02,0.0000000000000000e+00,
1.0963350672735759e+00,-3.7376276315769236e-01,9.9999999999830380e-01,1.8653824674483124e-12,-2.3261873791325375e+05,-2.6800537920679548e+04,4.2094032453121599e-01,-3.2830412407674737e+02,1.0000000000000000e+00,
9.8066748082487820e-01,-4.7669358482191349e-01,9.9999999999404610e-01,8.7650723394476893e-13,-3.8940985173611864e+06,-1.0021866225140278e+06,1.6522615615718106e+00,-2.2908745085138275e+02,1.0000000000000000e+00,
1.0374742968204145e+00,-1.4970546643580125e+00,9.9999999999483458e-01,1.3847425637741908e-12,-3.9182965066787880e+06,-1.6570770556739813e+06,1.0568621022296831e+00,-2.3807324102292341e+02,1.0000000000000000e+00,
4.2990472363685694e-01,-1.4982561945413913e+00,9.9999999999901024e-01,1.8393690381022512e-12,-2.2699177888423204e+05,-4.2637597743706734e+04,1.9087688496992605e-01,-2.6023892377925262e+02,1.0000000000000000e+00,

9,9
2.2080233166929304e+00,5.9678964529000755e-01,1.0000111745622573e+00,1.3447184058597707e-12,1.1261913538212053e+05,9.5994119365364173e+05,1.8100466474780874e+03,-1.8271756220218265e+00,1.0000000000000000e+00,
2.5162978186594622e+00,1.6420417862257466e+00,1.0002970721475226e+00,1.8380604701441071e-12,7.7884057113816772e+04,1.5020928633873835e+06,1.8985463419194159e+03,1.2902542079374761e+01,1.0000000000000000e+00,
1.9232737181215482e+00,1.7043860706517826e+00,1.0000000000027258e+00,2.2234637770947691e-12,-7.9164623268196752e+04,3.4440451722695230e+04,4.4649606769280581e+03,5.9179672527174354e+00,1.0000000000000000e+00,
2.0985095564643661e+00,9.0781608782936773e-01,1.0001371710019107e+00,1.3423009303258042e-12,5.3964693037464909e+04,3.3838393887612986e+05,4.9131431392066452e+03,3.9981020765570520e+02,1.0000000000000000e+00,
2.7351900620890786e+00,1.2812624490746374e+00,1.0000002157246830e+00,1.8594997088287585e-12,6.7316259309357018e+04,3.3781759077434172e+05,6.2856399900283104e+03,3.1799122090467876e+02,1.0000000000000000e+00,
1.7374013436573195e+00,4.2825297875667429e-01,1.0000000000034199e+00,2.2304000468203027e-12,-1.6056956236304314e+05,2.0258559285417687e+04,6.1448832466051147e+02,1.8672655287161035e+00,1.0000000000000000e+00,
2.1254789603245752e+00,6.1716570200397103e-01,1.0000000000029809e+00,1.3561433382885839e-12,7.8989841544785770e+04,1.0858502890864364e+06,1.9679831863982397e+03,-1.9669255472237055e+01,1.0000000000000000e+00,
2.4755111115683959e+00,1.6171291030460269e-01,1.0000000000008809e+00,1.8439675493576362e-12,1.1113013277092751e+05,8.9909229451236816e+05,2.0815253546385525e+03,-2.1032969866168898e+00,1.0000000000000000e+00,
2.0296221734844067e+00,5.4917089852226730e-01,1.0000000000004392e+00,2.2301452844798003e-12,-7.5012143016043367e+04,1.1345001098647731e+05,4.6663439589863156e+03,3.2330831904600217e+00,1.0000000000000000e+00,

