1
1
1
1
(64 0
((0,0) (16,16) (1,1))
((16,0) (32,16) (1,1))
((32,0) (48,16) (1,1))
((48,0) (64,16) (1,1))
((64,0) (80,16) (1,1))
((80,0) (96,16) (1,1))
((96,0) (112,16) (1,1))
((112,0) (128,16) (1,1))
((0,16) (16,32) (1,1))
((16,16) (32,32) (1,1))
((32,16) (48,32) (1,1))
((48,16) (64,32) (1,1))
((64,16) (80,32) (1,1))
((80,16) (96,32) (1,1))
((96,16) (112,32) (1,1))
((112,16) (128,32) (1,1))
((0,32) (16,48) (1,1))
((16,32) (32,48) (1,1))
((32,32) (48,48) (1,1))
((48,32) (64,48) (1,1))
((64,32) (80,48) (1,1))
((80,32) (96,48) (1,1))
((96,32) (112,48) (1,1))
((112,32) (128,48) (1,1))
((0,48) (16,64) (1,1))
((16,48) (32,64) (1,1))
((32,48) (48,64) (1,1))
((48,48) (64,64) (1,1))
((64,48) (80,64) (1,1))
((80,48) (96,64) (1,1))
((96,48) (112,64) (1,1))
((112,48) (128,64) (1,1))
((0,64) (16,80) (1,1))
((16,64) (32,80) (1,1))
((32,64) (48,80) (1,1))
((48,64) (64,80) (1,1))
((64,64) (80,80) (1,1))
((80,64) (96,80) (1,1))
((96,64) (112,80) (1,1))
((112,64) (128,80) (1,1))
((0,80) (16,96) (1,1))
((16,80) (32,96) (1,1))
((32,80) (48,96) (1,1))
((48,80) (64,96) (1,1))
((64,80) (80,96) (1,1))
((80,80) (96,96) (1,1))
((96,80) (112,96) (1,1))
((112,80) (128,96) (1,1))
((0,96) (16,112) (1,1))
((16,96) (32,112) (1,1))
((32,96) (48,112) (1,1))
((48,96) (64,112) (1,1))
((64,96) (80,112) (1,1))
((80,96) (96,112) (1,1))
((96,96) (112,112) (1,1))
((112,96) (128,112) (1,1))
((0,112) (16,128) (1,1))
((16,112) (32,128) (1,1))
((32,112) (48,128) (1,1))
((48,112) (64,128) (1,1))
((64,112) (80,128) (1,1))
((80,112) (96,128) (1,1))
((96,112) (112,128) (1,1))
((112,112) (128,128) (1,1))
)
64
FabOnDisk: SD_1_New_MF_D_00000 0
FabOnDisk: SD_1_New_MF_D_00000 2972
FabOnDisk: SD_1_New_MF_D_00000 5944
FabOnDisk: SD_1_New_MF_D_00000 8916
FabOnDisk: SD_1_New_MF_D_00000 11888
FabOnDisk: SD_1_New_MF_D_00000 14860
FabOnDisk: SD_1_New_MF_D_00000 17832
FabOnDisk: SD_1_New_MF_D_00000 20805
FabOnDisk: SD_1_New_MF_D_00000 23779
FabOnDisk: SD_1_New_MF_D_00000 26751
FabOnDisk: SD_1_New_MF_D_00000 29723
FabOnDisk: SD_1_New_MF_D_00000 32695
FabOnDisk: SD_1_New_MF_D_00000 35667
FabOnDisk: SD_1_New_MF_D_00000 38639
FabOnDisk: SD_1_New_MF_D_00000 41611
FabOnDisk: SD_1_New_MF_D_00000 44584
FabOnDisk: SD_1_New_MF_D_00000 47558
FabOnDisk: SD_1_New_MF_D_00000 50530
FabOnDisk: SD_1_New_MF_D_00000 53502
FabOnDisk: SD_1_New_MF_D_00000 56474
FabOnDisk: SD_1_New_MF_D_00000 59446
FabOnDisk: SD_1_New_MF_D_00000 62418
FabOnDisk: SD_1_New_MF_D_00000 65390
FabOnDisk: SD_1_New_MF_D_00000 68363
FabOnDisk: SD_1_New_MF_D_00000 71337
FabOnDisk: SD_1_New_MF_D_00000 74309
FabOnDisk: SD_1_New_MF_D_00000 77281
FabOnDisk: SD_1_New_MF_D_00000 80253
FabOnDisk: SD_1_New_MF_D_00000 83225
FabOnDisk: SD_1_New_MF_D_00000 86197
FabOnDisk: SD_1_New_MF_D_00000 89169
FabOnDisk: SD_1_New_MF_D_00000 92142
FabOnDisk: SD_1_New_MF_D_00000 95116
FabOnDisk: SD_1_New_MF_D_00000 98088
FabOnDisk: SD_1_New_MF_D_00000 101060
FabOnDisk: SD_1_New_MF_D_00000 104032
FabOnDisk: SD_1_New_MF_D_00000 107004
FabOnDisk: SD_1_New_MF_D_00000 109976
FabOnDisk: SD_1_New_MF_D_00000 112948
FabOnDisk: SD_1_New_MF_D_00000 115921
FabOnDisk: SD_1_New_MF_D_00000 118895
FabOnDisk: SD_1_New_MF_D_00000 121867
FabOnDisk: SD_1_New_MF_D_00000 124839
FabOnDisk: SD_1_New_MF_D_00000 127811
FabOnDisk: SD_1_New_MF_D_00000 130783
FabOnDisk: SD_1_New_MF_D_00000 133755
FabOnDisk: SD_1_New_MF_D_00000 136727
FabOnDisk: SD_1_New_MF_D_00000 139700
FabOnDisk: SD_1_New_MF_D_00000 142674
FabOnDisk: SD_1_New_MF_D_00000 145647
FabOnDisk: SD_1_New_MF_D_00000 148620
FabOnDisk: SD_1_New_MF_D_00000 151593
FabOnDisk: SD_1_New_MF_D_00000 154566
FabOnDisk: SD_1_New_MF_D_00000 157539
FabOnDisk: SD_1_New_MF_D_00000 160512
FabOnDisk: SD_1_New_MF_D_00000 163486
FabOnDisk: SD_1_New_MF_D_00000 166461
FabOnDisk: SD_1_New_MF_D_00000 169435
FabOnDisk: SD_1_New_MF_D_00000 172409
FabOnDisk: SD_1_New_MF_D_00000 175383
FabOnDisk: SD_1_New_MF_D_00000 178357
FabOnDisk: SD_1_New_MF_D_00000 181331
FabOnDisk: SD_1_New_MF_D_00000 184305
FabOnDisk: SD_1_New_MF_D_00000 187280

64,1
-5.9655426741066549e+01,
-5.5238366066456820e+01,
-4.4181822155169812e+01,
-3.1302479042838058e+01,
-2.0503278882529230e+01,
-1.2445856531710433e+01,
-6.9714835859683717e+00,
-3.1188367913823640e+00,
-7.2457123172033789e+01,
-6.5374623152162712e+01,
-4.7527736200156141e+01,
-3.0748931373856976e+01,
-1.8914313777630923e+01,
-1.1103165472820820e+01,
-6.1772271723923495e+00,
-2.7665858428514412e+00,
-4.4702625242095928e+02,
-5.3072552985715902e+02,
-4.7654077515466952e+02,
-4.2213940719627317e+02,
-1.2460613854187159e+01,
-6.9787630865589563e+00,
-3.9531026139950427e+00,
-1.8048174303685300e+00,
-7.5310424244152682e+02,
-5.4921512449917645e+03,
-4.7654077515466952e+02,
-6.2050615080095122e+02,
-1.0412906853043751e+00,
-1.0758986870232548e+00,
-9.4666952065540499e-01,
-5.2261722568982805e-01,
-7.5310424244152682e+02,
-5.4921512449917645e+03,
-5.5354972357969837e+02,
-6.3406987428438697e+02,
4.0741684479498872e+00,
1.8003491939555261e+00,
6.7778237281675047e-01,
0.0000000000000000e+00,
-6.4471302533442895e+02,
-5.8077747720340267e+02,
-6.5963476283732643e+02,
-5.0440594357925147e+02,
6.7329678213959596e+00,
3.4844698627171056e+00,
1.4768152146594957e+00,
0.0000000000000000e+00,
-1.3078830179782017e+01,
-1.0151597261105962e+01,
-2.0185569509076231e+00,
3.4726630421837399e+00,
5.2947169648186900e+00,
3.6447982392689937e+00,
1.7957571157593293e+00,
0.0000000000000000e+00,
-6.6250567204460822e+00,
-5.3058363273080431e+00,
-1.1631499850313958e+00,
2.5986377237345550e+00,
4.6642953591035621e+00,
3.4622703709612779e+00,
1.7819399785233827e+00,
0.0000000000000000e+00,

64,1
-5.2229420270094124e+01,
-4.2976421502587982e+01,
-3.0748931373856976e+01,
-1.8914313777630923e+01,
-1.1103165472820820e+01,
-6.1772271723923495e+00,
-2.7665858428514412e+00,
0.0000000000000000e+00,
-5.5238366066456820e+01,
-4.4181822155169812e+01,
-2.8760355192701354e+01,
-1.2460613854187159e+01,
-6.9787630865589563e+00,
-3.9531026139950427e+00,
-1.8048174303685300e+00,
0.0000000000000000e+00,
8.2858515140203053e+01,
8.2858515140203053e+01,
-2.8551888769611196e+01,
2.3036079813446122e+00,
6.5188735724632352e-01,
-9.4666952065540499e-01,
-5.2261722568982805e-01,
0.0000000000000000e+00,
-5.1856272591631750e+01,
0.0000000000000000e+00,
-1.2406988720663821e+02,
9.9560694133210745e+00,
8.5067147314593967e+00,
4.0741684479498872e+00,
1.8003491939555261e+00,
6.7778237281675047e-01,
-4.2820367688224496e+02,
0.0000000000000000e+00,
-2.6425438606961416e+02,
1.7786342679944482e+01,
1.4569370256474485e+01,
6.9260042438586424e+00,
3.4844698627171056e+00,
1.4768152146594957e+00,
3.6171705898013897e+00,
-2.0185569509076231e+00,
7.9750164466599927e+00,
1.8225311351250184e+01,
1.4957025252158019e+01,
7.1942744380185104e+00,
3.9100603956360374e+00,
1.7957571157593293e+00,
-5.3058363273080431e+00,
-1.1631499850313958e+00,
6.9046541669758881e+00,
1.1009831991102601e+01,
1.0444609930331353e+01,
6.7329678213959596e+00,
3.9073360667487123e+00,
1.8248928735239360e+00,
-4.1631993541986958e+00,
-9.5905174262634318e-01,
3.4726630421837399e+00,
5.8292491062939007e+00,
5.9007041986378681e+00,
5.2947169648186900e+00,
3.6447982392689937e+00,
1.8128947028718585e+00,

