1
1
8
0
(4 0
((0,0) (31,31) (0,0))
((32,0) (63,31) (0,0))
((0,32) (31,63) (0,0))
((32,32) (63,63) (0,0))
)
4
FabOnDisk: Cell_D_00000 0
FabOnDisk: Cell_D_00001 0
FabOnDisk: Cell_D_00002 0
FabOnDisk: Cell_D_00003 0

4,8
-2.9060076419994692e-02,-8.9612457973428153e-07,9.9999999999922073e-01,0.0000000000000000e+00,-1.6223280016714539e-03,-1.0599951785748954e-02,9.5112070552794137e-08,-1.1925330332022716e-03,
-3.0584224570518501e-02,-3.2353489966388017e-02,9.9999999999513400e-01,0.0000000000000000e+00,-2.2460940712727218e-03,-8.7236080960899666e-03,3.8116815573308038e-07,1.0181393381431261e-03,
-6.6181313372798645e-02,8.1805147545581229e-04,9.9999999999904188e-01,0.0000000000000000e+00,-1.1470805466555994e-01,-2.4061927616318801e+00,1.1477749804478243e-06,-8.3547432975410063e-02,
-2.9988145707634006e-01,-6.3209664207737748e-01,9.9910275477627275e-01,0.0000000000000000e+00,-7.2743805447706777e-01,-1.3858143533917593e+00,1.7234884888139845e-06,-6.5824323397361356e-02,

4,8
8.9624258724211748e-07,2.4463225871928767e-02,1.0000000000017728e+00,0.0000000000000000e+00,1.1464882908441099e-02,6.1854101238868883e-04,4.2858340229003089e-01,2.1576142288450796e-03,
-1.6101441000395094e-06,3.3122055540765129e-03,1.0000000000032128e+00,0.0000000000000000e+00,1.8480824157318960e-02,1.7806342930986267e-02,5.7504841184282740e-01,7.1170444674664157e-03,
8.2794514756308601e-01,1.6345723566713410e-01,1.0000000000051719e+00,0.0000000000000000e+00,7.1864497974990025e+00,6.5009442290441721e-01,3.7126816754665533e+01,6.8594392315997625e-04,
8.6333433579864716e-01,8.3654600317892319e-02,1.0010088889629538e+00,0.0000000000000000e+00,2.2290002773904192e+01,1.5136690375962168e+01,3.3734428516127572e+01,5.7195378314452094e-01,

