1
1
8
0
(2 0
((104,64) (127,103) (0,0))
((0,104) (127,127) (0,0))
)
2
FabOnDisk: Cell_D_00000 0
FabOnDisk: Cell_D_00000 61527

2,8
-3.9006616167260200e-01,-6.6237868825790591e-01,9.9942878101074528e-01,0.0000000000000000e+00,-4.1026469006516396e+02,-2.7183296351902777e+02,2.4755807060263813e-03,-9.9673285508791654e-01,
-3.6666668764144811e-01,-5.8494232024046222e-01,9.8015803179580574e-01,0.0000000000000000e+00,-1.5744854272660569e+02,-5.9679929247244502e+02,6.9897782016603571e-05,-2.1779270950833052e+00,

2,8
3.7061578859925293e-01,2.0607551829031365e-01,1.0005008610052761e+00,0.0000000000000000e+00,5.3690577113751363e+02,9.1853313892231699e+02,6.1587198909715703e+01,1.4280684120204938e+00,
9.1598416149937023e-01,3.3300990187650353e-01,1.0298468563593648e+00,0.0000000000000000e+00,1.1003926223590138e+03,8.4213982632318562e+02,7.5781198429850576e+01,3.0433298378376987e+00,

