1
1
4
2
(4 0
((0,120) (31,127) (0,0))
((32,120) (63,127) (0,0))
((64,120) (95,127) (0,0))
((96,120) (127,127) (0,0))
)
4
FabOnDisk: SD_0_Old_MF_D_00000 0
FabOnDisk: SD_0_Old_MF_D_00001 0
FabOnDisk: SD_0_Old_MF_D_00002 0
FabOnDisk: SD_0_Old_MF_D_00003 0

4,4
-8.0412765853912624e+00,-3.6282063942744136e-01,9.9999999999999778e-01,0.0000000000000000e+00,
-6.6536145235022259e-01,7.1201116872781823e-05,9.9999999999999922e-01,0.0000000000000000e+00,
-6.6525346172265631e-01,-1.1201612148631288e-01,9.9999999999999989e-01,0.0000000000000000e+00,
-8.0241483310428912e+00,-1.4783103642110706e+01,9.9999999999999967e-01,0.0000000000000000e+00,

4,4
2.9075745941822767e+01,1.4691134909229389e+01,1.0000000000000009e+00,0.0000000000000000e+00,
2.9268578794880124e+01,1.1214915281486197e-01,1.0000000000000002e+00,0.0000000000000000e+00,
2.9268586614602452e+01,-6.3288554515642681e-05,1.0000000000000002e+00,0.0000000000000000e+00,
2.9076726944854041e+01,3.6247285616481506e-01,1.0000000000000009e+00,0.0000000000000000e+00,

