1
1
4
4
(6 0
((80,232) (95,247) (0,0))
((96,232) (111,247) (0,0))
((80,248) (95,263) (0,0))
((96,248) (111,263) (0,0))
((80,264) (95,279) (0,0))
((96,264) (111,279) (0,0))
)
6
FabOnDisk: SD_0_Old_MF_D_00001 0
FabOnDisk: SD_0_Old_MF_D_00003 0
FabOnDisk: SD_0_Old_MF_D_00003 18519
FabOnDisk: SD_0_Old_MF_D_00000 0
FabOnDisk: SD_0_Old_MF_D_00002 0
FabOnDisk: SD_0_Old_MF_D_00002 18518

6,4
-2.0291207156329844e-01,-7.1168801121911651e-01,9.9999999999968592e-01,0.0000000000000000e+00,
-1.0203999436347477e-01,-5.2098913210687536e-01,9.9999999999969025e-01,-2.0351248721750821e-15,
0.0000000000000000e+00,-6.2860239122468853e-01,9.9999999999928135e-01,0.0000000000000000e+00,
-2.0644380396971443e-01,-4.9609990219546812e-01,9.9999999999965272e-01,-8.5673619625594041e-15,
-2.0714560570739737e-01,-1.9035341344602633e-01,9.9999999999946521e-01,0.0000000000000000e+00,
-1.0210822645612554e-01,-7.3366357334431398e-03,9.9999999999743383e-01,-6.3218951716383881e-15,

6,4
1.2777251389253348e+00,1.9035602464897197e-01,1.0000000000000000e+40,1.3000059772129498e-15,
1.3634138161052909e+00,7.3229403096438106e-03,1.0000000000000000e+40,2.5000578918952851e-15,
5.3065467815403322e-01,6.2857778323304592e-01,1.0000000000000000e+40,7.5978501175101303e-15,
0.0000000000000000e+00,4.9592904721148945e-01,1.0000000000000000e+40,3.0836474934934954e-15,
1.2777308084484003e+00,7.1166201171946319e-01,1.0000000000000000e+40,7.9682467528768856e-15,
1.3634015499649377e+00,5.2082071050653300e-01,1.0000000000000000e+40,2.6812068339972878e-15,

