1
1
1
1
(6 0
((80,232) (96,248) (1,1))
((96,232) (112,248) (1,1))
((80,248) (96,264) (1,1))
((96,248) (112,264) (1,1))
((80,264) (96,280) (1,1))
((96,264) (112,280) (1,1))
)
6
FabOnDisk: SD_1_New_MF_D_00001 0
FabOnDisk: SD_1_New_MF_D_00003 0
FabOnDisk: SD_1_New_MF_D_00003 2975
FabOnDisk: SD_1_New_MF_D_00000 0
FabOnDisk: SD_1_New_MF_D_00002 0
FabOnDisk: SD_1_New_MF_D_00002 2974

6,1
-7.8939607516373824e+00,
-3.8446977598706322e-01,
0.0000000000000000e+00,
-3.6729087529304083e-01,
-7.5883712929852640e+00,
-3.8434019132298547e-01,

6,1
3.5475195335896643e+00,
5.4977269234892425e+00,
3.5814565574318653e+00,
5.4977269234892425e+00,
3.5814565574318653e+00,
5.4937172287668528e+00,

