1
1
2
4
(6 0
((80,232) (95,247) (0,0))
((96,232) (111,247) (0,0))
((80,248) (95,263) (0,0))
((96,248) (111,263) (0,0))
((80,264) (95,279) (0,0))
((96,264) (111,279) (0,0))
)
6
FabOnDisk: SD_2_Old_MF_D_00001 0
FabOnDisk: SD_2_Old_MF_D_00003 0
FabOnDisk: SD_2_Old_MF_D_00003 9303
FabOnDisk: SD_2_Old_MF_D_00000 0
FabOnDisk: SD_2_Old_MF_D_00002 0
FabOnDisk: SD_2_Old_MF_D_00002 9302

6,2
-9.1896424190547623e+02,-4.0361485305473514e+02,
-3.1057301404024111e+02,-1.5801427528022955e+02,
-4.8007836242702501e+02,-4.5681588054315341e+02,
-3.7564182627438345e+02,-1.8609782842338211e+02,
-8.8773490274964206e+02,-4.1212650212675578e+02,
-3.1065980077290442e+02,-2.5820119935745606e+02,

6,2
3.5739816648554961e+02,6.0146406763188202e+02,
1.0594703693334800e+02,2.5850239096015866e+02,
1.1526166985782744e+02,4.5707988214030024e+02,
1.1865600232259959e+02,2.0622280395795019e+02,
2.8241677418291260e+02,4.0352517779346334e+02,
1.0580193082273620e+02,1.5808972914128177e+02,

