1
1
1
1
(6 0
((32,112) (48,128) (1,1))
((48,112) (64,128) (1,1))
((64,112) (72,128) (1,1))
((32,128) (48,144) (1,1))
((48,128) (64,144) (1,1))
((64,128) (72,144) (1,1))
)
6
FabOnDisk: SD_1_New_MF_D_00000 0
FabOnDisk: SD_1_New_MF_D_00000 2974
FabOnDisk: SD_1_New_MF_D_00000 5948
FabOnDisk: SD_1_New_MF_D_00000 7706
FabOnDisk: SD_1_New_MF_D_00000 10680
FabOnDisk: SD_1_New_MF_D_00000 13654

6,1
-7.9829883547541181e-01,
-1.1303208129977147e+00,
-2.1387061153353004e-01,
-7.9829883547552205e-01,
-1.1303208129976807e+00,
-2.1387061153349640e-01,

6,1
6.2443904648284410e-01,
5.1923862888641724e-02,
1.6669611139577159e-01,
6.2443904648284410e-01,
5.1923862888641724e-02,
1.6669611139577159e-01,

