1
1
2
4
(6 0
((32,112) (47,127) (0,0))
((48,112) (63,127) (0,0))
((64,112) (71,127) (0,0))
((32,128) (47,143) (0,0))
((48,128) (63,143) (0,0))
((64,128) (71,143) (0,0))
)
6
FabOnDisk: SD_2_New_MF_D_00000 0
FabOnDisk: SD_2_New_MF_D_00000 9302
FabOnDisk: SD_2_New_MF_D_00000 18604
FabOnDisk: SD_2_New_MF_D_00000 24834
FabOnDisk: SD_2_New_MF_D_00000 34136
FabOnDisk: SD_2_New_MF_D_00000 43438

6,2
-7.3286423143702291e+02,-3.8779620796604985e+02,
-5.5583496139881004e+02,-5.0587652636220804e+02,
-4.4281213550378382e+01,-2.7278627010011842e+01,
-7.3286423143720720e+02,-5.2977576282854920e+02,
-5.5583496139883016e+02,-5.3763783358798594e+02,
-4.4281213550379157e+01,-2.1198934861492745e+02,

6,2
1.0000000000000000e+40,1.0000000000000000e+40,
1.0000000000000000e+40,1.0000000000000000e+40,
3.7599354633669191e+02,2.1198934861495067e+02,
1.0000000000000000e+40,1.0000000000000000e+40,
1.0000000000000000e+40,1.0000000000000000e+40,
3.7599354633668781e+02,2.7278627009994853e+01,

