1
1
4
4
(9 0
((80,232) (95,247) (0,0))
((96,232) (111,247) (0,0))
((112,232) (127,247) (0,0))
((80,248) (95,263) (0,0))
((96,248) (111,263) (0,0))
((112,248) (127,263) (0,0))
((80,264) (95,279) (0,0))
((96,264) (111,279) (0,0))
((112,264) (127,279) (0,0))
)
9
FabOnDisk: SD_0_New_MF_D_00000 0
FabOnDisk: SD_0_New_MF_D_00000 18518
FabOnDisk: SD_0_New_MF_D_00000 37037
FabOnDisk: SD_0_New_MF_D_00000 55557
FabOnDisk: SD_0_New_MF_D_00000 74075
FabOnDisk: SD_0_New_MF_D_00000 92594
FabOnDisk: SD_0_New_MF_D_00000 111114
FabOnDisk: SD_0_New_MF_D_00000 129632
FabOnDisk: SD_0_New_MF_D_00000 148151

9,4
-2.4573995553948355e-01,-7.4736587181733560e-01,9.9999999999947808e-01,-7.7896367438203615e-13,
-8.7172235557941721e-02,-6.8177821612248346e-01,9.9999999999892286e-01,1.2501716580253589e-14,
5.9761895565493474e-02,-6.2586391280792253e-01,9.9999999999977784e-01,3.0917250445422597e-14,
2.0858610365016867e-02,-6.5892337298847936e-01,9.9999999999913392e-01,1.5983120198745379e-13,
-3.3463303866020783e-01,-6.9927795732669873e-01,9.9999999999926636e-01,9.2181735613462809e-14,
-8.9081903770551252e-01,-7.3428774844174660e-01,9.9999999999976863e-01,9.8091949844164798e-14,
-2.4573995553924738e-01,-2.2108964419285487e-01,9.9999999999974476e-01,-8.2216150021672451e-13,
-8.7172235557951255e-02,-9.4003775571438783e-02,9.9999999999925693e-01,6.6478612219845363e-15,
5.9761895565545786e-02,-8.1655852113393945e-01,9.9999999999982581e-01,2.6126354295604345e-14,

9,4
1.0000000000000000e+40,1.0000000000000000e+40,1.0000000000000000e+40,1.0000000000000000e+40,
1.0000000000000000e+40,1.0000000000000000e+40,1.0000000000000000e+40,1.0000000000000000e+40,
1.5066747152114330e+00,8.1655852113396421e-01,1.0000000000002409e+00,1.1891676368285844e-13,
1.0000000000000000e+40,1.0000000000000000e+40,1.0000000000000000e+40,1.0000000000000000e+40,
1.0000000000000000e+40,1.0000000000000000e+40,1.0000000000000000e+40,1.0000000000000000e+40,
3.7241359633620458e-01,7.3428774844173228e-01,1.0000000000000642e+00,1.1904840475809179e-13,
1.0000000000000000e+40,1.0000000000000000e+40,1.0000000000000000e+40,1.0000000000000000e+40,
1.0000000000000000e+40,1.0000000000000000e+40,1.0000000000000000e+40,1.0000000000000000e+40,
1.5066747152114144e+00,6.2586391280790543e-01,1.0000000000001932e+00,1.1897907508617346e-13,

