1
1
1
1
(9 0
((80,232) (96,248) (1,1))
((96,232) (112,248) (1,1))
((112,232) (128,248) (1,1))
((80,248) (96,264) (1,1))
((96,248) (112,264) (1,1))
((112,248) (128,264) (1,1))
((80,264) (96,280) (1,1))
((96,264) (112,280) (1,1))
((112,264) (128,280) (1,1))
)
9
FabOnDisk: SD_1_Old_MF_D_00000 0
FabOnDisk: SD_1_Old_MF_D_00000 2974
FabOnDisk: SD_1_Old_MF_D_00000 5949
FabOnDisk: SD_1_Old_MF_D_00000 8925
FabOnDisk: SD_1_Old_MF_D_00000 11899
FabOnDisk: SD_1_Old_MF_D_00000 14874
FabOnDisk: SD_1_Old_MF_D_00000 17850
FabOnDisk: SD_1_Old_MF_D_00000 20824
FabOnDisk: SD_1_Old_MF_D_00000 23799

9,1
-1.1664804215276758e+01,
-6.3131216690800018e+00,
-1.1398496482137435e+00,
-6.6038940178503189e-02,
-7.8014282266859181e-01,
-1.1398496482137435e+00,
-1.1664804213232669e+01,
-6.3131216674447872e+00,
-1.1398496482137088e+00,

9,1
2.3735240946404570e+00,
4.1179772342587659e+00,
-1.5818461956336702e-01,
2.3735240946404570e+00,
4.1179772355831892e+00,
3.3773884543053877e-02,
2.3735240943409095e+00,
4.1179772355831892e+00,
-1.5818461956333393e-01,

