1
1
8
0
(4 0
((0,0) (31,31) (0,0))
((32,0) (63,31) (0,0))
((0,32) (31,63) (0,0))
((32,32) (63,63) (0,0))
)
4
FabOnDisk: Cell_D_00000 0
FabOnDisk: Cell_D_00001 0
FabOnDisk: Cell_D_00002 0
FabOnDisk: Cell_D_00003 0

4,8
-2.5654656832355374e-02,2.3842472468819666e-05,9.9999999999319489e-01,0.0000000000000000e+00,1.6739661294806751e-04,-7.4320869838624626e-02,5.6021711727916035e-08,9.9677904930038502e-03,
-7.9885294281610314e-02,-1.0725163023528778e-01,9.9999999991744137e-01,0.0000000000000000e+00,-4.8520520203291539e-01,-6.9840120069139715e+00,9.7822887706877637e-09,2.9700960495480169e-02,
-2.0037472393735858e-01,-5.5452858334744344e-02,9.8749284784832481e-01,0.0000000000000000e+00,-1.2167245130870262e+02,-5.6773091953334199e+02,1.6261209850432223e-05,-2.8751482530578248e-01,
-3.2939193501018360e-01,-5.4465621382633334e-01,9.9702802163565796e-01,0.0000000000000000e+00,-2.9904022171670351e+02,-1.9821403724471645e+02,3.6368625549870748e-05,-1.0468515834375620e+00,

4,8
-2.3843236355378999e-05,2.3684354042053019e-02,1.0000000000457725e+00,0.0000000000000000e+00,8.6449281268976330e-02,-4.3606577766253096e-04,4.8653698161990855e-01,4.1623350152858854e-02,
1.8798076904352503e-02,7.0026602317180024e-03,1.0000000000316422e+00,0.0000000000000000e+00,1.1503394473771822e+00,1.0401446448274623e+00,1.4561824524961251e+00,1.3703193885817344e-01,
8.2535224751111613e-01,3.1695167465944624e-01,1.0172367968525462e+00,0.0000000000000000e+00,3.6811449312842961e+02,9.3317273399629883e+00,3.8936469095613155e+01,6.3631667363185107e-01,
8.2587161466966219e-01,1.8354344851327881e-01,1.0011157957424890e+00,0.0000000000000000e+00,1.0158017069373341e+03,8.5362682231564327e+02,3.9149332953948246e+01,3.1721482987751576e-01,

