1
1
2
1
(5 0
((96,24) (127,63) (0,0))
((88,64) (127,127) (0,0))
((80,96) (87,111) (0,0))
((0,104) (47,127) (0,0))
((48,112) (87,127) (0,0))
)
5
FabOnDisk: SD_2_Old_MF_D_00000 0
FabOnDisk: SD_2_Old_MF_D_00000 22933
FabOnDisk: SD_2_Old_MF_D_00000 67371
FabOnDisk: SD_2_Old_MF_D_00000 70336
FabOnDisk: SD_2_Old_MF_D_00000 91222

5,2
-7.0467564212946641e+01,-6.4918207529398472e+01,
-1.0447699457379166e+02,-1.1371429859660601e+02,
-4.0214986375194393e+01,-2.2470172623983586e+01,
-4.0804457401886523e+01,-4.2754437455315298e+01,
-3.1688728852861527e+01,-3.5280402961025999e+01,

5,2
6.2791176849326199e+01,4.7109913538500862e+01,
9.3041888134743218e+01,9.9337048644597047e+01,
1.1240432199489732e+01,5.0480922570368580e+00,
3.2034994926985519e+01,6.5999813776583792e+01,
4.8037591877033570e+01,4.3239409216369417e+01,

