1
1
9
0
(9 0
((80,232) (95,247) (0,0))
((96,232) (111,247) (0,0))
((112,232) (119,247) (0,0))
((80,248) (95,263) (0,0))
((96,248) (111,263) (0,0))
((112,248) (119,263) (0,0))
((80,264) (95,279) (0,0))
((96,264) (111,279) (0,0))
((112,264) (119,279) (0,0))
)
9
FabOnDisk: Cell_D_00000 0
FabOnDisk: Cell_D_00002 0
FabOnDisk: Cell_D_00001 0
FabOnDisk: Cell_D_00002 18519
FabOnDisk: Cell_D_00001 9304
FabOnDisk: Cell_D_00001 27823
FabOnDisk: Cell_D_00003 0
FabOnDisk: Cell_D_00003 18518
FabOnDisk: Cell_D_00003 37037

9,9
-2.4284434015664030e-01,-7.5386064381827178e-01,0.0000000000000000e+00,-1.8288071379445234e-13,-1.2462198571366534e+03,-5.7309177954660095e+02,0.0000000000000000e+00,-3.8129803991856415e+00,0.0000000000000000e+00,
-1.2008415192910830e-01,-6.2272049803217899e-01,0.0000000000000000e+00,0.0000000000000000e+00,-5.9756168175816856e+02,-4.7385500870981792e+02,0.0000000000000000e+00,-1.4120638874885092e+00,0.0000000000000000e+00,
4.8333205792379617e-02,-3.7753410005803412e-01,9.9999999999969413e-01,2.2111482778961430e-13,-4.0292742294022264e+02,-5.4738769919966364e+02,1.8887716197468762e-02,-9.4155993103702784e-01,1.0000000000000000e+00,
0.0000000000000000e+00,-6.6400522490932412e-01,0.0000000000000000e+00,0.0000000000000000e+00,-5.7695962432587044e+02,-5.5761830557362987e+02,0.0000000000000000e+00,0.0000000000000000e+00,0.0000000000000000e+00,
-3.2373498719689625e-01,-6.6049312007483474e-01,0.0000000000000000e+00,0.0000000000000000e+00,-6.0355922978414264e+02,-6.3533304051531422e+02,0.0000000000000000e+00,-7.9915053617369902e-01,0.0000000000000000e+00,
-6.0392098618994094e-01,-6.8150968936419054e-01,9.9999999999970790e-01,2.5969085087432295e-13,-3.2499570504001622e+02,-5.5439499368671500e+02,1.0550231140866981e+02,-9.0827317744885017e-01,1.0000000000000000e+00,
-2.4284434015467640e-01,-2.1708516878613285e-01,0.0000000000000000e+00,-2.0774535552972654e-13,-1.2462198571865447e+03,-4.4453041318381571e+02,0.0000000000000000e+00,-3.8129803995037901e+00,0.0000000000000000e+00,
-1.2008415192922135e-01,-2.8551915143521184e-01,0.0000000000000000e+00,0.0000000000000000e+00,-5.9756168158827495e+02,-3.4472107666244847e+02,0.0000000000000000e+00,-1.4120638875059093e+00,0.0000000000000000e+00,
4.8333205792580207e-02,-7.7704349998674893e-01,9.9999999999975253e-01,2.1935616958832066e-13,-4.0292742294010998e+02,-1.2352542667926514e+02,1.8887715918395998e-02,-9.4155993103716529e-01,1.0000000000000000e+00,

9,9
1.5309212475710132e+00,2.1708516878666412e-01,1.0000000000001994e+00,8.2425059628582828e-13,1.2520832715279653e+01,4.4453041318324836e+02,1.1726881442445341e+04,2.8329366385620403e-01,1.0000000000000000e+00,
1.5482580312966261e+00,2.8551915143548445e-01,1.0000000000003222e+00,4.5062205732114591e-13,2.3120036082703425e+02,3.4472107681756461e+02,3.8742193179449414e+03,2.1428685823539162e+00,1.0000000000000000e+00,
1.4744491740658123e+00,7.7704349998693811e-01,1.0000000000003577e+00,2.7292088452925976e-13,8.7255617317144493e+02,1.2352542667957600e+02,2.5688393175095980e+03,-2.0665671780214620e-01,1.0000000000000000e+00,
5.6739599593689616e-01,6.6400522490965519e-01,1.0000000000000615e+00,5.9623983887201698e-13,1.2625437774917252e+02,5.5761830557361304e+02,2.2498807192501204e+03,6.1955717816732370e-01,1.0000000000000000e+00,
0.0000000000000000e+00,6.6049312007515926e-01,1.0000000000002642e+00,2.6637189044049923e-13,2.4696730192211976e+02,6.3533304051529831e+02,2.2234422228027688e+03,2.6215816409701995e+00,1.0000000000000000e+00,
2.8574997909725136e-01,6.8150968936424616e-01,1.0000000000003648e+00,2.7889393469121073e-13,8.4946012291774980e+02,5.5439499368651218e+02,2.4208714777413029e+03,-2.1997394064988696e-01,1.0000000000000000e+00,
1.5309212475711200e+00,7.5386064381845919e-01,1.0000000000003872e+00,8.5670615343193307e-13,1.2520832715338429e+01,5.7309177954666029e+02,1.1726881442438811e+04,2.8329366385596338e-01,1.0000000000000000e+00,
1.5482580312967014e+00,6.2272049803241025e-01,1.0000000000003197e+00,4.6420684262123753e-13,2.3120036082721185e+02,4.7385500870951881e+02,3.8742193179453666e+03,2.1428685813564665e+00,1.0000000000000000e+00,
1.4744491740656949e+00,3.7753410005807470e-01,1.0000000000001756e+00,2.7323506250335530e-13,8.7255617317151211e+02,5.4738769919940250e+02,2.5688393175093156e+03,-2.0665671780221936e-01,1.0000000000000000e+00,

