1
1
9
0
(64 0
((0,0) (15,15) (0,0))
((16,0) (31,15) (0,0))
((32,0) (47,15) (0,0))
((48,0) (63,15) (0,0))
((64,0) (79,15) (0,0))
((80,0) (95,15) (0,0))
((96,0) (111,15) (0,0))
((112,0) (127,15) (0,0))
((0,16) (15,31) (0,0))
((16,16) (31,31) (0,0))
((32,16) (47,31) (0,0))
((48,16) (63,31) (0,0))
((64,16) (79,31) (0,0))
((80,16) (95,31) (0,0))
((96,16) (111,31) (0,0))
((112,16) (127,31) (0,0))
((0,32) (15,47) (0,0))
((16,32) (31,47) (0,0))
((32,32) (47,47) (0,0))
((48,32) (63,47) (0,0))
((64,32) (79,47) (0,0))
((80,32) (95,47) (0,0))
((96,32) (111,47) (0,0))
((112,32) (127,47) (0,0))
((0,48) (15,63) (0,0))
((16,48) (31,63) (0,0))
((32,48) (47,63) (0,0))
((48,48) (63,63) (0,0))
((64,48) (79,63) (0,0))
((80,48) (95,63) (0,0))
((96,48) (111,63) (0,0))
((112,48) (127,63) (0,0))
((0,64) (15,79) (0,0))
((16,64) (31,79) (0,0))
((32,64) (47,79) (0,0))
((48,64) (63,79) (0,0))
((64,64) (79,79) (0,0))
((80,64) (95,79) (0,0))
((96,64) (111,79) (0,0))
((112,64) (127,79) (0,0))
((0,80) (15,95) (0,0))
((16,80) (31,95) (0,0))
((32,80) (47,95) (0,0))
((48,80) (63,95) (0,0))
((64,80) (79,95) (0,0))
((80,80) (95,95) (0,0))
((96,80) (111,95) (0,0))
((112,80) (127,95) (0,0))
((0,96) (15,111) (0,0))
((16,96) (31,111) (0,0))
((32,96) (47,111) (0,0))
((48,96) (63,111) (0,0))
((64,96) (79,111) (0,0))
((80,96) (95,111) (0,0))
((96,96) (111,111) (0,0))
((112,96) (127,111) (0,0))
((0,112) (15,127) (0,0))
((16,112) (31,127) (0,0))
((32,112) (47,127) (0,0))
((48,112) (63,127) (0,0))
((64,112) (79,127) (0,0))
((80,112) (95,127) (0,0))
((96,112) (111,127) (0,0))
((112,112) (127,127) (0,0))
)
64
FabOnDisk: Cell_D_00000 0
FabOnDisk: Cell_D_00000 18514
FabOnDisk: Cell_D_00000 37029
FabOnDisk: Cell_D_00000 55544
FabOnDisk: Cell_D_00000 74059
FabOnDisk: Cell_D_00000 92574
FabOnDisk: Cell_D_00000 111089
FabOnDisk: Cell_D_00000 129605
FabOnDisk: Cell_D_00000 148122
FabOnDisk: Cell_D_00000 166637
FabOnDisk: Cell_D_00000 185153
FabOnDisk: Cell_D_00000 203669
FabOnDisk: Cell_D_00000 222185
FabOnDisk: Cell_D_00000 240701
FabOnDisk: Cell_D_00000 259217
FabOnDisk: Cell_D_00000 277734
FabOnDisk: Cell_D_00000 296252
FabOnDisk: Cell_D_00000 314767
FabOnDisk: Cell_D_00000 333283
FabOnDisk: Cell_D_00000 351799
FabOnDisk: Cell_D_00000 370315
FabOnDisk: Cell_D_00000 388831
FabOnDisk: Cell_D_00000 407347
FabOnDisk: Cell_D_00000 425864
FabOnDisk: Cell_D_00000 444382
FabOnDisk: Cell_D_00000 462897
FabOnDisk: Cell_D_00000 481413
FabOnDisk: Cell_D_00000 499929
FabOnDisk: Cell_D_00000 518445
FabOnDisk: Cell_D_00000 536961
FabOnDisk: Cell_D_00000 555477
FabOnDisk: Cell_D_00000 573994
FabOnDisk: Cell_D_00000 592512
FabOnDisk: Cell_D_00000 611027
FabOnDisk: Cell_D_00000 629543
FabOnDisk: Cell_D_00000 648059
FabOnDisk: Cell_D_00000 666575
FabOnDisk: Cell_D_00000 685091
FabOnDisk: Cell_D_00000 703607
FabOnDisk: Cell_D_00000 722124
FabOnDisk: Cell_D_00000 740642
FabOnDisk: Cell_D_00000 759157
FabOnDisk: Cell_D_00000 777673
FabOnDisk: Cell_D_00000 796189
FabOnDisk: Cell_D_00000 814705
FabOnDisk: Cell_D_00000 833221
FabOnDisk: Cell_D_00000 851737
FabOnDisk: Cell_D_00000 870254
FabOnDisk: Cell_D_00000 888772
FabOnDisk: Cell_D_00000 907288
FabOnDisk: Cell_D_00000 925805
FabOnDisk: Cell_D_00000 944322
FabOnDisk: Cell_D_00000 962839
FabOnDisk: Cell_D_00000 981356
FabOnDisk: Cell_D_00000 999873
FabOnDisk: Cell_D_00000 1018391
FabOnDisk: Cell_D_00000 1036910
FabOnDisk: Cell_D_00000 1055427
FabOnDisk: Cell_D_00000 1073945
FabOnDisk: Cell_D_00000 1092463
FabOnDisk: Cell_D_00000 1110981
FabOnDisk: Cell_D_00000 1129499
FabOnDisk: Cell_D_00000 1148017
FabOnDisk: Cell_D_00000 1166536

64,9
1.0000042223311352e+00,-7.0109182058291052e-03,9.9999999999994316e-01,-1.0257521059435990e-12,-5.6832015752463161e-01,6.0232780996758058e-03,9.2112174278746149e-03,6.4872554048558797e-03,1.0000000000000000e+00,
1.0025270630079020e+00,-7.0221906840870372e-03,9.9999999999987010e-01,-2.0366555133272906e-12,-5.9999563718055016e-01,-2.2600020766525120e-01,9.5472538070998439e-05,1.8880065395212330e-03,1.0000000000000000e+00,
1.0069658545966664e+00,-1.7450680004979760e-03,9.9999999999986933e-01,-1.1151312638270605e-13,-4.0917803350834081e-01,-2.6005772034471980e-01,2.9671831481420385e-06,-5.3664893593435988e-04,1.0000000000000000e+00,
1.0045707739225536e+00,5.3133928548711311e-05,9.9999999999989542e-01,1.5332867750258572e-13,-1.3219450359731683e-01,-1.8516736311055762e-01,1.7714090368159408e-07,-7.1744161278135656e-04,1.0000000000000000e+00,
1.0022327944374663e+00,5.3903591739042174e-05,9.9999999999993994e-01,1.7865953334980917e-13,-1.5186895278423398e-02,-4.8435628779835871e-02,1.0621131686823493e-07,-6.2378984415163794e-04,1.0000000000000000e+00,
1.0010460481336712e+00,2.9692165065155083e-05,9.9999999999994749e-01,2.2569022989444947e-13,1.3130651061618797e-02,-2.9088444423351991e-03,1.0018624332919224e-07,-3.3919116965782173e-04,1.0000000000000000e+00,
1.0004980495486142e+00,1.4183888621185475e-05,9.9999999999991340e-01,2.5648466778989499e-13,7.5335553333002138e-03,9.7547225490831214e-05,3.3458203667368659e-06,-1.7871047807484599e-04,1.0000000000000000e+00,
1.0002681299199236e+00,5.2084640577527520e-06,9.9999999999979705e-01,2.7558190060951999e-13,-5.9972160275160590e-04,-1.8422283451840651e-05,2.2020506515316651e-06,-7.1706267429587014e-05,1.0000000000000000e+00,
1.0000079432098565e+00,-2.1845222499196789e-02,9.9999999999995326e-01,-1.1129145053529985e-12,-1.8890837909962515e+00,2.1939009610104590e-01,3.7827182754199934e-01,7.5641257704812462e-03,1.0000000000000000e+00,
1.0042474401824004e+00,-2.1788110247482312e-02,9.9999999999999678e-01,-2.2123269023703470e-12,-1.9254186276646335e+00,-1.2638400481188798e+00,6.6861482964433727e-05,-4.1299301753681093e-03,1.0000000000000000e+00,
1.0081701968036767e+00,-2.0000824446770710e-03,1.0000000000000020e+00,-8.5404275229350417e-14,-5.3044220111510643e-01,-1.2522666377168454e+00,2.3084865501815655e-06,-5.1994376026955778e-03,1.0000000000000000e+00,
1.0027166796962277e+00,2.4242100104048094e-03,1.0000000000000051e+00,1.8587693849423988e-13,-5.6770826426221721e-02,-3.4991177153355835e-01,6.2759012685320581e-05,-3.4212262145472978e-03,1.0000000000000000e+00,
1.0006355390637096e+00,1.7634392889016857e-03,1.0000000000000031e+00,1.9778043471400356e-13,2.6392275457725579e-02,-5.0349315221572766e-02,2.6922251233907346e-08,-9.6933890048531450e-04,1.0000000000000000e+00,
1.0001529689218691e+00,9.2065025434769391e-04,1.0000000000000018e+00,2.3717561282494137e-13,8.1421315604548964e-03,-2.8515656244241031e-05,3.9730014196950880e-06,-3.3946193722755337e-04,1.0000000000000000e+00,
1.0000412353419303e+00,4.2876946295044828e-04,1.0000000000000018e+00,2.6336607766094433e-13,1.9591695574589741e-03,3.4440370577525988e-03,4.1104597533299023e-05,-1.5194498401603385e-04,1.0000000000000000e+00,
1.0000137290265254e+00,1.5601445390061030e-04,1.0000000000000011e+00,2.7972839764714311e-13,-2.3083616906432005e-04,-1.9272435430786674e-05,2.4241351262335557e-05,-5.5531634393605716e-05,1.0000000000000000e+00,
1.0000267040120345e+00,-7.1123680122008523e-02,9.9999999999995037e-01,-1.2005344210740553e-12,-9.2127137494631590e+00,5.9463779245588666e-01,1.5087716744370261e+00,1.1355629076339042e-02,1.0000000000000000e+00,
1.0131336327637748e+00,-7.1014044196199097e-02,9.9999999999997990e-01,-2.4417254599130917e-12,-1.1571147772666844e+01,-1.1496249675106149e+01,2.3072556890046947e-04,-4.4556403529079205e-02,1.0000000000000000e+00,
1.0001254765549330e+00,1.1161428888792823e-04,9.9999999999998734e-01,-1.6583685234908349e-13,-4.8896096643968295e-01,-7.6752512211324984e+00,7.4017000650794529e-05,-3.9218406696876221e-02,1.0000000000000000e+00,
9.9570191416448239e-01,6.3925403584502664e-03,9.9999999999999134e-01,1.8668958215639552e-13,4.9495148818147650e-02,-3.4046779061091670e-01,1.1631911420173502e-06,-4.8318114945228178e-03,1.0000000000000000e+00,
9.9616617343792624e-01,2.9007172477087170e-03,9.9999999999999734e-01,1.9782296451718789e-13,-1.8218361927053839e-02,2.4051748041185497e-02,3.2026137942314792e-05,-9.5310911330711288e-04,1.0000000000000000e+00,
9.9799116360710716e-01,1.1566077268196308e-03,9.9999999999999800e-01,2.3717644842047850e-13,-1.8222970780859396e-02,1.7584456282131716e-02,1.5872274150927762e-04,-2.0193780127258121e-04,1.0000000000000000e+00,
9.9905168569308389e-01,4.7785697373873854e-04,9.9999999999999800e-01,2.6333431683788545e-13,-1.1782812235478826e-02,6.3922875857932637e-03,8.1330635857274070e-05,-3.9911058173131241e-05,1.0000000000000000e+00,
9.9954641186528448e-01,1.6670308847775188e-04,9.9999999999999933e-01,2.7972677438038686e-13,-6.7588761784650783e-03,-1.0151712946984112e-05,3.8481306749178074e-05,-7.1464692565121631e-06,1.0000000000000000e+00,
8.3490820997634929e-01,-1.4146865739605527e-01,9.9999999999958944e-01,-1.8330854869758289e-12,-1.5826911338171742e+01,5.2175321705496269e-01,3.8946744525084948e-01,2.8021642770299206e-02,1.0000000000000000e+00,
-8.0559412899190175e-01,-6.5925899585456038e-01,0.0000000000000000e+00,-2.4523030235993604e-12,-6.3547498590366604e+02,-4.3085039521460283e+02,0.0000000000000000e+00,-9.9015008609194410e-01,0.0000000000000000e+00,
1.2851684078922884e-01,2.4803672459556354e-03,9.9999999999991174e-01,-2.9953833162435608e-13,-3.8417679534099875e+01,-1.9090339552476166e+01,5.5373861146956749e-04,-1.3719785588980321e-01,1.0000000000000000e+00,
9.6136146040224069e-01,3.7885689332776127e-04,9.9999999999997813e-01,1.7242231819175478e-13,-2.5875894591133304e+00,2.0676982215121504e-02,4.2497360305000093e-04,-2.6794298268705916e-03,1.0000000000000000e+00,
9.9012063732685074e-01,1.1118555394839266e-04,9.9999999999999523e-01,1.9850585957846266e-13,-3.3223888412938524e-01,3.4680299992200284e-03,5.3183436854811490e-05,3.5178439434822557e-04,1.0000000000000000e+00,
9.9640020723599265e-01,4.1342915045492203e-05,9.9999999999999789e-01,2.3723579481956382e-13,-7.8334752759667697e-02,8.6476372028664538e-04,1.0880086482830450e-05,1.6315470930276013e-04,1.0000000000000000e+00,
9.9849874148780671e-01,1.6597891483216682e-05,9.9999999999999833e-01,2.6330869312506673e-13,-2.5881935222355879e-02,2.4281243925489799e-04,3.1023253310139172e-06,6.1581514599977206e-05,1.0000000000000000e+00,
9.9931767153721507e-01,5.7336983431007997e-06,9.9999999999999944e-01,2.7971816428616258e-13,-1.1549523133488762e-02,3.4566323102845444e-07,1.4149390223787178e-06,-1.0924252944942272e-07,1.0000000000000000e+00,
8.3490820997635207e-01,1.6279005639984059e-04,9.9999999999943623e-01,-1.9029133144822062e-12,-1.5826911338171815e+01,-4.8044041516325223e+01,3.8946744525125204e-01,2.8021642770290057e-02,1.0000000000000000e+00,
-8.0559412899181237e-01,-7.7582553078688365e-01,0.0000000000000000e+00,-2.6897261441017360e-12,-6.3547498590363136e+02,-5.3195031808452961e+02,0.0000000000000000e+00,-9.9015008609181376e-01,0.0000000000000000e+00,
1.2851684078923528e-01,-5.7989762970372805e-01,9.9999999999986100e-01,-3.0063315144376374e-13,-3.8417679534099769e+01,-1.7449261563203325e+02,5.5373860886609449e-04,-1.3719785588980166e-01,1.0000000000000000e+00,
9.6136146040224113e-01,-2.7473111173547168e-02,9.9999999999998701e-01,1.7369888757986581e-13,-2.5875894591132007e+00,-2.1990921990440433e+00,4.2497360201718994e-04,-2.6794298268751080e-03,1.0000000000000000e+00,
9.9012063732685041e-01,-7.5069047282605760e-03,9.9999999999999756e-01,1.9816098078394345e-13,-3.3223888412944702e-01,-2.7826904144411235e-01,5.3183436187159792e-05,3.5178439434657976e-04,1.0000000000000000e+00,
9.9640020723599299e-01,-2.6341442923787581e-03,9.9999999999999933e-01,2.3728467742485129e-13,-7.8334752759109866e-02,-6.4307623603001476e-02,1.0880085917570805e-05,1.6315470930211492e-04,1.0000000000000000e+00,
9.9849874148780682e-01,-1.0478218663376746e-03,9.9999999999999944e-01,2.6331027112706668e-13,-2.5881935222114617e-02,-1.8944555923915189e-02,3.1023260611481862e-06,6.1581514599184491e-05,1.0000000000000000e+00,
9.9931767153721474e-01,-4.3101743898697796e-04,9.9999999999999911e-01,2.7972444621681095e-13,-1.1549523133153213e-02,-5.6598015320450494e-03,1.4149395238818537e-06,-1.0924252946771177e-07,1.0000000000000000e+00,
1.0000267040120332e+00,6.6752207043505908e-04,9.9999999999945421e-01,-1.3588784318515017e-12,-9.2127137494639246e+00,-6.5445772793875081e+00,1.5087716744381598e+00,1.1355629076332807e-02,1.0000000000000000e+00,
1.0131336327637785e+00,-2.8041780112556331e-02,1.0000000000000155e+00,-2.7054117339330099e-12,-1.1571147772667187e+01,-2.8123156488746250e+00,2.3072556812886447e-04,-4.4556403529093229e-02,1.0000000000000000e+00,
1.0001254765549368e+00,-4.3432274931538589e-02,9.9999999999999756e-01,-1.9006308301886262e-13,-4.8896096644065562e-01,-8.9390256264694090e-01,7.4017000839532443e-05,-3.9218406696889148e-02,1.0000000000000000e+00,
9.9570191416448528e-01,-2.4752839852572515e-02,9.9999999999999734e-01,1.8718685146547143e-13,4.9495148817445767e-02,-8.7735370074781927e-01,1.1631909740961177e-06,-4.8318114945283090e-03,1.0000000000000000e+00,
9.9616617343792901e-01,-7.8090692637794107e-03,1.0000000000000022e+00,1.9711912195298292e-13,-1.8218361927087423e-02,-2.5551451859513336e-01,3.2026135796808797e-05,-9.5310911331005237e-04,1.0000000000000000e+00,
9.9799116360710816e-01,-3.1259942499776176e-03,1.0000000000000016e+00,2.3727393951102199e-13,-1.8222970781390159e-02,-6.4744902226578083e-02,1.5872274160989158e-04,-2.0193780127563001e-04,1.0000000000000000e+00,
9.9905168569308533e-01,-1.3697732634248424e-03,1.0000000000000007e+00,2.6333038903414647e-13,-1.1782812235460247e-02,-2.0531930702656510e-02,8.1330635333907997e-05,-3.9911058175027354e-05,1.0000000000000000e+00,
9.9954641186528548e-01,-5.9340004480489341e-04,9.9999999999999800e-01,2.7973185275981563e-13,-6.7588761785974437e-03,-6.6690857081119874e-03,3.8481307086278213e-05,-7.1464692568805911e-06,1.0000000000000000e+00,
1.0000079432098556e+00,1.7737139642273761e-04,9.9999999999959421e-01,-1.3839351264814044e-12,-1.8890837909960194e+00,-1.9719654022032946e+00,3.7827182754271960e-01,7.5641257704751261e-03,1.0000000000000000e+00,
1.0042474401824022e+00,1.6428537709306402e-03,1.0000000000000087e+00,-2.7519978373931006e-12,-1.9254186276641863e+00,-3.8974318607714559e-01,6.6861483221866691e-05,-4.1299301753757326e-03,1.0000000000000000e+00,
1.0081701968036780e+00,-8.8211403778918531e-03,1.0000000000000042e+00,-1.3681687516933050e-13,-5.3044220111496632e-01,2.0998930339275260e-01,2.3084876229345630e-06,-5.1994376027029009e-03,1.0000000000000000e+00,
1.0027166796962284e+00,-8.8271879097721068e-03,1.0000000000000040e+00,1.8661182079091149e-13,-5.6770826425502900e-02,-6.5962081646892580e-03,6.2759013316066037e-05,-3.4212262145520232e-03,1.0000000000000000e+00,
1.0006355390637101e+00,-5.9188244857793487e-03,1.0000000000000047e+00,1.9681016927501187e-13,2.6392275457250643e-02,-3.3605974001932500e-02,2.6920791637574659e-08,-9.6933890048861459e-04,1.0000000000000000e+00,
1.0001529689218691e+00,-2.9258975551576675e-03,1.0000000000000027e+00,2.3729611431147322e-13,8.1421315600131248e-03,-3.0584858582538062e-02,3.9730003781671130e-06,-3.3946193723053753e-04,1.0000000000000000e+00,
1.0000412353419292e+00,-1.3475234168469463e-03,1.0000000000000009e+00,2.6337654367709654e-13,1.9591695578954527e-03,-1.6057035229350002e-02,4.1104597256653996e-05,-1.5194498401782853e-04,1.0000000000000000e+00,
1.0000137290265243e+00,-5.9045516342744403e-04,9.9999999999999634e-01,2.7974536873230033e-13,-2.3083617017490292e-04,-6.0992310828285956e-03,2.4241350347680921e-05,-5.5531634393968849e-05,1.0000000000000000e+00,
1.0000042223311354e+00,4.2200764594571385e-06,9.9999999999890032e-01,-1.4004835311336532e-12,-5.6832015752401299e-01,-5.1723497088083359e-01,9.2112174243176408e-03,6.4872554048506165e-03,1.0000000000000000e+00,
1.0025270630078800e+00,7.3289489867455827e-05,9.9999999999893818e-01,-2.7916478824208450e-12,-5.9999563717977467e-01,-1.7005173151843997e-01,9.5472546027177557e-05,1.8880065395145357e-03,1.0000000000000000e+00,
1.0069658545966504e+00,-2.0768783958598678e-03,9.9999999999963241e-01,-1.4198630618565825e-13,-4.0917803350721149e-01,5.3299041257422533e-03,2.9671838321435051e-06,-5.3664893593922654e-04,1.0000000000000000e+00,
1.0045707739225529e+00,-2.6729932766968393e-03,9.9999999999990019e-01,1.8512933295352042e-13,-1.3219450359136395e-01,2.1556492321124455e-03,1.7714167910298784e-07,-7.1744161278498723e-04,1.0000000000000000e+00,
1.0022327944374660e+00,-2.5101644246659062e-03,9.9999999999992673e-01,1.9563241947136991e-13,-1.5186895276952658e-02,2.8542365378375449e-04,1.0621069540354966e-07,-6.2378984415495972e-04,1.0000000000000000e+00,
1.0010460481336696e+00,-1.6011140556992300e-03,9.9999999999992428e-01,2.3671432398817301e-13,1.3130651063275430e-02,-5.5087437555930560e-03,1.0018657474811232e-07,-3.3919116966080854e-04,1.0000000000000000e+00,
1.0004980495486124e+00,-8.3386498460582311e-04,9.9999999999992872e-01,2.6299827901257212e-13,7.5335553341861318e-03,-5.4827163865358367e-03,3.3458210170738550e-06,-1.7871047807608599e-04,1.0000000000000000e+00,
1.0002681299199210e+00,-3.8648860275999008e-04,9.9999999999994560e-01,2.7950706825180146e-13,-5.9972159828255924e-04,-3.0136204807796598e-03,2.2020507310985520e-06,-7.1706267429894901e-05,1.0000000000000000e+00,

64,9
1.0034414519108070e+00,-4.2200764589396064e-06,1.0000000000000431e+00,2.2314585104596078e-12,-1.3317021936471579e-02,5.1723497088008596e-01,2.5564775095507399e+00,1.0556815517944497e-02,1.0000000000000000e+00,
1.0094384621382617e+00,-7.3289489867399990e-05,1.0000000000000278e+00,9.7739248439390667e-13,-3.3972510965949582e-01,1.7005173151857267e-01,3.0201147522983807e-01,7.0753136931894847e-03,1.0000000000000000e+00,
1.0096274602848359e+00,2.0768783958622604e-03,1.0000000000000289e+00,1.9328804098918490e-13,-8.1365409789079052e-02,-5.3299041256641908e-03,3.1514612052325336e-03,2.5911683086511637e-03,1.0000000000000000e+00,
1.0078226310400522e+00,2.6729932766979916e-03,1.0000000000000187e+00,2.0302611193445617e-13,2.6441115814481275e-02,-2.1556492320924095e-03,1.9463013314360844e-03,2.8193050485312145e-04,1.0000000000000000e+00,
1.0046294043624688e+00,2.5101644246667090e-03,1.0000000000000098e+00,2.3991138662550321e-13,3.0322121961885384e-02,-2.8542365382280745e-04,4.7132842472055736e-04,-3.2843974626109418e-04,1.0000000000000000e+00,
1.0025570198874751e+00,1.6011140557003517e-03,1.0000000000000062e+00,2.6479886387961114e-13,2.4310241968901664e-02,5.5087437554444873e-03,3.3339254132667452e-04,-1.6393010133703827e-04,1.0000000000000000e+00,
1.0012870140310106e+00,8.3386498460641563e-04,1.0000000000000104e+00,2.8069254653128666e-13,1.3195646500104123e-02,5.4827163865686559e-03,2.4080822158449122e-04,-6.2119801621995948e-05,1.0000000000000000e+00,
1.0006381870281955e+00,3.8648860276025392e-04,1.0000000000000409e+00,2.8606518078871464e-13,8.7934301550668774e-03,3.0136204808981822e-03,5.0479419023877420e-03,1.8741300085987678e-07,1.0000000000000000e+00,
1.0106584206629687e+00,-1.7737139642243904e-04,1.0000000000001150e+00,2.4243239282853075e-12,-2.5140390647887707e-02,1.9719654022037394e+00,7.5182354772560549e+00,2.1558188269269554e-02,1.0000000000000000e+00,
1.0219914386967033e+00,-1.6428537709302963e-03,1.0000000000000111e+00,1.0507260584930790e-12,-4.4703599761926954e-01,3.8974318607712494e-01,1.0938632347627542e+00,9.8113108041660811e-03,1.0000000000000000e+00,
1.0211980711704323e+00,8.8211403778920873e-03,1.0000000000000107e+00,1.8322650001861103e-13,3.5224455918834635e-01,-2.0998930339271032e-01,1.1873358392168465e-02,1.4672634810315283e-03,1.0000000000000000e+00,
1.0094465343158658e+00,8.8271879097723428e-03,1.0000000000000098e+00,1.9548222900958532e-13,3.4153514641656507e-01,6.5962081640919962e-03,8.3137423766616037e-03,-6.7503936402781050e-04,1.0000000000000000e+00,
1.0043373717749249e+00,5.9188244857794328e-03,1.0000000000000078e+00,2.3540340895763754e-13,1.3701302274567012e-01,3.3605974001790488e-02,7.4352469917257635e-04,-2.4367867777153133e-04,1.0000000000000000e+00,
1.0020705270745343e+00,2.9258975551575751e-03,1.0000000000000062e+00,2.6211836379189240e-13,3.4410811523213999e-02,3.0584858582267935e-02,3.1898398651468429e-04,-5.5014094100440424e-05,1.0000000000000000e+00,
1.0009592822822579e+00,1.3475234168465560e-03,1.0000000000000067e+00,2.7909491382365310e-13,1.3101948953687234e-02,1.6057035229453193e-02,1.6761113731736388e-04,-1.2176273387740208e-05,1.0000000000000000e+00,
1.0004557753478573e+00,5.9045516342691256e-04,1.0000000000000084e+00,2.8508188352407910e-13,7.0984273668900566e-03,6.0992310827536634e-03,7.5495319424503850e-03,7.2136302832600050e-08,1.0000000000000000e+00,
1.0329137799925907e+00,-6.6752207043488236e-04,1.0000000000001186e+00,2.6317997463650598e-12,-8.4779526568845229e-02,6.5445772793873820e+00,1.5915003798936528e+01,5.9604397977613077e-02,1.0000000000000000e+00,
1.0844395600390162e+00,2.8041780112555911e-02,1.0000000000000155e+00,1.0797439646070581e-12,3.5020276438534683e+00,2.8123156488746148e+00,1.9507338207465308e+00,1.9186109752527832e-02,1.0000000000000000e+00,
1.0625440316885257e+00,4.3432274931536757e-02,1.0000000000000111e+00,1.8764722737104000e-13,5.4359698800048353e+00,8.9390256264638601e-01,2.0464487081710558e-01,-3.8848833649699974e-03,1.0000000000000000e+00,
1.0094262835002277e+00,2.4752839852572320e-02,1.0000000000000060e+00,1.9894804852396295e-13,1.1586393316378654e+00,8.7735370074750962e-01,1.2323758492593928e-02,3.2207410036403370e-04,1.0000000000000000e+00,
1.0022433283924859e+00,7.8090692637784514e-03,1.0000000000000047e+00,2.3527917907226590e-13,1.5320043032070030e-01,2.5551451859457813e-01,4.3624716810741759e-03,3.9284667870404530e-04,1.0000000000000000e+00,
1.0004403728503843e+00,3.1259942499774398e-03,1.0000000000000027e+00,2.6199248004791608e-13,3.2130534038069265e-02,6.4744902226059386e-02,9.0196976836043330e-04,2.9664422652037227e-04,1.0000000000000000e+00,
1.0000729587758539e+00,1.3697732634242268e-03,1.0000000000000018e+00,2.7903667607075959e-13,6.5915695101033027e-03,2.0531930702604374e-02,2.4060305384519115e-04,1.4275388117237199e-04,1.0000000000000000e+00,
1.0000058949384774e+00,5.9340004480423736e-04,1.0000000000000022e+00,2.8505430122094357e-13,1.3159847574680747e-03,6.6690857084697013e-03,7.5660637915523970e-03,5.3370743078540708e-05,1.0000000000000000e+00,
1.0342933111822543e+00,-1.6279005639978272e-04,1.0000000000001261e+00,2.6204982347509817e-12,5.6798115745197777e+01,4.8044041516322196e+01,1.5491933285886461e+01,2.6416978546470676e-01,1.0000000000000000e+00,
1.4570874925073314e+00,7.7582553078688621e-01,1.0000000000003308e+00,1.7678489435994026e-12,7.2990994535811035e+02,5.3195031808439933e+02,2.5003384922821569e+03,5.0457392902872455e-01,1.0000000000000000e+00,
1.1035978805102180e+00,5.7989762970372349e-01,1.0000000000000782e+00,8.3032837349874961e-13,2.7379070096136763e+02,1.7449261563202563e+02,1.8681122234967125e+02,1.4231468753592563e-01,1.0000000000000000e+00,
9.9712331501330043e-01,2.7473111173546016e-02,9.9999999999999922e-01,1.9847279280350089e-13,1.1058797742191939e+00,2.1990921990433825e+00,1.4546307724497970e-01,1.2690588910353184e-02,1.0000000000000000e+00,
9.9772473131176687e-01,7.5069047282595074e-03,9.9999999999999967e-01,2.3537349811459546e-13,1.2228867794726400e-02,2.7826904144418330e-01,5.4658888480642320e-03,2.4230136555338285e-03,1.0000000000000000e+00,
9.9894293166016279e-01,2.6341442923776708e-03,9.9999999999999967e-01,2.6195574761441838e-13,-1.3714171290342107e-02,6.4307623602661540e-02,9.1038418708923319e-04,7.2293287966987841e-04,1.0000000000000000e+00,
9.9949958091696511e-01,1.0478218663363529e-03,1.0000000000000004e+00,2.7903109553562197e-13,-7.4844634020063009e-03,1.8944555923970201e-02,2.3023449126375467e-04,2.5981482798026272e-04,1.0000000000000000e+00,
9.9973141504329965e-01,4.3101743898629568e-04,1.0000000000000011e+00,2.8505313800249327e-13,3.4957609423815275e-04,5.6598015317403608e-03,5.3832327327842967e-03,8.7224096097518266e-05,1.0000000000000000e+00,
1.0342933111822594e+00,1.4146865739606135e-01,1.0000000000001890e+00,2.8689169450008897e-12,5.6798115745198920e+01,-5.2175321705481426e-01,1.5491933285886523e+01,2.6416978546470737e-01,1.0000000000000000e+00,
1.4570874925073674e+00,6.5925899585457293e-01,1.0000000000001747e+00,1.8436443767915271e-12,7.2990994535790082e+02,4.3085039521446072e+02,2.5003384922824166e+03,5.0457392902873410e-01,1.0000000000000000e+00,
1.1035978805102236e+00,-2.4803672459578858e-03,1.0000000000001181e+00,8.4633126297851006e-13,2.7379070096136093e+02,1.9090339552471974e+01,1.8681122234966907e+02,1.4231468753592177e-01,1.0000000000000000e+00,
9.9712331501330431e-01,-3.7885689332967234e-04,1.0000000000000084e+00,2.0112526648355278e-13,1.1058797742192086e+00,-2.0676982215323901e-02,1.4546307724611074e-01,1.2690588910352942e-02,1.0000000000000000e+00,
9.9772473131176820e-01,-1.1118555395012023e-04,1.0000000000000051e+00,2.3538073114501463e-13,1.2228867795152816e-02,-3.4680299995292429e-03,5.4658888478914536e-03,2.4230136555339170e-03,1.0000000000000000e+00,
9.9894293166016412e-01,-4.1342915047200641e-05,1.0000000000000033e+00,2.6195970113803432e-13,-1.3714171290945838e-02,-8.6476372034058986e-04,9.1038418809710753e-04,7.2293287966991820e-04,1.0000000000000000e+00,
9.9949958091696534e-01,-1.6597891484466926e-05,1.0000000000000013e+00,2.7903597703212164e-13,-7.4844634021074066e-03,-2.4281243964671781e-04,2.3023449099556642e-04,2.5981482798024760e-04,1.0000000000000000e+00,
9.9973141504329965e-01,-5.7336983437942453e-06,1.0000000000000011e+00,2.8505897173919744e-13,3.4957609429667766e-04,-3.4566329299264147e-07,5.3832327326467765e-03,8.7224096097439661e-05,1.0000000000000000e+00,
1.0329137799925945e+00,7.1123680122009189e-02,1.0000000000001297e+00,2.9409955818517337e-12,-8.4779526557825224e-02,-5.9463779245564152e-01,1.5915003798937267e+01,5.9604397977613188e-02,1.0000000000000000e+00,
1.0844395600390206e+00,7.1014044196200096e-02,1.0000000000000648e+00,1.2575333716707714e-12,3.5020276438543410e+00,1.1496249675107601e+01,1.9507338207448932e+00,1.9186109752517982e-02,1.0000000000000000e+00,
1.0625440316885328e+00,-1.1161428888763146e-04,1.0000000000000220e+00,1.9157980867603281e-13,5.4359698800070726e+00,7.6752512211339665e+00,2.0464487081887639e-01,-3.8848833649746759e-03,1.0000000000000000e+00,
1.0094262835002299e+00,-6.3925403584505526e-03,1.0000000000000058e+00,2.0263001821708465e-13,1.1586393316383956e+00,3.4046779061109478e-01,1.2323758492699399e-02,3.2207410036179200e-04,1.0000000000000000e+00,
1.0022433283924885e+00,-2.9007172477097179e-03,1.0000000000000056e+00,2.3534198120353144e-13,1.5320043032003827e-01,-2.4051748041532702e-02,4.3624716808812747e-03,3.9284667870212014e-04,1.0000000000000000e+00,
1.0004403728503850e+00,-1.1566077268207753e-03,1.0000000000000042e+00,2.6200397707218838e-13,3.2130534037151340e-02,-1.7584456282063201e-02,9.0196976746045876e-04,2.9664422651855813e-04,1.0000000000000000e+00,
1.0000729587758537e+00,-4.7785697373961788e-04,1.0000000000000029e+00,2.7904775181584721e-13,6.5915695102782600e-03,-6.3922875857742112e-03,2.4060305485098382e-04,1.4275388117180479e-04,1.0000000000000000e+00,
1.0000058949384762e+00,-1.6670308847767956e-04,1.0000000000000011e+00,2.8506159863160417e-13,1.3159847577978935e-03,1.0151712644084571e-05,7.5660637923235900e-03,5.3370743077728823e-05,1.0000000000000000e+00,
1.0106584206629701e+00,2.1845222499195172e-02,1.0000000000000828e+00,2.9802526653833245e-12,-2.5140390644660081e-02,-2.1939009610089116e-01,7.5182354772563924e+00,2.1558188269269796e-02,1.0000000000000000e+00,
1.0219914386967068e+00,2.1788110247480875e-02,1.0000000000000315e+00,1.2839469404275051e-12,-4.4703599761884505e-01,1.2638400481189533e+00,1.0938632347640753e+00,9.8113108041598864e-03,1.0000000000000000e+00,
1.0211980711704352e+00,2.0000824446778044e-03,1.0000000000000220e+00,1.8938320400435464e-13,3.5224455918846764e-01,1.2522666377174101e+00,1.1873358392108790e-02,1.4672634810251536e-03,1.0000000000000000e+00,
1.0094465343158678e+00,-2.4242100104021665e-03,1.0000000000000160e+00,1.9947240341731533e-13,3.4153514641688898e-01,3.4991177153357389e-01,8.3137423764527429e-03,-6.7503936403106213e-04,1.0000000000000000e+00,
1.0043373717749247e+00,-1.7634392889007329e-03,1.0000000000000109e+00,2.3541113509487640e-13,1.3701302274546667e-01,5.0349315221477939e-02,7.4352469711970459e-04,-2.4367867777421359e-04,1.0000000000000000e+00,
1.0020705270745345e+00,-9.2065025434691892e-04,1.0000000000000060e+00,2.6204091564232827e-13,3.4410811523328172e-02,2.8515656282286118e-05,3.1898398605949285e-04,-5.5014094102142750e-05,1.0000000000000000e+00,
1.0009592822822564e+00,-4.2876946295018244e-04,1.0000000000000042e+00,2.7905726634037472e-13,1.3101948953738722e-02,-3.4440370580459301e-03,1.6761113746256023e-04,-1.2176273388200394e-05,1.0000000000000000e+00,
1.0004557753478567e+00,-1.5601445390092452e-04,1.0000000000000020e+00,2.8506513864057376e-13,7.0984273680406449e-03,1.9272435394291751e-05,7.5495319427351182e-03,7.2136303179657136e-08,1.0000000000000000e+00,
1.0034414519108088e+00,7.0109182058253703e-03,1.0000000000001998e+00,3.0382554900263944e-12,-1.3317021936901444e-02,-6.0232781003105411e-03,2.5564775095501711e+00,1.0556815517940427e-02,1.0000000000000000e+00,
1.0094384621382642e+00,7.0221906840834142e-03,1.0000000000001741e+00,1.3075807280832519e-12,-3.3972510966772962e-01,2.2600020766571144e-01,3.0201147522992899e-01,7.0753136931836465e-03,1.0000000000000000e+00,
1.0096274602848385e+00,1.7450680004986051e-03,1.0000000000000810e+00,1.9503479316604045e-13,-8.1365409788778209e-02,2.6005772034449270e-01,3.1514612078234298e-03,2.5911683086467744e-03,1.0000000000000000e+00,
1.0078226310400524e+00,-5.3133928548352575e-05,1.0000000000000329e+00,2.0428216170717313e-13,2.6441115815017999e-02,1.8516736311032192e-01,1.9463013319443584e-03,2.8193050484811942e-04,1.0000000000000000e+00,
1.0046294043624666e+00,-5.3903591739178167e-05,1.0000000000000115e+00,2.3740869571376282e-13,3.0322121961304262e-02,4.8435628779800725e-02,4.7132842386186924e-04,-3.2843974626351597e-04,1.0000000000000000e+00,
1.0025570198874747e+00,-2.9692165065467225e-05,1.0000000000000064e+00,2.6320552269942744e-13,2.4310241968549494e-02,2.9088444419367006e-03,3.3339254337638041e-04,-1.6393010133909357e-04,1.0000000000000000e+00,
1.0012870140310104e+00,-1.4183888621283053e-05,1.0000000000000044e+00,2.7974769036035261e-13,1.3195646500642887e-02,-9.7547225303023003e-05,2.4080822136858591e-04,-6.2119801622748168e-05,1.0000000000000000e+00,
1.0006381870281951e+00,-5.2084640565752720e-06,1.0000000000000164e+00,2.8548355114646924e-13,8.7934301526112583e-03,1.8422282882417077e-05,5.0479419035842459e-03,1.8741299946329979e-07,1.0000000000000000e+00,

