1
1
8
0
(17 0
((240,72) (247,79) (0,0))
((200,96) (207,119) (0,0))
((224,136) (255,143) (0,0))
((240,144) (255,159) (0,0))
((240,200) (255,215) (0,0))
((168,208) (199,231) (0,0))
((232,208) (239,215) (0,0))
((224,216) (247,231) (0,0))
((248,224) (255,231) (0,0))
((8,224) (15,239) (0,0))
((184,232) (199,239) (0,0))
((224,232) (255,255) (0,0))
((16,240) (63,255) (0,0))
((200,240) (215,247) (0,0))
((0,248) (15,255) (0,0))
((64,248) (159,255) (0,0))
((160,248) (223,255) (0,0))
)
17
FabOnDisk: Cell_D_00000 0
FabOnDisk: Cell_D_00000 4182
FabOnDisk: Cell_D_00003 0
FabOnDisk: Cell_D_00003 16472
FabOnDisk: Cell_D_00002 0
FabOnDisk: Cell_D_00001 0
FabOnDisk: Cell_D_00002 16472
FabOnDisk: Cell_D_00002 20656
FabOnDisk: Cell_D_00002 45320
FabOnDisk: Cell_D_00000 16557
FabOnDisk: Cell_D_00001 49240
FabOnDisk: Cell_D_00002 49504
FabOnDisk: Cell_D_00000 24834
FabOnDisk: Cell_D_00002 98744
FabOnDisk: Cell_D_00000 74072
FabOnDisk: Cell_D_00003 32944
FabOnDisk: Cell_D_00001 57520

17,8
-5.9359181780195995e-02,-2.2647149786129447e-01,9.9999999427475905e-01,0.0000000000000000e+00,-1.0522974913191149e+01,-4.7204075879700895e+01,2.2425324219971632e-01,-9.8647983067141554e-01,
-2.2744718326030211e-01,-1.2960528167176072e-01,9.9997514537981014e-01,0.0000000000000000e+00,-6.1998838527820439e+01,-1.8970786467224855e+01,1.2654996582576716e-01,-7.3007583470064974e-01,
-2.4185963003109026e-01,-3.1590988239371232e-01,9.9963212479302310e-01,0.0000000000000000e+00,-2.4237030843059870e+01,-1.0145770960868103e+02,4.1293619328712783e-02,-2.0094720528599730e+00,
-9.5105392927120627e-02,-3.8391940447969136e-01,9.9946361868705824e-01,0.0000000000000000e+00,6.9470734440338333e-01,-4.9247742096838351e+01,3.1056863511224719e-02,-2.0793270898676361e+00,
-1.5591255261076892e-01,-3.7301670557327193e-01,9.9998260738103795e-01,0.0000000000000000e+00,-9.7958164788976319e+01,-7.2851778430650597e+01,2.1235384368358368e-02,4.1546251162940759e+00,
-4.0469535216811747e-01,-2.0387989043955546e-01,9.9976751564702460e-01,0.0000000000000000e+00,-2.1564923749380284e+01,-2.3776637961915924e+01,7.4368745657338309e-04,2.9166620806877974e-01,
-3.0994256180999036e-01,-4.1300271648005366e-01,9.9992370401657205e-01,0.0000000000000000e+00,-3.3186417095651905e+01,-1.0057903543882412e+02,6.0528010993441939e-01,5.0723718635589581e+00,
-2.1925379076634985e-01,-4.0844650907765317e-01,9.9967007448795919e-01,0.0000000000000000e+00,-5.5885656410687261e+01,-6.3515769522669757e+01,6.4977922451573633e-02,2.0653447347713620e+00,
-1.4611895044494036e-01,-4.5246958416449368e-01,9.9999982538304111e-01,0.0000000000000000e+00,-1.9450683106369183e+01,-6.0499239585288024e+01,9.1579873702799830e-01,4.2721892201923426e+00,
-9.0057613751975019e-02,-1.4424690101386400e-04,9.9801009130531515e-01,0.0000000000000000e+00,-2.1503050324896606e+01,-4.0926718182159163e+01,5.4582132037199305e-02,-3.3460091798753666e+00,
-4.5305785117907699e-02,-1.0359348875068573e-01,9.9983065783590930e-01,0.0000000000000000e+00,-1.0602751212723291e+01,-9.4277800830673812e+01,3.7575773127873369e-01,6.6496495689223237e-02,
-1.3337822152098999e-01,-5.9561342403629325e-01,9.9983672707768012e-01,0.0000000000000000e+00,4.3025583112574850e-01,-2.4671907124541917e+01,4.2773216708655859e-03,1.4171747117584550e+00,
-1.4593335972305116e-01,1.2625088304804544e-05,9.9520597241752529e-01,0.0000000000000000e+00,-9.5306815526100195e+00,-2.2154776616098275e+01,8.3437186592423274e-03,-3.8016715891199873e+00,
8.7252515941472014e-02,-1.1325675251546354e-01,9.9976835338465808e-01,0.0000000000000000e+00,2.4217534165841244e+01,-1.0112894490804231e+02,2.7047537098453489e-01,-9.6796941654108493e-01,
-1.4382622825830860e-01,2.0117777118305318e-03,9.9721422132437421e-01,0.0000000000000000e+00,-1.0570355541206936e+01,-4.4759218969775247e+01,9.3255969319988807e-02,-4.4722560674357803e+00,
2.8482862584864155e-01,-1.4442913838531499e-02,9.9799316253847992e-01,0.0000000000000000e+00,-4.4456055892404720e+00,-2.4263439198023946e+01,1.1450417552106918e+01,-1.5884288853581168e+00,
3.6402208920487322e-01,-1.4481897067700020e-01,9.9983702216613346e-01,0.0000000000000000e+00,-3.2706166660655072e+01,-6.9782738878596319e+01,3.3300233479435448e-02,-8.9065690864841707e-01,

17,8
7.0755108058919880e-02,2.3408472576432030e-02,1.0000000000356395e+00,0.0000000000000000e+00,3.2567799044377978e+01,-5.9495666505889631e+00,1.8312820855958595e+01,-3.8433415527315046e-01,
4.8671544243748213e-02,1.2471841714954965e-01,1.0000272943553730e+00,0.0000000000000000e+00,4.7545293737200467e+00,3.2720078542517982e+01,2.5701630165673560e+01,8.5479022737056543e-01,
2.2136376251781864e-01,9.1629222258095416e-02,1.0004909308120082e+00,0.0000000000000000e+00,7.6317168611588443e+01,-2.4928160214234083e+00,3.7973914768212040e+01,6.7280066310434317e-01,
6.8391255060228237e-02,6.6189585148852439e-02,1.0001374143404014e+00,0.0000000000000000e+00,8.0109492710404453e+01,3.2531470796709044e+01,3.2331894616283392e+01,-2.7635055842264111e-01,
5.6268817547791367e-02,9.7097319363102841e-02,1.0001546763447688e+00,0.0000000000000000e+00,1.8298214261378803e+01,3.6049689198755686e+01,3.1943944236783921e+01,6.5205648293148384e+00,
1.6686316021712810e-01,2.2643001221300069e-01,1.0004246755281938e+00,0.0000000000000000e+00,2.8576909219419690e+01,2.4925177285670230e+01,3.6913200665462568e+01,1.2953767775197889e+00,
1.5023273055623548e-02,-1.6111626111696328e-01,1.0000005649465695e+00,0.0000000000000000e+00,8.2534219956542529e+01,-1.5312443362256431e+01,2.5143688834918756e+01,6.7405262894923901e+00,
9.8404947253897146e-02,-1.6093058628719740e-02,1.0008096482613718e+00,0.0000000000000000e+00,6.6190356457630230e+01,3.6003970847971232e+01,2.1434752128188087e+01,5.0480608169794792e+00,
3.4786936605885423e-02,-1.0437619093581109e-02,1.0000000142233874e+00,0.0000000000000000e+00,3.6674778646203663e+01,-6.0754186350720829e+00,2.8579310527017906e+01,5.4060767416119226e+00,
5.5264677438743425e-03,2.0331605727012736e-01,1.0000174012989542e+00,0.0000000000000000e+00,9.3716148963537194e+00,-1.2346322412615962e+01,2.6928512053104921e+01,-1.5830258755219038e+00,
2.4871724122257741e-01,1.1562037118159345e-01,1.0000209819988599e+00,0.0000000000000000e+00,7.3440917494083166e+01,9.7796412310643177e+00,2.4869907399877452e+01,1.3712428409085782e+00,
9.3888109099682271e-01,-6.6042173577363105e-04,1.0001478167799569e+00,0.0000000000000000e+00,1.1116008424356130e+02,8.3962949013961406e+01,1.3878568412729985e+02,4.3468534699055930e+00,
9.2173051660351479e-01,2.2256404633717597e-01,1.0035425993775950e+00,0.0000000000000000e+00,4.2095366805754168e+01,1.2074816719125835e+02,6.2301932128446445e+01,-1.4010301126957501e+00,
3.4763452938518807e-01,1.2547973824724418e-01,1.0005783504767407e+00,0.0000000000000000e+00,9.6044279709500458e+01,3.0846671699964020e+01,2.5117237059173448e+01,2.5904824228986278e+00,
8.3340830869748972e-01,2.4863900492185517e-01,1.0042483811029410e+00,0.0000000000000000e+00,6.1950679923245502e+01,2.5825183537711496e+01,1.4483601213829303e+02,-3.8372115140945375e+00,
9.5881818911052230e-01,5.7102243857685031e-02,1.0024968841041457e+00,0.0000000000000000e+00,1.4360127202841483e+01,1.0062997287153323e+01,2.8097891022135109e+01,-5.8791016707292965e-01,
9.5292231164517627e-01,1.3026557642359252e-01,1.0000426733261309e+00,0.0000000000000000e+00,7.1976744226549144e+01,6.8799346693715762e+01,6.1631017412897592e+01,2.3619373881908796e+00,

