1
1
4
4
(64 0
((0,0) (15,15) (0,0))
((16,0) (31,15) (0,0))
((32,0) (47,15) (0,0))
((48,0) (63,15) (0,0))
((64,0) (79,15) (0,0))
((80,0) (95,15) (0,0))
((96,0) (111,15) (0,0))
((112,0) (127,15) (0,0))
((0,16) (15,31) (0,0))
((16,16) (31,31) (0,0))
((32,16) (47,31) (0,0))
((48,16) (63,31) (0,0))
((64,16) (79,31) (0,0))
((80,16) (95,31) (0,0))
((96,16) (111,31) (0,0))
((112,16) (127,31) (0,0))
((0,32) (15,47) (0,0))
((16,32) (31,47) (0,0))
((32,32) (47,47) (0,0))
((48,32) (63,47) (0,0))
((64,32) (79,47) (0,0))
((80,32) (95,47) (0,0))
((96,32) (111,47) (0,0))
((112,32) (127,47) (0,0))
((0,48) (15,63) (0,0))
((16,48) (31,63) (0,0))
((32,48) (47,63) (0,0))
((48,48) (63,63) (0,0))
((64,48) (79,63) (0,0))
((80,48) (95,63) (0,0))
((96,48) (111,63) (0,0))
((112,48) (127,63) (0,0))
((0,64) (15,79) (0,0))
((16,64) (31,79) (0,0))
((32,64) (47,79) (0,0))
((48,64) (63,79) (0,0))
((64,64) (79,79) (0,0))
((80,64) (95,79) (0,0))
((96,64) (111,79) (0,0))
((112,64) (127,79) (0,0))
((0,80) (15,95) (0,0))
((16,80) (31,95) (0,0))
((32,80) (47,95) (0,0))
((48,80) (63,95) (0,0))
((64,80) (79,95) (0,0))
((80,80) (95,95) (0,0))
((96,80) (111,95) (0,0))
((112,80) (127,95) (0,0))
((0,96) (15,111) (0,0))
((16,96) (31,111) (0,0))
((32,96) (47,111) (0,0))
((48,96) (63,111) (0,0))
((64,96) (79,111) (0,0))
((80,96) (95,111) (0,0))
((96,96) (111,111) (0,0))
((112,96) (127,111) (0,0))
((0,112) (15,127) (0,0))
((16,112) (31,127) (0,0))
((32,112) (47,127) (0,0))
((48,112) (63,127) (0,0))
((64,112) (79,127) (0,0))
((80,112) (95,127) (0,0))
((96,112) (111,127) (0,0))
((112,112) (127,127) (0,0))
)
64
FabOnDisk: SD_0_Old_MF_D_00000 0
FabOnDisk: SD_0_Old_MF_D_00000 18516
FabOnDisk: SD_0_Old_MF_D_00000 37032
FabOnDisk: SD_0_Old_MF_D_00000 55548
FabOnDisk: SD_0_Old_MF_D_00000 74064
FabOnDisk: SD_0_Old_MF_D_00000 92580
FabOnDisk: SD_0_Old_MF_D_00000 111096
FabOnDisk: SD_0_Old_MF_D_00000 129613
FabOnDisk: SD_0_Old_MF_D_00000 148131
FabOnDisk: SD_0_Old_MF_D_00000 166647
FabOnDisk: SD_0_Old_MF_D_00000 185163
FabOnDisk: SD_0_Old_MF_D_00000 203679
FabOnDisk: SD_0_Old_MF_D_00000 222195
FabOnDisk: SD_0_Old_MF_D_00000 240711
FabOnDisk: SD_0_Old_MF_D_00000 259227
FabOnDisk: SD_0_Old_MF_D_00000 277744
FabOnDisk: SD_0_Old_MF_D_00000 296262
FabOnDisk: SD_0_Old_MF_D_00000 314778
FabOnDisk: SD_0_Old_MF_D_00000 333294
FabOnDisk: SD_0_Old_MF_D_00000 351810
FabOnDisk: SD_0_Old_MF_D_00000 370326
FabOnDisk: SD_0_Old_MF_D_00000 388842
FabOnDisk: SD_0_Old_MF_D_00000 407358
FabOnDisk: SD_0_Old_MF_D_00000 425875
FabOnDisk: SD_0_Old_MF_D_00000 444393
FabOnDisk: SD_0_Old_MF_D_00000 462909
FabOnDisk: SD_0_Old_MF_D_00000 481425
FabOnDisk: SD_0_Old_MF_D_00000 499941
FabOnDisk: SD_0_Old_MF_D_00000 518457
FabOnDisk: SD_0_Old_MF_D_00000 536973
FabOnDisk: SD_0_Old_MF_D_00000 555489
FabOnDisk: SD_0_Old_MF_D_00000 574006
FabOnDisk: SD_0_Old_MF_D_00000 592524
FabOnDisk: SD_0_Old_MF_D_00000 611040
FabOnDisk: SD_0_Old_MF_D_00000 629556
FabOnDisk: SD_0_Old_MF_D_00000 648072
FabOnDisk: SD_0_Old_MF_D_00000 666588
FabOnDisk: SD_0_Old_MF_D_00000 685104
FabOnDisk: SD_0_Old_MF_D_00000 703620
FabOnDisk: SD_0_Old_MF_D_00000 722137
FabOnDisk: SD_0_Old_MF_D_00000 740655
FabOnDisk: SD_0_Old_MF_D_00000 759171
FabOnDisk: SD_0_Old_MF_D_00000 777687
FabOnDisk: SD_0_Old_MF_D_00000 796203
FabOnDisk: SD_0_Old_MF_D_00000 814719
FabOnDisk: SD_0_Old_MF_D_00000 833235
FabOnDisk: SD_0_Old_MF_D_00000 851751
FabOnDisk: SD_0_Old_MF_D_00000 870268
FabOnDisk: SD_0_Old_MF_D_00000 888786
FabOnDisk: SD_0_Old_MF_D_00000 907303
FabOnDisk: SD_0_Old_MF_D_00000 925820
FabOnDisk: SD_0_Old_MF_D_00000 944337
FabOnDisk: SD_0_Old_MF_D_00000 962854
FabOnDisk: SD_0_Old_MF_D_00000 981371
FabOnDisk: SD_0_Old_MF_D_00000 999888
FabOnDisk: SD_0_Old_MF_D_00000 1018406
FabOnDisk: SD_0_Old_MF_D_00000 1036925
FabOnDisk: SD_0_Old_MF_D_00000 1055443
FabOnDisk: SD_0_Old_MF_D_00000 1073961
FabOnDisk: SD_0_Old_MF_D_00000 1092479
FabOnDisk: SD_0_Old_MF_D_00000 1110997
FabOnDisk: SD_0_Old_MF_D_00000 1129515
FabOnDisk: SD_0_Old_MF_D_00000 1148033
FabOnDisk: SD_0_Old_MF_D_00000 1166552

64,4
-4.7615680192954618e-01,-8.0932384831088133e-01,9.9999999999999967e-01,-3.8910948169455286e-11,
2.8068271525167265e-01,-6.4308206024947567e-01,9.9999999999999944e-01,1.7464300812514301e-11,
6.0688016879836293e-01,-8.6586862925461361e-02,9.9999999999999944e-01,1.1144926661795261e-11,
3.6994517349447797e-01,5.6313076488925242e-03,9.9999999999999967e-01,6.8453380346858242e-12,
1.7787789508426366e-01,4.5049566625667298e-03,1.0000000000000000e+00,4.1797259538166635e-12,
8.2296627072975845e-02,2.4402124335937254e-03,1.0000000000000000e+00,2.5520765156690939e-12,
3.7598653130525052e-02,1.2026183449566066e-03,9.9999999999999989e-01,1.5861500981106693e-12,
1.7133626225788096e-02,2.6998918096572319e-04,9.9999999999999944e-01,1.2554705717051434e-12,
-8.6174172837543572e-01,-2.6291440635275696e+00,9.9999999999999978e-01,-4.1866771958606006e-11,
5.0885339686198605e-01,-1.8387648876169804e+00,1.0000000000000000e+00,1.7987231773282747e-11,
6.8674061951517773e-01,-8.5896620970316737e-02,1.0000000000000000e+00,1.1471122733766413e-11,
1.9161436071118609e-01,2.3774414813247097e-01,1.0000000000000000e+00,7.0417356361353359e-12,
4.4624064907477709e-02,1.4553233486216785e-01,1.0000000000000000e+00,4.2974472087820631e-12,
1.0856827260592294e-02,7.5151119633461438e-02,1.0000000000000000e+00,2.6226319669136096e-12,
2.8964855298629056e-03,3.6221217520348681e-02,1.0000000000000000e+00,1.6292396621165925e-12,
6.6600436716861516e-04,8.0932875077130879e-03,9.9999999999999989e-01,1.2904147541921765e-12,
-9.7706927541903044e-01,-7.0141086174650216e+00,9.9999999999999956e-01,-4.4611767102550706e-11,
1.6385980993100040e+00,-5.9652759714388264e+00,1.0000000000000000e+00,1.9186658180141384e-11,
-2.4902238976068106e-01,3.2632466607902377e-01,1.0000000000000000e+00,1.2218979597342692e-11,
-4.0050578254910452e-01,5.2014122058772005e-01,1.0000000000000000e+00,7.4927386149626478e-12,
-3.1992225610170311e-01,2.2359068377905650e-01,1.0000000000000000e+00,4.5677859132419466e-12,
-1.6044650167879715e-01,9.1369604404376165e-02,1.0000000000000000e+00,2.7846776240512917e-12,
-7.4547542613574921e-02,3.9693366117802484e-02,1.0000000000000000e+00,1.7279814816322420e-12,
-3.4068068781628505e-02,8.6759408640527773e-03,9.9999999999999989e-01,1.3678851456614116e-12,
-2.2674003107980997e+01,-1.7974995142244683e+01,9.9999999999999800e-01,-4.7070973870469079e-11,
-2.7955495642207120e+44,-2.7955495642207120e+44,9.9999999999999956e-01,0.0000000000000000e+00,
-2.5687015822883801e+01,1.3914925550815255e-01,9.9999999999999967e-01,1.2945398269440185e-11,
-2.5820134689980727e+00,2.6765212151746501e-02,9.9999999999999989e-01,7.9382410404039437e-12,
-7.3844371953838661e-01,8.4073870387431117e-03,1.0000000000000000e+00,4.8352315769550566e-12,
-2.7820384893628147e-01,3.2398163224029155e-03,1.0000000000000000e+00,2.9448131777022230e-12,
-1.1661242937697223e-01,1.3733147663746964e-03,1.0000000000000000e+00,1.8256116802108034e-12,
-5.1016778034922716e-02,2.9862054532771759e-04,1.0000000000000000e+00,1.4444549589788955e-12,
-2.2674003107983459e+01,-3.4346885280206628e+01,9.9999999999999634e-01,-4.9213726318857133e-11,
-2.7955495642207120e+44,-2.7955495642207120e+44,9.9999999999999978e-01,0.0000000000000000e+00,
-2.5687015822883843e+01,-1.6013352051789205e+01,9.9999999999999989e-01,1.3587795243573668e-11,
-2.5820134689980345e+00,-1.8955885611353112e+00,1.0000000000000000e+00,8.3394689328058983e-12,
-7.3844371953836796e-01,-5.5941712252321074e-01,1.0000000000000000e+00,5.0758425235899739e-12,
-2.7820384893630401e-01,-2.0297023692573976e-01,1.0000000000000000e+00,3.0887781857223354e-12,
-1.1661242937697393e-01,-8.2853422003985766e-02,1.0000000000000000e+00,1.9133412515778740e-12,
-5.1016778032279698e-02,-3.6004567300187779e-02,1.0000000000000000e+00,1.5131727667981570e-12,
-9.7706927541961652e-01,-3.3747975449727065e+01,9.9999999999999634e-01,-5.0947061102073718e-11,
1.6385980993096534e+00,-3.9422830484417291e+00,1.0000000000000000e+00,2.2330117193650641e-11,
-2.4902238976095431e-01,-4.2291749434015298e+00,1.0000000000000000e+00,1.4193172572935081e-11,
-4.0050578255059527e-01,-1.8255450404959210e+00,1.0000000000000000e+00,8.6858478434155746e-12,
-3.1992225610148317e-01,-5.9620330724961323e-01,1.0000000000000000e+00,5.2819179596907793e-12,
-1.6044650167875080e-01,-2.4636434091598539e-01,1.0000000000000000e+00,3.2119127691400419e-12,
-7.4547542613595794e-02,-1.0981966425733898e-01,1.0000000000000000e+00,1.9882637454420296e-12,
-3.4068068781682330e-02,-4.9952421124647685e-02,1.0000000000000000e+00,1.5718785194986882e-12,
-8.6174172837258978e-01,-1.7867799309133357e+01,9.9999999999999711e-01,-5.2226071271220985e-11,
5.0885339686076425e-01,-1.5878899207388969e-01,1.0000000000000000e+00,2.3108600668202132e-11,
6.8674061951535881e-01,-8.2242857742027542e-01,1.0000000000000000e+00,1.4667835330573093e-11,
1.9161436071116256e-01,-7.9568502367984939e-01,1.0000000000000000e+00,8.9644164928865091e-12,
4.4624064907283212e-02,-4.8275043545111324e-01,1.0000000000000000e+00,5.4475550941188204e-12,
1.0856827264183709e-02,-2.3424917096261441e-01,1.0000000000000000e+00,3.3107654110732736e-12,
2.8964855297481835e-03,-1.0844391720417819e-01,1.0000000000000000e+00,2.0484046562885690e-12,
6.6600436702768146e-04,-4.9761326640616402e-02,1.0000000000000000e+00,1.6189406031315851e-12,
-4.7615680192967857e-01,-6.5481703939062346e+00,9.9999999999999589e-01,-5.3028675851511369e-11,
2.8068271525036609e-01,4.9531281225918336e-03,9.9999999999999722e-01,2.3636354556549871e-11,
6.0688016879866502e-01,-2.1476395035175824e-01,9.9999999999999911e-01,1.4996998423737708e-11,
3.6994517349510692e-01,-2.4396634115618077e-01,9.9999999999999956e-01,9.1613178543995527e-12,
1.7787789508399848e-01,-2.1700866630618840e-01,9.9999999999999956e-01,5.5649359877895758e-12,
8.2296627072975928e-02,-1.3211080370138759e-01,9.9999999999999967e-01,3.3808416728758993e-12,
3.7598653130358574e-02,-6.8144586552593339e-02,9.9999999999999978e-01,2.0909682530442308e-12,
1.7133626225427700e-02,-3.2834984021195661e-02,9.9999999999999989e-01,1.6523133454329789e-12,

64,4
4.2630918669987988e-01,6.5481703939064770e+00,1.0000000000000000e+00,2.0725125003910599e-11,
8.7709082276307360e-01,-4.9531281226101584e-03,1.0000000000000000e+00,2.1685198909037144e-11,
8.7809178246900821e-01,2.1476395035188892e-01,1.0000000000000000e+00,1.7478055266941930e-11,
6.5770803286759549e-01,2.4396634115636345e-01,1.0000000000000000e+00,1.1091189798258939e-11,
3.8405326048673294e-01,2.1700866630613286e-01,1.0000000000000000e+00,6.8038232194061930e-12,
2.0686720851618834e-01,1.3211080370156794e-01,1.0000000000000000e+00,4.1520348532535502e-12,
1.0193468675721172e-01,6.8144586552665282e-02,1.0000000000000000e+00,2.5345291892674871e-12,
4.8097423535422866e-02,3.2834984020966615e-02,1.0000000000000002e+00,1.5804034686971457e-12,
1.3986411825027547e+00,1.7867799309134302e+01,1.0000000000000007e+00,2.2138364349836168e-11,
2.0592162146667778e+00,1.5878899207460095e-01,1.0000000000000000e+00,2.3157561040693546e-11,
1.8333252804783706e+00,8.2242857742015751e-01,1.0000000000000000e+00,1.8637244875387805e-11,
7.1838104410908254e-01,7.9568502367912175e-01,1.0000000000000000e+00,1.1810416729196657e-11,
3.4920969008714309e-01,4.8275043545089757e-01,1.0000000000000000e+00,7.2371270397969127e-12,
1.6445622429537710e-01,2.3424917096259890e-01,1.0000000000000000e+00,4.4117240962410256e-12,
7.5290013599871211e-02,1.0844391720429922e-01,1.0000000000000000e+00,2.6902038506069230e-12,
3.4212387703072104e-02,4.9761326640744639e-02,1.0000000000000000e+00,1.6756441878289791e-12,
4.3581031430500383e+00,3.3747975449726795e+01,1.0000000000000013e+00,2.3568642580182517e-11,
8.1330261325397988e+00,3.9422830484423201e+00,1.0000000000000000e+00,2.4632038957885780e-11,
4.0481229214573569e+00,4.2291749434009658e+00,1.0000000000000000e+00,1.9739714861232253e-11,
6.8575931336037743e-01,1.8255450404957358e+00,1.0000000000000000e+00,1.2520766231359264e-11,
1.5422245856269889e-01,5.9620330724975257e-01,1.0000000000000000e+00,7.6708609744346330e-12,
2.9506932355309646e-02,2.4636434091609613e-01,1.0000000000000000e+00,4.6719879374345172e-12,
4.6650696220173204e-03,1.0981966425738347e-01,1.0000000000000000e+00,2.8461127680312686e-12,
2.4495681607976085e-04,4.9952421125051966e-02,1.0000000000000000e+00,1.7710155150658956e-12,
4.7200942575887641e+00,3.4346885280205377e+01,1.0000000000000011e+00,2.5452384014789004e-11,
1.1647674186761662e+02,1.4268033274068946e+03,1.0000000000000000e+40,2.8218952335528047e-11,
4.2617115328248403e+00,1.6013352051788971e+01,1.0000000000000000e+00,2.0066967165281319e-11,
-3.7309242221936373e-01,1.8955885611354331e+00,1.0000000000000000e+00,1.3150717346580308e-11,
-1.8106707573836855e-01,5.5941712252294606e-01,1.0000000000000000e+00,8.0625510201492473e-12,
-8.3063805712879912e-02,2.0297023692580868e-01,1.0000000000000000e+00,4.9068090065717428e-12,
-3.7756899671206150e-02,8.2853422003991942e-02,1.0000000000000000e+00,2.9866808743656426e-12,
-1.7142054306341553e-02,3.6004567299915101e-02,1.0000000000000000e+00,1.8569863979846585e-12,
4.7200942575903273e+00,1.7974995142244527e+01,1.0000000000000007e+00,2.5964849763997553e-11,
1.1647674186761657e+02,1.5889172509962868e+03,1.0000000000000000e+40,2.8404894755477645e-11,
4.2617115328247603e+00,-1.3914925550852728e-01,1.0000000000000002e+00,2.1709790843916018e-11,
-3.7309242221905153e-01,-2.6765212151826905e-02,1.0000000000000000e+00,1.3737747822319630e-11,
-1.8106707573821831e-01,-8.4073870386684561e-03,1.0000000000000000e+00,8.4014768364826854e-12,
-8.3063805713056799e-02,-3.2398163224153995e-03,1.0000000000000000e+00,5.1086248599184279e-12,
-3.7756899670754157e-02,-1.3733147660369670e-03,1.0000000000000000e+00,3.1072505373171564e-12,
-1.7142054306311976e-02,-2.9862054561044179e-04,1.0000000000000000e+00,1.9307086913730248e-12,
4.3581031430500232e+00,7.0141086174646583e+00,1.0000000000000004e+00,2.6793010777445242e-11,
8.1330261325404880e+00,5.9652759714381887e+00,1.0000000000000002e+00,2.8013570626644795e-11,
4.0481229214601422e+00,-3.2632466607900634e-01,1.0000000000000000e+00,2.2492059476810788e-11,
6.8575931335997320e-01,-5.2014122058786350e-01,1.0000000000000000e+00,1.4205138629830149e-11,
1.5422245856279507e-01,-2.2359068377897245e-01,1.0000000000000000e+00,8.6755095728345213e-12,
2.9506932355349298e-02,-9.1369604404527988e-02,1.0000000000000000e+00,5.2716272993149917e-12,
4.6650696222520363e-03,-3.9693366117892238e-02,1.0000000000000000e+00,3.2045708780164894e-12,
2.4495681618030932e-04,-8.6759408640718124e-03,1.0000000000000000e+00,1.9900961764479118e-12,
1.3986411825029910e+00,2.6291440635276411e+00,1.0000000000000004e+00,2.7430313910762999e-11,
2.0592162146682722e+00,1.8387648876174467e+00,1.0000000000000002e+00,2.8678616631390216e-11,
1.8333252804789701e+00,8.5896620970407178e-02,1.0000000000000000e+00,2.3021352376959243e-11,
7.1838104410927894e-01,-2.3774414813337932e-01,1.0000000000000000e+00,1.4533539016211000e-11,
3.4920969008700714e-01,-1.4553233486217790e-01,1.0000000000000000e+00,8.8717743872061695e-12,
1.6445622429139911e-01,-7.5151119633475885e-02,1.0000000000000000e+00,5.3885782377828940e-12,
7.5290013599909833e-02,-3.6221217520273755e-02,1.0000000000000000e+00,3.2744057947740118e-12,
3.4212387703161810e-02,-8.0932875076395391e-03,1.0000000000000000e+00,2.0326770720897392e-12,
4.2630918670091705e-01,8.0932384831081716e-01,1.0000000000000009e+00,2.7657664065864525e-11,
8.7709082276413575e-01,6.4308206025029702e-01,1.0000000000000007e+00,2.8921381592905377e-11,
8.7809178246858177e-01,8.6586862924718011e-02,1.0000000000000002e+00,2.3216209187708582e-11,
6.5770803286767221e-01,-5.6313076489946682e-03,1.0000000000000000e+00,1.4654381750206172e-11,
3.8405326048769106e-01,-4.5049566630484964e-03,1.0000000000000000e+00,8.9441365371855202e-12,
2.0686720851660817e-01,-2.4402124341034379e-03,1.0000000000000000e+00,5.4317312053269513e-12,
1.0193468675690522e-01,-1.2026183451539709e-03,1.0000000000000000e+00,3.3001743072248157e-12,
4.8097423534410141e-02,-2.6998918147918437e-04,1.0000000000000002e+00,2.0484279894232850e-12,

