1
1
4
4
(9 0
((80,232) (95,247) (0,0))
((96,232) (111,247) (0,0))
((112,232) (127,247) (0,0))
((80,248) (95,263) (0,0))
((96,248) (111,263) (0,0))
((112,248) (127,263) (0,0))
((80,264) (95,279) (0,0))
((96,264) (111,279) (0,0))
((112,264) (127,279) (0,0))
)
9
FabOnDisk: SD_0_Old_MF_D_00000 0
FabOnDisk: SD_0_Old_MF_D_00000 18518
FabOnDisk: SD_0_Old_MF_D_00000 37037
FabOnDisk: SD_0_Old_MF_D_00000 55557
FabOnDisk: SD_0_Old_MF_D_00000 74075
FabOnDisk: SD_0_Old_MF_D_00000 92594
FabOnDisk: SD_0_Old_MF_D_00000 111114
FabOnDisk: SD_0_Old_MF_D_00000 129632
FabOnDisk: SD_0_Old_MF_D_00000 148151

9,4
-2.4590893115285026e-01,-7.4746564682869898e-01,9.9999999999948397e-01,-1.3384160115457102e-12,
-8.6912242397363365e-02,-6.8280022572849586e-01,9.9999999999891909e-01,-4.7463950186176505e-13,
6.0027571455530108e-02,-6.2469314495668160e-01,9.9999999999978462e-01,1.1692641078717990e-13,
0.0000000000000000e+00,-6.5898890235234842e-01,9.9999999999914413e-01,-7.7031180742225782e-13,
-3.3513081929079935e-01,-7.0048259761556220e-01,9.9999999999926803e-01,-2.1862763410935687e-14,
-8.8798469003117064e-01,-7.3602366953678400e-01,9.9999999999976386e-01,1.1083487022604814e-13,
-2.4590893115262774e-01,-2.2117147498255593e-01,9.9999999999974276e-01,-1.3989650774102359e-12,
-8.6912242397371456e-02,-9.6520229259536447e-02,9.9999999999926270e-01,-5.0282676560613018e-13,
6.0027571455586154e-02,-8.1919226681454216e-01,9.9999999999982958e-01,1.1684411017016817e-13,

9,4
1.4769956875069559e+00,2.2117147498405457e-01,1.0000000000000000e+40,9.0505525918661443e-13,
1.4945417392982032e+00,9.6520229259503112e-02,1.0000000000000000e+40,1.8921436737719230e-13,
1.5063887772349001e+00,8.1919226681457014e-01,1.0000000000002396e+00,1.7834568453628876e-13,
5.6131447257588107e-01,6.5898890235232110e-01,1.0000000000000000e+40,1.0173406690688240e-13,
6.5694581841549142e-05,7.0048259761566167e-01,1.0000000000000000e+40,1.2029654855915276e-13,
3.7661371464557497e-01,7.3602366953676646e-01,1.0000000000000662e+00,1.2142490589333582e-13,
1.4769956875069810e+00,7.4746564682866579e-01,1.0000000000000000e+40,9.4811011098399902e-13,
1.4945417392981633e+00,6.8280022572858190e-01,1.0000000000000000e+40,1.9497338294494087e-13,
1.5063887772348796e+00,6.2469314495666695e-01,1.0000000000001925e+00,1.8307182361920422e-13,

