1
1
2
4
(4 0
((80,240) (95,255) (0,0))
((96,240) (111,255) (0,0))
((80,256) (95,271) (0,0))
((96,256) (111,271) (0,0))
)
4
FabOnDisk: SD_2_New_MF_D_00000 0
FabOnDisk: SD_2_New_MF_D_00000 9302
FabOnDisk: SD_2_New_MF_D_00000 18605
FabOnDisk: SD_2_New_MF_D_00000 27907

4,2
-2.0366918518563664e+03,-1.7610404909900378e+03,
-2.0463385864176496e+02,-2.1855346999197395e+03,
-2.0366918518401333e+03,-8.8805355259263001e+02,
-2.0463385864176536e+02,-1.6765308179159024e+03,

4,2
2.8116749293723473e+02,8.8805355259309772e+02,
2.9873342605720536e+03,1.6765308178354392e+03,
2.8116749293723564e+02,1.7610404909900517e+03,
2.9873342605724838e+03,2.1855346999197463e+03,

