1
1
4
4
(9 0
((80,232) (95,247) (0,0))
((96,232) (111,247) (0,0))
((112,232) (127,247) (0,0))
((80,248) (95,263) (0,0))
((96,248) (111,263) (0,0))
((112,248) (127,263) (0,0))
((80,264) (95,279) (0,0))
((96,264) (111,279) (0,0))
((112,264) (127,279) (0,0))
)
9
FabOnDisk: SD_0_Old_MF_D_00000 0
FabOnDisk: SD_0_Old_MF_D_00000 18518
FabOnDisk: SD_0_Old_MF_D_00000 37037
FabOnDisk: SD_0_Old_MF_D_00000 55557
FabOnDisk: SD_0_Old_MF_D_00000 74075
FabOnDisk: SD_0_Old_MF_D_00000 92594
FabOnDisk: SD_0_Old_MF_D_00000 111114
FabOnDisk: SD_0_Old_MF_D_00000 129632
FabOnDisk: SD_0_Old_MF_D_00000 148151

9,4
-2.4590755771115866e-01,-7.4745690437980661e-01,9.9999999999948319e-01,-1.3381725277257402e-12,
-8.6804895578720856e-02,-6.8199887772601575e-01,9.9999999999892653e-01,-4.7455207493775882e-13,
5.9855565473777808e-02,-6.2396189827772519e-01,9.9999999999977685e-01,1.1703906739253039e-13,
0.0000000000000000e+00,-6.5898090430748046e-01,9.9999999999913824e-01,-7.7030619838419759e-13,
-3.3502150268735381e-01,-6.9976454768494589e-01,9.9999999999926137e-01,-2.1858526268050463e-14,
-8.8577447057772207e-01,-7.3388148264309594e-01,9.9999999999977107e-01,1.1087486756205991e-13,
-2.4590755771093981e-01,-2.2116682019520442e-01,9.9999999999974631e-01,-1.3987047069547150e-12,
-8.6804895578728017e-02,-9.6433874525361091e-02,9.9999999999925560e-01,-5.0273405425131580e-13,
5.9855565473833576e-02,-8.1849240660531219e-01,9.9999999999982891e-01,1.1696132474840012e-13,

9,4
1.4769424991048252e+00,2.2116682019670392e-01,1.0000000000000000e+40,9.0490415512354206e-13,
1.4945795928261740e+00,9.6433874525329297e-02,1.0000000000000000e+40,1.8913397896189907e-13,
1.5063920834826998e+00,8.1849240660534384e-01,1.0000000000002398e+00,1.7837766341776662e-13,
5.6130578653163299e-01,6.5898090430745182e-01,1.0000000000000000e+40,1.0172948409370517e-13,
6.5779599271005617e-05,6.9976454768504581e-01,1.0000000000000000e+40,1.2021534144489709e-13,
3.7928633073183182e-01,7.3388148264307962e-01,1.0000000000000637e+00,1.2292529172839721e-13,
1.4769424991048494e+00,7.4745690437977341e-01,1.0000000000000000e+40,9.4794908192970769e-13,
1.4945795928261332e+00,6.8199887772610213e-01,1.0000000000000000e+40,1.9485840115460113e-13,
1.5063920834826794e+00,6.2396189827771453e-01,1.0000000000001910e+00,1.8310979701810462e-13,

