1
1
2
1
(4 0
((0,0) (31,31) (0,0))
((32,0) (63,31) (0,0))
((0,32) (31,63) (0,0))
((32,32) (63,63) (0,0))
)
4
FabOnDisk: SD_2_New_MF_D_00000 0
FabOnDisk: SD_2_New_MF_D_00001 0
FabOnDisk: SD_2_New_MF_D_00002 0
FabOnDisk: SD_2_New_MF_D_00003 0

4,2
-1.5289167968381458e-03,-2.2968835912565266e-02,
-2.0333977474335171e-02,-2.3654773047390665e-02,
-1.1380103183871110e-01,-3.6700418373369508e+00,
-6.8380537547020359e-01,-9.2383639100928761e-01,

4,2
1.4504626380859826e-02,7.7703812783388830e-04,
3.0324474314489050e-02,7.7049333066820666e-03,
1.2279358288664284e+01,1.2395831595753259e+00,
2.9066770903453836e+01,2.1438991416684352e+01,

