1
1
8
0
(4 0
((0,0) (31,31) (0,0))
((32,0) (63,31) (0,0))
((0,32) (31,63) (0,0))
((32,32) (63,63) (0,0))
)
4
FabOnDisk: Cell_D_00000 0
FabOnDisk: Cell_D_00001 0
FabOnDisk: Cell_D_00002 0
FabOnDisk: Cell_D_00003 0

4,8
-2.4529133983613564e-02,3.2506624822403190e-06,9.9999999999944689e-01,0.0000000000000000e+00,-1.5742338551032117e-03,-1.3641924839927625e-02,1.4121372138575783e-06,-3.3218179739003904e-03,
-2.4979209438268157e-02,-2.5672765750741032e-02,9.9999999999370282e-01,0.0000000000000000e+00,-1.5579525943238113e-03,-6.3288884866878527e-03,2.1446069150554692e-06,3.3545955132973054e-04,
-7.0576519022431616e-02,4.2237889945789055e-04,9.9999999994973987e-01,0.0000000000000000e+00,-1.3125204990888018e-01,-3.6627903638778125e+00,3.5123114563995195e-07,-1.4762564524417152e-01,
-2.7139663266107228e-01,-5.9982784872593675e-01,9.9931100767060221e-01,0.0000000000000000e+00,-7.3274128497668989e-01,-1.4722711528974002e+00,1.4428843673752745e-06,-4.5134907475552100e-02,

4,8
-3.2506587921256058e-06,2.1610947160785123e-02,1.0000000000019398e+00,0.0000000000000000e+00,1.5691922778264290e-02,5.5527281281853285e-04,4.3478245342950705e-01,1.1203099014173103e-03,
-5.4988607385581156e-06,1.4085972061209215e-03,1.0000000000042164e+00,0.0000000000000000e+00,1.9128762791034665e-02,2.0617723432587321e-02,5.2536433568277030e-01,6.9890192952523486e-03,
8.1281184046392041e-01,1.7728289644310047e-01,1.0000000000057747e+00,0.0000000000000000e+00,1.2309156363241868e+01,1.2439564201048727e+00,3.7984908491746324e+01,-2.7364771557800076e-05,
8.3472487069847312e-01,4.5966708771371420e-02,1.0012018040840374e+00,0.0000000000000000e+00,2.9119030707513716e+01,2.1525076135712588e+01,3.4421387900452096e+01,6.4781237354883558e-01,

