1
1
9
0
(6 0
((32,112) (47,127) (0,0))
((48,112) (63,127) (0,0))
((64,112) (71,127) (0,0))
((32,128) (47,143) (0,0))
((48,128) (63,143) (0,0))
((64,128) (71,143) (0,0))
)
6
FabOnDisk: Cell_D_00000 0
FabOnDisk: Cell_D_00000 18518
FabOnDisk: Cell_D_00000 37036
FabOnDisk: Cell_D_00000 46338
FabOnDisk: Cell_D_00000 64856
FabOnDisk: Cell_D_00000 83374

6,9
0.0000000000000000e+00,-7.3787837404060441e-01,0.0000000000000000e+00,-2.3139923308747700e-12,-7.3278846531740521e+02,-3.8786955786394918e+02,0.0000000000000000e+00,-6.4423737707649675e-01,0.0000000000000000e+00,
-8.6990595408967319e-01,-6.8948282004244166e-01,0.0000000000000000e+00,-7.3623424043302375e-14,-5.5732020218387061e+02,-5.0649471882503127e+02,0.0000000000000000e+00,-1.0883711600304875e+00,0.0000000000000000e+00,
-8.6262600269622763e-03,1.9436120398734526e-02,9.9999999999981504e-01,6.1888362282392924e-14,-4.3575485784887832e+01,-2.7210273926614725e+01,3.6210407450276705e-02,-1.7179857569436272e-01,1.0000000000000000e+00,
0.0000000000000000e+00,0.0000000000000000e+00,0.0000000000000000e+00,-2.4364366693738795e-12,-7.3278846531743466e+02,-5.2978839279511806e+02,0.0000000000000000e+00,-6.4423737707659068e-01,0.0000000000000000e+00,
-8.6990595408958915e-01,-8.1184153521600633e-01,0.0000000000000000e+00,-8.3079454004993422e-14,-5.5732020218389209e+02,-5.3794261765789804e+02,0.0000000000000000e+00,-1.0883711600304586e+00,0.0000000000000000e+00,
-8.6262600269467523e-03,-6.5083400179758422e-01,9.9999999999993361e-01,5.7718198016150080e-14,-4.3575485784889374e+01,-2.1228487102221183e+02,3.6210407433712177e-02,-1.7179857569433848e-01,1.0000000000000000e+00,

6,9
1.4605785351686424e+00,0.0000000000000000e+00,1.0000000000000395e+00,1.4860353596665754e-12,1.6013417772081959e+02,5.2978839279500710e+02,3.2844194303738650e+03,5.9108343742460190e-01,1.0000000000000000e+00,
1.4999276583304166e+00,8.1184153521604141e-01,1.0000000000002309e+00,6.0462287176335843e-13,8.6076919559042335e+02,5.3794261765790156e+02,2.5302127884224496e+03,0.0000000000000000e+00,1.0000000000000000e+00,
1.1159811408931828e+00,6.5083400179759354e-01,1.0000000000001454e+00,1.2864009650658396e-13,3.7698336410180684e+02,2.1228487102223252e+02,2.6181656050481769e+02,1.5860318811217461e-01,1.0000000000000000e+00,
1.4605785351686695e+00,7.3787837404055301e-01,1.0000000000001787e+00,1.5447407265618094e-12,1.6013417772082769e+02,3.8786955786400091e+02,3.2844194303737127e+03,5.9108343742461145e-01,1.0000000000000000e+00,
1.4999276583303902e+00,6.8948282004251071e-01,1.0000000000002303e+00,6.2918278508660711e-13,8.6076919559044484e+02,5.0649471882508902e+02,2.5302127884225538e+03,0.0000000000000000e+00,1.0000000000000000e+00,
1.1159811408931788e+00,-1.9436120398744833e-02,1.0000000000001397e+00,1.2872474106737658e-13,3.7698336410179803e+02,2.7210273926600401e+01,2.6181656050473919e+02,1.5860318811217683e-01,1.0000000000000000e+00,

