1
1
9
0
(4 0
((80,240) (95,255) (0,0))
((96,240) (111,255) (0,0))
((80,256) (95,271) (0,0))
((96,256) (111,271) (0,0))
)
4
FabOnDisk: Cell_D_00000 0
FabOnDisk: Cell_D_00000 18518
FabOnDisk: Cell_D_00000 37037
FabOnDisk: Cell_D_00000 55555

4,9
0.0000000000000000e+00,-1.0552171037288542e+00,0.0000000000000000e+00,0.0000000000000000e+00,-2.0366918518563693e+03,-1.7610404909900383e+03,0.0000000000000000e+00,-9.6851037577841268e+00,0.0000000000000000e+00,
0.0000000000000000e+00,0.0000000000000000e+00,0.0000000000000000e+00,0.0000000000000000e+00,-2.0463385864175763e+02,-2.1855346999197377e+03,0.0000000000000000e+00,-1.5817747011742485e+00,0.0000000000000000e+00,
0.0000000000000000e+00,0.0000000000000000e+00,0.0000000000000000e+00,0.0000000000000000e+00,-2.0366918518401412e+03,-8.8805355259262910e+02,0.0000000000000000e+00,-9.6851037570194443e+00,0.0000000000000000e+00,
0.0000000000000000e+00,-1.0534662402609163e+00,0.0000000000000000e+00,0.0000000000000000e+00,-2.0463385864176351e+02,-1.6765308179159108e+03,0.0000000000000000e+00,-1.5817747011744308e+00,0.0000000000000000e+00,

4,9
1.9656207873426874e+00,0.0000000000000000e+00,1.0000000000000000e+00,2.9441782345429601e-11,2.8116749293723484e+02,8.8805355259310284e+02,3.4854823992127211e+02,8.7821592985958730e-01,1.0000000000000000e+00,
1.9654501837821612e+00,1.0534662402614963e+00,1.0000000000000000e+00,2.5742574738529811e-11,2.9873342605720600e+03,1.6765308178354292e+03,3.4798516093984267e+02,9.8102007035170882e+00,1.0000000000000000e+00,
1.9656207873426883e+00,1.0552171037289924e+00,1.0000000000000000e+00,2.9786173527668325e-11,2.8116749293723552e+02,1.7610404909900551e+03,3.4854823992129201e+02,8.7821592985958674e-01,1.0000000000000000e+00,
1.9654501837821619e+00,0.0000000000000000e+00,1.0000000000000000e+00,2.6299684652286714e-11,2.9873342605724861e+03,2.1855346999197473e+03,3.4798516093984063e+02,9.8102007028218026e+00,1.0000000000000000e+00,

