1
1
4
4
(9 0
((80,232) (95,247) (0,0))
((96,232) (111,247) (0,0))
((112,232) (127,247) (0,0))
((80,248) (95,263) (0,0))
((96,248) (111,263) (0,0))
((112,248) (127,263) (0,0))
((80,264) (95,279) (0,0))
((96,264) (111,279) (0,0))
((112,264) (127,279) (0,0))
)
9
FabOnDisk: SD_0_Old_MF_D_00000 0
FabOnDisk: SD_0_Old_MF_D_00000 18518
FabOnDisk: SD_0_Old_MF_D_00000 37037
FabOnDisk: SD_0_Old_MF_D_00000 55557
FabOnDisk: SD_0_Old_MF_D_00000 74075
FabOnDisk: SD_0_Old_MF_D_00000 92594
FabOnDisk: SD_0_Old_MF_D_00000 111114
FabOnDisk: SD_0_Old_MF_D_00000 129632
FabOnDisk: SD_0_Old_MF_D_00000 148151

9,4
-2.4590755771115808e-01,-7.4745690437980605e-01,9.9999999999948275e-01,-1.3381725248113980e-12,
-8.6804895578721369e-02,-6.8199887772601697e-01,9.9999999999891520e-01,-4.7455207138727658e-13,
5.9855565473777635e-02,-6.2396189827772597e-01,9.9999999999977729e-01,1.1703907072025152e-13,
0.0000000000000000e+00,-6.5898090430748057e-01,9.9999999999913780e-01,-7.7030619644991247e-13,
-3.3502150268735398e-01,-6.9976454768494711e-01,9.9999999999925981e-01,-2.1858526282807179e-14,
-8.8577447057772241e-01,-7.3388148264309538e-01,9.9999999999976930e-01,1.1087487120356442e-13,
-2.4590755771092848e-01,-2.2116682019520215e-01,9.9999999999974509e-01,-1.3987047054884243e-12,
-8.6804895578728183e-02,-9.6433874525361285e-02,9.9999999999925415e-01,-5.0273405176374519e-13,
5.9855565473832514e-02,-8.1849240660531186e-01,9.9999999999982658e-01,1.1696132807978183e-13,

9,4
1.4769424991048239e+00,2.2116682019670325e-01,1.0000000000000000e+40,9.0490415774065023e-13,
1.4945795928261751e+00,9.6433874525329089e-02,1.0000000000000000e+40,1.8913398275261460e-13,
1.5063920834827003e+00,8.1849240660534506e-01,1.0000000000002403e+00,1.7837766717805847e-13,
5.6130578653163277e-01,6.5898090430745204e-01,1.0000000000000000e+40,1.0172948415119715e-13,
6.5779599271022110e-05,6.9976454768504515e-01,1.0000000000000000e+40,1.2021534500967410e-13,
3.7928633073183360e-01,7.3388148264308095e-01,1.0000000000000642e+00,1.2292529508303687e-13,
1.4769424991048492e+00,7.4745690437977186e-01,1.0000000000000000e+40,9.4794908532976514e-13,
1.4945795928261336e+00,6.8199887772610146e-01,1.0000000000000000e+40,1.9485840470948547e-13,
1.5063920834826792e+00,6.2396189827771420e-01,1.0000000000001885e+00,1.8310980054018463e-13,

