1
1
4
4
(9 0
((80,232) (95,247) (0,0))
((96,232) (111,247) (0,0))
((112,232) (127,247) (0,0))
((80,248) (95,263) (0,0))
((96,248) (111,263) (0,0))
((112,248) (127,263) (0,0))
((80,264) (95,279) (0,0))
((96,264) (111,279) (0,0))
((112,264) (127,279) (0,0))
)
9
FabOnDisk: SD_0_New_MF_D_00000 0
FabOnDisk: SD_0_New_MF_D_00000 18518
FabOnDisk: SD_0_New_MF_D_00000 37037
FabOnDisk: SD_0_New_MF_D_00000 55557
FabOnDisk: SD_0_New_MF_D_00000 74075
FabOnDisk: SD_0_New_MF_D_00000 92594
FabOnDisk: SD_0_New_MF_D_00000 111114
FabOnDisk: SD_0_New_MF_D_00000 129632
FabOnDisk: SD_0_New_MF_D_00000 148151

9,4
-2.4573995553948114e-01,-7.4736587181733538e-01,9.9999999999948030e-01,-7.7896367586922914e-13,
-8.7172235557941680e-02,-6.8177821612248257e-01,9.9999999999891520e-01,1.2501714055176546e-14,
5.9761895565493876e-02,-6.2586391280792142e-01,9.9999999999977840e-01,3.0917248002344563e-14,
2.0858610365016874e-02,-6.5892337298847903e-01,9.9999999999913514e-01,1.5983120225954489e-13,
-3.3463303866020760e-01,-6.9927795732669840e-01,9.9999999999926592e-01,9.2181733746995238e-14,
-8.9081903770551152e-01,-7.3428774844174582e-01,9.9999999999976996e-01,9.8091947680313062e-14,
-2.4573995553924777e-01,-2.2108964419285512e-01,9.9999999999974609e-01,-8.2216150169307106e-13,
-8.7172235557950881e-02,-9.4003775571439199e-02,9.9999999999925648e-01,6.6478595211398827e-15,
5.9761895565546792e-02,-8.1655852113393779e-01,9.9999999999982536e-01,2.6126352642760728e-14,

9,4
1.0000000000000000e+40,1.0000000000000000e+40,1.0000000000000000e+40,1.0000000000000000e+40,
1.0000000000000000e+40,1.0000000000000000e+40,1.0000000000000000e+40,1.0000000000000000e+40,
1.5066747152114328e+00,8.1655852113396310e-01,1.0000000000002403e+00,1.1891676198611754e-13,
1.0000000000000000e+40,1.0000000000000000e+40,1.0000000000000000e+40,1.0000000000000000e+40,
1.0000000000000000e+40,1.0000000000000000e+40,1.0000000000000000e+40,1.0000000000000000e+40,
3.7241359633620585e-01,7.3428774844173172e-01,1.0000000000000644e+00,1.1904840319187346e-13,
1.0000000000000000e+40,1.0000000000000000e+40,1.0000000000000000e+40,1.0000000000000000e+40,
1.0000000000000000e+40,1.0000000000000000e+40,1.0000000000000000e+40,1.0000000000000000e+40,
1.5066747152114128e+00,6.2586391280790477e-01,1.0000000000001890e+00,1.1897907352977510e-13,

