1
1
1
1
(9 0
((80,232) (96,248) (1,1))
((96,232) (112,248) (1,1))
((112,232) (128,248) (1,1))
((80,248) (96,264) (1,1))
((96,248) (112,264) (1,1))
((112,248) (128,264) (1,1))
((80,264) (96,280) (1,1))
((96,264) (112,280) (1,1))
((112,264) (128,280) (1,1))
)
9
FabOnDisk: SD_1_Old_MF_D_00000 0
FabOnDisk: SD_1_Old_MF_D_00000 2974
FabOnDisk: SD_1_Old_MF_D_00000 5949
FabOnDisk: SD_1_Old_MF_D_00000 8925
FabOnDisk: SD_1_Old_MF_D_00000 11899
FabOnDisk: SD_1_Old_MF_D_00000 14874
FabOnDisk: SD_1_Old_MF_D_00000 17850
FabOnDisk: SD_1_Old_MF_D_00000 20824
FabOnDisk: SD_1_Old_MF_D_00000 23799

9,1
-1.1664804215277263e+01,
-6.3131216690797904e+00,
-1.1398496482136005e+00,
-6.6038940178343816e-02,
-7.8014282266844981e-01,
-1.1398496482136005e+00,
-1.1664804213232648e+01,
-6.3131216674447304e+00,
-1.1398496482135680e+00,

9,1
2.3735240946405898e+00,
4.1179772342588423e+00,
-1.5818461956323174e-01,
2.3735240946405898e+00,
4.1179772355832869e+00,
3.3773884543188186e-02,
2.3735240943410174e+00,
4.1179772355832869e+00,
-1.5818461956320140e-01,

