1
1
9
0
(6 0
((32,112) (47,127) (0,0))
((48,112) (63,127) (0,0))
((64,112) (71,127) (0,0))
((32,128) (47,143) (0,0))
((48,128) (63,143) (0,0))
((64,128) (71,143) (0,0))
)
6
FabOnDisk: Cell_D_00000 0
FabOnDisk: Cell_D_00000 18518
FabOnDisk: Cell_D_00000 37036
FabOnDisk: Cell_D_00000 46338
FabOnDisk: Cell_D_00000 64856
FabOnDisk: Cell_D_00000 83374

6,9
0.0000000000000000e+00,-7.3862371748574074e-01,0.0000000000000000e+00,-1.5479134250602048e-12,-7.3421652718113410e+02,-3.8912384547911472e+02,0.0000000000000000e+00,-6.4538306546338986e-01,0.0000000000000000e+00,
-8.6273021922413129e-01,-6.8925941957264614e-01,0.0000000000000000e+00,0.0000000000000000e+00,-5.5461443920919828e+02,-5.0853898586031931e+02,0.0000000000000000e+00,-1.0832643484555071e+00,0.0000000000000000e+00,
7.2392137451734373e-03,1.8105472133807619e-02,9.9999999999991962e-01,-2.4287695910924953e-13,-4.6131121191101855e+01,-2.5427125676300353e+01,2.6102995051289923e-01,-1.6695800611311110e-01,1.0000000000000000e+00,
0.0000000000000000e+00,0.0000000000000000e+00,0.0000000000000000e+00,-1.6089581514107349e-12,-7.3421652718123528e+02,-5.3187642160811902e+02,0.0000000000000000e+00,-6.4538306546347757e-01,0.0000000000000000e+00,
-8.6273021922404225e-01,-7.9483051918087644e-01,0.0000000000000000e+00,0.0000000000000000e+00,-5.5461443920910585e+02,-5.4328397755674553e+02,0.0000000000000000e+00,-1.0832643484553452e+00,0.0000000000000000e+00,
7.2392137451833642e-03,-6.4407088946341506e-01,9.9999999999982159e-01,-2.4346846828079962e-13,-4.6131121191101016e+01,-2.1815223366943505e+02,2.6102995050223399e-01,-1.6695800611311049e-01,1.0000000000000000e+00,

6,9
1.4616626890924820e+00,0.0000000000000000e+00,1.0000000000002152e+00,7.9228388584733267e-13,1.6017256651220055e+02,5.3187642160799112e+02,3.2868951685053376e+03,5.9229066105104022e-01,1.0000000000000000e+00,
1.4971777486032782e+00,7.9483051918088854e-01,1.0000000000006519e+00,1.5110819366354656e-12,8.8724816311415907e+02,5.4328397755696392e+02,2.5311975275199811e+03,0.0000000000000000e+00,1.0000000000000000e+00,
1.1155957815096524e+00,6.4407088946341151e-01,1.0000000000000924e+00,8.3949709524808361e-13,3.5812512606448018e+02,2.1815223366944653e+02,3.6082294440523640e+02,1.5969109638863824e-01,1.0000000000000000e+00,
1.4616626890925632e+00,7.3862371748571276e-01,1.0000000000001965e+00,8.1277178660358350e-13,1.6017256651220958e+02,3.8912384547914320e+02,3.2868951685056277e+03,5.9229066105104911e-01,1.0000000000000000e+00,
1.4971777486033064e+00,6.8925941957267367e-01,1.0000000000006382e+00,1.5628720270778791e-12,8.8724816311393624e+02,5.0853898586021393e+02,2.5311975275202221e+03,0.0000000000000000e+00,1.0000000000000000e+00,
1.1155957815096604e+00,-1.8105472133786708e-02,1.0000000000001112e+00,8.5677431950040616e-13,3.5812512606446057e+02,2.5427125676292917e+01,3.6082294440525396e+02,1.5969109638863593e-01,1.0000000000000000e+00,

