1
1
9
0
(64 0
((0,0) (15,15) (0,0))
((16,0) (31,15) (0,0))
((32,0) (47,15) (0,0))
((48,0) (63,15) (0,0))
((64,0) (79,15) (0,0))
((80,0) (95,15) (0,0))
((96,0) (111,15) (0,0))
((112,0) (127,15) (0,0))
((0,16) (15,31) (0,0))
((16,16) (31,31) (0,0))
((32,16) (47,31) (0,0))
((48,16) (63,31) (0,0))
((64,16) (79,31) (0,0))
((80,16) (95,31) (0,0))
((96,16) (111,31) (0,0))
((112,16) (127,31) (0,0))
((0,32) (15,47) (0,0))
((16,32) (31,47) (0,0))
((32,32) (47,47) (0,0))
((48,32) (63,47) (0,0))
((64,32) (79,47) (0,0))
((80,32) (95,47) (0,0))
((96,32) (111,47) (0,0))
((112,32) (127,47) (0,0))
((0,48) (15,63) (0,0))
((16,48) (31,63) (0,0))
((32,48) (47,63) (0,0))
((48,48) (63,63) (0,0))
((64,48) (79,63) (0,0))
((80,48) (95,63) (0,0))
((96,48) (111,63) (0,0))
((112,48) (127,63) (0,0))
((0,64) (15,79) (0,0))
((16,64) (31,79) (0,0))
((32,64) (47,79) (0,0))
((48,64) (63,79) (0,0))
((64,64) (79,79) (0,0))
((80,64) (95,79) (0,0))
((96,64) (111,79) (0,0))
((112,64) (127,79) (0,0))
((0,80) (15,95) (0,0))
((16,80) (31,95) (0,0))
((32,80) (47,95) (0,0))
((48,80) (63,95) (0,0))
((64,80) (79,95) (0,0))
((80,80) (95,95) (0,0))
((96,80) (111,95) (0,0))
((112,80) (127,95) (0,0))
((0,96) (15,111) (0,0))
((16,96) (31,111) (0,0))
((32,96) (47,111) (0,0))
((48,96) (63,111) (0,0))
((64,96) (79,111) (0,0))
((80,96) (95,111) (0,0))
((96,96) (111,111) (0,0))
((112,96) (127,111) (0,0))
((0,112) (15,127) (0,0))
((16,112) (31,127) (0,0))
((32,112) (47,127) (0,0))
((48,112) (63,127) (0,0))
((64,112) (79,127) (0,0))
((80,112) (95,127) (0,0))
((96,112) (111,127) (0,0))
((112,112) (127,127) (0,0))
)
64
FabOnDisk: Cell_D_00000 0
FabOnDisk: Cell_D_00000 18514
FabOnDisk: Cell_D_00000 37029
FabOnDisk: Cell_D_00000 55544
FabOnDisk: Cell_D_00000 74059
FabOnDisk: Cell_D_00000 92574
FabOnDisk: Cell_D_00000 111089
FabOnDisk: Cell_D_00000 129605
FabOnDisk: Cell_D_00000 148122
FabOnDisk: Cell_D_00000 166637
FabOnDisk: Cell_D_00000 185153
FabOnDisk: Cell_D_00000 203669
FabOnDisk: Cell_D_00000 222185
FabOnDisk: Cell_D_00000 240701
FabOnDisk: Cell_D_00000 259217
FabOnDisk: Cell_D_00000 277734
FabOnDisk: Cell_D_00000 296252
FabOnDisk: Cell_D_00000 314767
FabOnDisk: Cell_D_00000 333283
FabOnDisk: Cell_D_00000 351799
FabOnDisk: Cell_D_00000 370315
FabOnDisk: Cell_D_00000 388831
FabOnDisk: Cell_D_00000 407347
FabOnDisk: Cell_D_00000 425864
FabOnDisk: Cell_D_00000 444382
FabOnDisk: Cell_D_00000 462897
FabOnDisk: Cell_D_00000 481413
FabOnDisk: Cell_D_00000 499929
FabOnDisk: Cell_D_00000 518445
FabOnDisk: Cell_D_00000 536961
FabOnDisk: Cell_D_00000 555477
FabOnDisk: Cell_D_00000 573994
FabOnDisk: Cell_D_00000 592512
FabOnDisk: Cell_D_00000 611027
FabOnDisk: Cell_D_00000 629543
FabOnDisk: Cell_D_00000 648059
FabOnDisk: Cell_D_00000 666575
FabOnDisk: Cell_D_00000 685091
FabOnDisk: Cell_D_00000 703607
FabOnDisk: Cell_D_00000 722124
FabOnDisk: Cell_D_00000 740642
FabOnDisk: Cell_D_00000 759157
FabOnDisk: Cell_D_00000 777673
FabOnDisk: Cell_D_00000 796189
FabOnDisk: Cell_D_00000 814705
FabOnDisk: Cell_D_00000 833221
FabOnDisk: Cell_D_00000 851737
FabOnDisk: Cell_D_00000 870254
FabOnDisk: Cell_D_00000 888772
FabOnDisk: Cell_D_00000 907288
FabOnDisk: Cell_D_00000 925805
FabOnDisk: Cell_D_00000 944322
FabOnDisk: Cell_D_00000 962839
FabOnDisk: Cell_D_00000 981356
FabOnDisk: Cell_D_00000 999873
FabOnDisk: Cell_D_00000 1018391
FabOnDisk: Cell_D_00000 1036910
FabOnDisk: Cell_D_00000 1055427
FabOnDisk: Cell_D_00000 1073945
FabOnDisk: Cell_D_00000 1092463
FabOnDisk: Cell_D_00000 1110981
FabOnDisk: Cell_D_00000 1129499
FabOnDisk: Cell_D_00000 1148017
FabOnDisk: Cell_D_00000 1166536

64,9
1.0000034962275455e+00,-5.7890929959312325e-03,9.9999999999998024e-01,8.1448224458606039e-15,-4.8058451140491709e-01,5.4953578520871346e-03,1.8138153250290938e-04,7.1855353628643513e-03,1.0000000000000000e+00,
1.0033714174834767e+00,-4.6971668373717778e-03,9.9999999999998823e-01,3.4402380413856025e-13,-5.1519776564712760e-01,-1.6625200856042008e-01,5.9780262108089302e-05,3.2352667179061686e-03,1.0000000000000000e+00,
1.0054087504584899e+00,-4.5706877638233536e-04,9.9999999999998945e-01,6.8045453736470295e-13,-3.8409095181759667e-01,-1.9517347044371797e-01,7.4584180092835545e-07,7.6597008873963970e-04,1.0000000000000000e+00,
1.0032767861974408e+00,5.2011447125568281e-05,9.9999999999999123e-01,9.8802001717503910e-13,-1.5478506784724863e-01,-1.4875877619286004e-01,4.4224497071148824e-07,1.4731449409166657e-04,1.0000000000000000e+00,
1.0015851615249627e+00,3.9631623730353987e-05,9.9999999999999412e-01,1.2582133387529157e-12,-5.2812151488198698e-02,-5.4396422869096399e-02,7.6322597620278980e-06,3.4758988624218888e-05,1.0000000000000000e+00,
1.0007467191527497e+00,2.1083152413294531e-05,9.9999999999999423e-01,1.4803031633334863e-12,-1.4793625269732550e-02,-1.4802334025439838e-02,4.7978162295934240e-08,1.1694336085930462e-05,1.0000000000000000e+00,
1.0003693500534745e+00,9.4931038983724499e-06,9.9999999999999356e-01,1.6453944990729655e-12,-3.9503341900500319e-03,-3.7216484292766699e-03,1.0556180674156299e-06,4.7402090213306956e-06,1.0000000000000000e+00,
1.0002286301741559e+00,2.3324537577843012e-06,9.9999999999996947e-01,1.7466424900265125e-12,-4.9998490041642061e-03,-9.3284891199912944e-04,3.9513723535978011e-07,1.1152168690985669e-06,1.0000000000000000e+00,
1.0000065071564905e+00,-1.7710552624936194e-02,9.9999999999994271e-01,7.9381954845954890e-15,-1.5771810672901068e+00,1.9681454400110288e-01,2.2249986514177866e-03,8.1601038237230031e-03,1.0000000000000000e+00,
1.0051156069862279e+00,-1.3634662416594686e-02,9.9999999999999378e-01,3.4809668210629966e-13,-1.6023942423626156e+00,-9.2845908359354479e-01,2.3794146323330781e-04,-1.2142343815880747e-03,1.0000000000000000e+00,
1.0060401512070667e+00,-4.3260907557392801e-04,9.9999999999999467e-01,6.8359290143082725e-13,-4.6094395512992387e-01,-9.1776555352144906e-01,2.5848295633242035e-06,-2.2916930392979668e-03,1.0000000000000000e+00,
1.0017169009871141e+00,2.0982719607770812e-03,9.9999999999999523e-01,9.9017786582494366e-13,-1.0534322222412673e-01,-2.8664527065978918e-01,5.2875519573891694e-06,-1.6079583839525916e-03,1.0000000000000000e+00,
1.0004014950239450e+00,1.2809473518441488e-03,9.9999999999999634e-01,1.2596006999456985e-12,-1.6975352597509014e-02,-6.3458583798097448e-02,5.9823584593055035e-07,-4.4718388297055993e-04,1.0000000000000000e+00,
1.0000982086281882e+00,6.5019019071741694e-04,9.9999999999999689e-01,1.4811505304775265e-12,-2.6717200142856844e-03,-1.5541400945723099e-02,1.3046787608606003e-08,-9.8726394564649497e-05,1.0000000000000000e+00,
1.0000277892354061e+00,2.8644151129964332e-04,9.9999999999999623e-01,1.6459030699818501e-12,-7.2096647346080612e-04,-3.8321218953155777e-03,2.2930953394884740e-05,-2.0557623389676231e-05,1.0000000000000000e+00,
1.0000114590488149e+00,6.9875683539522338e-05,9.9999999999999400e-01,1.7469613412896606e-12,-3.3899314335489143e-03,-9.7028725917443063e-04,9.9614274229505029e-08,-3.9528859282416370e-06,1.0000000000000000e+00,
1.0000224011921299e+00,-4.8237710359823736e-02,9.9999999999993916e-01,7.6061021332672346e-15,-8.2394155369986777e+00,4.7902618456220791e-01,6.3493988695650927e-04,1.1406547264727989e-02,1.0000000000000000e+00,
1.0131635310642024e+00,-4.6156262778144157e-02,9.9999999999999334e-01,3.4517895488400018e-13,-9.5602095860826548e+00,-8.8372185766166478e+00,1.2534351518378450e-04,-3.0762486704509227e-02,1.0000000000000000e+00,
9.9830923109735648e-01,2.7206627832880529e-03,9.9999999999999623e-01,6.8500509755175140e-13,-4.1818192004309168e-01,-4.4289763728665816e+00,7.9172327108190110e-05,-2.4448083275254454e-02,1.0000000000000000e+00,
9.9658655963305565e-01,4.5888181703717017e-03,9.9999999999999822e-01,9.9188666569598660e-13,5.7388211939270760e-02,-2.8610691830437551e-01,1.4374519263088414e-05,-3.0151975978503246e-03,1.0000000000000000e+00,
9.9718570195945988e-01,1.9851958907802282e-03,9.9999999999999878e-01,1.2607440559041093e-12,6.6409038237361150e-03,-3.5979370995048214e-02,9.7794869820255759e-06,-5.3030271630972331e-04,1.0000000000000000e+00,
9.9857039144956883e-01,7.9628278593430325e-04,9.9999999999999900e-01,1.4818066095546883e-12,1.3450708487446556e-03,-4.9221375555792771e-03,7.8567592290065824e-05,-1.0713858100891149e-04,1.0000000000000000e+00,
9.9932211505945601e-01,3.1651542544394447e-04,9.9999999999999867e-01,1.6462962861525636e-12,4.3957484485386333e-04,-1.1992734253230388e-03,4.5212216101975927e-05,-2.2793113192058032e-05,1.0000000000000000e+00,
9.9966200285183049e-01,7.4702340290875790e-05,9.9999999999999845e-01,1.7472296600219931e-12,-2.7528456205433774e-04,-4.5771032880222737e-04,1.6383292022938839e-06,-5.3085128104146910e-06,1.0000000000000000e+00,
8.3539104345679627e-01,-1.2348228761748978e-01,9.9999999999994837e-01,7.1247471507175851e-15,-1.5706655749487409e+01,4.7893184434614100e-01,8.1867814458597143e-04,2.3168539706214800e-02,1.0000000000000000e+00,
-1.9682602195153148e-01,-6.8239890180045626e-01,0.0000000000000000e+00,0.0000000000000000e+00,-7.1350660774364485e+02,-4.9418504479683025e+02,0.0000000000000000e+00,-7.3804384129753364e-01,0.0000000000000000e+00,
7.1619408159083686e-01,1.3351392000843924e-03,9.9999999999999856e-01,6.8996251640266828e-13,-3.4912445852928265e+01,-4.9851335170535451e+00,5.6332482803456152e-05,-4.2982397189594998e-02,1.0000000000000000e+00,
9.7625122874216008e-01,2.4253498725406323e-04,9.9999999999999978e-01,9.9538734759655216e-13,-1.1075442867680603e+00,8.6800843280037971e-03,2.2902503291090653e-04,-2.1986748120026156e-03,1.0000000000000000e+00,
9.9337766336847522e-01,7.4925681718584461e-05,9.9999999999999956e-01,1.2623394253131152e-12,-1.1340544819728773e-01,1.1298175137351534e-03,2.7683692215506837e-05,-1.7932597785142297e-04,1.0000000000000000e+00,
9.9751125907238891e-01,2.8289414890367219e-05,9.9999999999999989e-01,1.4825919436957491e-12,-1.6473361977638823e-02,1.7723613672528896e-04,5.8457675461946615e-06,-3.0217808663894374e-05,1.0000000000000000e+00,
9.9893965001988394e-01,1.0971774871386584e-05,1.0000000000000000e+00,1.6467441933998800e-12,-2.4229973892201571e-03,2.5269751450491911e-05,1.8131278195154745e-06,-1.0075887436864375e-05,1.0000000000000000e+00,
9.9949451798741173e-01,2.5696293759750843e-06,9.9999999999999956e-01,1.7475495261620085e-12,-7.8368747512657798e-04,-1.3361159515158771e-04,2.3142586423743417e-07,-4.2494534144774067e-06,1.0000000000000000e+00,
8.3539104345679471e-01,1.4813303622035622e-04,9.9999999999992739e-01,7.1099528892975822e-15,-1.5706655749483119e+01,-4.7154075739635232e+01,8.1867814548941542e-04,2.3168539706198251e-02,1.0000000000000000e+00,
-1.9682602195157567e-01,-5.7844594848942787e-01,0.0000000000000000e+00,0.0000000000000000e+00,-7.1350660774366020e+02,-5.6716938999708600e+02,0.0000000000000000e+00,-7.3804384129752276e-01,0.0000000000000000e+00,
7.1619408159084497e-01,-1.9555698458733398e-01,9.9999999999985600e-01,6.9009879543715731e-13,-3.4912445852924201e+01,-4.9926060109741485e+01,5.6332483913679177e-05,-4.2982397189596337e-02,1.0000000000000000e+00,
9.7625122874216252e-01,-1.7163613286913623e-02,9.9999999999999378e-01,9.9558609908942740e-13,-1.1075442867660452e+00,-9.9484156292018155e-01,2.2902503219234070e-04,-2.1986748119989644e-03,1.0000000000000000e+00,
9.9337766336847555e-01,-5.0061744543234863e-03,9.9999999999999634e-01,1.2625893127813704e-12,-1.1340544819702318e-01,-1.0843555828449850e-01,2.7683692651442847e-05,-1.7932597784807208e-04,1.0000000000000000e+00,
9.9751125907238891e-01,-1.8016688093777985e-03,9.9999999999999734e-01,1.4828842420083384e-12,-1.6473361976929883e-02,-1.6947578610142674e-02,5.8457693362097378e-06,-3.0217808662465460e-05,1.0000000000000000e+00,
9.9893965001988283e-01,-7.2054676655096211e-04,9.9999999999999933e-01,1.6470416422643341e-12,-2.4229973911169276e-03,-2.7878019069637857e-03,1.8131267178603575e-06,-1.0075887435411836e-05,1.0000000000000000e+00,
9.9949451798741107e-01,-2.8367399362781454e-04,1.0000000000000000e+00,1.7477941360698796e-12,-7.8368747519275053e-04,-3.5816927319527931e-04,2.3142644882298254e-07,-4.2494534139487506e-06,1.0000000000000000e+00,
1.0000224011921299e+00,5.5136681571840262e-04,9.9999999999995415e-01,7.3016974030379159e-15,-8.2394155369947306e+00,-5.5998962216025161e+00,6.3493988788632105e-04,1.1406547264711216e-02,1.0000000000000000e+00,
1.0131635310642002e+00,-2.9124442926713623e-02,9.9999999999998257e-01,3.4476081450443311e-13,-9.5602095860775016e+00,-1.6979013917568972e+00,1.2534351374882124e-04,-3.0762486704515393e-02,1.0000000000000000e+00,
9.9830923109735459e-01,-3.3651149585328298e-02,9.9999999999999090e-01,6.8526736762226481e-13,-4.1818192004014976e-01,-4.1072423642846373e-01,7.9172324708373654e-05,-2.4448083275258076e-02,1.0000000000000000e+00,
9.9658655963305443e-01,-1.6313376105002164e-02,9.9999999999999756e-01,9.9225586944726347e-13,5.7388211938195238e-02,-3.8858591142528115e-01,1.4374518702425787e-05,-3.0151975978452397e-03,1.0000000000000000e+00,
9.9718570195945844e-01,-5.3095430907284238e-03,9.9999999999999789e-01,1.2612151109816562e-12,6.6409038227507582e-03,-9.0435244161836417e-02,9.7794872564588298e-06,-5.3030271630464718e-04,1.0000000000000000e+00,
9.9857039144956883e-01,-2.1779075323228605e-03,9.9999999999999811e-01,1.4823625736256162e-12,1.3450708493221240e-03,-1.5989564835088534e-02,7.8567592231779115e-05,-1.0713858100483466e-04,1.0000000000000000e+00,
9.9932211505945523e-01,-9.5179233140286817e-04,9.9999999999999878e-01,1.6469111050992112e-12,4.3957484438653468e-04,-2.6736286570560311e-03,4.5212213223072215e-05,-2.2793113191319843e-05,1.0000000000000000e+00,
9.9966200285182971e-01,-3.9201615367254818e-04,1.0000000000000000e+00,1.7478832332182418e-12,-2.7528456188054989e-04,-3.1589581796217451e-04,1.6383275396048003e-06,-5.3085128126024195e-06,1.0000000000000000e+00,
1.0000065071564905e+00,1.4612629000539359e-04,9.9999999999996958e-01,7.2777736908527129e-15,-1.5771810672898228e+00,-1.6709401825712455e+00,2.2249986488351303e-03,8.1601038237030642e-03,1.0000000000000000e+00,
1.0051156069862239e+00,-1.4050890373568138e-03,9.9999999999998779e-01,3.4718867241917190e-13,-1.6023942423634328e+00,-3.1482297570568918e-01,2.3794146440025629e-04,-1.2142343815946624e-03,1.0000000000000000e+00,
1.0060401512070665e+00,-7.0234433926670290e-03,9.9999999999998979e-01,6.8393367522852853e-13,-4.6094395512568886e-01,1.6712684289970633e-01,2.5848295263745935e-06,-2.2916930392942979e-03,1.0000000000000000e+00,
1.0017169009871116e+00,-6.9079402572080392e-03,9.9999999999999223e-01,9.9066166233518092e-13,-1.0534322222521846e-01,4.6979991639616754e-02,5.2875495374499204e-06,-1.6079583839507666e-03,1.0000000000000000e+00,
1.0004014950239459e+00,-4.2590344239866454e-03,9.9999999999999567e-01,1.2602218017018232e-12,-1.6975352594826257e-02,7.0852955616421869e-03,5.9823310680218178e-07,-4.4718388296332998e-04,1.0000000000000000e+00,
1.0000982086281875e+00,-2.0667662674437406e-03,9.9999999999999800e-01,1.4818780790257184e-12,-2.6717200142259657e-03,1.6361390653079535e-03,1.3046932978433290e-08,-9.8726394559170563e-05,1.0000000000000000e+00,
1.0000277892354081e+00,-9.3913288423423463e-04,9.9999999999999889e-01,1.6467160125243358e-12,-7.2096647479157625e-04,5.5758127613837771e-04,2.2930952840120172e-05,-2.0557623387666239e-05,1.0000000000000000e+00,
1.0000114590488161e+00,-3.9028755952926327e-04,1.0000000000000000e+00,1.7478232189177468e-12,-3.3899314329075489e-03,9.1486682358392024e-05,9.9614552088837793e-08,-3.9528859289866846e-06,1.0000000000000000e+00,
1.0000034962275457e+00,3.4957982008138122e-06,9.9999999999986333e-01,7.2198866126383182e-15,-4.8058451140401881e-01,-4.4265169177030406e-01,1.8138152275098789e-04,7.1855353628493069e-03,1.0000000000000000e+00,
1.0033714174834989e+00,3.0316345322940381e-05,9.9999999999990219e-01,3.4609166031984573e-13,-5.1519776564554587e-01,-1.5539788019565903e-01,5.9780254386791742e-05,3.2352667178996600e-03,1.0000000000000000e+00,
1.0054087504584950e+00,-1.9366069410170976e-03,9.9999999999996569e-01,6.8301252932231413e-13,-3.8409095181816200e-01,3.8504582217979417e-03,7.4584297333579568e-07,7.6597008873992636e-04,1.0000000000000000e+00,
1.0032767861974405e+00,-2.1580710101753832e-03,9.9999999999998912e-01,9.8986586882347886e-13,-1.5478506784533788e-01,2.1387999547422413e-03,4.4224679157482683e-07,1.4731449409902117e-04,1.0000000000000000e+00,
1.0015851615249636e+00,-1.9155251061616857e-03,9.9999999999999556e-01,1.2596788839864016e-12,-5.2812151489761851e-02,6.6995862277332251e-04,7.6322612267958750e-06,3.4758988627111784e-05,1.0000000000000000e+00,
1.0007467191527515e+00,-1.1622405575394460e-03,9.9999999999999889e-01,1.4815690231486233e-12,-1.4793625264508274e-02,1.7778675828530459e-04,4.7975856555700080e-08,1.1694336088609236e-05,1.0000000000000000e+00,
1.0003693500534756e+00,-5.8809790810879703e-04,9.9999999999999800e-01,1.6465582645258590e-12,-3.9503341909788523e-03,4.4358409690710811e-05,1.0556205096677596e-06,4.7402090192879791e-06,1.0000000000000000e+00,
1.0002286301741574e+00,-2.5646051081790281e-04,9.9999999999999589e-01,1.7477507558612166e-12,-4.9998489990740070e-03,3.1536045499581544e-06,3.9513843886755965e-07,1.1152168684978010e-06,1.0000000000000000e+00,

64,9
1.0045073730541212e+00,-3.4957982006722658e-06,1.0000000000000413e+00,3.3192576947702745e-13,-1.1594779731115973e-02,4.4265169177014846e-01,2.7858904143118957e+00,1.0709989713304655e-02,1.0000000000000000e+00,
1.0077600809662657e+00,-3.0316345323108771e-05,1.0000000000000535e+00,6.6659280419058250e-13,-3.0570766472419003e-01,1.5539788019689310e-01,1.7348715713840987e-03,7.7370365122948447e-03,1.0000000000000000e+00,
1.0077589043475821e+00,1.9366069410147999e-03,1.0000000000000475e+00,9.7355959090242419e-13,-1.2357873037452936e-01,-3.8504582219525273e-03,1.4485757321494423e-03,3.7015769517418644e-03,1.0000000000000000e+00,
1.0057932824242530e+00,2.1580710101733866e-03,1.0000000000000251e+00,1.2449031038192210e-12,-2.3650298283388192e-02,-2.1387999531340659e-03,2.3519652948115338e-03,1.3873275697506024e-03,1.0000000000000000e+00,
1.0034077968492729e+00,1.9155251061606180e-03,1.0000000000000302e+00,1.4693708514437124e-12,-4.3561573527006068e-03,-6.6995862302423399e-04,2.9518066136172139e-04,4.1603745754088746e-04,1.0000000000000000e+00,
1.0018443162715542e+00,1.1622405575399208e-03,1.0000000000000431e+00,1.6377014898009449e-12,-1.1222105262721034e-03,-1.7778675858658134e-04,2.6604824688567278e-04,1.1425443530931627e-04,1.0000000000000000e+00,
1.0009275862017142e+00,5.8809790810856620e-04,1.0000000000000637e+00,1.7427738619525014e-12,-4.1614523417531389e-04,-4.4358410468422413e-05,1.8067360424926099e-04,3.2175385173605192e-05,1.0000000000000000e+00,
1.0004777451261708e+00,2.5646051081819142e-04,1.0000000000001108e+00,1.7798377237567155e-12,2.9855145335613343e-04,-3.1536078522107129e-06,3.1899507106381573e-03,9.7548955984410118e-06,1.0000000000000000e+00,
1.0114152646285646e+00,-1.4612629000481452e-04,1.0000000000000226e+00,3.2589295386890020e-13,-2.1371126517895616e-02,1.6709401825697954e+00,8.1101167434892680e+00,2.0051667930949740e-02,1.0000000000000000e+00,
1.0168801838946748e+00,1.4050890373560039e-03,1.0000000000000018e+00,6.6470206523897804e-13,-4.0369575110294281e-01,3.1482297570674656e-01,1.2301860030410408e-02,1.0122672658622177e-02,1.0000000000000000e+00,
1.0153824405912932e+00,7.0234433926661902e-03,9.9999999999999967e-01,9.7355538623773724e-13,1.6457684937316375e-01,-1.6712684290059171e-01,1.3568894637520229e-02,2.8794612531455048e-03,1.0000000000000000e+00,
1.0062998832059722e+00,6.9079402572068179e-03,9.9999999999999900e-01,1.2451480781561659e-12,1.5923949467143800e-01,-4.6979991638694638e-02,5.7961743060441773e-03,5.9581249241529521e-04,1.0000000000000000e+00,
1.0030940524596053e+00,4.2590344239871163e-03,9.9999999999999944e-01,1.4695147506935461e-12,6.4771872305125031e-02,-7.0852955611758984e-03,4.1601464959677148e-04,9.8596663927574894e-05,1.0000000000000000e+00,
1.0014664555166093e+00,2.0667662674428693e-03,9.9999999999999944e-01,1.6377848075739937e-12,1.5287246923402366e-02,-1.6361390643299454e-03,1.1920524029540580e-04,2.2801217073811543e-05,1.0000000000000000e+00,
1.0006846269924508e+00,9.3913288423469932e-04,9.9999999999999944e-01,1.7428652008727922e-12,3.2601503645339758e-03,-5.5758127617353687e-04,8.3376844391656879e-05,8.6705357373577119e-06,1.0000000000000000e+00,
1.0003393690692790e+00,3.9028755952929715e-04,1.0000000000000027e+00,1.7799837294230131e-12,7.1096539818442969e-04,-9.1486683057494611e-05,4.7856686152392483e-03,3.8978982411706308e-06,1.0000000000000000e+00,
1.0299478491883465e+00,-5.5136681571820942e-04,1.0000000000000284e+00,3.2547093629252039e-13,-7.2442699521135967e-02,5.5998962216021395e+00,1.6224049984258489e+01,5.2828226567334706e-02,1.0000000000000000e+00,
1.0627352041941724e+00,2.9124442926712481e-02,1.0000000000000069e+00,6.6895729917730200e-13,3.2377742742948077e+00,1.6979013917565431e+00,2.1928568542657484e-01,1.5872094036231296e-02,1.0000000000000000e+00,
1.0373592885256844e+00,3.3651149585329887e-02,1.0000000000000062e+00,9.7709574901343376e-13,3.7864355742699631e+00,4.1072423642789135e-01,1.9424043444163375e-01,-1.9085061153259327e-03,1.0000000000000000e+00,
1.0060610156850420e+00,1.6313376105002168e-02,1.0000000000000044e+00,1.2468144144439741e-12,6.3577063117736810e-01,3.8858591142536758e-01,7.9973770726160520e-03,-2.7121653627360534e-04,1.0000000000000000e+00,
1.0013871394073444e+00,5.3095430907286840e-03,1.0000000000000000e+00,1.4703339028890455e-12,8.8276387888234747e-02,9.0435244161738454e-02,2.2154706340989094e-03,-4.4296415807357652e-05,1.0000000000000000e+00,
1.0002666650913083e+00,2.1779075323233232e-03,1.0000000000000000e+00,1.6382552830589079e-12,1.6809520281999613e-02,1.5989564834933225e-02,4.4651784565745423e-04,-1.2577337608019874e-05,1.0000000000000000e+00,
1.0000420414192488e+00,9.5179233140331302e-04,1.0000000000000000e+00,1.7431867372641949e-12,3.4701686229122839e-03,2.6736286573550367e-03,1.2636684673123649e-04,-4.7198264293717917e-06,1.0000000000000000e+00,
1.0000018177997663e+00,3.9201615367302214e-04,1.0000000000000047e+00,1.7802692614306100e-12,3.4025029108907682e-03,3.1589581614863420e-04,4.7971710337748209e-03,-6.4360562654828918e-08,1.0000000000000000e+00,
1.0309468736810776e+00,-1.4813303622155494e-04,1.0000000000002138e+00,3.2193272702473461e-13,5.5747703834963907e+01,4.7154075739633640e+01,1.6293993527733758e+01,2.4362164308531303e-01,1.0000000000000000e+00,
1.5897541155540096e+00,5.7844594848944220e-01,1.0000000000001505e+00,7.1005954350474059e-13,4.8238275192628680e+02,5.6716938999702245e+02,2.2345039671297059e+03,4.8632196128420196e-01,1.0000000000000000e+00,
1.0424651510288256e+00,1.9555698458734422e-01,1.0000000000001297e+00,9.8061363783063584e-13,2.8032039355481075e+01,4.9926060109746174e+01,5.7136559464110313e+01,9.7269673072715779e-02,1.0000000000000000e+00,
9.9671418028370884e-01,1.7163613286914757e-02,1.0000000000000075e+00,1.2478708526549102e-12,5.9911981364301836e-01,9.9484156292014414e-01,3.9776195638635548e-02,4.7427101250876102e-03,1.0000000000000000e+00,
9.9838687004449722e-01,5.0061744543237639e-03,1.0000000000000029e+00,1.4708274391410894e-12,3.9347165540399881e-02,1.0843555828551264e-01,2.6230620611241567e-03,5.7902754460192071e-04,1.0000000000000000e+00,
9.9924637949114503e-01,1.8016688093782044e-03,1.0000000000000000e+00,1.6385702771371030e-12,4.1260154961324609e-03,1.6947578610058814e-02,4.5292369282422945e-04,8.2204381062639669e-05,1.0000000000000000e+00,
9.9962916145847269e-01,7.2054676655226499e-04,1.0000000000000000e+00,1.7434432193927027e-12,9.2526287296783034e-04,2.7878019078743364e-03,1.2151358488709380e-04,8.1020451596685509e-06,1.0000000000000000e+00,
9.9977100597523128e-01,2.8367399362828151e-04,1.0000000000000047e+00,1.7805087751309191e-12,4.8385212828432706e-03,3.5816927458458682e-04,3.4241458953450940e-03,-1.1140594181381947e-06,1.0000000000000000e+00,
1.0309468736810736e+00,1.2348228761749022e-01,1.0000000000002929e+00,3.2140860311317248e-13,5.5747703834964419e+01,-4.7893184434489539e-01,1.6293993527735672e+01,2.4362164308531087e-01,1.0000000000000000e+00,
1.5897541155540171e+00,6.8239890180043528e-01,1.0000000000005418e+00,7.2482704505704802e-13,4.8238275192622928e+02,4.9418504479681087e+02,2.2345039671297645e+03,4.8632196128420452e-01,1.0000000000000000e+00,
1.0424651510288194e+00,-1.3351392000824063e-03,1.0000000000000764e+00,9.8061781647130206e-13,2.8032039355480428e+01,4.9851335170527538e+00,5.7136559464102717e+01,9.7269673072713919e-02,1.0000000000000000e+00,
9.9671418028370717e-01,-2.4253498725286743e-04,1.0000000000000029e+00,1.2478771676797700e-12,5.9911981364206612e-01,-8.6800843286098227e-03,3.9776195640839340e-02,4.7427101250876545e-03,1.0000000000000000e+00,
9.9838687004449589e-01,-7.4925681717472341e-05,1.0000000000000002e+00,1.4708505609356131e-12,3.9347165538644056e-02,-1.1298175137638522e-03,2.6230620610565025e-03,5.7902754460139618e-04,1.0000000000000000e+00,
9.9924637949114503e-01,-2.8289414889795791e-05,1.0000000000000002e+00,1.6386251976126506e-12,4.1260154954618272e-03,-1.7723613581475972e-04,4.5292369384615505e-04,8.2204381062802706e-05,1.0000000000000000e+00,
9.9962916145847136e-01,-1.0971774870848599e-05,1.0000000000000000e+00,1.7435528461076554e-12,9.2526287444855398e-04,-2.5269752262762626e-05,1.2151358463078840e-04,8.1020451595046467e-06,1.0000000000000000e+00,
9.9977100597523094e-01,-2.5696293759884945e-06,1.0000000000000047e+00,1.7806384793056491e-12,4.8385212821901056e-03,1.3361159518540181e-04,3.4241458962169335e-03,-1.1140594189400141e-06,1.0000000000000000e+00,
1.0299478491883411e+00,4.8237710359822369e-02,1.0000000000002696e+00,3.2438518660269593e-13,-7.2442699522529824e-02,-4.7902618456222146e-01,1.6224049984256954e+01,5.2828226567318795e-02,1.0000000000000000e+00,
1.0627352041941662e+00,4.6156262778142929e-02,9.9999999999999634e-01,6.6910955924188230e-13,3.2377742742953992e+00,8.8372185766177722e+00,2.1928568542736171e-01,1.5872094036214739e-02,1.0000000000000000e+00,
1.0373592885256779e+00,-2.7206627832882979e-03,1.0000000000000020e+00,9.7729874142752197e-13,3.7864355742697882e+00,4.4289763728656579e+00,1.9424043443851957e-01,-1.9085061153214381e-03,1.0000000000000000e+00,
1.0060610156850376e+00,-4.5888181703720287e-03,9.9999999999999989e-01,1.2470787887031385e-12,6.3577063117799482e-01,2.8610691830029922e-01,7.9973770739885652e-03,-2.7121653627014901e-04,1.0000000000000000e+00,
1.0013871394073426e+00,-1.9851958907794870e-03,9.9999999999999944e-01,1.4706452540789482e-12,8.8276387888512206e-02,3.5979370994985056e-02,2.2154706341086239e-03,-4.4296415805378136e-05,1.0000000000000000e+00,
1.0002666650913072e+00,-7.9628278593353564e-04,9.9999999999999978e-01,1.6385977637291151e-12,1.6809520282246374e-02,4.9221375555961091e-03,4.4651784497258540e-04,-1.2577337606747708e-05,1.0000000000000000e+00,
1.0000420414192477e+00,-3.1651542544354803e-04,1.0000000000000000e+00,1.7435610969149317e-12,3.4701686217399482e-03,1.1992734247620214e-03,1.2636684606232712e-04,-4.7198264303555375e-06,1.0000000000000000e+00,
1.0000018177997660e+00,-7.4702340291016520e-05,1.0000000000000042e+00,1.7806690798953245e-12,3.4025029131760261e-03,4.5771032927459593e-04,4.7971710329979466e-03,-6.4360562440577493e-08,1.0000000000000000e+00,
1.0114152646285646e+00,1.7710552624937915e-02,1.0000000000001603e+00,3.2442279813441469e-13,-2.1371126515230300e-02,-1.9681454399931575e-01,8.1101167434908881e+00,2.0051667930918553e-02,1.0000000000000000e+00,
1.0168801838946722e+00,1.3634662416595845e-02,9.9999999999999611e-01,6.6496161044670765e-13,-4.0369575110279865e-01,9.2845908359351226e-01,1.2301860030169628e-02,1.0122672658607269e-02,1.0000000000000000e+00,
1.0153824405912919e+00,4.3260907557333105e-04,9.9999999999999856e-01,9.7392862861303877e-13,1.6457684936875960e-01,9.1776555351988953e-01,1.3568894639701123e-02,2.8794612531392524e-03,1.0000000000000000e+00,
1.0062998832059700e+00,-2.0982719607784608e-03,9.9999999999999833e-01,1.2456256529036543e-12,1.5923949467098947e-01,2.8664527065902934e-01,5.7961743053794312e-03,5.9581249241790488e-04,1.0000000000000000e+00,
1.0030940524596053e+00,-1.2809473518440465e-03,9.9999999999999900e-01,1.4700758342036614e-12,6.4771872303290234e-02,6.3458583797351614e-02,4.1601464924774512e-04,9.8596663935358137e-05,1.0000000000000000e+00,
1.0014664555166091e+00,-6.5019019071745380e-04,9.9999999999999989e-01,1.6384126105140361e-12,1.5287246925234626e-02,1.5541400946502016e-02,1.1920524222303053e-04,2.2801217076475516e-05,1.0000000000000000e+00,
1.0006846269924508e+00,-2.8644151129983674e-04,1.0000000000000000e+00,1.7435305965554669e-12,3.2601503652544802e-03,3.8321218945037297e-03,8.3376843866729555e-05,8.6705357394010586e-06,1.0000000000000000e+00,
1.0003393690692783e+00,-6.9875683539116860e-05,1.0000000000000033e+00,1.7806672017858582e-12,7.1096539933252834e-04,9.7028725949746802e-04,4.7856686151862629e-03,3.8978982394247773e-06,1.0000000000000000e+00,
1.0045073730541194e+00,5.7890929959341876e-03,1.0000000000005145e+00,3.2484744563077568e-13,-1.1594779732644351e-02,-5.4953578526200850e-03,2.7858904143100389e+00,1.0709989713271723e-02,1.0000000000000000e+00,
1.0077600809662657e+00,4.6971668373739714e-03,1.0000000000004881e+00,6.6393955169812288e-13,-3.0570766473411642e-01,1.6625200856095720e-01,1.7348715673681271e-03,7.7370365122776275e-03,1.0000000000000000e+00,
1.0077589043475821e+00,4.5706877638189625e-04,1.0000000000002163e+00,9.7240211809224438e-13,-1.2357873037132522e-01,1.9517347044314706e-01,1.4485757334399031e-03,3.7015769517340603e-03,1.0000000000000000e+00,
1.0057932824242524e+00,-5.2011447125742444e-05,1.0000000000000626e+00,1.2446283732288563e-12,-2.3650298284732151e-02,1.4875877619213546e-01,2.3519652986931511e-03,1.3873275697522342e-03,1.0000000000000000e+00,
1.0034077968492729e+00,-3.9631623730504346e-05,1.0000000000000102e+00,1.4695809746988605e-12,-4.3561573573793737e-03,5.4396422866624633e-02,2.9518066163667506e-04,4.1603745754397343e-04,1.0000000000000000e+00,
1.0018443162715527e+00,-2.1083152413841901e-05,1.0000000000000173e+00,1.6382063595923354e-12,-1.1222105280783137e-03,1.4802334026664811e-02,2.6604824730661427e-04,1.1425443531068059e-04,1.0000000000000000e+00,
1.0009275862017104e+00,-9.4931038982295791e-06,1.0000000000000249e+00,1.7434694915543550e-12,-4.1614523381974165e-04,3.7216484290407232e-03,1.8067359963437070e-04,3.2175385175056471e-05,1.0000000000000000e+00,
1.0004777451261664e+00,-2.3324537559932264e-06,1.0000000000000251e+00,1.7806482790102545e-12,2.9855144914620968e-04,9.3284891198630940e-04,3.1899507112613458e-03,9.7548955965186147e-06,1.0000000000000000e+00,

