1
1
4
4
(9 0
((80,232) (95,247) (0,0))
((96,232) (111,247) (0,0))
((112,232) (127,247) (0,0))
((80,248) (95,263) (0,0))
((96,248) (111,263) (0,0))
((112,248) (127,263) (0,0))
((80,264) (95,279) (0,0))
((96,264) (111,279) (0,0))
((112,264) (127,279) (0,0))
)
9
FabOnDisk: SD_0_Old_MF_D_00002 0
FabOnDisk: SD_0_Old_MF_D_00001 0
FabOnDisk: SD_0_Old_MF_D_00001 18519
FabOnDisk: SD_0_Old_MF_D_00002 18518
FabOnDisk: SD_0_Old_MF_D_00000 0
FabOnDisk: SD_0_Old_MF_D_00000 18519
FabOnDisk: SD_0_Old_MF_D_00003 0
FabOnDisk: SD_0_Old_MF_D_00003 18518
FabOnDisk: SD_0_Old_MF_D_00003 37037

9,4
-2.4590893115290380e-01,-7.4746564682864092e-01,9.9999999999973788e-01,-1.3384158969076478e-12,
-8.6912242397237979e-02,-6.8280022572828580e-01,9.9999999999877198e-01,-4.7463945248805333e-13,
6.0027571455669192e-02,-6.2469314495655348e-01,9.9999999999969513e-01,1.1692641121913418e-13,
0.0000000000000000e+00,-6.5898890235227525e-01,9.9999999999938305e-01,-7.7031162947125675e-13,
-3.3513081929054900e-01,-7.0048259761535026e-01,9.9999999999924638e-01,-2.1862759540719280e-14,
-8.8798469003084790e-01,-7.3602366953681708e-01,9.9999999999970413e-01,1.1083486085792005e-13,
-2.4590893115058934e-01,-2.2117147498303125e-01,9.9999999999982658e-01,-1.3989647949350853e-12,
-8.6912242397337011e-02,-9.6520229259588100e-02,9.9999999999929812e-01,-5.0282665253787481e-13,
6.0027571455833290e-02,-8.1919226681466406e-01,9.9999999999981992e-01,1.1684410961824622e-13,

9,4
1.4769956875069565e+00,2.2117147498361231e-01,1.0000000000000000e+40,9.0505517776476469e-13,
1.4945417392982487e+00,9.6520229259558901e-02,1.0000000000000000e+40,1.8921436130115839e-13,
1.5063887772350573e+00,8.1919226681480284e-01,1.0000000000002791e+00,1.7834567948299870e-13,
5.6131447257591172e-01,6.5898890235242669e-01,1.0000000000000000e+40,1.0173405123538699e-13,
6.5694581883009887e-05,7.0048259761571419e-01,1.0000000000000000e+40,1.2029654999946994e-13,
3.7661371464562637e-01,7.3602366953681175e-01,1.0000000000001454e+00,1.2142490477403971e-13,
1.4769956875071233e+00,7.4746564682871408e-01,1.0000000000000000e+40,9.4810994916215172e-13,
1.4945417392982567e+00,6.8280022572860999e-01,1.0000000000000000e+40,1.9497336072084249e-13,
1.5063887772350262e+00,6.2469314495662587e-01,1.0000000000002069e+00,1.8307180471494893e-13,

