1
1
9
0
(64 0
((0,0) (15,15) (0,0))
((16,0) (31,15) (0,0))
((32,0) (47,15) (0,0))
((48,0) (63,15) (0,0))
((64,0) (79,15) (0,0))
((80,0) (95,15) (0,0))
((96,0) (111,15) (0,0))
((112,0) (127,15) (0,0))
((0,16) (15,31) (0,0))
((16,16) (31,31) (0,0))
((32,16) (47,31) (0,0))
((48,16) (63,31) (0,0))
((64,16) (79,31) (0,0))
((80,16) (95,31) (0,0))
((96,16) (111,31) (0,0))
((112,16) (127,31) (0,0))
((0,32) (15,47) (0,0))
((16,32) (31,47) (0,0))
((32,32) (47,47) (0,0))
((48,32) (63,47) (0,0))
((64,32) (79,47) (0,0))
((80,32) (95,47) (0,0))
((96,32) (111,47) (0,0))
((112,32) (127,47) (0,0))
((0,48) (15,63) (0,0))
((16,48) (31,63) (0,0))
((32,48) (47,63) (0,0))
((48,48) (63,63) (0,0))
((64,48) (79,63) (0,0))
((80,48) (95,63) (0,0))
((96,48) (111,63) (0,0))
((112,48) (127,63) (0,0))
((0,64) (15,79) (0,0))
((16,64) (31,79) (0,0))
((32,64) (47,79) (0,0))
((48,64) (63,79) (0,0))
((64,64) (79,79) (0,0))
((80,64) (95,79) (0,0))
((96,64) (111,79) (0,0))
((112,64) (127,79) (0,0))
((0,80) (15,95) (0,0))
((16,80) (31,95) (0,0))
((32,80) (47,95) (0,0))
((48,80) (63,95) (0,0))
((64,80) (79,95) (0,0))
((80,80) (95,95) (0,0))
((96,80) (111,95) (0,0))
((112,80) (127,95) (0,0))
((0,96) (15,111) (0,0))
((16,96) (31,111) (0,0))
((32,96) (47,111) (0,0))
((48,96) (63,111) (0,0))
((64,96) (79,111) (0,0))
((80,96) (95,111) (0,0))
((96,96) (111,111) (0,0))
((112,96) (127,111) (0,0))
((0,112) (15,127) (0,0))
((16,112) (31,127) (0,0))
((32,112) (47,127) (0,0))
((48,112) (63,127) (0,0))
((64,112) (79,127) (0,0))
((80,112) (95,127) (0,0))
((96,112) (111,127) (0,0))
((112,112) (127,127) (0,0))
)
64
FabOnDisk: Cell_D_00000 0
FabOnDisk: Cell_D_00000 18514
FabOnDisk: Cell_D_00000 37029
FabOnDisk: Cell_D_00000 55544
FabOnDisk: Cell_D_00000 74059
FabOnDisk: Cell_D_00000 92574
FabOnDisk: Cell_D_00000 111089
FabOnDisk: Cell_D_00000 129605
FabOnDisk: Cell_D_00000 148122
FabOnDisk: Cell_D_00000 166637
FabOnDisk: Cell_D_00000 185153
FabOnDisk: Cell_D_00000 203669
FabOnDisk: Cell_D_00000 222185
FabOnDisk: Cell_D_00000 240701
FabOnDisk: Cell_D_00000 259217
FabOnDisk: Cell_D_00000 277734
FabOnDisk: Cell_D_00000 296252
FabOnDisk: Cell_D_00000 314767
FabOnDisk: Cell_D_00000 333283
FabOnDisk: Cell_D_00000 351799
FabOnDisk: Cell_D_00000 370315
FabOnDisk: Cell_D_00000 388831
FabOnDisk: Cell_D_00000 407347
FabOnDisk: Cell_D_00000 425864
FabOnDisk: Cell_D_00000 444382
FabOnDisk: Cell_D_00000 462897
FabOnDisk: Cell_D_00000 481413
FabOnDisk: Cell_D_00000 499929
FabOnDisk: Cell_D_00000 518445
FabOnDisk: Cell_D_00000 536961
FabOnDisk: Cell_D_00000 555477
FabOnDisk: Cell_D_00000 573994
FabOnDisk: Cell_D_00000 592512
FabOnDisk: Cell_D_00000 611027
FabOnDisk: Cell_D_00000 629543
FabOnDisk: Cell_D_00000 648059
FabOnDisk: Cell_D_00000 666575
FabOnDisk: Cell_D_00000 685091
FabOnDisk: Cell_D_00000 703607
FabOnDisk: Cell_D_00000 722124
FabOnDisk: Cell_D_00000 740642
FabOnDisk: Cell_D_00000 759157
FabOnDisk: Cell_D_00000 777673
FabOnDisk: Cell_D_00000 796189
FabOnDisk: Cell_D_00000 814705
FabOnDisk: Cell_D_00000 833221
FabOnDisk: Cell_D_00000 851737
FabOnDisk: Cell_D_00000 870254
FabOnDisk: Cell_D_00000 888772
FabOnDisk: Cell_D_00000 907288
FabOnDisk: Cell_D_00000 925805
FabOnDisk: Cell_D_00000 944322
FabOnDisk: Cell_D_00000 962839
FabOnDisk: Cell_D_00000 981356
FabOnDisk: Cell_D_00000 999873
FabOnDisk: Cell_D_00000 1018391
FabOnDisk: Cell_D_00000 1036910
FabOnDisk: Cell_D_00000 1055427
FabOnDisk: Cell_D_00000 1073945
FabOnDisk: Cell_D_00000 1092463
FabOnDisk: Cell_D_00000 1110981
FabOnDisk: Cell_D_00000 1129499
FabOnDisk: Cell_D_00000 1148017
FabOnDisk: Cell_D_00000 1166536

64,9
9.7875118506291459e-01,4.4976386204185727e-04,9.9999999999756939e-01,2.0354127633552509e-14,3.1511786953706178e+01,-9.8135538465649006e+02,3.6452055353353163e-06,-9.1457454361266741e+01,1.0000000000000000e+00,
9.4096214994797733e-01,8.0404083834860322e-04,9.9999999999719191e-01,6.7031126397029771e-13,9.1564165707022767e+02,-7.6091541883070022e+02,2.5487916839712910e-03,-8.5628987199957010e+01,1.0000000000000000e+00,
8.7167326367230580e-01,1.7152854482115256e-03,9.9999999999728195e-01,1.2988985914382718e-12,1.5582276941910095e+03,-5.0297541981308314e+02,4.0020180555495888e-03,-7.1859827958451092e+01,1.0000000000000000e+00,
7.7018380755073479e-01,2.7045561827195850e-03,9.9999999999716926e-01,1.8795656410055641e-12,1.8498110806336626e+03,-3.1066838732149336e+02,5.7146664653347223e-04,-5.2785184773651508e+01,1.0000000000000000e+00,
6.7996313581058609e-01,1.8377543769975842e-03,9.9999999999509392e-01,2.3881766926642563e-12,1.1334340786448593e+03,1.4913285418151645e+01,2.5136266585470968e-03,-3.2119055141604917e+01,1.0000000000000000e+00,
6.4981393147567146e-01,8.0268661672982004e-04,9.9999999999544609e-01,2.8047159406316653e-12,5.2876496478056652e+02,1.3117131006038107e+01,6.0289368164490043e-06,-1.6924001055256099e+01,1.0000000000000000e+00,
6.3907691767616603e-01,2.9184148271141737e-04,9.9999999999816724e-01,3.1134718134482667e-12,2.9138116384547902e+02,5.4564001180551713e+00,4.9669724534739945e-06,-7.9876153948835622e+00,1.0000000000000000e+00,
6.3591847772337406e-01,1.6303494100804237e-05,9.9999999999134914e-01,3.3024820773452556e-12,2.2635728175668919e+02,1.5091502687027969e-01,2.1605049963825673e-05,-3.1048523865392212e+00,1.0000000000000000e+00,
9.9203717876365305e-01,-3.1004463158071385e-02,9.9999999999208422e-01,2.0311519954423121e-14,-2.6438259487818868e+03,-5.1136544635366590e+03,1.3765403293619638e-04,-1.0951497954377157e+02,1.0000000000000000e+00,
9.5829103840383467e-01,2.4389727286724134e-02,9.9999999999960354e-01,6.7002424134946606e-13,1.0935337020706356e+03,-1.3470358715585462e+03,5.1712435240602872e-04,-9.6877560188238590e+01,1.0000000000000000e+00,
8.8786065381161161e-01,5.5436114995458613e-02,9.9999999999944134e-01,1.2994539322723423e-12,1.4183482601289143e+03,-2.1749368914799561e+03,6.2177119468986852e-03,-7.8524385971780362e+01,1.0000000000000000e+00,
7.3056219654384214e-01,9.3741841072594215e-02,9.9999999999956390e-01,1.8805292147943836e-12,2.1676331686834601e+03,-3.0163746375059418e+03,3.5202025096126022e-02,-6.2970029179249764e+01,1.0000000000000000e+00,
5.3167323894857232e-01,5.8198704532892560e-02,9.9999999999968714e-01,2.3891910411162026e-12,2.3314114880995476e+02,6.5373359885779792e+02,1.0507368152834484e-02,-2.9201928332650596e+01,1.0000000000000000e+00,
6.0723024638887468e-01,2.3056909504760331e-02,9.9999999999964295e-01,2.8056323818448963e-12,6.3964070397574687e+01,4.1683116613858147e+02,5.4283732620064029e-06,-1.3179022138747541e+01,1.0000000000000000e+00,
6.2543116465656889e-01,8.3727777697101026e-03,9.9999999999959333e-01,3.1144484861446398e-12,5.0036062737490283e+01,1.6452678862224275e+02,4.9225338216718484e-05,-5.8943852213391210e+00,1.0000000000000000e+00,
6.2768250764384281e-01,4.7982182913250025e-04,9.9999999999956601e-01,3.3035601148293658e-12,4.8132421249785693e+01,4.5018837932332190e+00,4.0263805862073704e-04,-2.2798784412435964e+00,1.0000000000000000e+00,
2.6161907771942899e-01,-5.9052382569929374e-01,9.9998831771613228e-01,2.0021259830720023e-14,-4.3258899679871332e+06,-3.6348683342029755e+06,2.7466918958563014e-01,-7.6637240443859832e+02,1.0000000000000000e+00,
3.3712303971031604e-01,-4.5173583626071745e-01,9.9995297143830209e-01,6.6456244115673026e-13,-4.8802139835699750e+06,-3.6394332404456437e+06,5.8911629393310072e-03,-7.2720154881236749e+02,1.0000000000000000e+00,
9.3694009581137702e-02,-3.7099294346383144e-01,9.9993605066561631e-01,1.3013962690457841e-12,-4.5607932123795617e+06,-3.9591963637354798e+06,2.4119963875796069e-02,-3.8855299812442502e+02,1.0000000000000000e+00,
3.2181114080181594e-02,-4.6762084716762697e-01,9.9996673254555613e-01,1.8832556913057543e-12,-7.9387316560491072e+06,-3.4711824677717057e+06,9.8646033259393584e-01,-3.0593280841981402e+02,1.0000000000000000e+00,
2.3042578975896219e-01,-2.7789329339063801e-01,9.9999999999979006e-01,2.3915754113557450e-12,-8.9545400030656310e+03,-1.0308882295212243e+02,3.3569665404398208e-02,-9.7336711096977524e+00,1.0000000000000000e+00,
5.8589107641337423e-01,1.1048641521518890e-02,9.9999999999995748e-01,2.8078984554830791e-12,-1.2068510648092342e+03,4.1432427947693213e+02,9.4919609302246410e-04,-1.0806338414829497e+00,1.0000000000000000e+00,
6.1077527380137997e-01,7.9305050367060974e-03,1.0000000000000073e+00,3.1170846683169127e-12,-4.2173801420013478e+02,1.6233794236641188e+02,9.9895826208284966e-06,-6.3705905392907880e-01,1.0000000000000000e+00,
6.1763118774350323e-01,5.0588108998937578e-04,1.0000000000000129e+00,3.3065197060889065e-12,-1.8852029861454503e+02,4.4735194151030555e+00,6.0799893987495413e-06,-3.3674391189194353e-01,1.0000000000000000e+00,
6.2552364307325980e-03,-5.2402618574481485e-01,9.9996946401693521e-01,1.9435620646592867e-14,-4.3416935650309101e+06,-4.5874366552601838e+06,3.1160299574874060e+00,-1.0336343451491271e+03,1.0000000000000000e+00,
-5.9037302096842004e-01,-5.4429931934078735e-01,0.0000000000000000e+00,0.0000000000000000e+00,-3.7640751017722469e+06,-5.6465476741451891e+06,0.0000000000000000e+00,-2.9319968444636561e+03,0.0000000000000000e+00,
1.1356228097744336e-01,-5.7836940853683116e-01,9.9960755920659283e-01,1.3097685254458838e-12,-7.6936037923561223e+06,-3.6670959252792732e+06,4.4181776145270817e+00,-5.4809200590366231e+02,1.0000000000000000e+00,
4.0238896890162124e-01,-8.2207050465185649e-01,9.9999159770291457e-01,1.8887229606379116e-12,-7.8305498426915053e+06,-1.9011494049311597e+06,1.3868693972409751e-01,-3.1276221220795208e+02,1.0000000000000000e+00,
5.1328134415178506e-01,-2.8025990998649580e-01,9.9999999999993183e-01,2.3942219202187286e-12,-8.7032699064468034e+03,-4.8137844199289248e+03,8.9886103042224885e-03,1.2878373658301484e+01,1.0000000000000000e+00,
5.9742657314573422e-01,7.6989167277930646e-03,1.0000000000000344e+00,2.8111206768543263e-12,-1.2715883432658302e+03,-2.0521911068026384e+02,5.8932024207397626e-04,4.8224525505802376e+00,1.0000000000000000e+00,
6.0375895189346263e-01,2.7071614916112292e-03,9.9999999999999178e-01,3.1210662012758465e-12,-5.4262288721438381e+02,-2.3208076568880642e+01,8.1824217935955179e-06,1.6841568963992017e+00,1.0000000000000000e+00,
6.1203913453002867e-01,1.0004320270807532e-04,9.9999999999994305e-01,3.3109822435672149e-12,-2.7982313720612729e+02,3.7302758805708436e-01,7.9562202614374966e-06,4.4384173090854517e-02,1.0000000000000000e+00,
-8.4721228013776712e-02,-5.8979986110721250e-01,9.9996994634346770e-01,1.9445546907695817e-14,-7.2005130236305846e+06,-3.3434683391171992e+06,2.2478424012850606e-01,-1.3269809245037063e+03,1.0000000000000000e+00,
-7.1135585176060201e-01,-6.6672715181883502e-01,0.0000000000000000e+00,0.0000000000000000e+00,-5.6418873115415405e+06,-3.8413970790753937e+06,0.0000000000000000e+00,-2.9484826224718945e+03,0.0000000000000000e+00,
2.8382773907594516e-01,-8.5048645002211154e-01,9.9970308455632728e-01,1.3141586813574030e-12,-5.7423974886512896e+06,-2.0578377144786003e+06,1.2270457739061591e-01,-5.8744921123605513e+02,1.0000000000000000e+00,
4.1851172655077505e-02,-7.4010052634197188e-01,9.9997631316354163e-01,1.8948671419617173e-12,-1.3148712198603174e+07,-1.6168508607187383e+06,1.9926531154612626e-01,-3.5997604121923882e+02,1.0000000000000000e+00,
4.7785496956710105e-01,-3.5630262999794314e-03,9.9999999999976297e-01,2.3984891856781530e-12,-6.4620395384794392e+03,-3.2816405694553396e+03,2.0591649101836529e-02,9.1293518577098212e+00,1.0000000000000000e+00,
5.6445291519096519e-01,-9.0065901215669632e-03,9.9999999999989053e-01,2.8155056323620834e-12,-1.0740572282411449e+03,-7.9429318431793945e+02,7.8599097166787146e-03,4.4838149868593860e+00,1.0000000000000000e+00,
5.9974900865173886e-01,-8.1682618842601473e-03,9.9999999999993439e-01,3.1260648192304965e-12,-5.2813317681284389e+02,-3.1644605408364441e+02,1.2849993990780850e-03,1.8389238989463479e+00,1.0000000000000000e+00,
6.1128395088684107e-01,-3.9228479844459841e-03,9.9999999999991329e-01,3.3163855755030200e-12,-2.7937817878654459e+02,-1.0887893245480882e+02,2.0782033396948840e-05,5.1396521372698345e-02,1.0000000000000000e+00,
1.5774432567164426e-01,-7.6121428452611106e-01,9.9997885130259290e-01,2.0091009055981537e-14,-4.7914079423531257e+06,-6.9578110972531815e+05,1.7435726800369977e-01,-9.8504160299234013e+02,1.0000000000000000e+00,
3.6218419393892864e-01,-4.5702543381520960e-01,9.9999232953809991e-01,6.6694451647306820e-13,-4.5824569595609074e+06,-1.6817905090263851e+06,8.1804294355802831e-02,-8.0473480951632689e+02,1.0000000000000000e+00,
1.6282493434541325e-02,-8.2349190652215265e-01,9.9996834726831729e-01,1.3096441975389283e-12,-3.2119731630931552e+06,-5.6169622797402751e+05,1.5693394659588300e-01,-5.1629854108234849e+02,1.0000000000000000e+00,
1.3451663359646601e-01,-8.7126895236110702e-01,9.9998821717753816e-01,1.8945987850674881e-12,-8.8161680459599346e+06,-2.0210453514600538e+06,1.7867335692689501e-01,-4.8637280836921548e+02,1.0000000000000000e+00,
2.6882950141571738e-01,-5.2180918393141129e-01,9.9999999999960321e-01,2.4021749580838747e-12,-4.1285309387287271e+03,-3.5343006075221638e+03,4.7061186243979591e-02,-3.8767122094170645e+00,1.0000000000000000e+00,
5.6222708875227967e-01,-7.0718924912458611e-02,9.9999999999969968e-01,2.8204988092314795e-12,-5.5758438683333225e+02,-8.9451501729781739e+02,2.0354623633755953e-03,1.1421717984831048e-01,1.0000000000000000e+00,
6.0033965889238383e-01,-2.5506101613832918e-02,9.9999999999980516e-01,3.1314535051599013e-12,-3.0947707764862571e+02,-3.8049383715151635e+02,3.4269144605358903e-07,4.0988206695823237e-01,1.0000000000000000e+00,
6.1261645864123027e-01,-9.0186231771792087e-03,9.9999999999991707e-01,3.3219631710698302e-12,-1.9243925184902037e+02,-1.4163167937258550e+02,2.3301286462829029e-06,1.2986885746508747e-02,1.0000000000000000e+00,
8.6863666629134240e-01,-2.7244076962803110e-01,9.9999999999382416e-01,2.0444826944167272e-14,1.1393315510576940e+02,5.4373271584590839e+02,7.4692333558723512e-04,-1.4146603225588058e+02,1.0000000000000000e+00,
9.1163812703143876e-01,-6.8018898854376689e-02,9.9999999999790534e-01,6.7442483618042683e-13,2.4711590218008496e+03,-6.3139567531725334e+02,1.2446588049552787e-03,-8.7042057639034851e+01,1.0000000000000000e+00,
8.6784087676864408e-01,-1.2946549276571928e-01,9.9999999999803468e-01,1.3096634237111606e-12,1.9624962704525387e+03,-1.5621534544152382e+03,3.2718426433153702e-04,-5.1341395310086682e+01,1.0000000000000000e+00,
7.4085373787615749e-01,-5.3157257878976094e-01,9.9999999999871725e-01,1.8950884177032129e-12,-1.4269089388548309e+03,-2.5538767727251980e+03,4.0746665817104066e-02,-2.8888027826641178e+01,1.0000000000000000e+00,
5.3553547411333557e-01,-5.1178691483109939e-01,9.9999999999924272e-01,2.4064944331544651e-12,-3.9026113629297470e+02,-1.7101923350652214e+03,2.2967147817654077e-02,-1.4037001682925052e+01,1.0000000000000000e+00,
5.9847082820363628e-01,-7.7413015636471405e-02,9.9999999999952649e-01,2.8252869922671286e-12,2.0065072105528088e+01,-7.9230566436854133e+02,1.2493076473329978e-05,-6.1823183414370533e+00,1.0000000000000000e+00,
6.1646924528845093e-01,-2.7381114702155322e-02,9.9999999999969824e-01,3.1362773598404404e-12,-2.4563517576927552e+01,-3.6663488613558002e+02,1.3041648577738485e-05,-2.4788335101706593e+00,1.0000000000000000e+00,
6.2097955183677422e-01,-9.4371719245813727e-03,9.9999999999989242e-01,3.3268029313299548e-12,-3.3304306141115376e+01,-1.3966112116168006e+02,1.8601491169716045e-04,-8.3098364867086616e-01,1.0000000000000000e+00,
9.4441481010310924e-01,-8.6053571931609632e-02,9.9999999998002631e-01,2.0527044355940074e-14,6.3740078419141355e+01,3.5444078167711268e+01,1.8517056316266767e-04,-9.0995832339633921e+01,1.0000000000000000e+00,
9.0868501317587402e-01,-4.0938491140820314e-02,9.9999999998116562e-01,6.7605750848495843e-13,1.6584868037462002e+03,-9.7123367214953760e+01,1.0217686000069115e-04,-7.6546901861314723e+01,1.0000000000000000e+00,
8.5154113631044037e-01,-6.8513583458713279e-02,9.9999999999150779e-01,1.3103408270606407e-12,1.8055789641653973e+03,-5.8933441419285373e+02,3.9450773209229184e-03,-5.1882799852777339e+01,1.0000000000000000e+00,
7.6783053836583692e-01,-9.2978386780955699e-02,9.9999999999205913e-01,1.8960806148436225e-12,1.1384791991265956e+03,-6.6827493333148595e+02,5.1991074403560933e-04,-3.2042174312340990e+01,1.0000000000000000e+00,
6.7543145641256175e-01,-9.2419704628339372e-02,9.9999999999181555e-01,2.4087355144010948e-12,5.7569225390434440e+02,-6.1306385752468486e+02,2.8843571996006734e-03,-1.7326392153781967e+01,1.0000000000000000e+00,
6.4314686252111641e-01,-5.3514532355925883e-02,9.9999999999622102e-01,2.8283696548311029e-12,2.6348054115951527e+02,-4.0567591423096019e+02,1.7939152212598231e-04,-8.4115270419322314e+00,1.0000000000000000e+00,
6.3238166201110246e-01,-2.1387660604297969e-02,9.9999999999903377e-01,3.1395194684565317e-12,1.2106250804153387e+02,-2.1605671741326660e+02,8.0084000639302211e-06,-3.6859276369069676e+00,1.0000000000000000e+00,
6.2942048401974093e-01,-7.3693026277394259e-03,9.9999999999815936e-01,3.3300513104183579e-12,7.9697421826247592e+01,-8.7765163218227826e+01,4.2462766742471653e-07,-1.3260835557640007e+00,1.0000000000000000e+00,

64,9
9.9881100346760998e-01,3.9634414652128781e-02,1.0000000000054456e+00,6.3007114324182385e-13,1.0179521069851035e+03,-2.4789306209640927e+01,3.1670730668148632e+01,-8.2525328941271027e+01,1.0000000000000000e+00,
9.8910410206677635e-01,5.0189849708233793e-02,1.0000000000125082e+00,1.2612062168385157e-12,1.6016021190767788e+03,-1.6939564000858809e+01,6.3820941239384199e-02,-7.0357651235715252e+01,1.0000000000000000e+00,
9.5308471929873195e-01,8.5535274633473518e-02,1.0000000000124842e+00,1.8459890823720636e-12,2.1773531303111668e+03,-7.4272999896493275e+00,8.6516838003003471e-02,-5.2792506859808100e+01,1.0000000000000000e+00,
8.7971764737378144e-01,1.0146136126890681e-01,1.0000000000042508e+00,2.3598050272038472e-12,2.3959305007385410e+03,5.4141045529104304e+02,1.0090677682492721e-01,-3.0946203922632549e+01,1.0000000000000000e+00,
7.7328835620581271e-01,9.7866611017585398e-02,1.0000000000008771e+00,2.7825101256643768e-12,2.1401130114943953e+03,7.9210152644081973e+02,1.0274574026949423e-01,-1.4331363803998670e+01,1.0000000000000000e+00,
6.9751378188649904e-01,5.2176073840539648e-02,1.0000000000012363e+00,3.0984353949868291e-12,1.1873665305360191e+03,7.1058007531537442e+02,2.4555812322329951e-02,-6.4590435047605297e+00,1.0000000000000000e+00,
6.5884322334450496e-01,2.0780207563509213e-02,1.0000000000056597e+00,3.2952978380461523e-12,6.4500219334167195e+02,3.7514207172971510e+02,8.8330812097800644e-03,-2.5525784171479700e+00,1.0000000000000000e+00,
6.4336279978165511e-01,7.4241771214101707e-03,1.0000000000210576e+00,3.3647655178681831e-12,3.7121605309692677e+02,1.4516832452636663e+02,2.1570886313669410e-01,-7.0736650548969493e-02,1.0000000000000000e+00,
1.0621198037184789e+00,5.5938827506040498e-02,1.0000000000024054e+00,6.3007174011997166e-13,2.4223631425291387e+03,9.9732799082739803e+02,6.5733883156785453e+01,-8.6787771960719965e+01,1.0000000000000000e+00,
1.0379161677339652e+00,8.7523838340063789e-02,1.0000000000001674e+00,1.2628963058611432e-12,2.1424626302763500e+03,-5.3847962727595586e+02,5.2870920452497199e+00,-7.3197601434227181e+01,1.0000000000000000e+00,
1.0042100122451969e+00,1.9446552260869984e-01,9.9999999999982980e-01,1.8486124921304617e-12,2.4144467734600767e+03,-3.8448359904759855e+02,3.8224575691100715e+00,-5.4385343119900654e+01,1.0000000000000000e+00,
9.3982461963359054e-01,4.9849088187273571e-01,9.9999999999981715e-01,2.3621748788891034e-12,7.2669797962567827e+03,4.7111884536534490e+03,1.0750882442438083e+02,-1.4945201965242859e+01,1.0000000000000000e+00,
7.6076095043947900e-01,5.0724758472555453e-01,9.9999999999995282e-01,2.7846998275898588e-12,3.8782198654771491e+03,4.4232958694614354e+03,1.5302401687629143e+02,-2.1929897312568301e+00,1.0000000000000000e+00,
6.7392672375095752e-01,7.1870847785662439e-02,1.0000000000000195e+00,3.1009539724148553e-12,1.0582294860250840e+03,1.5497387897790759e+03,2.7007886933538838e-02,-1.0496103764858162e+00,1.0000000000000000e+00,
6.4753549691027013e-01,2.6781700659167226e-02,1.0000000000000602e+00,3.2981347360266941e-12,4.8712619141297182e+02,5.9664587962543010e+02,2.0770208026404946e-03,-5.0234161601611049e-01,1.0000000000000000e+00,
6.3812816285464158e-01,1.0080067930352252e-02,1.0000000000005926e+00,3.3677271809643226e-12,2.7203724654891994e+02,2.1506217817686775e+02,2.8823745191338807e-01,-1.5041381640557461e-02,1.0000000000000000e+00,
1.5385322456560291e+00,7.9490176239504806e-01,1.0000213577517278e+00,6.2955921137625590e-13,1.1173172148631439e+06,1.2993576792936400e+06,1.0128840134542151e+03,-8.9380393837320867e+01,1.0000000000000000e+00,
1.5859978213618273e+00,7.1904376860829644e-01,1.0000171922520131e+00,1.2699190342587396e-12,1.9309503338086798e+06,3.5534480865423934e+05,8.5316696599455645e+02,4.2762739362598268e+00,1.0000000000000000e+00,
1.5473674662506776e+00,8.1872677796564375e-01,1.0000101839316808e+00,1.8541236505322118e-12,1.2817389990148551e+06,6.9465268127793656e+05,9.1719658433098778e+02,8.6063943751770466e+00,1.0000000000000000e+00,
1.5312054251249130e+00,9.9934405032390472e-01,1.0000419885974188e+00,2.3647363509268670e-12,2.4721797296924042e+06,2.5039803862685761e+06,1.1087826967357180e+03,1.8378684245168188e+01,1.0000000000000000e+00,
6.4703870952412745e-01,4.8313784627219403e-01,1.0000000000002187e+00,2.7878005196064118e-12,3.6416916922126984e+04,8.6371323264240345e+03,2.2924790966960796e+02,4.0321213321273262e+01,1.0000000000000000e+00,
6.2361236378695706e-01,6.2557993001998866e-02,1.0000000000001485e+00,3.1048193193772504e-12,1.0224338463667664e+02,1.5908476276945294e+03,1.9589980901693616e-01,1.1582804656258872e+01,1.0000000000000000e+00,
6.2690292919295265e-01,2.5607715772423899e-02,1.0000000000001268e+00,3.3024973747057206e-12,3.2782336854405003e+01,5.9760884157039982e+02,7.9537772440796406e-03,4.3003043663564426e+00,1.0000000000000000e+00,
6.2725045388684786e-01,1.0019142136355423e-02,1.0000000000005578e+00,3.3722652889927696e-12,3.5592349633821868e+01,2.1504209569557133e+02,2.8633709457138323e-01,1.4650223907493398e+00,1.0000000000000000e+00,
1.5083180162518890e+00,9.0358274873859978e-01,1.0000318367858168e+00,6.2293728200895590e-13,3.6575408731791885e+06,1.3823789635233590e+06,1.1172410956812398e+03,-6.1934409947558697e+02,1.0000000000000000e+00,
1.6919244816009866e+00,6.4535488309007694e-01,1.0000775465252518e+00,1.3195645893375614e-12,3.0170180323410961e+06,3.3031458034284934e+06,2.5174774386503550e+03,0.0000000000000000e+00,1.0000000000000000e+00,
1.8826122843832016e+00,8.2439237654838593e-01,1.0002355101588614e+00,1.8619042548529697e-12,4.1218805690518237e+05,3.3247212377789374e+06,1.3368563904651601e+03,-2.2563143255749617e+02,1.0000000000000000e+00,
2.2091013256153338e+00,5.4427191033873934e-01,1.0000095007138519e+00,2.3690640604046602e-12,1.4278053773900182e+06,1.2215354949622648e+06,1.3919648363860465e+03,2.3842182461795574e+00,1.0000000000000000e+00,
8.9857933566015658e-01,2.9966594288135379e-01,1.0000000000003273e+00,2.7920892042288640e-12,5.5766844587055675e+04,3.2540780874274787e+03,1.7869867275334079e+02,4.0659617046284666e+01,1.0000000000000000e+00,
6.0967789834346242e-01,2.4457463953776636e-02,1.0000000000001599e+00,3.1097338505161285e-12,-4.6721680139345699e+02,7.4351433351112064e+02,1.6643729642636315e-01,1.4271535493904253e+01,1.0000000000000000e+00,
6.1686922915586018e-01,1.5283502147791424e-02,1.0000000000001259e+00,3.3078445233153428e-12,-2.0782132611038105e+02,3.6888649382308358e+02,7.1898375736775821e-03,6.1503341776773368e+00,1.0000000000000000e+00,
6.1924149964437536e-01,7.1685738573852307e-03,1.0000000000003562e+00,3.3777633365167741e-12,-1.4202935389072809e+02,1.4304052928428064e+02,2.1257408012975346e-01,2.2751613192175171e+00,1.0000000000000000e+00,
1.7133462481674688e+00,7.2783588096099361e-01,1.0000324780869680e+00,6.2502925727835381e-13,1.6866618131317594e+06,5.7327755945341643e+06,9.8675042867535490e+02,-5.1147004379913949e+02,1.0000000000000000e+00,
1.6175201497226916e+00,6.6828952731955882e-01,1.0000251195045902e+00,1.3197172240020229e-12,2.4480166201204062e+06,4.6165858375098491e+06,2.5012526396512212e+03,0.0000000000000000e+00,1.0000000000000000e+00,
1.9685392898289442e+00,5.3356217108661808e-01,1.0001763944860935e+00,1.8623781682972668e-12,1.8485988459347503e+06,3.3959782630051118e+06,1.4606402517022461e+03,-2.5709847579929681e+02,1.0000000000000000e+00,
2.0270810278565263e+00,4.9779904749060483e-01,1.0000173421334564e+00,2.3725970715693828e-12,1.0850921131113975e+06,1.8292854533443414e+06,1.2144784657299931e+03,-1.0979773181111227e+01,1.0000000000000000e+00,
5.9694482782055958e-01,1.9387825877786610e-01,1.0000000000001026e+00,2.7970175400945129e-12,5.8704630538118363e+04,1.5798350281002058e+03,1.4959668135005194e+02,3.1905977174558871e+01,1.0000000000000000e+00,
6.0262911661029794e-01,2.4567982707982900e-02,1.0000000000000504e+00,3.1151055196174161e-12,-3.4022739098382590e+02,-5.3413296441249258e+01,1.3060823670973734e-01,1.3838760250568612e+01,1.0000000000000000e+00,
6.1190842864132289e-01,6.5668936077539391e-03,1.0000000000000453e+00,3.3134285559520814e-12,-2.0641241886041826e+02,-2.4005686289456207e+00,1.0945385774962374e-02,6.1214978563251634e+00,1.0000000000000000e+00,
6.1550518265727372e-01,2.1492776577181649e-03,1.0000000000005611e+00,3.3834209181484427e-12,-1.6446886839265062e+02,1.1272709571130690e+00,8.7445864082397573e-02,2.2770160299736233e+00,1.0000000000000000e+00,
1.3954186064096563e+00,7.1745135814323180e-01,1.0000240203050921e+00,6.3358495202675693e-13,1.6552355480777987e+06,5.0343266208800366e+06,9.6371951969033466e+02,-1.2722831782167850e+02,1.0000000000000000e+00,
1.5740471044573370e+00,5.5548000921543739e-01,1.0000071460515159e+00,1.2744278239096267e-12,1.8845483787557927e+06,4.4913880019499222e+06,9.4508182401680756e+02,-7.3577826470077071e+01,1.0000000000000000e+00,
1.4293366069300881e+00,4.3453158982217965e-01,1.0000512853607513e+00,1.8605291034378865e-12,1.6727822878752672e+06,7.7684929490301013e+06,8.9659329725088025e+02,-3.5429169194882206e+01,1.0000000000000000e+00,
2.2230375397692437e+00,4.2030525586223833e-01,1.0000095180221205e+00,2.3768229150796746e-12,3.0609857702995022e+06,3.5837876014650278e+06,1.0579610829228186e+03,-1.3237535440379702e+01,1.0000000000000000e+00,
5.9049596548749050e-01,1.0981326788012047e-01,9.9999999999997613e-01,2.8018566725284126e-12,3.9752504830367980e+04,-1.4981886289388058e+01,1.6493412951174506e+02,1.9797188169257993e+01,1.0000000000000000e+00,
6.1425719849551763e-01,-8.4777100965648302e-03,9.9999999999995670e-01,3.1199950146542715e-12,1.4268726275986410e+02,-3.4714832334775565e+02,1.5850095982083978e-01,8.2396072435344649e+00,1.0000000000000000e+00,
6.2012334909606925e-01,-4.6301631710142588e-03,9.9999999999998268e-01,3.3183402666123651e-12,-4.0359193517360836e+00,-1.2285010543246244e+02,1.0209798608325216e-02,4.0736413706638359e+00,1.0000000000000000e+00,
6.2137201615331195e-01,-3.8233008075155318e-04,1.0000000000008396e+00,3.3883413231535289e-12,-3.6394373309565708e+01,-3.2385587317435238e+00,2.4044257651818665e-01,1.6419770197875039e+00,1.0000000000000000e+00,
9.9927073956360113e-01,-1.1703630190018468e-02,1.0000000000311939e+00,6.3536939758766427e-13,7.1005250734771835e+03,1.0027910604805220e+04,2.0515911997796218e+02,-7.8710037408457538e+01,1.0000000000000000e+00,
9.6750650539064542e-01,-4.2743443131308184e-03,9.9999999999971700e-01,1.2718019042300821e-12,5.7816887905206386e+03,1.2551137974929588e+03,8.1048581154180237e+00,-4.9499415702643773e+01,1.0000000000000000e+00,
9.6366521538657801e-01,-4.4527135078171236e-02,9.9999999999987588e-01,1.8613347707554326e-12,3.0705906171111565e+03,-1.6316913306363858e+02,1.4258398122830474e+01,-1.9991835082761668e+01,1.0000000000000000e+00,
9.1878350269236553e-01,-7.5168645987668065e-02,9.9999999999984313e-01,2.3791579239800824e-12,3.1371879847603850e+03,2.2359105243886006e+02,1.6227196810549970e+02,-4.6239029048742850e+00,1.0000000000000000e+00,
7.5958468771469212e-01,-5.9722394013351873e-02,9.9999999999974531e-01,2.8050494924715148e-12,1.0829366152265720e+03,-4.4589388499880442e+02,1.4659166340849799e+02,-5.0544071272838664e-01,1.0000000000000000e+00,
6.6920756044643093e-01,-2.3776229762504153e-02,9.9999999999983935e-01,3.1233566118732966e-12,5.3564508647505136e+02,-2.3927886936980940e+02,3.5947470342800880e-02,3.8848748347623996e-01,1.0000000000000000e+00,
6.4075609221494545e-01,-8.3129477788758677e-03,9.9999999999994726e-01,3.3217089819576659e-12,2.4030906751559814e+02,-9.9479715663983370e+01,1.5420486049300131e-03,4.1616474743273102e-01,1.0000000000000000e+00,
6.3143779456619031e-01,-4.6654242883924907e-04,1.0000000000009450e+00,3.3917023572237577e-12,1.0936144170764601e+02,-2.7767225248794603e+00,2.5992786325233946e-01,2.9980748464657836e-01,1.0000000000000000e+00,
9.9755018071676749e-01,-1.2894592940038555e-03,1.0000000001099627e+00,6.3578761496181491e-13,2.3020787643697986e+03,2.2635976185101754e+03,6.9115915342467432e+01,-7.2671649595562030e+01,1.0000000000000000e+00,
9.4741151675302393e-01,-1.2440000279132521e-03,1.0000000000873397e+00,1.2721872695959322e-12,2.5591011889060610e+03,9.9178000930878625e+02,5.1578810228680716e-02,-5.2981429625685337e+01,1.0000000000000000e+00,
9.1506451449662818e-01,-1.4636612620251639e-03,1.0000000000257805e+00,1.8617249051676003e-12,2.4618438288896868e+03,-1.4073510003072442e+00,9.5025862331210575e-02,-3.0482187324036090e+01,1.0000000000000000e+00,
8.6125230389597451e-01,-2.2518528847810804e-03,1.0000000000064095e+00,2.3798371470711122e-12,1.8947849638807384e+03,-1.7228094838355901e+01,1.0895080998009066e-01,-1.5131712985978311e+01,1.0000000000000000e+00,
7.6532532195401937e-01,-1.8408025680534280e-03,1.0000000000032072e+00,2.8061191713133102e-12,1.1643987154169736e+03,-1.3538791241808212e+01,1.1417934892913317e-01,-6.7955559682972080e+00,1.0000000000000000e+00,
6.9195052824463588e-01,-8.2329257647528601e-04,1.0000000000038787e+00,3.1245745609393082e-12,6.4908198383564013e+02,-7.5907401671429398e+00,3.0646413066448552e-02,-2.7784160342010864e+00,1.0000000000000000e+00,
6.5257831923770870e-01,-2.9401219796341445e-04,1.0000000000066109e+00,3.3229474145122463e-12,3.2718393256256240e+02,-3.2399495399658917e+00,9.1333685654612813e-03,-9.6142223693942697e-01,1.0000000000000000e+00,
6.3680320525147838e-01,-1.6059238080162752e-05,1.0000000000066558e+00,3.3929388017361463e-12,1.6722705218671763e+02,-9.1180042778660209e-02,2.1151774495613995e-01,-2.4905444320699743e-02,1.0000000000000000e+00,

