1
1
9
0
(16 0
((24,96) (39,111) (0,0))
((40,96) (55,111) (0,0))
((56,96) (71,111) (0,0))
((72,96) (87,111) (0,0))
((24,112) (39,127) (0,0))
((40,112) (55,127) (0,0))
((56,112) (71,127) (0,0))
((72,112) (87,127) (0,0))
((24,128) (39,143) (0,0))
((40,128) (55,143) (0,0))
((56,128) (71,143) (0,0))
((72,128) (87,143) (0,0))
((24,144) (39,159) (0,0))
((40,144) (55,159) (0,0))
((56,144) (71,159) (0,0))
((72,144) (87,159) (0,0))
)
16
FabOnDisk: Cell_D_00000 0
FabOnDisk: Cell_D_00000 18517
FabOnDisk: Cell_D_00000 37034
FabOnDisk: Cell_D_00000 55551
FabOnDisk: Cell_D_00000 74068
FabOnDisk: Cell_D_00000 92586
FabOnDisk: Cell_D_00000 111104
FabOnDisk: Cell_D_00000 129622
FabOnDisk: Cell_D_00000 148140
FabOnDisk: Cell_D_00000 166658
FabOnDisk: Cell_D_00000 185176
FabOnDisk: Cell_D_00000 203694
FabOnDisk: Cell_D_00000 222212
FabOnDisk: Cell_D_00000 240730
FabOnDisk: Cell_D_00000 259248
FabOnDisk: Cell_D_00000 277766

16,9
1.1932454360732336e+00,-8.3774287549493287e-01,9.9999999999881217e-01,6.8277068892943658e-13,-9.0773063730309112e+05,-1.6636171881148178e+05,2.6862948380923513e-02,-8.4145673502888314e+01,1.0000000000000000e+00,
1.3314577994307433e+00,-3.3848817100931505e-01,9.9999999918883009e-01,1.1344906973796545e-12,-6.1978810528150341e+05,-1.7250306364475592e+05,2.0826172499430751e-01,-8.4065469623485754e+01,1.0000000000000000e+00,
1.0231442380483107e+00,-3.3179427325983724e-01,9.9979221858332978e-01,1.6068344925227169e-12,-2.7780984710245393e+06,-1.4550359360937572e+06,3.5879932366329470e-01,-3.4589739270446648e+02,1.0000000000000000e+00,
4.7329341759374954e-01,-2.9456292386506927e-01,9.9808314238014406e-01,2.0355139837459736e-12,-1.0062040895265780e+06,-1.4274823663812939e+06,2.7177265975639742e-01,-3.4899003992504134e+02,1.0000000000000000e+00,
5.1978765054011633e-01,-4.8839681840108989e-01,9.9999057731637131e-01,6.6729948353789251e-13,-3.2917080928605935e+06,-1.0100225909134607e+06,4.1056233504208617e-01,-1.2264576204821677e+02,1.0000000000000000e+00,
-1.0651537683929301e-03,-9.0216695758788301e-01,0.0000000000000000e+00,0.0000000000000000e+00,-6.1668545653656044e+05,-6.0575272537027264e+05,0.0000000000000000e+00,-1.2314540445446852e+02,0.0000000000000000e+00,
5.9329395981770028e-01,-3.2477008554256548e-01,9.9888313769954029e-01,1.6334635085271018e-12,-3.5537452866383097e+06,-3.3659062827768276e+05,1.2166214353752949e+00,-3.6021395861209299e+02,1.0000000000000000e+00,
9.0430059847296362e-01,-6.1747226681955825e-01,9.9930259792221021e-01,2.0569997182587487e-12,-3.2381246143394470e+05,-2.9814165975503909e+05,1.2829231665962837e-01,-3.5597526803869982e+02,1.0000000000000000e+00,
5.4526375573219288e-01,-5.7702062727367820e-01,9.9989229507296296e-01,6.6745487253516458e-13,-3.4162625837332765e+06,-5.6437806553289795e+05,1.2802138996259732e-01,-1.5216681749506623e+02,1.0000000000000000e+00,
-5.9720960090390793e-05,-1.3049198857805429e+00,0.0000000000000000e+00,0.0000000000000000e+00,-5.7489827404609905e+05,-6.7384278279937850e+05,0.0000000000000000e+00,-1.5727020801124775e+02,0.0000000000000000e+00,
4.5589124500218781e-01,-1.2359238083302870e+00,9.9903383764495435e-01,1.6436511560525967e-12,-3.4833471859972277e+06,-9.6119843379602779e+05,6.4984297099246469e-02,-3.4317703966633610e+02,1.0000000000000000e+00,
1.0270611005130870e+00,-8.8063597913373892e-01,9.9954489879613972e-01,2.0686792424426465e-12,-3.5313987294251216e+05,-1.9359510003120606e+05,1.0865874394454245e-01,-2.9093806154814411e+02,1.0000000000000000e+00,
1.1085997043947378e+00,-1.9423601583846364e-01,9.9999999999575906e-01,6.8737583016886076e-13,-1.1526132373634146e+06,-5.9102708956381376e+05,1.1732779630522217e-01,-6.7319115866288286e+01,1.0000000000000000e+00,
1.0471240330268137e+00,-3.5126682301384826e-01,9.9999999991106059e-01,1.1434480590658927e-12,-6.5716774975827930e+05,-1.6609796977977868e+05,2.8582712813953748e-01,-2.3370829546385102e+02,1.0000000000000000e+00,
9.1441152785864022e-01,-1.1922821369776566e+00,9.9977532731698182e-01,1.6251117879658149e-12,-2.6091233114982471e+06,-1.8972693867804066e+05,1.6950731224111593e-01,-2.3686326591873168e+02,1.0000000000000000e+00,
4.2006552849311463e-01,-1.2700647249607611e+00,9.9811052887698848e-01,2.0582989528167968e-12,-1.8186298985449460e+06,-2.4167891531590134e+05,5.7863781112618540e-01,-2.4539594629671342e+02,1.0000000000000000e+00,

16,9
1.8819165921222050e+00,3.0325394963881697e-01,1.0000000000009288e+00,1.1228675385351322e-12,-1.6902642475120017e+04,2.3027830988803325e+05,1.9059254091542175e+03,4.8141140433938190e+01,1.0000000000000000e+00,
1.9630858877128960e+00,2.5018147645977301e-01,1.0003963913027241e+00,1.6011332129612278e-12,-7.5951781466852175e+04,2.8569648063475254e+05,5.4787851278683013e+02,-4.1908490149877053e+00,1.0000000000000000e+00,
2.0693029179580749e+00,1.0731621615807847e+00,1.0001699407844535e+00,2.0302249638303183e-12,-7.7828399300688819e+04,3.9837060569127835e+05,1.7434860906301676e+03,3.5400598196339409e+01,1.0000000000000000e+00,
1.5996635637484569e+00,1.3453250823117020e+00,1.0000714814586689e+00,2.4215323855583965e-12,2.1775930834842869e+05,1.9050886611470205e+05,2.3111928449120142e+03,2.8232372815680158e+01,1.0000000000000000e+00,
2.2249692091150557e+00,3.4097262077300461e-01,1.0001685648395371e+00,1.1011691279130681e-12,8.6075480026401317e+04,2.3133530321245873e+05,2.2732988360149016e+03,4.9388895959578733e+01,1.0000000000000000e+00,
2.3298705349670694e+00,1.2471046614057626e+00,1.0001650644465623e+00,1.7408720921083012e-12,1.4841133961395256e+05,7.8510732187825220e+05,5.9961717175423310e+03,5.0432456885480917e+02,1.0000000000000000e+00,
3.2609594473556571e+00,1.3450210842869028e+00,1.0008688172703055e+00,2.0531290099398865e-12,-9.3114451328958385e+04,1.0692210679213726e+06,2.6494852890730099e+03,3.7609878057593988e+01,1.0000000000000000e+00,
1.9152246684372445e+00,7.9948768762005096e-01,1.0013137284580915e+00,2.4328177073532087e-12,1.2200706037053079e+05,2.0781279231278275e+05,2.1273582717730278e+03,2.8468751068964046e+01,1.0000000000000000e+00,
2.2837401800308914e+00,6.7727806720152361e-01,1.0000109779573336e+00,1.1074261316670043e-12,8.8997423044897761e+04,1.0661743144446027e+06,2.3744934476270769e+03,7.1713707751882765e+01,1.0000000000000000e+00,
2.2881206797048561e+00,9.8939704830172992e-01,1.0000000401273628e+00,1.7413835302814289e-12,3.0669206564638967e+05,6.4859040857013944e+05,6.0475945771551969e+03,5.0007186385255841e+02,1.0000000000000000e+00,
3.1326945834354403e+00,2.6199135930198786e-01,1.0011646157176557e+00,2.0536494960589698e-12,6.3675516388167394e+04,6.1668764436595759e+05,2.6030776205537300e+03,5.8297761937822294e+01,1.0000000000000000e+00,
2.0000162577510698e+00,6.5706756282454093e-01,1.0011200795675266e+00,2.4358289031926509e-12,1.0209041204456254e+05,2.8951030392677442e+05,1.9417596860354799e+03,1.5627647446987694e+01,1.0000000000000000e+00,
2.0514178515296413e+00,8.9534398507264534e-01,1.0000000000007092e+00,1.1359968944303733e-12,8.6245582501283439e+04,5.2524508726734319e+05,2.0874011678496659e+03,7.8073843558941775e+01,1.0000000000000000e+00,
2.2722013007867305e+00,4.4551443278125086e-01,1.0000504863045510e+00,1.6113902709590818e-12,-7.4455415766254475e+04,1.2312042646686996e+05,3.9650127483676732e+02,-2.4770865229681888e+01,1.0000000000000000e+00,
1.9964005553728352e+00,4.7519324206793123e-01,1.0000249971957793e+00,2.0425096873953893e-12,-2.0773018258391901e+04,1.0456067198123882e+06,2.3545023397480218e+03,9.9385422212655399e+01,1.0000000000000000e+00,
1.8757954313638945e+00,4.3014328032767818e-01,1.0000668537216673e+00,2.4358182352867763e-12,3.2423239882845950e+05,9.6961481268398999e+05,2.2102656927154812e+03,1.1492028382282335e+01,1.0000000000000000e+00,

