1
1
1
1
(6 0
((32,112) (48,128) (1,1))
((48,112) (64,128) (1,1))
((64,112) (72,128) (1,1))
((32,128) (48,144) (1,1))
((48,128) (64,144) (1,1))
((64,128) (72,144) (1,1))
)
6
FabOnDisk: SD_1_New_MF_D_00000 0
FabOnDisk: SD_1_New_MF_D_00000 2974
FabOnDisk: SD_1_New_MF_D_00000 5948
FabOnDisk: SD_1_New_MF_D_00000 7706
FabOnDisk: SD_1_New_MF_D_00000 10680
FabOnDisk: SD_1_New_MF_D_00000 13654

6,1
-7.9839039351513996e-01,
-1.1316616729872226e+00,
-2.1333390090331517e-01,
-7.9839039351526420e-01,
-1.1316616729871924e+00,
-2.1333390090328275e-01,

6,1
6.2444062629753749e-01,
5.3241724290976261e-02,
1.6568135570859649e-01,
6.2444062629753749e-01,
5.3241724290976261e-02,
1.6568135570859649e-01,

