1
1
9
0
(9 0
((80,232) (95,247) (0,0))
((96,232) (111,247) (0,0))
((112,232) (127,247) (0,0))
((80,248) (95,263) (0,0))
((96,248) (111,263) (0,0))
((112,248) (127,263) (0,0))
((80,264) (95,279) (0,0))
((96,264) (111,279) (0,0))
((112,264) (127,279) (0,0))
)
9
FabOnDisk: Cell_D_00000 0
FabOnDisk: Cell_D_00000 18518
FabOnDisk: Cell_D_00000 37037
FabOnDisk: Cell_D_00000 55557
FabOnDisk: Cell_D_00000 74075
FabOnDisk: Cell_D_00000 92594
FabOnDisk: Cell_D_00000 111114
FabOnDisk: Cell_D_00000 129632
FabOnDisk: Cell_D_00000 148151

9,9
-2.4575805139602624e-01,-7.4737632270856169e-01,0.0000000000000000e+00,-7.7911704928395606e-13,-1.1920308072477837e+03,-7.7917566065235894e+02,0.0000000000000000e+00,-3.5743524798085091e+00,0.0000000000000000e+00,
-8.7280347999197941e-02,-6.8256135775626070e-01,0.0000000000000000e+00,0.0000000000000000e+00,-4.7767795275825017e+02,-3.6411616314903591e+02,0.0000000000000000e+00,-1.9957208184923125e+00,0.0000000000000000e+00,
5.9930933960065991e-02,-6.2660962857526714e-01,9.9999999999978517e-01,3.0950931142902285e-14,-5.6976289917205065e+02,-5.2974656633458608e+02,6.0666260620578782e-02,-1.1249778729527398e+00,1.0000000000000000e+00,
0.0000000000000000e+00,-6.5893129130568429e-01,0.0000000000000000e+00,0.0000000000000000e+00,-6.1250867307205283e+02,-5.4497797958297701e+02,0.0000000000000000e+00,-1.7492476181947013e-02,0.0000000000000000e+00,
-3.3473873824705203e-01,-6.9997818313430704e-01,0.0000000000000000e+00,0.0000000000000000e+00,-4.5235431261398986e+02,-4.6757535850232290e+02,0.0000000000000000e+00,-7.2765277905030779e-01,0.0000000000000000e+00,
-8.9305477387375298e-01,-7.3623732120893459e-01,9.9999999999976463e-01,9.7998290797560328e-14,-5.5234214942127835e+02,-5.6856909948592397e+02,7.0576899644532517e+01,-1.1160206779433988e+00,1.0000000000000000e+00,
-2.4575805139579604e-01,-2.2109791105814347e-01,0.0000000000000000e+00,-8.2232503183880220e-13,-1.1920308071731260e+03,-4.5180278840215476e+02,0.0000000000000000e+00,-3.5743524792985504e+00,0.0000000000000000e+00,
-8.7280347999207392e-02,-9.4090995705248245e-02,0.0000000000000000e+00,0.0000000000000000e+00,-4.7767795275832123e+02,-1.5638471073987057e+02,0.0000000000000000e+00,-1.9957208180826365e+00,0.0000000000000000e+00,
5.9930933960121016e-02,-8.1720612802399728e-01,9.9999999999982891e-01,2.6164060134385696e-14,-5.6976289917198494e+02,-1.8703144175989161e+02,6.0666260675823480e-02,-1.1249778729527027e+00,1.0000000000000000e+00,

9,9
1.4761320363805766e+00,2.2109791105964099e-01,1.0000000000000724e+00,1.5113702074836627e-12,8.7096959044699830e+01,4.5180278841212544e+02,1.1488506563244136e+04,4.9833477980672991e-01,1.0000000000000000e+00,
1.4942976578430578e+00,9.4090995705214828e-02,1.0000000000002325e+00,6.5732842550377378e-13,2.2492796748785179e+02,1.5638471068928902e+02,3.5447382182484503e+03,5.9114235736362142e-01,1.0000000000000000e+00,
1.5066681471405678e+00,8.1720612802401860e-01,1.0000000000002396e+00,1.1907164993463338e-13,9.1589155402639528e+02,1.8703144175986887e+02,2.3143035772677895e+03,-1.7589429693425379e-01,1.0000000000000000e+00,
5.6123275334862854e-01,6.5893129130565875e-01,1.0000000000000475e+00,9.1636751575394298e-13,1.2386951437281830e+02,5.4497797958281262e+02,2.2326779664296973e+03,6.1867900336536596e-01,1.0000000000000000e+00,
0.0000000000000000e+00,6.9997818313440463e-01,1.0000000000002307e+00,1.1066929895231079e-13,8.9539228959451904e+01,4.6757535850235877e+02,2.9486674247836072e+03,1.0165187227705961e+00,1.0000000000000000e+00,
3.6996089728103410e-01,7.3623732120891616e-01,1.0000000000000722e+00,1.1924985278855127e-13,9.1429349518707920e+02,5.6856909948596910e+02,2.3627744015409608e+03,2.0516720747664904e-02,1.0000000000000000e+00,
1.4761320363806001e+00,7.4737632270852972e-01,1.0000000000001801e+00,1.5736522578806106e-12,8.7096959044784128e+01,7.7917566065463905e+02,1.1488506563216441e+04,4.9833477973166806e-01,1.0000000000000000e+00,
1.4942976578430156e+00,6.8256135775634619e-01,1.0000000000003451e+00,6.8570185137873363e-13,2.2492796742480357e+02,3.6411616314910088e+02,3.5447382182486358e+03,5.9114235769020429e-01,1.0000000000000000e+00,
1.5066681471405490e+00,6.2660962857524927e-01,1.0000000000001965e+00,1.1913692944620525e-13,9.1589155402661947e+02,5.2974656633464895e+02,2.3143035772677254e+03,-1.7589429693424949e-01,1.0000000000000000e+00,

