1
1
9
0
(64 0
((0,0) (15,15) (0,0))
((16,0) (31,15) (0,0))
((32,0) (47,15) (0,0))
((48,0) (63,15) (0,0))
((64,0) (79,15) (0,0))
((80,0) (95,15) (0,0))
((96,0) (111,15) (0,0))
((112,0) (127,15) (0,0))
((0,16) (15,31) (0,0))
((16,16) (31,31) (0,0))
((32,16) (47,31) (0,0))
((48,16) (63,31) (0,0))
((64,16) (79,31) (0,0))
((80,16) (95,31) (0,0))
((96,16) (111,31) (0,0))
((112,16) (127,31) (0,0))
((0,32) (15,47) (0,0))
((16,32) (31,47) (0,0))
((32,32) (47,47) (0,0))
((48,32) (63,47) (0,0))
((64,32) (79,47) (0,0))
((80,32) (95,47) (0,0))
((96,32) (111,47) (0,0))
((112,32) (127,47) (0,0))
((0,48) (15,63) (0,0))
((16,48) (31,63) (0,0))
((32,48) (47,63) (0,0))
((48,48) (63,63) (0,0))
((64,48) (79,63) (0,0))
((80,48) (95,63) (0,0))
((96,48) (111,63) (0,0))
((112,48) (127,63) (0,0))
((0,64) (15,79) (0,0))
((16,64) (31,79) (0,0))
((32,64) (47,79) (0,0))
((48,64) (63,79) (0,0))
((64,64) (79,79) (0,0))
((80,64) (95,79) (0,0))
((96,64) (111,79) (0,0))
((112,64) (127,79) (0,0))
((0,80) (15,95) (0,0))
((16,80) (31,95) (0,0))
((32,80) (47,95) (0,0))
((48,80) (63,95) (0,0))
((64,80) (79,95) (0,0))
((80,80) (95,95) (0,0))
((96,80) (111,95) (0,0))
((112,80) (127,95) (0,0))
((0,96) (15,111) (0,0))
((16,96) (31,111) (0,0))
((32,96) (47,111) (0,0))
((48,96) (63,111) (0,0))
((64,96) (79,111) (0,0))
((80,96) (95,111) (0,0))
((96,96) (111,111) (0,0))
((112,96) (127,111) (0,0))
((0,112) (15,127) (0,0))
((16,112) (31,127) (0,0))
((32,112) (47,127) (0,0))
((48,112) (63,127) (0,0))
((64,112) (79,127) (0,0))
((80,112) (95,127) (0,0))
((96,112) (111,127) (0,0))
((112,112) (127,127) (0,0))
)
64
FabOnDisk: Cell_D_00000 0
FabOnDisk: Cell_D_00000 18514
FabOnDisk: Cell_D_00000 37029
FabOnDisk: Cell_D_00000 55544
FabOnDisk: Cell_D_00000 74059
FabOnDisk: Cell_D_00000 92574
FabOnDisk: Cell_D_00000 111089
FabOnDisk: Cell_D_00000 129605
FabOnDisk: Cell_D_00000 148122
FabOnDisk: Cell_D_00000 166637
FabOnDisk: Cell_D_00000 185153
FabOnDisk: Cell_D_00000 203669
FabOnDisk: Cell_D_00000 222185
FabOnDisk: Cell_D_00000 240701
FabOnDisk: Cell_D_00000 259217
FabOnDisk: Cell_D_00000 277734
FabOnDisk: Cell_D_00000 296252
FabOnDisk: Cell_D_00000 314767
FabOnDisk: Cell_D_00000 333283
FabOnDisk: Cell_D_00000 351799
FabOnDisk: Cell_D_00000 370315
FabOnDisk: Cell_D_00000 388831
FabOnDisk: Cell_D_00000 407347
FabOnDisk: Cell_D_00000 425864
FabOnDisk: Cell_D_00000 444382
FabOnDisk: Cell_D_00000 462897
FabOnDisk: Cell_D_00000 481413
FabOnDisk: Cell_D_00000 499929
FabOnDisk: Cell_D_00000 518445
FabOnDisk: Cell_D_00000 536961
FabOnDisk: Cell_D_00000 555477
FabOnDisk: Cell_D_00000 573994
FabOnDisk: Cell_D_00000 592512
FabOnDisk: Cell_D_00000 611027
FabOnDisk: Cell_D_00000 629543
FabOnDisk: Cell_D_00000 648059
FabOnDisk: Cell_D_00000 666575
FabOnDisk: Cell_D_00000 685091
FabOnDisk: Cell_D_00000 703607
FabOnDisk: Cell_D_00000 722124
FabOnDisk: Cell_D_00000 740642
FabOnDisk: Cell_D_00000 759157
FabOnDisk: Cell_D_00000 777673
FabOnDisk: Cell_D_00000 796189
FabOnDisk: Cell_D_00000 814705
FabOnDisk: Cell_D_00000 833221
FabOnDisk: Cell_D_00000 851737
FabOnDisk: Cell_D_00000 870254
FabOnDisk: Cell_D_00000 888772
FabOnDisk: Cell_D_00000 907288
FabOnDisk: Cell_D_00000 925805
FabOnDisk: Cell_D_00000 944322
FabOnDisk: Cell_D_00000 962839
FabOnDisk: Cell_D_00000 981356
FabOnDisk: Cell_D_00000 999873
FabOnDisk: Cell_D_00000 1018391
FabOnDisk: Cell_D_00000 1036910
FabOnDisk: Cell_D_00000 1055427
FabOnDisk: Cell_D_00000 1073945
FabOnDisk: Cell_D_00000 1092463
FabOnDisk: Cell_D_00000 1110981
FabOnDisk: Cell_D_00000 1129499
FabOnDisk: Cell_D_00000 1148017
FabOnDisk: Cell_D_00000 1166536

64,9
1.0001276193279813e+00,-4.4169682017469129e-03,1.0000000000000000e+00,2.6115498652501401e-11,-7.9305879055735951e-01,1.1700974955270588e-02,4.9960951431504697e-06,1.8788586141657484e-02,1.0000000000000000e+00,
1.0037061358998585e+00,-2.8093211332294197e-03,1.0000000000000000e+00,1.5953516285804881e-11,-9.0719533850342859e-01,-1.5714169952025409e-01,3.8632672884689190e-05,1.1894247923256248e-02,1.0000000000000000e+00,
1.0042104780745500e+00,2.0664287162918543e-07,1.0000000000000000e+00,9.7432062418079113e-12,-7.9564141952414491e-01,-2.7199862748255471e-01,9.0019315578115933e-07,5.5945824929893133e-03,1.0000000000000000e+00,
1.0024053042600385e+00,4.6340144102107600e-05,1.0000000000000000e+00,5.9489080328489763e-12,-4.4477106487437162e-01,-2.5960374682130033e-01,1.2512469463668574e-05,2.5169663860304561e-03,1.0000000000000000e+00,
1.0011589105593268e+00,2.9542058199881678e-05,1.0000000000000000e+00,3.6314284912464245e-12,-2.3772733521312467e-01,-1.5736614083801501e-01,4.5077309300187163e-06,1.1322862782173382e-03,1.0000000000000000e+00,
1.0005531843305489e+00,1.5172566162426114e-05,1.0000000000000000e+00,2.2162272017567375e-12,-1.1532827040530574e-01,-7.7205117278326241e-02,3.0346932518993119e-08,4.9837599719409164e-04,1.0000000000000000e+00,
1.0002914398116005e+00,6.1716308499923134e-06,1.0000000000000000e+00,1.3523071551446719e-12,-5.5472808090871767e-02,-3.4773306891738444e-02,1.1833059201330626e-06,1.9005600029268634e-04,1.0000000000000000e+00,
1.0002167695552349e+00,1.7114817266371192e-07,1.0000000000000000e+00,8.2495121844772257e-13,-2.9660271019254451e-02,-1.3090025739690220e-02,1.6668420048810686e-06,5.2910642563980411e-06,1.0000000000000000e+00,
1.0001802993057374e+00,-1.2347746043706899e-02,1.0000000000000000e+00,2.8302304944105572e-11,-2.2460334439747704e+00,4.2272886529057896e-01,1.2845400444716493e-06,2.0871529736740821e-02,1.0000000000000000e+00,
1.0051650912919154e+00,-7.7790083567493527e-03,1.0000000000000000e+00,1.7263801499467490e-11,-2.3446822929616515e+00,-1.0325076695352051e+00,5.5997667492181658e-04,7.1634245201928522e-03,1.0000000000000000e+00,
1.0044913256033796e+00,3.0496684795990178e-04,1.0000000000000000e+00,1.0528411475974053e-11,-1.1867396014621816e+00,-1.0699168354442232e+00,2.2184028398986033e-07,9.8465739992045906e-04,1.0000000000000000e+00,
1.0011421597913424e+00,1.6104349692032541e-03,1.0000000000000000e+00,6.4195315729875801e-12,-4.1831844924519723e-01,-6.4260197958977494e-01,2.0996100851336519e-04,1.8249202916275080e-04,1.0000000000000000e+00,
1.0002682023386447e+00,9.4669036585964318e-04,1.0000000000000000e+00,3.9134806506524455e-12,-1.8453110666868164e-01,-2.6955456126107874e-01,4.4491121932443978e-07,5.4465023063083413e-05,1.0000000000000000e+00,
1.0000668115263305e+00,4.6634788929938428e-04,1.0000000000000000e+00,2.3853141684071488e-12,-8.2740028856714443e-02,-1.1781461105260028e-01,4.8648638130074917e-07,1.9996334740188709e-05,1.0000000000000000e+00,
1.0000202555496247e+00,1.8615778359452889e-04,1.0000000000000000e+00,1.4536150061417175e-12,-3.8763329926480336e-02,-5.1329329320814424e-02,2.0125286926677907e-05,7.0675991282900877e-06,1.0000000000000000e+00,
1.0000113025599491e+00,5.1342598991521081e-06,1.0000000000000000e+00,8.8573592904594989e-13,-2.0546442933722400e-02,-1.9132780618404850e-02,1.7625101924169471e-05,2.0133615620666215e-07,1.0000000000000000e+00,
1.0002273270070170e+00,-3.1436662386778551e-02,1.0000000000000000e+00,3.0388636051981166e-11,-9.9606975245030149e+00,1.0921124008379322e+00,7.0721615776092595e-05,2.8047525507798085e-02,1.0000000000000000e+00,
1.0112864358604050e+00,-2.9707383549192272e-02,1.0000000000000000e+00,1.8512025246053554e-11,-1.1916714903251806e+01,-8.8333352290396618e+00,3.5833265806944903e-04,-2.2483012356002630e-02,1.0000000000000000e+00,
9.9805915612068985e-01,3.4715828666643384e-03,1.0000000000000000e+00,1.1275314015790627e-11,-1.2133301154490017e+00,-5.2235428993015116e+00,1.2530355131268323e-05,-2.0685045803732770e-02,1.0000000000000000e+00,
9.9731414306639865e-01,3.3641263787012338e-03,1.0000000000000000e+00,6.8665073627016682e-12,-1.3223772935331965e-01,-7.4625094261259572e-01,3.4296088857743712e-06,-5.9720677607023303e-03,1.0000000000000000e+00,
9.9791096541256841e-01,1.4099928458916184e-03,1.0000000000000000e+00,4.1810443995871083e-12,-8.4930462658682621e-03,-2.7327365973193790e-01,4.9825587634944046e-06,-2.3335806871953501e-03,1.0000000000000000e+00,
9.9895328492348556e-01,5.6245051003682076e-04,1.0000000000000000e+00,2.5454638397093277e-12,6.5500534614676485e-04,-1.1808594559435992e-01,6.9039703194228447e-05,-1.0298060580042157e-03,1.0000000000000000e+00,
9.9949677773691015e-01,2.0536574479659332e-04,1.0000000000000000e+00,1.5495382754693310e-12,6.5365957223840413e-04,-5.1377466236204740e-02,3.5856824755773134e-05,-4.5031863158143516e-04,1.0000000000000000e+00,
9.9973133107137002e-01,5.5226349508113773e-06,1.0000000000000000e+00,9.4313445941907048e-13,5.0360616846254825e-04,-1.9142436976908095e-02,2.3676809352593227e-05,-1.6797312417989995e-04,1.0000000000000000e+00,
8.5269118372670416e-01,-1.0345523102264767e-01,1.0000000000000000e+00,3.2324531940020051e-11,-1.7516877781158207e+01,6.0989702342995333e-01,3.6122118801107383e-04,5.1515298490624695e-02,1.0000000000000000e+00,
0.0000000000000000e+00,-8.7393708493610056e-01,0.0000000000000000e+00,0.0000000000000000e+00,-1.3168953647033470e+03,-1.3184612268696094e+03,0.0000000000000000e+00,-1.1546758736779221e+00,0.0000000000000000e+00,
8.4935707786579107e-01,8.4025758969343261e-04,1.0000000000000000e+00,1.1966594382073481e-11,-2.2770749900750950e+01,-6.0624590070118352e+00,2.4932876318550790e-04,-4.4144456549353554e-02,1.0000000000000000e+00,
9.8412780419687007e-01,1.6550369582911742e-04,1.0000000000000000e+00,7.2797323724671514e-12,2.1818511813552949e-01,-4.2161263390277937e-01,1.4043337953611318e-04,-7.0072255425027707e-03,1.0000000000000000e+00,
9.9534645387522902e-01,5.2711976443608360e-05,1.0000000000000000e+00,4.4280690225662056e-12,9.2097871495091133e-02,-1.7955882284257668e-01,1.8169910069240625e-05,-3.2834075317351415e-03,1.0000000000000000e+00,
9.9821209269575839e-01,1.9911136513766823e-05,1.0000000000000000e+00,2.6932345242869360e-12,4.2692837440725565e-02,-8.1738025766580319e-02,4.0419105362590052e-06,-1.4942493154398943e-03,1.0000000000000000e+00,
9.9921956049056537e-01,7.1159972451670487e-06,1.0000000000000000e+00,1.6379120282294934e-12,2.2305348654364489e-02,-3.5703629175890254e-02,1.3642584784198837e-06,-6.5474012755365927e-04,1.0000000000000000e+00,
9.9959994621897275e-01,1.9023348023811092e-07,1.0000000000000000e+00,9.9598107539122793e-13,1.6512723743531136e-02,-1.3275953284454675e-02,8.5341016745058202e-07,-2.4403924401642896e-04,1.0000000000000000e+00,
8.5269118372670416e-01,1.6242405142865950e-03,1.0000000000000000e+00,3.4060920750533796e-11,-1.7516877781158389e+01,-5.7349514818756987e+01,3.6122118789172486e-04,5.1515298490625389e-02,1.0000000000000000e+00,
0.0000000000000000e+00,-8.7271186636688780e-01,0.0000000000000000e+00,0.0000000000000000e+00,-1.3168953647033575e+03,-6.3805084191139633e+02,0.0000000000000000e+00,-1.1546758737149905e+00,0.0000000000000000e+00,
8.4935707786579107e-01,-1.0138598987050906e-01,1.0000000000000000e+00,1.2585210651394618e-11,-2.2770749900750214e+01,-2.5236203359075123e+01,2.4932876320493680e-04,-4.4144456549352340e-02,1.0000000000000000e+00,
9.8412780419687007e-01,-1.1546245651737652e-02,1.0000000000000000e+00,7.6491035727599410e-12,2.1818511813532160e-01,-1.6587056095441927e-01,1.4043337953611318e-04,-7.0072255425019936e-03,1.0000000000000000e+00,
9.9534645387522902e-01,-3.4981543030696673e-03,1.0000000000000000e+00,4.6486703375592242e-12,9.2097871494934952e-02,2.9874083056250509e-03,1.8169910064903816e-05,-3.2834075317351502e-03,1.0000000000000000e+00,
9.9821209269575839e-01,-1.2789274060349435e-03,1.0000000000000000e+00,2.8250179973099421e-12,4.2692837440849139e-02,1.3398878552488866e-03,4.0419105362590052e-06,-1.4942493154399218e-03,1.0000000000000000e+00,
9.9921956049056537e-01,-5.0791254319735538e-04,1.0000000000000000e+00,1.7166268406754170e-12,2.2305348653801859e-02,5.0999916405615486e-04,1.3642584789619848e-06,-6.5474012755364962e-04,1.0000000000000000e+00,
9.9959994621897275e-01,-1.8157888286825927e-04,1.0000000000000000e+00,1.0430545316353346e-12,1.6512723743437187e-02,1.4245786467209645e-05,8.5341016741670070e-07,-2.4403924401635596e-04,1.0000000000000000e+00,
1.0002273270070170e+00,8.9103930759506685e-03,1.0000000000000000e+00,3.5551617205697994e-11,-9.9606975245035567e+00,-7.6617368318081072e+00,7.0721615792745940e-05,2.8047525507799178e-02,1.0000000000000000e+00,
1.0112864358604050e+00,-2.4306899353431867e-02,1.0000000000000000e+00,2.1593837828959295e-11,-1.1916714903254176e+01,-3.5807936421990698e+00,3.5833265810275572e-04,-2.2483012356002020e-02,1.0000000000000000e+00,
9.9805915612068974e-01,-2.5542703228685435e-02,1.0000000000000000e+00,1.3115342145653131e-11,-1.2133301154490608e+00,5.3494079593106270e-01,1.2530355122247760e-05,-2.0685045803732365e-02,1.0000000000000000e+00,
9.9731414306639865e-01,-1.1219417273929414e-02,1.0000000000000000e+00,7.9653506013244169e-12,-1.3223772935310787e-01,2.0110123534051061e-01,3.4296088892438181e-06,-5.9720677607018194e-03,1.0000000000000000e+00,
9.9791096541256841e-01,-3.7645590053190007e-03,1.0000000000000000e+00,4.8374082517455008e-12,-8.4930462659972335e-03,9.0428732110376137e-02,4.9825587634944046e-06,-2.3335806871952625e-03,1.0000000000000000e+00,
9.9895328492348556e-01,-1.5660510075375890e-03,1.0000000000000000e+00,2.9376501231581642e-12,6.5500534601626843e-04,3.9574703240076406e-02,6.9039703193968238e-05,-1.0298060580042315e-03,1.0000000000000000e+00,
9.9949677773691015e-01,-6.7517053987453787e-04,1.0000000000000000e+00,1.7839063559677015e-12,6.5365957228039604e-04,1.5026920980297870e-02,3.5856824755252717e-05,-4.5031863158135081e-04,1.0000000000000000e+00,
9.9973133107137002e-01,-2.5104640731856245e-04,1.0000000000000000e+00,1.0832446051267652e-12,5.0360616841431567e-04,4.1907383550526919e-04,2.3676809352490228e-05,-1.6797312418014173e-04,1.0000000000000000e+00,
1.0001802993057374e+00,3.2161133490804950e-03,1.0000000000000000e+00,3.6755321008996589e-11,-2.2460334439748997e+00,-2.5406132800807435e+00,1.2845400271244145e-06,2.0871529736741463e-02,1.0000000000000000e+00,
1.0051650912919154e+00,-2.5335166146989423e-03,1.0000000000000000e+00,2.2311041902867146e-11,-2.3446822929618323e+00,-8.5318746475262253e-01,5.5997667490446934e-04,7.1634245201927871e-03,1.0000000000000000e+00,
1.0044913256033796e+00,-5.5788300409948463e-03,1.0000000000000000e+00,1.3542722498982585e-11,-1.1867396014606635e+00,1.9984231389784912e-01,2.2184029266347771e-07,9.8465739992135331e-04,1.0000000000000000e+00,
1.0011421597913424e+00,-5.3338096802608408e-03,1.0000000000000000e+00,8.2201467854758903e-12,-4.1831844924545358e-01,1.7387395624225535e-01,2.0996100851128352e-04,1.8249202916278899e-04,1.0000000000000000e+00,
1.0002682023386447e+00,-3.1282477741170545e-03,1.0000000000000000e+00,4.9893422726654535e-12,-1.8453110666847644e-01,8.5309519742977180e-02,4.4491121828360569e-07,5.4465023062183762e-05,1.0000000000000000e+00,
1.0000668115263305e+00,-1.4980532121807760e-03,1.0000000000000000e+00,3.0282998331188082e-12,-8.2740028856843839e-02,3.8542508115174429e-02,4.8648637809151074e-07,1.9996334740430737e-05,1.0000000000000000e+00,
1.0000202555496247e+00,-6.6720468079487177e-04,1.0000000000000000e+00,1.8379742172669467e-12,-3.8763329926111936e-02,1.4820194002549405e-02,2.0125286927523585e-05,7.0675991280380353e-06,1.0000000000000000e+00,
1.0000113025599491e+00,-2.4995588840626289e-04,1.0000000000000000e+00,1.1154965839921260e-12,-2.0546442933791650e-02,4.1215288577843784e-04,1.7625101924136945e-05,2.0133615624603293e-07,1.0000000000000000e+00,
1.0001276193279813e+00,8.8114404460620625e-05,1.0000000000000000e+00,3.7637726268968663e-11,-7.9305879055737938e-01,-7.4972483391985856e-01,4.9960951084560001e-06,1.8788586141658119e-02,1.0000000000000000e+00,
1.0037061358998585e+00,-8.2657067378730069e-05,1.0000000000000000e+00,2.2836454949271001e-11,-9.0719533850272083e-01,-3.5361210164834794e-01,3.8632672707053506e-05,1.1894247923256458e-02,1.0000000000000000e+00,
1.0042104780745500e+00,-1.6885952677139554e-03,1.0000000000000000e+00,1.3855694369624416e-11,-7.9564141952361345e-01,3.5094761107039643e-03,9.0019314710754195e-07,5.5945824929904435e-03,1.0000000000000000e+00,
1.0024053042600385e+00,-1.7544794708096239e-03,1.0000000000000000e+00,8.4066642536129166e-12,-4.4477106487469992e-01,5.3447395697629047e-03,1.2512469476679000e-05,2.5169663860310854e-03,1.0000000000000000e+00,
1.0011589105593268e+00,-1.4681448770355787e-03,1.0000000000000000e+00,5.1004755974304317e-12,-2.3772733521416975e-01,2.7979621123500964e-03,4.5077309278503119e-06,1.1322862782166083e-03,1.0000000000000000e+00,
1.0005531843305489e+00,-8.5831773066907824e-04,1.0000000000000000e+00,3.0945246365376988e-12,-1.1532827040579394e-01,1.2918100454888440e-03,3.0346932518993119e-08,4.9837599719386927e-04,1.0000000000000000e+00,
1.0002914398116005e+00,-4.2080668726017392e-04,1.0000000000000000e+00,1.8774981569436022e-12,-5.5472808090176198e-02,4.9995548808749420e-04,1.1833059233856691e-06,1.9005600029198854e-04,1.0000000000000000e+00,
1.0002167695552349e+00,-1.6432092935649188e-04,1.0000000000000000e+00,1.1390888232654106e-12,-2.9660271019660331e-02,1.3906436605917095e-05,1.6668420048471873e-06,5.2910642563740523e-06,1.0000000000000000e+00,

64,9
1.0047581804461674e+00,-8.8114404460620625e-05,1.0000000000000000e+00,4.4761194750719824e-11,-4.3336526763532689e-02,7.4972483392006206e-01,3.5335877896619969e+00,2.4909331381414164e-02,1.0000000000000000e+00,
1.0063067475526100e+00,8.2657067378740911e-05,1.0000000000000000e+00,2.7311430894627620e-11,-5.4963558086483855e-01,3.5361210164847545e-01,1.1006903604907081e-03,2.0112320678393802e-02,1.0000000000000000e+00,
1.0062159173228558e+00,1.6885952677139771e-03,1.0000000000000000e+00,1.6660617330188643e-11,-4.4365790239081310e-01,-3.5094761105202571e-03,9.3375122317169990e-04,1.2077095247413759e-02,1.0000000000000000e+00,
1.0043434714088331e+00,1.7544794708096347e-03,1.0000000000000000e+00,1.0161260721730514e-11,-2.0099535242739472e-01,-5.3447395697432589e-03,3.5716194542699531e-04,6.5122615429388520e-03,1.0000000000000000e+00,
1.0025535586824474e+00,1.4681448770355924e-03,1.0000000000000000e+00,6.1960991892817674e-12,-9.0832047266130811e-02,-2.7979621118640269e-03,2.2317132243781027e-04,3.1634090812196741e-03,1.0000000000000000e+00,
1.0013646373058369e+00,8.5831773066908095e-04,1.0000000000000000e+00,3.7775338412870951e-12,-4.2529946164360809e-02,-1.2918100455746370e-03,2.1002827780914127e-04,1.4642972087594718e-03,1.0000000000000000e+00,
1.0006929222451402e+00,4.2080668726017262e-04,1.0000000000000000e+00,2.3026025530725747e-12,-2.2276273101715864e-02,-4.9995548796271066e-04,1.3861347925507410e-04,6.4842084193967144e-04,1.0000000000000000e+00,
1.0003810824688537e+00,1.6432092935649153e-04,1.0000000000000000e+00,1.4033219031261979e-12,-1.6507928840597100e-02,-1.3906436097650910e-05,7.7901996061807942e-03,2.4279554597391405e-04,1.0000000000000000e+00,
1.0101540847121013e+00,-3.2161133490804950e-03,1.0000000000000000e+00,4.8150816667202889e-11,-7.6793927536010845e-02,2.5406132800806516e+00,9.8780397671189011e+00,3.9796113809372882e-02,1.0000000000000000e+00,
1.0127918120319650e+00,2.5335166146989965e-03,1.0000000000000000e+00,2.9339308760256699e-11,-8.3894907262404095e-01,8.5318746475200702e-01,5.8524759621120248e-03,2.5964106457771387e-02,1.0000000000000000e+00,
1.0110638387802842e+00,5.5788300409948680e-03,1.0000000000000000e+00,1.7874035584952708e-11,-1.9211447974625162e-01,-1.9984231389828816e-01,2.6255188319272704e-03,1.1272200352979819e-02,1.0000000000000000e+00,
1.0044659742897371e+00,5.3338096802608434e-03,1.0000000000000000e+00,1.0887402090986598e-11,-2.5582462317873342e-02,-1.7387395624112106e-01,2.0210056204145177e-03,5.1550361260244287e-03,1.0000000000000000e+00,
1.0022630184690406e+00,3.1282477741170624e-03,1.0000000000000000e+00,6.6306959922712849e-12,-5.8049785575023886e-03,-8.5309519742946011e-02,2.6082672671748353e-04,2.2930805058505423e-03,1.0000000000000000e+00,
1.0010705537848446e+00,1.4980532121807795e-03,1.0000000000000000e+00,4.0377146071080006e-12,-1.9404201844137549e-03,-3.8542508115097560e-02,9.1794862211273809e-05,1.0273186491742087e-03,1.0000000000000000e+00,
1.0005076520803413e+00,6.6720468079487416e-04,1.0000000000000000e+00,2.4583668434274841e-12,-8.5732685324669622e-04,-1.4820194002475832e-02,6.3251541127570116e-05,4.5008915907896146e-04,1.0000000000000000e+00,
1.0002696065198058e+00,2.4995588840626414e-04,1.0000000000000000e+00,1.4965806371947110e-12,-5.9600368249178260e-04,-4.1215288582207747e-04,1.1716634870555850e-02,1.6796516590346434e-04,1.0000000000000000e+00,
1.0238941540543525e+00,-8.9103930759506234e-03,1.0000000000000000e+00,5.1306126014338815e-11,-2.4767054799141389e-01,7.6617368318084331e+00,1.9650408286549169e+01,8.5883472418097961e-02,1.0000000000000000e+00,
1.0455323946854309e+00,2.4306899353431884e-02,1.0000000000000000e+00,3.1224411944918984e-11,1.3213414812674296e+00,3.5807936421994668e+00,1.7241856555590823e-01,4.1747035579342819e-02,1.0000000000000000e+00,
1.0226150781096319e+00,2.5542703228685452e-02,1.0000000000000000e+00,1.9000467865737392e-11,2.1451598275021526e+00,-5.3494079593110166e-01,7.5514809482529754e-02,5.6889954092480708e-03,1.0000000000000000e+00,
1.0040452734586163e+00,1.1219417273929425e-02,1.0000000000000000e+00,1.1560641333119293e-11,6.6063742712191775e-01,-2.0110123534075808e-01,3.1905125288334002e-03,4.6345237074275805e-04,1.0000000000000000e+00,
1.0009064012230058e+00,3.7645590053190089e-03,1.0000000000000000e+00,7.0331518386979042e-12,1.9646390550488607e-01,-9.0428732110449064e-02,1.2434389305687049e-03,-1.8060142686958535e-06,1.0000000000000000e+00,
1.0001716514672072e+00,1.5660510075375935e-03,1.0000000000000000e+00,4.2782999365442720e-12,8.3379166691650922e-02,-3.9574703239884872e-02,2.9664370061258105e-04,-1.3872923397381645e-05,1.0000000000000000e+00,
1.0000257188781538e+00,6.7517053987454026e-04,1.0000000000000000e+00,2.6022517474189044e-12,3.8816209245950480e-02,-1.5026920980136610e-02,8.9090522912334963e-05,-5.8231167554024619e-06,1.0000000000000000e+00,
9.9999990922594406e-01,2.5104640731856369e-04,1.0000000000000000e+00,1.5826784327543919e-12,2.0552970101382715e-02,-4.1907383551146780e-04,1.1748755886826922e-02,-1.5737692764454635e-07,1.0000000000000000e+00,
1.0249267325528786e+00,-1.6242405142862480e-03,1.0000000000000000e+00,5.4146132022481197e-11,7.2274223727432954e+01,5.7349514818756823e+01,2.0191085162881834e+01,3.2963522145815249e-01,1.0000000000000000e+00,
1.7983824341857795e+00,8.7271186636688769e-01,1.0000000000000000e+00,3.2920055570428985e-11,1.4422723573415078e+03,6.3805084191134335e+02,4.2730360404659649e+02,7.4160236289291892e-01,1.0000000000000000e+00,
1.0232672514697421e+00,1.0138598987050911e-01,1.0000000000000000e+00,2.0011992063473372e-11,1.7296675708994499e+01,2.5236203359075763e+01,2.4644173446852768e+00,3.2649131064295026e-02,1.0000000000000000e+00,
9.9757663802748642e-01,1.1546245651737662e-02,1.0000000000000000e+00,1.2164547147364146e-11,7.6433334354795324e-01,1.6587056095408570e-01,1.9796859078989593e-02,-2.5818863127158769e-03,1.0000000000000000e+00,
9.9882223083151134e-01,3.4981543030696807e-03,1.0000000000000000e+00,7.3938077882473863e-12,2.5136315079767119e-01,-2.9874083055418275e-03,1.5915851112636992e-03,-1.1383744958822070e-03,1.0000000000000000e+00,
9.9944224852881336e-01,1.2789274060349435e-03,1.0000000000000000e+00,4.4937387144727836e-12,1.1986842899933575e-01,-1.3398878552361255e-03,2.9894936118581017e-04,-4.9928453673524459e-04,1.0000000000000000e+00,
9.9970754776364001e-01,5.0791254319735679e-04,1.0000000000000000e+00,2.7309265959729601e-12,5.6471820067199009e-02,-5.0999916400004740e-04,8.4733466919600237e-05,-1.9019748938814952e-04,1.0000000000000000e+00,
9.9978284262086603e-01,1.8157888286826027e-04,1.0000000000000000e+00,1.6595613772096840e-12,2.9874993109484608e-02,-1.4245786426342338e-05,8.4056224888677828e-03,-5.2933303375550268e-06,1.0000000000000000e+00,
1.0249267325528784e+00,1.0345523102264749e-01,1.0000000000000000e+00,5.6594229302930898e-11,7.2274223727432314e+01,-6.0989702343040919e-01,2.0191085162882132e+01,3.2963522145815272e-01,1.0000000000000000e+00,
1.7983824341857804e+00,8.7393708493610112e-01,1.0000000000000000e+00,3.4378444535576591e-11,1.4422723573415572e+03,1.3184612268696089e+03,4.2730360404660064e+02,7.4160236289291426e-01,1.0000000000000000e+00,
1.0232672514697421e+00,-8.4025758969345429e-04,1.0000000000000000e+00,2.0882184870174569e-11,1.7296675708993078e+01,6.0624590070116868e+00,2.4644173446853732e+00,3.2649131064295206e-02,1.0000000000000000e+00,
9.9757663802748642e-01,-1.6550369582912826e-04,1.0000000000000000e+00,1.2683576411376407e-11,7.6433334354794813e-01,4.2161263390278692e-01,1.9796859078988205e-02,-2.5818863127153647e-03,1.0000000000000000e+00,
9.9882223083151134e-01,-5.2711976443600228e-05,1.0000000000000000e+00,7.7034489898153424e-12,2.5136315079767024e-01,1.7955882284296754e-01,1.5915851112550256e-03,-1.1383744958820973e-03,1.0000000000000000e+00,
9.9944224852881336e-01,-1.9911136513765468e-05,1.0000000000000000e+00,4.6785353369216409e-12,1.1986842899928037e-01,8.1738025766519881e-02,2.9894936118702448e-04,-4.9928453673528123e-04,1.0000000000000000e+00,
9.9970754776364001e-01,-7.1159972451670487e-06,1.0000000000000000e+00,2.8412827646207006e-12,5.6471820067210667e-02,3.5703629175976088e-02,8.4733466919686973e-05,-1.9019748938842071e-04,1.0000000000000000e+00,
9.9978284262086603e-01,-1.9023348023806856e-07,1.0000000000000000e+00,1.7253976025699558e-12,2.9874993109228212e-02,1.3275953284720723e-02,8.4056224888678019e-03,-5.2933303375236350e-06,1.0000000000000000e+00,
1.0238941540543522e+00,3.1436662386778551e-02,1.0000000000000000e+00,5.8581639539312391e-11,-2.4767054799294841e-01,-1.0921124008380703e+00,1.9650408286549240e+01,8.5883472418099571e-02,1.0000000000000000e+00,
1.0455323946854311e+00,2.9707383549192317e-02,1.0000000000000000e+00,3.5562275346734395e-11,1.3213414812660622e+00,8.8333352290395393e+00,1.7241856555590823e-01,4.1747035579343117e-02,1.0000000000000000e+00,
1.0226150781096319e+00,-3.4715828666642950e-03,1.0000000000000000e+00,2.1587509557718931e-11,2.1451598275019292e+00,5.2235428993008792e+00,7.5514809482529754e-02,5.6889954092484247e-03,1.0000000000000000e+00,
1.0040452734586163e+00,-3.3641263787012260e-03,1.0000000000000000e+00,1.3103962359650723e-11,6.6063742712176399e-01,7.4625094261271985e-01,3.1905125288320124e-03,4.6345237074362465e-04,1.0000000000000000e+00,
1.0009064012230058e+00,-1.4099928458916101e-03,1.0000000000000000e+00,7.9540818376244715e-12,1.9646390550385476e-01,2.7327365973195555e-01,1.2434389305711335e-03,-1.8060142688159424e-06,1.0000000000000000e+00,
1.0001716514672072e+00,-5.6245051003681870e-04,1.0000000000000000e+00,4.8279713560361870e-12,8.3379166691583365e-02,1.1808594559405039e-01,2.9664370061032591e-04,-1.3872923397095743e-05,1.0000000000000000e+00,
1.0000257188781538e+00,-2.0536574479659164e-04,1.0000000000000000e+00,2.9304336734981007e-12,3.8816209245963254e-02,5.1377466236404344e-02,8.9090522909646142e-05,-5.8231167555990023e-06,1.0000000000000000e+00,
9.9999990922594406e-01,-5.5226349508113350e-06,1.0000000000000000e+00,1.7786327966007320e-12,2.0552970101399715e-02,1.9142436976717955e-02,1.1748755886826974e-02,-1.5737692762947361e-07,1.0000000000000000e+00,
1.0101540847121013e+00,1.2347746043706856e-02,1.0000000000000000e+00,6.0050797667798861e-11,-7.6793927536162113e-02,-4.2272886529053538e-01,9.8780397671188673e+00,3.9796113809373382e-02,1.0000000000000000e+00,
1.0127918120319650e+00,7.7790083567493744e-03,1.0000000000000000e+00,3.6436798023231631e-11,-8.3894907262713014e-01,1.0325076695341977e+00,5.8524759621814137e-03,2.5964106457772369e-02,1.0000000000000000e+00,
1.0110638387802842e+00,-3.0496684795990178e-04,1.0000000000000000e+00,2.2108315178570592e-11,-1.9211447974625886e-01,1.0699168354447475e+00,2.6255188319224132e-03,1.1272200352979002e-02,1.0000000000000000e+00,
1.0044659742897371e+00,-1.6104349692032513e-03,1.0000000000000000e+00,1.3414158672730991e-11,-2.5582462317896435e-02,6.4260197958984866e-01,2.0210056204124360e-03,5.1550361260255528e-03,1.0000000000000000e+00,
1.0022630184690406e+00,-9.4669036585964047e-04,1.0000000000000000e+00,8.1389339712245601e-12,-5.8049785575401353e-03,2.6955456126124644e-01,2.6082672671297324e-04,2.2930805058510419e-03,1.0000000000000000e+00,
1.0010705537848446e+00,-4.6634788929938499e-04,1.0000000000000000e+00,4.9381609912302338e-12,-1.9404201842125736e-03,1.1781461105243578e-01,9.1794862210926864e-05,1.0273186491734231e-03,1.0000000000000000e+00,
1.0005076520803413e+00,-1.8615778359452889e-04,1.0000000000000000e+00,2.9961033654046787e-12,-8.5732685327803639e-04,5.1329329320756477e-02,6.3251541127483379e-05,4.5008915907893327e-04,1.0000000000000000e+00,
1.0002696065198058e+00,-5.1342598991521081e-06,1.0000000000000000e+00,1.8178236693700001e-12,-5.9600368255215022e-04,1.9132780618246123e-02,1.1716634870555902e-02,1.6796516590268786e-04,1.0000000000000000e+00,
1.0047581804461672e+00,4.4169682017469996e-03,1.0000000000000000e+00,6.0958071923522539e-11,-4.3336526763327818e-02,-1.1700974954111966e-02,3.5335877896620489e+00,2.4909331381415191e-02,1.0000000000000000e+00,
1.0063067475526097e+00,2.8093211332294414e-03,1.0000000000000000e+00,3.6976643968955614e-11,-5.4963558086711362e-01,1.5714169952030041e-01,1.1006903605080554e-03,2.0112320678394503e-02,1.0000000000000000e+00,
1.0062159173228558e+00,-2.0664287162918543e-07,1.0000000000000000e+00,2.2429613721897113e-11,-4.4365790239081176e-01,2.7199862748199621e-01,9.3375122316302628e-04,1.2077095247412666e-02,1.0000000000000000e+00,
1.0043434714088331e+00,-4.6340144102118442e-05,1.0000000000000000e+00,1.3605505611025137e-11,-2.0099535242875877e-01,2.5960374682128001e-01,3.5716194541832169e-04,6.5122615429398676e-03,1.0000000000000000e+00,
1.0025535586824474e+00,-2.9542058199887099e-05,1.0000000000000000e+00,8.2528983647023324e-12,-9.0832047266384608e-02,1.5736614083791900e-01,2.2317132243781027e-04,3.1634090812206377e-03,1.0000000000000000e+00,
1.0013646373058369e+00,-1.5172566162422049e-05,1.0000000000000000e+00,5.0060511291860621e-12,-4.2529946164322624e-02,7.7205117278087917e-02,2.1002827780046765e-04,1.4642972087598898e-03,1.0000000000000000e+00,
1.0006929222451402e+00,-6.1716308499933298e-06,1.0000000000000000e+00,3.0365709946522657e-12,-2.2276273101647971e-02,3.4773306891635450e-02,1.3861347926049511e-04,6.4842084193878792e-04,1.0000000000000000e+00,
1.0003810824688537e+00,-1.7114817266373309e-07,1.0000000000000000e+00,1.8419155090043660e-12,-1.6507928840475736e-02,1.3090025739934195e-02,7.7901996061807942e-03,2.4279554597189028e-04,1.0000000000000000e+00,

