1
1
9
0
(6 0
((32,112) (47,127) (0,0))
((48,112) (63,127) (0,0))
((64,112) (71,127) (0,0))
((32,128) (47,143) (0,0))
((48,128) (63,143) (0,0))
((64,128) (71,143) (0,0))
)
6
FabOnDisk: Cell_D_00000 0
FabOnDisk: Cell_D_00000 18518
FabOnDisk: Cell_D_00000 37036
FabOnDisk: Cell_D_00000 46338
FabOnDisk: Cell_D_00000 64856
FabOnDisk: Cell_D_00000 83374

6,9
0.0000000000000000e+00,-7.1164582972593882e-01,0.0000000000000000e+00,-6.3289477589132684e-15,-5.9422202207188559e+02,-2.3879738241013641e+02,0.0000000000000000e+00,-4.1296358784975684e-01,0.0000000000000000e+00,
-1.1848106427746981e+00,-5.8635757233860741e-01,0.0000000000000000e+00,-7.8629655714614422e-15,-3.7810357184722830e+02,-2.7839750630497053e+02,0.0000000000000000e+00,-1.0717791029792232e+00,0.0000000000000000e+00,
-1.1973609489723311e+00,-2.1485998508293845e-03,9.9999999999976563e-01,-7.8637503976912958e-16,8.7262364907133829e+00,-2.8693010188191317e+02,3.5443730307864740e-01,-1.0744547540992988e+00,1.0000000000000000e+00,
0.0000000000000000e+00,0.0000000000000000e+00,0.0000000000000000e+00,-1.7961807768851252e-14,-5.9422204283061581e+02,-4.7444299967271888e+02,0.0000000000000000e+00,-4.1296357062802436e-01,0.0000000000000000e+00,
-1.1848106428677854e+00,-2.8775199479888356e-02,0.0000000000000000e+00,-3.9466453136683117e-15,-3.7810357169582488e+02,-2.3814480400340460e+02,0.0000000000000000e+00,-1.0717791029238950e+00,0.0000000000000000e+00,
-1.1973609490587414e+00,-4.5122933347733590e-01,9.9999999999970124e-01,-7.7620411495959880e-16,8.7262360924529379e+00,-1.3714541920934008e+02,3.5443727870632102e-01,-1.0744547540224123e+00,1.0000000000000000e+00,

6,9
1.3059073436324360e+00,0.0000000000000000e+00,1.0000000000001319e+00,1.7708834024996439e-14,1.5115165933741579e+02,4.7444299773344903e+02,2.8368398743859016e+03,6.0772710257223239e-01,1.0000000000000000e+00,
1.5764559329858625e+00,2.8775199220884111e-02,1.0000000000007059e+00,2.8304823509249952e-16,1.0514311339858003e+02,2.3814480242541660e+02,2.0903367992812778e+03,0.0000000000000000e+00,1.0000000000000000e+00,
1.5741310490778020e+00,4.5122933358407996e-01,1.0000000000002436e+00,3.8199561120780148e-15,3.0578184641360934e+02,1.3714541925576472e+02,1.3777997381703551e+03,-3.1744590763009178e-01,1.0000000000000000e+00,
1.3059073331768274e+00,7.1164582772623852e-01,1.0000000000001585e+00,1.8144678849291787e-14,1.5115165934143621e+02,2.3879740051682177e+02,2.8368398536657919e+03,6.0772710268653085e-01,1.0000000000000000e+00,
1.5764559322941452e+00,5.8635757307276892e-01,1.0000000000011082e+00,1.2056431473017292e-14,1.0514309181511977e+02,2.7839750625634093e+02,2.0903366690774319e+03,0.0000000000000000e+00,1.0000000000000000e+00,
1.5741310484431774e+00,2.1486001849911878e-03,1.0000000000001419e+00,3.8194779905854814e-15,3.0578184640321308e+02,2.8693010181728079e+02,1.3777997381516238e+03,-3.1744590770728842e-01,1.0000000000000000e+00,

