1
1
4
4
(64 0
((0,0) (15,15) (0,0))
((16,0) (31,15) (0,0))
((32,0) (47,15) (0,0))
((48,0) (63,15) (0,0))
((64,0) (79,15) (0,0))
((80,0) (95,15) (0,0))
((96,0) (111,15) (0,0))
((112,0) (127,15) (0,0))
((0,16) (15,31) (0,0))
((16,16) (31,31) (0,0))
((32,16) (47,31) (0,0))
((48,16) (63,31) (0,0))
((64,16) (79,31) (0,0))
((80,16) (95,31) (0,0))
((96,16) (111,31) (0,0))
((112,16) (127,31) (0,0))
((0,32) (15,47) (0,0))
((16,32) (31,47) (0,0))
((32,32) (47,47) (0,0))
((48,32) (63,47) (0,0))
((64,32) (79,47) (0,0))
((80,32) (95,47) (0,0))
((96,32) (111,47) (0,0))
((112,32) (127,47) (0,0))
((0,48) (15,63) (0,0))
((16,48) (31,63) (0,0))
((32,48) (47,63) (0,0))
((48,48) (63,63) (0,0))
((64,48) (79,63) (0,0))
((80,48) (95,63) (0,0))
((96,48) (111,63) (0,0))
((112,48) (127,63) (0,0))
((0,64) (15,79) (0,0))
((16,64) (31,79) (0,0))
((32,64) (47,79) (0,0))
((48,64) (63,79) (0,0))
((64,64) (79,79) (0,0))
((80,64) (95,79) (0,0))
((96,64) (111,79) (0,0))
((112,64) (127,79) (0,0))
((0,80) (15,95) (0,0))
((16,80) (31,95) (0,0))
((32,80) (47,95) (0,0))
((48,80) (63,95) (0,0))
((64,80) (79,95) (0,0))
((80,80) (95,95) (0,0))
((96,80) (111,95) (0,0))
((112,80) (127,95) (0,0))
((0,96) (15,111) (0,0))
((16,96) (31,111) (0,0))
((32,96) (47,111) (0,0))
((48,96) (63,111) (0,0))
((64,96) (79,111) (0,0))
((80,96) (95,111) (0,0))
((96,96) (111,111) (0,0))
((112,96) (127,111) (0,0))
((0,112) (15,127) (0,0))
((16,112) (31,127) (0,0))
((32,112) (47,127) (0,0))
((48,112) (63,127) (0,0))
((64,112) (79,127) (0,0))
((80,112) (95,127) (0,0))
((96,112) (111,127) (0,0))
((112,112) (127,127) (0,0))
)
64
FabOnDisk: SD_0_Old_MF_D_00002 0
FabOnDisk: SD_0_Old_MF_D_00002 18516
FabOnDisk: SD_0_Old_MF_D_00002 37032
FabOnDisk: SD_0_Old_MF_D_00002 55548
FabOnDisk: SD_0_Old_MF_D_00003 0
FabOnDisk: SD_0_Old_MF_D_00003 18516
FabOnDisk: SD_0_Old_MF_D_00003 37032
FabOnDisk: SD_0_Old_MF_D_00003 55549
FabOnDisk: SD_0_Old_MF_D_00002 74064
FabOnDisk: SD_0_Old_MF_D_00002 92580
FabOnDisk: SD_0_Old_MF_D_00002 111096
FabOnDisk: SD_0_Old_MF_D_00002 129612
FabOnDisk: SD_0_Old_MF_D_00003 74067
FabOnDisk: SD_0_Old_MF_D_00003 92583
FabOnDisk: SD_0_Old_MF_D_00003 111099
FabOnDisk: SD_0_Old_MF_D_00003 129616
FabOnDisk: SD_0_Old_MF_D_00002 148128
FabOnDisk: SD_0_Old_MF_D_00002 166644
FabOnDisk: SD_0_Old_MF_D_00002 185160
FabOnDisk: SD_0_Old_MF_D_00002 203676
FabOnDisk: SD_0_Old_MF_D_00003 148134
FabOnDisk: SD_0_Old_MF_D_00003 166650
FabOnDisk: SD_0_Old_MF_D_00003 185166
FabOnDisk: SD_0_Old_MF_D_00003 203683
FabOnDisk: SD_0_Old_MF_D_00002 222192
FabOnDisk: SD_0_Old_MF_D_00002 240708
FabOnDisk: SD_0_Old_MF_D_00002 259224
FabOnDisk: SD_0_Old_MF_D_00002 277740
FabOnDisk: SD_0_Old_MF_D_00003 222201
FabOnDisk: SD_0_Old_MF_D_00003 240717
FabOnDisk: SD_0_Old_MF_D_00003 259233
FabOnDisk: SD_0_Old_MF_D_00003 277750
FabOnDisk: SD_0_Old_MF_D_00000 0
FabOnDisk: SD_0_Old_MF_D_00000 18516
FabOnDisk: SD_0_Old_MF_D_00000 37032
FabOnDisk: SD_0_Old_MF_D_00000 55548
FabOnDisk: SD_0_Old_MF_D_00001 0
FabOnDisk: SD_0_Old_MF_D_00001 18516
FabOnDisk: SD_0_Old_MF_D_00001 37032
FabOnDisk: SD_0_Old_MF_D_00001 55549
FabOnDisk: SD_0_Old_MF_D_00000 74064
FabOnDisk: SD_0_Old_MF_D_00000 92580
FabOnDisk: SD_0_Old_MF_D_00000 111096
FabOnDisk: SD_0_Old_MF_D_00000 129612
FabOnDisk: SD_0_Old_MF_D_00001 74067
FabOnDisk: SD_0_Old_MF_D_00001 92583
FabOnDisk: SD_0_Old_MF_D_00001 111099
FabOnDisk: SD_0_Old_MF_D_00001 129616
FabOnDisk: SD_0_Old_MF_D_00000 148128
FabOnDisk: SD_0_Old_MF_D_00000 166645
FabOnDisk: SD_0_Old_MF_D_00000 185162
FabOnDisk: SD_0_Old_MF_D_00000 203679
FabOnDisk: SD_0_Old_MF_D_00001 148134
FabOnDisk: SD_0_Old_MF_D_00001 166651
FabOnDisk: SD_0_Old_MF_D_00001 185168
FabOnDisk: SD_0_Old_MF_D_00001 203686
FabOnDisk: SD_0_Old_MF_D_00000 222196
FabOnDisk: SD_0_Old_MF_D_00000 240714
FabOnDisk: SD_0_Old_MF_D_00000 259232
FabOnDisk: SD_0_Old_MF_D_00000 277750
FabOnDisk: SD_0_Old_MF_D_00001 222205
FabOnDisk: SD_0_Old_MF_D_00001 240723
FabOnDisk: SD_0_Old_MF_D_00001 259241
FabOnDisk: SD_0_Old_MF_D_00001 277760

64,4
9.8258061874580538e-01,3.2098336829855241e-04,9.9999999999760358e-01,2.0390177485300614e-14,
9.4770405256325496e-01,6.9678281802802949e-04,9.9999999999718925e-01,6.7150406402190634e-13,
8.8025078185880723e-01,1.6423015229324082e-03,9.9999999999728773e-01,1.3011943852748574e-12,
7.7989379890056121e-01,2.6765354103683420e-03,9.9999999999706723e-01,1.8828578886597451e-12,
6.8497541626549152e-01,1.9307299649330774e-03,9.9999999999510447e-01,2.3923245493232813e-12,
6.5215284873896062e-01,8.6053555241590062e-04,9.9999999999551170e-01,2.8095538471156475e-12,
6.4036665938817294e-01,3.1588285382752856e-04,9.9999999999824163e-01,3.1188134298439835e-12,
6.3692247220719800e-01,1.6896492265353482e-05,9.9999999999153300e-01,3.3081281179474331e-12,
9.9611338417712214e-01,-4.2402831901277784e-02,9.9999999999212197e-01,2.0348470671116496e-14,
9.6540705621015721e-01,2.0805391582070336e-02,9.9999999999959377e-01,6.7121211749558781e-13,
8.9762625260066453e-01,5.3089435358572371e-02,9.9999999999942879e-01,1.3017476483463145e-12,
7.5144816309560936e-01,9.2198049615891522e-02,9.9999999999955280e-01,1.8838247027995950e-12,
5.4567556479361878e-01,6.1663719215981225e-02,9.9999999999967992e-01,2.3933460608740608e-12,
6.0816707062692776e-01,2.4895890387095890e-02,9.9999999999965006e-01,2.8104803485510620e-12,
6.2570979042694574e-01,9.0978782425166840e-03,9.9999999999959321e-01,3.1198011036186950e-12,
6.2790374949985961e-01,4.9750892364154066e-04,9.9999999999954736e-01,3.3092173117079273e-12,
1.9897569109376349e-02,-8.6728018479691960e-01,9.9998798770890429e-01,2.0057437505602439e-14,
3.8139323311965967e-01,-6.2080709791416699e-01,9.9995215567414664e-01,6.6574378448547255e-13,
2.3101084190398838e-01,-4.1315375251332592e-01,9.9993524286586677e-01,1.3037026275075042e-12,
1.9029079392148592e-02,-5.8979781122176766e-01,9.9996626007995015e-01,1.8865820943652774e-12,
2.3003778254222962e-01,-2.6926131240054529e-01,9.9999999999978351e-01,2.3957713199601646e-12,
5.8260972015664469e-01,1.4759973777132236e-02,9.9999999999995282e-01,2.8127760817527974e-12,
6.0891122701781253e-01,8.6460868513129063e-03,1.0000000000000033e+00,3.1224671306656868e-12,
6.1679739299717318e-01,5.2303965098679810e-04,1.0000000000000091e+00,3.3122070527225301e-12,
-9.9501512641453613e-02,-5.9617501548342045e-01,9.9996827134288946e-01,1.9471662526943312e-14,
-5.8078736162721345e-01,-5.4621813831667265e-01,9.9992996441190440e-01,0.0000000000000000e+00,
1.0439877147657529e-01,-7.2832728602919072e-01,9.9960483260151278e-01,1.3120933419373771e-12,
3.6729660067594389e-01,-8.4410116057243245e-01,9.9999253404958033e-01,1.8920520933217902e-12,
5.1290574753471385e-01,-2.7195730879181990e-01,9.9999999999993672e-01,2.3984162443694725e-12,
5.9288045378550169e-01,7.5688630696957929e-03,1.0000000000000342e+00,2.8160339455051199e-12,
6.0139932752603853e-01,2.7378061622500252e-03,9.9999999999998734e-01,3.1264906825154370e-12,
6.1080122056636155e-01,1.0089425518431864e-04,9.9999999999994449e-01,3.3167129896057212e-12,
-1.3475964707705343e-01,-9.7215090341061838e-01,9.9996959450529133e-01,1.9478971171517317e-14,
-6.5165977558443700e-01,-7.0295629464631049e-01,9.9996308943667700e-01,0.0000000000000000e+00,
1.4094562450763970e-01,-8.5795319914755297e-01,9.9970041092534068e-01,1.3165240168757992e-12,
8.8453097775514467e-02,-8.7885841165062051e-01,9.9997824852913808e-01,1.8982720184205296e-12,
4.7280313894863635e-01,-7.3057112251450965e-03,9.9999999999976275e-01,2.4027483048185749e-12,
5.6184638901272299e-01,-1.1183454927903749e-02,9.9999999999988920e-01,2.8204664248929588e-12,
5.9802501815798481e-01,-9.5701258101648888e-03,9.9999999999993350e-01,3.1315369982439041e-12,
6.1012435342914773e-01,-4.4035860505715653e-03,9.9999999999991374e-01,3.3221650348238879e-12,
9.0773743119085482e-02,-5.2376328812773965e-01,9.9998617398836709e-01,2.0128161399186585e-14,
3.4207158357413209e-01,-4.1413946912776839e-01,9.9999220361139673e-01,6.6814197349140790e-13,
2.7149982773558479e-01,-9.0952025908475209e-01,9.9996729752757141e-01,1.3120302987574368e-12,
3.0184240652282771e-02,-1.0258341455208160e+00,9.9998794638008159e-01,1.8980092286821055e-12,
2.7236096411436417e-01,-5.2335403558841942e-01,9.9999999999959721e-01,2.4064806514384631e-12,
5.6038196850597355e-01,-7.4288639562327591e-02,9.9999999999969491e-01,2.8255058976006922e-12,
5.9897820819297820e-01,-2.7140709509687763e-02,9.9999999999980160e-01,3.1369701499608941e-12,
6.1176636107937177e-01,-9.6371405166222751e-03,9.9999999999991507e-01,3.3277882493629087e-12,
8.9918683518157871e-01,-2.3016310849443070e-01,9.9999999999387035e-01,2.0482749686167884e-14,
9.2981533792162085e-01,-7.1393927150127809e-02,9.9999999999787648e-01,6.7566790069750449e-13,
8.7652806317539322e-01,-1.3697287523680335e-01,9.9999999999800904e-01,1.3120470142533835e-12,
7.4604154868070727e-01,-5.4045819020502239e-01,9.9999999999869860e-01,1.8985102992257504e-12,
5.3960785645095188e-01,-5.1954912201247561e-01,9.9999999999923372e-01,2.4108032069752542e-12,
5.9929688017213179e-01,-8.0505072779280748e-02,9.9999999999952183e-01,2.8303155441161361e-12,
6.1654164848698167e-01,-2.8849849581463100e-02,9.9999999999969558e-01,3.1418254409971940e-12,
6.2086652268606168e-01,-1.0020123711054232e-02,9.9999999999989264e-01,3.3326636043294029e-12,
9.5460496429849995e-01,-7.6283901245160851e-02,9.9999999997989308e-01,2.0565044748230864e-14,
9.1804328882795461e-01,-4.1378945037771619e-02,9.9999999998105638e-01,6.7730518419986078e-13,
8.5952855416597995e-01,-7.1142587328621290e-02,9.9999999999155109e-01,1.3127375026694240e-12,
7.7285245773503175e-01,-9.5788399430965787e-02,9.9999999999274891e-01,1.8995149050658890e-12,
6.7796962976312869e-01,-9.5134040832760045e-02,9.9999999999245015e-01,2.4130581297150761e-12,
6.4430919714544799e-01,-5.5295338408391716e-02,9.9999999999657663e-01,2.8334112820289471e-12,
6.3291616230523373e-01,-2.2336786983162611e-02,9.9999999999906009e-01,3.1450859035519769e-12,
6.2977392147085243e-01,-7.7543852663320787e-03,9.9999999999821998e-01,3.3359340611135611e-12,

64,4
9.9896102908721329e-01,3.5566370712463581e-02,1.0000000000055989e+00,6.3118850853896820e-13,
9.9382969182783620e-01,4.7942529740556523e-02,1.0000000000124598e+00,1.2634335739556958e-12,
9.6030036337266600e-01,8.4032135879506059e-02,1.0000000000123608e+00,1.8492251971995940e-12,
8.8952338031264344e-01,1.0301400931030520e-01,1.0000000000040306e+00,2.3639099228401576e-12,
7.8133957468777449e-01,1.0048148444086612e-01,1.0000000000008542e+00,2.7873189060480914e-12,
7.0276066495681888e-01,5.5308989553892449e-02,1.0000000000011853e+00,3.1037609697947280e-12,
6.6169415364821171e-01,2.2435210992436807e-02,1.0000000000056564e+00,3.3009407006531038e-12,
6.4500549754707870e-01,8.0637917261656370e-03,1.0000000000208225e+00,3.3705196182007194e-12,
1.0662762752895567e+00,4.9282742130577789e-02,1.0000000000023754e+00,6.3118859798572611e-13,
1.0473525503526435e+00,8.4776201671883766e-02,1.0000000000001525e+00,1.2651306390605585e-12,
1.0105946904920138e+00,1.8547950575454575e-01,9.9999999999982325e-01,1.8518738433673658e-12,
9.4931395212415015e-01,5.1723709700331411e-01,9.9999999999980649e-01,2.3663116389602961e-12,
7.7044458045117681e-01,5.2542779518986904e-01,9.9999999999994749e-01,2.7895373646134117e-12,
6.7860740053539459e-01,7.7778810346316646e-02,1.0000000000000151e+00,3.1063083354648818e-12,
6.4969054682605210e-01,2.9317749565975652e-02,1.0000000000000526e+00,3.3038066899737954e-12,
6.3933244959077951e-01,1.1025627341213722e-02,1.0000000000005627e+00,3.3735103530770473e-12,
1.9681024807643475e+00,6.4673414119280181e-01,1.0000219776320891e+00,6.3067755361616161e-13,
1.9312626199550942e+00,8.3149472719692330e-01,1.0000151928705190e+00,1.2721732406895675e-12,
1.6760397052408118e+00,8.0179662016341802e-01,1.0000086022842909e+00,1.8573934820932309e-12,
1.9082030138351569e+00,9.1287220326048679e-01,1.0000405912918773e+00,2.3688764066016819e-12,
6.1873618058617263e-01,5.0686025395472789e-01,1.0000000000002107e+00,2.7926726737741127e-12,
6.2373872932300833e-01,6.9508076327764790e-02,1.0000000000001446e+00,3.1102149854733881e-12,
6.2704907130800436e-01,2.8248090587675349e-02,1.0000000000001210e+00,3.3082120924673788e-12,
6.2740831743806980e-01,1.0967083170727615e-02,1.0000000000005371e+00,3.3780913536236333e-12,
1.8039405403132647e+00,8.9221222354056984e-01,1.0000323818245123e+00,6.2404460840701003e-13,
1.9439845901802255e+00,5.6820373066261876e-01,1.0000000000000000e+40,1.3219180826263609e-12,
2.0541923128055344e+00,7.2034059293860042e-01,1.0002375836016895e+00,1.8652291064635627e-12,
2.5551574910788832e+00,6.1886176674935744e-01,1.0000100009783908e+00,2.3732709075515097e-12,
8.7732796736932062e-01,2.9667417451609202e-01,1.0000000000003175e+00,2.7970081673942110e-12,
6.0761236144969599e-01,2.3526751077333201e-02,1.0000000000001561e+00,3.1151769522992781e-12,
6.1595007737282503e-01,1.6915232173708987e-02,1.0000000000001201e+00,3.3136078248146611e-12,
6.1861152426025967e-01,7.7987745024330410e-03,1.0000000000003517e+00,3.3836383005811002e-12,
2.0623245057199591e+00,1.2994070042713690e+00,1.0000328943671821e+00,6.2615111390761659e-13,
2.0338663740790182e+00,6.8903594226843667e-01,1.0000000000000000e+40,1.3220693352104510e-12,
2.4637413259123284e+00,5.6668447145368694e-01,1.0001772452556084e+00,1.8657057651640274e-12,
2.0465623921249216e+00,4.9327630366911840e-01,1.0000177995346271e+00,2.3768506718449921e-12,
5.9087312296252859e-01,1.8604468053165710e-01,1.0000000000000957e+00,2.8019842988889419e-12,
6.0018721641581529e-01,2.3446943114807526e-02,1.0000000000000506e+00,3.1205936554901627e-12,
6.1099669516200072e-01,6.3543192582115483e-03,1.0000000000000449e+00,3.3192378295515814e-12,
6.1477568574245645e-01,2.1410126372267864e-03,1.0000000000005542e+00,3.3893425257116177e-12,
1.7925544516741361e+00,8.7258112802644772e-01,1.0000245993636934e+00,6.3475532966875514e-13,
2.0090709044482464e+00,6.9005401768693841e-01,1.0000072871974643e+00,1.2767201864150104e-12,
1.5314269370513467e+00,3.9439647768523484e-01,1.0000520711349088e+00,1.8638734630618162e-12,
2.1764219289518367e+00,4.2563231403700919e-01,1.0000082060877034e+00,2.3810819312458640e-12,
5.9125300597359698e-01,9.5762251013191496e-02,9.9999999999995504e-01,2.8068451126431918e-12,
6.1426432729795577e-01,-1.1255258744889656e-02,9.9999999999995326e-01,3.1255150998965715e-12,
6.1996724752047061e-01,-5.1725712661409556e-03,9.9999999999998090e-01,3.3241857352824243e-12,
6.2118766580488716e-01,-3.9513454844515518e-04,1.0000000000008291e+00,3.3943005011897499e-12,
1.0023758737695325e+00,-9.4276310309346512e-03,1.0000000000312508e+00,6.3654227140832335e-13,
9.8202013790344866e-01,-5.0178523852264572e-03,9.9999999999967815e-01,1.2741287880042727e-12,
9.7710612281405873e-01,-4.5262762225850191e-02,9.9999999999986366e-01,1.8647075880745935e-12,
9.2585710146671119e-01,-7.8098710575251848e-02,9.9999999999983036e-01,2.3834289390888058e-12,
7.6435961155173548e-01,-6.1679441937517288e-02,9.9999999999973865e-01,2.8100509777776829e-12,
6.7156995098597427e-01,-2.4827368399359836e-02,9.9999999999983491e-01,3.1288954823999424e-12,
6.4181651586587263e-01,-8.7496018022211811e-03,9.9999999999994382e-01,3.3275772631126717e-12,
6.3192075043804952e-01,-4.7677595405296914e-04,1.0000000000009330e+00,3.3976857173099452e-12,
9.9779463935838164e-01,-1.1320941745144302e-03,1.0000000001100162e+00,6.3696371295566551e-13,
9.5474476497973026e-01,-1.1281386101850569e-03,1.0000000000878282e+00,1.2745207177231400e-12,
9.2596936066739954e-01,-1.4701129427397602e-03,1.0000000000261950e+00,1.8651042557535640e-12,
8.6963833244441524e-01,-2.3285800101912170e-03,1.0000000000066389e+00,2.3841153256044274e-12,
7.7046619602736244e-01,-1.9003441514501441e-03,1.0000000000030960e+00,2.8111266734627826e-12,
6.9481052467109827e-01,-8.5662740665081144e-04,1.0000000000039106e+00,3.1301201701571799e-12,
6.5401963723464895e-01,-3.0822395207502130e-04,1.0000000000065465e+00,3.3288237772276965e-12,
6.3754117832836266e-01,-1.6392490221493670e-05,1.0000000000065863e+00,3.3989307885957388e-12,

