1
1
9
0
(9 0
((80,232) (95,247) (0,0))
((96,232) (111,247) (0,0))
((112,232) (127,247) (0,0))
((80,248) (95,263) (0,0))
((96,248) (111,263) (0,0))
((112,248) (127,263) (0,0))
((80,264) (95,279) (0,0))
((96,264) (111,279) (0,0))
((112,264) (127,279) (0,0))
)
9
FabOnDisk: Cell_D_00000 0
FabOnDisk: Cell_D_00000 18518
FabOnDisk: Cell_D_00000 37037
FabOnDisk: Cell_D_00000 55557
FabOnDisk: Cell_D_00000 74075
FabOnDisk: Cell_D_00000 92594
FabOnDisk: Cell_D_00000 111114
FabOnDisk: Cell_D_00000 129632
FabOnDisk: Cell_D_00000 148151

9,9
-2.4409323829813398e-01,-7.4808490811918349e-01,0.0000000000000000e+00,-5.6724846310609716e-13,-1.1961466682200160e+03,-7.7831426488058059e+02,0.0000000000000000e+00,-3.5969640234786446e+00,0.0000000000000000e+00,
-8.7591078930509325e-02,-6.8114928570602973e-01,0.0000000000000000e+00,0.0000000000000000e+00,-4.7588363974060928e+02,-3.6704948870442104e+02,0.0000000000000000e+00,-2.0264747455948364e+00,0.0000000000000000e+00,
6.2694620385377250e-02,-6.2368334099579459e-01,9.9999999999992994e-01,4.1436707534907942e-13,-5.6655640053498496e+02,-5.2692270311121058e+02,3.7787231921271314e-03,-1.1174292746415972e+00,1.0000000000000000e+00,
0.0000000000000000e+00,-6.5997616504274392e-01,0.0000000000000000e+00,-5.1596152536309990e-13,-5.8976742039070280e+02,-5.4697746822459237e+02,0.0000000000000000e+00,-6.2694133414035952e-03,0.0000000000000000e+00,
-3.3524922341967334e-01,-6.9934063101113941e-01,0.0000000000000000e+00,0.0000000000000000e+00,-4.5251090374578490e+02,-4.6951225416360251e+02,0.0000000000000000e+00,-7.2574843816303081e-01,0.0000000000000000e+00,
-8.8402579444996554e-01,-7.2593602975870697e-01,9.9999999999966249e-01,3.7645509210555811e-13,-5.4923995186146897e+02,-5.7418863317319335e+02,6.9390264815470573e+01,-1.1089474478328685e+00,1.0000000000000000e+00,
-2.4409323829801852e-01,-2.1892305145053861e-01,0.0000000000000000e+00,-5.9488755846046480e-13,-1.1961466681446691e+03,-4.4766296706401067e+02,0.0000000000000000e+00,-3.5969640229647837e+00,0.0000000000000000e+00,
-8.7591078930483512e-02,-9.6615517950095584e-02,0.0000000000000000e+00,0.0000000000000000e+00,-4.7588363974072900e+02,-1.5297871086290286e+02,0.0000000000000000e+00,-2.0264747451755873e+00,0.0000000000000000e+00,
6.2694620385323682e-02,-8.1486597391507354e-01,9.9999999999974698e-01,4.1883787773905577e-13,-5.6655640053474235e+02,-1.8143454902180213e+02,3.7787232587405128e-03,-1.1174292746414012e+00,1.0000000000000000e+00,

9,9
1.4769072020152023e+00,2.1892305145193577e-01,1.0000000000002989e+00,5.1333690657726620e-13,8.4379235392235231e+01,4.4766296707374300e+02,1.1488078503851597e+04,4.8007908121489851e-01,1.0000000000000000e+00,
1.4937858160670010e+00,9.6615517950087285e-02,1.0000000000004554e+00,1.0513037389279503e-12,2.3158166575780615e+02,1.5297871081293692e+02,3.5547608803022076e+03,5.7742728189446613e-01,1.0000000000000000e+00,
1.5044174174807525e+00,8.1486597391508941e-01,1.0000000000002998e+00,1.0502505011345196e-12,9.0998152517848678e+02,1.8143454902182646e+02,2.3132205466651544e+03,-1.7188095328342740e-01,1.0000000000000000e+00,
5.6168218551515592e-01,6.5997616504272738e-01,1.0000000000000426e+00,0.0000000000000000e+00,1.2678854039636924e+02,5.4697746822441025e+02,2.2339568444203092e+03,6.2007562512749159e-01,1.0000000000000000e+00,
0.0000000000000000e+00,6.9934063101122101e-01,1.0000000000004203e+00,6.9539766970757113e-13,8.9574966573960481e+01,4.6951225416367583e+02,2.9512470641540081e+03,1.0018440930365411e+00,1.0000000000000000e+00,
3.8092567868062505e-01,7.2593602975872473e-01,1.0000000000003091e+00,6.5915611177913771e-13,9.2161703669101701e+02,5.7418863317344983e+02,2.3643435406971812e+03,2.5420438071229734e-02,1.0000000000000000e+00,
1.4769072020152820e+00,7.4808490811917727e-01,1.0000000000001845e+00,5.2529520302475550e-13,8.4379235392333982e+01,7.7831426488251907e+02,1.1488078503825309e+04,4.8007908114217268e-01,1.0000000000000000e+00,
1.4937858160670765e+00,6.8114928570611899e-01,1.0000000000002027e+00,1.0808380529364738e-12,2.3158166569328318e+02,3.6704948870443525e+02,3.5547608803025159e+03,5.7742728221701278e-01,1.0000000000000000e+00,
1.5044174174807845e+00,6.2368334099569123e-01,1.0000000000003020e+00,1.0796238115403933e-12,9.0998152517825338e+02,5.2692270311116476e+02,2.3132205466649011e+03,-1.7188095328342631e-01,1.0000000000000000e+00,

