1
1
9
0
(9 0
((80,232) (95,247) (0,0))
((96,232) (111,247) (0,0))
((112,232) (119,247) (0,0))
((80,248) (95,263) (0,0))
((96,248) (111,263) (0,0))
((112,248) (119,263) (0,0))
((80,264) (95,279) (0,0))
((96,264) (111,279) (0,0))
((112,264) (119,279) (0,0))
)
9
FabOnDisk: Cell_D_00000 0
FabOnDisk: Cell_D_00000 18518
FabOnDisk: Cell_D_00000 37037
FabOnDisk: Cell_D_00000 46341
FabOnDisk: Cell_D_00000 64859
FabOnDisk: Cell_D_00000 83378
FabOnDisk: Cell_D_00000 92682
FabOnDisk: Cell_D_00000 111200
FabOnDisk: Cell_D_00000 129719

9,9
-2.3490459380627954e-01,-7.6410042465427441e-01,0.0000000000000000e+00,0.0000000000000000e+00,-1.3257423862757519e+03,-6.4687228579275052e+02,0.0000000000000000e+00,-4.1184457383383979e+00,0.0000000000000000e+00,
-1.7533635816747839e-01,-3.6827562879666126e-01,0.0000000000000000e+00,0.0000000000000000e+00,-6.0635318596131651e+02,-6.4446221036604425e+02,0.0000000000000000e+00,-9.5175296852347813e-01,0.0000000000000000e+00,
3.1247911732480560e-01,2.4586674510620499e-01,9.9999999999985245e-01,6.0516311648059798e-13,8.4438240372871974e+01,-2.3684423273945362e+02,1.9982501526705221e-02,-5.3557702237537630e-01,1.0000000000000000e+00,
0.0000000000000000e+00,-6.7183779772222685e-01,0.0000000000000000e+00,0.0000000000000000e+00,-6.0234165611384412e+02,-5.8155334871198841e+02,0.0000000000000000e+00,-3.7800014102040057e-02,0.0000000000000000e+00,
-2.0783755690018460e-01,-4.3690759285265074e-01,0.0000000000000000e+00,0.0000000000000000e+00,-1.2006601462950343e+02,-4.5467163843329894e+02,0.0000000000000000e+00,-5.8122908850093402e-01,0.0000000000000000e+00,
-2.5756674260496271e-01,-5.6447196654409315e-01,9.9999999999923550e-01,6.3511902825207468e-13,8.1809472718978157e+01,-3.8180893234901259e+02,1.1157745035124573e+02,-4.9248344643415898e-01,1.0000000000000000e+00,
-2.3490459380691603e-01,-2.0824774281844916e-01,0.0000000000000000e+00,0.0000000000000000e+00,-1.3257423861895106e+03,-4.7345207258819232e+02,0.0000000000000000e+00,-4.1184457377491315e+00,0.0000000000000000e+00,
-1.7533635816744034e-01,-5.6600009835912413e-01,0.0000000000000000e+00,0.0000000000000000e+00,-6.0635318612529522e+02,-5.7413135096938800e+02,0.0000000000000000e+00,-9.5175296852349289e-01,0.0000000000000000e+00,
3.1247911732487360e-01,-6.6317480941618967e-01,9.9999999999989242e-01,6.0417666435639862e-13,8.4438240372874020e+01,-1.4020889372770711e+02,1.9982501535409369e-02,-5.3557702237531546e-01,1.0000000000000000e+00,

9,9
1.6171768106488742e+00,2.0824774281951042e-01,1.0000000000002118e+00,7.1493824197834248e-13,0.0000000000000000e+00,4.7345207258769818e+02,1.2017698652634632e+04,2.6093573019984667e-01,1.0000000000000000e+00,
1.6260154891310632e+00,5.6600009835913268e-01,1.0000000000001870e+00,6.4252430943873374e-13,3.5243829968293738e+02,5.7413135081972973e+02,4.7544107035203997e+03,4.0541268446562153e+00,1.0000000000000000e+00,
1.2612244149588048e+00,6.6317480941621765e-01,1.0000000000000469e+00,6.6361416700924012e-13,5.7065697074108834e+02,1.4020889372777816e+02,2.4245135796738055e+03,-5.2782005373810316e-02,1.0000000000000000e+00,
5.7680063718242058e-01,6.7183779772219476e-01,1.0000000000001079e+00,6.1921541374293170e-13,1.2905060699926912e+02,5.8155334871191633e+02,2.2716453819153644e+03,6.0524780885564022e-01,1.0000000000000000e+00,
2.2594924241205572e-02,4.3690759285268033e-01,1.0000000000003362e+00,6.9086164291791031e-13,2.4458942681603040e+02,4.5467163843332605e+02,2.2594252992863603e+03,3.2032466537583804e+00,1.0000000000000000e+00,
5.9308507725995274e-01,5.6447196654409248e-01,1.0000000000001079e+00,6.6259543261212364e-13,5.5250637106567592e+02,3.8180893234909553e+02,2.3068704405366202e+03,7.9760894647007738e-02,1.0000000000000000e+00,
1.6171768106488780e+00,7.6410042465425942e-01,1.0000000000001090e+00,7.3052352219234495e-13,0.0000000000000000e+00,6.4687228579274733e+02,1.2017698652613659e+04,2.6093573019985083e-01,1.0000000000000000e+00,
1.6260154891310776e+00,3.6827562879662767e-01,1.0000000000005920e+00,6.3680236243745812e-13,3.5243829968292351e+02,6.4446221036604175e+02,4.7544107035206498e+03,4.0541268452930765e+00,1.0000000000000000e+00,
1.2612244149587770e+00,-2.4586674510620135e-01,1.0000000000000022e+00,6.6714720314881541e-13,5.7065697074103105e+02,2.3684423273939200e+02,2.4245135796734871e+03,-5.2782005373802038e-02,1.0000000000000000e+00,

