1
1
4
4
(64 0
((0,0) (15,15) (0,0))
((16,0) (31,15) (0,0))
((32,0) (47,15) (0,0))
((48,0) (63,15) (0,0))
((64,0) (79,15) (0,0))
((80,0) (95,15) (0,0))
((96,0) (111,15) (0,0))
((112,0) (127,15) (0,0))
((0,16) (15,31) (0,0))
((16,16) (31,31) (0,0))
((32,16) (47,31) (0,0))
((48,16) (63,31) (0,0))
((64,16) (79,31) (0,0))
((80,16) (95,31) (0,0))
((96,16) (111,31) (0,0))
((112,16) (127,31) (0,0))
((0,32) (15,47) (0,0))
((16,32) (31,47) (0,0))
((32,32) (47,47) (0,0))
((48,32) (63,47) (0,0))
((64,32) (79,47) (0,0))
((80,32) (95,47) (0,0))
((96,32) (111,47) (0,0))
((112,32) (127,47) (0,0))
((0,48) (15,63) (0,0))
((16,48) (31,63) (0,0))
((32,48) (47,63) (0,0))
((48,48) (63,63) (0,0))
((64,48) (79,63) (0,0))
((80,48) (95,63) (0,0))
((96,48) (111,63) (0,0))
((112,48) (127,63) (0,0))
((0,64) (15,79) (0,0))
((16,64) (31,79) (0,0))
((32,64) (47,79) (0,0))
((48,64) (63,79) (0,0))
((64,64) (79,79) (0,0))
((80,64) (95,79) (0,0))
((96,64) (111,79) (0,0))
((112,64) (127,79) (0,0))
((0,80) (15,95) (0,0))
((16,80) (31,95) (0,0))
((32,80) (47,95) (0,0))
((48,80) (63,95) (0,0))
((64,80) (79,95) (0,0))
((80,80) (95,95) (0,0))
((96,80) (111,95) (0,0))
((112,80) (127,95) (0,0))
((0,96) (15,111) (0,0))
((16,96) (31,111) (0,0))
((32,96) (47,111) (0,0))
((48,96) (63,111) (0,0))
((64,96) (79,111) (0,0))
((80,96) (95,111) (0,0))
((96,96) (111,111) (0,0))
((112,96) (127,111) (0,0))
((0,112) (15,127) (0,0))
((16,112) (31,127) (0,0))
((32,112) (47,127) (0,0))
((48,112) (63,127) (0,0))
((64,112) (79,127) (0,0))
((80,112) (95,127) (0,0))
((96,112) (111,127) (0,0))
((112,112) (127,127) (0,0))
)
64
FabOnDisk: SD_0_Old_MF_D_00000 0
FabOnDisk: SD_0_Old_MF_D_00000 18516
FabOnDisk: SD_0_Old_MF_D_00000 37032
FabOnDisk: SD_0_Old_MF_D_00000 55548
FabOnDisk: SD_0_Old_MF_D_00000 74064
FabOnDisk: SD_0_Old_MF_D_00000 92580
FabOnDisk: SD_0_Old_MF_D_00000 111096
FabOnDisk: SD_0_Old_MF_D_00000 129613
FabOnDisk: SD_0_Old_MF_D_00000 148131
FabOnDisk: SD_0_Old_MF_D_00000 166647
FabOnDisk: SD_0_Old_MF_D_00000 185163
FabOnDisk: SD_0_Old_MF_D_00000 203679
FabOnDisk: SD_0_Old_MF_D_00000 222195
FabOnDisk: SD_0_Old_MF_D_00000 240711
FabOnDisk: SD_0_Old_MF_D_00000 259227
FabOnDisk: SD_0_Old_MF_D_00000 277744
FabOnDisk: SD_0_Old_MF_D_00000 296262
FabOnDisk: SD_0_Old_MF_D_00000 314778
FabOnDisk: SD_0_Old_MF_D_00000 333294
FabOnDisk: SD_0_Old_MF_D_00000 351810
FabOnDisk: SD_0_Old_MF_D_00000 370326
FabOnDisk: SD_0_Old_MF_D_00000 388842
FabOnDisk: SD_0_Old_MF_D_00000 407358
FabOnDisk: SD_0_Old_MF_D_00000 425875
FabOnDisk: SD_0_Old_MF_D_00000 444393
FabOnDisk: SD_0_Old_MF_D_00000 462909
FabOnDisk: SD_0_Old_MF_D_00000 481425
FabOnDisk: SD_0_Old_MF_D_00000 499941
FabOnDisk: SD_0_Old_MF_D_00000 518457
FabOnDisk: SD_0_Old_MF_D_00000 536973
FabOnDisk: SD_0_Old_MF_D_00000 555489
FabOnDisk: SD_0_Old_MF_D_00000 574006
FabOnDisk: SD_0_Old_MF_D_00000 592524
FabOnDisk: SD_0_Old_MF_D_00000 611040
FabOnDisk: SD_0_Old_MF_D_00000 629556
FabOnDisk: SD_0_Old_MF_D_00000 648072
FabOnDisk: SD_0_Old_MF_D_00000 666588
FabOnDisk: SD_0_Old_MF_D_00000 685104
FabOnDisk: SD_0_Old_MF_D_00000 703620
FabOnDisk: SD_0_Old_MF_D_00000 722137
FabOnDisk: SD_0_Old_MF_D_00000 740655
FabOnDisk: SD_0_Old_MF_D_00000 759171
FabOnDisk: SD_0_Old_MF_D_00000 777687
FabOnDisk: SD_0_Old_MF_D_00000 796203
FabOnDisk: SD_0_Old_MF_D_00000 814719
FabOnDisk: SD_0_Old_MF_D_00000 833235
FabOnDisk: SD_0_Old_MF_D_00000 851751
FabOnDisk: SD_0_Old_MF_D_00000 870268
FabOnDisk: SD_0_Old_MF_D_00000 888786
FabOnDisk: SD_0_Old_MF_D_00000 907303
FabOnDisk: SD_0_Old_MF_D_00000 925820
FabOnDisk: SD_0_Old_MF_D_00000 944337
FabOnDisk: SD_0_Old_MF_D_00000 962854
FabOnDisk: SD_0_Old_MF_D_00000 981371
FabOnDisk: SD_0_Old_MF_D_00000 999888
FabOnDisk: SD_0_Old_MF_D_00000 1018406
FabOnDisk: SD_0_Old_MF_D_00000 1036925
FabOnDisk: SD_0_Old_MF_D_00000 1055443
FabOnDisk: SD_0_Old_MF_D_00000 1073961
FabOnDisk: SD_0_Old_MF_D_00000 1092479
FabOnDisk: SD_0_Old_MF_D_00000 1110997
FabOnDisk: SD_0_Old_MF_D_00000 1129515
FabOnDisk: SD_0_Old_MF_D_00000 1148033
FabOnDisk: SD_0_Old_MF_D_00000 1166552

64,4
1.0000053708956342e+00,-4.6475687416722977e-03,9.9999999999999478e-01,-6.1521040355101956e-18,
1.0023569818146496e+00,-4.7066582034759226e-03,9.9999999999997313e-01,-2.6829592358837500e-17,
1.0037356111876743e+00,-8.5889521470511559e-04,9.9999999999994560e-01,-1.2601284925091529e-15,
1.0018326542866243e+00,-2.3077047855016980e-05,9.9999999999993561e-01,-1.1109515921092252e-14,
1.0013537954524954e+00,3.1802345443257960e-06,9.9999999999991984e-01,-1.1440875381278448e-14,
1.0005945432491252e+00,1.8409156045115905e-05,9.9999999999988443e-01,-8.0069576182762528e-15,
1.0001488023446494e+00,1.4082044262918722e-05,9.9999999999988476e-01,-4.7663550104828268e-15,
9.9972323588477385e-01,1.3781780815451520e-05,9.9999999999990152e-01,-2.8554174118698605e-15,
1.0000116957294871e+00,-2.0214505119661386e-02,9.9999999999999201e-01,-7.0014903485064832e-18,
1.0051883748319459e+00,-2.0628559602605297e-02,9.9999999999998956e-01,-2.8192162628490743e-17,
1.0074600975593977e+00,-2.0524213403853202e-03,9.9999999999998468e-01,-8.8659198347458754e-17,
1.0025702442597040e+00,3.0489549412281316e-04,9.9999999999995348e-01,-1.3594055016601373e-16,
1.0008754239029360e+00,4.6125580885623355e-04,9.9999999999997935e-01,-1.0479224011564838e-16,
1.0002018742574121e+00,6.0104070501385747e-04,9.9999999999998868e-01,-4.9681259436004526e-17,
1.0000395797181085e+00,4.3110701663792548e-04,9.9999999999999400e-01,-2.1221110751147388e-17,
9.9980480954829376e-01,4.1726290218354240e-04,9.9999999999999445e-01,-1.8047236554192848e-17,
1.0000387679305567e+00,-8.3370309971560780e-02,9.9999999999999334e-01,-8.2530004745131410e-18,
1.0190943234880163e+00,-9.8057946923407663e-02,1.0000000000000002e+00,-1.5429171603110002e-16,
1.0229951423925490e+00,-2.1729062017158476e-03,9.9999999999999867e-01,-1.7705689778824845e-16,
9.9951539231893605e-01,3.0717551236874455e-03,9.9999999999995959e-01,-3.5824643723233723e-16,
9.9886689726524491e-01,2.0502609942653952e-03,9.9999999999998312e-01,-2.3357935291205401e-16,
9.9902936834017375e-01,1.0013961691336111e-03,9.9999999999999067e-01,-1.5662369092485192e-16,
9.9949350334329434e-01,5.1531890785586380e-04,9.9999999999998967e-01,-2.7589954148028106e-17,
9.9988110733093050e-01,4.6627860280172692e-04,9.9999999999998890e-01,-1.6268657802089411e-17,
8.1605679084795668e-01,-1.5445406320502331e-01,1.0000000000000000e+00,-3.6678235431941576e-15,
-1.0601458937503354e+00,-6.2200036956172999e-01,9.9999999999954503e-01,-2.6789583537204265e-15,
-1.1626531997994813e+00,-8.8484567346264434e-02,9.9999999999982914e-01,-1.0119333894159716e-15,
6.4496506567188294e-01,2.5550464790851384e-03,9.9999999999980760e-01,-1.4977714363146056e-15,
9.8067884372333047e-01,2.1943133021367325e-05,9.9999999999981648e-01,-8.3183122637451854e-15,
9.9538498002987985e-01,-1.2204864785718753e-04,9.9999999999997391e-01,-7.0874696840562873e-15,
9.9895484749200991e-01,1.8337583624669186e-05,9.9999999999998324e-01,-2.1219094666937621e-16,
9.9978688915687519e-01,1.6175447970834886e-05,9.9999999999998956e-01,-1.7572184211559930e-17,
8.1605562407577836e-01,1.9894062987074824e-04,1.0000000000000000e+00,-3.7750005788917497e-15,
-1.0600745272686483e+00,0.0000000000000000e+00,9.9999999999919142e-01,-8.2079517766473822e-15,
-1.1624624592167827e+00,-4.9963596191485715e-01,9.9999999999981382e-01,-1.0223915793486487e-15,
6.4524395840941362e-01,-1.4738842611799413e-01,9.9999999999966604e-01,-1.5606002396379279e-15,
9.8067888491828969e-01,-7.1801383412367888e-03,9.9999999999989475e-01,-8.4133056658474475e-15,
9.9538500627650917e-01,-2.4049194611288193e-03,9.9999999999998501e-01,-7.0641430786654366e-15,
9.9895485095812320e-01,-9.1840883383275318e-04,9.9999999999999656e-01,-1.9120793917479288e-16,
9.9978689225376205e-01,-4.8537162937231849e-04,9.9999999999999689e-01,-1.6444523257362649e-17,
1.0000387663936534e+00,9.7526729081184123e-04,9.9999999999999856e-01,-5.9683855358827310e-18,
1.0190942192261505e+00,4.3505726159709986e-03,9.9999999999997446e-01,-1.4765621507669765e-16,
1.0229970022749912e+00,-9.2542342468659028e-02,9.9999999999977640e-01,-1.7177469028175653e-16,
9.9951446699742819e-01,-8.0437649182050930e-02,9.9999999999971423e-01,-3.7495773172702966e-16,
9.9886672665811360e-01,-6.6965930961031860e-03,9.9999999999998812e-01,-2.5751847996539979e-16,
9.9902940532076168e-01,-2.4846008021358070e-03,9.9999999999998834e-01,-1.5919152090726114e-16,
9.9949360891662020e-01,-1.0637329166954691e-03,9.9999999999999611e-01,-2.6538776221960818e-17,
9.9988120988896179e-01,-6.7353812278939725e-04,9.9999999999999989e-01,-1.7036674681657708e-17,
1.0000116961159324e+00,2.4277046956415959e-04,9.9999999999996625e-01,-4.8769737524805450e-18,
1.0051886855262580e+00,1.3829054221742678e-03,9.9999999999993772e-01,-2.9209359086446960e-17,
1.0074611695897486e+00,-1.8223139375737423e-02,9.9999999999977884e-01,-1.0076463833919885e-16,
1.0025710530786081e+00,-1.8484854940682791e-02,9.9999999999977185e-01,-1.6073330052158465e-16,
1.0008757641169193e+00,-2.9647465674275406e-03,9.9999999999996469e-01,-1.2382539086745734e-16,
1.0002021204223925e+00,-1.8977751568028838e-03,9.9999999999998102e-01,-5.1826457210260541e-17,
1.0000397803611960e+00,-9.9801235934288916e-04,9.9999999999998934e-01,-1.9314354091589223e-17,
9.9980504795951475e-01,-6.7102240497741961e-04,9.9999999999999634e-01,-1.6642654164704813e-17,
1.0000053715167831e+00,5.3677707952701575e-06,9.9999999999984646e-01,-4.6799379108936271e-18,
1.0023573079555042e+00,3.3735255734290103e-05,9.9999999999975120e-01,-2.9349430665423966e-17,
1.0037365013987041e+00,-3.9294891687496093e-03,9.9999999999973699e-01,-3.0957340269403878e-16,
1.0018334660121369e+00,-4.3337165547064696e-03,9.9999999999977041e-01,-2.6478688753403919e-15,
1.0013543511462188e+00,-7.9085128740354104e-04,9.9999999999995781e-01,-2.7841533857073056e-15,
1.0005948987993505e+00,-7.7317463733937123e-04,9.9999999999995892e-01,-1.8680608612250967e-15,
1.0001490753447215e+00,-5.5178120679327326e-04,9.9999999999997780e-01,-1.0991690261059710e-15,
9.9972349759485657e-01,-4.4317023592028884e-04,9.9999999999997891e-01,-6.5516955425020392e-16,

64,4
1.0043423549259447e+00,-5.3671495284961418e-06,1.0000000000000528e+00,-1.6625181617921761e-19,
1.0100109265060444e+00,-3.3724830740972884e-05,1.0000000000001712e+00,-2.8676702165377596e-18,
1.0101541093567177e+00,3.9294781525245027e-03,1.0000000000002423e+00,2.0743635167873448e-15,
1.0065743477601479e+00,4.3336147141634727e-03,1.0000000000002367e+00,1.6456120589277542e-14,
1.0024310699167698e+00,7.9063354418244043e-04,1.0000000000000837e+00,1.6455642818919401e-14,
1.0013146240708779e+00,7.7297682254600015e-04,1.0000000000000631e+00,1.1026465310629395e-14,
1.0006498099626246e+00,5.5166653461009700e-04,1.0000000000000617e+00,6.6168003423376383e-15,
1.0001491066512451e+00,4.4315913171413086e-04,1.0000000000000662e+00,3.9456223624007845e-15,
1.0157934291951187e+00,-2.4275222454940991e-04,1.0000000000000044e+00,-1.7769800872991297e-19,
1.0384394770634788e+00,-1.3825047281528075e-03,1.0000000000000044e+00,-3.3844674656076645e-18,
1.0385980744006189e+00,1.8222806312410873e-02,1.0000000000000346e+00,2.6769044047189610e-17,
1.0197474848308088e+00,1.8484262528752644e-02,1.0000000000000342e+00,1.2861588361507420e-16,
1.0032018226705661e+00,2.9640337122803029e-03,9.9999999999999856e-01,7.3570436773829797e-17,
1.0012917619453119e+00,1.8973807436807029e-03,1.0000000000000031e+00,2.0758005305158702e-17,
1.0005462972687780e+00,9.9780858614993261e-04,1.0000000000000073e+00,5.9241148446650360e-19,
1.0001228658641408e+00,6.7100302335821379e-04,1.0000000000000062e+00,-3.5466196910574426e-18,
1.0393888320163083e+00,-9.7525808733246787e-04,1.0000000000000218e+00,3.9478205848253157e-17,
1.1792265792156429e+00,-4.3491938595908858e-03,1.0000000000000262e+00,9.6594293851227567e-17,
1.1798013744955218e+00,9.2540717407590303e-02,1.0000000000000391e+00,1.8971348899999529e-16,
1.0410339158721740e+00,8.0432147954220157e-02,1.0000000000000395e+00,3.5423192788633870e-16,
1.0031543475174844e+00,6.6955608336111494e-03,1.0000000000000155e+00,7.5208676993574851e-16,
1.0007297848253729e+00,2.4842013154544149e-03,1.0000000000000018e+00,4.8093410921400656e-16,
1.0001480509123257e+00,1.0635108581614897e-03,1.0000000000000013e+00,1.3144566241266763e-18,
1.0001944919936041e+00,6.7351797158425554e-04,9.9999999999999889e-01,-1.0899354704675529e-17,
1.0390414587130326e+00,-1.9932866339418990e-04,1.0000000000001117e+00,2.2926339364050666e-15,
1.5422888230888978e+00,0.0000000000000000e+00,1.0000000000000000e+40,1.6195697902107265e-15,
1.5592743861614384e+00,4.9992388380726183e-01,1.0000000000002423e+00,2.8282704537134054e-16,
1.0402652604200098e+00,1.4731297173414598e-01,1.0000000000000751e+00,1.8407502511558328e-15,
9.9892598223664919e-01,7.1831141969875018e-03,1.0000000000000717e+00,8.4676839268690486e-15,
9.9941591667172547e-01,2.4045656335020143e-03,1.0000000000000615e+00,7.0938854571114286e-15,
9.9984888224818558e-01,9.1818426947324597e-04,9.9999999999999645e-01,2.0411919356779714e-16,
1.0002881491993281e+00,4.8534833498257816e-04,9.9999999999999711e-01,-1.0339359945549750e-17,
1.0390377416847156e+00,1.5444678592443245e-01,1.0000000000001215e+00,2.4486805664625861e-15,
1.5422918607519505e+00,6.2197989232040951e-01,1.0000000000000000e+40,6.8532201359790621e-15,
1.5592799793169507e+00,8.8632602072554995e-02,1.0000000000002369e+00,3.0296710389550963e-16,
1.0402705410268185e+00,-2.5496850383467684e-03,1.0000000000001545e+00,1.9039047525423468e-15,
9.9892498694138110e-01,-2.2143313045782752e-05,1.0000000000001461e+00,8.5018182061859120e-15,
9.9941601369480759e-01,1.2178292516773571e-04,1.0000000000000833e+00,7.0209075718294974e-15,
9.9984897897266434e-01,-1.8460508801626739e-05,1.0000000000000122e+00,1.7778135258421278e-16,
1.0002881521981515e+00,-1.6243099079928137e-05,1.0000000000000073e+00,-1.0383021468407013e-17,
1.0393855933836087e+00,8.3370658261942551e-02,1.0000000000000833e+00,4.2578493020282043e-17,
1.1792297609042404e+00,9.8061195591207601e-02,1.0000000000000326e+00,1.0177804269404433e-16,
1.1798051551225444e+00,2.1746081366068788e-03,9.9999999999999012e-01,2.0310946724762393e-16,
1.0410381621018385e+00,-3.0725863421048171e-03,1.0000000000000442e+00,3.8176270681179432e-16,
1.0031550053568481e+00,-2.0506817586069068e-03,1.0000000000000282e+00,7.7181167490090586e-16,
1.0007300983391454e+00,-1.0016292837343823e-03,1.0000000000000013e+00,4.8031301501950109e-16,
1.0001482848709551e+00,-5.1543915149013849e-04,1.0000000000000036e+00,1.4092880165900711e-18,
1.0001945893861675e+00,-4.6635047093521160e-04,1.0000000000000036e+00,-1.0528860891658486e-17,
1.0157933538977502e+00,2.0215456569951912e-02,1.0000000000000409e+00,-1.0972102505956332e-19,
1.0384407376538509e+00,2.0629637920266855e-02,1.0000000000000078e+00,1.2232799836326747e-18,
1.0385994374798606e+00,2.0536331710975567e-03,9.9999999999997868e-01,4.0977452213855669e-17,
1.0197492065485401e+00,-3.0515321581299531e-04,1.0000000000000020e+00,1.2735821949118414e-16,
1.0032025492833871e+00,-4.6152509727742305e-04,9.9999999999999456e-01,7.2815605837201705e-17,
1.0012922616045401e+00,-6.0116710451961887e-04,9.9999999999999656e-01,8.1490897614232922e-18,
1.0005466411175212e+00,-4.3116790613742338e-04,1.0000000000000040e+00,-8.7224617834225122e-18,
1.0001231323350483e+00,-4.1730413547287192e-04,1.0000000000000060e+00,-9.9192180082393571e-18,
1.0043426385961352e+00,4.6480171980479738e-03,1.0000000000005240e+00,-1.1466687913709620e-19,
1.0100117467839353e+00,4.7071100987149993e-03,1.0000000000011433e+00,1.6565774556460708e-18,
1.0101550126358161e+00,8.5924751177538265e-04,1.0000000000013076e+00,2.4381118609655555e-16,
1.0065753913027529e+00,2.3009480421634078e-05,1.0000000000012419e+00,1.9250711648669268e-15,
1.0024318547542679e+00,-3.1870745946014124e-06,1.0000000000002294e+00,1.8881719762892958e-15,
1.0013151541654384e+00,-1.8413105695424521e-05,1.0000000000002089e+00,1.2653753521095428e-15,
1.0006501929315175e+00,-1.4083978363291290e-05,1.0000000000001172e+00,7.6044295090221484e-16,
1.0001494011085024e+00,-1.3783211088402397e-05,1.0000000000000266e+00,4.4926856396499592e-16,

