1
1
4
4
(64 0
((0,0) (15,15) (0,0))
((16,0) (31,15) (0,0))
((32,0) (47,15) (0,0))
((48,0) (63,15) (0,0))
((64,0) (79,15) (0,0))
((80,0) (95,15) (0,0))
((96,0) (111,15) (0,0))
((112,0) (127,15) (0,0))
((0,16) (15,31) (0,0))
((16,16) (31,31) (0,0))
((32,16) (47,31) (0,0))
((48,16) (63,31) (0,0))
((64,16) (79,31) (0,0))
((80,16) (95,31) (0,0))
((96,16) (111,31) (0,0))
((112,16) (127,31) (0,0))
((0,32) (15,47) (0,0))
((16,32) (31,47) (0,0))
((32,32) (47,47) (0,0))
((48,32) (63,47) (0,0))
((64,32) (79,47) (0,0))
((80,32) (95,47) (0,0))
((96,32) (111,47) (0,0))
((112,32) (127,47) (0,0))
((0,48) (15,63) (0,0))
((16,48) (31,63) (0,0))
((32,48) (47,63) (0,0))
((48,48) (63,63) (0,0))
((64,48) (79,63) (0,0))
((80,48) (95,63) (0,0))
((96,48) (111,63) (0,0))
((112,48) (127,63) (0,0))
((0,64) (15,79) (0,0))
((16,64) (31,79) (0,0))
((32,64) (47,79) (0,0))
((48,64) (63,79) (0,0))
((64,64) (79,79) (0,0))
((80,64) (95,79) (0,0))
((96,64) (111,79) (0,0))
((112,64) (127,79) (0,0))
((0,80) (15,95) (0,0))
((16,80) (31,95) (0,0))
((32,80) (47,95) (0,0))
((48,80) (63,95) (0,0))
((64,80) (79,95) (0,0))
((80,80) (95,95) (0,0))
((96,80) (111,95) (0,0))
((112,80) (127,95) (0,0))
((0,96) (15,111) (0,0))
((16,96) (31,111) (0,0))
((32,96) (47,111) (0,0))
((48,96) (63,111) (0,0))
((64,96) (79,111) (0,0))
((80,96) (95,111) (0,0))
((96,96) (111,111) (0,0))
((112,96) (127,111) (0,0))
((0,112) (15,127) (0,0))
((16,112) (31,127) (0,0))
((32,112) (47,127) (0,0))
((48,112) (63,127) (0,0))
((64,112) (79,127) (0,0))
((80,112) (95,127) (0,0))
((96,112) (111,127) (0,0))
((112,112) (127,127) (0,0))
)
64
FabOnDisk: SD_0_New_MF_D_00000 0
FabOnDisk: SD_0_New_MF_D_00000 18516
FabOnDisk: SD_0_New_MF_D_00000 37032
FabOnDisk: SD_0_New_MF_D_00000 55548
FabOnDisk: SD_0_New_MF_D_00000 74064
FabOnDisk: SD_0_New_MF_D_00000 92580
FabOnDisk: SD_0_New_MF_D_00000 111096
FabOnDisk: SD_0_New_MF_D_00000 129613
FabOnDisk: SD_0_New_MF_D_00000 148131
FabOnDisk: SD_0_New_MF_D_00000 166647
FabOnDisk: SD_0_New_MF_D_00000 185163
FabOnDisk: SD_0_New_MF_D_00000 203679
FabOnDisk: SD_0_New_MF_D_00000 222195
FabOnDisk: SD_0_New_MF_D_00000 240711
FabOnDisk: SD_0_New_MF_D_00000 259227
FabOnDisk: SD_0_New_MF_D_00000 277744
FabOnDisk: SD_0_New_MF_D_00000 296262
FabOnDisk: SD_0_New_MF_D_00000 314778
FabOnDisk: SD_0_New_MF_D_00000 333294
FabOnDisk: SD_0_New_MF_D_00000 351810
FabOnDisk: SD_0_New_MF_D_00000 370326
FabOnDisk: SD_0_New_MF_D_00000 388842
FabOnDisk: SD_0_New_MF_D_00000 407358
FabOnDisk: SD_0_New_MF_D_00000 425875
FabOnDisk: SD_0_New_MF_D_00000 444393
FabOnDisk: SD_0_New_MF_D_00000 462909
FabOnDisk: SD_0_New_MF_D_00000 481425
FabOnDisk: SD_0_New_MF_D_00000 499941
FabOnDisk: SD_0_New_MF_D_00000 518457
FabOnDisk: SD_0_New_MF_D_00000 536973
FabOnDisk: SD_0_New_MF_D_00000 555489
FabOnDisk: SD_0_New_MF_D_00000 574006
FabOnDisk: SD_0_New_MF_D_00000 592524
FabOnDisk: SD_0_New_MF_D_00000 611040
FabOnDisk: SD_0_New_MF_D_00000 629556
FabOnDisk: SD_0_New_MF_D_00000 648072
FabOnDisk: SD_0_New_MF_D_00000 666588
FabOnDisk: SD_0_New_MF_D_00000 685104
FabOnDisk: SD_0_New_MF_D_00000 703620
FabOnDisk: SD_0_New_MF_D_00000 722137
FabOnDisk: SD_0_New_MF_D_00000 740655
FabOnDisk: SD_0_New_MF_D_00000 759171
FabOnDisk: SD_0_New_MF_D_00000 777687
FabOnDisk: SD_0_New_MF_D_00000 796203
FabOnDisk: SD_0_New_MF_D_00000 814719
FabOnDisk: SD_0_New_MF_D_00000 833235
FabOnDisk: SD_0_New_MF_D_00000 851751
FabOnDisk: SD_0_New_MF_D_00000 870268
FabOnDisk: SD_0_New_MF_D_00000 888786
FabOnDisk: SD_0_New_MF_D_00000 907303
FabOnDisk: SD_0_New_MF_D_00000 925820
FabOnDisk: SD_0_New_MF_D_00000 944337
FabOnDisk: SD_0_New_MF_D_00000 962854
FabOnDisk: SD_0_New_MF_D_00000 981371
FabOnDisk: SD_0_New_MF_D_00000 999888
FabOnDisk: SD_0_New_MF_D_00000 1018406
FabOnDisk: SD_0_New_MF_D_00000 1036925
FabOnDisk: SD_0_New_MF_D_00000 1055443
FabOnDisk: SD_0_New_MF_D_00000 1073961
FabOnDisk: SD_0_New_MF_D_00000 1092479
FabOnDisk: SD_0_New_MF_D_00000 1110997
FabOnDisk: SD_0_New_MF_D_00000 1129515
FabOnDisk: SD_0_New_MF_D_00000 1148033
FabOnDisk: SD_0_New_MF_D_00000 1166552

64,4
1.0000053823097410e+00,-4.6586865182590550e-03,9.9999999999999467e-01,-5.1477680527086565e-18,
1.0023622888573460e+00,-4.7179314812392428e-03,9.9999999999997302e-01,-1.4289498403057234e-17,
1.0037240374561613e+00,-8.5672230771929219e-04,9.9999999999994671e-01,-1.9134856908205781e-15,
1.0017333842933529e+00,-2.2616946143324849e-05,9.9999999999993527e-01,-1.6323181729588363e-14,
1.0012887062282816e+00,1.4210449394926542e-06,9.9999999999992051e-01,-1.6366611395299176e-14,
1.0005643828146991e+00,1.7701231339798824e-05,9.9999999999988409e-01,-1.1080107083379646e-14,
1.0001336080133649e+00,1.3728411635635689e-05,9.9999999999988420e-01,-6.6608363415675663e-15,
9.9971047621623843e-01,1.3513100311940474e-05,9.9999999999990119e-01,-3.9830230469720269e-15,
1.0000117196176448e+00,-2.0264612471084568e-02,9.9999999999999212e-01,-6.1088860822324167e-18,
1.0052007679145745e+00,-2.0683165352295405e-02,9.9999999999998956e-01,-1.8933132796474488e-17,
1.0074700402365808e+00,-2.0755777999198126e-03,9.9999999999998446e-01,-5.1659428563647545e-17,
1.0024585654506151e+00,2.9584289152532572e-04,9.9999999999995326e-01,-1.5188365509110771e-16,
1.0008422334434082e+00,3.9354022812553447e-04,9.9999999999997902e-01,-9.9314308022190932e-17,
1.0001942874464578e+00,5.7801775813087666e-04,9.9999999999998845e-01,-4.8858651041127619e-17,
1.0000376672129694e+00,4.2012252706112731e-04,9.9999999999999378e-01,-2.8991493848481617e-17,
9.9979571708783732e-01,4.0937800570186249e-04,9.9999999999999445e-01,-2.4570231054964032e-17,
1.0000388220534018e+00,-8.3508454996932407e-02,9.9999999999999334e-01,-4.4588716293534513e-17,
1.0191301866497042e+00,-9.8288785484228383e-02,1.0000000000000002e+00,-1.1248855594388920e-16,
1.0231113491078023e+00,-2.2183995366443104e-03,9.9999999999999845e-01,-2.3256865074541286e-16,
9.9951949056667000e-01,2.9344271463192942e-03,9.9999999999995948e-01,-3.7574210709341373e-16,
9.9893312885289687e-01,1.9661981891963627e-03,9.9999999999998301e-01,-7.7227631303977795e-16,
9.9908524314436398e-01,9.6611305858443689e-04,9.9999999999999067e-01,-5.2417659900518151e-16,
9.9952183244331738e-01,5.0179748212128854e-04,9.9999999999998979e-01,-3.2946446376968774e-17,
9.9989506948287155e-01,4.5852425645657600e-04,9.9999999999998890e-01,-1.7146390394540540e-17,
8.1597479499133885e-01,-1.5454079560159528e-01,1.0000000000000000e+00,-2.1986559612065466e-15,
-1.0593757088556606e+00,-6.2197967310813029e-01,9.9999999999953748e-01,-2.4755073907421508e-15,
-1.1635360525174858e+00,-9.0732820659707128e-02,9.9999999999982891e-01,-3.2452492493441139e-16,
6.4086740360366423e-01,2.6651007123889626e-03,9.9999999999980771e-01,-1.6194351380025172e-15,
9.8029879301968859e-01,1.5641946293438114e-05,9.9999999999981648e-01,-8.4030266401309748e-15,
9.9548761935344099e-01,-1.2584080714049124e-04,9.9999999999997380e-01,-7.2064825831981311e-15,
9.9899962610388360e-01,1.7862694929045321e-05,9.9999999999998279e-01,-2.5869491281115822e-16,
9.9980835649352595e-01,1.5920871831047920e-05,9.9999999999998956e-01,-1.7609245993199642e-17,
8.1597302708583253e-01,1.9892897014336361e-04,1.0000000000000000e+00,-2.3343733975832054e-15,
-1.0592598547641290e+00,4.6968685440290829e-03,9.9999999999919387e-01,-8.2301768708786125e-15,
-1.1633705691877929e+00,-4.9928059111218392e-01,9.9999999999982059e-01,-3.3292121460206836e-16,
6.4115777732567181e-01,-1.4850766919932076e-01,9.9999999999966649e-01,-1.6709870101323386e-15,
9.8030011425361774e-01,-6.9632478791604533e-03,9.9999999999989486e-01,-8.4207427452685960e-15,
9.9548764825290892e-01,-2.3089208400409711e-03,9.9999999999998512e-01,-7.1379459175865297e-15,
9.9899963010941384e-01,-8.8687638321898019e-04,9.9999999999999611e-01,-2.2941390085479711e-16,
9.9980835997179962e-01,-4.8238520347283184e-04,9.9999999999999689e-01,-1.6524008569677990e-17,
1.0000388206765627e+00,9.7705753450843809e-04,9.9999999999999856e-01,-4.3349577726926237e-17,
1.0191300884609469e+00,4.3853956567827613e-03,9.9999999999997435e-01,-1.1272409837421448e-16,
1.0231133281279556e+00,-9.2841927907820435e-02,9.9999999999979483e-01,-2.3197839415686770e-16,
9.9951856580549536e-01,-8.0857355164937722e-02,9.9999999999971456e-01,-3.9323505839391465e-16,
9.9893297120869218e-01,-6.2467026746402593e-03,9.9999999999998801e-01,-7.8795024561997946e-16,
9.9908529820623637e-01,-2.3844750612036390e-03,9.9999999999998823e-01,-5.2163802940954914e-16,
9.9952195316809589e-01,-1.0239983063733327e-03,9.9999999999999589e-01,-3.1228036481458883e-17,
9.9989518429366397e-01,-6.6942600387165342e-04,9.9999999999999978e-01,-1.5873933872931384e-17,
1.0000117204651506e+00,2.4329615097325492e-04,9.9999999999996614e-01,-3.8430286196595299e-18,
1.0052010959774551e+00,1.3829668585839108e-03,9.9999999999993761e-01,-1.6212592995314997e-17,
1.0074711799008103e+00,-1.8340060699249063e-02,9.9999999999978806e-01,-5.6941004319008340e-17,
1.0024594389116019e+00,-1.8569642026082592e-02,9.9999999999977240e-01,-1.4571298726951440e-16,
1.0008426156061312e+00,-2.8313136640403759e-03,9.9999999999996336e-01,-9.5688089604176894e-17,
1.0001945622126771e+00,-1.8199109234129205e-03,9.9999999999998079e-01,-3.3966811015408262e-17,
1.0000378902814275e+00,-9.6047970630639063e-04,9.9999999999998923e-01,-1.6953223663639377e-17,
9.9979598118844726e-01,-6.6693353489269045e-04,9.9999999999999600e-01,-1.5697511796001952e-17,
1.0000053833424150e+00,5.3795888979787813e-06,9.9999999999984668e-01,-3.4502166159150719e-18,
1.0023626329730657e+00,3.3633961220936154e-05,9.9999999999975164e-01,-1.3540528860069156e-17,
1.0037249852985730e+00,-3.9744276497073773e-03,9.9999999999973588e-01,-2.2878808002264915e-16,
1.0017342556832796e+00,-4.3856450670748072e-03,9.9999999999976108e-01,-1.9392328482804470e-15,
1.0012893106913987e+00,-7.5447893642388705e-04,9.9999999999995537e-01,-1.9148710321103490e-15,
1.0005647743527237e+00,-7.3900190787814352e-04,9.9999999999995870e-01,-1.3003964815017394e-15,
1.0001339097807727e+00,-5.3093694195810242e-04,9.9999999999997746e-01,-7.9055200901251243e-16,
9.9971076574359274e-01,-4.4051002146385312e-04,9.9999999999997957e-01,-4.7745387526282853e-16,

64,4
1.0043526469157584e+00,-5.3785561890468289e-06,1.0000000000000528e+00,-1.7403320640400834e-19,
1.0100376542681049e+00,-3.3622843166980860e-05,1.0000000000001716e+00,4.3438899406048019e-18,
1.0101813098148424e+00,3.9744264805677320e-03,1.0000000000002434e+00,1.1508872548391429e-15,
1.0065780119433236e+00,4.3855436681420248e-03,1.0000000000002387e+00,1.0972753696837475e-14,
1.0023238396056080e+00,7.5424951570426425e-04,1.0000000000000875e+00,1.1378098143229126e-14,
1.0012531508781417e+00,7.3879171688874784e-04,1.0000000000000635e+00,8.0290874740531659e-15,
1.0006147195022537e+00,5.3081340115534352e-04,1.0000000000000624e+00,4.7695909557362298e-15,
1.0001300387983365e+00,4.4049810557675063e-04,1.0000000000000666e+00,2.8458757813807286e-15,
1.0158231060070677e+00,-2.4326372011111662e-04,1.0000000000000044e+00,-1.8506420192361290e-19,
1.0385589967135966e+00,-1.3825405894440045e-03,1.0000000000000044e+00,3.9505870075949353e-18,
1.0387221223311804e+00,1.8339754246770180e-02,1.0000000000000335e+00,5.1136008535532036e-17,
1.0198451972807709e+00,1.8569051906476064e-02,1.0000000000000340e+00,9.7082780823721479e-17,
1.0030830656737153e+00,2.8305685828088345e-03,9.9999999999999822e-01,7.0142190459582763e-17,
1.0012341671989036e+00,1.8194866777116287e-03,1.0000000000000031e+00,1.7891575818140981e-17,
1.0005183264156992e+00,9.6025791570621502e-04,1.0000000000000073e+00,-7.7204494354635858e-18,
1.0001088263082467e+00,6.6691271450912101e-04,1.0000000000000060e+00,-1.0301813692880641e-17,
1.0394005265811914e+00,-9.7702097503560010e-04,1.0000000000000218e+00,6.5495887565948370e-20,
1.1796716181742233e+00,-4.3839494222784412e-03,1.0000000000000264e+00,9.5135242427142148e-17,
1.1802994690440562e+00,9.2840713503305861e-02,1.0000000000000371e+00,1.1697017731181375e-16,
1.0414170036104438e+00,8.0851836849984149e-02,1.0000000000000391e+00,3.1193515993864716e-16,
1.0030361277485311e+00,6.2455669562491911e-03,1.0000000000000169e+00,1.7538987376712250e-16,
1.0007028677559286e+00,2.3840348758342573e-03,1.0000000000000018e+00,1.2306154437636529e-16,
1.0001430509281379e+00,1.0237549546718602e-03,1.0000000000000013e+00,-1.5776372881143051e-18,
1.0002035291452100e+00,6.6940438137167324e-04,9.9999999999999878e-01,-1.2113527481618469e-17,
1.0390452969776436e+00,-1.9963696288637759e-04,1.0000000000001117e+00,3.4840642597350935e-15,
1.0000000000000000e+40,1.0000000000000000e+40,1.0000000000000000e+40,1.0000000000000000e+40,
1.5584725292596406e+00,4.9956537677231472e-01,1.0000000000002427e+00,8.9612769838843058e-16,
1.0406968582664033e+00,1.4842811584808024e-01,1.0000000000000751e+00,1.2942491267618873e-15,
9.9896499049960152e-01,6.9663617219129148e-03,1.0000000000000717e+00,8.1836730627609731e-15,
9.9944796125792035e-01,2.3085260065314073e-03,1.0000000000000648e+00,7.1153407952489558e-15,
9.9986427488367124e-01,8.8662736188024709e-04,9.9999999999999645e-01,2.0687007533512414e-16,
1.0003016914033545e+00,4.8236010221933427e-04,9.9999999999999711e-01,-1.0392710748473073e-17,
1.0390414232741521e+00,1.5453355362979132e-01,1.0000000000001212e+00,3.5943671781235947e-15,
1.0000000000000000e+40,1.0000000000000000e+40,1.0000000000000000e+40,1.0000000000000000e+40,
1.5584771099888950e+00,9.0861871726644020e-02,1.0000000000002394e+00,9.1160978532341885e-16,
1.0407028230571829e+00,-2.6608953604241427e-03,1.0000000000001548e+00,1.3517912224015095e-15,
9.9896398545115306e-01,-1.5885362663713233e-05,1.0000000000001470e+00,8.2683610894864097e-15,
9.9944807273385095e-01,1.2553718088330866e-04,1.0000000000000835e+00,7.0993275407070101e-15,
9.9986438327476712e-01,-1.7999210253931871e-05,1.0000000000000122e+00,1.8511374285532374e-16,
1.0003016947530290e+00,-1.6000662466963413e-05,1.0000000000000075e+00,-1.1357740974561523e-17,
1.0393971614780224e+00,8.3508914195633291e-02,1.0000000000000833e+00,6.9445791797455829e-19,
1.1796748113138746e+00,9.8292246588787227e-02,1.0000000000000326e+00,1.1134666666482432e-16,
1.1803032045179922e+00,2.2201776399139068e-03,9.9999999999999034e-01,1.3570800699120683e-16,
1.0414217363087277e+00,-2.9352924019910875e-03,1.0000000000000442e+00,3.3559519620016657e-16,
1.0030368602012638e+00,-1.9666508848956198e-03,1.0000000000000300e+00,2.0183489278851996e-16,
1.0007032210623032e+00,-9.6637130805735051e-04,1.0000000000000013e+00,1.2866309845491634e-16,
1.0001433122877006e+00,-5.0193024232596088e-04,1.0000000000000036e+00,-2.8334582387851558e-19,
1.0002036377576522e+00,-4.5860233357798556e-04,1.0000000000000036e+00,-9.3369390371008227e-18,
1.0158230382032623e+00,2.0265614637106782e-02,1.0000000000000406e+00,-1.1553447023100352e-19,
1.0385603062868791e+00,2.0684296973019472e-02,1.0000000000000078e+00,1.1694968229169951e-17,
1.0387235376752471e+00,2.0768541042437611e-03,9.9999999999997902e-01,7.6170051013843090e-17,
1.0198470321118100e+00,-2.9610988142013438e-04,1.0000000000000020e+00,1.2932516864157573e-16,
1.0030838660737091e+00,-3.9381810797354296e-04,9.9999999999999445e-01,9.1795449882389197e-17,
1.0012347141514217e+00,-5.7815389886401694e-04,9.9999999999999656e-01,2.4677944562898380e-17,
1.0005187053736981e+00,-4.2018858080267104e-04,1.0000000000000040e+00,-5.9809273318072283e-18,
1.0001091209787438e+00,-4.0942687648424793e-04,1.0000000000000058e+00,-8.9231600370535316e-18,
1.0043529464626821e+00,4.6591601046797925e-03,1.0000000000005245e+00,-1.2474919329739145e-19,
1.0100385185198664e+00,4.7184080425299608e-03,1.0000000000011451e+00,1.3070414554380318e-17,
1.0101822620215335e+00,8.5709807957230159e-04,1.0000000000013147e+00,2.7978117283821930e-16,
1.0065791224341576e+00,2.2553384449407472e-05,1.0000000000012550e+00,2.5885513346377409e-15,
1.0023246875543466e+00,-1.4281301401209677e-06,1.0000000000002305e+00,2.7351570772625227e-15,
1.0012537258418603e+00,-1.7705470428829061e-05,1.0000000000002107e+00,1.8459844042385552e-15,
1.0006151398739691e+00,-1.3730503905517250e-05,1.0000000000001199e+00,1.0770066973638845e-15,
1.0001303637341554e+00,-1.3514743456004792e-05,1.0000000000000286e+00,6.3158409797003089e-16,

