1
1
1
1
(64 0
((0,0) (16,16) (1,1))
((16,0) (32,16) (1,1))
((32,0) (48,16) (1,1))
((48,0) (64,16) (1,1))
((64,0) (80,16) (1,1))
((80,0) (96,16) (1,1))
((96,0) (112,16) (1,1))
((112,0) (128,16) (1,1))
((0,16) (16,32) (1,1))
((16,16) (32,32) (1,1))
((32,16) (48,32) (1,1))
((48,16) (64,32) (1,1))
((64,16) (80,32) (1,1))
((80,16) (96,32) (1,1))
((96,16) (112,32) (1,1))
((112,16) (128,32) (1,1))
((0,32) (16,48) (1,1))
((16,32) (32,48) (1,1))
((32,32) (48,48) (1,1))
((48,32) (64,48) (1,1))
((64,32) (80,48) (1,1))
((80,32) (96,48) (1,1))
((96,32) (112,48) (1,1))
((112,32) (128,48) (1,1))
((0,48) (16,64) (1,1))
((16,48) (32,64) (1,1))
((32,48) (48,64) (1,1))
((48,48) (64,64) (1,1))
((64,48) (80,64) (1,1))
((80,48) (96,64) (1,1))
((96,48) (112,64) (1,1))
((112,48) (128,64) (1,1))
((0,64) (16,80) (1,1))
((16,64) (32,80) (1,1))
((32,64) (48,80) (1,1))
((48,64) (64,80) (1,1))
((64,64) (80,80) (1,1))
((80,64) (96,80) (1,1))
((96,64) (112,80) (1,1))
((112,64) (128,80) (1,1))
((0,80) (16,96) (1,1))
((16,80) (32,96) (1,1))
((32,80) (48,96) (1,1))
((48,80) (64,96) (1,1))
((64,80) (80,96) (1,1))
((80,80) (96,96) (1,1))
((96,80) (112,96) (1,1))
((112,80) (128,96) (1,1))
((0,96) (16,112) (1,1))
((16,96) (32,112) (1,1))
((32,96) (48,112) (1,1))
((48,96) (64,112) (1,1))
((64,96) (80,112) (1,1))
((80,96) (96,112) (1,1))
((96,96) (112,112) (1,1))
((112,96) (128,112) (1,1))
((0,112) (16,128) (1,1))
((16,112) (32,128) (1,1))
((32,112) (48,128) (1,1))
((48,112) (64,128) (1,1))
((64,112) (80,128) (1,1))
((80,112) (96,128) (1,1))
((96,112) (112,128) (1,1))
((112,112) (128,128) (1,1))
)
64
FabOnDisk: SD_1_New_MF_D_00000 0
FabOnDisk: SD_1_New_MF_D_00000 2972
FabOnDisk: SD_1_New_MF_D_00000 5944
FabOnDisk: SD_1_New_MF_D_00000 8916
FabOnDisk: SD_1_New_MF_D_00000 11888
FabOnDisk: SD_1_New_MF_D_00000 14860
FabOnDisk: SD_1_New_MF_D_00000 17832
FabOnDisk: SD_1_New_MF_D_00000 20805
FabOnDisk: SD_1_New_MF_D_00000 23779
FabOnDisk: SD_1_New_MF_D_00000 26751
FabOnDisk: SD_1_New_MF_D_00000 29723
FabOnDisk: SD_1_New_MF_D_00000 32695
FabOnDisk: SD_1_New_MF_D_00000 35667
FabOnDisk: SD_1_New_MF_D_00000 38639
FabOnDisk: SD_1_New_MF_D_00000 41611
FabOnDisk: SD_1_New_MF_D_00000 44584
FabOnDisk: SD_1_New_MF_D_00000 47558
FabOnDisk: SD_1_New_MF_D_00000 50530
FabOnDisk: SD_1_New_MF_D_00000 53502
FabOnDisk: SD_1_New_MF_D_00000 56474
FabOnDisk: SD_1_New_MF_D_00000 59446
FabOnDisk: SD_1_New_MF_D_00000 62418
FabOnDisk: SD_1_New_MF_D_00000 65390
FabOnDisk: SD_1_New_MF_D_00000 68363
FabOnDisk: SD_1_New_MF_D_00000 71337
FabOnDisk: SD_1_New_MF_D_00000 74309
FabOnDisk: SD_1_New_MF_D_00000 77281
FabOnDisk: SD_1_New_MF_D_00000 80253
FabOnDisk: SD_1_New_MF_D_00000 83225
FabOnDisk: SD_1_New_MF_D_00000 86197
FabOnDisk: SD_1_New_MF_D_00000 89169
FabOnDisk: SD_1_New_MF_D_00000 92142
FabOnDisk: SD_1_New_MF_D_00000 95116
FabOnDisk: SD_1_New_MF_D_00000 98088
FabOnDisk: SD_1_New_MF_D_00000 101060
FabOnDisk: SD_1_New_MF_D_00000 104032
FabOnDisk: SD_1_New_MF_D_00000 107004
FabOnDisk: SD_1_New_MF_D_00000 109976
FabOnDisk: SD_1_New_MF_D_00000 112948
FabOnDisk: SD_1_New_MF_D_00000 115921
FabOnDisk: SD_1_New_MF_D_00000 118895
FabOnDisk: SD_1_New_MF_D_00000 121867
FabOnDisk: SD_1_New_MF_D_00000 124839
FabOnDisk: SD_1_New_MF_D_00000 127811
FabOnDisk: SD_1_New_MF_D_00000 130783
FabOnDisk: SD_1_New_MF_D_00000 133755
FabOnDisk: SD_1_New_MF_D_00000 136727
FabOnDisk: SD_1_New_MF_D_00000 139700
FabOnDisk: SD_1_New_MF_D_00000 142674
FabOnDisk: SD_1_New_MF_D_00000 145647
FabOnDisk: SD_1_New_MF_D_00000 148620
FabOnDisk: SD_1_New_MF_D_00000 151593
FabOnDisk: SD_1_New_MF_D_00000 154566
FabOnDisk: SD_1_New_MF_D_00000 157539
FabOnDisk: SD_1_New_MF_D_00000 160512
FabOnDisk: SD_1_New_MF_D_00000 163486
FabOnDisk: SD_1_New_MF_D_00000 166461
FabOnDisk: SD_1_New_MF_D_00000 169435
FabOnDisk: SD_1_New_MF_D_00000 172409
FabOnDisk: SD_1_New_MF_D_00000 175383
FabOnDisk: SD_1_New_MF_D_00000 178357
FabOnDisk: SD_1_New_MF_D_00000 181331
FabOnDisk: SD_1_New_MF_D_00000 184305
FabOnDisk: SD_1_New_MF_D_00000 187280

64,1
-1.4983476315058957e-02,
-2.1246231771748361e-02,
-2.1651331063627380e-02,
-1.9022306425709287e-02,
-1.1812231031161698e-02,
-6.7288200453167564e-03,
-3.3117978934499794e-03,
-1.3081939655818400e-03,
-1.4377744724443394e-02,
-3.8192443019955238e-02,
-3.9040623811768094e-02,
-2.6451631614439846e-02,
-1.1540822619626296e-02,
-5.7350520923957569e-03,
-2.5865267117346573e-03,
-9.7838407687566827e-04,
-1.0814745783978797e-02,
-1.4413200301454887e-01,
-1.4592630618276226e-01,
-3.1462268752248265e-02,
-8.2228496258638303e-03,
-1.9042155982573453e-03,
-4.0994482059778962e-04,
-8.3936740697666400e-05,
1.8065815102936124e-02,
-1.0109745366311160e+00,
-1.0613368265832637e+00,
-2.6105468652627712e-02,
5.5510826407494888e-03,
2.5528495012567174e-03,
9.6817842451756540e-04,
0.0000000000000000e+00,
1.8094175886155729e-02,
-1.0113183999540167e+00,
-1.0619601467828770e+00,
-2.6096806417098217e-02,
5.5534694800974697e-03,
2.5542252983893335e-03,
9.6880860449456490e-04,
0.0000000000000000e+00,
-1.0794566943355123e-02,
-1.4411483109106063e-01,
-1.4590880772148040e-01,
-3.1451257923694201e-02,
-8.2157723513109088e-03,
-1.8999144261009943e-03,
-4.0744969090744215e-04,
-8.2787187247107731e-05,
-1.4360122798791118e-02,
-3.8175324409543153e-02,
-3.9024400244430379e-02,
-2.6439892412804790e-02,
-1.1532606067541796e-02,
-5.7297047943749560e-03,
-2.5833446042848912e-03,
-9.7690359965010962e-04,
-1.4966582568159864e-02,
-2.1230923429772657e-02,
-2.1636834979910233e-02,
-1.9010519153025797e-02,
-1.1803756402618855e-02,
-6.7231618988146400e-03,
-3.3083912105439858e-03,
-1.3066016392625107e-03,

64,1
-9.4206167250218530e-03,
-1.4377744724443394e-02,
-1.6883591914099355e-02,
-1.1540822619626296e-02,
-5.7350520923957569e-03,
-2.5865267117346573e-03,
-9.7838407687566827e-04,
0.0000000000000000e+00,
7.1156594253578027e-03,
-1.0814745783978797e-02,
-1.9022306425709287e-02,
-8.2228496258638303e-03,
-1.9042155982573453e-03,
-4.0994482059778962e-04,
-8.3936740697666400e-05,
0.0000000000000000e+00,
6.2493908988616224e-02,
1.8065815102936124e-02,
-2.6105468652627712e-02,
8.8657610757886963e-03,
8.8657610757886963e-03,
5.5510826407494888e-03,
2.5528495012567174e-03,
9.6817842451756540e-04,
3.1820058643710009e-01,
6.1117833419766043e-01,
2.1181186153508619e-01,
1.6840038405579419e-01,
3.3094090631604740e-02,
1.0632851657776795e-02,
4.0834867500452688e-03,
1.4566242401740754e-03,
3.1820058643710009e-01,
6.1117833419766043e-01,
2.1181186153508619e-01,
1.6840038405579419e-01,
3.3094090631604740e-02,
1.0632851657776795e-02,
4.0834867500452688e-03,
1.4566242401740754e-03,
6.2513457025364566e-02,
1.8094175886155729e-02,
-2.6096806417098217e-02,
8.8696440287348490e-03,
8.8696440287348490e-03,
5.5534694800974697e-03,
2.5542252983893335e-03,
9.6880860449456490e-04,
7.1358251333941873e-03,
-1.0794566943355123e-02,
-1.9010519153025797e-02,
-8.2157723513109088e-03,
-1.8999144261009943e-03,
-4.0744969090744215e-04,
-8.2787187247107731e-05,
0.0000000000000000e+00,
-9.4022987072437374e-03,
-1.4360122798791118e-02,
-1.6871866251912254e-02,
-1.1532606067541796e-02,
-5.7297047943749560e-03,
-2.5833446042848912e-03,
-9.7690359965010962e-04,
0.0000000000000000e+00,

