1
1
2
4
(64 0
((0,0) (15,15) (0,0))
((16,0) (31,15) (0,0))
((32,0) (47,15) (0,0))
((48,0) (63,15) (0,0))
((64,0) (79,15) (0,0))
((80,0) (95,15) (0,0))
((96,0) (111,15) (0,0))
((112,0) (127,15) (0,0))
((0,16) (15,31) (0,0))
((16,16) (31,31) (0,0))
((32,16) (47,31) (0,0))
((48,16) (63,31) (0,0))
((64,16) (79,31) (0,0))
((80,16) (95,31) (0,0))
((96,16) (111,31) (0,0))
((112,16) (127,31) (0,0))
((0,32) (15,47) (0,0))
((16,32) (31,47) (0,0))
((32,32) (47,47) (0,0))
((48,32) (63,47) (0,0))
((64,32) (79,47) (0,0))
((80,32) (95,47) (0,0))
((96,32) (111,47) (0,0))
((112,32) (127,47) (0,0))
((0,48) (15,63) (0,0))
((16,48) (31,63) (0,0))
((32,48) (47,63) (0,0))
((48,48) (63,63) (0,0))
((64,48) (79,63) (0,0))
((80,48) (95,63) (0,0))
((96,48) (111,63) (0,0))
((112,48) (127,63) (0,0))
((0,64) (15,79) (0,0))
((16,64) (31,79) (0,0))
((32,64) (47,79) (0,0))
((48,64) (63,79) (0,0))
((64,64) (79,79) (0,0))
((80,64) (95,79) (0,0))
((96,64) (111,79) (0,0))
((112,64) (127,79) (0,0))
((0,80) (15,95) (0,0))
((16,80) (31,95) (0,0))
((32,80) (47,95) (0,0))
((48,80) (63,95) (0,0))
((64,80) (79,95) (0,0))
((80,80) (95,95) (0,0))
((96,80) (111,95) (0,0))
((112,80) (127,95) (0,0))
((0,96) (15,111) (0,0))
((16,96) (31,111) (0,0))
((32,96) (47,111) (0,0))
((48,96) (63,111) (0,0))
((64,96) (79,111) (0,0))
((80,96) (95,111) (0,0))
((96,96) (111,111) (0,0))
((112,96) (127,111) (0,0))
((0,112) (15,127) (0,0))
((16,112) (31,127) (0,0))
((32,112) (47,127) (0,0))
((48,112) (63,127) (0,0))
((64,112) (79,127) (0,0))
((80,112) (95,127) (0,0))
((96,112) (111,127) (0,0))
((112,112) (127,127) (0,0))
)
64
FabOnDisk: SD_2_Old_MF_D_00000 0
FabOnDisk: SD_2_Old_MF_D_00000 9300
FabOnDisk: SD_2_Old_MF_D_00000 18600
FabOnDisk: SD_2_Old_MF_D_00000 27900
FabOnDisk: SD_2_Old_MF_D_00000 37200
FabOnDisk: SD_2_Old_MF_D_00000 46500
FabOnDisk: SD_2_Old_MF_D_00000 55800
FabOnDisk: SD_2_Old_MF_D_00000 65101
FabOnDisk: SD_2_Old_MF_D_00000 74403
FabOnDisk: SD_2_Old_MF_D_00000 83703
FabOnDisk: SD_2_Old_MF_D_00000 93003
FabOnDisk: SD_2_Old_MF_D_00000 102303
FabOnDisk: SD_2_Old_MF_D_00000 111603
FabOnDisk: SD_2_Old_MF_D_00000 120903
FabOnDisk: SD_2_Old_MF_D_00000 130203
FabOnDisk: SD_2_Old_MF_D_00000 139504
FabOnDisk: SD_2_Old_MF_D_00000 148806
FabOnDisk: SD_2_Old_MF_D_00000 158106
FabOnDisk: SD_2_Old_MF_D_00000 167406
FabOnDisk: SD_2_Old_MF_D_00000 176706
FabOnDisk: SD_2_Old_MF_D_00000 186006
FabOnDisk: SD_2_Old_MF_D_00000 195306
FabOnDisk: SD_2_Old_MF_D_00000 204606
FabOnDisk: SD_2_Old_MF_D_00000 213907
FabOnDisk: SD_2_Old_MF_D_00000 223209
FabOnDisk: SD_2_Old_MF_D_00000 232509
FabOnDisk: SD_2_Old_MF_D_00000 241809
FabOnDisk: SD_2_Old_MF_D_00000 251109
FabOnDisk: SD_2_Old_MF_D_00000 260409
FabOnDisk: SD_2_Old_MF_D_00000 269709
FabOnDisk: SD_2_Old_MF_D_00000 279009
FabOnDisk: SD_2_Old_MF_D_00000 288310
FabOnDisk: SD_2_Old_MF_D_00000 297612
FabOnDisk: SD_2_Old_MF_D_00000 306912
FabOnDisk: SD_2_Old_MF_D_00000 316212
FabOnDisk: SD_2_Old_MF_D_00000 325512
FabOnDisk: SD_2_Old_MF_D_00000 334812
FabOnDisk: SD_2_Old_MF_D_00000 344112
FabOnDisk: SD_2_Old_MF_D_00000 353412
FabOnDisk: SD_2_Old_MF_D_00000 362713
FabOnDisk: SD_2_Old_MF_D_00000 372015
FabOnDisk: SD_2_Old_MF_D_00000 381315
FabOnDisk: SD_2_Old_MF_D_00000 390615
FabOnDisk: SD_2_Old_MF_D_00000 399915
FabOnDisk: SD_2_Old_MF_D_00000 409215
FabOnDisk: SD_2_Old_MF_D_00000 418515
FabOnDisk: SD_2_Old_MF_D_00000 427815
FabOnDisk: SD_2_Old_MF_D_00000 437116
FabOnDisk: SD_2_Old_MF_D_00000 446418
FabOnDisk: SD_2_Old_MF_D_00000 455719
FabOnDisk: SD_2_Old_MF_D_00000 465020
FabOnDisk: SD_2_Old_MF_D_00000 474321
FabOnDisk: SD_2_Old_MF_D_00000 483622
FabOnDisk: SD_2_Old_MF_D_00000 492923
FabOnDisk: SD_2_Old_MF_D_00000 502224
FabOnDisk: SD_2_Old_MF_D_00000 511526
FabOnDisk: SD_2_Old_MF_D_00000 520829
FabOnDisk: SD_2_Old_MF_D_00000 530131
FabOnDisk: SD_2_Old_MF_D_00000 539433
FabOnDisk: SD_2_Old_MF_D_00000 548735
FabOnDisk: SD_2_Old_MF_D_00000 558037
FabOnDisk: SD_2_Old_MF_D_00000 567339
FabOnDisk: SD_2_Old_MF_D_00000 576641
FabOnDisk: SD_2_Old_MF_D_00000 585944

64,2
-7.9576149967344323e-01,3.9351595972350432e-03,
-8.1954396556326603e-01,-6.5734875790754888e-01,
-2.6118052810233316e-01,-7.1044158269242264e-01,
3.9220799698128322e-01,-4.1365088327961291e-01,
4.3423953174204255e-01,1.0126684794934792e-03,
2.2494956424257392e-01,4.5270852522649079e-03,
1.2114743672586892e-01,2.1561086094324276e-03,
7.2886746953273338e-02,5.1510149436806808e-05,
-3.0540698007446379e+00,1.8201528162419076e-01,
-3.2620287076108778e+00,-3.1762546226657444e+00,
-7.2356921756767367e-01,-3.2695454641964812e+00,
6.7832208383821180e-01,-8.8509810553891299e-01,
3.1087177464445287e-01,1.0548714233232853e-01,
7.3197954731895040e-02,1.5295483292449999e-01,
1.8746933420536210e-02,6.8444140406448140e-02,
6.7820227897849739e-03,1.5970946353872828e-03,
-1.1703454363905495e+01,9.4490067193232274e-01,
-1.9252746250849757e+01,-2.4724003491141726e+01,
-2.7648353084839004e+00,-2.5204254571200781e+01,
2.1867511817110383e-01,-8.8607513451558206e-01,
-3.7779605695912866e-01,5.9968184412676251e-01,
-3.5528136151046585e-01,2.8299111864206222e-01,
-2.0030204247362901e-01,9.4417404095325091e-02,
-1.1044004170876687e-01,1.9810858718535716e-03,
-1.5062768981944080e+01,6.3813132464223132e-01,
-5.1012852468782143e+02,-2.1380343895004845e+02,
-9.0253509364583863e+01,-2.4616906821840843e+02,
-2.7152749963892365e+01,3.1535152158389207e-01,
-4.1614045867336928e+00,3.8416068173758061e-02,
-1.0370028229236421e+00,1.1143680644380378e-02,
-3.7049232754611527e-01,3.4555502947744648e-03,
-1.7562232190944996e-01,7.0817944033967816e-05,
-1.5060812780860271e+01,-4.8956040379956676e+01,
-5.1004092423854371e+02,-4.5943988926514567e+02,
-9.0542848917840942e+01,-1.0584889030333714e+02,
-2.7143927258039277e+01,-3.1315970093781200e+01,
-4.1616021497477611e+00,-2.9995054392183262e+00,
-1.0369895778814049e+00,-7.7512449778819714e-01,
-3.7049333172566351e-01,-2.5621503718485328e-01,
-1.7562339816334938e-01,-8.3592616763429536e-02,
-1.1702627723753887e+01,-9.4108643254696425e+00,
-1.9253123626565930e+01,-6.8565680547175862e+00,
-2.7636734004217662e+00,-2.8168454834712247e+00,
2.1860493374403731e-01,-4.9008496184794081e+00,
-3.7785591665295604e-01,-2.6494437558653057e+00,
-3.5533668777401495e-01,-7.9464346584403789e-01,
-2.0034455003611434e-01,-2.9583162163714538e-01,
-1.1047456236964517e-01,-1.0557398284435174e-01,
-3.0540310994629238e+00,-2.8833368661023537e+00,
-3.2620318995216615e+00,-5.6794182352855382e-01,
-7.2366122884271655e-01,4.8682658861946104e-01,
6.7813220470683666e-01,-7.0123437559549695e-01,
3.1075770455643376e-01,-7.4372450782211330e-01,
7.3118897638757979e-02,-5.5157720167543889e-01,
1.8683957443859110e-02,-2.6887663623548097e-01,
6.7237306497963676e-03,-1.0239091654760880e-01,
-7.9580323818837184e-01,-7.0542953252949081e-01,
-8.1959926100166836e-01,-1.0326334603262066e-01,
-2.6130627358135211e-01,1.2951853781609755e-02,
3.9204647698859107e-01,-7.0279451579362121e-02,
4.3410713484063429e-01,-2.0562805582559174e-01,
2.2485065539530746e-01,-2.0422724407582948e-01,
1.2106673962106373e-01,-1.3815883417758337e-01,
7.2811537876819113e-02,-6.0273473318321912e-02,

64,2
-1.7011500230463324e-02,7.0539231662559909e-01,
-1.5898521285112516e-01,1.0320653380857395e-01,
6.0592620890535431e-01,-1.2952463623197488e-02,
7.6124805631091963e-01,7.0305452709266913e-02,
7.0373057067040512e-01,2.0566233887716098e-01,
4.2481520506602943e-01,2.0426017082813350e-01,
2.5343719666440723e-01,1.3818182987888167e-01,
1.5101810968713467e-01,6.0284538406051330e-02,
-3.7048834755860127e-02,2.8833357535425890e+00,
-3.4962335466886363e-01,5.6781418517201554e-01,
2.1988822658200946e+00,-4.8684602002709398e-01,
2.2035579401579968e+00,7.0133754882549115e-01,
1.0746302932388230e+00,7.4382617713465127e-01,
4.2037462832909034e-01,5.5165574005089946e-01,
2.1013550077543686e-01,2.6892362608986659e-01,
1.1297087864494487e-01,1.0241252049515571e-01,
-1.2275985613247486e-01,9.4111159937441862e+00,
-1.1681203417707802e+00,6.8562122896377753e+00,
1.5764000008737003e+01,2.8175574953162794e+00,
9.3695877706897175e+00,4.9017508962199496e+00,
1.1020981188579133e+00,2.6496935274508848e+00,
2.6265840732250129e-01,7.9475653033885074e-01,
5.2915288201369468e-02,2.9588893253118959e-01,
9.5023909823169026e-03,1.0559836312230717e-01,
5.8984961257941478e+01,4.8960583037694654e+01,
1.2938053195254457e+02,4.5942633110643857e+02,
2.5934688439089450e+02,1.0570643090576316e+02,
1.1718092442564316e+01,3.1310817851792116e+01,
-1.2608112002937991e-01,2.9996785046899008e+00,
-2.2689831641985783e-01,7.7524077484417953e-01,
-1.2120075365017796e-01,2.5628003782684039e-01,
-7.2441602604482416e-02,8.3622045433303982e-02,
5.8982552319723915e+01,-6.3722423500393310e-01,
1.2943983369841439e+02,2.1386056922995542e+02,
2.5931413137503017e+02,2.4628677639045597e+02,
1.1717234625169377e+01,-3.1467089289821099e-01,
-1.2612197227127103e-01,-3.8296621529743134e-02,
-2.2693892570554189e-01,-1.1071978204618964e-02,
-1.2123360230303870e-01,-3.4215987659437590e-03,
-7.2471935484266226e-02,-6.9808800701028328e-05,
-1.2275545978774963e-01,-9.4502598989796971e-01,
-1.1682917482339437e+00,2.4724868995715283e+01,
1.5762715595921717e+01,2.5205049870267700e+01,
9.3684946220686971e+00,8.8606092871077247e-01,
1.1019036477182405e+00,-5.9959785437921309e-01,
2.6254972778941993e-01,-2.8292423204914530e-01,
5.2839433268181142e-02,-9.4386308167988694e-02,
9.4415435882799475e-03,-1.9801614219286962e-03,
-3.7049416291287746e-02,-1.8207420791578741e-01,
-3.4975060419476645e-01,3.1760834901492578e+00,
2.1985733157737579e+00,3.2693812583172353e+00,
2.2032422083946432e+00,8.8509962153775534e-01,
1.0744387842318830e+00,-1.0545722808094092e-01,
4.2024648134036524e-01,-1.5292951840695351e-01,
2.1003889234160733e-01,-6.8431596064580380e-02,
1.1289165255244028e-01,-1.5967115283219389e-03,
-1.7012795240538888e-02,-3.9369212412822610e-03,
-1.5910123580557120e-01,6.5728804457314882e-01,
6.0574127024752900e-01,7.1038499010259393e-01,
7.6106399588641582e-01,4.1363604222593586e-01,
7.0356068267826388e-01,-1.0117861026322532e-03,
4.2468532993432551e-01,-4.5263329575228363e-03,
2.5333428722013251e-01,-2.1557261153520506e-03,
1.5093249177524204e-01,-5.1498430226152075e-05,

