1
1
8
0
(2 0
((112,96) (127,111) (0,0))
((0,112) (127,127) (0,0))
)
2
FabOnDisk: Cell_D_00000 0
FabOnDisk: Cell_D_00000 16471

2,8
-2.4806925133599103e-01,-6.5357597640550946e-01,9.9958637070190370e-01,0.0000000000000000e+00,-3.8229562449425480e-01,-6.9548859186421208e-01,1.6267980257248027e-01,-7.5463365199510496e-02,
-7.9191788733907684e-02,-6.7585937675217111e-01,9.9998028416372919e-01,0.0000000000000000e+00,-1.4639916213420938e+00,-1.1275696644132450e+01,5.3467689209174551e-04,-1.9806449078496402e-01,

2,8
8.2682590982271709e-02,-2.7167580003161038e-02,1.0004713499833346e+00,0.0000000000000000e+00,1.0204307749488384e+00,7.4167169093144469e-01,2.7456191333295536e+01,3.7482421636050424e-03,
9.4362340897877639e-01,2.0784183914008111e-01,1.0007630955510400e+00,0.0000000000000000e+00,6.2091182653568737e+01,3.5291639348573561e+01,7.5669672267145202e+01,9.3860532084377413e-01,

