1
1
8
0
(4 0
((0,0) (31,31) (0,0))
((32,0) (63,31) (0,0))
((0,32) (31,63) (0,0))
((32,32) (63,63) (0,0))
)
4
FabOnDisk: Cell_D_00000 0
FabOnDisk: Cell_D_00001 0
FabOnDisk: Cell_D_00002 0
FabOnDisk: Cell_D_00003 0

4,8
-4.1344611720043681e-02,-2.1652252344152332e-06,9.9999999999977363e-01,0.0000000000000000e+00,-1.5099563991406335e-03,-1.6072707258299110e-02,5.1326278394103753e-07,1.9512792126257846e-03,
-5.4098047844592080e-02,-5.3998168618904191e-02,9.9999999999856592e-01,0.0000000000000000e+00,-8.9258361817712937e-03,-1.6110707429440305e-02,1.5918247969065602e-06,3.5860949734802658e-03,
-6.9227735971052667e-02,1.1767897690059220e-03,9.9999999999940570e-01,0.0000000000000000e+00,-4.0319793860293093e-02,-2.4219980460711859e+00,1.1923204850439184e-05,-7.8948171934262706e-02,
-3.4616874116176410e-01,-6.6037980661117435e-01,9.9972920992139169e-01,0.0000000000000000e+00,-7.4983577623042175e-01,-1.1082940494851676e+00,7.6296162574429616e-06,-8.8447887975826769e-02,

4,8
2.1656094480749510e-06,3.1100534244676958e-02,1.0000000000012474e+00,0.0000000000000000e+00,1.1545590355894473e-02,6.7339052614471184e-04,4.6695271204271455e-01,5.5011190110026247e-03,
2.1138578305347504e-06,1.2516634434744102e-02,1.0000000000027374e+00,0.0000000000000000e+00,2.5631202411956711e-02,1.2364098615355847e-02,6.8343853631068929e-01,9.5653620444080371e-03,
8.3503413866347476e-01,1.6263502273131275e-01,1.0000000000010880e+00,0.0000000000000000e+00,7.1744230980425128e+00,6.4903297933362558e-01,3.7179139587477053e+01,3.1324180608393779e-03,
8.8479738334104852e-01,1.6874986303066486e-01,1.0006631724471675e+00,0.0000000000000000e+00,2.2263224586456207e+01,1.5087207975535646e+01,3.3997426192108215e+01,6.2035924142538768e-01,

