1
1
1
1
(64 0
((0,0) (16,16) (1,1))
((16,0) (32,16) (1,1))
((32,0) (48,16) (1,1))
((48,0) (64,16) (1,1))
((64,0) (80,16) (1,1))
((80,0) (96,16) (1,1))
((96,0) (112,16) (1,1))
((112,0) (128,16) (1,1))
((0,16) (16,32) (1,1))
((16,16) (32,32) (1,1))
((32,16) (48,32) (1,1))
((48,16) (64,32) (1,1))
((64,16) (80,32) (1,1))
((80,16) (96,32) (1,1))
((96,16) (112,32) (1,1))
((112,16) (128,32) (1,1))
((0,32) (16,48) (1,1))
((16,32) (32,48) (1,1))
((32,32) (48,48) (1,1))
((48,32) (64,48) (1,1))
((64,32) (80,48) (1,1))
((80,32) (96,48) (1,1))
((96,32) (112,48) (1,1))
((112,32) (128,48) (1,1))
((0,48) (16,64) (1,1))
((16,48) (32,64) (1,1))
((32,48) (48,64) (1,1))
((48,48) (64,64) (1,1))
((64,48) (80,64) (1,1))
((80,48) (96,64) (1,1))
((96,48) (112,64) (1,1))
((112,48) (128,64) (1,1))
((0,64) (16,80) (1,1))
((16,64) (32,80) (1,1))
((32,64) (48,80) (1,1))
((48,64) (64,80) (1,1))
((64,64) (80,80) (1,1))
((80,64) (96,80) (1,1))
((96,64) (112,80) (1,1))
((112,64) (128,80) (1,1))
((0,80) (16,96) (1,1))
((16,80) (32,96) (1,1))
((32,80) (48,96) (1,1))
((48,80) (64,96) (1,1))
((64,80) (80,96) (1,1))
((80,80) (96,96) (1,1))
((96,80) (112,96) (1,1))
((112,80) (128,96) (1,1))
((0,96) (16,112) (1,1))
((16,96) (32,112) (1,1))
((32,96) (48,112) (1,1))
((48,96) (64,112) (1,1))
((64,96) (80,112) (1,1))
((80,96) (96,112) (1,1))
((96,96) (112,112) (1,1))
((112,96) (128,112) (1,1))
((0,112) (16,128) (1,1))
((16,112) (32,128) (1,1))
((32,112) (48,128) (1,1))
((48,112) (64,128) (1,1))
((64,112) (80,128) (1,1))
((80,112) (96,128) (1,1))
((96,112) (112,128) (1,1))
((112,112) (128,128) (1,1))
)
64
FabOnDisk: SD_1_New_MF_D_00002 0
FabOnDisk: SD_1_New_MF_D_00002 2972
FabOnDisk: SD_1_New_MF_D_00002 5944
FabOnDisk: SD_1_New_MF_D_00002 8916
FabOnDisk: SD_1_New_MF_D_00003 0
FabOnDisk: SD_1_New_MF_D_00003 2972
FabOnDisk: SD_1_New_MF_D_00003 5944
FabOnDisk: SD_1_New_MF_D_00003 8917
FabOnDisk: SD_1_New_MF_D_00002 11888
FabOnDisk: SD_1_New_MF_D_00002 14860
FabOnDisk: SD_1_New_MF_D_00002 17832
FabOnDisk: SD_1_New_MF_D_00002 20804
FabOnDisk: SD_1_New_MF_D_00003 11891
FabOnDisk: SD_1_New_MF_D_00003 14863
FabOnDisk: SD_1_New_MF_D_00003 17835
FabOnDisk: SD_1_New_MF_D_00003 20808
FabOnDisk: SD_1_New_MF_D_00002 23776
FabOnDisk: SD_1_New_MF_D_00002 26748
FabOnDisk: SD_1_New_MF_D_00002 29720
FabOnDisk: SD_1_New_MF_D_00002 32692
FabOnDisk: SD_1_New_MF_D_00003 23782
FabOnDisk: SD_1_New_MF_D_00003 26754
FabOnDisk: SD_1_New_MF_D_00003 29726
FabOnDisk: SD_1_New_MF_D_00003 32699
FabOnDisk: SD_1_New_MF_D_00002 35664
FabOnDisk: SD_1_New_MF_D_00002 38636
FabOnDisk: SD_1_New_MF_D_00002 41608
FabOnDisk: SD_1_New_MF_D_00002 44580
FabOnDisk: SD_1_New_MF_D_00003 35673
FabOnDisk: SD_1_New_MF_D_00003 38645
FabOnDisk: SD_1_New_MF_D_00003 41617
FabOnDisk: SD_1_New_MF_D_00003 44590
FabOnDisk: SD_1_New_MF_D_00000 0
FabOnDisk: SD_1_New_MF_D_00000 2972
FabOnDisk: SD_1_New_MF_D_00000 5944
FabOnDisk: SD_1_New_MF_D_00000 8916
FabOnDisk: SD_1_New_MF_D_00001 0
FabOnDisk: SD_1_New_MF_D_00001 2972
FabOnDisk: SD_1_New_MF_D_00001 5944
FabOnDisk: SD_1_New_MF_D_00001 8917
FabOnDisk: SD_1_New_MF_D_00000 11888
FabOnDisk: SD_1_New_MF_D_00000 14860
FabOnDisk: SD_1_New_MF_D_00000 17832
FabOnDisk: SD_1_New_MF_D_00000 20804
FabOnDisk: SD_1_New_MF_D_00001 11891
FabOnDisk: SD_1_New_MF_D_00001 14863
FabOnDisk: SD_1_New_MF_D_00001 17835
FabOnDisk: SD_1_New_MF_D_00001 20808
FabOnDisk: SD_1_New_MF_D_00000 23776
FabOnDisk: SD_1_New_MF_D_00000 26749
FabOnDisk: SD_1_New_MF_D_00000 29722
FabOnDisk: SD_1_New_MF_D_00000 32695
FabOnDisk: SD_1_New_MF_D_00001 23782
FabOnDisk: SD_1_New_MF_D_00001 26755
FabOnDisk: SD_1_New_MF_D_00001 29728
FabOnDisk: SD_1_New_MF_D_00001 32702
FabOnDisk: SD_1_New_MF_D_00000 35668
FabOnDisk: SD_1_New_MF_D_00000 38642
FabOnDisk: SD_1_New_MF_D_00000 41616
FabOnDisk: SD_1_New_MF_D_00000 44590
FabOnDisk: SD_1_New_MF_D_00001 35677
FabOnDisk: SD_1_New_MF_D_00001 38651
FabOnDisk: SD_1_New_MF_D_00001 41625
FabOnDisk: SD_1_New_MF_D_00001 44600

64,1
-5.9655426669290136e+01,
-5.5238365995066033e+01,
-4.4181822085025033e+01,
-3.1302478978662748e+01,
-2.0503278826608494e+01,
-1.2445856486923276e+01,
-6.9714835549502823e+00,
-3.1188367755768240e+00,
-7.2457123099971795e+01,
-6.5374623079207595e+01,
-4.7527736126404761e+01,
-3.0748931307606654e+01,
-1.8914313719808433e+01,
-1.1103165426718533e+01,
-6.1772271406618984e+00,
-2.7665858267422436e+00,
-4.4702625209375674e+02,
-5.3072552962002464e+02,
-4.7654077502342807e+02,
-4.2213940712132626e+02,
-1.2460613790435218e+01,
-6.9787630368941791e+00,
-3.9531025804576529e+00,
-1.8048174135086583e+00,
-7.5310424212870430e+02,
-5.4918342578186039e+03,
-4.7654077502342807e+02,
-6.2050615076323948e+02,
-1.0412906310343715e+00,
-1.0758986386731522e+00,
-9.4666948501253501e-01,
-5.2261720799708655e-01,
-7.5310424212870430e+02,
-5.4918342578186039e+03,
-5.5354972346375689e+02,
-6.3406987426811702e+02,
4.0741685056123060e+00,
1.8003492311061109e+00,
6.7778239111328276e-01,
0.0000000000000000e+00,
-6.4471302507464998e+02,
-5.8077747695632070e+02,
-6.5963476276324809e+02,
-5.0440594354989207e+02,
6.7329678764217533e+00,
3.4844699000143464e+00,
1.4768152330891553e+00,
0.0000000000000000e+00,
-1.3078830060704604e+01,
-1.0151597153521834e+01,
-2.0185568594001779e+00,
3.4726631235553214e+00,
5.2947170178676970e+00,
3.6447982751474228e+00,
1.7957571340372169e+00,
0.0000000000000000e+00,
-6.6250566126609556e+00,
-5.3058362249298625e+00,
-1.1631498929491499e+00,
2.5986378039988267e+00,
4.6642954263625143e+00,
3.4622704064458958e+00,
1.7819399964223521e+00,
0.0000000000000000e+00,

64,1
-5.2229420199527340e+01,
-4.2976421433898395e+01,
-3.0748931307606654e+01,
-1.8914313719808433e+01,
-1.1103165426718533e+01,
-6.1772271406618984e+00,
-2.7665858267422436e+00,
0.0000000000000000e+00,
-5.5238365995066033e+01,
-4.4181822085025033e+01,
-2.8760355119578890e+01,
-1.2460613790435218e+01,
-6.9787630368941791e+00,
-3.9531025804576529e+00,
-1.8048174135086583e+00,
0.0000000000000000e+00,
8.2858515337709832e+01,
8.2858515337709832e+01,
-2.8551888694325044e+01,
2.3036080579513509e+00,
6.5188743030057594e-01,
-9.4666948501253501e-01,
-5.2261720799708655e-01,
0.0000000000000000e+00,
-5.1856272247185188e+01,
0.0000000000000000e+00,
-1.2406988705915728e+02,
9.9560694985343616e+00,
8.5067148140578865e+00,
4.0741685056123060e+00,
1.8003492311061109e+00,
6.7778239111328276e-01,
-4.2820367657681936e+02,
0.0000000000000000e+00,
-2.6425438585322718e+02,
1.7786342765045447e+01,
1.4569370336200336e+01,
6.9260043012077404e+00,
3.4844699000143464e+00,
1.4768152330891553e+00,
3.6171707246821825e+00,
-2.0185568594001779e+00,
7.9750165322075190e+00,
1.8225311433930528e+01,
1.4957025330220404e+01,
7.1942744945740742e+00,
3.9100604323202788e+00,
1.7957571340372169e+00,
-5.3058362249298625e+00,
-1.1631498929491499e+00,
6.9046542513042368e+00,
1.1009832066521540e+01,
1.0444610002804438e+01,
6.7329678764217533e+00,
3.9073361033840683e+00,
1.8248928916790419e+00,
-4.1631992543993874e+00,
-9.5905165145768478e-01,
3.4726631235553214e+00,
5.8292491747906752e+00,
5.9007042635066682e+00,
5.2947170178676970e+00,
3.6447982751474228e+00,
1.8128947209190756e+00,

