1
1
9
0
(9 0
((80,232) (95,247) (0,0))
((96,232) (111,247) (0,0))
((112,232) (119,247) (0,0))
((80,248) (95,263) (0,0))
((96,248) (111,263) (0,0))
((112,248) (119,263) (0,0))
((80,264) (95,279) (0,0))
((96,264) (111,279) (0,0))
((112,264) (119,279) (0,0))
)
9
FabOnDisk: Cell_D_00000 0
FabOnDisk: Cell_D_00002 0
FabOnDisk: Cell_D_00001 0
FabOnDisk: Cell_D_00002 18519
FabOnDisk: Cell_D_00001 9304
FabOnDisk: Cell_D_00001 27823
FabOnDisk: Cell_D_00003 0
FabOnDisk: Cell_D_00003 18518
FabOnDisk: Cell_D_00003 37037

9,9
-2.3490459380648418e-01,-7.6410042465425265e-01,0.0000000000000000e+00,0.0000000000000000e+00,-1.3257423862546566e+03,-6.4687228579260295e+02,0.0000000000000000e+00,-4.1184457381970798e+00,0.0000000000000000e+00,
-1.7533635816746951e-01,-3.6827562879667314e-01,0.0000000000000000e+00,0.0000000000000000e+00,-6.0635318606950023e+02,-6.4446221036610507e+02,0.0000000000000000e+00,-9.5175296852279412e-01,0.0000000000000000e+00,
3.1247911732487382e-01,2.4586674510615072e-01,9.9999999999987055e-01,6.0516311816256111e-13,8.4438240372863405e+01,-2.3684423273939376e+02,1.9982501489401727e-02,-5.3557702237463078e-01,1.0000000000000000e+00,
0.0000000000000000e+00,-6.7183779772216368e-01,0.0000000000000000e+00,0.0000000000000000e+00,-6.0234165611392700e+02,-5.8155334871202001e+02,0.0000000000000000e+00,-3.7800014132029991e-02,0.0000000000000000e+00,
-2.0783755690022715e-01,-4.3690759285260550e-01,0.0000000000000000e+00,0.0000000000000000e+00,-1.2006601462900653e+02,-4.5467163843332474e+02,0.0000000000000000e+00,-5.8122908850029675e-01,0.0000000000000000e+00,
-2.5756674260499379e-01,-5.6447196654410325e-01,9.9999999999922606e-01,6.3511902931688867e-13,8.1809472719019908e+01,-3.8180893234905614e+02,1.1157745035111070e+02,-4.9248344643348496e-01,1.0000000000000000e+00,
-2.3490459380475887e-01,-2.0824774281873187e-01,0.0000000000000000e+00,0.0000000000000000e+00,-1.3257423863096046e+03,-4.7345207258838661e+02,0.0000000000000000e+00,-4.1184457385546160e+00,0.0000000000000000e+00,
-1.7533635816749193e-01,-5.6600009835911558e-01,0.0000000000000000e+00,0.0000000000000000e+00,-6.0635318586134235e+02,-5.7413135072721343e+02,0.0000000000000000e+00,-9.5175296852302638e-01,0.0000000000000000e+00,
3.1247911732485933e-01,-6.6317480941619900e-01,9.9999999999990397e-01,6.0417666724636836e-13,8.4438240372852519e+01,-1.4020889372771313e+02,1.9982501550863674e-02,-5.3557702237469162e-01,1.0000000000000000e+00,

9,9
1.6171768106489506e+00,2.0824774281949276e-01,1.0000000000001017e+00,7.1493821772049331e-13,0.0000000000000000e+00,4.7345207258768795e+02,1.2017698652629988e+04,2.6093573020057337e-01,1.0000000000000000e+00,
1.6260154891311407e+00,5.6600009835917942e-01,1.0000000000001681e+00,6.4252430877473035e-13,3.5243829968289725e+02,5.7413135091745062e+02,4.7544107035204761e+03,4.0541268453142338e+00,1.0000000000000000e+00,
1.2612244149589127e+00,6.6317480941618179e-01,1.0000000000000853e+00,6.6361416693938405e-13,5.7065697074104128e+02,1.4020889372790944e+02,2.4245135796737504e+03,-5.2782005373051284e-02,1.0000000000000000e+00,
5.7680063718244923e-01,6.7183779772228569e-01,1.0000000000001896e+00,6.1921538117664994e-13,1.2905060699925102e+02,5.8155334871205673e+02,2.2716453819153044e+03,6.0524780885632312e-01,1.0000000000000000e+00,
2.2594924241152253e-02,4.3690759285268876e-01,1.0000000000003897e+00,6.9086164560053852e-13,2.4458942681606229e+02,4.5467163843332008e+02,2.2594252992864012e+03,3.2032466534310897e+00,1.0000000000000000e+00,
5.9308507725997361e-01,5.6447196654406073e-01,1.0000000000000822e+00,6.6259543263502004e-13,5.5250637106570525e+02,3.8180893234901828e+02,2.3068704405364506e+03,7.9760894647714659e-02,1.0000000000000000e+00,
1.6171768106489695e+00,7.6410042465428019e-01,1.0000000000001004e+00,7.3052346683674294e-13,0.0000000000000000e+00,6.4687228579262865e+02,1.2017698652627892e+04,2.6093573020043886e-01,1.0000000000000000e+00,
1.6260154891311467e+00,3.6827562879664588e-01,1.0000000000005427e+00,6.3680236351272486e-13,3.5243829968299616e+02,6.4446221036605925e+02,4.7544107035207780e+03,4.0541268441289784e+00,1.0000000000000000e+00,
1.2612244149587784e+00,-2.4586674510619894e-01,1.0000000000000164e+00,6.6714720373049514e-13,5.7065697074108891e+02,2.3684423273938168e+02,2.4245135796736295e+03,-5.2782005373153584e-02,1.0000000000000000e+00,

