NavierStokes-V1.1
8
x_velocity
y_velocity
density
tracer
gradpx
gradpy
mag_vort
avg_pressure
2
0
2
0 0 
1 1 
2 2 
((0,0) (63,63) (0,0)) ((0,0) (127,127) (0,0)) ((0,0) (255,255) (0,0)) 
0 0 0 
0.015625 0.015625 
0.0078125 0.0078125 
0.00390625 0.00390625 
0
0
0 4 0
0
0 0.5
0 0.5
0.5 1
0 0.5
0 0.5
0.5 1
0.5 1
0.5 1
Level_0/Cell
1 4 0
0
0 0.25
0.9375 1
0.25 0.5
0.9375 1
0.5 0.75
0.9375 1
0.75 1
0.9375 1
Level_1/Cell
2 4 0
0
0 0.25
0.96875 1
0.25 0.5
0.96875 1
0.5 0.75
0.96875 1
0.75 1
0.96875 1
Level_2/Cell
