1
1
8
0
(4 0
((0,112) (31,127) (0,0))
((32,112) (63,127) (0,0))
((64,112) (95,127) (0,0))
((96,112) (127,127) (0,0))
)
4
FabOnDisk: Cell_D_00000 0
FabOnDisk: Cell_D_00001 0
FabOnDisk: Cell_D_00002 0
FabOnDisk: Cell_D_00003 0

4,8
-7.6972455383139210e-02,6.0890346261242997e-04,9.9999999999812117e-01,0.0000000000000000e+00,-5.6929720317244914e-01,-1.1237179575794190e+01,4.0458686736410954e-05,-2.1322576589525921e-01,
-6.0216865031827826e-02,7.7468692961744380e-05,9.9999999988701482e-01,0.0000000000000000e+00,3.0998669318100233e-02,-6.9902077259768824e-02,4.0610019667504105e-03,-2.1407488564580905e-02,
-6.6497515690468634e-02,-1.0315695315451652e-02,9.9994622567130198e-01,0.0000000000000000e+00,2.7428652358890686e-02,-2.9397206908744106e-02,2.0852320335807140e-02,-7.3648380434505178e-03,
-2.5754712348769621e-01,-6.0549560958358151e-01,9.9749576996377454e-01,0.0000000000000000e+00,-7.3049330897376941e-01,-1.5371288195819084e+00,3.7103243564759580e-02,-3.0865750180979888e-02,

4,8
8.7363464169840743e-01,2.0804536889620695e-01,1.0000000000064022e+00,0.0000000000000000e+00,3.2310483683812940e+01,2.4047480608535485e+00,7.5642929807419875e+01,-1.6594921132382402e-02,
8.9423358302661882e-01,3.4009827283245642e-02,1.0000000066810666e+00,0.0000000000000000e+00,5.9563572969338972e-02,4.8188181593840002e-02,2.7924686247803720e+01,-5.9840087778952255e-03,
8.9698928076113416e-01,5.0736322114647153e-03,1.0000533141326147e+00,0.0000000000000000e+00,5.4117064288663745e-02,5.4037578314603185e-03,2.4607308005554891e+01,6.1374919553942465e-03,
9.0290961599524455e-01,2.7090125153035237e-02,1.0018074075264745e+00,0.0000000000000000e+00,6.2094387747267724e+01,3.5288290134296211e+01,6.9975169117789108e+01,8.1890236235155367e-01,

