1
1
1
1
(9 0
((80,232) (96,248) (1,1))
((96,232) (112,248) (1,1))
((112,232) (128,248) (1,1))
((80,248) (96,264) (1,1))
((96,248) (112,264) (1,1))
((112,248) (128,264) (1,1))
((80,264) (96,280) (1,1))
((96,264) (112,280) (1,1))
((112,264) (128,280) (1,1))
)
9
FabOnDisk: SD_1_New_MF_D_00000 0
FabOnDisk: SD_1_New_MF_D_00000 2974
FabOnDisk: SD_1_New_MF_D_00000 5949
FabOnDisk: SD_1_New_MF_D_00000 8925
FabOnDisk: SD_1_New_MF_D_00000 11899
FabOnDisk: SD_1_New_MF_D_00000 14874
FabOnDisk: SD_1_New_MF_D_00000 17850
FabOnDisk: SD_1_New_MF_D_00000 20824
FabOnDisk: SD_1_New_MF_D_00000 23799

9,1
-1.1626902291730568e+01,
-6.3162621763187943e+00,
-1.1316616729872486e+00,
-6.9969904727756604e-02,
-7.6822874178466305e-01,
-1.1316616729872486e+00,
-1.1626902289689967e+01,
-6.3162621746798155e+00,
-1.1316616729872155e+00,

9,1
2.3884833226504645e+00,
4.0660748897762184e+00,
-1.4758431157606677e-01,
2.3884833226504645e+00,
4.0660748910827280e+00,
5.3241724290953397e-02,
2.3884833223501896e+00,
4.0660748910827280e+00,
-1.4758431157603530e-01,

