1
1
2
4
(9 0
((80,232) (95,247) (0,0))
((96,232) (111,247) (0,0))
((112,232) (127,247) (0,0))
((80,248) (95,263) (0,0))
((96,248) (111,263) (0,0))
((112,248) (127,263) (0,0))
((80,264) (95,279) (0,0))
((96,264) (111,279) (0,0))
((112,264) (127,279) (0,0))
)
9
FabOnDisk: SD_2_New_MF_D_00000 0
FabOnDisk: SD_2_New_MF_D_00000 9302
FabOnDisk: SD_2_New_MF_D_00000 18605
FabOnDisk: SD_2_New_MF_D_00000 27909
FabOnDisk: SD_2_New_MF_D_00000 37211
FabOnDisk: SD_2_New_MF_D_00000 46514
FabOnDisk: SD_2_New_MF_D_00000 55818
FabOnDisk: SD_2_New_MF_D_00000 65120
FabOnDisk: SD_2_New_MF_D_00000 74423

9,2
-1.1920308072476041e+03,-7.7917566065307017e+02,
-4.7767795275825051e+02,-3.6411616314902739e+02,
-5.6976289917205031e+02,-5.2974656633459426e+02,
-6.1250867307202941e+02,-5.4497797958297008e+02,
-4.5235431261399162e+02,-4.6757535850232244e+02,
-5.5234214942128119e+02,-5.6856909948592215e+02,
-1.1920308071730731e+03,-4.5180278840212856e+02,
-4.7767795275832583e+02,-1.5638471073989058e+02,
-5.6976289917198562e+02,-1.8703144175988911e+02,

9,2
1.0000000000000000e+40,1.0000000000000000e+40,
1.0000000000000000e+40,1.0000000000000000e+40,
9.1589155402639119e+02,1.8703144175986583e+02,
1.0000000000000000e+40,1.0000000000000000e+40,
1.0000000000000000e+40,1.0000000000000000e+40,
9.1429349518707636e+02,5.6856909948597399e+02,
1.0000000000000000e+40,1.0000000000000000e+40,
1.0000000000000000e+40,1.0000000000000000e+40,
9.1589155402662948e+02,5.2974656633465679e+02,

