1
1
9
0
(6 0
((32,112) (47,127) (0,0))
((48,112) (63,127) (0,0))
((64,112) (71,127) (0,0))
((32,128) (47,143) (0,0))
((48,128) (63,143) (0,0))
((64,128) (71,143) (0,0))
)
6
FabOnDisk: Cell_D_00001 0
FabOnDisk: Cell_D_00003 0
FabOnDisk: Cell_D_00003 18518
FabOnDisk: Cell_D_00000 0
FabOnDisk: Cell_D_00002 0
FabOnDisk: Cell_D_00002 18518

6,9
0.0000000000000000e+00,-7.0289627565417900e-01,0.0000000000000000e+00,-3.2190328112356193e-15,-5.6527606531495485e+02,-2.2128221210249760e+02,0.0000000000000000e+00,-3.5806545505897275e-01,0.0000000000000000e+00,
-1.1303135379437099e+00,-5.3137505777580840e-01,0.0000000000000000e+00,-2.7965646096343604e-15,-3.1928098577797601e+02,-2.2560169447579318e+02,0.0000000000000000e+00,-9.8135801109590504e-01,0.0000000000000000e+00,
-1.2095395821992141e+00,-1.2837274938537496e-01,9.9999999999978173e-01,-1.0322608785423653e-16,-1.2109088599998796e+02,-2.5593791547392431e+02,3.6672152038182588e+00,-1.0536250896163515e+00,1.0000000000000000e+00,
0.0000000000000000e+00,0.0000000000000000e+00,0.0000000000000000e+00,-8.4201702841736781e-15,-5.6486517777595202e+02,-4.5888267381013782e+02,0.0000000000000000e+00,-3.5790113289133763e-01,0.0000000000000000e+00,
-1.1304095467474446e+00,-7.7246825956259479e-03,0.0000000000000000e+00,-2.0138716022115777e-15,-3.1922342116031888e+02,-1.7290327806757804e+02,0.0000000000000000e+00,-9.8058791110923194e-01,0.0000000000000000e+00,
-1.2094571860769920e+00,-3.1352455904704973e-01,9.9999999999989464e-01,-4.6423036876827871e-17,-1.2104718084126804e+02,-1.1079483326853072e+02,3.6488753232692943e+00,-1.0528517548597016e+00,1.0000000000000000e+00,

6,9
1.2702144806875002e+00,0.0000000000000000e+00,1.0000000000001403e+00,2.0970344446646849e-15,1.4813204370461324e+02,4.5919879565995615e+02,2.7974655951602790e+03,6.1225515830349075e-01,1.0000000000000000e+00,
1.5696597574948115e+00,7.7368120168418439e-03,1.0000000000010123e+00,1.2311621109592897e-15,1.0061719638712830e+02,1.7297602500468838e+02,1.9711520204946685e+03,0.0000000000000000e+00,1.0000000000000000e+00,
1.5854282611271602e+00,3.1367327800397010e-01,1.0000000000002645e+00,7.1534363104740340e-16,2.4110448378946330e+02,1.1119404663001487e+02,1.2002499131147599e+03,-4.5281234487158939e-01,1.0000000000000000e+00,
1.2701451821312413e+00,7.0289392275069584e-01,1.0000000000001790e+00,2.1542043410839345e-15,1.4803048994728576e+02,2.1997936441371610e+02,2.7979133747103360e+03,6.1227796722129635e-01,1.0000000000000000e+00,
1.5696282905996795e+00,5.3134907388547059e-01,1.0000000000012887e+00,7.8866083288406475e-15,1.0054365845444006e+02,2.2543863744170326e+02,1.9709403320212700e+03,0.0000000000000000e+00,1.0000000000000000e+00,
1.5854285626493350e+00,1.2849752995436106e-01,1.0000000000002338e+00,7.1347774258524877e-16,2.4022933207463180e+02,2.5580158836358771e+02,1.2001174578095861e+03,-4.5293744402430336e-01,1.0000000000000000e+00,

