1
1
4
2
(4 0
((248,224) (255,239) (0,0))
((224,240) (255,255) (0,0))
((0,248) (127,255) (0,0))
((128,248) (223,255) (0,0))
)
4
FabOnDisk: SD_0_Old_MF_D_00003 0
FabOnDisk: SD_0_Old_MF_D_00002 0
FabOnDisk: SD_0_Old_MF_D_00000 0
FabOnDisk: SD_0_Old_MF_D_00001 0

4,4
-1.7211464542971655e-01,-6.2935763890711338e-01,9.9999990551833762e-01,0.0000000000000000e+00,
-7.9994643180559682e-02,-6.4288533153450977e-01,9.9654771932889019e-01,0.0000000000000000e+00,
-8.0801504171537350e-02,3.8554139177597856e-05,9.9999999999825417e-01,0.0000000000000000e+00,
3.7397124619180439e-01,-1.4872804035500639e-06,9.9999602278336253e-01,0.0000000000000000e+00,

4,4
4.0491886832959642e-04,-2.6866487605427296e-02,1.0000000001336533e+00,0.0000000000000000e+00,
9.5914107436999163e-01,2.8699162107662966e-02,1.0034299898020687e+00,0.0000000000000000e+00,
9.5208396464283762e-01,2.4046055939190428e-01,1.0000000000041696e+00,0.0000000000000000e+00,
9.5918040970779705e-01,6.3752815095945246e-03,1.0000409593789006e+00,0.0000000000000000e+00,

