1
1
2
1
(3 0
((248,200) (255,231) (0,0))
((232,232) (255,255) (0,0))
((0,248) (127,255) (0,0))
)
3
FabOnDisk: SD_2_Old_MF_D_00000 0
FabOnDisk: SD_2_Old_MF_D_00000 5528
FabOnDisk: SD_2_Old_MF_D_00000 16432

3,2
-2.3276360574409694e-01,-4.2599129061015439e-01,
-2.2759863333234875e-01,-7.8498647330601301e-02,
-1.7825048860887160e-01,-4.0398587257751153e+01,

3,2
8.4987929973938847e-01,1.8110215493900057e+00,
9.3893803046857272e+01,8.0275666262671706e+01,
5.4568498715833016e+01,2.0713033281696617e+01,

