1
1
8
0
(2 0
((104,104) (127,127) (0,0))
((0,120) (103,127) (0,0))
)
2
FabOnDisk: Cell_D_00000 0
FabOnDisk: Cell_D_00000 36952

2,8
-3.0579608182638762e-01,-6.5375260298717242e-01,9.9801828644607371e-01,0.0000000000000000e+00,-7.6808704653350690e-01,-1.4177932088125855e+00,5.2870780227134873e-02,-6.7090688824823164e-02,
-7.2539305350139832e-02,1.6437210441921265e-04,9.9964596481804024e-01,0.0000000000000000e+00,-3.0837646442523808e-01,-9.5924930501042169e+00,9.8668154107926842e-02,-1.2654750228920059e-01,

2,8
9.3275413678720875e-01,8.5454045860717573e-02,1.0015760607302386e+00,0.0000000000000000e+00,3.4820448492721383e+01,3.0212741675741473e+01,6.6720075434368653e+01,7.5908172851502642e-01,
9.3073450511498079e-01,1.9909246315415899e-01,1.0000229250381103e+00,0.0000000000000000e+00,1.3285964874182728e+01,7.8071024161372842e+00,7.2738743897794521e+01,-7.1194943680102972e-03,

