1
1
8
0
(3 0
((120,88) (127,95) (0,0))
((112,96) (127,111) (0,0))
((0,112) (127,127) (0,0))
)
3
FabOnDisk: Cell_D_00000 0
FabOnDisk: Cell_D_00000 4182
FabOnDisk: Cell_D_00000 20653

3,8
-1.6450269608908880e-01,-5.3233788134342808e-01,9.9999999999014155e-01,0.0000000000000000e+00,-1.3165837592574881e-01,-4.0502859273241848e-01,5.5108566011969096e-01,-2.0495351948422384e-02,
-1.5604646077205842e-01,-6.5713955501901844e-01,9.9993674583486325e-01,0.0000000000000000e+00,-3.2415720636687739e-01,-4.4008668931279649e-01,1.4921014843135261e-01,-6.3045997376588780e-02,
-7.9304564757317453e-02,-6.7299598929582538e-01,9.9999974051324414e-01,0.0000000000000000e+00,-1.4732859371849674e+00,-1.1277032915448679e+01,1.5076930254052101e-03,-1.9713055995370179e-01,

3,8
1.0722446779257468e-04,-1.4693747974087207e-02,9.9999999999995159e-01,0.0000000000000000e+00,8.3631458278108806e-01,-1.0896777011146652e-01,1.2368152076658296e+01,1.6075905559091621e-03,
8.5432316436698325e-02,-4.3423535301430158e-02,1.0002204890672939e+00,0.0000000000000000e+00,7.9277951832404425e-01,8.8191515940342269e-01,2.7687721006645351e+01,1.2583578568529933e-02,
9.4207313412448546e-01,2.0787099461967370e-01,1.0000000005744292e+00,0.0000000000000000e+00,6.2093626661247896e+01,3.5293668415225866e+01,7.5668358601527501e+01,9.4904694860247385e-01,

