1
1
9
0
(64 0
((0,0) (15,15) (0,0))
((16,0) (31,15) (0,0))
((32,0) (47,15) (0,0))
((48,0) (63,15) (0,0))
((64,0) (79,15) (0,0))
((80,0) (95,15) (0,0))
((96,0) (111,15) (0,0))
((112,0) (127,15) (0,0))
((0,16) (15,31) (0,0))
((16,16) (31,31) (0,0))
((32,16) (47,31) (0,0))
((48,16) (63,31) (0,0))
((64,16) (79,31) (0,0))
((80,16) (95,31) (0,0))
((96,16) (111,31) (0,0))
((112,16) (127,31) (0,0))
((0,32) (15,47) (0,0))
((16,32) (31,47) (0,0))
((32,32) (47,47) (0,0))
((48,32) (63,47) (0,0))
((64,32) (79,47) (0,0))
((80,32) (95,47) (0,0))
((96,32) (111,47) (0,0))
((112,32) (127,47) (0,0))
((0,48) (15,63) (0,0))
((16,48) (31,63) (0,0))
((32,48) (47,63) (0,0))
((48,48) (63,63) (0,0))
((64,48) (79,63) (0,0))
((80,48) (95,63) (0,0))
((96,48) (111,63) (0,0))
((112,48) (127,63) (0,0))
((0,64) (15,79) (0,0))
((16,64) (31,79) (0,0))
((32,64) (47,79) (0,0))
((48,64) (63,79) (0,0))
((64,64) (79,79) (0,0))
((80,64) (95,79) (0,0))
((96,64) (111,79) (0,0))
((112,64) (127,79) (0,0))
((0,80) (15,95) (0,0))
((16,80) (31,95) (0,0))
((32,80) (47,95) (0,0))
((48,80) (63,95) (0,0))
((64,80) (79,95) (0,0))
((80,80) (95,95) (0,0))
((96,80) (111,95) (0,0))
((112,80) (127,95) (0,0))
((0,96) (15,111) (0,0))
((16,96) (31,111) (0,0))
((32,96) (47,111) (0,0))
((48,96) (63,111) (0,0))
((64,96) (79,111) (0,0))
((80,96) (95,111) (0,0))
((96,96) (111,111) (0,0))
((112,96) (127,111) (0,0))
((0,112) (15,127) (0,0))
((16,112) (31,127) (0,0))
((32,112) (47,127) (0,0))
((48,112) (63,127) (0,0))
((64,112) (79,127) (0,0))
((80,112) (95,127) (0,0))
((96,112) (111,127) (0,0))
((112,112) (127,127) (0,0))
)
64
FabOnDisk: Cell_D_00000 0
FabOnDisk: Cell_D_00000 18514
FabOnDisk: Cell_D_00000 37029
FabOnDisk: Cell_D_00000 55544
FabOnDisk: Cell_D_00000 74059
FabOnDisk: Cell_D_00000 92574
FabOnDisk: Cell_D_00000 111089
FabOnDisk: Cell_D_00000 129605
FabOnDisk: Cell_D_00000 148122
FabOnDisk: Cell_D_00000 166637
FabOnDisk: Cell_D_00000 185153
FabOnDisk: Cell_D_00000 203669
FabOnDisk: Cell_D_00000 222185
FabOnDisk: Cell_D_00000 240701
FabOnDisk: Cell_D_00000 259217
FabOnDisk: Cell_D_00000 277734
FabOnDisk: Cell_D_00000 296252
FabOnDisk: Cell_D_00000 314767
FabOnDisk: Cell_D_00000 333283
FabOnDisk: Cell_D_00000 351799
FabOnDisk: Cell_D_00000 370315
FabOnDisk: Cell_D_00000 388831
FabOnDisk: Cell_D_00000 407347
FabOnDisk: Cell_D_00000 425864
FabOnDisk: Cell_D_00000 444382
FabOnDisk: Cell_D_00000 462897
FabOnDisk: Cell_D_00000 481413
FabOnDisk: Cell_D_00000 499929
FabOnDisk: Cell_D_00000 518445
FabOnDisk: Cell_D_00000 536961
FabOnDisk: Cell_D_00000 555477
FabOnDisk: Cell_D_00000 573994
FabOnDisk: Cell_D_00000 592512
FabOnDisk: Cell_D_00000 611027
FabOnDisk: Cell_D_00000 629543
FabOnDisk: Cell_D_00000 648059
FabOnDisk: Cell_D_00000 666575
FabOnDisk: Cell_D_00000 685091
FabOnDisk: Cell_D_00000 703607
FabOnDisk: Cell_D_00000 722124
FabOnDisk: Cell_D_00000 740642
FabOnDisk: Cell_D_00000 759157
FabOnDisk: Cell_D_00000 777673
FabOnDisk: Cell_D_00000 796189
FabOnDisk: Cell_D_00000 814705
FabOnDisk: Cell_D_00000 833221
FabOnDisk: Cell_D_00000 851737
FabOnDisk: Cell_D_00000 870254
FabOnDisk: Cell_D_00000 888772
FabOnDisk: Cell_D_00000 907288
FabOnDisk: Cell_D_00000 925805
FabOnDisk: Cell_D_00000 944322
FabOnDisk: Cell_D_00000 962839
FabOnDisk: Cell_D_00000 981356
FabOnDisk: Cell_D_00000 999873
FabOnDisk: Cell_D_00000 1018391
FabOnDisk: Cell_D_00000 1036910
FabOnDisk: Cell_D_00000 1055427
FabOnDisk: Cell_D_00000 1073945
FabOnDisk: Cell_D_00000 1092463
FabOnDisk: Cell_D_00000 1110981
FabOnDisk: Cell_D_00000 1129499
FabOnDisk: Cell_D_00000 1148017
FabOnDisk: Cell_D_00000 1166536

64,9
1.0000034962275455e+00,-5.7890929959310538e-03,9.9999999999998024e-01,8.1448224458486258e-15,-4.8058451140281716e-01,5.4953578515636817e-03,1.8138153153640819e-04,7.1855353628683194e-03,1.0000000000000000e+00,
1.0033714174834758e+00,-4.6971668373716911e-03,9.9999999999998812e-01,3.4402380413801020e-13,-5.1519776564463660e-01,-1.6625200855871075e-01,5.9780264990288989e-05,3.2352667179104972e-03,1.0000000000000000e+00,
1.0054087504584908e+00,-4.5706877638271477e-04,9.9999999999998956e-01,6.8045453736363737e-13,-3.8409095182074032e-01,-1.9517347044448516e-01,7.4584161716692923e-07,7.6597008874320542e-04,1.0000000000000000e+00,
1.0032767861974401e+00,5.2011447125757698e-05,9.9999999999999145e-01,9.8802001717346168e-13,-1.5478506784487384e-01,-1.4875877619309882e-01,4.4224375421496667e-07,1.4731449409878229e-04,1.0000000000000000e+00,
1.0015851615249634e+00,3.9631623730375821e-05,9.9999999999999412e-01,1.2582133387507896e-12,-5.2812151491763368e-02,-5.4396422868642415e-02,7.6322594086647259e-06,3.4758988623765509e-05,1.0000000000000000e+00,
1.0007467191527499e+00,2.1083152413562763e-05,9.9999999999999434e-01,1.4803031633308671e-12,-1.4793625267792744e-02,-1.4802334026944197e-02,4.7977275906448125e-08,1.1694336085264189e-05,1.0000000000000000e+00,
1.0003693500534745e+00,9.4931038986575086e-06,9.9999999999999334e-01,1.6453944990699664e-12,-3.9503341904625049e-03,-3.7216484300693522e-03,1.0556198476051239e-06,4.7402090222160381e-06,1.0000000000000000e+00,
1.0002286301741543e+00,2.3324537567960408e-06,9.9999999999996958e-01,1.7466424900232778e-12,-4.9998490052966917e-03,-9.3284891277149338e-04,3.9513772642069383e-07,1.1152168687388665e-06,1.0000000000000000e+00,
1.0000065071564905e+00,-1.7710552624936159e-02,9.9999999999994271e-01,7.9381954845693225e-15,-1.5771810672914726e+00,1.9681454399863796e-01,2.2249986510382291e-03,8.1601038237267588e-03,1.0000000000000000e+00,
1.0051156069862264e+00,-1.3634662416594794e-02,9.9999999999999400e-01,3.4809668210582003e-13,-1.6023942423608957e+00,-9.2845908359309881e-01,2.3794146327910451e-04,-1.2142343815847389e-03,1.0000000000000000e+00,
1.0060401512070671e+00,-4.3260907557338807e-04,9.9999999999999478e-01,6.8359290142982599e-13,-4.6094395512943354e-01,-9.1776555352236888e-01,2.5848261121785843e-06,-2.2916930392908883e-03,1.0000000000000000e+00,
1.0017169009871141e+00,2.0982719607768353e-03,9.9999999999999523e-01,9.9017786582336745e-13,-1.0534322222565211e-01,-2.8664527066003798e-01,5.2875518748163319e-06,-1.6079583839499049e-03,1.0000000000000000e+00,
1.0004014950239444e+00,1.2809473518433825e-03,9.9999999999999634e-01,1.2596006999435647e-12,-1.6975352596868297e-02,-6.3458583797964749e-02,5.9823544173998044e-07,-4.4718388296415966e-04,1.0000000000000000e+00,
1.0000982086281882e+00,6.5019019071729323e-04,9.9999999999999689e-01,1.4811505304749022e-12,-2.6717200162113741e-03,-1.5541400944927283e-02,1.3045865950023217e-08,-9.8726394561737533e-05,1.0000000000000000e+00,
1.0000277892354059e+00,2.8644151129983268e-04,9.9999999999999623e-01,1.6459030699788501e-12,-7.2096647188114654e-04,-3.8321218949448864e-03,2.2930954183923713e-05,-2.0557623388402971e-05,1.0000000000000000e+00,
1.0000114590488156e+00,6.9875683539337630e-05,9.9999999999999378e-01,1.7469613412864272e-12,-3.3899314331710222e-03,-9.7028725979704327e-04,9.9614211237358807e-08,-3.9528859277921513e-06,1.0000000000000000e+00,
1.0000224011921299e+00,-4.8237710359823979e-02,9.9999999999993938e-01,7.6061021331005877e-15,-8.2394155369979387e+00,4.7902618456205326e-01,6.3493988627372211e-04,1.1406547264729580e-02,1.0000000000000000e+00,
1.0131635310642018e+00,-4.6156262778143803e-02,9.9999999999999334e-01,3.4517895488387290e-13,-9.5602095860785248e+00,-8.8372185766164630e+00,1.2534351476745087e-04,-3.0762486704506417e-02,1.0000000000000000e+00,
9.9830923109735725e-01,2.7206627832875164e-03,9.9999999999999623e-01,6.8500509755079962e-13,-4.1818192004199728e-01,-4.4289763728655993e+00,7.9172326296339524e-05,-2.4448083275249579e-02,1.0000000000000000e+00,
9.9658655963305565e-01,4.5888181703718249e-03,9.9999999999999822e-01,9.9188666569445603e-13,5.7388211937757755e-02,-2.8610691830274088e-01,1.4374519868853852e-05,-3.0151975978453711e-03,1.0000000000000000e+00,
9.9718570195946010e-01,1.9851958907801392e-03,9.9999999999999889e-01,1.2607440559020133e-12,6.6409038221725081e-03,-3.5979370997422072e-02,9.7794854166111111e-06,-5.3030271630509452e-04,1.0000000000000000e+00,
9.9857039144956916e-01,7.9628278593412360e-04,9.9999999999999889e-01,1.4818066095520939e-12,1.3450708457457970e-03,-4.9221375564883294e-03,7.8567594354039816e-05,-1.0713858100732461e-04,1.0000000000000000e+00,
9.9932211505945590e-01,3.1651542544412954e-04,9.9999999999999889e-01,1.6462962861495816e-12,4.3957484328914075e-04,-1.1992734253694847e-03,4.5212215075019629e-05,-2.2793113192862137e-05,1.0000000000000000e+00,
9.9966200285183038e-01,7.4702340290980267e-05,9.9999999999999833e-01,1.7472296600187706e-12,-2.7528456230645464e-04,-4.5771032813923189e-04,1.6383286405036862e-06,-5.3085128113127678e-06,1.0000000000000000e+00,
8.3539104345679593e-01,-1.2348228761748985e-01,9.9999999999994849e-01,7.1247471498461258e-15,-1.5706655749486664e+01,4.7893184434579689e-01,8.1867814366934355e-04,2.3168539706216445e-02,1.0000000000000000e+00,
-1.9682602195153137e-01,-6.8239890180045659e-01,0.0000000000000000e+00,0.0000000000000000e+00,-7.1350660774364360e+02,-4.9418504479682889e+02,0.0000000000000000e+00,-7.3804384129752587e-01,0.0000000000000000e+00,
7.1619408159083653e-01,1.3351392000846595e-03,9.9999999999999833e-01,6.8996251640161855e-13,-3.4912445852930425e+01,-4.9851335170533844e+00,5.6332483494569985e-05,-4.2982397189589384e-02,1.0000000000000000e+00,
9.7625122874216019e-01,2.4253498725365383e-04,9.9999999999999978e-01,9.9538734759504320e-13,-1.1075442867655130e+00,8.6800843280558822e-03,2.2902503307592210e-04,-2.1986748119989935e-03,1.0000000000000000e+00,
9.9337766336847566e-01,7.4925681718762839e-05,9.9999999999999944e-01,1.2623394253110338e-12,-1.1340544819723851e-01,1.1298175143178361e-03,2.7683693598525971e-05,-1.7932597784678985e-04,1.0000000000000000e+00,
9.9751125907238847e-01,2.8289414890713534e-05,9.9999999999999989e-01,1.4825919436931771e-12,-1.6473361981439602e-02,1.7723613607785764e-04,5.8457682079374575e-06,-3.0217808661009170e-05,1.0000000000000000e+00,
9.9893965001988350e-01,1.0971774871297271e-05,1.0000000000000000e+00,1.6467441933969164e-12,-2.4229973894890856e-03,2.5269752585983622e-05,1.8131277921149751e-06,-1.0075887435393995e-05,1.0000000000000000e+00,
9.9949451798741107e-01,2.5696293758320505e-06,9.9999999999999956e-01,1.7475495261588000e-12,-7.8368747558004185e-04,-1.3361159354183252e-04,2.3142552980172154e-07,-4.2494534140769431e-06,1.0000000000000000e+00,
8.3539104345679438e-01,1.4813303622026550e-04,9.9999999999992784e-01,7.1099528881782770e-15,-1.5706655749481349e+01,-4.7154075739631665e+01,8.1867814593003518e-04,2.3168539706209634e-02,1.0000000000000000e+00,
-1.9682602195157550e-01,-5.7844594848942799e-01,0.0000000000000000e+00,0.0000000000000000e+00,-7.1350660774365747e+02,-5.6716938999707816e+02,0.0000000000000000e+00,-7.3804384129750988e-01,0.0000000000000000e+00,
7.1619408159084519e-01,-1.9555698458733420e-01,9.9999999999985623e-01,6.9009879543603215e-13,-3.4912445852930212e+01,-4.9926060109742679e+01,5.6332483558407809e-05,-4.2982397189585450e-02,1.0000000000000000e+00,
9.7625122874216363e-01,-1.7163613286913813e-02,9.9999999999999378e-01,9.9558609908790147e-13,-1.1075442867655219e+00,-9.9484156292033021e-01,2.2902503348169560e-04,-2.1986748119928305e-03,1.0000000000000000e+00,
9.9337766336847555e-01,-5.0061744543232487e-03,9.9999999999999623e-01,1.2625893127793178e-12,-1.1340544819503860e-01,-1.0843555828504699e-01,2.7683692562093746e-05,-1.7932597784463757e-04,1.0000000000000000e+00,
9.9751125907238880e-01,-1.8016688093777282e-03,9.9999999999999711e-01,1.4828842420057722e-12,-1.6473361978899856e-02,-1.6947578610233861e-02,5.8457682447352792e-06,-3.0217808659696828e-05,1.0000000000000000e+00,
9.9893965001988383e-01,-7.2054676655133984e-04,9.9999999999999922e-01,1.6470416422613808e-12,-2.4229973900320566e-03,-2.7878019083343499e-03,1.8131282019461068e-06,-1.0075887434876657e-05,1.0000000000000000e+00,
9.9949451798741140e-01,-2.8367399362771783e-04,1.0000000000000000e+00,1.7477941360666801e-12,-7.8368747580478243e-04,-3.5816927359334067e-04,2.3142600296516790e-07,-4.2494534108024849e-06,1.0000000000000000e+00,
1.0000224011921302e+00,5.5136681571845542e-04,9.9999999999995437e-01,7.3016974026363100e-15,-8.2394155369942030e+00,-5.5998962216036139e+00,6.3493988767815424e-04,1.1406547264722317e-02,1.0000000000000000e+00,
1.0131635310642009e+00,-2.9124442926713533e-02,9.9999999999998246e-01,3.4476081450378667e-13,-9.5602095860798340e+00,-1.6979013917565620e+00,1.2534351524762233e-04,-3.0762486704505300e-02,1.0000000000000000e+00,
9.9830923109735414e-01,-3.3651149585328777e-02,9.9999999999999034e-01,6.8526736762128294e-13,-4.1818192004381910e-01,-4.1072423642934447e-01,7.9172324914805747e-05,-2.4448083275248129e-02,1.0000000000000000e+00,
9.9658655963305398e-01,-1.6313376105002306e-02,9.9999999999999767e-01,9.9225586944570463e-13,5.7388211938815714e-02,-3.8858591142533860e-01,1.4374518538667891e-05,-3.0151975978384695e-03,1.0000000000000000e+00,
9.9718570195945777e-01,-5.3095430907285157e-03,9.9999999999999778e-01,1.2612151109795449e-12,6.6409038219127584e-03,-9.0435244161484851e-02,9.7794883833351998e-06,-5.3030271629982877e-04,1.0000000000000000e+00,
9.9857039144956872e-01,-2.1779075323228414e-03,9.9999999999999811e-01,1.4823625736230214e-12,1.3450708451863908e-03,-1.5989564833620462e-02,7.8567593568210081e-05,-1.0713858100081158e-04,1.0000000000000000e+00,
9.9932211505945567e-01,-9.5179233140299708e-04,9.9999999999999878e-01,1.6469111050962387e-12,4.3957484520834638e-04,-2.6736286566138114e-03,4.5212213325204059e-05,-2.2793113187954174e-05,1.0000000000000000e+00,
9.9966200285183016e-01,-3.9201615367274285e-04,1.0000000000000000e+00,1.7478832332150337e-12,-2.7528456185818497e-04,-3.1589581802130224e-04,1.6383271150312295e-06,-5.3085128095607683e-06,1.0000000000000000e+00,
1.0000065071564905e+00,1.4612629000517418e-04,9.9999999999996969e-01,7.2777736907870655e-15,-1.5771810672921289e+00,-1.6709401825695611e+00,2.2249986500431918e-03,8.1601038237116737e-03,1.0000000000000000e+00,
1.0051156069862246e+00,-1.4050890373562728e-03,9.9999999999998768e-01,3.4718867241863169e-13,-1.6023942423634145e+00,-3.1482297570571632e-01,2.3794146234252730e-04,-1.2142343815864202e-03,1.0000000000000000e+00,
1.0060401512070662e+00,-7.0234433926664739e-03,9.9999999999998979e-01,6.8393367522741933e-13,-4.6094395512524639e-01,1.6712684290015811e-01,2.5848311346367281e-06,-2.2916930392860458e-03,1.0000000000000000e+00,
1.0017169009871132e+00,-6.9079402572084121e-03,9.9999999999999234e-01,9.9066166233354110e-13,-1.0534322222735472e-01,4.6979991639254468e-02,5.2875505633653841e-06,-1.6079583839443867e-03,1.0000000000000000e+00,
1.0004014950239442e+00,-4.2590344239870487e-03,9.9999999999999578e-01,1.2602218016996648e-12,-1.6975352596500265e-02,7.0852955603267972e-03,5.9823519957258320e-07,-4.4718388295845026e-04,1.0000000000000000e+00,
1.0000982086281891e+00,-2.0667662674433217e-03,9.9999999999999800e-01,1.4818780790230955e-12,-2.6717200162553250e-03,1.6361390644427330e-03,1.3049419704536103e-08,-9.8726394553416580e-05,1.0000000000000000e+00,
1.0000277892354086e+00,-9.3913288423418009e-04,9.9999999999999889e-01,1.6467160125213480e-12,-7.2096647442136588e-04,5.5758127639804944e-04,2.2930952438618424e-05,-2.0557623382104237e-05,1.0000000000000000e+00,
1.0000114590488145e+00,-3.9028755952893454e-04,1.0000000000000000e+00,1.7478232189145295e-12,-3.3899314343533130e-03,9.1486682475323025e-05,9.9615243007514231e-08,-3.9528859281593096e-06,1.0000000000000000e+00,
1.0000034962275457e+00,3.4957982008310222e-06,9.9999999999986311e-01,7.2198866125610997e-15,-4.8058451140126163e-01,-4.4265169177078645e-01,1.8138152007253147e-04,7.1855353628593379e-03,1.0000000000000000e+00,
1.0033714174834991e+00,3.0316345322799031e-05,9.9999999999990252e-01,3.4609166031924898e-13,-5.1519776564627484e-01,-1.5539788019531725e-01,5.9780254759930762e-05,3.2352667179102730e-03,1.0000000000000000e+00,
1.0054087504584954e+00,-1.9366069410167071e-03,9.9999999999996547e-01,6.8301252932118160e-13,-3.8409095182018199e-01,3.8504582225889648e-03,7.4584302723690668e-07,7.6597008874822550e-04,1.0000000000000000e+00,
1.0032767861974405e+00,-2.1580710101747821e-03,9.9999999999998901e-01,9.8986586882182410e-13,-1.5478506785109425e-01,2.1387999550547682e-03,4.4224330955112967e-07,1.4731449410553487e-04,1.0000000000000000e+00,
1.0015851615249649e+00,-1.9155251061609025e-03,9.9999999999999556e-01,1.2596788839842297e-12,-5.2812151494083852e-02,6.6995862290692874e-04,7.6322608138666356e-06,3.4758988632183424e-05,1.0000000000000000e+00,
1.0007467191527522e+00,-1.1622405575391231e-03,9.9999999999999889e-01,1.4815690231459919e-12,-1.4793625266764423e-02,1.7778675860995673e-04,4.7975617131334330e-08,1.1694336091066912e-05,1.0000000000000000e+00,
1.0003693500534760e+00,-5.8809790810890740e-04,9.9999999999999800e-01,1.6465582645228658e-12,-3.9503341918502360e-03,4.4358410746630045e-05,1.0556204848991609e-06,4.7402090210873972e-06,1.0000000000000000e+00,
1.0002286301741574e+00,-2.5646051081744349e-04,9.9999999999999567e-01,1.7477507558579955e-12,-4.9998490013757873e-03,3.1536059597308233e-06,3.9513957310972816e-07,1.1152168690230995e-06,1.0000000000000000e+00,

64,9
1.0045073730541221e+00,-3.4957982006888727e-06,1.0000000000000415e+00,3.3192576947652813e-13,-1.1594779735642387e-02,4.4265169177100872e-01,2.7858904143120005e+00,1.0709989713313960e-02,1.0000000000000000e+00,
1.0077600809662675e+00,-3.0316345322967679e-05,1.0000000000000537e+00,6.6659280418956226e-13,-3.0570766473041455e-01,1.5539788019725129e-01,1.7348715676358817e-03,7.7370365122995163e-03,1.0000000000000000e+00,
1.0077589043475836e+00,1.9366069410153082e-03,1.0000000000000477e+00,9.7355959090087181e-13,-1.2357873037460780e-01,-3.8504582220423426e-03,1.4485757326788799e-03,3.7015769517451920e-03,1.0000000000000000e+00,
1.0057932824242533e+00,2.1580710101732582e-03,1.0000000000000251e+00,1.2449031038171171e-12,-2.3650298283616873e-02,-2.1387999534892939e-03,2.3519652953805231e-03,1.3873275697548176e-03,1.0000000000000000e+00,
1.0034077968492727e+00,1.9155251061602787e-03,1.0000000000000300e+00,1.4693708514411145e-12,-4.3561573566448936e-03,-6.6995862388756250e-04,2.9518066178586128e-04,4.1603745754410532e-04,1.0000000000000000e+00,
1.0018443162715529e+00,1.1622405575393412e-03,1.0000000000000431e+00,1.6377014897979621e-12,-1.1222105283367036e-03,-1.7778675929768786e-04,2.6604824535907275e-04,1.1425443531235125e-04,1.0000000000000000e+00,
1.0009275862017135e+00,5.8809790810846634e-04,1.0000000000000635e+00,1.7427738619492749e-12,-4.1614523296918467e-04,-4.4358410193327626e-05,1.8067360175979456e-04,3.2175385173143912e-05,1.0000000000000000e+00,
1.0004777451261699e+00,2.5646051081778187e-04,1.0000000000001106e+00,1.7798377237534016e-12,2.9855145113671531e-04,-3.1536073035126799e-06,3.1899507084916755e-03,9.7548955984350521e-06,1.0000000000000000e+00,
1.0114152646285659e+00,-1.4612629000486255e-04,1.0000000000000226e+00,3.2589295386844021e-13,-2.1371126519856287e-02,1.6709401825704933e+00,8.1101167434890034e+00,2.0051667930951630e-02,1.0000000000000000e+00,
1.0168801838946750e+00,1.4050890373556359e-03,1.0000000000000020e+00,6.6470206523809330e-13,-4.0369575110205635e-01,3.1482297570619105e-01,1.2301860033441664e-02,1.0122672658623589e-02,1.0000000000000000e+00,
1.0153824405912917e+00,7.0234433926662171e-03,9.9999999999999967e-01,9.7355538623624241e-13,1.6457684937184516e-01,-1.6712684289848714e-01,1.3568894637091405e-02,2.8794612531487557e-03,1.0000000000000000e+00,
1.0062998832059722e+00,6.9079402572073878e-03,9.9999999999999900e-01,1.2451480781541016e-12,1.5923949466991699e-01,-4.6979991641775569e-02,5.7961743061538118e-03,5.9581249241981936e-04,1.0000000000000000e+00,
1.0030940524596039e+00,4.2590344239877209e-03,9.9999999999999933e-01,1.4695147506909777e-12,6.4771872308335351e-02,-7.0852955585160114e-03,4.1601464950760669e-04,9.8596663934532599e-05,1.0000000000000000e+00,
1.0014664555166066e+00,2.0667662674431829e-03,9.9999999999999944e-01,1.6377848075710301e-12,1.5287246920430281e-02,-1.6361390638406472e-03,1.1920524096292739e-04,2.2801217071381585e-05,1.0000000000000000e+00,
1.0006846269924519e+00,9.3913288423459762e-04,9.9999999999999944e-01,1.7428652008695802e-12,3.2601503695387796e-03,-5.5758127599958985e-04,8.3376843915301813e-05,8.6705357364642040e-06,1.0000000000000000e+00,
1.0003393690692792e+00,3.9028755952955188e-04,1.0000000000000024e+00,1.7799837294197132e-12,7.1096539735762232e-04,-9.1486682037810612e-05,4.7856686166900843e-03,3.8978982420026298e-06,1.0000000000000000e+00,
1.0299478491883454e+00,-5.5136681571830624e-04,1.0000000000000282e+00,3.2547093629211871e-13,-7.2442699520097048e-02,5.5998962216020116e+00,1.6224049984258183e+01,5.2828226567338155e-02,1.0000000000000000e+00,
1.0627352041941718e+00,2.9124442926712263e-02,1.0000000000000069e+00,6.6895729917629226e-13,3.2377742742970437e+00,1.6979013917578774e+00,2.1928568542728261e-01,1.5872094036231351e-02,1.0000000000000000e+00,
1.0373592885256848e+00,3.3651149585329394e-02,1.0000000000000060e+00,9.7709574901201568e-13,3.7864355742708549e+00,4.1072423642822720e-01,1.9424043444207784e-01,-1.9085061153212499e-03,1.0000000000000000e+00,
1.0060610156850407e+00,1.6313376105002393e-02,1.0000000000000040e+00,1.2468144144419296e-12,6.3577063118146104e-01,3.8858591142584520e-01,7.9973770750349504e-03,-2.7121653626820455e-04,1.0000000000000000e+00,
1.0013871394073435e+00,5.3095430907288896e-03,1.0000000000000000e+00,1.4703339028865001e-12,8.8276387885467766e-02,9.0435244161642794e-02,2.2154706347844721e-03,-4.4296415803992661e-05,1.0000000000000000e+00,
1.0002666650913081e+00,2.1779075323232052e-03,1.0000000000000000e+00,1.6382552830559653e-12,1.6809520281927996e-02,1.5989564835120519e-02,4.4651784474793871e-04,-1.2577337606023241e-05,1.0000000000000000e+00,
1.0000420414192481e+00,9.5179233140335313e-04,1.0000000000000000e+00,1.7431867372609966e-12,3.4701686242914571e-03,2.6736286570971509e-03,1.2636684599068304e-04,-4.7198264291237119e-06,1.0000000000000000e+00,
1.0000018177997663e+00,3.9201615367363704e-04,1.0000000000000044e+00,1.7802692614273209e-12,3.4025029132012138e-03,3.1589581687803674e-04,4.7971710337469352e-03,-6.4360563195212301e-08,1.0000000000000000e+00,
1.0309468736810781e+00,-1.4813303622155362e-04,1.0000000000002138e+00,3.2193272702477484e-13,5.5747703834964511e+01,4.7154075739635466e+01,1.6293993527733726e+01,2.4362164308531448e-01,1.0000000000000000e+00,
1.5897541155540096e+00,5.7844594848944220e-01,1.0000000000001510e+00,7.1005954350797025e-13,4.8238275192628743e+02,5.6716938999702518e+02,2.2345039671297059e+03,4.8632196128420546e-01,1.0000000000000000e+00,
1.0424651510288259e+00,1.9555698458734402e-01,1.0000000000001292e+00,9.8061363782908387e-13,2.8032039355483018e+01,4.9926060109746629e+01,5.7136559464111087e+01,9.7269673072728380e-02,1.0000000000000000e+00,
9.9671418028370873e-01,1.7163613286915114e-02,1.0000000000000073e+00,1.2478708526528929e-12,5.9911981364499778e-01,9.9484156292171633e-01,3.9776195639092127e-02,4.7427101250954850e-03,1.0000000000000000e+00,
9.9838687004449700e-01,5.0061744543239946e-03,1.0000000000000031e+00,1.4708274391385602e-12,3.9347165537484165e-02,1.0843555828555466e-01,2.6230620609607458e-03,5.7902754460557285e-04,1.0000000000000000e+00,
9.9924637949114614e-01,1.8016688093784488e-03,1.0000000000000000e+00,1.6385702771341691e-12,4.1260154944590139e-03,1.6947578609218233e-02,4.5292369330388049e-04,8.2204381065771522e-05,1.0000000000000000e+00,
9.9962916145847169e-01,7.2054676655202864e-04,1.0000000000000000e+00,1.7434432193895119e-12,9.2526287332486093e-04,2.7878019086931428e-03,1.2151358447171426e-04,8.1020451618899846e-06,1.0000000000000000e+00,
9.9977100597523183e-01,2.8367399362801425e-04,1.0000000000000047e+00,1.7805087751276356e-12,4.8385212818260002e-03,3.5816927546172058e-04,3.4241458954333698e-03,-1.1140594186907653e-06,1.0000000000000000e+00,
1.0309468736810732e+00,1.2348228761748957e-01,1.0000000000002927e+00,3.2140860311249373e-13,5.5747703834965222e+01,-4.7893184434459718e-01,1.6293993527735296e+01,2.4362164308531453e-01,1.0000000000000000e+00,
1.5897541155540178e+00,6.8239890180043528e-01,1.0000000000005405e+00,7.2482704519966610e-13,4.8238275192622893e+02,4.9418504479681337e+02,2.2345039671297664e+03,4.8632196128420963e-01,1.0000000000000000e+00,
1.0424651510288192e+00,-1.3351392000825507e-03,1.0000000000000762e+00,9.8061781646958469e-13,2.8032039355479764e+01,4.9851335170533932e+00,5.7136559464102632e+01,9.7269673072728324e-02,1.0000000000000000e+00,
9.9671418028370673e-01,-2.4253498725283068e-04,1.0000000000000027e+00,1.2478771676777034e-12,5.9911981364153033e-01,-8.6800843289870384e-03,3.9776195640259249e-02,4.7427101250954165e-03,1.0000000000000000e+00,
9.9838687004449589e-01,-7.4925681717184810e-05,1.0000000000000002e+00,1.4708505609330748e-12,3.9347165539273983e-02,-1.1298175154051608e-03,2.6230620607397420e-03,5.7902754460571065e-04,1.0000000000000000e+00,
9.9924637949114492e-01,-2.8289414889513132e-05,1.0000000000000002e+00,1.6386251976097171e-12,4.1260154937319210e-03,-1.7723613714969990e-04,4.5292369405067895e-04,8.2204381065524310e-05,1.0000000000000000e+00,
9.9962916145847203e-01,-1.0971774870210719e-05,1.0000000000000000e+00,1.7435528461044648e-12,9.2526287238615652e-04,-2.5269752216906295e-05,1.2151358430197157e-04,8.1020451619874290e-06,1.0000000000000000e+00,
9.9977100597523128e-01,-2.5696293762010833e-06,1.0000000000000047e+00,1.7806384793023686e-12,4.8385212816076358e-03,1.3361159488869216e-04,3.4241458963301568e-03,-1.1140594185182063e-06,1.0000000000000000e+00,
1.0299478491883407e+00,4.8237710359821911e-02,1.0000000000002691e+00,3.2438518660226144e-13,-7.2442699517928477e-02,-4.7902618456234797e-01,1.6224049984257277e+01,5.2828226567326018e-02,1.0000000000000000e+00,
1.0627352041941669e+00,4.6156262778143019e-02,9.9999999999999623e-01,6.6910955924087851e-13,3.2377742742962803e+00,8.8372185766189286e+00,2.1928568542838728e-01,1.5872094036226029e-02,1.0000000000000000e+00,
1.0373592885256773e+00,-2.7206627832881136e-03,1.0000000000000022e+00,9.7729874142599746e-13,3.7864355742679576e+00,4.4289763728658897e+00,1.9424043443870276e-01,-1.9085061153182362e-03,1.0000000000000000e+00,
1.0060610156850387e+00,-4.5888181703719498e-03,1.0000000000000000e+00,1.2470787887011120e-12,6.3577063117735455e-01,2.8610691830412660e-01,7.9973770737679084e-03,-2.7121653626633181e-04,1.0000000000000000e+00,
1.0013871394073424e+00,-1.9851958907793404e-03,9.9999999999999944e-01,1.4706452540764089e-12,8.8276387884265783e-02,3.5979370995741076e-02,2.2154706332468133e-03,-4.4296415801406223e-05,1.0000000000000000e+00,
1.0002666650913072e+00,-7.9628278593355667e-04,9.9999999999999978e-01,1.6385977637261765e-12,1.6809520281043946e-02,4.9221375559710618e-03,4.4651784359868441e-04,-1.2577337604546881e-05,1.0000000000000000e+00,
1.0000420414192477e+00,-3.1651542544361937e-04,1.0000000000000000e+00,1.7435610969117403e-12,3.4701686225976128e-03,1.1992734263759513e-03,1.2636684503007992e-04,-4.7198264267659220e-06,1.0000000000000000e+00,
1.0000018177997672e+00,-7.4702340291233415e-05,1.0000000000000042e+00,1.7806690798920390e-12,3.4025029121556006e-03,4.5771032913707584e-04,4.7971710336201599e-03,-6.4360562722637823e-08,1.0000000000000000e+00,
1.0114152646285650e+00,1.7710552624938144e-02,1.0000000000001601e+00,3.2442279813397096e-13,-2.1371126516584599e-02,-1.9681454400063786e-01,8.1101167434904529e+00,2.0051667930926938e-02,1.0000000000000000e+00,
1.0168801838946731e+00,1.3634662416594934e-02,9.9999999999999545e-01,6.6496161044572709e-13,-4.0369575110338835e-01,9.2845908359349882e-01,1.2301860032169765e-02,1.0122672658616072e-02,1.0000000000000000e+00,
1.0153824405912912e+00,4.3260907557316158e-04,9.9999999999999845e-01,9.7392862861150538e-13,1.6457684937377351e-01,9.1776555352266809e-01,1.3568894637993462e-02,2.8794612531501972e-03,1.0000000000000000e+00,
1.0062998832059697e+00,-2.0982719607783541e-03,9.9999999999999822e-01,1.2456256529015720e-12,1.5923949467261028e-01,2.8664527066005629e-01,5.7961743044052105e-03,5.9581249242391179e-04,1.0000000000000000e+00,
1.0030940524596035e+00,-1.2809473518439222e-03,9.9999999999999900e-01,1.4700758342010920e-12,6.4771872301775155e-02,6.3458583797053852e-02,4.1601464826866719e-04,9.8596663940222167e-05,1.0000000000000000e+00,
1.0014664555166082e+00,-6.5019019071783587e-04,9.9999999999999989e-01,1.6384126105110836e-12,1.5287246923405001e-02,1.5541400946612252e-02,1.1920524045395953e-04,2.2801217081344400e-05,1.0000000000000000e+00,
1.0006846269924510e+00,-2.8644151129981538e-04,1.0000000000000000e+00,1.7435305965522685e-12,3.2601503633580401e-03,3.8321218950833134e-03,8.3376844028579256e-05,8.6705357423909460e-06,1.0000000000000000e+00,
1.0003393690692803e+00,-6.9875683539681255e-05,1.0000000000000033e+00,1.7806672017825707e-12,7.1096540017357639e-04,9.7028725990033857e-04,4.7856686149624628e-03,3.8978982404076235e-06,1.0000000000000000e+00,
1.0045073730541192e+00,5.7890929959338580e-03,1.0000000000005154e+00,3.2484744563019477e-13,-1.1594779735307282e-02,-5.4953578522652039e-03,2.7858904143108250e+00,1.0709989713282402e-02,1.0000000000000000e+00,
1.0077600809662641e+00,4.6971668373739341e-03,1.0000000000004883e+00,6.6393955169703124e-13,-3.0570766473617189e-01,1.6625200856146366e-01,1.7348715691075343e-03,7.7370365122857564e-03,1.0000000000000000e+00,
1.0077589043475803e+00,4.5706877638122763e-04,1.0000000000002165e+00,9.7240211809063384e-13,-1.2357873037568538e-01,1.9517347044385847e-01,1.4485757314019933e-03,3.7015769517455620e-03,1.0000000000000000e+00,
1.0057932824242517e+00,-5.2011447125959271e-05,1.0000000000000633e+00,1.2446283732267265e-12,-2.3650298285516680e-02,1.4875877619309030e-01,2.3519653000247248e-03,1.3873275697577126e-03,1.0000000000000000e+00,
1.0034077968492725e+00,-3.9631623730337365e-05,1.0000000000000104e+00,1.4695809746962622e-12,-4.3561573547670693e-03,5.4396422868158850e-02,2.9518066375772145e-04,4.1603745754982600e-04,1.0000000000000000e+00,
1.0018443162715522e+00,-2.1083152413553405e-05,1.0000000000000173e+00,1.6382063595893676e-12,-1.1222105266266728e-03,1.4802334024599720e-02,2.6604824789584021e-04,1.1425443531704469e-04,1.0000000000000000e+00,
1.0009275862017104e+00,-9.4931038989483391e-06,1.0000000000000246e+00,1.7434694915511455e-12,-4.1614523471169207e-04,3.7216484282397086e-03,1.8067360025069627e-04,3.2175385176781166e-05,1.0000000000000000e+00,
1.0004777451261651e+00,-2.3324537567302026e-06,1.0000000000000253e+00,1.7806482790069585e-12,2.9855145405359256e-04,9.3284891235683549e-04,3.1899507092763776e-03,9.7548955996585641e-06,1.0000000000000000e+00,

