CheckPointVersion_1.0
2
0
2
2
(0 (0,0)(0.015625,0.015625) 1)
(RealBox 0 1 0 1 )((0,0) (63,63) (0,0))P(0,0) (0 (0,0)(0.0078125,0.0078125) 1)
(RealBox 0 1 0 1 )((0,0) (127,127) (0,0))P(0,0) (0 (0,0)(0.00390625,0.00390625) 1)
(RealBox 0 1 0 1 )((0,0) (255,255) (0,0))P(0,0) 
(2,2) (2,2) 
0.0042187500000000003 0.0042187500000000003 0.0042187500000000003 
0.0042187500000000003 0.0042187500000000003 0.0042187500000000003 
1 1 1 
0 0 0 
0 0 0 
0
(0 (0,0)(0.015625,0.015625) 1)
(RealBox 0 1 0 1 )((0,0) (63,63) (0,0))P(0,0)
(1 0
((0,0) (63,63) (0,0))
)3
((0,0) (63,63) (0,0))
(1 0
((0,0) (63,63) (0,0))
)-0.0042187500000000003
-0.0042187500000000003
0
0
2
Level_0/SD_0_New_MF
Level_0/SD_0_Old_MF
((0,0) (64,64) (1,1))
(1 0
((0,0) (64,64) (1,1))
)-0.0084375000000000006
-0.0042187500000000003
-0.0042187500000000003
0
2
Level_0/SD_1_New_MF
Level_0/SD_1_Old_MF
((0,0) (63,63) (0,0))
(1 0
((0,0) (63,63) (0,0))
)-0.0084375000000000006
-0.0042187500000000003
-0.0042187500000000003
0
2
Level_0/SD_2_New_MF
Level_0/SD_2_Old_MF
1
(0 (0,0)(0.0078125,0.0078125) 1)
(RealBox 0 1 0 1 )((0,0) (127,127) (0,0))P(0,0)
(1 0
((0,120) (127,127) (0,0))
)3
((0,0) (127,127) (0,0))
(1 0
((0,120) (127,127) (0,0))
)-0.0042187500000000003
-0.0042187500000000003
0
0
2
Level_1/SD_0_New_MF
Level_1/SD_0_Old_MF
((0,0) (128,128) (1,1))
(1 0
((0,120) (128,128) (1,1))
)-0.0084375000000000006
-0.0042187500000000003
-0.0042187500000000003
0
2
Level_1/SD_1_New_MF
Level_1/SD_1_Old_MF
((0,0) (127,127) (0,0))
(1 0
((0,120) (127,127) (0,0))
)-0.0084375000000000006
-0.0042187500000000003
-0.0042187500000000003
0
2
Level_1/SD_2_New_MF
Level_1/SD_2_Old_MF
2
(0 (0,0)(0.00390625,0.00390625) 1)
(RealBox 0 1 0 1 )((0,0) (255,255) (0,0))P(0,0)
(2 0
((0,248) (127,255) (0,0))
((128,248) (255,255) (0,0))
)3
((0,0) (255,255) (0,0))
(2 0
((0,248) (127,255) (0,0))
((128,248) (255,255) (0,0))
)-0.0042187500000000003
-0.0042187500000000003
0
0
2
Level_2/SD_0_New_MF
Level_2/SD_0_Old_MF
((0,0) (256,256) (1,1))
(2 0
((0,248) (128,256) (1,1))
((128,248) (256,256) (1,1))
)-0.0084375000000000006
-0.0042187500000000003
-0.0042187500000000003
0
2
Level_2/SD_1_New_MF
Level_2/SD_1_Old_MF
((0,0) (255,255) (0,0))
(2 0
((0,248) (127,255) (0,0))
((128,248) (255,255) (0,0))
)-0.0084375000000000006
-0.0042187500000000003
-0.0042187500000000003
0
2
Level_2/SD_2_New_MF
Level_2/SD_2_Old_MF
