1
1
4
4
(64 0
((0,0) (15,15) (0,0))
((16,0) (31,15) (0,0))
((32,0) (47,15) (0,0))
((48,0) (63,15) (0,0))
((64,0) (79,15) (0,0))
((80,0) (95,15) (0,0))
((96,0) (111,15) (0,0))
((112,0) (127,15) (0,0))
((0,16) (15,31) (0,0))
((16,16) (31,31) (0,0))
((32,16) (47,31) (0,0))
((48,16) (63,31) (0,0))
((64,16) (79,31) (0,0))
((80,16) (95,31) (0,0))
((96,16) (111,31) (0,0))
((112,16) (127,31) (0,0))
((0,32) (15,47) (0,0))
((16,32) (31,47) (0,0))
((32,32) (47,47) (0,0))
((48,32) (63,47) (0,0))
((64,32) (79,47) (0,0))
((80,32) (95,47) (0,0))
((96,32) (111,47) (0,0))
((112,32) (127,47) (0,0))
((0,48) (15,63) (0,0))
((16,48) (31,63) (0,0))
((32,48) (47,63) (0,0))
((48,48) (63,63) (0,0))
((64,48) (79,63) (0,0))
((80,48) (95,63) (0,0))
((96,48) (111,63) (0,0))
((112,48) (127,63) (0,0))
((0,64) (15,79) (0,0))
((16,64) (31,79) (0,0))
((32,64) (47,79) (0,0))
((48,64) (63,79) (0,0))
((64,64) (79,79) (0,0))
((80,64) (95,79) (0,0))
((96,64) (111,79) (0,0))
((112,64) (127,79) (0,0))
((0,80) (15,95) (0,0))
((16,80) (31,95) (0,0))
((32,80) (47,95) (0,0))
((48,80) (63,95) (0,0))
((64,80) (79,95) (0,0))
((80,80) (95,95) (0,0))
((96,80) (111,95) (0,0))
((112,80) (127,95) (0,0))
((0,96) (15,111) (0,0))
((16,96) (31,111) (0,0))
((32,96) (47,111) (0,0))
((48,96) (63,111) (0,0))
((64,96) (79,111) (0,0))
((80,96) (95,111) (0,0))
((96,96) (111,111) (0,0))
((112,96) (127,111) (0,0))
((0,112) (15,127) (0,0))
((16,112) (31,127) (0,0))
((32,112) (47,127) (0,0))
((48,112) (63,127) (0,0))
((64,112) (79,127) (0,0))
((80,112) (95,127) (0,0))
((96,112) (111,127) (0,0))
((112,112) (127,127) (0,0))
)
64
FabOnDisk: SD_0_New_MF_D_00000 0
FabOnDisk: SD_0_New_MF_D_00000 18516
FabOnDisk: SD_0_New_MF_D_00000 37032
FabOnDisk: SD_0_New_MF_D_00000 55548
FabOnDisk: SD_0_New_MF_D_00000 74064
FabOnDisk: SD_0_New_MF_D_00000 92580
FabOnDisk: SD_0_New_MF_D_00000 111096
FabOnDisk: SD_0_New_MF_D_00000 129613
FabOnDisk: SD_0_New_MF_D_00000 148131
FabOnDisk: SD_0_New_MF_D_00000 166647
FabOnDisk: SD_0_New_MF_D_00000 185163
FabOnDisk: SD_0_New_MF_D_00000 203679
FabOnDisk: SD_0_New_MF_D_00000 222195
FabOnDisk: SD_0_New_MF_D_00000 240711
FabOnDisk: SD_0_New_MF_D_00000 259227
FabOnDisk: SD_0_New_MF_D_00000 277744
FabOnDisk: SD_0_New_MF_D_00000 296262
FabOnDisk: SD_0_New_MF_D_00000 314778
FabOnDisk: SD_0_New_MF_D_00000 333294
FabOnDisk: SD_0_New_MF_D_00000 351810
FabOnDisk: SD_0_New_MF_D_00000 370326
FabOnDisk: SD_0_New_MF_D_00000 388842
FabOnDisk: SD_0_New_MF_D_00000 407358
FabOnDisk: SD_0_New_MF_D_00000 425875
FabOnDisk: SD_0_New_MF_D_00000 444393
FabOnDisk: SD_0_New_MF_D_00000 462909
FabOnDisk: SD_0_New_MF_D_00000 481425
FabOnDisk: SD_0_New_MF_D_00000 499941
FabOnDisk: SD_0_New_MF_D_00000 518457
FabOnDisk: SD_0_New_MF_D_00000 536973
FabOnDisk: SD_0_New_MF_D_00000 555489
FabOnDisk: SD_0_New_MF_D_00000 574006
FabOnDisk: SD_0_New_MF_D_00000 592524
FabOnDisk: SD_0_New_MF_D_00000 611040
FabOnDisk: SD_0_New_MF_D_00000 629556
FabOnDisk: SD_0_New_MF_D_00000 648072
FabOnDisk: SD_0_New_MF_D_00000 666588
FabOnDisk: SD_0_New_MF_D_00000 685104
FabOnDisk: SD_0_New_MF_D_00000 703620
FabOnDisk: SD_0_New_MF_D_00000 722137
FabOnDisk: SD_0_New_MF_D_00000 740655
FabOnDisk: SD_0_New_MF_D_00000 759171
FabOnDisk: SD_0_New_MF_D_00000 777687
FabOnDisk: SD_0_New_MF_D_00000 796203
FabOnDisk: SD_0_New_MF_D_00000 814719
FabOnDisk: SD_0_New_MF_D_00000 833235
FabOnDisk: SD_0_New_MF_D_00000 851751
FabOnDisk: SD_0_New_MF_D_00000 870268
FabOnDisk: SD_0_New_MF_D_00000 888786
FabOnDisk: SD_0_New_MF_D_00000 907303
FabOnDisk: SD_0_New_MF_D_00000 925820
FabOnDisk: SD_0_New_MF_D_00000 944337
FabOnDisk: SD_0_New_MF_D_00000 962854
FabOnDisk: SD_0_New_MF_D_00000 981371
FabOnDisk: SD_0_New_MF_D_00000 999888
FabOnDisk: SD_0_New_MF_D_00000 1018406
FabOnDisk: SD_0_New_MF_D_00000 1036925
FabOnDisk: SD_0_New_MF_D_00000 1055443
FabOnDisk: SD_0_New_MF_D_00000 1073961
FabOnDisk: SD_0_New_MF_D_00000 1092479
FabOnDisk: SD_0_New_MF_D_00000 1110997
FabOnDisk: SD_0_New_MF_D_00000 1129515
FabOnDisk: SD_0_New_MF_D_00000 1148033
FabOnDisk: SD_0_New_MF_D_00000 1166552

64,4
9.7875118506289405e-01,4.4976386204087634e-04,9.9999999999756783e-01,2.0354127633562000e-14,
9.4096214994796756e-01,8.0404083835977549e-04,9.9999999999719302e-01,6.7031126397061073e-13,
8.7167326367229370e-01,1.7152854481981847e-03,9.9999999999728362e-01,1.2988985914388726e-12,
7.7018380755072346e-01,2.7045561827286442e-03,9.9999999999716649e-01,1.8795656410064204e-12,
6.7996313581056611e-01,1.8377543770092140e-03,9.9999999999509070e-01,2.3881766926653262e-12,
6.4981393147564903e-01,8.0268661672662977e-04,9.9999999999544242e-01,2.8047159406328992e-12,
6.3907691767614416e-01,2.9184148271231585e-04,9.9999999999816835e-01,3.1134718134496154e-12,
6.3591847772335330e-01,1.6303494101284437e-05,9.9999999999135514e-01,3.3024820773466721e-12,
9.9203717876363418e-01,-3.1004463158073314e-02,9.9999999999208622e-01,2.0311519954432455e-14,
9.5829103840381735e-01,2.4389727286724162e-02,9.9999999999960487e-01,6.7002424134977312e-13,
8.8786065381161183e-01,5.5436114995446595e-02,9.9999999999944189e-01,1.2994539322729400e-12,
7.3056219654383792e-01,9.3741841072610146e-02,9.9999999999956368e-01,1.8805292147952354e-12,
5.3167323894855512e-01,5.8198704532901213e-02,9.9999999999968769e-01,2.3891910411172661e-12,
6.0723024638887235e-01,2.3056909504767686e-02,9.9999999999964295e-01,2.8056323818461238e-12,
6.2543116465654314e-01,8.3727777697136640e-03,9.9999999999959366e-01,3.1144484861459807e-12,
6.2768250764381261e-01,4.7982182913289804e-04,9.9999999999956690e-01,3.3035601148307746e-12,
2.6161907771943921e-01,-5.9052382569921424e-01,9.9998831771613328e-01,2.0021259830729032e-14,
3.3712303971029339e-01,-4.5173583626065600e-01,9.9995297143830231e-01,6.6456244115702803e-13,
9.3694009581087298e-02,-3.7099294346377398e-01,9.9993605066561608e-01,1.3013962690463736e-12,
3.2181114080171443e-02,-4.6762084716769831e-01,9.9996673254555668e-01,1.8832556913065944e-12,
2.3042578975896608e-01,-2.7789329339062901e-01,9.9999999999979028e-01,2.3915754113567927e-12,
5.8589107641335847e-01,1.1048641521522970e-02,9.9999999999995759e-01,2.8078984554842875e-12,
6.1077527380134522e-01,7.9305050367106597e-03,1.0000000000000075e+00,3.1170846683182347e-12,
6.1763118774347259e-01,5.0588108999029041e-04,1.0000000000000133e+00,3.3065197060902935e-12,
6.2552364307128724e-03,-5.2402618574483273e-01,9.9996946401693976e-01,1.9435620646601355e-14,
-5.9037302096808120e-01,-5.4429931934083275e-01,9.9992961958719673e-01,6.1725233858281724e-13,
1.1356228097741544e-01,-5.7836940853678742e-01,9.9960755920659594e-01,1.3097685254464634e-12,
4.0238896890158543e-01,-8.2207050465179066e-01,9.9999159770291612e-01,1.8887229606387339e-12,
5.1328134415176652e-01,-2.8025990998645900e-01,9.9999999999993072e-01,2.3942219202197529e-12,
5.9742657314571390e-01,7.6989167278158641e-03,1.0000000000000346e+00,2.8111206768555065e-12,
6.0375895189343443e-01,2.7071614916035348e-03,9.9999999999999178e-01,3.1210662012771365e-12,
6.1203913452999459e-01,1.0004320270783429e-04,9.9999999999994349e-01,3.3109822435685691e-12,
-8.4721228013779168e-02,-5.8979986110716642e-01,9.9996994634346814e-01,1.9445546907704295e-14,
-7.1135585176051264e-01,-6.6672715181887898e-01,9.9996308484842922e-01,6.1737154603707503e-13,
2.8382773907590814e-01,-8.5048645002213308e-01,9.9970308455633061e-01,1.3141586813579529e-12,
4.1851172655068040e-02,-7.4010052634195289e-01,9.9997631316354041e-01,1.8948671419624980e-12,
4.7785496956706619e-01,-3.5630262999669505e-03,9.9999999999976230e-01,2.3984891856791511e-12,
5.6445291519092888e-01,-9.0065901215733869e-03,9.9999999999989075e-01,2.8155056323632317e-12,
5.9974900865170100e-01,-8.1682618842720423e-03,9.9999999999993461e-01,3.1260648192317502e-12,
6.1128395088680421e-01,-3.9228479844452763e-03,9.9999999999991351e-01,3.3163855755043359e-12,
1.5774432567161017e-01,-7.6121428452592221e-01,9.9997885130259268e-01,2.0091009055990038e-14,
3.6218419393891343e-01,-4.5702543381524213e-01,9.9999232953810813e-01,6.6694451647334921e-13,
1.6282493434540798e-02,-8.2349190652219528e-01,9.9996834726831541e-01,1.3096441975394633e-12,
1.3451663359642455e-01,-8.7126895236112079e-01,9.9998821717753861e-01,1.8945987850682616e-12,
2.6882950141567691e-01,-5.2180918393142706e-01,9.9999999999960332e-01,2.4021749580848448e-12,
5.6222708875225214e-01,-7.0718924912465064e-02,9.9999999999969946e-01,2.8204988092325955e-12,
6.0033965889233398e-01,-2.5506101613843583e-02,9.9999999999980527e-01,3.1314535051611207e-12,
6.1261645864119441e-01,-9.0186231771864495e-03,9.9999999999991684e-01,3.3219631710711085e-12,
8.6863666629133984e-01,-2.7244076962806435e-01,9.9999999999382472e-01,2.0444826944175735e-14,
9.1163812703141278e-01,-6.8018898854397714e-02,9.9999999999790634e-01,6.7442483618070492e-13,
8.6784087676861499e-01,-1.2946549276573519e-01,9.9999999999803479e-01,1.3096634237116941e-12,
7.4085373787612718e-01,-5.3157257878976472e-01,9.9999999999871736e-01,1.8950884177039734e-12,
5.3553547411330515e-01,-5.1178691483113259e-01,9.9999999999924272e-01,2.4064944331554119e-12,
5.9847082820360697e-01,-7.7413015636470045e-02,9.9999999999952627e-01,2.8252869922682179e-12,
6.1646924528841507e-01,-2.7381114702164009e-02,9.9999999999969880e-01,3.1362773598416295e-12,
6.2097955183674192e-01,-9.4371719245848491e-03,9.9999999999989220e-01,3.3268029313312012e-12,
9.4441481010308403e-01,-8.6053571931603776e-02,9.9999999998002609e-01,2.0527044355948433e-14,
9.0868501317586337e-01,-4.0938491140835226e-02,9.9999999998116551e-01,6.7605750848523258e-13,
8.5154113631042139e-01,-6.8513583458718913e-02,9.9999999999151012e-01,1.3103408270611660e-12,
7.6783053836581738e-01,-9.2978386780985092e-02,9.9999999999206424e-01,1.8960806148443697e-12,
6.7543145641251756e-01,-9.2419704628356469e-02,9.9999999999181999e-01,2.4087355144020262e-12,
6.4314686252108122e-01,-5.3514532355933189e-02,9.9999999999622446e-01,2.8283696548321741e-12,
6.3238166201106383e-01,-2.1387660604310806e-02,9.9999999999903411e-01,3.1395194684577013e-12,
6.2942048401970951e-01,-7.3693026277365965e-03,9.9999999999815659e-01,3.3300513104195833e-12,

64,4
9.9881100346761209e-01,3.9634414652120205e-02,1.0000000000054463e+00,6.3007114324211657e-13,
9.8910410206675459e-01,5.0189849708235111e-02,1.0000000000125098e+00,1.2612062168390965e-12,
9.5308471929873206e-01,8.5535274633486785e-02,1.0000000000124838e+00,1.8459890823729025e-12,
8.7971764737377278e-01,1.0146136126889550e-01,1.0000000000042499e+00,2.3598050272048998e-12,
7.7328835620580239e-01,9.7866611017583136e-02,1.0000000000008764e+00,2.7825101256655957e-12,
6.9751378188646562e-01,5.2176073840539738e-02,1.0000000000012330e+00,3.0984353949881668e-12,
6.5884322334447953e-01,2.0780207563517672e-02,1.0000000000056515e+00,3.2952978380475595e-12,
6.4336279978162680e-01,7.4241771214137798e-03,1.0000000000210401e+00,3.3647655178696141e-12,
1.0621198037184885e+00,5.5938827506037618e-02,1.0000000000024059e+00,6.3007174012026418e-13,
1.0379161677339537e+00,8.7523838340059210e-02,1.0000000000001670e+00,1.2628963058617161e-12,
1.0042100122451847e+00,1.9446552260868422e-01,9.9999999999982880e-01,1.8486124921312881e-12,
9.3982461963358210e-01,4.9849088187273910e-01,9.9999999999981648e-01,2.3621748788901430e-12,
7.6076095043947212e-01,5.0724758472555687e-01,9.9999999999995370e-01,2.7846998275910604e-12,
6.7392672375093765e-01,7.1870847785675096e-02,1.0000000000000200e+00,3.1009539724161720e-12,
6.4753549691025247e-01,2.6781700659179303e-02,1.0000000000000606e+00,3.2981347360280803e-12,
6.3812816285461726e-01,1.0080067930349653e-02,1.0000000000005929e+00,3.3677271809657322e-12,
1.5385322456560835e+00,7.9490176239507460e-01,1.0000213577517287e+00,6.2955921137654398e-13,
1.5859978213618657e+00,7.1904376860841734e-01,1.0000171922520136e+00,1.2699190342593030e-12,
1.5473674662506582e+00,8.1872677796571014e-01,1.0000101839316800e+00,1.8541236505330208e-12,
1.5312054251251090e+00,9.9934405032393703e-01,1.0000419885974188e+00,2.3647363509278816e-12,
6.4703870952412834e-01,4.8313784627218909e-01,1.0000000000002185e+00,2.7878005196075860e-12,
6.2361236378692553e-01,6.2557993001987680e-02,1.0000000000001483e+00,3.1048193193785380e-12,
6.2690292919292778e-01,2.5607715772431480e-02,1.0000000000001263e+00,3.3024973747070745e-12,
6.2725045388682132e-01,1.0019142136355273e-02,1.0000000000005576e+00,3.3722652889941469e-12,
1.5083180162519036e+00,9.0358274873859623e-01,1.0000318367858194e+00,6.2293728200923469e-13,
1.0000000000000000e+40,1.0000000000000000e+40,1.0000000000000000e+40,1.0000000000000000e+40,
1.8826122843830388e+00,8.2439237654844433e-01,1.0002355101588627e+00,1.8619042548537601e-12,
2.2091013256152712e+00,5.4427191033885258e-01,1.0000095007138528e+00,2.3690640604056481e-12,
8.9857933566014703e-01,2.9966594288137366e-01,1.0000000000003268e+00,2.7920892042300062e-12,
6.0967789834343133e-01,2.4457463953801557e-02,1.0000000000001599e+00,3.1097338505173802e-12,
6.1686922915582887e-01,1.5283502147798535e-02,1.0000000000001261e+00,3.3078445233166579e-12,
6.1924149964434638e-01,7.1685738573936553e-03,1.0000000000003559e+00,3.3777633365181126e-12,
1.7133462481675767e+00,7.2783588096100227e-01,1.0000324780869636e+00,6.2502925727861776e-13,
1.0000000000000000e+40,1.0000000000000000e+40,1.0000000000000000e+40,1.0000000000000000e+40,
1.9685392898288772e+00,5.3356217108664816e-01,1.0001763944860969e+00,1.8623781682980520e-12,
2.0270810278566205e+00,4.9779904749054560e-01,1.0000173421334555e+00,2.3725970715703437e-12,
5.9694482782053171e-01,1.9387825877787579e-01,1.0000000000001035e+00,2.7970175400956236e-12,
6.0262911661026208e-01,2.4567982708007561e-02,1.0000000000000506e+00,3.1151055196186326e-12,
6.1190842864128847e-01,6.5668936077539477e-03,1.0000000000000451e+00,3.3134285559533593e-12,
6.1550518265724052e-01,2.1492776577185604e-03,1.0000000000005618e+00,3.3834209181497432e-12,
1.3954186064095802e+00,7.1745135814324790e-01,1.0000240203050923e+00,6.3358495202701835e-13,
1.5740471044573543e+00,5.5548000921539176e-01,1.0000071460515152e+00,1.2744278239101593e-12,
1.4293366069301170e+00,4.3453158982215584e-01,1.0000512853607491e+00,1.8605291034386526e-12,
2.2230375397692761e+00,4.2030525586214729e-01,1.0000095180221205e+00,2.3768229150806121e-12,
5.9049596548745165e-01,1.0981326788010903e-01,9.9999999999997535e-01,2.8018566725294955e-12,
6.1425719849547467e-01,-8.4777100965622194e-03,9.9999999999995659e-01,3.1199950146554578e-12,
6.2012334909603484e-01,-4.6301631710129352e-03,9.9999999999998279e-01,3.3183402666136107e-12,
6.2137201615327997e-01,-3.8233008075249145e-04,1.0000000000008389e+00,3.3883413231547956e-12,
9.9927073956360069e-01,-1.1703630190027473e-02,1.0000000000311939e+00,6.3536939758792205e-13,
9.6750650539064609e-01,-4.2743443131450197e-03,9.9999999999971612e-01,1.2718019042305926e-12,
9.6366521538657979e-01,-4.4527135078164214e-02,9.9999999999987688e-01,1.8613347707561685e-12,
9.1878350269233622e-01,-7.5168645987665955e-02,9.9999999999984246e-01,2.3791579239810045e-12,
7.5958468771466559e-01,-5.9722394013361650e-02,9.9999999999974543e-01,2.8050494924725790e-12,
6.6920756044638940e-01,-2.3776229762510412e-02,9.9999999999983924e-01,3.1233566118744618e-12,
6.4075609221490926e-01,-8.3129477788705993e-03,9.9999999999994671e-01,3.3217089819588902e-12,
6.3143779456615456e-01,-4.6654242883886711e-04,1.0000000000009444e+00,3.3917023572250021e-12,
9.9755018071676993e-01,-1.2894592940036634e-03,1.0000000001099587e+00,6.3578761496207108e-13,
9.4741151675299640e-01,-1.2440000279050180e-03,1.0000000000873372e+00,1.2721872695964393e-12,
9.1506451449661919e-01,-1.4636612620185820e-03,1.0000000000257829e+00,1.8617249051683310e-12,
8.6125230389594565e-01,-2.2518528847803570e-03,1.0000000000064131e+00,2.3798371470720283e-12,
7.6532532195399061e-01,-1.8408025680645014e-03,1.0000000000032074e+00,2.8061191713143692e-12,
6.9195052824459935e-01,-8.2329257647009821e-04,1.0000000000038800e+00,3.1245745609404662e-12,
6.5257831923768961e-01,-2.9401219795917825e-04,1.0000000000066103e+00,3.3229474145134620e-12,
6.3680320525144851e-01,-1.6059238079855496e-05,1.0000000000066542e+00,3.3929388017373822e-12,

