1
1
8
0
(3 0
((120,88) (127,95) (0,0))
((112,96) (127,111) (0,0))
((0,112) (127,127) (0,0))
)
3
FabOnDisk: Cell_D_00000 0
FabOnDisk: Cell_D_00000 4182
FabOnDisk: Cell_D_00000 20653

3,8
-1.6537225175393602e-01,-5.3040467435312511e-01,9.9999999999936184e-01,0.0000000000000000e+00,-1.3428346434407640e-01,-4.1130263610286538e-01,5.1186582992342977e-01,-2.0467314184971875e-02,
-1.5684798241328529e-01,-6.5841658601106190e-01,9.9993828240109139e-01,0.0000000000000000e+00,-1.3531379840097088e-01,-3.2062844608960162e-01,3.3131661044537530e-01,-6.3185988473530519e-02,
-7.4768586472806209e-02,-6.6754700690590796e-01,9.9999997361361537e-01,0.0000000000000000e+00,-2.3944751177991130e-01,-9.6029170532359949e+00,5.1088984368474755e-03,-1.2099560668136275e-01,

3,8
1.0232632723361787e-04,-1.4447516435096152e-02,1.0000000000001095e+00,0.0000000000000000e+00,8.3627647152317008e-01,-1.0842194540751554e-01,1.2408183968992446e+01,1.7602890524511345e-03,
8.5608347061566170e-02,-4.2644147566549384e-02,1.0002155571438476e+00,0.0000000000000000e+00,7.9304604995102601e-01,8.7755956602156315e-01,2.7646463188153056e+01,1.1515878348417160e-02,
9.4153176697459617e-01,1.9929324601869070e-01,1.0000000049316584e+00,0.0000000000000000e+00,3.4847753870959188e+01,3.0110656342975297e+01,7.2737715510640612e+01,8.1749916605992801e-01,

