1
1
4
2
(3 0
((104,32) (127,55) (0,0))
((96,64) (127,127) (0,0))
((0,104) (95,127) (0,0))
)
3
FabOnDisk: SD_0_New_MF_D_00000 0
FabOnDisk: SD_0_New_MF_D_00000 25174
FabOnDisk: SD_0_New_MF_D_00000 103596

3,4
-1.8012733605488282e-01,-5.3729149908855334e-01,9.9994115611697687e-01,0.0000000000000000e+00,
-4.2183219311210635e-01,-6.2583604349416766e-01,9.9751864883646724e-01,0.0000000000000000e+00,
-1.9005189008584175e-01,-1.6550679939826984e-01,9.9669194303197650e-01,0.0000000000000000e+00,

3,4
1.2576633534047005e-01,1.3068847333699934e-01,1.0001394252288698e+00,0.0000000000000000e+00,
8.8465669043108452e-01,1.7859609764049886e-01,1.0017513893759977e+00,0.0000000000000000e+00,
1.4859986577294808e+00,3.6969129800856365e-01,1.0047906446963493e+00,0.0000000000000000e+00,

