1
1
8
0
(2 0
((128,240) (255,255) (0,0))
((0,248) (127,255) (0,0))
)
2
FabOnDisk: Cell_D_00000 0
FabOnDisk: Cell_D_00000 131160

2,8
-2.0529743451595511e-01,-5.2227324460394264e-01,9.9897888227178588e-01,0.0000000000000000e+00,-1.0325595074752965e+00,-1.2127499678220754e+00,2.6528756032261308e-01,-2.1804534182005811e-03,
-7.7619790967495855e-02,-1.2808532104074165e-03,9.9999570496618084e-01,0.0000000000000000e+00,-9.5882474043952826e-01,-4.0292251019390200e+01,5.0728293821394388e-01,-3.5638365614244849e-01,

2,8
9.1205170458587626e-01,9.0494573837654154e-04,1.0000035337284359e+00,0.0000000000000000e+00,9.3967119793521960e+01,8.0245886388887783e+01,1.3703031932782270e+02,9.4604511951994796e-01,
9.1178097258314594e-01,2.4179866568066541e-01,1.0000004557532836e+00,0.0000000000000000e+00,5.4618634588705632e+01,2.0718164389160794e+01,1.4643110798224259e+02,-1.9351832274337017e-03,

