1
1
2
4
(6 0
((32,112) (47,127) (0,0))
((48,112) (63,127) (0,0))
((64,112) (71,127) (0,0))
((32,128) (47,143) (0,0))
((48,128) (63,143) (0,0))
((64,128) (71,143) (0,0))
)
6
FabOnDisk: SD_2_New_MF_D_00001 0
FabOnDisk: SD_2_New_MF_D_00003 0
FabOnDisk: SD_2_New_MF_D_00003 9302
FabOnDisk: SD_2_New_MF_D_00000 0
FabOnDisk: SD_2_New_MF_D_00002 0
FabOnDisk: SD_2_New_MF_D_00002 9302

6,2
-7.3278846531704096e+02,-3.8786955786387529e+02,
-5.5732020218374976e+02,-5.0649471882528729e+02,
-4.3575485784802538e+01,-2.7210273926670439e+01,
-7.3278846531562999e+02,-5.2978839279519616e+02,
-5.5732020218375897e+02,-5.3794261765783426e+02,
-4.3575485784808912e+01,-2.1228487102199415e+02,

6,2
1.0000000000000000e+40,1.0000000000000000e+40,
1.0000000000000000e+40,1.0000000000000000e+40,
3.7698336410183180e+02,2.1228487102217605e+02,
1.0000000000000000e+40,1.0000000000000000e+40,
1.0000000000000000e+40,1.0000000000000000e+40,
3.7698336410169685e+02,2.7210273926650029e+01,

