1
1
9
0
(64 0
((0,0) (15,15) (0,0))
((16,0) (31,15) (0,0))
((32,0) (47,15) (0,0))
((48,0) (63,15) (0,0))
((64,0) (79,15) (0,0))
((80,0) (95,15) (0,0))
((96,0) (111,15) (0,0))
((112,0) (127,15) (0,0))
((0,16) (15,31) (0,0))
((16,16) (31,31) (0,0))
((32,16) (47,31) (0,0))
((48,16) (63,31) (0,0))
((64,16) (79,31) (0,0))
((80,16) (95,31) (0,0))
((96,16) (111,31) (0,0))
((112,16) (127,31) (0,0))
((0,32) (15,47) (0,0))
((16,32) (31,47) (0,0))
((32,32) (47,47) (0,0))
((48,32) (63,47) (0,0))
((64,32) (79,47) (0,0))
((80,32) (95,47) (0,0))
((96,32) (111,47) (0,0))
((112,32) (127,47) (0,0))
((0,48) (15,63) (0,0))
((16,48) (31,63) (0,0))
((32,48) (47,63) (0,0))
((48,48) (63,63) (0,0))
((64,48) (79,63) (0,0))
((80,48) (95,63) (0,0))
((96,48) (111,63) (0,0))
((112,48) (127,63) (0,0))
((0,64) (15,79) (0,0))
((16,64) (31,79) (0,0))
((32,64) (47,79) (0,0))
((48,64) (63,79) (0,0))
((64,64) (79,79) (0,0))
((80,64) (95,79) (0,0))
((96,64) (111,79) (0,0))
((112,64) (127,79) (0,0))
((0,80) (15,95) (0,0))
((16,80) (31,95) (0,0))
((32,80) (47,95) (0,0))
((48,80) (63,95) (0,0))
((64,80) (79,95) (0,0))
((80,80) (95,95) (0,0))
((96,80) (111,95) (0,0))
((112,80) (127,95) (0,0))
((0,96) (15,111) (0,0))
((16,96) (31,111) (0,0))
((32,96) (47,111) (0,0))
((48,96) (63,111) (0,0))
((64,96) (79,111) (0,0))
((80,96) (95,111) (0,0))
((96,96) (111,111) (0,0))
((112,96) (127,111) (0,0))
((0,112) (15,127) (0,0))
((16,112) (31,127) (0,0))
((32,112) (47,127) (0,0))
((48,112) (63,127) (0,0))
((64,112) (79,127) (0,0))
((80,112) (95,127) (0,0))
((96,112) (111,127) (0,0))
((112,112) (127,127) (0,0))
)
64
FabOnDisk: Cell_D_00000 0
FabOnDisk: Cell_D_00000 18514
FabOnDisk: Cell_D_00000 37029
FabOnDisk: Cell_D_00000 55544
FabOnDisk: Cell_D_00000 74059
FabOnDisk: Cell_D_00000 92574
FabOnDisk: Cell_D_00000 111089
FabOnDisk: Cell_D_00000 129605
FabOnDisk: Cell_D_00000 148122
FabOnDisk: Cell_D_00000 166637
FabOnDisk: Cell_D_00000 185153
FabOnDisk: Cell_D_00000 203669
FabOnDisk: Cell_D_00000 222185
FabOnDisk: Cell_D_00000 240701
FabOnDisk: Cell_D_00000 259217
FabOnDisk: Cell_D_00000 277734
FabOnDisk: Cell_D_00000 296252
FabOnDisk: Cell_D_00000 314767
FabOnDisk: Cell_D_00000 333283
FabOnDisk: Cell_D_00000 351799
FabOnDisk: Cell_D_00000 370315
FabOnDisk: Cell_D_00000 388831
FabOnDisk: Cell_D_00000 407347
FabOnDisk: Cell_D_00000 425864
FabOnDisk: Cell_D_00000 444382
FabOnDisk: Cell_D_00000 462897
FabOnDisk: Cell_D_00000 481413
FabOnDisk: Cell_D_00000 499929
FabOnDisk: Cell_D_00000 518445
FabOnDisk: Cell_D_00000 536961
FabOnDisk: Cell_D_00000 555477
FabOnDisk: Cell_D_00000 573994
FabOnDisk: Cell_D_00000 592512
FabOnDisk: Cell_D_00000 611027
FabOnDisk: Cell_D_00000 629543
FabOnDisk: Cell_D_00000 648059
FabOnDisk: Cell_D_00000 666575
FabOnDisk: Cell_D_00000 685091
FabOnDisk: Cell_D_00000 703607
FabOnDisk: Cell_D_00000 722124
FabOnDisk: Cell_D_00000 740642
FabOnDisk: Cell_D_00000 759157
FabOnDisk: Cell_D_00000 777673
FabOnDisk: Cell_D_00000 796189
FabOnDisk: Cell_D_00000 814705
FabOnDisk: Cell_D_00000 833221
FabOnDisk: Cell_D_00000 851737
FabOnDisk: Cell_D_00000 870254
FabOnDisk: Cell_D_00000 888772
FabOnDisk: Cell_D_00000 907288
FabOnDisk: Cell_D_00000 925805
FabOnDisk: Cell_D_00000 944322
FabOnDisk: Cell_D_00000 962839
FabOnDisk: Cell_D_00000 981356
FabOnDisk: Cell_D_00000 999873
FabOnDisk: Cell_D_00000 1018391
FabOnDisk: Cell_D_00000 1036910
FabOnDisk: Cell_D_00000 1055427
FabOnDisk: Cell_D_00000 1073945
FabOnDisk: Cell_D_00000 1092463
FabOnDisk: Cell_D_00000 1110981
FabOnDisk: Cell_D_00000 1129499
FabOnDisk: Cell_D_00000 1148017
FabOnDisk: Cell_D_00000 1166536

64,9
9.5127485640601783e-01,1.4310800480739341e-03,9.9999999999605182e-01,2.1443679116797346e-14,2.6334388333270908e+01,-7.7084732532966882e+02,8.2085384175978326e-05,-5.9404724205299317e+01,1.0000000000000000e+00,
9.0016744525777603e-01,1.5057733111559547e-03,9.9999999999707079e-01,7.0593600371492784e-13,7.0581549699854804e+02,-5.8664928166544996e+02,1.2888703601200702e-03,-5.4783525829704899e+01,1.0000000000000000e+00,
8.4187978215620585e-01,1.7134506893504277e-03,9.9999999999740274e-01,1.3672018478704864e-12,1.1130902607292228e+03,-2.2117534923891071e+02,5.0071493438129389e-05,-4.3708822532280692e+01,1.0000000000000000e+00,
7.8342549871648504e-01,1.3919990001175682e-03,9.9999999999862010e-01,1.9771504071529621e-12,9.6403169407349196e+02,3.3966829625569517e+00,2.1201048943736422e-03,-3.0936143379795340e+01,1.0000000000000000e+00,
7.4892617964564667e-01,8.0727541362686582e-04,9.9999999999774669e-01,2.5107484283101360e-12,6.2151233252734528e+02,8.3445149200997548e+00,6.4084640200683107e-04,-2.0204892647163547e+01,1.0000000000000000e+00,
7.3440019225630482e-01,3.8064230696057690e-04,9.9999999999860034e-01,2.9474194223243264e-12,4.0684011047543027e+02,5.1236496905403328e+00,5.6563933162334656e-06,-1.2238857893223667e+01,1.0000000000000000e+00,
7.2841880998239483e-01,1.5020578161764299e-04,9.9999999999824873e-01,3.2708612426068527e-12,3.0139320208709978e+02,2.3254667751643865e+00,3.7440709699243513e-07,-6.8309138268717788e+00,1.0000000000000000e+00,
7.2659502636661222e-01,9.3510481602179409e-06,9.9999999999030398e-01,3.4687112049662037e-12,2.6863212094757182e+02,6.7234804544114013e-02,3.6452824473884315e-05,-3.0140156038874579e+00,1.0000000000000000e+00,
9.5465686316005294e-01,4.5167637553130205e-02,9.9999999998875111e-01,2.1409555793967478e-14,-1.4880021894350648e+01,-2.1336222977646685e+03,9.5854234882786216e-06,-7.1895504717101176e+01,1.0000000000000000e+00,
9.0373272805788973e-01,4.8947923730087398e-02,9.9999999999927291e-01,7.0589433488583836e-13,8.8103400488835177e+02,-1.3635614758262818e+03,2.7290700177484695e-05,-6.4394080116275973e+01,1.0000000000000000e+00,
8.3357918414811571e-01,5.7466409223308555e-02,9.9999999999917633e-01,1.3680204429692862e-12,1.3036236816860765e+03,-3.8646122407371877e+02,4.5561965762402901e-02,-4.6877279501134808e+01,1.0000000000000000e+00,
7.4013313946773363e-01,4.7408108024535149e-02,9.9999999999929901e-01,1.9784538407017028e-12,8.8578803228992911e+02,1.3851938544430595e+02,3.6800237961581717e-02,-3.0289321306646684e+01,1.0000000000000000e+00,
7.2112812858179254e-01,2.5243254133725964e-02,9.9999999999952816e-01,2.5121070770333140e-12,3.9604757890228939e+02,2.8517166268502478e+02,5.6266493952294994e-03,-1.8500455038596670e+01,1.0000000000000000e+00,
7.2165559971867144e-01,1.1349668684819385e-02,9.9999999999948097e-01,2.9487439617190446e-12,2.5532242506560578e+02,1.6462536873023055e+02,1.0103092215607568e-05,-1.0828955797125786e+01,1.0000000000000000e+00,
7.2228509067640512e-01,4.4575721942321598e-03,9.9999999999938927e-01,3.2722562808724729e-12,1.9638750050326053e+02,7.3300922769976751e+01,1.5583951328279610e-04,-6.0045652250717012e+00,1.0000000000000000e+00,
7.2202700979193768e-01,2.7956990890208583e-04,9.9999999999929767e-01,3.4701912687233488e-12,1.7871556060989678e+02,2.1107756629305641e+00,3.3108467593166019e-04,-2.6529510085190680e+00,1.0000000000000000e+00,
1.0263904252023756e-01,-2.0257463168450682e-01,9.9987642654020858e-01,2.1075977009360389e-14,-1.3085567720826981e+06,-1.6395386552954990e+07,3.8707781586733159e-02,-4.3829206400215890e+02,1.0000000000000000e+00,
5.0837132859908185e-01,-2.4974189637250113e-01,9.9999943431694938e-01,6.9954649424993766e-13,-6.9548504198543746e+06,-5.6055918724934934e+06,1.6905836917557870e-02,-5.0447071259959785e+02,1.0000000000000000e+00,
1.4145224214758578e-01,-3.1416602268488075e-01,9.9998879917624395e-01,1.3704318612863557e-12,-6.8993647667806521e+06,-7.0462269715577373e+06,4.4942736946840256e-01,-4.7412265737435132e+02,1.0000000000000000e+00,
-7.6142988649102392e-02,-5.6940177009265580e-01,9.9996803142030388e-01,1.9822123760826369e-12,-3.5534286266881633e+06,-5.1206336976468069e+06,6.9681668225668103e-01,-4.0846300996012133e+02,1.0000000000000000e+00,
5.9834727475963567e-01,-4.0118805979242889e-02,9.9999999999973921e-01,2.5156251428169024e-12,-4.6607940250651154e+02,5.5851739462050318e+02,3.5449998475822753e-03,-1.1871571800065567e+01,1.0000000000000000e+00,
7.0154430634306542e-01,1.1853319235079419e-02,9.9999999999989975e-01,2.9522019348903201e-12,-1.0340545689541614e+01,2.8620236093265703e+02,2.1015131462798209e-05,-6.6949695018756756e+00,1.0000000000000000e+00,
7.1241066710869094e-01,5.3045081997729841e-03,9.9999999999997846e-01,3.2760197074348038e-12,3.9623473291794653e+01,1.2368667300779634e+02,1.8814476365758281e-06,-3.7912936208277301e+00,1.0000000000000000e+00,
7.1596406824266134e-01,3.2757381448209971e-04,9.9999999999998002e-01,3.4742209024208323e-12,5.4205011614147224e+01,3.5415529360477649e+00,1.3442230134899646e-04,-1.7093032677591680e+00,1.0000000000000000e+00,
-1.5876560192224196e-01,-4.2414115167496763e-01,9.9995305101322896e-01,2.0436654149034413e-14,-4.3888001413700888e+06,-1.4165601563034717e+07,1.9245508673025817e+00,-7.3016293891014186e+02,1.0000000000000000e+00,
-3.7104446145992698e-01,-4.3785034399249034e-01,0.0000000000000000e+00,0.0000000000000000e+00,-7.8967143164821062e+06,-7.0794118978210976e+06,0.0000000000000000e+00,-3.4803954794895299e+03,0.0000000000000000e+00,
-7.9338649141637477e-02,-5.6737377882320572e-01,9.9996237342552108e-01,1.3790265864599336e-12,-1.0844545327178156e+07,-8.0932162633207235e+06,4.3673694316687506e-01,-4.6123449361140183e+02,1.0000000000000000e+00,
4.3047380533236181e-02,-7.5800092345374603e-01,9.9995455587514082e-01,1.9884914765142007e-12,-2.2328314626024149e+07,-5.8946896718971489e+05,7.4826237134983931e-02,-5.5617990955054245e+02,1.0000000000000000e+00,
6.4821395138189197e-01,-5.5797223629515724e-02,1.0000000000000280e+00,2.5199099145571548e-12,-1.0158795318708144e+03,4.2710199000212015e+02,2.7928881116412452e-04,-8.4444090773024527e-01,1.0000000000000000e+00,
7.0153760619856154e-01,5.8287899780246040e-03,1.0000000000000580e+00,2.9570524714845983e-12,-3.0525689691967273e+02,2.3891629637510050e+02,2.4631740475761221e-05,-9.3005054335333170e-01,1.0000000000000000e+00,
7.0697739268068649e-01,2.4334020228847786e-03,1.0000000000000104e+00,3.2815424121997802e-12,-1.4647847730775538e+02,1.0848230154688281e+02,1.0914531972661123e-06,-8.4340728039205715e-01,1.0000000000000000e+00,
7.1186903403771118e-01,9.2643875475203956e-05,9.9999999999997624e-01,3.4801750743600948e-12,-7.6540990929061081e+01,3.1650235009635708e+00,1.4876010632439846e-05,-4.6767560376576967e-01,1.0000000000000000e+00,
-1.4159118453118416e-01,-6.4039274388665357e-01,9.9995321803450810e-01,2.0439087903446422e-14,-4.3492213999274401e+06,-3.0531199252090468e+06,1.0952066954572981e-01,-7.1450100340063261e+02,1.0000000000000000e+00,
-4.8041264396327338e-01,-8.5602154847564516e-01,0.0000000000000000e+00,0.0000000000000000e+00,-1.1525314669458332e+07,-4.7721454629826192e+06,0.0000000000000000e+00,-3.4453767945608256e+03,0.0000000000000000e+00,
-1.7421611583307850e-02,-1.1403843733668395e+00,9.9998853443404745e-01,1.3845304603077458e-12,-1.2779967497663483e+07,-7.9959238496095524e+05,3.3505224649180114e+00,-4.8848034175285716e+02,1.0000000000000000e+00,
-1.5338855309230221e-02,-5.0452442020953392e-01,9.9999945808510904e-01,1.9961842276286226e-12,-1.6689837242647901e+07,-2.8211644303298197e+06,5.4652874321353684e-02,-5.6628950300553424e+02,1.0000000000000000e+00,
6.3863629467393845e-01,1.0541950913228865e-03,9.9999999999978861e-01,2.5251152666543791e-12,-1.2728882338269614e+03,1.4737197326649039e+02,6.0879363844246193e-03,4.3051680770021221e+00,1.0000000000000000e+00,
6.8628765114298129e-01,-2.9821159244068415e-03,9.9999999999986322e-01,2.9628215895238470e-12,-4.5862253604718717e+02,1.0766666550807713e+02,1.8432142164667709e-03,1.9221937696696045e+00,1.0000000000000000e+00,
7.0460424117111908e-01,-2.7756519175322295e-03,9.9999999999992983e-01,3.2880698080486055e-12,-2.4591563819430303e+02,5.8072056004039041e+01,4.3746168898600724e-04,7.3666280470902734e-01,1.0000000000000000e+00,
7.1095362613795432e-01,-1.2790342723335917e-03,9.9999999999994971e-01,3.4871643302924986e-12,-1.6063886114725028e+02,1.7890637036600765e+00,9.4484908796048763e-06,2.0095206151157896e-02,1.0000000000000000e+00,
-6.4749392974099831e-02,-1.0092763669884541e+00,9.9996665217009861e-01,2.1170310021260613e-14,-2.8387942272919910e+06,-1.2399291949700676e+06,2.2669338154850394e-01,-5.9219443137064775e+02,1.0000000000000000e+00,
5.0406600957379899e-01,-4.6002894245945297e-01,9.9999724831032677e-01,7.0262795599591826e-13,-5.4448613852218110e+06,-3.3470281868917809e+05,1.5167624109968525e-02,-5.4006836995495826e+02,1.0000000000000000e+00,
2.1011407646922731e-01,-6.1828377505876631e-01,9.9998655731762642e-01,1.3803739045542851e-12,-2.5871008840691526e+06,-1.3042574472386467e+06,3.6317940070705879e-01,-6.1982511542458599e+02,1.0000000000000000e+00,
2.4062016303790185e-01,-7.6017893572391038e-01,9.9999637771117966e-01,1.9960417560180349e-12,-3.5382866385852662e+06,-2.3792383519993024e+06,7.4993332483935404e-01,-4.7600304141423817e+02,1.0000000000000000e+00,
5.4759084740016517e-01,-1.5281518795359825e-01,9.9999999999953315e-01,2.5298740645224662e-12,-1.3264319895482913e+03,-8.0545995685097296e+02,3.7472747179134736e-04,6.8820646488564989e+00,1.0000000000000000e+00,
6.8456623751932688e-01,-3.3731215193308947e-02,9.9999999999963440e-01,2.9688341264603526e-12,-4.6160666323303303e+02,-1.2346958829257346e+02,9.7760795819690216e-06,3.5953256554303152e+00,1.0000000000000000e+00,
7.0477553162327089e-01,-1.1835143228268683e-02,9.9999999999978395e-01,3.2946883610621628e-12,-2.5449705543433083e+02,-2.8684313012490747e+00,1.0321535778845536e-06,1.5456601714431031e+00,1.0000000000000000e+00,
7.1126555763657595e-01,-4.0742986089439643e-03,9.9999999999995193e-01,3.4941423163897611e-12,-1.8858677976613399e+02,5.4569892433846690e-01,2.4592066785733557e-07,4.4223857553605583e-02,1.0000000000000000e+00,
9.5759479674188086e-01,-1.4995173113648996e-01,9.9999999999424338e-01,2.1566838530178973e-14,-1.5129728581407107e+03,-1.1488040127114800e+03,1.4903227324392088e-03,-1.2549273586673053e+01,1.0000000000000000e+00,
9.1688745100523872e-01,-9.2137882630721188e-02,9.9999999999765155e-01,7.1111111379562184e-13,3.1294872020298499e+02,5.2072927566769067e+01,1.0256666074903720e-03,-9.6432247497386925e+00,1.0000000000000000e+00,
8.5783560364496503e-01,-1.4087190993636173e-01,9.9999999999784361e-01,1.3803977910525256e-12,4.0838171574214357e+02,-4.5043036962306360e+02,4.2555557108991948e-02,-1.7275793505663160e+00,1.0000000000000000e+00,
7.1090738136519538e-01,-1.9173603001680506e-01,9.9999999999856681e-01,1.9965860959554679e-12,-2.8626939536625287e+02,-9.7765264562367520e+02,4.2960768819488848e-03,3.6568918147787599e+00,1.0000000000000000e+00,
6.9118859307762470e-01,-1.4308335347373438e-01,9.9999999999912037e-01,2.5341180450329038e-12,-3.7702409659577825e+02,-6.8252414662492811e+02,3.0126991720225149e-04,5.3747890580203830e+00,1.0000000000000000e+00,
7.0329786832461305e-01,-3.6812863125700333e-02,9.9999999999943645e-01,2.9740510652107800e-12,-3.2332833368236606e+02,-1.4805351168579364e+02,6.2648794041386680e-06,3.7118170227938663e+00,1.0000000000000000e+00,
7.1228526374911383e-01,-1.2947984772209263e-02,9.9999999999966205e-01,3.3003336795676070e-12,-2.3539609977924556e+02,-3.1460932717891410e+01,5.9132832903388555e-04,1.8589172941313166e+00,1.0000000000000000e+00,
7.1487745789710777e-01,-4.3671768958182030e-03,9.9999999999992095e-01,3.5000337784815383e-12,-1.8903819519783428e+02,-3.7942814587040630e+00,3.0857634263159808e-04,5.4711943134808649e-02,1.0000000000000000e+00,
9.5579804418384007e-01,-6.3460893748305380e-02,9.9999999997667999e-01,2.1652965469469439e-14,9.5329752824909519e+00,6.7223465801362181e+00,8.4787297616878421e-07,-6.5489118305679312e+00,1.0000000000000000e+00,
9.1016333975087682e-01,-4.8219161323845031e-02,9.9999999997898459e-01,7.1294634777530089e-13,2.4579012744943611e+02,1.4089815238548908e+00,7.6644835813721029e-04,-5.1368361473791992e+00,1.0000000000000000e+00,
8.5411064652246083e-01,-6.1513275763058629e-02,9.9999999999188260e-01,1.3811771365440633e-12,3.1061202632299683e+02,-1.7504825333126064e+02,1.0241575823606922e-03,-1.0009681205807510e+00,1.0000000000000000e+00,
7.8476212436473913e-01,-6.3312442802487143e-02,9.9999999999736155e-01,1.9975272929232901e-12,7.8090970004268456e+01,-2.5243979863007553e+02,8.1838087024124762e-05,2.6941152756564861e+00,1.0000000000000000e+00,
7.4020333277691019e-01,-5.4546964124971412e-02,9.9999999999905220e-01,2.5364240152952114e-12,-1.2811066366484738e+02,-2.3641582802083576e+02,8.3952295746730909e-04,4.6950307013182737e+00,1.0000000000000000e+00,
7.2522933653166755e-01,-2.6738779835738566e-02,9.9999999999950184e-01,2.9773550945555030e-12,-1.7900866995313845e+02,-1.1036005954956636e+02,1.7674926574423599e-06,3.5106210191339642e+00,1.0000000000000000e+00,
7.2022704363437640e-01,-1.0329103648663069e-02,9.9999999999932387e-01,3.3040437198611241e-12,-1.8308847772059380e+02,-2.9940068661744590e+01,2.7806070838215513e-05,1.8369380813123541e+00,1.0000000000000000e+00,
7.1885680630387649e-01,-3.4916978196922509e-03,9.9999999999688416e-01,3.5039223682990858e-12,-1.8234762872561987e+02,-4.2025698598990857e+00,2.4108127497568174e-05,5.5977911654268908e-02,1.0000000000000000e+00,

64,9
9.9788854066536159e-01,6.7333741384689935e-02,1.0000000000083960e+00,6.6370429747374532e-13,8.1578923200104327e+02,-1.8571440393498051e+01,5.2896238434348376e+01,-5.2444290568217411e+01,1.0000000000000000e+00,
9.5133034227427804e-01,5.3420821863584107e-02,1.0000000000143507e+00,1.3277828177954932e-12,1.2671063630703429e+03,-7.9262635055783903e+00,4.4095480352174254e-02,-4.3321912434785077e+01,1.0000000000000000e+00,
8.9971670162558459e-01,5.7233142836263087e-02,1.0000000000136766e+00,1.9421626074608118e-12,1.3531399062598211e+03,1.0576027552378946e+02,5.2798450690705323e-02,-3.1201185452847994e+01,1.0000000000000000e+00,
8.4046124056722515e-01,5.6625173213775533e-02,1.0000000000047589e+00,2.4812529776071249e-12,1.3211334614596126e+03,3.2676655973700690e+02,5.2954722021342215e-02,-1.9327423790547869e+01,1.0000000000000000e+00,
7.8972031170175627e-01,4.3098516121208505e-02,1.0000000000009825e+00,2.9244663951992981e-12,9.6669522288211738e+02,3.3025514200417092e+02,3.1077580781946335e-02,-1.1379715058599913e+01,1.0000000000000000e+00,
7.5573885336960511e-01,2.2799267516612483e-02,1.0000000000023805e+00,3.2554459835031759e-12,6.5414042985794367e+02,2.5982867075617833e+02,6.8172078039089104e-03,-6.3518884232728965e+00,1.0000000000000000e+00,
7.3819628195266251e-01,1.0244302209058516e-02,1.0000000000079781e+00,3.4615058537329493e-12,4.4479819152364507e+02,1.4900294303752162e+02,3.7731610125781544e-03,-2.8816907694659903e+00,1.0000000000000000e+00,
7.3053634012064972e-01,3.9495022870993700e-03,1.0000000000245539e+00,3.5341800952916143e-12,3.3317912720757886e+02,6.4674511470002471e+01,1.1976412187628578e-01,-8.3947537796111860e-02,1.0000000000000000e+00,
9.9885583439571701e-01,1.4142754909502803e-01,1.0000000000025628e+00,6.6376332492838839e-13,1.6737676795550215e+03,-6.5192335132487642e+02,1.0016210890333861e+02,-5.5700357737056265e+01,1.0000000000000000e+00,
9.6522791649266326e-01,1.0889959833637403e-01,1.0000000000000537e+00,1.3299124156814393e-12,1.7958996201028640e+03,-2.5779129620677850e+02,8.1880398723735981e-01,-4.4661709152812023e+01,1.0000000000000000e+00,
9.1340066774266093e-01,1.3964989715840107e-01,9.9999999999981204e-01,1.9457437887888741e-12,2.1591868291077844e+03,2.0928491465674597e+02,2.5925775524313854e+00,-2.9494331738012988e+01,1.0000000000000000e+00,
8.3754219037516331e-01,1.3797438047807353e-01,9.9999999999979150e-01,2.4846894132181911e-12,2.1804443074575829e+03,1.1525830314451014e+03,3.6126736563549811e+00,-1.3053108252839934e+01,1.0000000000000000e+00,
7.7909827004315890e-01,9.6820630999044532e-02,9.9999999999989020e-01,2.9278011904766530e-12,9.7087299953673210e+02,1.0018407374449453e+03,5.7029095799637775e-01,-7.2694309955451217e+00,1.0000000000000000e+00,
7.4647821091875111e-01,3.4667648608635901e-02,9.9999999999996236e-01,3.2590576052365996e-12,5.9621536698869022e+02,5.2349997693308978e+02,8.1030002228255071e-03,-4.1187422017368363e+00,1.0000000000000000e+00,
7.3329422556545076e-01,1.4859861522702170e-02,1.0000000000000002e+00,3.4653793364286455e-12,3.9123465520315222e+02,2.6874584847391816e+02,6.0276635527184430e-04,-1.9028895014596401e+00,1.0000000000000000e+00,
7.2791066066569077e-01,5.8735151934890114e-03,1.0000000000011058e+00,3.5381561353215509e-12,2.9277184225275414e+02,1.1342204546581343e+02,1.7892535040670141e-01,-5.5848612690592603e-02,1.0000000000000000e+00,
1.1834966873496664e+00,8.0306837009065557e-01,1.0000726411899337e+00,6.6327851757436736e-13,5.3629161957257381e+06,9.5682118544422789e+04,1.1055041529398463e+03,2.7555140739208809e+01,1.0000000000000000e+00,
1.3453175154803323e+00,5.5503396571039720e-01,1.0000000065031258e+00,1.3370716810929276e-12,2.6635845967080509e+06,1.2540147700412038e+06,8.2269070800679901e+02,5.5194512368587311e+01,1.0000000000000000e+00,
1.7150171559190117e+00,7.9170349948690122e-01,1.0000142228050639e+00,1.9520754630247303e-12,3.5436748625596180e+06,1.8956627482192933e+06,6.7904295823316306e+02,-2.9361097559050108e+01,1.0000000000000000e+00,
1.4240845247481515e+00,1.0624424458931447e+00,1.0000224534339541e+00,2.4889515986163966e-12,3.2567604791827868e+06,1.2846177016664131e+06,1.1428636902473077e+03,1.4203446466735841e+00,1.0000000000000000e+00,
7.2932692406611865e-01,1.1650588526738116e-01,1.0000000000001736e+00,2.9325376521157719e-12,7.8148960944599821e+02,1.3866474523769284e+03,4.9331608170108208e+00,1.0885634290195867e-01,1.0000000000000000e+00,
7.2184708487053717e-01,3.4392688969418321e-02,1.0000000000001594e+00,3.2644559131370794e-12,3.6112065665074624e+02,5.9876708621413854e+02,3.4969812400986733e-02,-1.0541290188514267e+00,1.0000000000000000e+00,
7.2194982023124876e-01,1.4848413852922352e-02,1.0000000000001374e+00,3.4712188069199482e-12,2.3789185218757484e+02,3.0197305355031858e+02,2.1901799934706534e-03,-5.8037356006542495e-01,1.0000000000000000e+00,
7.2183903546791817e-01,5.9028946036219360e-03,1.0000000000010481e+00,3.5441528951629015e-12,1.8612878440863278e+02,1.2728158684994924e+02,1.8061246615190610e-01,-1.7968688265185051e-02,1.0000000000000000e+00,
1.3171980366447500e+00,1.0500277642714948e+00,1.0000500990360570e+00,6.5569219936026987e-13,8.5668888003174160e+06,1.9470772543550655e+06,1.2674137742641558e+03,-1.4043348123677106e+02,1.0000000000000000e+00,
1.6478549524306694e+00,8.4712383651207257e-01,1.0000836255213481e+00,1.3895018909395088e-12,2.2526056413699235e+06,9.8283097930525988e+05,2.7865010538426982e+03,0.0000000000000000e+00,1.0000000000000000e+00,
1.8127864336655268e+00,8.5841193391491943e-01,1.0000361714869219e+00,1.9605375654504764e-12,1.5776121956943674e+06,2.7837551000152873e+06,1.5979420387879322e+03,-1.9834081261746428e+02,1.0000000000000000e+00,
2.1927659583586738e+00,6.8554630713239606e-01,1.0000492309055908e+00,2.4941534915815646e-12,3.3705716642059723e+05,4.4481854131541876e+06,1.6682444806163865e+03,8.9982126533033124e+00,1.0000000000000000e+00,
7.5557626869532402e-01,4.3412978625953051e-02,1.0000000000002347e+00,2.9382112788402177e-12,-4.1033218929442228e+01,1.1972255901731842e+03,3.8948571045009373e+00,8.1282097567092251e+00,1.0000000000000000e+00,
7.1159249252564138e-01,1.6294088652359436e-02,1.0000000000001743e+00,3.2709056258932530e-12,2.4368599772962625e+01,5.7731053504539886e+02,3.6759279521508814e-02,3.8475027833468403e+00,1.0000000000000000e+00,
7.1549082448347268e-01,1.1036034144976946e-02,1.0000000000001334e+00,3.4781531993953066e-12,4.4632994676620001e+01,2.9746203224112833e+02,2.2808370897284269e-03,1.6814107180895235e+00,1.0000000000000000e+00,
7.1667825947172081e-01,4.8313486539656907e-03,1.0000000000008435e+00,3.5512554398154503e-12,4.9727595875199768e+01,1.2608411064593383e+02,1.5662172762083609e-01,6.2106829819833820e-01,1.0000000000000000e+00,
1.3698041980648605e+00,5.5580641821128562e-01,1.0000509282500749e+00,6.5841682611497062e-13,6.8710888683287194e+06,1.3907013639291123e+07,8.8161661065863916e+02,-4.3384651063283820e+02,1.0000000000000000e+00,
1.9019936896914611e+00,4.5365659851315315e-01,1.0000210300149255e+00,1.3896546233802609e-12,3.8017935080637864e+05,3.3535986253331439e+06,2.9387324553093727e+03,0.0000000000000000e+00,1.0000000000000000e+00,
2.0015543788083967e+00,8.0501518454854615e-01,1.0000111323605463e+00,1.9612692177469021e-12,1.1018215534669023e+06,5.7799012637289762e+06,2.4842703248168027e+03,-3.0263204687026359e+02,1.0000000000000000e+00,
2.0682390139683564e+00,6.6508022060996796e-01,1.0000024920056996e+00,2.4987805232157277e-12,1.2782051279046726e+06,1.2057518323237139e+06,1.1160906138525622e+03,1.7115623225807894e+01,1.0000000000000000e+00,
7.3035686552471091e-01,7.5499975723150300e-02,1.0000000000000446e+00,2.9441842916197001e-12,-3.3286692446963571e+02,8.2287087099648488e+02,3.3471386188643537e+00,1.4080280538921443e+01,1.0000000000000000e+00,
7.0630547455605985e-01,1.1882056645762589e-02,1.0000000000000606e+00,3.2775178281292375e-12,-1.6271013732638676e+02,3.9963923670802615e+02,4.7312443074217989e-02,6.7371113032820631e+00,1.0000000000000000e+00,
7.1150126151598503e-01,5.1563072049487140e-03,1.0000000000000533e+00,3.4851480581830220e-12,-8.6115071545733372e+01,2.2268766966390103e+02,4.4523479725276302e-03,3.3743980279014636e+00,1.0000000000000000e+00,
7.1338071044744533e-01,2.0655303122196879e-03,1.0000000000008984e+00,3.5583859237566452e-12,-6.4304659683708451e+01,9.8907023831179686e+01,8.6115870991240115e-02,1.4089985808593894e+00,1.0000000000000000e+00,
1.6002978501615470e+00,1.0374528634755514e-01,1.0000300316535016e+00,6.6806570399960612e-13,2.7730807993024676e+06,1.3854153035668753e+07,1.2858755579994768e+03,8.5791990739198809e-01,1.0000000000000000e+00,
1.4352668512992124e+00,2.8108163669562569e-01,1.0000012396455593e+00,1.3427639456371420e-12,1.6432774384547828e+06,6.3987492992542293e+06,6.7716107148035974e+02,-2.3157272685292583e+00,1.0000000000000000e+00,
1.2998664705291409e+00,3.7390973454046955e-01,1.0000038618017189e+00,1.9601041045983694e-12,2.2469526363664428e+06,4.3186376181080593e+06,1.0125046613667776e+03,7.3980894267094754e+00,1.0000000000000000e+00,
1.3463141063653037e+00,6.2657378609650083e-01,1.0000005520355031e+00,2.5030104747575025e-12,3.0599561722687548e+06,4.1621949485151288e+06,1.3112042921967579e+03,1.7589822942852265e+01,1.0000000000000000e+00,
6.9958926528917409e-01,7.1661362199498507e-02,9.9999999999990230e-01,2.9494526675997535e-12,-3.4627784276926832e+02,2.4520543819780869e+02,4.5888131181953558e+00,1.4529564821878239e+01,1.0000000000000000e+00,
7.1118671100482223e-01,-1.8080037933754557e-03,9.9999999999995770e-01,3.2832342796330895e-12,-2.4303725423797732e+02,1.2391160456354555e+02,4.7076888853618028e-02,7.0551061232351913e+00,1.0000000000000000e+00,
7.1446362370789429e-01,-1.6077381863994049e-03,9.9999999999998357e-01,3.4911260216637051e-12,-1.6708158669280238e+02,9.6781430023474968e+01,4.0964669554281047e-03,3.8345199081770716e+00,1.0000000000000000e+00,
7.1521800346557851e-01,-1.9088818757241019e-04,1.0000000000009195e+00,3.5644571774641395e-12,-1.4151634417152673e+02,5.1628017356324563e+01,9.8261820275358111e-02,1.7326655267141007e+00,1.0000000000000000e+00,
9.9774978829547634e-01,-4.1268105893782159e-02,1.0000000000404594e+00,6.7005786401762525e-13,8.9350698784910492e+02,1.6789000358803605e+03,1.1281639191923180e+02,-5.4776861020368415e+00,1.0000000000000000e+00,
9.6056584011440171e-01,-4.1970754425891828e-02,9.9999999999966960e-01,1.3405969975209315e-12,9.0050426073721610e+02,6.8092612604086753e+02,4.0562820085167095e-01,-1.3296530861390465e+00,1.0000000000000000e+00,
9.3924924692380118e-01,-5.2161057462742584e-02,9.9999999999989264e-01,1.9609884354370839e-12,9.4862544018797053e+02,1.6158729537455656e+02,1.9748118484689714e+00,6.4607274528342487e+00,1.0000000000000000e+00,
8.7096725714124912e-01,-6.0211136584375546e-02,9.9999999999981304e-01,2.5053334771237024e-12,9.2218042514105036e+02,-2.0300443943815480e+02,3.9203902500317245e+00,1.0614419768978109e+01,1.0000000000000000e+00,
7.7907930552730953e-01,-2.9791977616027872e-02,9.9999999999972411e-01,2.9528535439953197e-12,5.2853869612954441e+01,-1.2431690156518016e+02,1.4040529445445760e+00,1.0143635729796756e+01,1.0000000000000000e+00,
7.3714575307234509e-01,-1.1481523691516298e-02,9.9999999999982947e-01,3.2870691345540984e-12,-1.4200956334389048e+02,-1.0500993978166662e+01,7.4914897657651913e-03,6.5887427203361995e+00,1.0000000000000000e+00,
7.2407621763100516e-01,-3.9358416059062304e-03,9.9999999999994704e-01,3.4951535967579292e-12,-1.8292601077791187e+02,1.1461420906744024e+01,1.2462614531194571e-03,3.8310450678276311e+00,1.0000000000000000e+00,
7.1978280477547596e-01,-2.5156850021152240e-04,1.0000000000008358e+00,3.5685453773069295e-12,-1.7507821803138359e+02,1.1274491910080542e+01,1.1285713633482808e-01,1.7663452023148238e+00,1.0000000000000000e+00,
9.9804470572546400e-01,-1.2932101822063608e-03,1.0000000001253635e+00,6.7046722933255585e-13,2.8370584496442461e+02,2.6037728854716988e+02,5.0836812941488986e+01,-4.2379488478248959e+00,1.0000000000000000e+00,
9.5505359914555565e-01,-1.3266096858093395e-03,1.0000000000938605e+00,1.3409864718073059e-12,4.7407965444945148e+02,2.3301876484329114e+02,4.2492731930288130e-02,-1.0754129969188853e+00,1.0000000000000000e+00,
9.1297483614648389e-01,-1.5986754145736770e-03,1.0000000000230254e+00,1.9613897457187872e-12,4.8092716533938074e+02,3.4615472835866967e+01,4.8276461148843985e-02,3.2926691037501996e+00,1.0000000000000000e+00,
8.5290068878250791e-01,-1.6954786022564021e-03,1.0000000000061198e+00,2.5061048137622287e-12,3.8027326071023708e+02,-5.1909845038608182e+00,4.5751992794007545e-02,5.7301120014608387e+00,1.0000000000000000e+00,
7.9128385112057631e-01,-9.6344482686199656e-04,1.0000000000039402e+00,2.9540333068303861e-12,9.1541668758145534e+01,-3.9814829182432732e+00,3.9305218396140651e-02,5.8323421770670620e+00,1.0000000000000000e+00,
7.4982767902891778e-01,-4.0386447955985752e-04,1.0000000000058935e+00,3.2884552155723479e-12,-8.0897222159183002e+01,-1.3385319636654458e+00,9.1261812470154122e-03,5.2170882345636755e+00,1.0000000000000000e+00,
7.2998929229699705e-01,-1.4077191330227290e-04,1.0000000000064648e+00,3.4966235229081751e-12,-1.5599454656658054e+02,-2.7121122047901736e-01,4.6105958835325651e-03,3.5787585016113326e+00,1.0000000000000000e+00,
7.2235499150736682e-01,-8.6798216425369120e-06,1.0000000000055258e+00,3.5700390685322149e-12,-1.7624661689859931e+02,-4.2802285577181465e-03,9.5168198939656515e-02,1.7545550289293601e+00,1.0000000000000000e+00,

