1
1
9
0
(56 0
((0,80) (15,95) (0,0))
((16,80) (31,95) (0,0))
((32,80) (47,95) (0,0))
((48,80) (63,95) (0,0))
((64,80) (79,95) (0,0))
((80,80) (95,95) (0,0))
((96,80) (111,95) (0,0))
((112,80) (119,95) (0,0))
((0,96) (15,111) (0,0))
((16,96) (31,111) (0,0))
((32,96) (47,111) (0,0))
((48,96) (63,111) (0,0))
((64,96) (79,111) (0,0))
((80,96) (95,111) (0,0))
((96,96) (111,111) (0,0))
((112,96) (119,111) (0,0))
((0,112) (15,127) (0,0))
((16,112) (31,127) (0,0))
((32,112) (47,127) (0,0))
((48,112) (63,127) (0,0))
((64,112) (79,127) (0,0))
((80,112) (95,127) (0,0))
((96,112) (111,127) (0,0))
((112,112) (119,127) (0,0))
((0,128) (15,143) (0,0))
((16,128) (31,143) (0,0))
((32,128) (47,143) (0,0))
((48,128) (63,143) (0,0))
((64,128) (79,143) (0,0))
((80,128) (95,143) (0,0))
((96,128) (111,143) (0,0))
((112,128) (119,143) (0,0))
((0,144) (15,159) (0,0))
((16,144) (31,159) (0,0))
((32,144) (47,159) (0,0))
((48,144) (63,159) (0,0))
((64,144) (79,159) (0,0))
((80,144) (95,159) (0,0))
((96,144) (111,159) (0,0))
((112,144) (119,159) (0,0))
((0,160) (15,175) (0,0))
((16,160) (31,175) (0,0))
((32,160) (47,175) (0,0))
((48,160) (63,175) (0,0))
((64,160) (79,175) (0,0))
((80,160) (95,175) (0,0))
((96,160) (111,175) (0,0))
((112,160) (119,175) (0,0))
((0,176) (15,183) (0,0))
((16,176) (31,183) (0,0))
((32,176) (47,183) (0,0))
((48,176) (63,183) (0,0))
((64,176) (79,183) (0,0))
((80,176) (95,183) (0,0))
((96,176) (111,183) (0,0))
((112,176) (119,183) (0,0))
)
56
FabOnDisk: Cell_D_00000 0
FabOnDisk: Cell_D_00000 18515
FabOnDisk: Cell_D_00000 37031
FabOnDisk: Cell_D_00000 55547
FabOnDisk: Cell_D_00000 74063
FabOnDisk: Cell_D_00000 92579
FabOnDisk: Cell_D_00000 111095
FabOnDisk: Cell_D_00000 129612
FabOnDisk: Cell_D_00000 138914
FabOnDisk: Cell_D_00000 157430
FabOnDisk: Cell_D_00000 175947
FabOnDisk: Cell_D_00000 194464
FabOnDisk: Cell_D_00000 212981
FabOnDisk: Cell_D_00000 231498
FabOnDisk: Cell_D_00000 250015
FabOnDisk: Cell_D_00000 268533
FabOnDisk: Cell_D_00000 277836
FabOnDisk: Cell_D_00000 296353
FabOnDisk: Cell_D_00000 314871
FabOnDisk: Cell_D_00000 333389
FabOnDisk: Cell_D_00000 351907
FabOnDisk: Cell_D_00000 370425
FabOnDisk: Cell_D_00000 388943
FabOnDisk: Cell_D_00000 407462
FabOnDisk: Cell_D_00000 416766
FabOnDisk: Cell_D_00000 435283
FabOnDisk: Cell_D_00000 453801
FabOnDisk: Cell_D_00000 472319
FabOnDisk: Cell_D_00000 490837
FabOnDisk: Cell_D_00000 509355
FabOnDisk: Cell_D_00000 527873
FabOnDisk: Cell_D_00000 546392
FabOnDisk: Cell_D_00000 555696
FabOnDisk: Cell_D_00000 574213
FabOnDisk: Cell_D_00000 592731
FabOnDisk: Cell_D_00000 611249
FabOnDisk: Cell_D_00000 629767
FabOnDisk: Cell_D_00000 648285
FabOnDisk: Cell_D_00000 666803
FabOnDisk: Cell_D_00000 685322
FabOnDisk: Cell_D_00000 694626
FabOnDisk: Cell_D_00000 713143
FabOnDisk: Cell_D_00000 731661
FabOnDisk: Cell_D_00000 750179
FabOnDisk: Cell_D_00000 768697
FabOnDisk: Cell_D_00000 787215
FabOnDisk: Cell_D_00000 805733
FabOnDisk: Cell_D_00000 824252
FabOnDisk: Cell_D_00000 833556
FabOnDisk: Cell_D_00000 842857
FabOnDisk: Cell_D_00000 852159
FabOnDisk: Cell_D_00000 861461
FabOnDisk: Cell_D_00000 870763
FabOnDisk: Cell_D_00000 880065
FabOnDisk: Cell_D_00000 889367
FabOnDisk: Cell_D_00000 898670

56,9
-1.7607879061887202e-01,-9.3476537026264805e-01,9.9955273787573917e-01,1.0532939867362555e-14,-1.4091157035928157e+06,-1.6767776547679354e+07,1.7801773110992514e-01,-1.6853976216160440e+03,1.0000000000000000e+00,
1.4341161873601299e-01,-1.5061590178130582e-01,9.9999503595271222e-01,3.4829276435337385e-13,-1.6157430037291660e+06,-8.0905532775585968e+06,6.2611335006452773e-01,-1.1353428402498323e+03,1.0000000000000000e+00,
5.5943798100163378e-01,-9.2836090545160649e-02,9.9999818208515012e-01,6.8859810420974916e-13,-5.2669265636982545e+06,-6.5894521777435355e+06,9.0111047191143712e-03,-8.0143477539514686e+02,1.0000000000000000e+00,
3.3837239541606917e-01,-7.9253983698584862e-01,9.9999999939727158e-01,1.0323921153726167e-12,-7.7946376536974395e+06,-6.4328407297860794e+06,1.6508548580089766e-01,-8.0588307349004424e+02,1.0000000000000000e+00,
6.5346254350838309e-02,-6.3021459910192446e-01,9.9995377253689444e-01,1.3627131886752203e-12,-7.5340465307528796e+06,-8.7127059843022041e+06,6.0726474995197854e-01,-7.0226407774146742e+02,1.0000000000000000e+00,
-1.2587176240686085e-01,-4.2075640839604705e-01,9.9997956870546911e-01,1.6781908670864576e-12,-5.0508948555519050e+06,-6.1690858473025765e+06,1.8724734842783057e+00,-7.4888533426821891e+02,1.0000000000000000e+00,
-5.8374453043548202e-01,-7.5753347423786666e-01,9.9987185768185949e-01,1.9758726062769523e-12,-4.1388870791980340e+06,-5.9345477480223393e+06,1.1926998633775554e+00,-5.8764810139370377e+02,1.0000000000000000e+00,
4.6480325152290869e-01,-2.6907901668425660e-01,9.9999999999987788e-01,2.2538717836511837e-12,-2.4911283340076939e+06,-8.4520782212009514e+05,2.3101497527965087e+00,-1.7738888242033477e+02,1.0000000000000000e+00,
-1.8479291521081403e-01,-2.9867111916825845e-01,9.9998974193517287e-01,1.0341815801132769e-14,-3.8764668788957456e+06,-1.4826429398473112e+07,7.8098714171492034e-01,-3.0870472655902927e+03,1.0000000000000000e+00,
-5.3610445703091925e-01,-1.8980654282479342e-01,9.9988302870096368e-01,3.4127654240166754e-13,-1.8241176812931299e+06,-1.0019453845305936e+07,2.0471969847039144e+00,-2.3366882919092577e+03,1.0000000000000000e+00,
4.5490096855866297e-03,-6.1584000566809372e-01,9.9991062336470915e-01,6.7234676925715432e-13,-7.4863978333532428e+06,-8.5271458759791385e+06,1.2305722536398374e+01,-1.4795363014036379e+03,1.0000000000000000e+00,
-1.4550939103583682e-01,-5.7777866123118882e-01,9.9992291557239454e-01,1.0326062107746582e-12,-1.3075468791638473e+06,-8.8786460835371155e+05,2.2504472331276837e+00,-1.0927554640924172e+03,1.0000000000000000e+00,
-9.1363066895626593e-02,-5.4950424946713783e-01,9.9992092489189788e-01,1.3685538906818218e-12,-1.1150129422931280e+07,-9.5115445031553153e+06,6.4189047408209632e-01,-9.6013766525879043e+02,1.0000000000000000e+00,
-2.8539068324225586e-01,-6.5070431633527204e-01,9.9987684073373140e-01,1.6836608685615624e-12,-1.9996804669263223e+06,-2.9957971512777731e+06,2.2081542840892610e-01,-7.5144480937709534e+02,1.0000000000000000e+00,
-6.0684070515095123e-01,-8.5247280510347589e-01,9.9999606278171604e-01,1.9794293378529797e-12,-2.2442229794413187e+07,-6.7383323549822648e+05,5.6421417721925913e+00,-2.6879600050951001e+02,1.0000000000000000e+00,
8.8024388143934351e-01,-5.7466989861970574e-01,1.0000000000001639e+00,2.2562462816209609e-12,-3.4523732925551985e+06,-1.6913277184502539e+05,1.0915330209486429e+00,-8.6555778386939551e+01,1.0000000000000000e+00,
-2.7124443760745071e-01,-3.2347550867194225e-01,9.9999156730762118e-01,1.0216913333212426e-14,-5.2971869577168729e+06,-1.1293069505296506e+07,1.9815285523737458e+00,-3.7986719411874192e+03,1.0000000000000000e+00,
-5.1700598319424085e-01,-7.1308087484901528e-01,9.9990866167351478e-01,3.3583553028993402e-13,-2.4781407702671648e+06,-6.2432569895447046e+06,3.9479425643560440e-01,-2.8692537246287784e+03,1.0000000000000000e+00,
-4.0757187912045145e-01,-6.8024876508007381e-01,0.0000000000000000e+00,0.0000000000000000e+00,0.0000000000000000e+00,-1.9532159077929246e+05,0.0000000000000000e+00,-4.8664137402654378e+03,0.0000000000000000e+00,
-4.1673978208111179e-01,-4.2245573707369405e-01,0.0000000000000000e+00,0.0000000000000000e+00,-8.4532753928313777e+06,-2.6716994949865118e+06,0.0000000000000000e+00,-4.4270993258372437e+03,0.0000000000000000e+00,
-1.2365331891697516e-01,-5.2304633002510403e-01,9.9984419516932543e-01,1.3867600125900795e-12,-6.8403963234696193e+06,-2.0641644524558184e+06,3.0799589856889718e+00,-9.4268908937160654e+02,1.0000000000000000e+00,
2.4122154739915810e-01,-7.2258210100912657e-01,9.9995794519938275e-01,1.6926354119111097e-12,9.2235797703164149e+04,-1.3297804720689692e+04,4.2406571014299566e-01,-7.2999303772726921e+02,1.0000000000000000e+00,
-4.8150312429120407e-01,-9.3396837497956897e-01,9.9985898976137788e-01,1.9838391219943464e-12,-2.2494206894677132e+07,-2.6176121725880544e+05,2.7543942371161645e+00,-1.4841873382860456e+02,1.0000000000000000e+00,
3.9494391836826653e-01,-6.7942874773458328e-01,9.9999999998320643e-01,2.2591368957732010e-12,-4.3505977247116147e+06,-7.5116756309639814e+05,1.0297976856911291e+00,-2.8892683780770653e+01,1.0000000000000000e+00,
-2.6331520374984746e-01,-7.6562454612911812e-01,9.9996869305648939e-01,1.0217361461153794e-14,-5.6126592631199043e+06,-2.1771240513158254e+06,2.9934201341317390e-01,-3.9000919380064529e+03,1.0000000000000000e+00,
-2.6543205053929209e-01,-5.7218791926079904e-01,9.9987797839427994e-01,3.3585776301719449e-13,1.0360150448396234e+04,-4.2276168265929753e+06,1.2852947891087396e-01,-2.9008139211354523e+03,1.0000000000000000e+00,
-1.4981245648011440e-01,-9.5223776070343980e-01,0.0000000000000000e+00,0.0000000000000000e+00,0.0000000000000000e+00,-1.1474910369944923e+05,0.0000000000000000e+00,-4.8323211787341470e+03,0.0000000000000000e+00,
-4.8041264396207456e-01,-9.8656249653495764e-01,0.0000000000000000e+00,0.0000000000000000e+00,-1.2158496488514772e+07,-7.8169764681098619e+06,0.0000000000000000e+00,-4.3456943574952438e+03,0.0000000000000000e+00,
1.4414569367225760e-01,-1.1292035347562350e+00,9.9995776481855270e-01,1.3894737015653477e-12,-1.3687963989422707e+07,-2.2198153532692585e+06,5.5020956438663582e-01,-9.8195655454182372e+02,1.0000000000000000e+00,
-2.1232422088174815e-01,-9.5879337287143518e-01,9.9998561372444106e-01,1.6959359834296975e-12,7.6467431246680382e+04,-1.9857125412245360e+05,5.9514442232213138e+00,-9.8798566084293691e+02,1.0000000000000000e+00,
-6.4300983702571490e-01,-4.0467668197417672e-01,9.9999851787850214e-01,1.9873053356850818e-12,-1.6952861753422298e+07,-3.6408149013590110e+06,8.8916712650708263e-01,-1.4536830876583304e+02,1.0000000000000000e+00,
4.9373321628618477e-01,-1.5658248594619040e-01,9.9999999999635147e-01,2.2619658309603165e-12,-3.4148064124506880e+06,-7.1705212688910728e+05,4.4214902617231155e-01,-6.0260593671457741e+01,1.0000000000000000e+00,
-7.6803289371249950e-01,-9.4388189211537821e-01,9.9987422887212052e-01,1.0358955578891032e-14,-2.0666698804694400e+06,4.7635725924417784e+03,1.7560555144456060e+00,-3.7869290012550700e+03,1.0000000000000000e+00,
-4.8737954638405073e-01,-7.9136731601509080e-01,9.9991085067685270e-01,3.4199970341164629e-13,-1.7183968168000756e+06,-2.4768694690905963e+06,4.1050264609089560e+00,-2.3954907808374783e+03,1.0000000000000000e+00,
-8.0514578745112496e-03,-8.6395642045517718e-01,9.9992107600342250e-01,6.7400175291847986e-13,-1.2176327195182629e+06,8.4536200199304403e+03,8.5090267105375332e+00,-1.9269690352211558e+03,1.0000000000000000e+00,
7.2760562497602502e-02,-8.0737838283383578e-01,9.9994760585616183e-01,1.0362936445962279e-12,-8.5307993626719173e+06,-1.3361415473829834e+06,7.5247927460538655e+00,-9.8621362623673622e+02,1.0000000000000000e+00,
-3.8789517346420838e-01,-8.5063737097814240e-01,9.9995650071171382e-01,1.3741035271258152e-12,-1.2199610888872884e+07,-7.1017365593455359e+05,8.3371467874095728e-01,-9.6113057780312965e+02,1.0000000000000000e+00,
8.3323702956605336e-02,-1.3613781357897499e+00,9.9997242067864878e-01,1.6903528716073141e-12,-1.0137650805105916e+06,-9.1758480454372487e+05,5.8662350489014550e+00,-8.9068026480530500e+02,1.0000000000000000e+00,
-1.0296574481292706e+00,-7.6240876919658107e-01,9.9999803359578099e-01,1.9872184558473826e-12,-1.6000027863579854e+07,-2.6341795853530364e+06,2.3514225262430744e+00,-3.2585310489060953e+02,1.0000000000000000e+00,
1.0778306227855412e+00,-7.2186861636134936e-01,9.9999999958846886e-01,2.2636477198897984e-12,-3.3891335014866018e+06,-4.7515974885918561e+05,1.2600581617878692e+00,-2.0366814257278452e+02,1.0000000000000000e+00,
-2.9741506759177089e-01,-1.4159488084754668e+00,9.9986620433213602e-01,1.0578060313438005e-14,-1.4980121833519919e+06,1.5375413224809786e+05,2.4995298111351261e+00,-2.6701857418565496e+03,1.0000000000000000e+00,
-2.2818084813373132e-01,-1.1320973808103638e+00,9.9998039542365225e-01,3.4988226992959774e-13,-3.5940784559743693e+06,-2.0649748315556226e+06,5.2358775178025159e+00,-1.7981374706858742e+03,1.0000000000000000e+00,
3.8110082201539680e-01,-5.3683897711528394e-01,9.9999142749693049e-01,6.9158590303870275e-13,-5.7175439210091708e+06,-6.7986764804141549e+05,1.5085121890744402e+00,-1.1076023056691174e+03,1.0000000000000000e+00,
4.4374317590140283e-01,-5.7169853793021363e-01,9.9999022924661651e-01,1.0370187434922289e-12,-4.8102084990976173e+06,-9.0814371279505792e+05,1.2340096743992390e-01,-8.6737456516282100e+02,1.0000000000000000e+00,
9.2452702001120282e-02,-8.8064636083868697e-01,9.9994380243446657e-01,1.3706636214254903e-12,-1.1372495692182048e+06,-5.2628607022915757e+05,1.6426214010345497e-01,-8.8199984916064716e+02,1.0000000000000000e+00,
-5.1574712821158006e-03,-7.5001143821077232e-01,9.9999030991297311e-01,1.6878291847701632e-12,-3.6916332767502759e+06,-1.8412925289890086e+06,2.9732084881775833e-01,-8.0889124043240679e+02,1.0000000000000000e+00,
-1.2717972025601043e-01,-8.6534539779927011e-01,9.9998729339908354e-01,1.9870272272066269e-12,-3.9423259153063786e+06,-3.5784985573439202e+06,2.7093959236538900e+00,-5.4309531291226585e+02,1.0000000000000000e+00,
2.0468450040132588e-01,-5.3998315402509856e-01,9.9999999998853084e-01,2.2650993958814344e-12,-3.6605103533708369e+06,-3.0744125002954127e+06,1.9430903235498675e+00,-3.6745633449275590e+02,1.0000000000000000e+00,
7.3185187220236625e-01,-7.4563143536165122e-01,9.9999565090947573e-01,1.0716581453046272e-14,-7.3257571623313634e+03,8.6888755527974135e+04,7.7973307118828217e-02,-9.4901081383994608e+02,1.0000000000000000e+00,
5.0450700716990893e-01,-7.2263471304380189e-01,9.9999999996112976e-01,3.5417957929273292e-13,-6.0246091046008328e+05,-9.0685764243001293e+05,4.2036120095634288e-02,-5.9277231699605045e+02,1.0000000000000000e+00,
8.9777439103840684e-01,-3.5718854160648350e-01,9.9999999999649103e-01,6.9774674191749078e-13,8.4737307152848365e+05,1.0560303674641484e+06,1.4827367406740066e-01,-4.8371560305085916e+02,1.0000000000000000e+00,
9.1997457041200636e-01,-2.4188044713888740e-01,9.9999999999851386e-01,1.0385405089798142e-12,7.6025469598270091e+05,1.1000175517196818e+06,2.2181943757679790e-01,-3.6580572230935036e+02,1.0000000000000000e+00,
9.0024876524394859e-01,-2.5222740810611510e-01,9.9999999999932676e-01,1.3702887199528253e-12,6.2491664568020951e+05,8.5774035007334943e+05,2.6802277504991423e-01,-3.2142149420010639e+02,1.0000000000000000e+00,
7.9018819874669133e-01,-4.6788352206668377e-01,9.9999999999956957e-01,1.6874109782823970e-12,3.7975291266389098e+05,9.8963266367214581e+05,2.4241461864781044e+00,-3.5524950993175969e+02,1.0000000000000000e+00,
7.7772744094879009e-01,-8.5284539159711559e-01,9.9999999999955858e-01,1.9870780966871459e-12,-1.0567077241873878e+05,-1.5495266115656943e+05,1.5439579723916630e+00,-3.7789720248466563e+02,1.0000000000000000e+00,
3.6854622570898588e-01,-8.2676666187510828e-01,9.9999999999962308e-01,2.2667177233730324e-12,-9.0077338630029850e+05,-4.3846021735039412e+05,1.9452205307564086e-01,-3.7083352454279543e+02,1.0000000000000000e+00,

56,9
1.3468553650066830e+00,9.0979836407731773e-01,1.0002886180656776e+00,3.3055677452146422e-13,5.0759256935781874e+06,-9.4559524323108635e+04,2.8934004652681519e+03,-1.2740350949784511e+02,1.0000000000000000e+00,
1.4928903666320059e+00,9.6996548992050613e-01,1.0000034509781806e+00,6.7210474934138879e-13,6.2665201886474369e+06,8.4898359129220375e+05,2.3356071934474121e+03,-5.1450971300759420e+01,1.0000000000000000e+00,
1.4224491184702597e+00,9.2425868015542567e-01,1.0000000519035319e+00,1.0113855269986768e-12,3.9380896552575026e+06,3.5296723741605901e+06,2.0086104280054481e+03,-4.5952985856118175e+01,1.0000000000000000e+00,
1.5023740108420953e+00,7.1039081139281457e-01,1.0000000001184584e+00,1.3475759843591014e-12,2.0787389023249345e+06,5.6557419263976626e+05,2.2404706390524170e+03,-6.8415567280846062e+01,1.0000000000000000e+00,
2.0125872271998770e+00,8.8072747629025039e-01,1.0000062455972101e+00,1.6640897605315275e-12,4.0325687565345946e+06,2.5956004732888420e+06,2.5190753177015335e+03,-6.4549689114782836e+01,1.0000000000000000e+00,
1.5437681410348751e+00,8.8420666636500311e-01,1.0000579632821029e+00,1.9612208644078263e-12,4.8571961580796242e+06,5.5362467063741712e+06,2.1963508561318458e+03,-6.2630573083916943e+01,1.0000000000000000e+00,
1.5928784413130217e+00,1.2048302385769825e+00,1.0000896757232673e+00,2.2393208886943687e-12,4.3802909292977462e+06,2.9317986868457915e+06,2.5286465375692533e+03,3.1245501506046639e+02,1.0000000000000000e+00,
1.3628939535078948e+00,9.6692936133328555e-01,1.0000000000003484e+00,2.3707696562285870e-12,-4.3241106111891640e+04,1.6882412564231269e+06,1.4637744314597808e+03,7.7005838772702532e+01,1.0000000000000000e+00,
1.3178462302139886e+00,1.6193565648003270e+00,1.0001051573159205e+00,3.2682144969547025e-13,9.1988903472764101e+06,-1.4562879222814378e+05,2.1055369997594826e+03,-1.3024015715253313e+03,1.0000000000000000e+00,
1.3442611865821736e+00,1.2660027401046463e+00,1.0000565541514999e+00,6.6666944109485495e-13,2.9504841887881896e+06,-7.3018282960465236e+04,3.0609833930325076e+03,-4.9001973260719592e+02,1.0000000000000000e+00,
1.9046625225293301e+00,9.4592874470147248e-01,1.0000416685175764e+00,1.0110676302753711e-12,3.4126440779601280e+06,1.3995040531180152e+06,2.7031643368625587e+03,-4.8823605020199159e+02,1.0000000000000000e+00,
1.6121140506228717e+00,7.6528471024526656e-01,1.0001234794338385e+00,1.3649293789092032e-12,4.8788896119740035e+05,1.8795497256878675e+06,2.5103144923721807e+03,-4.3252176091776073e+02,1.0000000000000000e+00,
1.9149206255030735e+00,1.0924025443654892e+00,1.0001452300620930e+00,1.6733345819204625e-12,7.3453067295654677e+05,5.2884926087423768e+06,2.4267025355479427e+03,-2.9959659988948886e+02,1.0000000000000000e+00,
1.3095224693431491e+00,8.9603936551099761e-01,1.0000435947065154e+00,1.9657869583362229e-12,2.5990119957670160e+06,1.7154437441797811e+06,3.6770621335706837e+03,-1.5736749583270250e+02,1.0000000000000000e+00,
2.3911707949934420e+00,4.9299858529498741e-01,1.0000094258608119e+00,2.2422663603213422e-12,3.6872853129110136e+05,5.4959270588998133e+06,3.1875298425686701e+03,5.1280876771368094e+02,1.0000000000000000e+00,
1.4728127560174520e+00,2.5849515320462080e-01,1.0000000000010203e+00,2.3733878469606680e-12,-1.8590081503434447e+06,8.9229748194864835e+05,1.3839604590700092e+03,-6.2189725016336297e+00,1.0000000000000000e+00,
1.1160045994680428e+00,9.4529634713356769e-01,1.0000048861242821e+00,3.2015807127194764e-13,2.0150385499333744e+06,2.0597249577162191e+06,2.4950771796140521e+03,-2.4903965089777475e+03,1.0000000000000000e+00,
1.3716812350856669e+00,6.8550892106757122e-01,1.0001195773523444e+00,6.4967003002056345e-13,5.0122427036202196e+06,3.3849755158345341e+06,2.4902948126928759e+03,-1.6031949171666665e+03,1.0000000000000000e+00,
1.5588337203958826e+00,1.1273466139439141e+00,1.0000964942366726e+00,1.0097704206080598e-12,2.2624655070696314e+05,3.2109268684023846e+03,4.2864176644689333e+03,0.0000000000000000e+00,1.0000000000000000e+00,
1.7519845686943987e+00,7.8730865335765976e-01,1.0000803127241933e+00,1.3977833207094873e-12,2.8081991530170254e+06,2.1267885050504943e+06,5.8249022035862899e+03,0.0000000000000000e+00,1.0000000000000000e+00,
1.8296993856480070e+00,9.1266205611933338e-01,1.0000724557917180e+00,1.6809287159464232e-12,2.0291083297301398e+05,3.2190646745220558e+06,4.0912402487667368e+03,-6.4303590104972272e+02,1.0000000000000000e+00,
2.0222855489381977e+00,4.7823073441576447e-01,1.0000423465164552e+00,1.9694821721621492e-12,1.4805907017839348e+05,1.7524814678030132e+04,4.3629984033026531e+03,-1.5796658978619848e+02,1.0000000000000000e+00,
2.4534180672204320e+00,8.0583098339393244e-01,1.0001090601322837e+00,2.2451893587794192e-12,2.5377195193769311e+05,1.2170641915993025e+06,5.1589468347235852e+03,4.7571072221772272e+02,1.0000000000000000e+00,
2.0160768679102739e+00,6.3696228207217298e-01,1.0000000000032765e+00,2.3761825598156018e-12,-4.3284812719414273e+04,8.9640529634302785e+05,2.3112571022117518e+03,1.2035023387863896e+02,1.0000000000000000e+00,
1.4101960051662383e+00,4.5169540890513965e-01,1.0000419875539903e+00,3.2078219167895641e-13,4.7128957721656235e+06,1.1497600874701113e+07,2.7794747066981718e+03,-2.5330466618882310e+03,1.0000000000000000e+00,
1.4299787730181348e+00,6.5520885261361894e-01,1.0001369856960773e+00,6.5115869963466484e-13,7.7324026132852705e+06,3.5778690939842691e+06,2.3408163633626850e+03,-1.8955280321702048e+03,1.0000000000000000e+00,
1.4648686885314710e+00,6.8303275439847211e-01,1.0000520210635799e+00,1.0120660729670987e-12,3.2343382659544126e+05,1.8253197689876778e+05,4.4145279834695630e+03,0.0000000000000000e+00,1.0000000000000000e+00,
1.7481642813659608e+00,6.2563188418747340e-01,1.0000830149989328e+00,1.3978487843787641e-12,2.3356422422002058e+05,1.9033826491148542e+06,6.3246565808447740e+03,0.0000000000000000e+00,1.0000000000000000e+00,
2.1883461862712950e+00,5.2997834917020259e-01,1.0000241541079631e+00,1.6810943395041432e-12,2.4730439737462829e+05,7.8988437486001719e+06,3.9652181649706017e+03,-4.7475952273144378e+02,1.0000000000000000e+00,
2.1036036176203274e+00,7.4711044237908764e-01,1.0000235498562695e+00,1.9701721356706847e-12,3.1753479567079805e+05,1.2232230125313764e+05,5.2947673994532133e+03,-1.7432898041602186e+02,1.0000000000000000e+00,
2.1918917617649818e+00,8.4723149818021415e-01,1.0000033018963606e+00,2.2468676568680188e-12,2.1540420659007429e+05,1.8101784634780796e+05,3.5070230532526793e+03,4.5634342337471776e+02,1.0000000000000000e+00,
1.3317224567476842e+00,4.9726124948214318e-01,1.0000000000005256e+00,2.3781882620910939e-12,-2.5149186369089088e+06,1.2491111109413207e+05,1.2376363320203918e+03,8.2673569452808124e+01,1.0000000000000000e+00,
1.2257600575179963e+00,4.6408410966336516e-01,1.0000736226787883e+00,3.2827251171405862e-13,2.0519987607327290e+06,1.4382649389147906e+07,3.1490419362035464e+03,-1.9834249614006574e+03,1.0000000000000000e+00,
1.4639556094190427e+00,5.7035728326959356e-01,1.0000683068692409e+00,6.6947815705987801e-13,6.7081116867959043e+06,7.6104703079101704e+06,3.2188226763197185e+03,-1.2090285016144426e+03,1.0000000000000000e+00,
1.2847944227523596e+00,2.8301758028745633e-01,1.0000531136125981e+00,1.0153405569915221e-12,4.2603342052710167e+05,1.4770904037129399e+06,2.3210223990539853e+03,-4.2139972480113681e+02,1.0000000000000000e+00,
2.0095328201011045e+00,5.5320748446428136e-01,1.0000631660796269e+00,1.3677881159125268e-12,3.0839990685480414e+05,4.6842617413993888e+06,2.8347104635384790e+03,-4.9239246053534816e+02,1.0000000000000000e+00,
1.7585137165443605e+00,2.2921005192792104e-01,1.0000513526809418e+00,1.6768251489763299e-12,2.9416097624964180e+05,6.4277769610717781e+06,2.7653790368862424e+03,-3.4527772781551357e+02,1.0000000000000000e+00,
1.5374480064439826e+00,9.8147536774882771e-01,1.0000214462619252e+00,1.9699980717752901e-12,1.2829155205505861e+06,1.8823519343963577e+06,3.1367685349038134e+03,-1.8042390833511081e+02,1.0000000000000000e+00,
2.1061839125299460e+00,7.0975145590809652e-01,1.0000108708203110e+00,2.2482789534916186e-12,1.4759703602605332e+06,1.9951986817388867e+06,4.2256968889887094e+03,4.4217702502745635e+02,1.0000000000000000e+00,
1.4808915163791523e+00,3.2747262466840676e-01,1.0000000000005613e+00,2.3801654784630419e-12,-2.1598332366556050e+06,8.7373311525212240e+05,1.8025730582914457e+03,3.1512761114822752e-01,1.0000000000000000e+00,
1.0907346375037572e+00,6.7382638489337321e-01,1.0001052564718627e+00,3.3251405989110717e-13,1.2880354006846279e+06,1.3980118749778321e+07,3.0457029098128737e+03,-6.8870431785397795e+02,1.0000000000000000e+00,
1.6862483796597876e+00,1.2192405133173190e-01,1.0000250838816545e+00,6.7607875421440703e-13,1.7319796951818324e+06,8.9321168566718344e+06,2.7796117852490356e+03,-4.0364556602928008e+02,1.0000000000000000e+00,
1.4532672455250626e+00,4.7637418862865744e-01,1.0000047948850539e+00,1.0173248244613090e-12,3.3268179392531066e+05,4.6453680525950091e+06,2.0022221630057172e+03,-3.5179816010393972e+02,1.0000000000000000e+00,
1.5350999815072952e+00,2.0909076242569111e-01,1.0000049370623492e+00,1.3532220660619715e-12,1.8678287607225154e+06,7.4009543465587981e+06,1.0138380441944677e+03,-3.6678643921484388e+02,1.0000000000000000e+00,
1.3180380651789652e+00,2.7528996797624239e-01,1.0000040006531079e+00,1.6709161366694019e-12,2.5456556407259782e+06,3.1516660907947957e+06,2.7552591723687565e+03,-2.6173180144270759e+02,1.0000000000000000e+00,
1.4064153762484917e+00,4.6215022314573262e-01,1.0000148306853165e+00,1.9691669469799240e-12,9.4919780795493640e+05,4.8308729549083123e+06,2.0377647900231200e+03,-2.7887104020565880e+02,1.0000000000000000e+00,
1.4688981565611223e+00,8.9453592129736259e-01,1.0000022233668078e+00,2.2497737054072798e-12,4.3670684808993610e+06,4.3969598129523601e+06,2.7870399977160291e+03,-2.0264737672253773e+01,1.0000000000000000e+00,
1.4678623905272610e+00,4.8607118843994412e-01,1.0000000000008229e+00,2.3821841422866941e-12,8.7967462852912126e+04,5.4084450802702177e+05,1.8129670168827602e+03,7.4387730844480302e+00,1.0000000000000000e+00,
1.3073888237100819e+00,2.2541498030887255e-01,1.0000004809238596e+00,3.3371594454044680e-13,3.0998633170435210e+06,8.4289888008236270e+06,1.1318449141247615e+03,-7.3177764959652450e+01,1.0000000000000000e+00,
1.1794718639480581e+00,5.1322976797350088e-02,9.9999999999805311e-01,6.7773283843150503e-13,2.6226174176443806e+06,2.6275114889178611e+06,4.7883574097348355e+02,-4.3158730227912656e+01,1.0000000000000000e+00,
9.6722613305993843e-01,-2.1647451933748685e-01,9.9999999999973055e-01,1.0181139652190112e-12,1.3323744408835866e+06,1.8956522771986534e+06,9.8461191953412808e+01,-3.0706646755643987e+01,1.0000000000000000e+00,
9.7663266119860936e-01,-2.1275686227425814e-01,1.0000000000003650e+00,1.3502284264023198e-12,1.0565450239809952e+06,1.3689385375672784e+06,7.6621871491269161e+01,-2.4084500805764264e+01,1.0000000000000000e+00,
9.6073538819442161e-01,-2.0522211811750224e-01,1.0000000000009837e+00,1.6684328174943396e-12,1.1596506106683442e+06,1.3048078387904167e+06,1.2824333251260992e+02,-1.4927880266033185e+01,1.0000000000000000e+00,
9.9053878794216155e-01,-2.4042819493906262e-01,1.0000000000010663e+00,1.9690520684861522e-12,1.4051265805826003e+06,1.9847926586618081e+06,3.2739020261293689e+02,-1.3310241912794936e+01,1.0000000000000000e+00,
1.2668120137935837e+00,-2.0165921247899085e-01,1.0000000000006750e+00,2.2504613407735302e-12,1.5997209966801906e+06,1.6440879922379008e+06,8.5737119274437316e+02,-6.2420660279134381e+00,1.0000000000000000e+00,
1.0771292077217791e+00,-1.2066918226218524e-02,9.9999999999985834e-01,2.3830843255732685e-12,1.7006498141549609e+05,1.0070713081383138e+06,3.9987718904743360e+02,1.2997518428900207e+01,1.0000000000000000e+00,

