1
1
1
1
(113 0
((0,152) (16,168) (1,1))
((0,168) (16,176) (1,1))
((24,152) (40,168) (1,1))
((224,152) (240,168) (1,1))
((72,160) (88,168) (1,1))
((184,160) (192,168) (1,1))
((40,168) (56,184) (1,1))
((40,184) (56,192) (1,1))
((56,168) (72,184) (1,1))
((120,168) (128,176) (1,1))
((208,168) (216,176) (1,1))
((136,176) (152,192) (1,1))
((152,176) (168,192) (1,1))
((200,176) (216,192) (1,1))
((168,184) (176,200) (1,1))
((0,192) (16,208) (1,1))
((48,192) (56,200) (1,1))
((96,168) (112,184) (1,1))
((96,184) (112,200) (1,1))
((128,192) (136,208) (1,1))
((160,192) (168,208) (1,1))
((192,192) (208,208) (1,1))
((208,192) (216,208) (1,1))
((224,192) (240,208) (1,1))
((240,192) (248,208) (1,1))
((224,208) (240,224) (1,1))
((240,208) (248,224) (1,1))
((224,224) (240,232) (1,1))
((240,224) (248,232) (1,1))
((32,200) (40,216) (1,1))
((136,200) (144,216) (1,1))
((136,216) (144,232) (1,1))
((112,208) (128,224) (1,1))
((112,224) (128,232) (1,1))
((176,208) (184,224) (1,1))
((184,208) (200,224) (1,1))
((200,208) (216,224) (1,1))
((184,224) (200,232) (1,1))
((200,224) (216,232) (1,1))
((56,216) (72,232) (1,1))
((40,224) (48,232) (1,1))
((160,224) (168,240) (1,1))
((8,232) (16,240) (1,1))
((24,232) (32,240) (1,1))
((80,232) (96,248) (1,1))
((96,232) (112,248) (1,1))
((112,232) (120,248) (1,1))
((80,248) (96,264) (1,1))
((96,248) (112,264) (1,1))
((112,248) (120,264) (1,1))
((184,232) (192,248) (1,1))
((184,248) (192,264) (1,1))
((232,232) (248,240) (1,1))
((24,240) (40,256) (1,1))
((24,256) (40,264) (1,1))
((216,240) (232,248) (1,1))
((8,248) (24,264) (1,1))
((208,248) (224,264) (1,1))
((224,248) (240,264) (1,1))
((16,264) (24,280) (1,1))
((64,264) (80,280) (1,1))
((80,264) (96,280) (1,1))
((96,264) (112,280) (1,1))
((128,264) (136,272) (1,1))
((184,264) (200,272) (1,1))
((192,272) (208,288) (1,1))
((216,272) (232,288) (1,1))
((0,280) (8,296) (1,1))
((96,280) (112,296) (1,1))
((136,280) (152,296) (1,1))
((152,280) (168,296) (1,1))
((136,296) (152,312) (1,1))
((152,296) (168,312) (1,1))
((168,280) (176,288) (1,1))
((16,288) (32,304) (1,1))
((16,304) (32,312) (1,1))
((168,288) (184,304) (1,1))
((192,288) (208,296) (1,1))
((80,296) (96,312) (1,1))
((96,296) (104,312) (1,1))
((80,312) (96,320) (1,1))
((96,312) (104,320) (1,1))
((192,296) (200,304) (1,1))
((200,296) (216,312) (1,1))
((216,296) (224,312) (1,1))
((56,304) (64,320) (1,1))
((56,320) (64,336) (1,1))
((56,336) (64,352) (1,1))
((56,352) (64,360) (1,1))
((184,304) (192,312) (1,1))
((16,312) (32,328) (1,1))
((32,312) (48,328) (1,1))
((48,312) (56,328) (1,1))
((120,312) (136,328) (1,1))
((120,328) (136,336) (1,1))
((184,312) (200,328) (1,1))
((200,312) (208,328) (1,1))
((208,312) (216,320) (1,1))
((136,320) (144,328) (1,1))
((160,320) (168,328) (1,1))
((0,328) (8,336) (1,1))
((8,328) (24,344) (1,1))
((32,328) (48,344) (1,1))
((88,328) (96,344) (1,1))
((136,328) (152,344) (1,1))
((152,328) (168,344) (1,1))
((184,328) (200,344) (1,1))
((208,328) (224,344) (1,1))
((224,328) (232,344) (1,1))
((8,344) (16,352) (1,1))
((16,344) (32,360) (1,1))
((32,344) (40,360) (1,1))
((48,344) (56,360) (1,1))
)
113
FabOnDisk: SD_1_New_MF_D_00000 0
FabOnDisk: SD_1_New_MF_D_00000 2974
FabOnDisk: SD_1_New_MF_D_00000 4732
FabOnDisk: SD_1_New_MF_D_00000 7706
FabOnDisk: SD_1_New_MF_D_00000 10682
FabOnDisk: SD_1_New_MF_D_00000 12440
FabOnDisk: SD_1_New_MF_D_00000 13496
FabOnDisk: SD_1_New_MF_D_00000 16470
FabOnDisk: SD_1_New_MF_D_00000 18228
FabOnDisk: SD_1_New_MF_D_00000 21202
FabOnDisk: SD_1_New_MF_D_00000 22258
FabOnDisk: SD_1_New_MF_D_00000 23314
FabOnDisk: SD_1_New_MF_D_00000 26290
FabOnDisk: SD_1_New_MF_D_00000 29266
FabOnDisk: SD_1_New_MF_D_00000 32242
FabOnDisk: SD_1_New_MF_D_00000 34002
FabOnDisk: SD_1_New_MF_D_00000 36976
FabOnDisk: SD_1_New_MF_D_00000 38030
FabOnDisk: SD_1_New_MF_D_00000 41005
FabOnDisk: SD_1_New_MF_D_00000 43980
FabOnDisk: SD_1_New_MF_D_00000 45740
FabOnDisk: SD_1_New_MF_D_00000 47500
FabOnDisk: SD_1_New_MF_D_00000 50476
FabOnDisk: SD_1_New_MF_D_00000 52236
FabOnDisk: SD_1_New_MF_D_00000 55212
FabOnDisk: SD_1_New_MF_D_00000 56972
FabOnDisk: SD_1_New_MF_D_00000 59948
FabOnDisk: SD_1_New_MF_D_00000 61708
FabOnDisk: SD_1_New_MF_D_00000 63468
FabOnDisk: SD_1_New_MF_D_00000 64524
FabOnDisk: SD_1_New_MF_D_00000 66282
FabOnDisk: SD_1_New_MF_D_00000 68042
FabOnDisk: SD_1_New_MF_D_00000 69802
FabOnDisk: SD_1_New_MF_D_00000 72778
FabOnDisk: SD_1_New_MF_D_00000 74538
FabOnDisk: SD_1_New_MF_D_00000 76298
FabOnDisk: SD_1_New_MF_D_00000 79274
FabOnDisk: SD_1_New_MF_D_00000 82250
FabOnDisk: SD_1_New_MF_D_00000 84010
FabOnDisk: SD_1_New_MF_D_00000 85770
FabOnDisk: SD_1_New_MF_D_00000 88744
FabOnDisk: SD_1_New_MF_D_00000 89798
FabOnDisk: SD_1_New_MF_D_00000 91558
FabOnDisk: SD_1_New_MF_D_00000 92611
FabOnDisk: SD_1_New_MF_D_00000 93665
FabOnDisk: SD_1_New_MF_D_00000 96639
FabOnDisk: SD_1_New_MF_D_00000 99614
FabOnDisk: SD_1_New_MF_D_00000 101374
FabOnDisk: SD_1_New_MF_D_00000 104348
FabOnDisk: SD_1_New_MF_D_00000 107323
FabOnDisk: SD_1_New_MF_D_00000 109083
FabOnDisk: SD_1_New_MF_D_00000 110843
FabOnDisk: SD_1_New_MF_D_00000 112603
FabOnDisk: SD_1_New_MF_D_00000 114363
FabOnDisk: SD_1_New_MF_D_00000 117337
FabOnDisk: SD_1_New_MF_D_00000 119095
FabOnDisk: SD_1_New_MF_D_00000 120855
FabOnDisk: SD_1_New_MF_D_00000 123828
FabOnDisk: SD_1_New_MF_D_00000 126804
FabOnDisk: SD_1_New_MF_D_00000 129780
FabOnDisk: SD_1_New_MF_D_00000 131538
FabOnDisk: SD_1_New_MF_D_00000 134512
FabOnDisk: SD_1_New_MF_D_00000 137486
FabOnDisk: SD_1_New_MF_D_00000 140461
FabOnDisk: SD_1_New_MF_D_00000 141517
FabOnDisk: SD_1_New_MF_D_00000 143277
FabOnDisk: SD_1_New_MF_D_00000 146253
FabOnDisk: SD_1_New_MF_D_00000 149229
FabOnDisk: SD_1_New_MF_D_00000 150986
FabOnDisk: SD_1_New_MF_D_00000 153961
FabOnDisk: SD_1_New_MF_D_00000 156937
FabOnDisk: SD_1_New_MF_D_00000 159913
FabOnDisk: SD_1_New_MF_D_00000 162889
FabOnDisk: SD_1_New_MF_D_00000 165865
FabOnDisk: SD_1_New_MF_D_00000 166921
FabOnDisk: SD_1_New_MF_D_00000 169895
FabOnDisk: SD_1_New_MF_D_00000 171653
FabOnDisk: SD_1_New_MF_D_00000 174629
FabOnDisk: SD_1_New_MF_D_00000 176389
FabOnDisk: SD_1_New_MF_D_00000 179363
FabOnDisk: SD_1_New_MF_D_00000 181122
FabOnDisk: SD_1_New_MF_D_00000 182880
FabOnDisk: SD_1_New_MF_D_00000 183935
FabOnDisk: SD_1_New_MF_D_00000 184991
FabOnDisk: SD_1_New_MF_D_00000 187967
FabOnDisk: SD_1_New_MF_D_00000 189727
FabOnDisk: SD_1_New_MF_D_00000 191485
FabOnDisk: SD_1_New_MF_D_00000 193243
FabOnDisk: SD_1_New_MF_D_00000 195001
FabOnDisk: SD_1_New_MF_D_00000 196055
FabOnDisk: SD_1_New_MF_D_00000 197111
FabOnDisk: SD_1_New_MF_D_00000 200085
FabOnDisk: SD_1_New_MF_D_00000 203059
FabOnDisk: SD_1_New_MF_D_00000 204817
FabOnDisk: SD_1_New_MF_D_00000 207793
FabOnDisk: SD_1_New_MF_D_00000 209553
FabOnDisk: SD_1_New_MF_D_00000 212529
FabOnDisk: SD_1_New_MF_D_00000 214289
FabOnDisk: SD_1_New_MF_D_00000 215345
FabOnDisk: SD_1_New_MF_D_00000 216401
FabOnDisk: SD_1_New_MF_D_00000 217457
FabOnDisk: SD_1_New_MF_D_00000 218510
FabOnDisk: SD_1_New_MF_D_00000 221483
FabOnDisk: SD_1_New_MF_D_00000 224457
FabOnDisk: SD_1_New_MF_D_00000 226215
FabOnDisk: SD_1_New_MF_D_00000 229191
FabOnDisk: SD_1_New_MF_D_00000 232167
FabOnDisk: SD_1_New_MF_D_00000 235143
FabOnDisk: SD_1_New_MF_D_00000 238119
FabOnDisk: SD_1_New_MF_D_00000 239879
FabOnDisk: SD_1_New_MF_D_00000 240932
FabOnDisk: SD_1_New_MF_D_00000 243906
FabOnDisk: SD_1_New_MF_D_00000 245664

113,1
-7.2210420868882920e+02,
-8.4783088164176479e+02,
-8.0619398395774624e+02,
-3.0916147320527762e+02,
-7.5570513552858347e+02,
-3.6356883745843061e+02,
-1.0228820770689285e+03,
-1.0228820770689285e+03,
-7.8715175167665893e+02,
-5.4400165503060725e+02,
-4.7686791431977645e+02,
-6.7553575416095418e+02,
-5.8280074967510018e+02,
-6.3914996500724874e+02,
-6.2787123269631365e+02,
-1.0873344676382289e+03,
-1.0089260438598621e+03,
-9.2360057390010479e+02,
-9.3784448691191437e+02,
-7.7378068401178189e+02,
-5.9460391444647712e+02,
-7.4074612884074349e+02,
-3.5122998855648575e+02,
-3.5313355912656016e+02,
-1.2809942104089941e+02,
-4.1326979099426535e+02,
-4.5558580118747614e+01,
-4.1437914171845978e+02,
-3.8757555900462194e+01,
-1.1225027118412559e+03,
-5.6651269644142712e+02,
-5.6252388895019294e+02,
-1.0040779236119552e+03,
-9.9943055427251375e+02,
-8.2865063664469881e+02,
-7.8882677389920491e+02,
-5.1675064073858903e+02,
-8.6627243116315685e+02,
-4.6456507500446332e+02,
-1.2426737828534465e+03,
-1.2799248006366452e+03,
-7.9249911311297456e+02,
-1.8235934981682631e+03,
-1.6366678289868501e+03,
-1.5196095779668458e+03,
-9.2980547857447709e+02,
-8.8436215580387807e+02,
-1.5196095779668458e+03,
-6.3174241144359939e+02,
-5.3959719778630779e+02,
-9.3585484954206686e+02,
-9.3585484954206686e+02,
-3.0203626669198138e+02,
-1.6847129888320706e+03,
-1.5576510589466793e+03,
-4.2779911416643245e+02,
-2.0395548753801374e+03,
-3.6799713131405224e+02,
-1.7737313499307174e+02,
-1.8613679819007989e+03,
-1.3184913140061658e+03,
-1.5169959724052742e+03,
-1.0681690504595304e+03,
-5.1892731472787591e+02,
-7.9821709262161585e+02,
-5.9278460594146463e+02,
-6.6365050076045918e+01,
-2.0652842990964455e+03,
-1.1287271647664629e+03,
-7.9813538104660529e+02,
-6.5413660878892006e+02,
-8.1848614443884526e+02,
-6.6570475187965667e+02,
-6.6352328243913325e+02,
-1.7166763768069759e+03,
-1.7236663550401695e+03,
-5.8715079290697395e+02,
-5.7482672312178420e+02,
-1.1665556598933099e+03,
-1.0323156212129293e+03,
-1.0187882374436404e+03,
-7.1795962725276650e+02,
-4.9708212485928789e+02,
-3.7203186451247120e+02,
7.8721034558738211e+01,
-1.2576882742930234e+03,
-9.9651795403333745e+02,
-9.8027777784271848e+02,
-7.3673032129361081e+02,
-6.0883988614160808e+02,
-1.7461232765712361e+03,
-1.2959787746468196e+03,
-1.1703137474932764e+03,
-8.4552016916770981e+02,
-8.4552016916770981e+02,
-6.0883988614160808e+02,
-3.4713027039011331e+02,
-5.2214030396216003e+01,
-6.2446006333154992e+02,
-6.0153941727184247e+02,
-1.8997631841929017e+03,
-1.8230444408963290e+03,
-1.3286917499732972e+03,
-8.8875137335491763e+02,
-7.7379453117950834e+02,
-6.2570747299211735e+02,
-5.0285359216795177e+02,
-2.0036317224956110e+02,
-1.1926074591773568e+02,
-1.7201295932398166e+03,
-1.4559340698326005e+03,
-1.2191876160071215e+03,
-9.0219714351069388e+02,

113,1
-5.1385136438431391e+02,
-6.3172153387435628e+02,
-5.3555893963038443e+02,
-6.7771205497534993e+01,
-6.1682361515359435e+02,
-2.6322678578127125e+02,
-6.9520932130403162e+02,
-6.8240552382953274e+02,
-6.4162419729291742e+02,
-4.3709424961750574e+02,
-1.3686892992498133e+02,
-4.6696545654186821e+02,
-4.0646513791430561e+02,
-5.5317180161168380e+01,
-4.3226901186417672e+02,
-8.5155204724279838e+02,
-7.0291859712174937e+02,
-4.1393905489088229e+02,
-4.4485426701360575e+02,
-4.5308331070620261e+02,
-4.9870413994107730e+02,
-3.3833573496791996e+02,
-8.3325243531102842e+01,
-4.5558580118747614e+01,
1.1108872870427058e+02,
-3.8757555900462194e+01,
1.4185676297987538e+02,
-2.3903648180228629e+01,
1.7492656900908105e+02,
-8.7358510470443798e+02,
-4.0123366721231741e+02,
-3.7908421623411596e+02,
-4.2238830483459196e+02,
-4.0693559343449851e+02,
-7.2819734175156964e+02,
-4.6456507500446332e+02,
-1.5120282316622979e+02,
-4.0443892585897584e+02,
-1.8378531583704171e+02,
-9.2356296001011424e+02,
-1.1333833257549668e+03,
-6.5741674844471572e+02,
-1.6222567095428076e+03,
-1.3117215182262062e+03,
0.0000000000000000e+00,
0.0000000000000000e+00,
-4.0316679948295450e+02,
0.0000000000000000e+00,
0.0000000000000000e+00,
-3.9373697110779085e+02,
-4.1335120687068274e+02,
-3.5369084014572809e+02,
1.7492656900908105e+02,
-1.1732596461677440e+03,
-1.1610756301831229e+03,
4.7256107394003720e+01,
-1.4263510326127539e+03,
-2.9589471380420036e+01,
1.0853475369316902e+02,
-1.4176902218258192e+03,
-1.0699050115806426e+03,
0.0000000000000000e+00,
0.0000000000000000e+00,
-3.9784980496539583e+02,
-2.4888406541300628e+02,
5.8315215437368806e+01,
2.5492333585105825e+02,
-1.8810338964332384e+03,
-4.9655898173054584e+02,
-5.1542414159447344e+02,
-5.3828235074046643e+02,
-6.1327166256848523e+02,
-5.2339504931636066e+02,
-5.1475880862712665e+02,
-1.0926901399624949e+03,
-1.0932388189624085e+03,
-4.2755360753542436e+02,
7.6185561345767383e+01,
-7.1795962725276650e+02,
-5.1352978428207825e+02,
-6.5859023635222866e+02,
-5.6814119691919268e+02,
-2.5909205071418501e+02,
1.9473952522977515e+02,
2.9643106424714642e+02,
-8.2648262621203912e+02,
-6.6932710677258819e+02,
-5.3242567150449713e+02,
-5.3085608076868039e+02,
-3.3744734671465312e+02,
-1.1468852740159846e+03,
-9.0909671526105876e+02,
-9.0909671526105876e+02,
-5.4271707570942999e+02,
-6.2446006333154992e+02,
-8.4959491886761043e+01,
1.0342806020841817e+02,
1.9473952522977515e+02,
-4.7229574615702359e+02,
-5.0073183871896981e+02,
-1.7575581197612332e+03,
-1.2210895325242827e+03,
-8.2341974921604560e+02,
-5.8615497540164870e+02,
-4.8147340970110145e+02,
-4.6626764402825756e+02,
-7.0541787561260662e+01,
8.4881307857709089e+01,
1.7750629707882990e+02,
-1.3947510311881088e+03,
-9.3527739834572822e+02,
-8.3407898409336849e+02,
-7.3166695851412396e+02,

