1
1
4
2
(4 0
((0,248) (63,255) (0,0))
((64,248) (127,255) (0,0))
((128,248) (191,255) (0,0))
((192,248) (255,255) (0,0))
)
4
FabOnDisk: SD_0_Old_MF_D_00000 0
FabOnDisk: SD_0_Old_MF_D_00001 0
FabOnDisk: SD_0_Old_MF_D_00002 0
FabOnDisk: SD_0_Old_MF_D_00003 0

4,4
-3.2285612580432542e+01,-1.5900952920251710e+00,9.9999999999999789e-01,0.0000000000000000e+00,
-1.3483990580242455e+00,3.4350966024132996e-05,9.9999999999999967e-01,0.0000000000000000e+00,
-1.3483600049040214e+00,-1.1930664752345563e-01,9.9999999999999989e-01,0.0000000000000000e+00,
-3.2250551184638965e+01,-5.9150874344744992e+01,9.9999999999999967e-01,0.0000000000000000e+00,

4,4
1.1760006333203408e+02,5.8967124773232811e+01,1.0000000000000009e+00,0.0000000000000000e+00,
1.1797712990946862e+02,1.1933550216729377e-01,1.0000000000000002e+00,0.0000000000000000e+00,
1.1797713150064151e+02,-3.2687919983379869e-05,1.0000000000000002e+00,0.0000000000000000e+00,
1.1760046946600306e+02,1.5886934333991145e+00,1.0000000000000009e+00,0.0000000000000000e+00,

