1
1
2
1
(5 0
((96,24) (127,63) (0,0))
((88,64) (127,127) (0,0))
((80,96) (87,111) (0,0))
((0,104) (47,127) (0,0))
((48,112) (87,127) (0,0))
)
5
FabOnDisk: SD_2_Old_MF_D_00000 0
FabOnDisk: SD_2_Old_MF_D_00003 0
FabOnDisk: SD_2_Old_MF_D_00003 44438
FabOnDisk: SD_2_Old_MF_D_00001 0
FabOnDisk: SD_2_Old_MF_D_00002 0

5,2
-7.0467564208882422e+01,-6.4918207562404149e+01,
-1.0447699457775566e+02,-1.1371429860122507e+02,
-4.0214986379608639e+01,-2.2470172625857604e+01,
-4.0804457402648133e+01,-4.2754437455562325e+01,
-3.1688728856814123e+01,-3.5280402960767475e+01,

5,2
6.2791176843091705e+01,4.7109913558871021e+01,
9.3041888135712028e+01,9.9337048645919765e+01,
1.1240432197857070e+01,5.0480922554089283e+00,
3.2034994926908759e+01,6.5999813777391068e+01,
4.8037591877246740e+01,4.3239409217847019e+01,

