1
1
4
2
(4 0
((96,104) (127,127) (0,0))
((0,120) (31,127) (0,0))
((32,120) (63,127) (0,0))
((64,120) (95,127) (0,0))
)
4
FabOnDisk: SD_0_Old_MF_D_00002 0
FabOnDisk: SD_0_Old_MF_D_00000 0
FabOnDisk: SD_0_Old_MF_D_00003 0
FabOnDisk: SD_0_Old_MF_D_00003 13910

4,4
-2.7602029758263125e-01,-6.3355491396837571e-01,9.9834632767399201e-01,0.0000000000000000e+00,
-7.7809948371969556e-02,7.4165393282619790e-04,9.9999999999861355e-01,0.0000000000000000e+00,
-2.4765394922349679e-03,1.1581107033607157e-04,9.9999999992131805e-01,0.0000000000000000e+00,
5.2105472177927117e-02,4.6023092142142267e-05,9.9996378340301739e-01,0.0000000000000000e+00,

4,4
9.1739964809685981e-01,4.9293445341632477e-02,1.0034847008064702e+00,0.0000000000000000e+00,
8.7732340499967243e-01,2.0783617017261161e-01,1.0000000000075473e+00,0.0000000000000000e+00,
9.0471430147789156e-01,3.6141241579154715e-02,1.0000000000056690e+00,0.0000000000000000e+00,
9.1023331232552107e-01,7.3923214263406966e-03,1.0000349700759206e+00,0.0000000000000000e+00,

