1
1
4
2
(2 0
((104,96) (127,127) (0,0))
((0,120) (103,127) (0,0))
)
2
FabOnDisk: SD_0_New_MF_D_00000 0
FabOnDisk: SD_0_New_MF_D_00000 32343

2,4
-3.2666608333917369e-01,-6.6628138734040931e-01,9.9782437773452215e-01,0.0000000000000000e+00,
-7.3283162124992293e-02,1.4287764045046200e-04,9.9994002787246061e-01,0.0000000000000000e+00,

2,4
9.4010382535608361e-01,1.1122671188178943e-01,1.0013935184046570e+00,0.0000000000000000e+00,
9.3991171811905760e-01,1.9915921493398245e-01,1.0001417938627963e+00,0.0000000000000000e+00,

