1
1
9
0
(64 0
((0,0) (15,15) (0,0))
((16,0) (31,15) (0,0))
((32,0) (47,15) (0,0))
((48,0) (63,15) (0,0))
((64,0) (79,15) (0,0))
((80,0) (95,15) (0,0))
((96,0) (111,15) (0,0))
((112,0) (127,15) (0,0))
((0,16) (15,31) (0,0))
((16,16) (31,31) (0,0))
((32,16) (47,31) (0,0))
((48,16) (63,31) (0,0))
((64,16) (79,31) (0,0))
((80,16) (95,31) (0,0))
((96,16) (111,31) (0,0))
((112,16) (127,31) (0,0))
((0,32) (15,47) (0,0))
((16,32) (31,47) (0,0))
((32,32) (47,47) (0,0))
((48,32) (63,47) (0,0))
((64,32) (79,47) (0,0))
((80,32) (95,47) (0,0))
((96,32) (111,47) (0,0))
((112,32) (127,47) (0,0))
((0,48) (15,63) (0,0))
((16,48) (31,63) (0,0))
((32,48) (47,63) (0,0))
((48,48) (63,63) (0,0))
((64,48) (79,63) (0,0))
((80,48) (95,63) (0,0))
((96,48) (111,63) (0,0))
((112,48) (127,63) (0,0))
((0,64) (15,79) (0,0))
((16,64) (31,79) (0,0))
((32,64) (47,79) (0,0))
((48,64) (63,79) (0,0))
((64,64) (79,79) (0,0))
((80,64) (95,79) (0,0))
((96,64) (111,79) (0,0))
((112,64) (127,79) (0,0))
((0,80) (15,95) (0,0))
((16,80) (31,95) (0,0))
((32,80) (47,95) (0,0))
((48,80) (63,95) (0,0))
((64,80) (79,95) (0,0))
((80,80) (95,95) (0,0))
((96,80) (111,95) (0,0))
((112,80) (127,95) (0,0))
((0,96) (15,111) (0,0))
((16,96) (31,111) (0,0))
((32,96) (47,111) (0,0))
((48,96) (63,111) (0,0))
((64,96) (79,111) (0,0))
((80,96) (95,111) (0,0))
((96,96) (111,111) (0,0))
((112,96) (127,111) (0,0))
((0,112) (15,127) (0,0))
((16,112) (31,127) (0,0))
((32,112) (47,127) (0,0))
((48,112) (63,127) (0,0))
((64,112) (79,127) (0,0))
((80,112) (95,127) (0,0))
((96,112) (111,127) (0,0))
((112,112) (127,127) (0,0))
)
64
FabOnDisk: Cell_D_00000 0
FabOnDisk: Cell_D_00000 18514
FabOnDisk: Cell_D_00000 37029
FabOnDisk: Cell_D_00000 55544
FabOnDisk: Cell_D_00000 74059
FabOnDisk: Cell_D_00000 92574
FabOnDisk: Cell_D_00000 111089
FabOnDisk: Cell_D_00000 129605
FabOnDisk: Cell_D_00000 148122
FabOnDisk: Cell_D_00000 166637
FabOnDisk: Cell_D_00000 185153
FabOnDisk: Cell_D_00000 203669
FabOnDisk: Cell_D_00000 222185
FabOnDisk: Cell_D_00000 240701
FabOnDisk: Cell_D_00000 259217
FabOnDisk: Cell_D_00000 277734
FabOnDisk: Cell_D_00000 296252
FabOnDisk: Cell_D_00000 314767
FabOnDisk: Cell_D_00000 333283
FabOnDisk: Cell_D_00000 351799
FabOnDisk: Cell_D_00000 370315
FabOnDisk: Cell_D_00000 388831
FabOnDisk: Cell_D_00000 407347
FabOnDisk: Cell_D_00000 425864
FabOnDisk: Cell_D_00000 444382
FabOnDisk: Cell_D_00000 462897
FabOnDisk: Cell_D_00000 481413
FabOnDisk: Cell_D_00000 499929
FabOnDisk: Cell_D_00000 518445
FabOnDisk: Cell_D_00000 536961
FabOnDisk: Cell_D_00000 555477
FabOnDisk: Cell_D_00000 573994
FabOnDisk: Cell_D_00000 592512
FabOnDisk: Cell_D_00000 611027
FabOnDisk: Cell_D_00000 629543
FabOnDisk: Cell_D_00000 648059
FabOnDisk: Cell_D_00000 666575
FabOnDisk: Cell_D_00000 685091
FabOnDisk: Cell_D_00000 703607
FabOnDisk: Cell_D_00000 722124
FabOnDisk: Cell_D_00000 740642
FabOnDisk: Cell_D_00000 759157
FabOnDisk: Cell_D_00000 777673
FabOnDisk: Cell_D_00000 796189
FabOnDisk: Cell_D_00000 814705
FabOnDisk: Cell_D_00000 833221
FabOnDisk: Cell_D_00000 851737
FabOnDisk: Cell_D_00000 870254
FabOnDisk: Cell_D_00000 888772
FabOnDisk: Cell_D_00000 907288
FabOnDisk: Cell_D_00000 925805
FabOnDisk: Cell_D_00000 944322
FabOnDisk: Cell_D_00000 962839
FabOnDisk: Cell_D_00000 981356
FabOnDisk: Cell_D_00000 999873
FabOnDisk: Cell_D_00000 1018391
FabOnDisk: Cell_D_00000 1036910
FabOnDisk: Cell_D_00000 1055427
FabOnDisk: Cell_D_00000 1073945
FabOnDisk: Cell_D_00000 1092463
FabOnDisk: Cell_D_00000 1110981
FabOnDisk: Cell_D_00000 1129499
FabOnDisk: Cell_D_00000 1148017
FabOnDisk: Cell_D_00000 1166536

64,9
1.0007111326625968e+00,-6.8774920293751388e-02,9.9999999999736366e-01,2.5073775034329036e-14,1.3637239594663697e+01,-4.6040484161139830e+02,1.3005788811193408e-05,-2.2260417867182952e+01,1.0000000000000000e+00,
1.0543455848669994e+00,-4.4298416400475882e-02,9.9999999999749523e-01,8.0694585571521273e-13,4.2441417468680811e+02,-3.5664957145436347e+02,1.4943843364770282e-04,-1.9484975763510647e+01,1.0000000000000000e+00,
1.0604202372868949e+00,4.0777639503619188e-05,9.9999999999769973e-01,1.5609199119114603e-12,5.7866323947371166e+02,-7.1679838017917064e+01,1.1013007572662371e-03,-1.2612060431181575e+01,1.0000000000000000e+00,
1.0304304545757739e+00,7.0773718199047147e-04,9.9999999999900557e-01,2.2530667345066607e-12,3.1608956486090847e+02,6.0967418510017524e+00,2.1042863090729724e-05,-6.0103549218174663e+00,1.0000000000000000e+00,
1.0134597532834135e+00,4.0235943088965493e-04,9.9999999999807054e-01,2.8549507187440428e-12,7.0473728251045031e+01,5.3920686525600559e+00,2.6424570983424323e-04,-1.5093612269401433e+00,1.0000000000000000e+00,
1.0063362493947472e+00,1.8824847937199446e-04,9.9999999999862332e-01,3.3443154553061898e-12,-3.6597974071690714e+01,2.5985073130073033e+00,1.1115894947739957e-05,5.9422519011812192e-01,1.0000000000000000e+00,
1.0033936517865811e+00,7.4611309684469686e-05,9.9999999999798972e-01,3.7044805583170853e-12,-7.3913703990515955e+01,9.4519857107400185e-01,6.8636921944642548e-07,6.9095774291593237e-01,1.0000000000000000e+00,
1.0024814330929823e+00,6.2460388644376750e-06,9.9999999999028266e-01,3.9236644829053062e-12,-8.2704358404561390e+01,2.4664399184670671e-02,1.4221830791673329e-05,2.2406413769922737e-02,1.0000000000000000e+00,
1.0012133277096005e+00,-2.0704189702890743e-01,9.9999999998788025e-01,2.5141687011518578e-14,1.6647833298884507e+01,-1.1176649653536515e+03,1.3441775360556463e-04,-2.9937541474966139e+01,1.0000000000000000e+00,
1.0784477426943258e+00,-1.1391133968511441e-01,9.9999999999943312e-01,8.0770148817182760e-13,5.3255192797037125e+02,-9.1504924647415464e+02,7.5447466084954673e-03,-2.5588872720303783e+01,1.0000000000000000e+00,
1.0610550586889498e+00,6.1878224353651293e-03,9.9999999999926747e-01,1.5627281944149655e-12,6.8612200462480541e+02,-2.7049894561746441e+02,3.3499717354298908e-02,-1.4009031490398513e+01,1.0000000000000000e+00,
1.0041678084805685e+00,2.4378694046089017e-02,9.9999999999938993e-01,2.2555399912620472e-12,1.0102497415100106e+02,2.5108806959867707e+02,1.7614542335586680e-02,-4.8496302356647192e+00,1.0000000000000000e+00,
1.0004882042730046e+00,1.2462691287048048e-02,9.9999999999954581e-01,2.8575422633365402e-12,-1.2554615792705204e+02,1.7578303455977675e+02,2.7294418762244255e-03,-1.0262357719913950e-01,1.0000000000000000e+00,
1.0004427070192332e+00,5.6091842840833156e-03,9.9999999999947331e-01,3.3469661357682550e-12,-1.3778477204866269e+02,7.7876509638912239e+01,5.1274473012591359e-05,1.4594434623897339e+00,1.0000000000000000e+00,
1.0004048674882808e+00,2.2044056557294295e-03,9.9999999999940670e-01,3.7072454226768792e-12,-1.3149937992643584e+02,2.6827407634733902e+01,2.0613780120359859e-06,8.4036914891851455e-01,1.0000000000000000e+00,
1.0003732206851392e+00,1.8648148655047374e-04,9.9999999999949141e-01,3.9265282270217760e-12,-1.1362954261069927e+02,6.8484189363080539e-01,1.3121441237049988e-04,2.6264585182989755e-02,1.0000000000000000e+00,
7.3592443281249931e-01,-6.9898453408896843e-01,9.9999999998563938e-01,2.4851102158757490e-14,-1.5995481941660058e+06,-2.8732048169000336e+03,7.1680549360353396e-03,-5.9981488071151631e+01,1.0000000000000000e+00,
9.1671004979530823e-01,-6.9915801231474661e-01,9.9999999999861011e-01,8.0217371263528021e-13,-4.2827979362750342e+06,-2.2893864927572999e+06,1.4515728083641655e-02,-1.1787823979160690e+02,1.0000000000000000e+00,
3.2472583108425157e-01,-7.4752510784960785e-02,9.9999410490104257e-01,1.5677043260648970e-12,-2.7086814111904576e+06,-3.5264539477206278e+06,2.7311729322767597e-01,-1.4595361208054734e+02,1.0000000000000000e+00,
6.7457408752879733e-01,-7.0446813728250231e-03,9.9999999999968081e-01,2.2625057236909339e-12,-2.8071548289621642e+03,7.2403040757927920e+02,7.8328010251044189e-02,4.2599699089111098e-01,1.0000000000000000e+00,
9.6280229581209020e-01,1.1256963457185003e-02,9.9999999999977529e-01,2.8644614356916230e-12,-8.8743355267482730e+02,1.8024961349967725e+02,4.5082085525949278e-03,3.8947786039415186e+00,1.0000000000000000e+00,
9.8800694144811785e-01,5.4057480429256866e-03,9.9999999999992739e-01,3.3540664125755279e-12,-4.3984809325758079e+02,2.2238540231499883e+01,1.8270567721245801e-04,2.4241420247619323e+00,1.0000000000000000e+00,
9.9489630775308480e-01,2.2049867301641261e-03,1.0000000000000031e+00,3.7147227687643669e-12,-2.2629654688497294e+02,-5.7287034083536810e+00,1.7384414206789156e-06,1.1459197369106020e+00,1.0000000000000000e+00,
9.9749059582106314e-01,1.9845438668520283e-04,1.0000000000000271e+00,3.9343065926463854e-12,-1.3854070278927395e+02,-5.9775380856514175e+00,4.3737549634999262e-05,3.3777407179700222e-02,1.0000000000000000e+00,
7.5243477906678824e-01,-6.3987207635365606e-01,9.9999384169805983e-01,2.4234314755396511e-14,-6.6742151059992844e+06,-2.0653694755126256e+06,7.1619761165730988e-02,-1.4076342630676231e+02,1.0000000000000000e+00,
-3.6016688820549272e-02,-8.2947835556208649e-01,0.0000000000000000e+00,0.0000000000000000e+00,-6.2292306967778308e+06,-3.0074809286588770e+06,0.0000000000000000e+00,-2.2924016261622086e+02,0.0000000000000000e+00,
2.3642895339889872e-01,-5.2027425755942525e-01,9.9951218901770189e-01,1.5794033308134938e-12,-8.5635549476903751e+06,-1.0696564788642433e+06,3.4787439911176943e-02,-1.7785871081733512e+02,1.0000000000000000e+00,
7.2300196440159847e-01,-2.3679501613502982e-01,1.0000000000000229e+00,2.2733795330253510e-12,-1.4381497315399909e+04,-6.1893344701785936e+03,3.8150780951567986e-03,1.3696926545118238e+01,1.0000000000000000e+00,
9.6236607594495638e-01,-4.7826660308810994e-03,1.0000000000000193e+00,2.8741367353763437e-12,-1.6288587183564450e+03,-7.4586184787849561e+02,1.6238376494011656e-03,5.9536897289581763e+00,1.0000000000000000e+00,
9.8557898160842872e-01,1.9431947100071736e-04,1.0000000000000486e+00,3.3642410955238111e-12,-5.3961980641711853e+02,-2.9021118909977304e+02,2.1027795127281576e-04,2.4710927952647062e+00,1.0000000000000000e+00,
9.9278897890974460e-01,2.1276002258590159e-04,1.0000000000000269e+00,3.7256260701622486e-12,-2.3879566543061219e+02,-1.4550276876862256e+02,3.7951796497126544e-07,9.2149941632239996e-01,1.0000000000000000e+00,
9.9619780231681010e-01,1.4332743137160725e-05,9.9999999999999012e-01,3.9457251108937433e-12,-1.3854076081256676e+02,-6.2717400788267241e+01,2.5613495560627975e-07,2.4945376742459113e-02,1.0000000000000000e+00,
7.4011433381107616e-01,-4.4844022206831341e-01,9.9995388888030123e-01,2.4245066364294078e-14,-7.0876886840598620e+06,-1.8871673293242177e+06,2.8721101656004056e-02,-1.7416700228276258e+02,1.0000000000000000e+00,
-5.0922913065751439e-02,-9.1447026204431459e-01,0.0000000000000000e+00,0.0000000000000000e+00,-7.5993423768333402e+06,-2.0148762871031752e+06,0.0000000000000000e+00,-2.3388259407900085e+02,0.0000000000000000e+00,
3.5533911327613904e-01,-9.4840326082156523e-01,9.9956325059368312e-01,1.5898808859524818e-12,-8.9811437834724188e+06,-2.2200637605234440e+06,2.1085876826334449e-01,-2.4791690772136809e+02,1.0000000000000000e+00,
2.5443388533150962e-01,-1.9123091217690177e-01,9.9999999998985944e-01,2.2855331480904459e-12,-1.5421556423058159e+04,-1.8619034706354225e+04,3.6028538742929189e-03,-1.5651227325613355e+01,1.0000000000000000e+00,
9.6865684059722157e-01,-1.4084006582879194e-02,9.9999999999980560e-01,2.8844565019094774e-12,-1.4349222934060199e+03,-1.3660417066927830e+03,1.8873767560802224e-05,1.0029395189427728e+00,1.0000000000000000e+00,
9.8570326838840783e-01,-9.1158580455420555e-03,9.9999999999989697e-01,3.3756941263863499e-12,-4.8574097068547508e+02,-5.7923508540222883e+02,2.5308380152862242e-07,2.2887912165948787e-01,1.0000000000000000e+00,
9.9279022115251814e-01,-4.2484504903262527e-03,9.9999999999995393e-01,3.7381655353698502e-12,-2.0224317467716719e+02,-2.6220669938412880e+02,7.3431020118641666e-08,-5.1239556247704154e-03,1.0000000000000000e+00,
9.9619008944405218e-01,-1.6502530527151582e-03,9.9999999999996769e-01,3.9589596335701555e-12,-1.0101177293289538e+02,-1.0407560791635785e+02,2.7213491679567176e-07,-1.7866243075957633e-02,1.0000000000000000e+00,
7.3306444698467832e-01,7.3932545033884675e-02,9.9999999999048017e-01,2.5108780528498271e-14,-1.5709343876032226e+06,-1.1869080255302326e+06,1.0549325936204390e-02,-1.1699313327634798e+02,1.0000000000000000e+00,
1.0223375985532128e+00,-3.2514383237636391e-01,9.9999999484019897e-01,8.0805816297505819e-13,-2.9375551821987778e+06,-6.9248100277779019e+05,2.5860079475137354e-03,-1.5276638545888801e+02,1.0000000000000000e+00,
7.4027073159673018e-01,-7.2953463355735970e-01,9.9999999933594375e-01,1.5866845453515544e-12,-3.7280823552506715e+06,-2.1812175459121406e+05,1.0359884746237558e+00,-1.6675720617744969e+02,1.0000000000000000e+00,
6.0425523407573656e-01,-6.6445513934352951e-01,9.9999999999958100e-01,2.2882351363144587e-12,-5.2284206791609431e+03,-8.0025086193421666e+03,8.5873320824580990e-02,-2.1244278300539822e+01,1.0000000000000000e+00,
9.6890870770092197e-01,-3.8036400216748319e-02,9.9999999999957812e-01,2.8931864303239106e-12,-9.0598806999065346e+01,-1.3266976711970528e+03,4.9481090102360126e-03,-9.1503928596149304e+00,1.0000000000000000e+00,
9.8879738225607972e-01,-1.5122638973425397e-02,9.9999999999968636e-01,3.3865774473486931e-12,-7.9323618832472675e+01,-5.8547686060262822e+02,2.9496990745225826e-04,-4.6226894109983254e+00,1.0000000000000000e+00,
9.9478481369037053e-01,-6.4743120829980454e-03,9.9999999999981370e-01,3.7503854421141192e-12,-2.8433864426901209e+01,-2.7173798461273577e+02,1.8985800293025434e-07,-2.4506966092879208e+00,1.0000000000000000e+00,
9.9720477915360195e-01,-2.4879082968368230e-03,9.9999999999996692e-01,3.9719634527769741e-12,1.9448379262548769e+00,-1.0880588622887717e+02,4.9820848257824124e-05,-1.0768016626888017e+00,1.0000000000000000e+00,
1.0010125209644456e+00,2.3315122718861811e-02,9.9999999999463318e-01,2.5623522858084206e-14,5.5928856982063735e+00,4.9712929405977775e+02,1.3500483828643439e-04,-5.3192395447984836e+01,1.0000000000000000e+00,
1.0737664964464970e+00,-4.2669479395231004e-02,9.9999999999805456e-01,8.1871896718414031e-13,4.9005129008864969e+02,3.4122233309681178e+02,3.1473114280144987e-03,-5.1183857083716276e+01,1.0000000000000000e+00,
1.0490446357660159e+00,-9.4265263960483112e-02,9.9999999999826328e-01,1.5868743352181415e-12,1.0360156152383297e+03,-5.8701297203587092e+02,3.0650383281366489e-02,-4.1772973528293718e+01,1.0000000000000000e+00,
1.0020018735313221e+00,-8.8459713599224152e-02,9.9999999999883349e-01,2.2901555350995625e-12,7.5146306113526589e+02,-9.1805764492721573e+02,1.6359668103324565e-02,-2.4554938695582372e+01,1.0000000000000000e+00,
9.9972782759901213e-01,-3.7525318221272287e-02,9.9999999999921152e-01,2.8996239106267154e-12,3.2545135313864046e+02,-8.0046076482640819e+02,2.5246092413500065e-03,-1.4630577916979981e+01,1.0000000000000000e+00,
9.9971981196387427e-01,-1.5143090407797849e-02,9.9999999999951106e-01,3.3953318567620029e-12,1.8019636457220872e+02,-4.7151371451243040e+02,8.5170188305477845e-05,-8.2865384974827947e+00,1.0000000000000000e+00,
9.9973929014363405e-01,-6.4835342252143394e-03,9.9999999999968014e-01,3.7604770880638525e-12,1.2777264814598469e+02,-2.4258183379154934e+02,1.0693181735910162e-06,-4.4375282782514800e+00,1.0000000000000000e+00,
9.9973373340178595e-01,-2.4907695261419914e-03,9.9999999999993028e-01,3.9827944723426213e-12,1.1362373637440184e+02,-1.0014161978636434e+02,1.0754877643641761e-04,-1.9142004474269392e+00,1.0000000000000000e+00,
1.0005687579173810e+00,5.6876009835211451e-04,9.9999999998001421e-01,2.5738637352523273e-14,1.4798096555523443e+01,1.4266066522350229e+01,1.1956176248703598e-04,-4.6263600787271074e+01,1.0000000000000000e+00,
1.0505185359882674e+00,-3.7838802440459010e-03,9.9999999998309308e-01,8.2069433703637162e-13,4.9021108669498972e+02,8.9416058715414692e+00,2.1822235590426842e-05,-4.3622781914686257e+01,1.0000000000000000e+00,
1.0545175883270663e+00,-2.6934370631789953e-02,9.9999999999317080e-01,1.5877871432014549e-12,8.6867623311241005e+02,-7.7691954431543309e+01,7.2765731680074844e-04,-3.5838441138049063e+01,1.0000000000000000e+00,
1.0262835735292901e+00,-2.7251574758867823e-02,9.9999999999772915e-01,2.2917355753740213e-12,8.0166681319332201e+02,-2.8047930085884900e+02,8.4591612936439631e-05,-2.5023430603117475e+01,1.0000000000000000e+00,
1.0112468217181281e+00,-2.0020625865879407e-02,9.9999999999912847e-01,2.9035100370464203e-12,5.0840490466906658e+02,-2.8305450002779935e+02,2.4084415427318151e-04,-1.6092887966389501e+01,1.0000000000000000e+00,
1.0049662549031624e+00,-1.0037912292366802e-02,9.9999999999948963e-01,3.4008989134120667e-12,3.1672123090828563e+02,-2.2715640373272709e+02,1.1405155529199684e-05,-9.5176241107079775e+00,1.0000000000000000e+00,
1.0023718393583385e+00,-4.4857248223243943e-03,9.9999999999937494e-01,3.7670400746874470e-12,2.2207147691839634e+02,-1.3273700316638042e+02,3.2409529860180641e-07,-5.1722300805046837e+00,1.0000000000000000e+00,
1.0015615367811801e+00,-1.7333702616161178e-03,9.9999999999650580e-01,3.9898909396168329e-12,1.9299030973845561e+02,-5.7599752633967682e+01,1.1775405814806131e-05,-2.2357916474517019e+00,1.0000000000000000e+00,

64,9
1.0718801689113266e+00,-7.1115276980147750e-04,1.0000000000069531e+00,7.5914368218501079e-13,4.9238082997267156e+02,-1.1008218202096032e+01,4.1311901495061463e+01,-1.8083760776942086e+01,1.0000000000000000e+00,
1.0952623878230090e+00,2.5524850211497141e-03,1.0000000000129576e+00,1.5168262070781188e-12,7.9188891722033259e+02,-2.8329011498954060e+00,3.0586467083380808e-02,-1.2671982937307632e+01,1.0000000000000000e+00,
1.0934754291899262e+00,2.8218752292251570e-02,1.0000000000125409e+00,2.2143547662008986e-12,8.0564887565246863e+02,2.1765315912507504e+02,3.7415169769944301e-02,-5.4140979018895976e+00,1.0000000000000000e+00,
1.0617580847011892e+00,2.8877641093158518e-02,1.0000000000046347e+00,2.8227188484489576e-12,6.5257340190987816e+02,2.8260844666692719e+02,3.5534432892189716e-02,-4.6644500147461798e-01,1.0000000000000000e+00,
1.0340360674157476e+00,2.2064320128400015e-02,1.0000000000010760e+00,3.3197070511953722e-12,3.2440081703605301e+02,2.6601599895788058e+02,1.4557687328520252e-02,1.3272514549747001e+00,1.0000000000000000e+00,
1.0169140398622596e+00,1.1264975080763772e-02,1.0000000000022284e+00,3.6884393345545011e-12,1.1099451633047602e+02,1.5855288969098638e+02,3.4545871817871342e-03,1.5021058222760013e+00,1.0000000000000000e+00,
1.0082160819893011e+00,5.0624055647550265e-03,1.0000000000071840e+00,3.9167832749444727e-12,-8.4740937958313225e+00,6.9912612807101596e+01,1.8697404921195994e-03,1.3879100506510138e+00,1.0000000000000000e+00,
1.0044252821553461e+00,1.9564464681333976e-03,1.0000000000232587e+00,3.9970775196295375e-12,-5.9020186859572163e+01,2.3682534328534643e+01,3.6307098972754089e-02,7.7740772130761804e-01,1.0000000000000000e+00,
1.1671635461605325e+00,-2.8632136794217264e-02,1.0000000000028588e+00,7.5994114311927291e-13,7.9010737505259385e+02,-3.9663488945107019e+02,1.2910812323505951e+02,-2.0040418207575811e+01,1.0000000000000000e+00,
1.1923132675534684e+00,3.9297692791328255e-02,1.0000000000000702e+00,1.5213719005208513e-12,1.4296133325944102e+03,-1.0058096108141399e+02,1.1139256327243996e+00,-1.3169564047247931e+01,1.0000000000000000e+00,
1.1676014469469220e+00,9.7454749923377035e-02,9.9999999999985167e-01,2.2210145824849916e-12,1.5535136067637723e+03,8.5569236927257043e+02,1.5557648276060432e+00,-7.6978307099904342e-01,1.0000000000000000e+00,
1.0627260871324635e+00,9.4705852829995177e-02,9.9999999999984324e-01,2.8294050392785540e-12,9.5195117820803716e+02,9.2141519438922114e+02,9.7430301383883977e-01,4.1905935436341588e+00,1.0000000000000000e+00,
1.0281087860443046e+00,4.2877392768827773e-02,9.9999999999993006e-01,3.3265428724910793e-12,2.9073909265771363e+02,6.6290755153614373e+02,5.8975429761415343e-02,4.3072799839685114e+00,1.0000000000000000e+00,
1.0122603485122712e+00,1.7186593384247266e-02,9.9999999999998435e-01,3.6956306831692895e-12,5.3272559109330814e+01,2.7651919653552159e+02,3.7221381268492948e-03,3.6305196156108419e+00,1.0000000000000000e+00,
1.0057891353125901e+00,7.3505485861069097e-03,1.0000000000000309e+00,3.9242712254076753e-12,-4.4552720757991437e+01,9.6972479637068773e+01,2.3065866091229181e-04,2.2779977600486800e+00,1.0000000000000000e+00,
1.0031456268278165e+00,2.8321897259979863e-03,1.0000000000017408e+00,4.0046808762682189e-12,-7.7056016131712909e+01,2.9481997360357241e+01,4.9701446228591448e-02,1.0565210185515261e+00,1.0000000000000000e+00,
1.7725207611549425e+00,-9.9539167319000338e-02,1.0000000000033711e+00,7.5988434319492644e-13,2.3101583709363695e+03,1.0655795156588447e+06,2.2405701799985857e+02,-2.6700601673059708e+01,1.0000000000000000e+00,
1.7078828877470444e+00,3.6102877071818007e-01,1.0000000000014955e+00,1.5314006868640337e-12,4.8849557150018009e+03,2.0565632247132887e+05,5.4181395928319114e+02,1.7946019098786769e+02,1.0000000000000000e+00,
1.5624687112107634e+00,7.6095043711217825e-01,1.0000114485373008e+00,2.2318394639338336e-12,5.0976896219379822e+05,8.8288267763057095e+05,5.6589198762013075e+02,7.5505392124815089e+01,1.0000000000000000e+00,
1.0515287876642938e+00,4.9548824675238590e-01,1.0000000000003815e+00,2.8389695792703398e-12,2.5939747818597629e+04,5.8904195644530992e+03,3.0507969784760792e+02,2.4351043260993578e+01,1.0000000000000000e+00,
1.0007356669271676e+00,4.3959008272443797e-02,1.0000000000002016e+00,3.3365318138296435e-12,4.0451317601860865e+01,9.0728876968376062e+02,2.2471979796790664e-01,1.2554197800245976e+01,1.0000000000000000e+00,
1.0000279527213840e+00,1.7171006605054925e-02,1.0000000000002016e+00,3.7063285475478695e-12,-1.3986718353957644e+02,2.8115527020446007e+02,9.9827719954093119e-03,6.1293246813008899e+00,1.0000000000000000e+00,
1.0001960731127981e+00,7.3423313754548032e-03,1.0000000000001714e+00,3.9354891090231237e-12,-1.1712437684655542e+02,9.4065214940952728e+01,7.7035152645371641e-04,2.9462298296346709e+00,1.0000000000000000e+00,
1.0002260249185004e+00,2.8314690232431293e-03,1.0000000000014457e+00,4.0160923493215865e-12,-1.0808770297504070e+02,2.5966417264148845e+01,4.9401855174410370e-02,1.1955992305240870e+00,1.0000000000000000e+00,
2.3602173736280689e+00,3.9914951214003624e-01,1.0000116139575745e+00,7.5191470620484572e-13,1.0143784240002709e+05,1.6836404413990362e+06,6.3015147848582444e+02,7.9867161886240012e+01,1.0000000000000000e+00,
2.1847761900320948e+00,8.9131220571328351e-01,1.0001513749964019e+00,1.5933174150238412e-12,8.9690911693080183e+04,2.1066482308560475e+06,3.1336071163777683e+03,5.5514652407340145e+02,1.0000000000000000e+00,
2.2054348832758128e+00,8.8626137620665990e-01,1.0002983346364438e+00,2.2447767909708622e-12,9.0773242794691958e+05,7.7784114414456824e+05,1.3789919749915853e+03,1.0133970956984281e+02,1.0000000000000000e+00,
1.2784405760985065e+00,7.3848528119410076e-02,1.0000000000011482e+00,2.8492834579594200e-12,5.5891262466197528e+04,7.8714285658626977e+03,1.9416555111829945e+02,6.0339185399400002e+01,1.0000000000000000e+00,
9.8682850002375921e-01,1.5866611293207062e-02,1.0000000000002616e+00,3.3478856724454131e-12,-4.7867572422467811e+02,8.1267699986514162e+02,2.7184685575824435e-01,1.5825983255461011e+01,1.0000000000000000e+00,
9.9437601285494837e-01,1.0085180730694480e-02,1.0000000000002149e+00,3.7187662061998323e-12,-2.1962503012509842e+02,1.4139635393192430e+02,1.1007135420717379e-02,6.4806012672094262e+00,1.0000000000000000e+00,
9.9724964391817617e-01,4.8861960616007668e-03,1.0000000000001736e+00,3.9486398970509880e-12,-1.0917716673702807e+02,9.7268715752193202e+00,8.3662632799977321e-04,2.9582723758690825e+00,1.0000000000000000e+00,
9.9812468529244347e-01,1.9641590551166947e-03,1.0000000000009859e+00,4.0294986520852167e-12,-7.9825205575869177e+01,-4.0192218229035959e-01,3.3414326115846556e-02,1.1873305307734332e+00,1.0000000000000000e+00,
1.9408956072314598e+00,6.0969061043563277e-01,1.0000216583212265e+00,7.5720412094079755e-13,1.1111931075181624e+05,1.5430633490824597e+06,8.1328894035408757e+02,1.9762722025994890e+01,1.0000000000000000e+00,
2.2593130854182100e+00,8.1775650491319318e-01,1.0000589062244685e+00,1.5936978471868532e-12,1.4476384356586519e+05,2.9717165309261526e+06,3.2122932750138916e+03,5.3683238748836220e+02,1.0000000000000000e+00,
2.3716732124091600e+00,7.6484731817253149e-01,1.0002702736934739e+00,2.2471448690719076e-12,3.0954823481796373e+05,1.7249126899442587e+06,1.3262869578960344e+03,1.1070611249607326e+01,1.0000000000000000e+00,
1.6430895782788739e+00,4.4974148538641473e-01,1.0000000000069322e+00,2.8579640181568794e-12,1.4155398923909443e+05,9.3236780092565823e+03,1.5281570726096845e+03,5.1383748253364303e+01,1.0000000000000000e+00,
9.8777007423327501e-01,7.7232072580534536e-04,1.0000000000000584e+00,3.3587516879166439e-12,-1.1299547299269670e+02,-3.3541860057004556e+02,3.0837142853792632e-01,1.3970216539644852e+01,1.0000000000000000e+00,
9.9430981289902975e-01,4.0837326366713503e-05,1.0000000000000786e+00,3.7309953655332183e-12,-4.4976485789746448e+01,-1.6288403966634633e+02,1.0479651190953981e-02,5.4409327966147440e+00,1.0000000000000000e+00,
9.9698840792816135e-01,8.5455842220353952e-05,1.0000000000000695e+00,3.9616842611585329e-12,-7.0994797003401118e+00,-7.0883942220382323e+01,7.1777161251423971e-04,2.2430291379644762e+00,1.0000000000000000e+00,
9.9783523369839089e-01,7.3179934435856734e-05,1.0000000000009277e+00,4.0428266350108206e-12,4.2020514779361520e+00,-2.0460326364281300e+00,3.2962386821309565e-02,8.1412083057628326e-01,1.0000000000000000e+00,
1.9469896549187393e+00,6.8132054085638094e-01,1.0000000000461471e+00,7.6920730992824254e-13,8.7372011819006730e+02,2.2708574856417727e+03,2.4188315974248101e+02,-2.8443073206651633e+01,1.0000000000000000e+00,
1.6148591983892351e+00,3.9845679933265366e-01,1.0000005681361976e+00,1.5421815650409386e-12,2.4859513782259965e+03,2.1965722286649849e+06,2.4304357681086765e+02,2.8529463189376656e+01,1.0000000000000000e+00,
1.4606079949779132e+00,1.4167572568201076e-01,1.0000000001144800e+00,2.2486243648372253e-12,1.0661691615775753e+05,2.7110297778160013e+06,6.5769214845977638e+02,-8.2452836991014973e+00,1.0000000000000000e+00,
1.0394184226322358e+00,1.0794655017530833e-01,1.0000000000001859e+00,2.8643547410648705e-12,3.3323890829243828e+04,-7.7326106704939593e+02,6.5769165539710434e+02,8.8689869905131360e+00,1.0000000000000000e+00,
9.9914084985823082e-01,-1.0136729137767159e-02,9.9999999999993539e-01,3.3675661399803703e-12,6.8623648240560601e+02,-5.0402053921391143e+02,3.0426378491983930e-01,1.3802008897759492e+00,1.0000000000000000e+00,
9.9937098404305236e-01,-4.7227831276104191e-03,9.9999999999997224e-01,3.7412015506640543e-12,2.9295172795651843e+02,-2.5888868113240551e+02,1.0048704689624710e-02,5.7054705071968925e-01,1.0000000000000000e+00,
9.9955783824202760e-01,-1.8665204233250085e-03,9.9999999999999001e-01,3.9726704392968222e-12,1.6389285662422233e+02,-1.0918181339752562e+02,7.0992800763336472e-04,3.7001794614881067e-02,1.0000000000000000e+00,
9.9960689954729043e-01,-1.8304496103388625e-04,1.0000000000009170e+00,4.0540767771973918e-12,1.1873398530609296e+02,-3.0901303882561457e+00,4.6424767503542262e-02,-3.2873537522984803e-03,1.0000000000000000e+00,
1.1601457581560251e+00,1.9702848604724027e-01,1.0000000000454170e+00,7.7137524877605681e-13,4.9583025305537376e+02,1.0775089940302678e+03,1.2020746975537666e+02,-4.4238217697169588e+01,1.0000000000000000e+00,
1.1836429948632778e+00,1.0680812736641673e-01,9.9999999999981160e-01,1.5413078987963575e-12,1.4324259124161472e+03,1.1441116266396875e+03,7.6699793594235399e-01,-3.6670068937930182e+01,1.0000000000000000e+00,
1.1575818885176736e+00,-7.3501753639889462e-03,9.9999999999990641e-01,2.2501007274341711e-12,2.2170211530352608e+03,1.0741191853351211e+03,1.3761679381449343e+00,-2.2886971833721702e+01,1.0000000000000000e+00,
1.0553198224447806e+00,-2.2137464759869996e-02,9.9999999999985645e-01,2.8682619375282316e-12,1.8626914201295003e+03,-1.1279959756100197e+02,1.0214645651692722e+00,-1.0120041024346742e+01,1.0000000000000000e+00,
1.0241597999125489e+00,-1.1104500435772227e-02,9.9999999999980327e-01,3.3732685216124726e-12,8.0659959262022767e+02,-2.4895251559047483e+02,6.2102323843449270e-02,-5.1205692022963305e+00,1.0000000000000000e+00,
1.0101786127330226e+00,-4.9699869636766940e-03,9.9999999999987765e-01,3.7479672422350103e-12,4.8662102045676693e+02,-1.4668038786044804e+02,4.0037467627901391e-03,-2.7148298705341141e+00,1.0000000000000000e+00,
1.0044816701370600e+00,-1.9519320422032099e-03,9.9999999999996259e-01,3.9800133091112353e-12,3.0278147448063623e+02,-6.5295751675278552e+01,1.9827641849906597e-04,-1.2192035887685755e+00,1.0000000000000000e+00,
1.0021532132592370e+00,-1.7812165495863024e-04,1.0000000000007381e+00,4.0616107424237850e-12,2.1437667721624791e+02,-1.8744413838879037e+00,4.6333268291392539e-02,-3.5507417617000575e-02,1.0000000000000000e+00,
1.0675283910498785e+00,6.4765121128896569e-02,1.0000000001071454e+00,7.7178006007737570e-13,4.8761086138101746e+02,4.7031024003936182e+02,3.7780240964904209e+01,-4.1744702749430928e+01,1.0000000000000000e+00,
1.0885967966216796e+00,4.1168019972308838e-02,1.0000000000739273e+00,1.5417119837837585e-12,9.9008847057193816e+02,4.6155398389851143e+02,2.9090465236369933e-02,-3.5037294132127158e+01,1.0000000000000000e+00,
1.0864015655309975e+00,-7.3316081313798821e-05,1.0000000000167641e+00,2.2507691217377245e-12,1.1586414831113198e+03,2.9531167966720204e+02,3.5434235749681742e-02,-2.5330136444013988e+01,1.0000000000000000e+00,
1.0550610710920740e+00,-6.4854731895868485e-04,1.0000000000038225e+00,2.8696517958506078e-12,1.1283420340904304e+03,-2.1596796033009014e+00,3.4122218239565627e-02,-1.5324157739296876e+01,1.0000000000000000e+00,
1.0298869672002873e+00,-3.6059087727200888e-04,1.0000000000047315e+00,3.3753091811093048e-12,8.0426579030304310e+02,-7.2666373177810328e+00,1.3482306172493685e-02,-8.7461996709324126e+00,1.0000000000000000e+00,
1.0143980274581945e+00,-1.6719474486385469e-04,1.0000000000064724e+00,3.7504189903410519e-12,5.3405498886195346e+02,-4.5408281130903561e+00,3.1553521111897260e-03,-4.7183677908768189e+00,1.0000000000000000e+00,
1.0066440379542154e+00,-6.6192837446044767e-05,1.0000000000063720e+00,3.9826869311541176e-12,3.4977357347002840e+02,-2.0710627740555765e+00,1.6705025103304306e-03,-2.0889463717806045e+00,1.0000000000000000e+00,
1.0032816400252602e+00,-5.9761116850579084e-06,1.0000000000043558e+00,4.0643570051736720e-12,2.5044081623028512e+02,-5.9849825225777309e-02,3.1032851966105758e-02,-6.0309471793267372e-02,1.0000000000000000e+00,

