1
1
9
0
(4 0
((32,112) (47,127) (0,0))
((48,112) (63,127) (0,0))
((32,128) (47,143) (0,0))
((48,128) (63,143) (0,0))
)
4
FabOnDisk: Cell_D_00000 0
FabOnDisk: Cell_D_00000 18518
FabOnDisk: Cell_D_00000 37036
FabOnDisk: Cell_D_00000 55554

4,9
0.0000000000000000e+00,-9.8165304984494395e-01,0.0000000000000000e+00,0.0000000000000000e+00,-1.3168953647033454e+03,-1.5769260523368164e+03,0.0000000000000000e+00,-1.1464255391865847e+00,0.0000000000000000e+00,
0.0000000000000000e+00,0.0000000000000000e+00,0.0000000000000000e+00,0.0000000000000000e+00,-1.3316971972545312e+02,-1.8200851971834966e+03,0.0000000000000000e+00,-1.3253169834708793e+00,0.0000000000000000e+00,
0.0000000000000000e+00,0.0000000000000000e+00,0.0000000000000000e+00,0.0000000000000000e+00,-1.3168953647033559e+03,-6.3805084191139520e+02,0.0000000000000000e+00,-1.1464255392608962e+00,0.0000000000000000e+00,
0.0000000000000000e+00,-9.7989151811016850e-01,0.0000000000000000e+00,0.0000000000000000e+00,-1.3316971972545412e+02,-3.5455992404405492e+02,0.0000000000000000e+00,-1.3253169835020715e+00,0.0000000000000000e+00,

4,9
1.9527976520724482e+00,0.0000000000000000e+00,1.0000000000000000e+00,3.3200997506810381e-11,2.7109189439362899e+02,6.3805084191134415e+02,4.2699324060009917e+02,8.2025053946358206e-01,1.0000000000000000e+00,
1.9524518456401077e+00,9.7989151811016717e-01,1.0000000000000000e+00,2.5636851704090056e-11,1.4422723573415092e+03,3.5455992404402258e+02,4.2689110209602836e+02,1.8629629677165871e-01,1.0000000000000000e+00,
1.9527976520724497e+00,9.8165304984494572e-01,1.0000000000000000e+00,3.3966995882650508e-11,2.7109189439363030e+02,1.5769260523368350e+03,4.2699324060009747e+02,8.2025053946358262e-01,1.0000000000000000e+00,
1.9524518456401083e+00,0.0000000000000000e+00,1.0000000000000000e+00,2.6478097492343977e-11,1.4422723573415569e+03,1.8200851971834943e+03,4.2689110209602904e+02,1.8629629677165929e-01,1.0000000000000000e+00,

