1
1
9
0
(4 0
((32,112) (47,127) (0,0))
((48,112) (63,127) (0,0))
((32,128) (47,143) (0,0))
((48,128) (63,143) (0,0))
)
4
FabOnDisk: Cell_D_00000 0
FabOnDisk: Cell_D_00000 18518
FabOnDisk: Cell_D_00000 37036
FabOnDisk: Cell_D_00000 55554

4,9
0.0000000000000000e+00,-7.5427829823672476e-01,0.0000000000000000e+00,0.0000000000000000e+00,-8.4428621438089499e+02,-5.9154632575793323e+02,0.0000000000000000e+00,-8.5884182173135848e-01,0.0000000000000000e+00,
-2.4709788729160592e-01,-3.9382355116873796e-01,0.0000000000000000e+00,0.0000000000000000e+00,-5.5556899106206551e+01,-5.9660847851494043e+02,0.0000000000000000e+00,-8.8628757916040213e-01,0.0000000000000000e+00,
0.0000000000000000e+00,0.0000000000000000e+00,0.0000000000000000e+00,0.0000000000000000e+00,-8.4428621438100822e+02,-5.6716938999708009e+02,0.0000000000000000e+00,-8.5884182173137624e-01,0.0000000000000000e+00,
-2.4709788729167886e-01,-6.5825811884458174e-01,0.0000000000000000e+00,0.0000000000000000e+00,-5.5556899106209372e+01,-4.1678602077884062e+02,0.0000000000000000e+00,-8.8628757916041767e-01,0.0000000000000000e+00,

4,9
1.6000451694830209e+00,0.0000000000000000e+00,1.0000000000001301e+00,7.1192208434854774e-13,1.6630110887178358e+02,5.6716938999702484e+02,3.7065290307969549e+03,5.7661439785933177e-01,1.0000000000000000e+00,
1.6224894179328759e+00,6.5825811884461138e-01,1.0000000000001765e+00,6.9615289669047337e-13,5.4223271558037095e+02,4.1678602077893362e+02,3.9360847321747310e+03,1.3353127137971929e-01,1.0000000000000000e+00,
1.6000451694830213e+00,7.5427829823668402e-01,1.0000000000001783e+00,7.2743280902575789e-13,1.6630110887179060e+02,5.9154632575793721e+02,3.7065290307970968e+03,5.7661439785933744e-01,1.0000000000000000e+00,
1.6224894179328864e+00,3.9382355116874224e-01,1.0000000000005407e+00,6.9774419701389446e-13,5.4223271558031377e+02,5.9660847851492815e+02,3.9360847321748952e+03,1.3353127137971760e-01,1.0000000000000000e+00,

