1
1
9
0
(6 0
((80,232) (95,247) (0,0))
((96,232) (111,247) (0,0))
((80,248) (95,263) (0,0))
((96,248) (111,263) (0,0))
((80,264) (95,279) (0,0))
((96,264) (111,279) (0,0))
)
6
FabOnDisk: Cell_D_00000 0
FabOnDisk: Cell_D_00000 18518
FabOnDisk: Cell_D_00000 37037
FabOnDisk: Cell_D_00000 55555
FabOnDisk: Cell_D_00000 74074
FabOnDisk: Cell_D_00000 92592

6,9
-2.0431010990229154e-01,-7.1295808801511573e-01,0.0000000000000000e+00,-8.1009923920749547e-16,-9.0048617582704105e+02,-4.0163270571859852e+02,0.0000000000000000e+00,-2.0840907869591323e+00,0.0000000000000000e+00,
-1.0156147760371721e-01,-5.1998736087218456e-01,0.0000000000000000e+00,-2.4792871975041859e-15,-3.1696096103886396e+02,-1.5623940018777347e+02,0.0000000000000000e+00,-3.6324000286361130e-01,0.0000000000000000e+00,
0.0000000000000000e+00,-6.3049990190454686e-01,0.0000000000000000e+00,-8.3463420078909357e-15,-4.9150291585266592e+02,-4.8783078018266690e+02,0.0000000000000000e+00,0.0000000000000000e+00,0.0000000000000000e+00,
-2.0585021651367502e-01,-4.9533854326157639e-01,0.0000000000000000e+00,-3.0468064548545279e-15,-3.8029960151110049e+02,-1.9873371279972014e+02,0.0000000000000000e+00,-3.4801043282429578e-01,0.0000000000000000e+00,
-2.0638812793590178e-01,-1.8673750107776180e-01,0.0000000000000000e+00,-8.4854847552549203e-15,-8.2930563046135933e+02,-4.0918266350644137e+02,0.0000000000000000e+00,-2.1655068308641470e+00,0.0000000000000000e+00,
-1.0171115268839048e-01,-7.7990285421518073e-03,0.0000000000000000e+00,-2.6091420665267776e-15,-3.1718536315206586e+02,-2.5173660488089479e+02,0.0000000000000000e+00,-3.6309453881523690e-01,0.0000000000000000e+00,

6,9
1.2781749132286311e+00,1.8687800559087675e-01,1.0000000000001228e+00,7.8970765521626355e-16,2.7839362986197921e+02,4.2545543250093283e+02,9.6753758406899506e+03,8.6641461694663247e-01,1.0000000000000000e+00,
1.3605241555369942e+00,7.7744654742564565e-03,1.0000000000008011e+00,2.0449758207049643e-15,1.0220582832440928e+02,2.5153137952534723e+02,2.7985298161067685e+03,1.2496899836038859e+00,1.0000000000000000e+00,
5.3119737472195572e-01,6.3045847708753755e-01,1.0000000000000664e+00,1.0415418634641804e-17,1.1563482787061119e+02,4.8764249257720388e+02,2.1230145851250595e+03,1.0000135788880551e+00,1.0000000000000000e+00,
0.0000000000000000e+00,4.9509077900545406e-01,1.0000000000005824e+00,8.5748062237938775e-15,1.1325458802376762e+02,2.0438453518478380e+02,1.7472092767675836e+03,1.3742042238007945e+00,1.0000000000000000e+00,
1.2780951128153877e+00,7.1292499356998407e-01,1.0000000000000842e+00,4.3252042706701007e-16,5.0628906450407385e+01,3.9934431607177146e+02,9.7050737334357491e+03,8.7573057700855594e-01,1.0000000000000000e+00,
1.3604996658478932e+00,5.1990772074205394e-01,1.0000000000014455e+00,6.3927726803668884e-15,1.0207542370366572e+02,1.5614298742729761e+02,2.7979037272127362e+03,1.2517151247734577e+00,1.0000000000000000e+00,

