1
1
9
0
(4 0
((32,112) (47,127) (0,0))
((48,112) (63,127) (0,0))
((32,128) (47,143) (0,0))
((48,128) (63,143) (0,0))
)
4
FabOnDisk: Cell_D_00000 0
FabOnDisk: Cell_D_00000 18518
FabOnDisk: Cell_D_00000 37036
FabOnDisk: Cell_D_00000 55554

4,9
0.0000000000000000e+00,-7.6451400564589544e-01,0.0000000000000000e+00,0.0000000000000000e+00,-9.1051126094053961e+02,-7.5992827679906270e+02,0.0000000000000000e+00,-1.0291640159594593e+00,0.0000000000000000e+00,
-8.3345045258734068e-02,-1.0773510640857349e-01,0.0000000000000000e+00,0.0000000000000000e+00,-7.8350254950804498e+01,-8.0703483869161357e+02,0.0000000000000000e+00,-1.0803764091948149e+00,0.0000000000000000e+00,
0.0000000000000000e+00,0.0000000000000000e+00,0.0000000000000000e+00,0.0000000000000000e+00,-9.1051126094064273e+02,-5.9493116856655774e+02,0.0000000000000000e+00,-1.0291640159594646e+00,0.0000000000000000e+00,
-8.3345045258649011e-02,-6.5762963960646248e-01,0.0000000000000000e+00,0.0000000000000000e+00,-7.8350254950856552e+01,-4.4521738180235275e+02,0.0000000000000000e+00,-1.0803764091948278e+00,0.0000000000000000e+00,

4,9
1.6707369511538761e+00,0.0000000000000000e+00,1.0000000000000890e+00,1.1845935476329683e-12,1.6977977521707072e+02,5.9493116856656286e+02,4.0691247202153295e+03,5.6025667500305953e-01,1.0000000000000000e+00,
1.6958966369238166e+00,6.5762963960647880e-01,1.0000000000001312e+00,1.7260416249384303e-12,5.4674399302635163e+02,4.4521738180230443e+02,4.8225069645850162e+03,1.7559001037284827e-01,1.0000000000000000e+00,
1.6707369511538801e+00,7.6451400564590244e-01,1.0000000000000837e+00,1.1910664038044977e-12,1.6977977521707675e+02,7.5992827679907555e+02,4.0691247202155032e+03,5.6025667500306042e-01,1.0000000000000000e+00,
1.6958966369238238e+00,1.0773510640859789e-01,1.0000000000003502e+00,1.7206186809427493e-12,5.4674399302628319e+02,8.0703483869163381e+02,4.8225069645851499e+03,1.7559001037284655e-01,1.0000000000000000e+00,

