1
1
9
0
(64 0
((0,0) (15,15) (0,0))
((16,0) (31,15) (0,0))
((32,0) (47,15) (0,0))
((48,0) (63,15) (0,0))
((64,0) (79,15) (0,0))
((80,0) (95,15) (0,0))
((96,0) (111,15) (0,0))
((112,0) (127,15) (0,0))
((0,16) (15,31) (0,0))
((16,16) (31,31) (0,0))
((32,16) (47,31) (0,0))
((48,16) (63,31) (0,0))
((64,16) (79,31) (0,0))
((80,16) (95,31) (0,0))
((96,16) (111,31) (0,0))
((112,16) (127,31) (0,0))
((0,32) (15,47) (0,0))
((16,32) (31,47) (0,0))
((32,32) (47,47) (0,0))
((48,32) (63,47) (0,0))
((64,32) (79,47) (0,0))
((80,32) (95,47) (0,0))
((96,32) (111,47) (0,0))
((112,32) (127,47) (0,0))
((0,48) (15,63) (0,0))
((16,48) (31,63) (0,0))
((32,48) (47,63) (0,0))
((48,48) (63,63) (0,0))
((64,48) (79,63) (0,0))
((80,48) (95,63) (0,0))
((96,48) (111,63) (0,0))
((112,48) (127,63) (0,0))
((0,64) (15,79) (0,0))
((16,64) (31,79) (0,0))
((32,64) (47,79) (0,0))
((48,64) (63,79) (0,0))
((64,64) (79,79) (0,0))
((80,64) (95,79) (0,0))
((96,64) (111,79) (0,0))
((112,64) (127,79) (0,0))
((0,80) (15,95) (0,0))
((16,80) (31,95) (0,0))
((32,80) (47,95) (0,0))
((48,80) (63,95) (0,0))
((64,80) (79,95) (0,0))
((80,80) (95,95) (0,0))
((96,80) (111,95) (0,0))
((112,80) (127,95) (0,0))
((0,96) (15,111) (0,0))
((16,96) (31,111) (0,0))
((32,96) (47,111) (0,0))
((48,96) (63,111) (0,0))
((64,96) (79,111) (0,0))
((80,96) (95,111) (0,0))
((96,96) (111,111) (0,0))
((112,96) (127,111) (0,0))
((0,112) (15,127) (0,0))
((16,112) (31,127) (0,0))
((32,112) (47,127) (0,0))
((48,112) (63,127) (0,0))
((64,112) (79,127) (0,0))
((80,112) (95,127) (0,0))
((96,112) (111,127) (0,0))
((112,112) (127,127) (0,0))
)
64
FabOnDisk: Cell_D_00000 0
FabOnDisk: Cell_D_00000 18514
FabOnDisk: Cell_D_00000 37029
FabOnDisk: Cell_D_00000 55544
FabOnDisk: Cell_D_00000 74059
FabOnDisk: Cell_D_00000 92574
FabOnDisk: Cell_D_00000 111089
FabOnDisk: Cell_D_00000 129605
FabOnDisk: Cell_D_00000 148122
FabOnDisk: Cell_D_00000 166637
FabOnDisk: Cell_D_00000 185153
FabOnDisk: Cell_D_00000 203669
FabOnDisk: Cell_D_00000 222185
FabOnDisk: Cell_D_00000 240701
FabOnDisk: Cell_D_00000 259217
FabOnDisk: Cell_D_00000 277734
FabOnDisk: Cell_D_00000 296252
FabOnDisk: Cell_D_00000 314767
FabOnDisk: Cell_D_00000 333283
FabOnDisk: Cell_D_00000 351799
FabOnDisk: Cell_D_00000 370315
FabOnDisk: Cell_D_00000 388831
FabOnDisk: Cell_D_00000 407347
FabOnDisk: Cell_D_00000 425864
FabOnDisk: Cell_D_00000 444382
FabOnDisk: Cell_D_00000 462897
FabOnDisk: Cell_D_00000 481413
FabOnDisk: Cell_D_00000 499929
FabOnDisk: Cell_D_00000 518445
FabOnDisk: Cell_D_00000 536961
FabOnDisk: Cell_D_00000 555477
FabOnDisk: Cell_D_00000 573994
FabOnDisk: Cell_D_00000 592512
FabOnDisk: Cell_D_00000 611027
FabOnDisk: Cell_D_00000 629543
FabOnDisk: Cell_D_00000 648059
FabOnDisk: Cell_D_00000 666575
FabOnDisk: Cell_D_00000 685091
FabOnDisk: Cell_D_00000 703607
FabOnDisk: Cell_D_00000 722124
FabOnDisk: Cell_D_00000 740642
FabOnDisk: Cell_D_00000 759157
FabOnDisk: Cell_D_00000 777673
FabOnDisk: Cell_D_00000 796189
FabOnDisk: Cell_D_00000 814705
FabOnDisk: Cell_D_00000 833221
FabOnDisk: Cell_D_00000 851737
FabOnDisk: Cell_D_00000 870254
FabOnDisk: Cell_D_00000 888772
FabOnDisk: Cell_D_00000 907288
FabOnDisk: Cell_D_00000 925805
FabOnDisk: Cell_D_00000 944322
FabOnDisk: Cell_D_00000 962839
FabOnDisk: Cell_D_00000 981356
FabOnDisk: Cell_D_00000 999873
FabOnDisk: Cell_D_00000 1018391
FabOnDisk: Cell_D_00000 1036910
FabOnDisk: Cell_D_00000 1055427
FabOnDisk: Cell_D_00000 1073945
FabOnDisk: Cell_D_00000 1092463
FabOnDisk: Cell_D_00000 1110981
FabOnDisk: Cell_D_00000 1129499
FabOnDisk: Cell_D_00000 1148017
FabOnDisk: Cell_D_00000 1166536

64,9
1.0000034962275453e+00,-5.7890929959309783e-03,9.9999999999998002e-01,8.1448224458564308e-15,-4.8058451140477221e-01,5.4953578518339517e-03,1.8138153335418156e-04,7.1855353628389454e-03,1.0000000000000000e+00,
1.0033714174834751e+00,-4.6971668373719192e-03,9.9999999999998834e-01,3.4402380413847549e-13,-5.1519776564605091e-01,-1.6625200855843261e-01,5.9780263640544021e-05,3.2352667178838792e-03,1.0000000000000000e+00,
1.0054087504584892e+00,-4.5706877638241168e-04,9.9999999999998923e-01,6.8045453736452493e-13,-3.8409095181829783e-01,-1.9517347044339725e-01,7.4584137821419143e-07,7.6597008872160736e-04,1.0000000000000000e+00,
1.0032767861974410e+00,5.2011447125058258e-05,9.9999999999999167e-01,9.8802001717472406e-13,-1.5478506784361407e-01,-1.4875877619167935e-01,4.4224632324285640e-07,1.4731449408037083e-04,1.0000000000000000e+00,
1.0015851615249638e+00,3.9631623730489973e-05,9.9999999999999412e-01,1.2582133387524256e-12,-5.2812151486353154e-02,-5.4396422867740636e-02,7.6322586197124891e-06,3.4758988614422756e-05,1.0000000000000000e+00,
1.0007467191527499e+00,2.1083152413463274e-05,9.9999999999999412e-01,1.4803031633328025e-12,-1.4793625267333238e-02,-1.4802334025583569e-02,4.7978687852095331e-08,1.1694336079143056e-05,1.0000000000000000e+00,
1.0003693500534760e+00,9.4931038986924742e-06,9.9999999999999345e-01,1.6453944990721108e-12,-3.9503341896264341e-03,-3.7216484281003158e-03,1.0556184233537821e-06,4.7402090181335342e-06,1.0000000000000000e+00,
1.0002286301741552e+00,2.3324537570202153e-06,9.9999999999996914e-01,1.7466424900255411e-12,-4.9998490020559047e-03,-9.3284891372866739e-04,3.9513534633942721e-07,1.1152168679110193e-06,1.0000000000000000e+00,
1.0000065071564908e+00,-1.7710552624936420e-02,9.9999999999994249e-01,7.9381954845730838e-15,-1.5771810672917990e+00,1.9681454399975978e-01,2.2249986495387342e-03,8.1601038236977300e-03,1.0000000000000000e+00,
1.0051156069862279e+00,-1.3634662416594417e-02,9.9999999999999378e-01,3.4809668210621065e-13,-1.6023942423634074e+00,-9.2845908359257356e-01,2.3794146352274642e-04,-1.2142343816130426e-03,1.0000000000000000e+00,
1.0060401512070678e+00,-4.3260907557339805e-04,9.9999999999999467e-01,6.8359290143065822e-13,-4.6094395512714753e-01,-9.1776555352308409e-01,2.5848285336790844e-06,-2.2916930393184704e-03,1.0000000000000000e+00,
1.0017169009871150e+00,2.0982719607770240e-03,9.9999999999999523e-01,9.9017786582463670e-13,-1.0534322222443412e-01,-2.8664527065888723e-01,5.2875518432443647e-06,-1.6079583839703046e-03,1.0000000000000000e+00,
1.0004014950239453e+00,1.2809473518434417e-03,9.9999999999999611e-01,1.2596006999452112e-12,-1.6975352597425587e-02,-6.3458583798302548e-02,5.9823523392010802e-07,-4.4718388298138964e-04,1.0000000000000000e+00,
1.0000982086281875e+00,6.5019019071669074e-04,9.9999999999999689e-01,1.4811505304768449e-12,-2.6717200148269424e-03,-1.5541400945892972e-02,1.3046662188098690e-08,-9.8726394572042726e-05,1.0000000000000000e+00,
1.0000277892354079e+00,2.8644151129980503e-04,9.9999999999999600e-01,1.6459030699809985e-12,-7.2096647336494107e-04,-3.8321218947400077e-03,2.2930951907706304e-05,-2.0557623394694481e-05,1.0000000000000000e+00,
1.0000114590488149e+00,6.9875683539219764e-05,9.9999999999999389e-01,1.7469613412886932e-12,-3.3899314311987643e-03,-9.7028725857932810e-04,9.9615265277026854e-08,-3.9528859341716037e-06,1.0000000000000000e+00,
1.0000224011921299e+00,-4.8237710359823806e-02,9.9999999999993927e-01,7.6061021331190376e-15,-8.2394155369989104e+00,4.7902618456164425e-01,6.3493988696206038e-04,1.1406547264697725e-02,1.0000000000000000e+00,
1.0131635310642022e+00,-4.6156262778144240e-02,9.9999999999999334e-01,3.4517895488414144e-13,-9.5602095860770220e+00,-8.8372185766163405e+00,1.2534351584159165e-04,-3.0762486704536740e-02,1.0000000000000000e+00,
9.9830923109735747e-01,2.7206627832874757e-03,9.9999999999999623e-01,6.8500509755158913e-13,-4.1818192003941435e-01,-4.4289763728660692e+00,7.9172326064927412e-05,-2.4448083275282004e-02,1.0000000000000000e+00,
9.9658655963305609e-01,4.5888181703719498e-03,9.9999999999999822e-01,9.9188666569569922e-13,5.7388211939036871e-02,-2.8610691830290685e-01,1.4374519324844570e-05,-3.0151975978685375e-03,1.0000000000000000e+00,
9.9718570195945921e-01,1.9851958907801327e-03,9.9999999999999867e-01,1.2607440559036410e-12,6.6409038238061414e-03,-3.5979370996946383e-02,9.7794865250994123e-06,-5.3030271632306105e-04,1.0000000000000000e+00,
9.9857039144956872e-01,7.9628278593441471e-04,9.9999999999999889e-01,1.4818066095540249e-12,1.3450708492530176e-03,-4.9221375554414862e-03,7.8567592060735381e-05,-1.0713858101760420e-04,1.0000000000000000e+00,
9.9932211505945601e-01,3.1651542544451210e-04,9.9999999999999867e-01,1.6462962861517284e-12,4.3957484532279638e-04,-1.1992734249830664e-03,4.5212214334596282e-05,-2.2793113198104014e-05,1.0000000000000000e+00,
9.9966200285183071e-01,7.4702340291393660e-05,9.9999999999999856e-01,1.7472296600210387e-12,-2.7528455886184893e-04,-4.5771032918523881e-04,1.6383290598514025e-06,-5.3085128151396737e-06,1.0000000000000000e+00,
8.3539104345679571e-01,-1.2348228761749018e-01,9.9999999999994560e-01,7.1247471499725833e-15,-1.5706655749489029e+01,4.7893184434417130e-01,8.1867814429800734e-04,2.3168539706180411e-02,1.0000000000000000e+00,
-1.9682602195153137e-01,-6.8239890180045626e-01,0.0000000000000000e+00,0.0000000000000000e+00,-7.1350660774364189e+02,-4.9418504479682923e+02,0.0000000000000000e+00,-7.3804384129756495e-01,0.0000000000000000e+00,
7.1619408159083653e-01,1.3351392000846010e-03,9.9999999999999845e-01,6.8996251640270766e-13,-3.4912445852929309e+01,-4.9851335170532032e+00,5.6332482059606725e-05,-4.2982397189619923e-02,1.0000000000000000e+00,
9.7625122874216053e-01,2.4253498725408380e-04,9.9999999999999956e-01,9.9538734759631063e-13,-1.1075442867659793e+00,8.6800843290603304e-03,2.2902503300286856e-04,-2.1986748120232016e-03,1.0000000000000000e+00,
9.9337766336847511e-01,7.4925681718464860e-05,9.9999999999999944e-01,1.2623394253126639e-12,-1.1340544819498952e-01,1.1298175139233925e-03,2.7683692657850482e-05,-1.7932597786477663e-04,1.0000000000000000e+00,
9.9751125907238902e-01,2.8289414890439983e-05,9.9999999999999989e-01,1.4825919436951013e-12,-1.6473361976978237e-02,1.7723613654875374e-04,5.8457664137780184e-06,-3.0217808673876847e-05,1.0000000000000000e+00,
9.9893965001988327e-01,1.0971774871526034e-05,1.0000000000000000e+00,1.6467441933990603e-12,-2.4229973872448955e-03,2.5269752996798667e-05,1.8131277844903233e-06,-1.0075887442440813e-05,1.0000000000000000e+00,
9.9949451798741096e-01,2.5696293764050776e-06,9.9999999999999956e-01,1.7475495261610703e-12,-7.8368747558603240e-04,-1.3361159408341121e-04,2.3142535971005184e-07,-4.2494534174019413e-06,1.0000000000000000e+00,
8.3539104345679605e-01,1.4813303622036026e-04,9.9999999999992573e-01,7.1099528882914312e-15,-1.5706655749480925e+01,-4.7154075739630649e+01,8.1867814590366739e-04,2.3168539706170835e-02,1.0000000000000000e+00,
-1.9682602195157561e-01,-5.7844594848942776e-01,0.0000000000000000e+00,0.0000000000000000e+00,-7.1350660774365792e+02,-5.6716938999707850e+02,0.0000000000000000e+00,-7.3804384129755130e-01,0.0000000000000000e+00,
7.1619408159084486e-01,-1.9555698458733420e-01,9.9999999999985623e-01,6.9009879543680289e-13,-3.4912445852928101e+01,-4.9926060109745052e+01,5.6332486997323628e-05,-4.2982397189623781e-02,1.0000000000000000e+00,
9.7625122874216208e-01,-1.7163613286913779e-02,9.9999999999999400e-01,9.9558609908919697e-13,-1.1075442867657292e+00,-9.9484156292111825e-01,2.2902503300315045e-04,-2.1986748120185525e-03,1.0000000000000000e+00,
9.9337766336847511e-01,-5.0061744543233311e-03,9.9999999999999634e-01,1.2625893127809223e-12,-1.1340544819597329e-01,-1.0843555828388084e-01,2.7683692714022996e-05,-1.7932597786533247e-04,1.0000000000000000e+00,
9.9751125907238825e-01,-1.8016688093776911e-03,9.9999999999999734e-01,1.4828842420076974e-12,-1.6473361975557047e-02,-1.6947578609339105e-02,5.8457687557035001e-06,-3.0217808673351439e-05,1.0000000000000000e+00,
9.9893965001988350e-01,-7.2054676655093034e-04,9.9999999999999933e-01,1.6470416422635255e-12,-2.4229973887244433e-03,-2.7878019086747855e-03,1.8131275691094960e-06,-1.0075887442893430e-05,1.0000000000000000e+00,
9.9949451798741107e-01,-2.8367399362754111e-04,1.0000000000000000e+00,1.7477941360689526e-12,-7.8368747743515720e-04,-3.5816927542736687e-04,2.3142494793074436e-07,-4.2494534171959514e-06,1.0000000000000000e+00,
1.0000224011921299e+00,5.5136681571845434e-04,9.9999999999995504e-01,7.3016974032098876e-15,-8.2394155369942581e+00,-5.5998962216031645e+00,6.3493988728124950e-04,1.1406547264686404e-02,1.0000000000000000e+00,
1.0131635310642007e+00,-2.9124442926714032e-02,9.9999999999998290e-01,3.4476081450418719e-13,-9.5602095860788978e+00,-1.6979013917557180e+00,1.2534351355453222e-04,-3.0762486704542222e-02,1.0000000000000000e+00,
9.9830923109735414e-01,-3.3651149585328152e-02,9.9999999999999101e-01,6.8526736762215293e-13,-4.1818192004143157e-01,-4.1072423642913120e-01,7.9172325812004729e-05,-2.4448083275282608e-02,1.0000000000000000e+00,
9.9658655963305443e-01,-1.6313376105001932e-02,9.9999999999999767e-01,9.9225586944696135e-13,5.7388211935868079e-02,-3.8858591142506710e-01,1.4374518991083773e-05,-3.0151975978644071e-03,1.0000000000000000e+00,
9.9718570195945810e-01,-5.3095430907286615e-03,9.9999999999999789e-01,1.2612151109811776e-12,6.6409038234608074e-03,-9.0435244161192113e-02,9.7794850741766970e-06,-5.3030271632062604e-04,1.0000000000000000e+00,
9.9857039144956772e-01,-2.1779075323226584e-03,9.9999999999999822e-01,1.4823625736249583e-12,1.3450708474254478e-03,-1.5989564834496598e-02,7.8567592796952024e-05,-1.0713858101624894e-04,1.0000000000000000e+00,
9.9932211505945590e-01,-9.5179233140284193e-04,9.9999999999999878e-01,1.6469111050983923e-12,4.3957484532367291e-04,-2.6736286573781783e-03,4.5212213333921045e-05,-2.2793113198185851e-05,1.0000000000000000e+00,
9.9966200285183016e-01,-3.9201615367277039e-04,1.0000000000000000e+00,1.7478832332173120e-12,-2.7528456098397454e-04,-3.1589581785456322e-04,1.6383265312100437e-06,-5.3085128155821171e-06,1.0000000000000000e+00,
1.0000065071564905e+00,1.4612629000525901e-04,9.9999999999996969e-01,7.2777736909097681e-15,-1.5771810672865243e+00,-1.6709401825703778e+00,2.2249986507051622e-03,8.1601038236792482e-03,1.0000000000000000e+00,
1.0051156069862246e+00,-1.4050890373567080e-03,9.9999999999998734e-01,3.4718867241905154e-13,-1.6023942423627269e+00,-3.1482297570721679e-01,2.3794146120264051e-04,-1.2142343816147483e-03,1.0000000000000000e+00,
1.0060401512070656e+00,-7.0234433926669396e-03,9.9999999999998979e-01,6.8393367522828993e-13,-4.6094395512661951e-01,1.6712684290103835e-01,2.5848302524431044e-06,-2.2916930393142819e-03,1.0000000000000000e+00,
1.0017169009871125e+00,-6.9079402572080660e-03,9.9999999999999234e-01,9.9066166233482287e-13,-1.0534322222604039e-01,4.6979991640592730e-02,5.2875510910682655e-06,-1.6079583839674178e-03,1.0000000000000000e+00,
1.0004014950239457e+00,-4.2590344239874798e-03,9.9999999999999567e-01,1.2602218017013173e-12,-1.6975352591733515e-02,7.0852955601912911e-03,5.9823449041762622e-07,-4.4718388297796015e-04,1.0000000000000000e+00,
1.0000982086281884e+00,-2.0667662674431287e-03,9.9999999999999811e-01,1.4818780790250429e-12,-2.6717200127015055e-03,1.6361390637781373e-03,1.3047410894750922e-08,-9.8726394570852408e-05,1.0000000000000000e+00,
1.0000277892354084e+00,-9.3913288423418627e-04,9.9999999999999878e-01,1.6467160125235060e-12,-7.2096647275643922e-04,5.5758127618083203e-04,2.2930954110024493e-05,-2.0557623394017664e-05,1.0000000000000000e+00,
1.0000114590488154e+00,-3.9028755952906572e-04,1.0000000000000000e+00,1.7478232189168105e-12,-3.3899314308441083e-03,9.1486682190249844e-05,9.9614629609293126e-08,-3.9528859336634610e-06,1.0000000000000000e+00,
1.0000034962275457e+00,3.4957982008656519e-06,9.9999999999986244e-01,7.2198866126616243e-15,-4.8058451140124742e-01,-4.4265169176945118e-01,1.8138152213789324e-04,7.1855353628273062e-03,1.0000000000000000e+00,
1.0033714174834982e+00,3.0316345322589313e-05,9.9999999999990152e-01,3.4609166031967968e-13,-5.1519776564398667e-01,-1.5539788019597159e-01,5.9780255043644787e-05,3.2352667178781741e-03,1.0000000000000000e+00,
1.0054087504584936e+00,-1.9366069410165631e-03,9.9999999999996514e-01,6.8301252932205311e-13,-3.8409095181708897e-01,3.8504582231526957e-03,7.4584163826550351e-07,7.6597008872307179e-04,1.0000000000000000e+00,
1.0032767861974399e+00,-2.1580710101746646e-03,9.9999999999998912e-01,9.8986586882311677e-13,-1.5478506784569021e-01,2.1387999545156053e-03,4.4224781885638526e-07,1.4731449408352060e-04,1.0000000000000000e+00,
1.0015851615249642e+00,-1.9155251061614839e-03,9.9999999999999556e-01,1.2596788839858917e-12,-5.2812151491177128e-02,6.6995862275730342e-04,7.6322586700086278e-06,3.4758988616148331e-05,1.0000000000000000e+00,
1.0007467191527506e+00,-1.1622405575397988e-03,9.9999999999999911e-01,1.4815690231479448e-12,-1.4793625266139912e-02,1.7778675977613137e-04,4.7976454807616836e-08,1.1694336081126792e-05,1.0000000000000000e+00,
1.0003693500534749e+00,-5.8809790810858517e-04,9.9999999999999800e-01,1.6465582645250268e-12,-3.9503341964154072e-03,4.4358409399524940e-05,1.0556190388499344e-06,4.7402090191399482e-06,1.0000000000000000e+00,
1.0002286301741572e+00,-2.5646051081780003e-04,9.9999999999999634e-01,1.7477507558602783e-12,-4.9998490011704654e-03,3.1536062659872744e-06,3.9513682755204071e-07,1.1152168682203608e-06,1.0000000000000000e+00,

64,9
1.0045073730541216e+00,-3.4957982006549698e-06,1.0000000000000413e+00,3.3192576947695182e-13,-1.1594779736103433e-02,4.4265169176993835e-01,2.7858904143129819e+00,1.0709989713280200e-02,1.0000000000000000e+00,
1.0077600809662670e+00,-3.0316345322997630e-05,1.0000000000000537e+00,6.6659280419041185e-13,-3.0570766472836353e-01,1.5539788019702855e-01,1.7348715682227820e-03,7.7370365122698057e-03,1.0000000000000000e+00,
1.0077589043475832e+00,1.9366069410149199e-03,1.0000000000000482e+00,9.7355959090211763e-13,-1.2357873037665359e-01,-3.8504582222191976e-03,1.4485757323866658e-03,3.7015769517213335e-03,1.0000000000000000e+00,
1.0057932824242519e+00,2.1580710101733892e-03,1.0000000000000253e+00,1.2449031038187395e-12,-2.3650298281859231e-02,-2.1387999542104618e-03,2.3519652966839943e-03,1.3873275697316900e-03,1.0000000000000000e+00,
1.0034077968492725e+00,1.9155251061604252e-03,1.0000000000000302e+00,1.4693708514430397e-12,-4.3561573542281089e-03,-6.6995862369694892e-04,2.9518066181934144e-04,4.1603745752905670e-04,1.0000000000000000e+00,
1.0018443162715529e+00,1.1622405575397662e-03,1.0000000000000431e+00,1.6377014898000983e-12,-1.1222105239900000e-03,-1.7778676009455884e-04,2.6604824623987318e-04,1.1425443529942928e-04,1.0000000000000000e+00,
1.0009275862017135e+00,5.8809790810824343e-04,1.0000000000000642e+00,1.7427738619515347e-12,-4.1614523445129679e-04,-4.4358409463577910e-05,1.8067360106349282e-04,3.2175385168280181e-05,1.0000000000000000e+00,
1.0004777451261708e+00,2.5646051081813103e-04,1.0000000000001115e+00,1.7798377237557036e-12,2.9855145233501112e-04,-3.1536077727048123e-06,3.1899507100419436e-03,9.7548955959915789e-06,1.0000000000000000e+00,
1.0114152646285650e+00,-1.4612629000486550e-04,1.0000000000000233e+00,3.2589295386883240e-13,-2.1371126518737998e-02,1.6709401825692678e+00,8.1101167434899502e+00,2.0051667930919323e-02,1.0000000000000000e+00,
1.0168801838946748e+00,1.4050890373556598e-03,1.0000000000000020e+00,6.6470206523882082e-13,-4.0369575110315953e-01,3.1482297570497397e-01,1.2301860032805020e-02,1.0122672658592319e-02,1.0000000000000000e+00,
1.0153824405912932e+00,7.0234433926659014e-03,9.9999999999999978e-01,9.7355538623745875e-13,1.6457684937310904e-01,-1.6712684290078098e-01,1.3568894636224044e-02,2.8794612531230033e-03,1.0000000000000000e+00,
1.0062998832059704e+00,6.9079402572071449e-03,9.9999999999999922e-01,1.2451480781557085e-12,1.5923949467196036e-01,-4.6979991640722474e-02,5.7961743048236258e-03,5.9581249239649796e-04,1.0000000000000000e+00,
1.0030940524596044e+00,4.2590344239873184e-03,9.9999999999999922e-01,1.4695147506928932e-12,6.4771872307401904e-02,-7.0852955596274357e-03,4.1601464890635154e-04,9.8596663916476811e-05,1.0000000000000000e+00,
1.0014664555166088e+00,2.0667662674429725e-03,9.9999999999999944e-01,1.6377848075731665e-12,1.5287246918962645e-02,-1.6361390625169764e-03,1.1920524002860533e-04,2.2801217063379634e-05,1.0000000000000000e+00,
1.0006846269924501e+00,9.3913288423447022e-04,9.9999999999999944e-01,1.7428652008718436e-12,3.2601503663524933e-03,-5.5758127726109334e-04,8.3376843227223746e-05,8.6705357319365266e-06,1.0000000000000000e+00,
1.0003393690692790e+00,3.9028755952973630e-04,1.0000000000000024e+00,1.7799837294220185e-12,7.1096539771850562e-04,-9.1486682141408326e-05,4.7856686150261158e-03,3.8978982377721686e-06,1.0000000000000000e+00,
1.0299478491883449e+00,-5.5136681571820790e-04,1.0000000000000298e+00,3.2547093629243476e-13,-7.2442699522268922e-02,5.5998962216013366e+00,1.6224049984258162e+01,5.2828226567302718e-02,1.0000000000000000e+00,
1.0627352041941711e+00,2.9124442926712471e-02,1.0000000000000067e+00,6.6895729917725363e-13,3.2377742742935567e+00,1.6979013917580832e+00,2.1928568542665811e-01,1.5872094036196126e-02,1.0000000000000000e+00,
1.0373592885256828e+00,3.3651149585330310e-02,1.0000000000000060e+00,9.7709574901320677e-13,3.7864355742722799e+00,4.1072423642726336e-01,1.9424043444412065e-01,-1.9085061153433136e-03,1.0000000000000000e+00,
1.0060610156850407e+00,1.6313376105001859e-02,1.0000000000000040e+00,1.2468144144435357e-12,6.3577063117903776e-01,3.8858591142625354e-01,7.9973770729421800e-03,-2.7121653628642934e-04,1.0000000000000000e+00,
1.0013871394073439e+00,5.3095430907284646e-03,1.0000000000000000e+00,1.4703339028884094e-12,8.8276387886455102e-02,9.0435244161556669e-02,2.2154706334397145e-03,-4.4296415816690187e-05,1.0000000000000000e+00,
1.0002666650913077e+00,2.1779075323229971e-03,1.0000000000000000e+00,1.6382552830580991e-12,1.6809520282441700e-02,1.5989564833866522e-02,4.4651784499617764e-04,-1.2577337613653520e-05,1.0000000000000000e+00,
1.0000420414192472e+00,9.5179233140367742e-04,1.0000000000000000e+00,1.7431867372632623e-12,3.4701686227861578e-03,2.6736286573629977e-03,1.2636684704825721e-04,-4.7198264334995307e-06,1.0000000000000000e+00,
1.0000018177997678e+00,3.9201615367322776e-04,1.0000000000000044e+00,1.7802692614296297e-12,3.4025029114410133e-03,3.1589581721889809e-04,4.7971710336296575e-03,-6.4360562651631912e-08,1.0000000000000000e+00,
1.0309468736810781e+00,-1.4813303622135252e-04,1.0000000000002138e+00,3.2193272702508943e-13,5.5747703834961484e+01,4.7154075739633527e+01,1.6293993527732745e+01,2.4362164308527218e-01,1.0000000000000000e+00,
1.5897541155540094e+00,5.7844594848944175e-01,1.0000000000001517e+00,7.1005954369694628e-13,4.8238275192628913e+02,5.6716938999702302e+02,2.2345039671297063e+03,4.8632196128416222e-01,1.0000000000000000e+00,
1.0424651510288248e+00,1.9555698458734361e-01,1.0000000000001290e+00,9.8061363783040481e-13,2.8032039355484887e+01,4.9926060109746714e+01,5.7136559464111116e+01,9.7269673072693755e-02,1.0000000000000000e+00,
9.9671418028370906e-01,1.7163613286915128e-02,1.0000000000000075e+00,1.2478708526544827e-12,5.9911981364306710e-01,9.9484156292066883e-01,3.9776195639665279e-02,4.7427101250680660e-03,1.0000000000000000e+00,
9.9838687004449700e-01,5.0061744543239313e-03,1.0000000000000029e+00,1.4708274391404618e-12,3.9347165537836952e-02,1.0843555828504767e-01,2.6230620601312010e-03,5.7902754458633617e-04,1.0000000000000000e+00,
9.9924637949114536e-01,1.8016688093782805e-03,1.0000000000000000e+00,1.6385702771363023e-12,4.1260154959580049e-03,1.6947578610244131e-02,4.5292369330925814e-04,8.2204381052223223e-05,1.0000000000000000e+00,
9.9962916145847247e-01,7.2054676655213695e-04,1.0000000000000000e+00,1.7434432193917796e-12,9.2526287330097054e-04,2.7878019086220894e-03,1.2151358429780823e-04,8.1020451542414076e-06,1.0000000000000000e+00,
9.9977100597523128e-01,2.8367399362832216e-04,1.0000000000000049e+00,1.7805087751299499e-12,4.8385212851254043e-03,3.5816927391543610e-04,3.4241458961527271e-03,-1.1140594184724026e-06,1.0000000000000000e+00,
1.0309468736810730e+00,1.2348228761749001e-01,1.0000000000002931e+00,3.2140860311297184e-13,5.5747703834962579e+01,-4.7893184434551594e-01,1.6293993527734536e+01,2.4362164308527115e-01,1.0000000000000000e+00,
1.5897541155540162e+00,6.8239890180043528e-01,1.0000000000005391e+00,7.2482704512709665e-13,4.8238275192623149e+02,4.9418504479681195e+02,2.2345039671297613e+03,4.8632196128416622e-01,1.0000000000000000e+00,
1.0424651510288210e+00,-1.3351392000821882e-03,1.0000000000000766e+00,9.8061781647105084e-13,2.8032039355483143e+01,4.9851335170526294e+00,5.7136559464102746e+01,9.7269673072692991e-02,1.0000000000000000e+00,
9.9671418028370673e-01,-2.4253498725275668e-04,1.0000000000000031e+00,1.2478771676793275e-12,5.9911981364274591e-01,-8.6800843282232396e-03,3.9776195639291967e-02,4.7427101250679636e-03,1.0000000000000000e+00,
9.9838687004449578e-01,-7.4925681717512714e-05,1.0000000000000002e+00,1.4708505609349822e-12,3.9347165541897211e-02,-1.1298175155261144e-03,2.6230620609336841e-03,5.7902754458625855e-04,1.0000000000000000e+00,
9.9924637949114492e-01,-2.8289414889918451e-05,1.0000000000000002e+00,1.6386251976118521e-12,4.1260154936067668e-03,-1.7723613606185481e-04,4.5292369418303835e-04,8.2204381052067423e-05,1.0000000000000000e+00,
9.9962916145847158e-01,-1.0971774870339710e-05,1.0000000000000000e+00,1.7435528461067355e-12,9.2526287365376591e-04,-2.5269752174925987e-05,1.2151358382388178e-04,8.1020451539701842e-06,1.0000000000000000e+00,
9.9977100597523139e-01,-2.5696293758430280e-06,1.0000000000000047e+00,1.7806384793046840e-12,4.8385212855214486e-03,1.3361159423041596e-04,3.4241458958334512e-03,-1.1140594188410586e-06,1.0000000000000000e+00,
1.0299478491883405e+00,4.8237710359822376e-02,1.0000000000002691e+00,3.2438518660261187e-13,-7.2442699519467857e-02,-4.7902618456271084e-01,1.6224049984257153e+01,5.2828226567288583e-02,1.0000000000000000e+00,
1.0627352041941667e+00,4.6156262778142741e-02,9.9999999999999634e-01,6.6910955924163440e-13,3.2377742742968305e+00,8.8372185766173317e+00,2.1928568542628618e-01,1.5872094036187986e-02,1.0000000000000000e+00,
1.0373592885256784e+00,-2.7206627832882494e-03,1.0000000000000020e+00,9.7729874142729801e-13,3.7864355742707025e+00,4.4289763728677620e+00,1.9424043443769246e-01,-1.9085061153413928e-03,1.0000000000000000e+00,
1.0060610156850391e+00,-4.5888181703716696e-03,9.9999999999999989e-01,1.2470787887026999e-12,6.3577063118010402e-01,2.8610691830344370e-01,7.9973770733543503e-03,-2.7121653628756222e-04,1.0000000000000000e+00,
1.0013871394073415e+00,-1.9851958907793222e-03,9.9999999999999944e-01,1.4706452540783164e-12,8.8276387883399643e-02,3.5979370996474067e-02,2.2154706329470530e-03,-4.4296415815608756e-05,1.0000000000000000e+00,
1.0002666650913075e+00,-7.9628278593333137e-04,9.9999999999999978e-01,1.6385977637283134e-12,1.6809520280591003e-02,4.9221375560275270e-03,4.4651784418554136e-04,-1.2577337614306917e-05,1.0000000000000000e+00,
1.0000420414192492e+00,-3.1651542544338735e-04,1.0000000000000000e+00,1.7435610969140108e-12,3.4701686247325838e-03,1.1992734265291450e-03,1.2636684605712295e-04,-4.7198264327799914e-06,1.0000000000000000e+00,
1.0000018177997660e+00,-7.4702340290605648e-05,1.0000000000000042e+00,1.7806690798943580e-12,3.4025029133686775e-03,4.5771032858018797e-04,4.7971710319343877e-03,-6.4360562592034621e-08,1.0000000000000000e+00,
1.0114152646285646e+00,1.7710552624938231e-02,1.0000000000001603e+00,3.2442279813432871e-13,-2.1371126516175724e-02,-1.9681454399943471e-01,8.1101167434904085e+00,2.0051667930890513e-02,1.0000000000000000e+00,
1.0168801838946722e+00,1.3634662416595455e-02,9.9999999999999589e-01,6.6496161044658002e-13,-4.0369575110370820e-01,9.2845908359280094e-01,1.2301860032000803e-02,1.0122672658581834e-02,1.0000000000000000e+00,
1.0153824405912912e+00,4.3260907557267196e-04,9.9999999999999845e-01,9.7392862861273766e-13,1.6457684937456446e-01,9.1776555352145650e-01,1.3568894637976808e-02,2.8794612531190741e-03,1.0000000000000000e+00,
1.0062998832059702e+00,-2.0982719607783662e-03,9.9999999999999811e-01,1.2456256529031840e-12,1.5923949467286239e-01,2.8664527065950213e-01,5.7961743046494596e-03,5.9581249239995906e-04,1.0000000000000000e+00,
1.0030940524596044e+00,-1.2809473518438411e-03,9.9999999999999900e-01,1.4700758342030131e-12,6.4771872305459319e-02,6.3458583796746224e-02,4.1601464787939524e-04,9.8596663919256678e-05,1.0000000000000000e+00,
1.0014664555166071e+00,-6.5019019071786374e-04,9.9999999999999978e-01,1.6384126105132262e-12,1.5287246925713475e-02,1.5541400946859496e-02,1.1920523974046776e-04,2.2801217064441028e-05,1.0000000000000000e+00,
1.0006846269924519e+00,-2.8644151129980080e-04,1.0000000000000000e+00,1.7435305965545422e-12,3.2601503688483129e-03,3.8321218964678600e-03,8.3376845234819225e-05,8.6705357340889576e-06,1.0000000000000000e+00,
1.0003393690692803e+00,-6.9875683538988937e-05,1.0000000000000033e+00,1.7806672017848889e-12,7.1096540341882388e-04,9.7028725863445187e-04,4.7856686161617309e-03,3.8978982377663173e-06,1.0000000000000000e+00,
1.0045073730541199e+00,5.7890929959342951e-03,1.0000000000005194e+00,3.2484744563059236e-13,-1.1594779732413416e-02,-5.4953578520642362e-03,2.7858904143115506e+00,1.0709989713246626e-02,1.0000000000000000e+00,
1.0077600809662668e+00,4.6971668373736565e-03,1.0000000000004929e+00,6.6393955169786418e-13,-3.0570766473250988e-01,1.6625200856062647e-01,1.7348715682264683e-03,7.7370365122542157e-03,1.0000000000000000e+00,
1.0077589043475814e+00,4.5706877638208393e-04,1.0000000000002183e+00,9.7240211809189340e-13,-1.2357873037439829e-01,1.9517347044359562e-01,1.4485757322435944e-03,3.7015769517156488e-03,1.0000000000000000e+00,
1.0057932824242517e+00,-5.2011447125516232e-05,1.0000000000000635e+00,1.2446283732283591e-12,-2.3650298284581039e-02,1.4875877619158406e-01,2.3519652972540245e-03,1.3873275697348477e-03,1.0000000000000000e+00,
1.0034077968492725e+00,-3.9631623730094639e-05,1.0000000000000102e+00,1.4695809746981954e-12,-4.3561573588588240e-03,5.4396422868443192e-02,2.9518066262494702e-04,4.1603745753163060e-04,1.0000000000000000e+00,
1.0018443162715522e+00,-2.1083152414016071e-05,1.0000000000000171e+00,1.6382063595915151e-12,-1.1222105270346791e-03,1.4802334025805445e-02,2.6604824896113389e-04,1.1425443529959045e-04,1.0000000000000000e+00,
1.0009275862017093e+00,-9.4931038990032743e-06,1.0000000000000249e+00,1.7434694915534216e-12,-4.1614523485762866e-04,3.7216484264535827e-03,1.8067359441131618e-04,3.2175385168732835e-05,1.0000000000000000e+00,
1.0004777451261651e+00,-2.3324537561822951e-06,1.0000000000000251e+00,1.7806482790092797e-12,2.9855145324980160e-04,9.3284891421133252e-04,3.1899507085565108e-03,9.7548955934937685e-06,1.0000000000000000e+00,

