1
1
9
0
(4 0
((32,112) (47,127) (0,0))
((48,112) (63,127) (0,0))
((32,128) (47,143) (0,0))
((48,128) (63,143) (0,0))
)
4
FabOnDisk: Cell_D_00000 0
FabOnDisk: Cell_D_00000 18518
FabOnDisk: Cell_D_00000 37036
FabOnDisk: Cell_D_00000 55554

4,9
0.0000000000000000e+00,-7.5427829823672521e-01,0.0000000000000000e+00,0.0000000000000000e+00,-8.4428621438089192e+02,-5.9154632575793221e+02,0.0000000000000000e+00,-8.5884182173142354e-01,0.0000000000000000e+00,
-2.4709788729160617e-01,-3.9382355116873796e-01,0.0000000000000000e+00,0.0000000000000000e+00,-5.5556899106207645e+01,-5.9660847851494236e+02,0.0000000000000000e+00,-8.8628757916046741e-01,0.0000000000000000e+00,
0.0000000000000000e+00,0.0000000000000000e+00,0.0000000000000000e+00,0.0000000000000000e+00,-8.4428621438100663e+02,-5.6716938999708259e+02,0.0000000000000000e+00,-8.5884182173144308e-01,0.0000000000000000e+00,
-2.4709788729167903e-01,-6.5825811884458085e-01,0.0000000000000000e+00,0.0000000000000000e+00,-5.5556899106211020e+01,-4.1678602077884079e+02,0.0000000000000000e+00,-8.8628757916048484e-01,0.0000000000000000e+00,

4,9
1.6000451694830209e+00,0.0000000000000000e+00,1.0000000000001306e+00,7.1192208433715523e-13,1.6630110887178557e+02,5.6716938999702404e+02,3.7065290307969544e+03,5.7661439785926483e-01,1.0000000000000000e+00,
1.6224894179328759e+00,6.5825811884461116e-01,1.0000000000001767e+00,6.9615289668768597e-13,5.4223271558037197e+02,4.1678602077893294e+02,3.9360847321747292e+03,1.3353127137965959e-01,1.0000000000000000e+00,
1.6000451694830213e+00,7.5427829823668402e-01,1.0000000000001776e+00,7.2743280916525293e-13,1.6630110887179160e+02,5.9154632575794005e+02,3.7065290307970977e+03,5.7661439785927060e-01,1.0000000000000000e+00,
1.6224894179328861e+00,3.9382355116874185e-01,1.0000000000005442e+00,6.9774419701056070e-13,5.4223271558031422e+02,5.9660847851492827e+02,3.9360847321748997e+03,1.3353127137965870e-01,1.0000000000000000e+00,

