1
1
4
2
(4 0
((0,0) (31,31) (0,0))
((32,0) (63,31) (0,0))
((0,32) (31,63) (0,0))
((32,32) (63,63) (0,0))
)
4
FabOnDisk: SD_0_New_MF_D_00000 0
FabOnDisk: SD_0_New_MF_D_00001 0
FabOnDisk: SD_0_New_MF_D_00002 0
FabOnDisk: SD_0_New_MF_D_00003 0

4,4
-2.3154253265346272e-02,1.9305099491356565e-06,9.9999999992001809e-01,0.0000000000000000e+00,
-2.0121896919700200e-01,-4.8107342402567965e-01,9.9996339855828076e-01,0.0000000000000000e+00,
-1.5224534414466145e-01,-1.5227030363942934e-02,9.9905462700449299e-01,0.0000000000000000e+00,
-3.7076186714003245e-01,-5.8693494216876774e-01,9.9921160775914108e-01,0.0000000000000000e+00,

4,4
-1.9315513686403121e-06,2.4695339601537261e-02,1.0000000002000813e+00,0.0000000000000000e+00,
1.2985052818223825e-01,1.1617164627401205e-01,1.0000312762113266e+00,0.0000000000000000e+00,
8.3056694662134689e-01,2.8547575414264303e-01,1.0016755430934448e+00,0.0000000000000000e+00,
1.1818501796622791e+00,1.6148021527960246e-01,1.0014076885102901e+00,0.0000000000000000e+00,

