1
1
9
0
(64 0
((0,0) (15,15) (0,0))
((16,0) (31,15) (0,0))
((32,0) (47,15) (0,0))
((48,0) (63,15) (0,0))
((64,0) (79,15) (0,0))
((80,0) (95,15) (0,0))
((96,0) (111,15) (0,0))
((112,0) (127,15) (0,0))
((0,16) (15,31) (0,0))
((16,16) (31,31) (0,0))
((32,16) (47,31) (0,0))
((48,16) (63,31) (0,0))
((64,16) (79,31) (0,0))
((80,16) (95,31) (0,0))
((96,16) (111,31) (0,0))
((112,16) (127,31) (0,0))
((0,32) (15,47) (0,0))
((16,32) (31,47) (0,0))
((32,32) (47,47) (0,0))
((48,32) (63,47) (0,0))
((64,32) (79,47) (0,0))
((80,32) (95,47) (0,0))
((96,32) (111,47) (0,0))
((112,32) (127,47) (0,0))
((0,48) (15,63) (0,0))
((16,48) (31,63) (0,0))
((32,48) (47,63) (0,0))
((48,48) (63,63) (0,0))
((64,48) (79,63) (0,0))
((80,48) (95,63) (0,0))
((96,48) (111,63) (0,0))
((112,48) (127,63) (0,0))
((0,64) (15,79) (0,0))
((16,64) (31,79) (0,0))
((32,64) (47,79) (0,0))
((48,64) (63,79) (0,0))
((64,64) (79,79) (0,0))
((80,64) (95,79) (0,0))
((96,64) (111,79) (0,0))
((112,64) (127,79) (0,0))
((0,80) (15,95) (0,0))
((16,80) (31,95) (0,0))
((32,80) (47,95) (0,0))
((48,80) (63,95) (0,0))
((64,80) (79,95) (0,0))
((80,80) (95,95) (0,0))
((96,80) (111,95) (0,0))
((112,80) (127,95) (0,0))
((0,96) (15,111) (0,0))
((16,96) (31,111) (0,0))
((32,96) (47,111) (0,0))
((48,96) (63,111) (0,0))
((64,96) (79,111) (0,0))
((80,96) (95,111) (0,0))
((96,96) (111,111) (0,0))
((112,96) (127,111) (0,0))
((0,112) (15,127) (0,0))
((16,112) (31,127) (0,0))
((32,112) (47,127) (0,0))
((48,112) (63,127) (0,0))
((64,112) (79,127) (0,0))
((80,112) (95,127) (0,0))
((96,112) (111,127) (0,0))
((112,112) (127,127) (0,0))
)
64
FabOnDisk: Cell_D_00000 0
FabOnDisk: Cell_D_00000 18514
FabOnDisk: Cell_D_00000 37029
FabOnDisk: Cell_D_00000 55544
FabOnDisk: Cell_D_00000 74059
FabOnDisk: Cell_D_00000 92574
FabOnDisk: Cell_D_00000 111089
FabOnDisk: Cell_D_00000 129605
FabOnDisk: Cell_D_00000 148122
FabOnDisk: Cell_D_00000 166637
FabOnDisk: Cell_D_00000 185153
FabOnDisk: Cell_D_00000 203669
FabOnDisk: Cell_D_00000 222185
FabOnDisk: Cell_D_00000 240701
FabOnDisk: Cell_D_00000 259217
FabOnDisk: Cell_D_00000 277734
FabOnDisk: Cell_D_00000 296252
FabOnDisk: Cell_D_00000 314767
FabOnDisk: Cell_D_00000 333283
FabOnDisk: Cell_D_00000 351799
FabOnDisk: Cell_D_00000 370315
FabOnDisk: Cell_D_00000 388831
FabOnDisk: Cell_D_00000 407347
FabOnDisk: Cell_D_00000 425864
FabOnDisk: Cell_D_00000 444382
FabOnDisk: Cell_D_00000 462897
FabOnDisk: Cell_D_00000 481413
FabOnDisk: Cell_D_00000 499929
FabOnDisk: Cell_D_00000 518445
FabOnDisk: Cell_D_00000 536961
FabOnDisk: Cell_D_00000 555477
FabOnDisk: Cell_D_00000 573994
FabOnDisk: Cell_D_00000 592512
FabOnDisk: Cell_D_00000 611027
FabOnDisk: Cell_D_00000 629543
FabOnDisk: Cell_D_00000 648059
FabOnDisk: Cell_D_00000 666575
FabOnDisk: Cell_D_00000 685091
FabOnDisk: Cell_D_00000 703607
FabOnDisk: Cell_D_00000 722124
FabOnDisk: Cell_D_00000 740642
FabOnDisk: Cell_D_00000 759157
FabOnDisk: Cell_D_00000 777673
FabOnDisk: Cell_D_00000 796189
FabOnDisk: Cell_D_00000 814705
FabOnDisk: Cell_D_00000 833221
FabOnDisk: Cell_D_00000 851737
FabOnDisk: Cell_D_00000 870254
FabOnDisk: Cell_D_00000 888772
FabOnDisk: Cell_D_00000 907288
FabOnDisk: Cell_D_00000 925805
FabOnDisk: Cell_D_00000 944322
FabOnDisk: Cell_D_00000 962839
FabOnDisk: Cell_D_00000 981356
FabOnDisk: Cell_D_00000 999873
FabOnDisk: Cell_D_00000 1018391
FabOnDisk: Cell_D_00000 1036910
FabOnDisk: Cell_D_00000 1055427
FabOnDisk: Cell_D_00000 1073945
FabOnDisk: Cell_D_00000 1092463
FabOnDisk: Cell_D_00000 1110981
FabOnDisk: Cell_D_00000 1129499
FabOnDisk: Cell_D_00000 1148017
FabOnDisk: Cell_D_00000 1166536

64,9
1.0000043273287680e+00,-6.5091878975667506e-03,9.9999999999993527e-01,4.4940116261906794e-15,-5.7194062690929393e-01,6.8466572127896808e-03,5.3369177852504585e-04,9.0538231237852519e-03,1.0000000000000000e+00,
1.0030593945295811e+00,-5.9113874886576436e-03,9.9999999999988365e-01,1.4474376552379132e-13,-6.2149621276395650e-01,-1.9120592191780617e-01,7.2941114083414568e-05,4.2753599538925659e-03,1.0000000000000000e+00,
1.0062056458438440e+00,-1.0192260186453873e-03,9.9999999999989087e-01,2.8363198825511332e-13,-4.6479519730083485e-01,-2.3366825244269163e-01,1.7356050147424029e-07,1.1101284884928331e-03,1.0000000000000000e+00,
1.0039009540021784e+00,5.3757212588871129e-05,9.9999999999997558e-01,4.1198040344781956e-13,-1.9923085253537137e-01,-1.8519659398216037e-01,2.7843461371159645e-06,2.5343417904003380e-04,1.0000000000000000e+00,
1.0018955068562281e+00,4.6625698487278767e-05,9.9999999999999367e-01,5.2471460880148608e-13,-7.1220212238419733e-02,-7.1070256908046373e-02,9.9641852800876063e-06,7.4027803172838311e-05,1.0000000000000000e+00,
1.0008900222297545e+00,2.5238298731690536e-05,9.9999999999997446e-01,6.1737037591610620e-13,-2.1409954458308213e-02,-2.0465400681044826e-02,1.6522952049537881e-08,2.8095878337126251e-05,1.0000000000000000e+00,
1.0004311401205812e+00,1.1737822770701982e-05,9.9999999999992017e-01,6.8624420851788874e-13,-6.3935296547871102e-03,-5.5863737493046951e-03,8.9969689531571237e-07,1.1250925934328115e-05,1.0000000000000000e+00,
1.0002480361766799e+00,3.6712674045909196e-06,9.9999999999978462e-01,7.2848332866911767e-13,-8.0516075266171931e-03,-1.5347853561191293e-03,2.4630165924377848e-07,1.8131921130214028e-06,1.0000000000000000e+00,
1.0000078221666706e+00,-2.0215325740787597e-02,9.9999999999991784e-01,4.4941241175343362e-15,-1.8200031498648528e+00,2.4775450169705615e-01,2.1369612044250252e-02,1.0273941669251274e-02,1.0000000000000000e+00,
1.0048564186371649e+00,-1.7703423218234718e-02,9.9999999999999312e-01,1.4695154211182396e-13,-1.8712878029360780e+00,-1.0924562150089241e+00,4.1638993400049812e-04,-9.0395373742683388e-04,1.0000000000000000e+00,
1.0070882523137556e+00,-1.0502062372422661e-03,1.0000000000000013e+00,2.8509854061802231e-13,-6.1648075812525238e-01,-1.0901046216798147e+00,5.6425332267684425e-06,-2.5708431642704273e-03,1.0000000000000000e+00,
1.0021734132204183e+00,2.3409549286940853e-03,1.0000000000000036e+00,4.1297069994562944e-13,-1.4290118763961893e-01,-3.8405879571442608e-01,1.0313517333666866e-04,-1.9271328047355285e-03,1.0000000000000000e+00,
1.0005081740493611e+00,1.5156630852772575e-03,1.0000000000000024e+00,5.2534172030873002e-13,-2.6620359135127846e-02,-8.4919586031298386e-02,5.2257815470746483e-07,-5.5303433094472962e-04,1.0000000000000000e+00,
1.0001232872384838e+00,7.8030886665360821e-04,1.0000000000000016e+00,6.1774697752761711e-13,-5.6119872059682378e-03,-2.1873747625924457e-02,5.4079165034970345e-07,-1.2247718408958541e-04,1.0000000000000000e+00,
1.0000339961229445e+00,3.5446245773958381e-04,1.0000000000000009e+00,6.8646288004277799e-13,-1.9353033593994618e-03,-5.8866807770030635e-03,2.4237441919802705e-05,-2.5313605389621852e-05,1.0000000000000000e+00,
1.0000125084433793e+00,1.0996500239079216e-04,9.9999999999999489e-01,7.2861321173245919e-13,-5.5196122517221172e-03,-1.6575894990350339e-03,3.9646527510636687e-08,-4.7791242637976756e-06,1.0000000000000000e+00,
1.0000254451167894e+00,-6.0626002787442707e-02,9.9999999999991795e-01,4.4348055334277237e-15,-8.9045358937422314e+00,6.4394221502775895e-01,1.7143674843034251e-02,1.4482048495279471e-02,1.0000000000000000e+00,
1.0135883550549565e+00,-5.7523207717250155e-02,9.9999999999996958e-01,1.4593861337455222e-13,-1.0788090160061003e+01,-9.9649855067151076e+00,5.4595872243656807e-04,-3.5306023583357209e-02,1.0000000000000000e+00,
9.9893085307951901e-01,1.7115286091987894e-03,9.9999999999998423e-01,2.8567124834499350e-13,-5.9790218331276601e-01,-6.0584534239082775e+00,4.5170130327787383e-05,-3.0429030276272279e-02,1.0000000000000000e+00,
9.9613214339180889e-01,5.4601705671376895e-03,9.9999999999999500e-01,4.1366090464592387e-13,8.2937553828130950e-02,-3.8043478321020080e-01,1.4796169803960035e-05,-4.0008913825738714e-03,1.0000000000000000e+00,
9.9668417571586176e-01,2.4158131807301372e-03,9.9999999999999745e-01,5.2579006722940592e-13,1.1165873885476563e-02,-5.4346240561213774e-02,1.7105316461873965e-06,-6.9581149051855184e-04,1.0000000000000000e+00,
9.9829233879830637e-01,9.6709732983179034e-04,9.9999999999999822e-01,6.1798513300255963e-13,2.8294262784960946e-03,-9.5815723969318190e-03,8.1456874510485444e-05,-1.4352317591283405e-04,1.0000000000000000e+00,
9.9919260934238996e-01,3.9316739071779317e-04,1.0000000000000000e+00,6.8658866136824702e-13,1.0248817997793010e-03,-2.9246184904081077e-03,4.9781841181305644e-05,-3.3731738670581143e-05,1.0000000000000000e+00,
9.9960648002626529e-01,1.1747409626069200e-04,9.9999999999999245e-01,7.2868490499244786e-13,-7.9607239411500592e-05,-1.1234959995452952e-03,5.4070294568109301e-06,-1.0355172570737544e-05,1.0000000000000000e+00,
8.3305354839477630e-01,-1.3200265204759234e-01,9.9999999999946143e-01,-3.9491307922549438e-13,-1.5509002233737696e+01,5.0971651376234550e-01,8.0359597612500444e-02,3.0491394073532591e-02,1.0000000000000000e+00,
-5.0321730827945677e-01,-6.6819470467297759e-01,0.0000000000000000e+00,-5.4310446854911015e-13,-6.6583979602634031e+02,-4.2117624068422708e+02,0.0000000000000000e+00,-8.2427195433226563e-01,0.0000000000000000e+00,
4.8433771406717974e-01,1.7869217928661652e-03,9.9999999999980671e-01,2.8278410244804580e-13,-4.9823282531736652e+01,-9.1312452886712343e+00,2.8669687190979731e-03,-7.2426211475979746e-02,1.0000000000000000e+00,
9.6968259463733786e-01,3.0439799818438382e-04,9.9999999999998490e-01,4.1508897607162487e-13,-1.4482526003397544e+00,1.1135184538241770e-02,3.1818068474058318e-04,-3.1801335960645024e-03,1.0000000000000000e+00,
9.9186528985264366e-01,9.1837595620938972e-05,9.9999999999999678e-01,5.2641263998643412e-13,-1.3640925109761345e-01,1.3538121798316555e-03,3.6232107047896780e-05,-3.0969969278147745e-04,1.0000000000000000e+00,
9.9698674143556654e-01,3.4456066622191064e-05,9.9999999999999789e-01,6.1826240113147918e-13,-1.7311113626730060e-02,1.8674441872043937e-04,7.3293463364622596e-06,-6.9029535604094218e-05,1.0000000000000000e+00,
9.9872987909986544e-01,1.3641025970869807e-05,1.0000000000000000e+00,6.8671756097468686e-13,-1.4928854179385304e-03,1.7358680484767363e-05,2.1818055099916329e-06,-2.5728196365360856e-05,1.0000000000000000e+00,
9.9940983819229157e-01,4.0402557014826548e-06,9.9999999999999256e-01,7.2875609338247007e-13,-6.1188261771442172e-04,-2.4116410683648032e-04,3.7405566047542184e-07,-1.0341251060123211e-05,1.0000000000000000e+00,
8.3305354839477863e-01,1.5846639218313282e-04,9.9999999999921152e-01,-4.3894946753759143e-13,-1.5509002233743173e+01,-4.7816755593552571e+01,8.0359597614265699e-02,3.0491394073528761e-02,1.0000000000000000e+00,
-5.0321730827950972e-01,-6.9523549662658080e-01,0.0000000000000000e+00,-5.8375256945793976e-13,-6.6583979602625277e+02,-5.4348295674054089e+02,0.0000000000000000e+00,-8.2427195433223854e-01,0.0000000000000000e+00,
4.8433771406718490e-01,-3.2564904294428421e-01,9.9999999999992040e-01,2.8212636901394600e-13,-4.9823282531733980e+01,-1.0227448241863303e+02,2.8669687184124104e-03,-7.2426211475979635e-02,1.0000000000000000e+00,
9.6968259463733952e-01,-2.1791449002959987e-02,9.9999999999999045e-01,4.1509228310196854e-13,-1.4482526003397653e+00,-1.3252794850827714e+00,3.1818068540615321e-04,-3.1801335960675832e-03,1.0000000000000000e+00,
9.9186528985264266e-01,-6.1664459797678064e-03,9.9999999999999412e-01,5.2641563579895790e-13,-1.3640925109609697e-01,-1.3463042470294079e-01,3.6232106312482446e-05,-3.0969969278276955e-04,1.0000000000000000e+00,
9.9698674143556687e-01,-2.1931405701424290e-03,9.9999999999999722e-01,6.1826583859718720e-13,-1.7311113627445328e-02,-1.9392170875808371e-02,7.3293461525815711e-06,-6.9029535603514508e-05,1.0000000000000000e+00,
9.9872987909986644e-01,-8.7568526579324523e-04,9.9999999999999967e-01,6.8672304927592492e-13,-1.4928854188290186e-03,-2.6480227250909503e-03,2.1818044470154284e-06,-2.5728196362991061e-05,1.0000000000000000e+00,
9.9940983819229134e-01,-3.5365924537465135e-04,9.9999999999999223e-01,7.2875936823228556e-13,-6.1188261911951196e-04,-1.6843841295643177e-04,3.7405529149228461e-07,-1.0341251060378129e-05,1.0000000000000000e+00,
1.0000254451167889e+00,6.5031174698476353e-04,9.9999999999921085e-01,4.4391197231030249e-15,-8.9045358937453294e+00,-6.2975434446753145e+00,1.7143674843100865e-02,1.4482048495278664e-02,1.0000000000000000e+00,
1.0135883550549649e+00,-2.9755264262460484e-02,1.0000000000000120e+00,1.4594191826402877e-13,-1.0788090160057024e+01,-2.5351980200012729e+00,5.4595872254203925e-04,-3.5306023583361046e-02,1.0000000000000000e+00,
9.9893085307952512e-01,-3.8636785685772182e-02,9.9999999999999212e-01,2.8567526778286945e-13,-5.9790218331030542e-01,-4.3748042561555101e-01,4.5170126557192436e-05,-3.0429030276275186e-02,1.0000000000000000e+00,
9.9613214339181366e-01,-2.0241941005218866e-02,9.9999999999999922e-01,4.1366617532095694e-13,8.2937553829434213e-02,-4.3251760638808295e-01,1.4796169024722250e-05,-4.0008913825757648e-03,1.0000000000000000e+00,
9.9668417571586476e-01,-6.4744208365758189e-03,1.0000000000000013e+00,5.2579626191139718e-13,1.1165873887706082e-02,-1.0787274255763965e-01,1.7105330089861592e-06,-6.9581149051730728e-04,1.0000000000000000e+00,
9.9829233879830848e-01,-2.6278418471423126e-03,1.0000000000000000e+00,6.1799431809586568e-13,2.8294262788914424e-03,-1.7716458243021878e-02,8.1456874381768962e-05,-1.4352317591277193e-04,1.0000000000000000e+00,
9.9919260934239096e-01,-1.1508910741414020e-03,9.9999999999999989e-01,6.8659632005991484e-13,1.0248818008400098e-03,-2.3279896805434509e-03,4.9781842368160079e-05,-3.3731738668162308e-05,1.0000000000000000e+00,
9.9960648002626629e-01,-4.8792415886786633e-04,9.9999999999999167e-01,7.2869430273558429e-13,-7.9607240823014727e-05,-6.9060341341799572e-07,5.4070273843367933e-06,-1.0355172570457356e-05,1.0000000000000000e+00,
1.0000078221666708e+00,1.7864304805342317e-04,9.9999999999939171e-01,4.5025551920838735e-15,-1.8200031498618570e+00,-1.9390377053600214e+00,2.1369612043763836e-02,1.0273941669243725e-02,1.0000000000000000e+00,
1.0048564186371767e+00,-1.6775393211612425e-04,1.0000000000000118e+00,1.4694163354343043e-13,-1.8712878029378297e+00,-4.4875342381831385e-01,4.1638993424405329e-04,-9.0395373743285955e-04,1.0000000000000000e+00,
1.0070882523137648e+00,-7.9415018886790471e-03,1.0000000000000056e+00,2.8510320899721323e-13,-6.1648075812713954e-01,2.0768618976903569e-01,5.6425346249555641e-06,-2.5708431642709360e-03,1.0000000000000000e+00,
1.0021734132204230e+00,-7.9033861514951672e-03,1.0000000000000067e+00,4.1297696780366639e-13,-1.4290118764076537e-01,6.8410655730611336e-02,1.0313517298174424e-04,-1.9271328047347712e-03,1.0000000000000000e+00,
1.0005081740493622e+00,-5.0618384247297825e-03,1.0000000000000053e+00,5.2535115239286018e-13,-2.6620359133453821e-02,1.2463335067913389e-02,5.2257983634840244e-07,-5.5303433094529286e-04,1.0000000000000000e+00,
1.0001232872384858e+00,-2.4780461872407253e-03,1.0000000000000029e+00,6.1775655517038189e-13,-5.6119872072748749e-03,3.5445618279577934e-03,5.4079203753998328e-07,-1.2247718409006737e-04,1.0000000000000000e+00,
1.0000339961229434e+00,-1.1342210172191692e-03,1.0000000000000000e+00,6.8647584516362465e-13,-1.9353033590688669e-03,1.2798397784946004e-03,2.4237439723989729e-05,-2.5313605389022153e-05,1.0000000000000000e+00,
1.0000125084433817e+00,-4.8565365426361562e-04,9.9999999999999134e-01,7.2862691062164512e-13,-5.5196122510034742e-03,1.4472279911417583e-04,3.9647138046564057e-08,-4.7791242610764874e-06,1.0000000000000000e+00,
1.0000043273287682e+00,4.3268089176679192e-06,9.9999999999845535e-01,4.5097658708362177e-15,-5.7194062691351100e-01,-5.2692066145730398e-01,5.3369179638688632e-04,9.0538231237828372e-03,1.0000000000000000e+00,
1.0030593945294872e+00,4.9734489703259783e-05,9.9999999999875777e-01,1.4636340485762818e-13,-6.2149621276459510e-01,-1.9800929822485630e-01,7.2941145017090328e-05,4.2753599538884286e-03,1.0000000000000000e+00,
1.0062056458438113e+00,-2.0451112096922536e-03,9.9999999999950828e-01,2.8462556693755144e-13,-4.6479519729852153e-01,4.4215074334027007e-03,1.7355988538719780e-07,1.1101284884960200e-03,1.0000000000000000e+00,
1.0039009540021819e+00,-2.4214701471953039e-03,9.9999999999983791e-01,4.1258347140320582e-13,-1.9923085253520856e-01,2.7446028859593949e-03,2.7843457824951179e-06,2.5343417903981908e-04,1.0000000000000000e+00,
1.0018955068562283e+00,-2.2142509664093159e-03,9.9999999999993427e-01,5.2508179019579670e-13,-7.1220212239930886e-02,9.0224186877197170e-04,9.9641864971912811e-06,7.4027803173004207e-05,1.0000000000000000e+00,
1.0008900222297545e+00,-1.3756832013454238e-03,9.9999999999993427e-01,6.1759575441109590e-13,-2.1409954460060842e-02,2.5610081141009622e-04,1.6522773470598051e-08,2.8095878336999020e-05,1.0000000000000000e+00,
1.0004311401205783e+00,-7.0632399842934768e-04,9.9999999999993539e-01,6.8638557501016087e-13,-6.3935296571416729e-03,6.9367443221248523e-05,8.9969239568154016e-07,1.1250925938210331e-05,1.0000000000000000e+00,
1.0002480361766721e+00,-3.1858279531877626e-04,9.9999999999994016e-01,7.2857447753064847e-13,-8.0516075296430921e-03,4.9315147060454957e-06,2.4630531608965493e-07,1.8131921126609545e-06,1.0000000000000000e+00,

64,9
1.0041321076512797e+00,-4.3268089173867339e-06,1.0000000000000686e+00,1.4151451781798980e-13,-1.3824402200028618e-02,5.2692066145648830e-01,2.4841038301449019e+00,1.3272769082056868e-02,1.0000000000000000e+00,
1.0086644942416216e+00,-4.9734489702001492e-05,1.0000000000000326e+00,2.7855951145154044e-13,-3.6946354043822655e-01,1.9800929822503949e-01,1.8343206852305949e-02,9.7619461576069228e-03,1.0000000000000000e+00,
1.0087171058742932e+00,2.0451112096962197e-03,1.0000000000000318e+00,4.0637994579165038e-13,-1.6520974704476893e-01,-4.4215074329959081e-03,2.5958338116833547e-03,4.7907944806934496e-03,1.0000000000000000e+00,
1.0067923695447165e+00,2.4214701471966323e-03,1.0000000000000149e+00,5.1942017319605431e-13,-3.5274378279583816e-02,-2.7446028837044712e-03,2.9273900239854683e-03,1.8717697667906988e-03,1.0000000000000000e+00,
1.0040056000692121e+00,2.2142509664104994e-03,1.0000000000000155e+00,6.1296587399054249e-13,-7.9248799660669774e-03,-9.0224186698043603e-04,5.8733147742170977e-04,5.9887123648076732e-04,1.0000000000000000e+00,
1.0021887580591973e+00,1.3756832013465305e-03,1.0000000000000044e+00,6.8312744502112970e-13,-2.5369778416234490e-03,-2.5610081090072720e-04,3.0221317687764856e-04,1.8136581086132116e-04,1.0000000000000000e+00,
1.0011004512316086e+00,7.0632399843046224e-04,1.0000000000000100e+00,7.2692504859027924e-13,-1.1007458300580347e-03,-6.9367442881424326e-05,2.1068297472356110e-04,5.7687848530499111e-05,1.0000000000000000e+00,
1.0005550003577621e+00,3.1858279531908856e-04,1.0000000000000622e+00,7.4236739263099316e-13,9.9660443229037787e-05,-4.9315146999770129e-06,3.4373673442018816e-03,1.9028781787271891e-05,1.0000000000000000e+00,
1.0114520269199643e+00,-1.7864304805407112e-04,1.0000000000001610e+00,1.3833602172186685e-13,-2.5021390959064846e-02,1.9390377053595129e+00,7.1179614171459349e+00,2.4240626176980643e-02,1.0000000000000000e+00,
1.0194475000042202e+00,1.6775393211791284e-04,1.0000000000000131e+00,2.7720090647606824e-13,-5.0633432370280995e-01,4.4875342381839983e-01,5.5979076878667766e-02,1.2943034519691372e-02,1.0000000000000000e+00,
1.0182616130394435e+00,7.9415018886799874e-03,1.0000000000000133e+00,4.0601906058914335e-13,1.7299750137816555e-01,-2.0768618976956046e-01,1.4545642065620645e-02,3.8446460149604133e-03,1.0000000000000000e+00,
1.0077344988932277e+00,7.9033861514955246e-03,1.0000000000000075e+00,5.1928756871151430e-13,1.8077652147189385e-01,-6.8410655730823333e-02,8.9063697693611554e-03,8.9118180056905539e-04,1.0000000000000000e+00,
1.0036920459976875e+00,5.0618384247297678e-03,1.0000000000000064e+00,6.1286266640611558e-13,7.9475829754189944e-02,-1.2463335067091557e-02,5.6231142083335017e-04,1.8704074164747111e-04,1.0000000000000000e+00,
1.0017555296109597e+00,2.4780461872384932e-03,1.0000000000000056e+00,6.8304157774757016e-13,1.9002098910381290e-02,-3.5445618278377245e-03,1.4111254786237926e-04,5.6303920186482356e-05,1.0000000000000000e+00,
1.0008160377837003e+00,1.1342210172186943e-03,1.0000000000000062e+00,7.2686712853331114e-13,4.0490325640873421e-03,-1.2798397781482434e-03,9.9962871008205112e-05,2.3023573266385845e-05,1.0000000000000000e+00,
1.0003952605178048e+00,4.8565365426318238e-04,1.0000000000000127e+00,7.4234834751607539e-13,8.6795099573442713e-04,-1.4472279869207782e-04,5.1603681286615990e-03,9.6049742642477666e-06,1.0000000000000000e+00,
1.0321609373001053e+00,-6.5031174698446667e-04,1.0000000000001605e+00,1.3829876011540699e-13,-8.1350462310749577e-02,6.2975434446738490e+00,1.5481609907111189e+01,6.1232391816624300e-02,1.0000000000000000e+00,
1.0734587966204872e+00,2.9755264262455762e-02,1.0000000000000160e+00,2.7896521929380162e-13,3.0170621558642621e+00,2.5351980200014936e+00,2.4470649422335955e-01,2.2175001701475426e-02,1.0000000000000000e+00,
1.0490929153196649e+00,3.8636785685768255e-02,1.0000000000000109e+00,4.0746366901367302e-13,4.2437547459448002e+00,4.3748042561624573e-01,2.3244131651068423e-01,-2.0398026634156447e-03,1.0000000000000000e+00,
1.0076164012716564e+00,2.0241941005216302e-02,1.0000000000000060e+00,5.1994136946097293e-13,8.5960856891665072e-01,4.3251760638726622e-01,1.3209506608932720e-02,-4.2816544597663859e-04,1.0000000000000000e+00,
1.0017751621565929e+00,6.4744208365740703e-03,1.0000000000000047e+00,6.1315405663928833e-13,1.1504574203763160e-01,1.0787274255727683e-01,2.7945719110772371e-03,-8.6988936685065450e-05,1.0000000000000000e+00,
1.0003448192594531e+00,2.6278418471404313e-03,1.0000000000000036e+00,6.8318163888410486e-13,2.1942697727983556e-02,1.7716458242276533e-02,5.7883574726864950e-04,-2.8937293343486194e-05,1.0000000000000000e+00,
1.0000558039738543e+00,1.1508910741404128e-03,1.0000000000000024e+00,7.2694203756765079e-13,4.6552261344852928e-03,2.3279896808055950e-03,1.5657152797315249e-04,-6.1234124866009304e-06,1.0000000000000000e+00,
1.0000035467981725e+00,4.8792415886690952e-04,1.0000000000000022e+00,7.4240591084470479e-13,5.5332320633162653e-03,6.9060417559564310e-07,5.1731876119547743e-03,-7.8010418441811091e-08,1.0000000000000000e+00,
1.0331588774401248e+00,-1.5846639218174355e-04,1.0000000000001896e+00,1.3704322650524572e-13,5.6505677635172773e+01,4.7816755593548955e+01,1.4967479223773694e+01,2.6183702822666211e-01,1.0000000000000000e+00,
1.5143931911848729e+00,6.9523549662662010e-01,1.0000000000001601e+00,7.9049763995121794e-13,7.1637249980857905e+02,5.4348295674048131e+02,2.4409879348783047e+03,5.0301007800517283e-01,1.0000000000000000e+00,
1.0644365497289372e+00,3.2564904294429309e-01,1.0000000000001299e+00,4.0889325397964938e-13,6.6259030125605122e+01,1.0227448241863013e+02,4.1586143358923010e+01,1.2360648409886237e-01,1.0000000000000000e+00,
9.9661031393833599e-01,2.1791449002956830e-02,1.0000000000000042e+00,5.2033107728964894e-13,8.3695909365929788e-01,1.3252794850819041e+00,5.8270384245687201e-02,5.9354774926934188e-03,1.0000000000000000e+00,
9.9806968477314284e-01,6.1664459797654073e-03,1.0000000000000011e+00,6.1330040709378698e-13,5.9487284812919553e-02,1.3463042470428616e-01,3.6885856827560681e-03,6.3749033887923782e-04,1.0000000000000000e+00,
9.9910119880538706e-01,2.1931405701400802e-03,1.0000000000000000e+00,6.8324622679993803e-13,7.9447408429116993e-03,1.9392170875781611e-02,5.9013744267456814e-04,6.1801649511340369e-05,1.0000000000000000e+00,
9.9956697201607592e-01,8.7568526579123751e-04,1.0000000000000000e+00,7.2697644564410604e-13,2.3005524532133644e-03,2.6480227254972385e-03,1.5151646660651816e-04,-7.8300065152530193e-06,1.0000000000000000e+00,
9.9975156160656919e-01,3.5365924537323826e-04,1.0000000000000016e+00,7.4243207172120043e-13,7.9633335709099855e-03,1.6843841269268604e-04,3.6950865123285188e-03,-1.8144703508108599e-06,1.0000000000000000e+00,
1.0331588774401321e+00,1.3200265204760092e-01,1.0000000000002693e+00,1.3707003920064533e-13,5.6505677635171836e+01,-5.0971651376323857e-01,1.4967479223772933e+01,2.6183702822666194e-01,1.0000000000000000e+00,
1.5143931911848509e+00,6.6819470467296382e-01,1.0000000000001998e+00,8.1371761242891187e-13,7.1637249980850868e+02,4.2117624068419258e+02,2.4409879348781528e+03,5.0301007800517861e-01,1.0000000000000000e+00,
1.0644365497289445e+00,-1.7869217928706323e-03,1.0000000000001121e+00,4.0889302490836528e-13,6.6259030125613251e+01,9.1312452886739877e+00,4.1586143358928510e+01,1.2360648409886371e-01,1.0000000000000000e+00,
9.9661031393833899e-01,-3.0439799818873949e-04,1.0000000000000031e+00,5.2033095848083494e-13,8.3695909365996957e-01,-1.1135184539535353e-02,5.8270384242203876e-02,5.9354774926931378e-03,1.0000000000000000e+00,
9.9806968477314428e-01,-9.1837595622877851e-05,1.0000000000000031e+00,6.1329990983019740e-13,5.9487284814758137e-02,-1.3538121804746090e-03,3.6885856799964700e-03,6.3749033887919900e-04,1.0000000000000000e+00,
9.9910119880538761e-01,-3.4456066624030278e-05,1.0000000000000024e+00,6.8324591460411524e-13,7.9447408420936592e-03,-1.8674441868491006e-04,5.9013744273424262e-04,6.1801649511232951e-05,1.0000000000000000e+00,
9.9956697201607680e-01,-1.3641025972856236e-05,1.0000000000000000e+00,7.2697686540701853e-13,2.3005524547631715e-03,-1.7358680296522761e-05,1.5151646644822464e-04,-7.8300065149073045e-06,1.0000000000000000e+00,
9.9975156160657064e-01,-4.0402557018360582e-06,1.0000000000000000e+00,7.4243272738887020e-13,7.9633335717348569e-03,2.4116410603694082e-04,3.6950865123415292e-03,-1.8144703506081916e-06,1.0000000000000000e+00,
1.0321609373001128e+00,6.0626002787450069e-02,1.0000000000002256e+00,1.3833624821158856e-13,-8.1350462313475175e-02,-6.4394221502770721e-01,1.5481609907108673e+01,6.1232391816624931e-02,1.0000000000000000e+00,
1.0734587966205018e+00,5.7523207717256448e-02,1.0000000000000560e+00,2.7897069222359920e-13,3.0170621558607227e+00,9.9649855067157969e+00,2.4470649422324853e-01,2.2175001701471093e-02,1.0000000000000000e+00,
1.0490929153196762e+00,-1.7115286091972321e-03,1.0000000000000187e+00,4.0746483780723896e-13,4.2437547459465472e+00,6.0584534239093077e+00,2.3244131650922983e-01,-2.0398026634202183e-03,1.0000000000000000e+00,
1.0076164012716622e+00,-5.4601705671378092e-03,1.0000000000000078e+00,5.1994515160978662e-13,8.5960856891580628e-01,3.8043478321120744e-01,1.3209506609801469e-02,-4.2816544597793556e-04,1.0000000000000000e+00,
1.0017751621565980e+00,-2.4158131807324170e-03,1.0000000000000075e+00,6.1315876106609531e-13,1.1504574203586435e-01,5.4346240560362719e-02,2.7945719094417398e-03,-8.6988936685354742e-05,1.0000000000000000e+00,
1.0003448192594553e+00,-9.6709732983368672e-04,1.0000000000000056e+00,6.8318515584863421e-13,2.1942697725926913e-02,9.5815723972744321e-03,5.7883574677182470e-04,-2.8937293341278491e-05,1.0000000000000000e+00,
1.0000558039738570e+00,-3.9316739071868265e-04,1.0000000000000047e+00,7.2694817690857689e-13,4.6552261344040670e-03,2.9246184905928454e-03,1.5657152898510343e-04,-6.1234124853470175e-06,1.0000000000000000e+00,
1.0000035467981738e+00,-1.1747409626031568e-04,1.0000000000000000e+00,7.4241164313131081e-13,5.5332320632823792e-03,1.1234960015975410e-03,5.1731876117120865e-03,-7.8010418690589684e-08,1.0000000000000000e+00,
1.0114520269199732e+00,2.0215325740786962e-02,1.0000000000001470e+00,1.3838145004918770e-13,-2.5021390952901026e-02,-2.4775450169525587e-01,7.1179614171483507e+00,2.4240626176983884e-02,1.0000000000000000e+00,
1.0194475000042285e+00,1.7703423218234201e-02,1.0000000000000371e+00,2.7720453472762048e-13,-5.0633432370150067e-01,1.0924562150084178e+00,5.5979076876977452e-02,1.2943034519689586e-02,1.0000000000000000e+00,
1.0182616130394515e+00,1.0502062372466951e-03,1.0000000000000315e+00,4.0602324636397129e-13,1.7299750137803471e-01,1.0901046216769283e+00,1.4545642062943620e-02,3.8446460149560687e-03,1.0000000000000000e+00,
1.0077344988932317e+00,-2.3409549286904905e-03,1.0000000000000207e+00,5.1929480510944693e-13,1.8077652147148732e-01,3.8405879571461587e-01,8.9063697699329203e-03,8.9118180057294757e-04,1.0000000000000000e+00,
1.0036920459976912e+00,-1.5156630852768381e-03,1.0000000000000124e+00,6.1286916709141868e-13,7.9475829753111696e-02,8.4919586031680053e-02,5.6231142128229661e-04,1.8704074164780428e-04,1.0000000000000000e+00,
1.0017555296109621e+00,-7.8030886665248259e-04,1.0000000000000084e+00,6.8305115007653042e-13,1.9002098912549673e-02,2.1873747624072848e-02,1.4111255002419165e-04,5.6303920186085715e-05,1.0000000000000000e+00,
1.0008160377836994e+00,-3.5446245773982483e-04,1.0000000000000062e+00,7.2687536816859177e-13,4.0490325635254574e-03,5.8866807760413172e-03,9.9962872464505470e-05,2.3023573266440116e-05,1.0000000000000000e+00,
1.0003952605177999e+00,-1.0996500239010481e-04,1.0000000000000000e+00,7.4235820065959480e-13,8.6795099640151700e-04,1.6575894986830765e-03,5.1603681310614154e-03,9.6049742673313426e-06,1.0000000000000000e+00,
1.0041321076512917e+00,6.5091878975557758e-03,1.0000000000002971e+00,1.3868955218801786e-13,-1.3824402198987437e-02,-6.8466572115927216e-03,2.4841038301450031e+00,1.3272769082056438e-02,1.0000000000000000e+00,
1.0086644942416325e+00,5.9113874886512806e-03,1.0000000000002580e+00,2.7678543319424503e-13,-3.6946354043818891e-01,1.9120592191851221e-01,1.8343206856226424e-02,9.7619461576002944e-03,1.0000000000000000e+00,
1.0087171058743047e+00,1.0192260186497708e-03,1.0000000000001008e+00,4.0536351583523960e-13,-1.6520974704503905e-01,2.3366825244535183e-01,2.5958338125781251e-03,4.7907944806970856e-03,1.0000000000000000e+00,
1.0067923695447254e+00,-5.3757212587846172e-05,1.0000000000000380e+00,5.1884926961708121e-13,-3.5274378278098803e-02,1.8519659398063598e-01,2.9273900256265167e-03,1.8717697667952680e-03,1.0000000000000000e+00,
1.0040056000692026e+00,-4.6625698487232424e-05,1.0000000000000133e+00,6.1262871706073548e-13,-7.9248799648583643e-03,7.1070256907670826e-02,5.8733147530812269e-04,5.9887123648244252e-04,1.0000000000000000e+00,
1.0021887580591922e+00,-2.5238298731392631e-05,1.0000000000000078e+00,6.8292661700929096e-13,-2.5369778408321376e-03,2.0465400680964342e-02,3.0221317300230342e-04,1.8136581086426008e-04,1.0000000000000000e+00,
1.0011004512316086e+00,-1.1737822770899071e-05,1.0000000000000067e+00,7.2680840954503610e-13,-1.1007458303516800e-03,5.5863737500650140e-03,2.1068297676592423e-04,5.7687848530724964e-05,1.0000000000000000e+00,
1.0005550003577675e+00,-3.6712674041560335e-06,1.0000000000000240e+00,7.4230616048087838e-13,9.9660441774142555e-05,1.5347853559398183e-03,3.4373673483582357e-03,1.9028781792529550e-05,1.0000000000000000e+00,

