1
1
4
4
(64 0
((0,0) (15,15) (0,0))
((16,0) (31,15) (0,0))
((32,0) (47,15) (0,0))
((48,0) (63,15) (0,0))
((64,0) (79,15) (0,0))
((80,0) (95,15) (0,0))
((96,0) (111,15) (0,0))
((112,0) (127,15) (0,0))
((0,16) (15,31) (0,0))
((16,16) (31,31) (0,0))
((32,16) (47,31) (0,0))
((48,16) (63,31) (0,0))
((64,16) (79,31) (0,0))
((80,16) (95,31) (0,0))
((96,16) (111,31) (0,0))
((112,16) (127,31) (0,0))
((0,32) (15,47) (0,0))
((16,32) (31,47) (0,0))
((32,32) (47,47) (0,0))
((48,32) (63,47) (0,0))
((64,32) (79,47) (0,0))
((80,32) (95,47) (0,0))
((96,32) (111,47) (0,0))
((112,32) (127,47) (0,0))
((0,48) (15,63) (0,0))
((16,48) (31,63) (0,0))
((32,48) (47,63) (0,0))
((48,48) (63,63) (0,0))
((64,48) (79,63) (0,0))
((80,48) (95,63) (0,0))
((96,48) (111,63) (0,0))
((112,48) (127,63) (0,0))
((0,64) (15,79) (0,0))
((16,64) (31,79) (0,0))
((32,64) (47,79) (0,0))
((48,64) (63,79) (0,0))
((64,64) (79,79) (0,0))
((80,64) (95,79) (0,0))
((96,64) (111,79) (0,0))
((112,64) (127,79) (0,0))
((0,80) (15,95) (0,0))
((16,80) (31,95) (0,0))
((32,80) (47,95) (0,0))
((48,80) (63,95) (0,0))
((64,80) (79,95) (0,0))
((80,80) (95,95) (0,0))
((96,80) (111,95) (0,0))
((112,80) (127,95) (0,0))
((0,96) (15,111) (0,0))
((16,96) (31,111) (0,0))
((32,96) (47,111) (0,0))
((48,96) (63,111) (0,0))
((64,96) (79,111) (0,0))
((80,96) (95,111) (0,0))
((96,96) (111,111) (0,0))
((112,96) (127,111) (0,0))
((0,112) (15,127) (0,0))
((16,112) (31,127) (0,0))
((32,112) (47,127) (0,0))
((48,112) (63,127) (0,0))
((64,112) (79,127) (0,0))
((80,112) (95,127) (0,0))
((96,112) (111,127) (0,0))
((112,112) (127,127) (0,0))
)
64
FabOnDisk: SD_0_Old_MF_D_00002 0
FabOnDisk: SD_0_Old_MF_D_00002 18516
FabOnDisk: SD_0_Old_MF_D_00002 37032
FabOnDisk: SD_0_Old_MF_D_00002 55548
FabOnDisk: SD_0_Old_MF_D_00003 0
FabOnDisk: SD_0_Old_MF_D_00003 18516
FabOnDisk: SD_0_Old_MF_D_00003 37032
FabOnDisk: SD_0_Old_MF_D_00003 55549
FabOnDisk: SD_0_Old_MF_D_00002 74064
FabOnDisk: SD_0_Old_MF_D_00002 92580
FabOnDisk: SD_0_Old_MF_D_00002 111096
FabOnDisk: SD_0_Old_MF_D_00002 129612
FabOnDisk: SD_0_Old_MF_D_00003 74067
FabOnDisk: SD_0_Old_MF_D_00003 92583
FabOnDisk: SD_0_Old_MF_D_00003 111099
FabOnDisk: SD_0_Old_MF_D_00003 129616
FabOnDisk: SD_0_Old_MF_D_00002 148128
FabOnDisk: SD_0_Old_MF_D_00002 166644
FabOnDisk: SD_0_Old_MF_D_00002 185160
FabOnDisk: SD_0_Old_MF_D_00002 203676
FabOnDisk: SD_0_Old_MF_D_00003 148134
FabOnDisk: SD_0_Old_MF_D_00003 166650
FabOnDisk: SD_0_Old_MF_D_00003 185166
FabOnDisk: SD_0_Old_MF_D_00003 203683
FabOnDisk: SD_0_Old_MF_D_00002 222192
FabOnDisk: SD_0_Old_MF_D_00002 240708
FabOnDisk: SD_0_Old_MF_D_00002 259224
FabOnDisk: SD_0_Old_MF_D_00002 277740
FabOnDisk: SD_0_Old_MF_D_00003 222201
FabOnDisk: SD_0_Old_MF_D_00003 240717
FabOnDisk: SD_0_Old_MF_D_00003 259233
FabOnDisk: SD_0_Old_MF_D_00003 277750
FabOnDisk: SD_0_Old_MF_D_00000 0
FabOnDisk: SD_0_Old_MF_D_00000 18516
FabOnDisk: SD_0_Old_MF_D_00000 37032
FabOnDisk: SD_0_Old_MF_D_00000 55548
FabOnDisk: SD_0_Old_MF_D_00001 0
FabOnDisk: SD_0_Old_MF_D_00001 18516
FabOnDisk: SD_0_Old_MF_D_00001 37032
FabOnDisk: SD_0_Old_MF_D_00001 55549
FabOnDisk: SD_0_Old_MF_D_00000 74064
FabOnDisk: SD_0_Old_MF_D_00000 92580
FabOnDisk: SD_0_Old_MF_D_00000 111096
FabOnDisk: SD_0_Old_MF_D_00000 129612
FabOnDisk: SD_0_Old_MF_D_00001 74067
FabOnDisk: SD_0_Old_MF_D_00001 92583
FabOnDisk: SD_0_Old_MF_D_00001 111099
FabOnDisk: SD_0_Old_MF_D_00001 129616
FabOnDisk: SD_0_Old_MF_D_00000 148128
FabOnDisk: SD_0_Old_MF_D_00000 166645
FabOnDisk: SD_0_Old_MF_D_00000 185162
FabOnDisk: SD_0_Old_MF_D_00000 203679
FabOnDisk: SD_0_Old_MF_D_00001 148134
FabOnDisk: SD_0_Old_MF_D_00001 166651
FabOnDisk: SD_0_Old_MF_D_00001 185168
FabOnDisk: SD_0_Old_MF_D_00001 203686
FabOnDisk: SD_0_Old_MF_D_00000 222196
FabOnDisk: SD_0_Old_MF_D_00000 240714
FabOnDisk: SD_0_Old_MF_D_00000 259232
FabOnDisk: SD_0_Old_MF_D_00000 277750
FabOnDisk: SD_0_Old_MF_D_00001 222205
FabOnDisk: SD_0_Old_MF_D_00001 240723
FabOnDisk: SD_0_Old_MF_D_00001 259241
FabOnDisk: SD_0_Old_MF_D_00001 277760

64,4
1.0000053696526345e+00,-4.6473347658352385e-03,9.9999999999999301e-01,-6.5196040287926156e-18,
1.0023567871532419e+00,-4.7065412614597391e-03,9.9999999999997213e-01,-2.7528012381077993e-17,
1.0037383937429032e+00,-8.6063770295255904e-04,9.9999999999994305e-01,-1.2587853367959907e-15,
1.0018347648241035e+00,-2.3743488050553367e-05,9.9999999999993350e-01,-1.1109164627961467e-14,
1.0013580101433435e+00,3.0811541003944266e-06,9.9999999999988942e-01,-1.1442876388650426e-14,
1.0005986103007778e+00,1.8443573724733696e-05,9.9999999999983580e-01,-8.0106919354843334e-15,
1.0001511027109475e+00,1.4121675940167712e-05,9.9999999999981248e-01,-4.7691558339494143e-15,
9.9972476409796673e-01,1.3817331131824482e-05,9.9999999999975087e-01,-2.8576522633613649e-15,
1.0000116939497088e+00,-2.0212789959184914e-02,9.9999999999999678e-01,-7.4262972258559172e-18,
1.0051878497364080e+00,-2.0627020784278107e-02,9.9999999999999067e-01,-2.8947119269043268e-17,
1.0074624712651608e+00,-2.0546913592644918e-03,9.9999999999998601e-01,-8.9636767469089278e-17,
1.0025728333243831e+00,3.0224007830618722e-04,9.9999999999995326e-01,-1.3715436724670384e-16,
1.0008847828115637e+00,4.5726305069811667e-04,9.9999999999997924e-01,-1.0589116214381131e-16,
1.0002058563293872e+00,6.0246955282984007e-04,9.9999999999999012e-01,-5.0916566956385441e-17,
1.0000406312101453e+00,4.3249337119140454e-04,9.9999999999999634e-01,-2.2575869019360115e-17,
9.9980600617378002e-01,4.1842009372345415e-04,9.9999999999999500e-01,-1.9442514112402751e-17,
1.0000387661491119e+00,-8.3364435693884187e-02,9.9999999999999833e-01,-8.7068100692426021e-18,
1.0190926773445721e+00,-9.8049016530834934e-02,1.0000000000000016e+00,-1.5535261187135608e-16,
1.0229944454130315e+00,-2.1745416110150262e-03,9.9999999999999889e-01,-1.7809579990582213e-16,
9.9953175863149568e-01,3.0598973150580862e-03,9.9999999999995948e-01,-3.5922385184015049e-16,
9.9889950283176721e-01,2.0506907132443776e-03,9.9999999999998179e-01,-2.4004802052822633e-16,
9.9904888208834164e-01,1.0118266933169377e-03,9.9999999999998945e-01,-1.5592547783737141e-16,
9.9949156058283539e-01,5.1862193171442277e-04,9.9999999999998868e-01,-2.8366048921117053e-17,
9.9987922045393440e-01,4.6824151013875377e-04,9.9999999999998690e-01,-1.7704982406866468e-17,
8.1605935019809095e-01,-1.5444981899288687e-01,1.0000000000000000e+00,-3.6660608869785918e-15,
-1.0603859275503533e+00,-6.2198877198067148e-01,9.9999999999967915e-01,-2.5471214773556191e-15,
-1.1619508602789108e+00,-8.7587819736539924e-02,9.9999999999980238e-01,-1.0212323789771691e-15,
6.4561346198264058e-01,2.5043109930327052e-03,9.9999999999978662e-01,-1.4746059692975092e-15,
9.7997868429498858e-01,-5.8768556532129839e-05,9.9999999999980660e-01,-7.7331140474495638e-15,
9.9532196965551845e-01,-2.1374622146749984e-04,9.9999999999996669e-01,-6.5172515841412070e-15,
9.9894109765338512e-01,1.8530456384571519e-05,9.9999999999997891e-01,-2.1062180318387437e-16,
9.9978279207419252e-01,1.6276808680746483e-05,9.9999999999998768e-01,-1.9019056837820800e-17,
8.1605869126992836e-01,1.9876012086305250e-04,1.0000000000000000e+00,-3.7736719040470853e-15,
-1.0608306213532002e+00,0.0000000000000000e+00,9.9999999999926814e-01,-8.2459567867712146e-15,
-1.1623303783312713e+00,-4.9983088730774616e-01,9.9999999999983002e-01,-1.0214380869861915e-15,
6.4540079750944623e-01,-1.4731279970644987e-01,9.9999999999967426e-01,-1.5367755245888578e-15,
9.7997603222667706e-01,-7.1090020138073768e-03,9.9999999999990230e-01,-7.8096667338655324e-15,
9.9532196202569023e-01,-2.4236322450480545e-03,9.9999999999999212e-01,-6.4752246465806843e-15,
9.9894109699617573e-01,-9.2810090389066117e-04,9.9999999999999734e-01,-1.8956024514372281e-16,
9.9978279249515145e-01,-4.8643119049729503e-04,9.9999999999999745e-01,-1.7934726648478602e-17,
1.0000387643532771e+00,9.7523155566458576e-04,9.9999999999999534e-01,-6.7214169992123606e-18,
1.0190928356561932e+00,4.3513764689402752e-03,9.9999999999997280e-01,-1.4982971563177657e-16,
1.0229952190903655e+00,-9.2526087006464808e-02,9.9999999999977229e-01,-1.7389060754483359e-16,
9.9953171637642269e-01,-8.0420076302717899e-02,9.9999999999971589e-01,-3.7637249828867901e-16,
9.9889954190807106e-01,-6.6578605585591094e-03,9.9999999999998612e-01,-2.6417595535269579e-16,
9.9904887956721566e-01,-2.4946731645002682e-03,9.9999999999998657e-01,-1.5864802306779571e-16,
9.9949157017840462e-01,-1.0702744358105387e-03,9.9999999999999201e-01,-2.7372388932554000e-17,
9.9987923603230733e-01,-6.7480282988937744e-04,9.9999999999999933e-01,-1.8533943510864873e-17,
1.0000116957759633e+00,2.4276841804959329e-04,9.9999999999996902e-01,-5.5592529559254684e-18,
1.0051881844645101e+00,1.3842504184463172e-03,9.9999999999994649e-01,-3.0254792497927026e-17,
1.0074630115486909e+00,-1.8220118492584186e-02,9.9999999999977607e-01,-1.0209363556700409e-16,
1.0025730767488701e+00,-1.8479822420124428e-02,9.9999999999977041e-01,-1.6229178357283734e-16,
1.0008848232663581e+00,-2.9547579216395252e-03,9.9999999999996991e-01,-1.2524285416428482e-16,
1.0002058942384384e+00,-1.8983173717314050e-03,9.9999999999998201e-01,-5.3336485744506695e-17,
1.0000406662479366e+00,-1.0022816869724655e-03,9.9999999999999034e-01,-2.0844477834368692e-17,
9.9980605442617720e-01,-6.7225272278174507e-04,9.9999999999999767e-01,-1.8159143603595775e-17,
1.0000053715817210e+00,5.3678356655589051e-06,9.9999999999988010e-01,-5.2245460238298903e-18,
1.0023570798411279e+00,3.3781094507138518e-05,9.9999999999979849e-01,-3.0278314287434305e-17,
1.0037388413778410e+00,-3.9288630164214886e-03,9.9999999999977740e-01,-3.1053417857950214e-16,
1.0018350726071554e+00,-4.3329157192028810e-03,9.9999999999980183e-01,-2.6490632192636850e-15,
1.0013581580398574e+00,-7.8970543421806193e-04,9.9999999999993938e-01,-2.7860197887585600e-15,
1.0005986821875419e+00,-7.7269071445118065e-04,9.9999999999994038e-01,-1.8703061739920729e-15,
1.0001511561689040e+00,-5.5304956479863691e-04,9.9999999999996458e-01,-1.1011424450889951e-15,
9.9972481838565330e-01,-4.4386204649277746e-04,9.9999999999995981e-01,-6.5695934919907421e-16,

64,4
1.0043419043715884e+00,-5.3659066329696893e-06,1.0000000000000517e+00,-1.7772775754216366e-19,
1.0100110503602968e+00,-3.3778090685532476e-05,1.0000000000001645e+00,-3.4255264344302126e-18,
1.0101545329953465e+00,3.9286799250047690e-03,1.0000000000002349e+00,2.0690724674084119e-15,
1.0065768670280628e+00,4.3327080117207140e-03,1.0000000000002285e+00,1.6457175746501877e-14,
1.0024339534440196e+00,7.8961022949452337e-04,1.0000000000000822e+00,1.6457697804664646e-14,
1.0013191918623066e+00,7.7261204512409055e-04,1.0000000000000824e+00,1.1029697703930320e-14,
1.0006535834235923e+00,5.5301689028351925e-04,1.0000000000000824e+00,6.6182140146228858e-15,
1.0001515840480191e+00,4.4386243256231480e-04,1.0000000000000913e+00,3.9458884499853526e-15,
1.0157920256446755e+00,-2.4270504008362665e-04,1.0000000000000062e+00,-1.8979783906494778e-19,
1.0384352529624445e+00,-1.3841294974408053e-03,1.0000000000000047e+00,-3.9753591207336867e-18,
1.0385937423381526e+00,1.8219212788310360e-02,1.0000000000000349e+00,2.5962137182314390e-17,
1.0197474642227866e+00,1.8478965161831899e-02,1.0000000000000346e+00,1.2744954053732232e-16,
1.0032063091236734e+00,2.9544670673501616e-03,1.0000000000000007e+00,7.2343616888141508e-17,
1.0012970420736140e+00,1.8982001578647571e-03,1.0000000000000109e+00,1.9456078239273802e-17,
1.0005502628043521e+00,1.0022333197350598e-03,1.0000000000000120e+00,-7.6048196227334865e-19,
1.0001250359437677e+00,6.7225405448004738e-04,1.0000000000000104e+00,-4.9231243871517196e-18,
1.0393883449904973e+00,-9.7514547118730691e-04,1.0000000000000209e+00,3.9083541410145496e-17,
1.1791998812867817e+00,-4.3507973700819113e-03,1.0000000000000269e+00,9.5667312712669677e-17,
1.1797716399057299e+00,9.2517231891283386e-02,1.0000000000000391e+00,1.8857358494211733e-16,
1.0410264700307912e+00,8.0416158731088414e-02,1.0000000000000395e+00,3.5295829220162207e-16,
1.0031596063468564e+00,6.6579715760773980e-03,1.0000000000000158e+00,7.3171197277431223e-16,
1.0007393557663515e+00,2.4945665927825389e-03,1.0000000000000027e+00,4.6489735633460839e-16,
1.0001516342736525e+00,1.0702264851822157e-03,1.0000000000000027e+00,-9.1498350911532715e-19,
1.0001934511905870e+00,6.7480432838197936e-04,1.0000000000000011e+00,-1.2335399812881067e-17,
1.0390413051963958e+00,-1.9950117221938539e-04,1.0000000000001050e+00,2.2928617547861146e-15,
1.5424283640845564e+00,0.0000000000000000e+00,1.0000000000000000e+40,1.5609515170712178e-15,
1.5592178986616050e+00,4.9938304012373652e-01,1.0000000000002305e+00,2.8146306658850168e-16,
1.0402570907462987e+00,1.4736391871499219e-01,1.0000000000000799e+00,1.8084206354420589e-15,
9.9894704345979390e-01,7.1065422624679740e-03,1.0000000000000617e+00,7.9063068067564519e-15,
9.9941341138612849e-01,2.4235241203875860e-03,1.0000000000000573e+00,6.6115603564980094e-15,
9.9984670303512568e-01,9.2805826195266447e-04,9.9999999999999634e-01,1.9876361173073858e-16,
1.0002863494191270e+00,4.8643396151663046e-04,9.9999999999999656e-01,-1.1784872628877280e-17,
1.0390382208112310e+00,1.5444542772704273e-01,1.0000000000001099e+00,2.4493863405252749e-15,
1.5423652473246221e+00,6.2200041391794025e-01,1.0000000000000000e+40,6.4825295144328683e-15,
1.5592198778699997e+00,8.7759556527669744e-02,1.0000000000001983e+00,3.0122867759459518e-16,
1.0402520810998099e+00,-2.5071962845309497e-03,1.0000000000001732e+00,1.8707823434730619e-15,
9.9894716081228441e-01,5.8677011795624577e-05,1.0000000000001485e+00,7.9278938183921765e-15,
9.9941341909036396e-01,2.1366640423125128e-04,1.0000000000000937e+00,6.5261383427055384e-15,
9.9984671734411046e-01,-1.8545347821339753e-05,1.0000000000000155e+00,1.7222566645417683e-16,
1.0002863499326320e+00,-1.6281213553102518e-05,1.0000000000000093e+00,-1.1880242300919325e-17,
1.0393856764706142e+00,8.3365671570799757e-02,1.0000000000000604e+00,4.1909232388118566e-17,
1.1792076333580384e+00,9.8052911118603897e-02,1.0000000000000280e+00,1.0032190697935158e-16,
1.1797808695589667e+00,2.1751971048343819e-03,9.9999999999998890e-01,2.0158676238882818e-16,
1.0410237404680391e+00,-3.0602638068756116e-03,1.0000000000000486e+00,3.8023518153317101e-16,
1.0031596275505887e+00,-2.0508145244692469e-03,1.0000000000000304e+00,7.5100878926132926e-16,
1.0007393916146339e+00,-1.0118723296708358e-03,1.0000000000000018e+00,4.6411412682818910e-16,
1.0001516698322914e+00,-5.1863905712243395e-04,1.0000000000000033e+00,-9.3797044975207723e-19,
1.0001934685103253e+00,-4.6824839703643703e-04,1.0000000000000036e+00,-1.2032789114255885e-17,
1.0157921715461005e+00,2.0213655751590318e-02,1.0000000000000262e+00,-1.3047013276554756e-19,
1.0384367727842665e+00,2.0627978110280290e-02,1.0000000000000007e+00,3.6122813731760461e-19,
1.0385953154881804e+00,2.0550890184784054e-03,9.9999999999997358e-01,3.9836667493792164e-17,
1.0197481358117477e+00,-3.0243300464954985e-04,1.0000000000000011e+00,1.2575075025571768e-16,
1.0032063920913310e+00,-4.5744021480055298e-04,9.9999999999999478e-01,7.0895211111206188e-17,
1.0012971535572694e+00,-6.0250591556799504e-04,9.9999999999999678e-01,6.2597317074526278e-18,
1.0005503312636757e+00,-4.3250629616158672e-04,1.0000000000000040e+00,-1.0232856926408590e-17,
1.0001250878998793e+00,-4.1842736221920008e-04,1.0000000000000058e+00,-1.1437963567835427e-17,
1.0043422116024625e+00,4.6476364951124165e-03,1.0000000000004041e+00,-1.3133819743448071e-19,
1.0100116841032736e+00,4.7068416883203944e-03,1.0000000000009035e+00,8.7076042773946829e-19,
1.0101551865474565e+00,8.6072680896254010e-04,1.0000000000010756e+00,2.4174736252123364e-16,
1.0065773771101374e+00,2.3684421483508951e-05,1.0000000000010263e+00,1.9236622692314205e-15,
1.0024341894946975e+00,-3.0862134422000896e-06,1.0000000000002418e+00,1.8872742938187305e-15,
1.0013193240248237e+00,-1.8444798816763338e-05,1.0000000000002451e+00,1.2642931458088014e-15,
1.0006536669364887e+00,-1.4122113385305036e-05,1.0000000000001597e+00,7.5916629943917674e-16,
1.0001516439592253e+00,-1.3817612957973739e-05,1.0000000000000264e+00,4.4788775338284143e-16,

