1
1
9
0
(9 0
((80,232) (95,247) (0,0))
((96,232) (111,247) (0,0))
((112,232) (119,247) (0,0))
((80,248) (95,263) (0,0))
((96,248) (111,263) (0,0))
((112,248) (119,263) (0,0))
((80,264) (95,279) (0,0))
((96,264) (111,279) (0,0))
((112,264) (119,279) (0,0))
)
9
FabOnDisk: Cell_D_00000 0
FabOnDisk: Cell_D_00000 18518
FabOnDisk: Cell_D_00000 37037
FabOnDisk: Cell_D_00000 46341
FabOnDisk: Cell_D_00000 64859
FabOnDisk: Cell_D_00000 83378
FabOnDisk: Cell_D_00000 92682
FabOnDisk: Cell_D_00000 111200
FabOnDisk: Cell_D_00000 129719

9,9
-2.3490682591148956e-01,-7.6409533741688485e-01,0.0000000000000000e+00,0.0000000000000000e+00,-1.3257256110067626e+03,-6.4686012196099398e+02,0.0000000000000000e+00,-4.1183803747678462e+00,0.0000000000000000e+00,
-1.7535082998147208e-01,-3.6796374845588486e-01,0.0000000000000000e+00,0.0000000000000000e+00,-6.0559606310783101e+02,-6.4442595530325480e+02,0.0000000000000000e+00,-9.5171521652075985e-01,0.0000000000000000e+00,
3.1124133718980379e-01,2.4582567938307320e-01,9.9999999999985556e-01,6.0516363146141573e-13,8.4441153254459508e+01,-2.3594105258047691e+02,1.5324942653549556e-03,-5.3485995989258539e-01,1.0000000000000000e+00,
0.0000000000000000e+00,-6.7183455543858384e-01,0.0000000000000000e+00,0.0000000000000000e+00,-6.0233213611581516e+02,-5.8154500794531214e+02,0.0000000000000000e+00,-3.7729498370459330e-02,0.0000000000000000e+00,
-2.0702480129753381e-01,-4.3557978535274838e-01,0.0000000000000000e+00,0.0000000000000000e+00,-1.2029116774455994e+02,-4.5272685308805796e+02,0.0000000000000000e+00,-5.8084358681138926e-01,0.0000000000000000e+00,
-2.5732257811640041e-01,-5.6092589464282605e-01,9.9999999999924127e-01,6.3494511300892695e-13,8.0791565767182135e+01,-3.7582867849782070e+02,1.0519197367405971e+02,-4.9112306589930244e-01,1.0000000000000000e+00,
-2.3490682591212572e-01,-2.0825000688457204e-01,0.0000000000000000e+00,0.0000000000000000e+00,-1.3257256109205355e+03,-4.7344525117097254e+02,0.0000000000000000e+00,-4.1183803741786100e+00,0.0000000000000000e+00,
-1.7535082998143539e-01,-5.6586872818020484e-01,0.0000000000000000e+00,0.0000000000000000e+00,-6.0559606327185315e+02,-5.7396183308887589e+02,0.0000000000000000e+00,-9.5171521652077096e-01,0.0000000000000000e+00,
3.1124133718986879e-01,-6.6225497884339457e-01,9.9999999999989231e-01,6.0419042261527325e-13,8.4441153254461781e+01,-1.4222266648948045e+02,1.5324942500782868e-03,-5.3485995989252078e-01,1.0000000000000000e+00,

9,9
1.6171558454635730e+00,2.0825000688563300e-01,1.0000000000001890e+00,7.1493536097715022e-13,0.0000000000000000e+00,4.7344525117048073e+02,1.2017615724449637e+04,2.6093033252632314e-01,1.0000000000000000e+00,
1.6259940597929727e+00,5.6586872818021328e-01,1.0000000000001628e+00,6.4260229486094549e-13,3.5298884713579923e+02,5.7396183293917738e+02,4.7542153743741892e+03,4.0537647120084790e+00,1.0000000000000000e+00,
1.2612402503350233e+00,6.6225497884342277e-01,1.0000000000000502e+00,6.6348706911432021e-13,5.6966546784574405e+02,1.4222266648954775e+02,2.4278485971101582e+03,-5.3401258833639206e-02,1.0000000000000000e+00,
5.7679748129326414e-01,6.7183455543855031e-01,1.0000000000001170e+00,6.1921158379993080e-13,1.2904887410591465e+02,5.8154500794524256e+02,2.2716373863740000e+03,6.0523872599228135e-01,1.0000000000000000e+00,
2.1645074822899141e-02,4.3557978535277686e-01,1.0000000000003475e+00,6.9189219621321224e-13,2.4364613612637976e+02,4.5272685308810270e+02,2.2525649781300654e+03,3.2020419030207976e+00,1.0000000000000000e+00,
5.9312766145720197e-01,5.6092589464282816e-01,1.0000000000001048e+00,6.6246425228879070e-13,5.4843750774534055e+02,3.7582867849790580e+02,2.3039295339913720e+03,7.9032961396589441e-02,1.0000000000000000e+00,
1.6171558454635773e+00,7.6409533741686975e-01,1.0000000000001075e+00,7.3052034299431820e-13,0.0000000000000000e+00,6.4686012196100285e+02,1.2017615724428664e+04,2.6093033252632691e-01,1.0000000000000000e+00,
1.6259940597929863e+00,3.6796374845585489e-01,1.0000000000005820e+00,6.3689970246692064e-13,3.5298884713578821e+02,6.4442595530324991e+02,4.7542153743744075e+03,4.0537647126453340e+00,1.0000000000000000e+00,
1.2612402503349962e+00,-2.4582567938306993e-01,1.0000000000000033e+00,6.6696773283926593e-13,5.6966546784567652e+02,2.3594105258041350e+02,2.4278485971098230e+03,-5.3401258833632344e-02,1.0000000000000000e+00,

