1
1
4
4
(113 0
((0,152) (15,167) (0,0))
((0,168) (15,175) (0,0))
((24,152) (39,167) (0,0))
((224,152) (239,167) (0,0))
((72,160) (87,167) (0,0))
((184,160) (191,167) (0,0))
((40,168) (55,183) (0,0))
((40,184) (55,191) (0,0))
((56,168) (71,183) (0,0))
((120,168) (127,175) (0,0))
((208,168) (215,175) (0,0))
((136,176) (151,191) (0,0))
((152,176) (167,191) (0,0))
((200,176) (215,191) (0,0))
((168,184) (175,199) (0,0))
((0,192) (15,207) (0,0))
((48,192) (55,199) (0,0))
((96,168) (111,183) (0,0))
((96,184) (111,199) (0,0))
((128,192) (135,207) (0,0))
((160,192) (167,207) (0,0))
((192,192) (207,207) (0,0))
((208,192) (215,207) (0,0))
((224,192) (239,207) (0,0))
((240,192) (247,207) (0,0))
((224,208) (239,223) (0,0))
((240,208) (247,223) (0,0))
((224,224) (239,231) (0,0))
((240,224) (247,231) (0,0))
((32,200) (39,215) (0,0))
((136,200) (143,215) (0,0))
((136,216) (143,231) (0,0))
((112,208) (127,223) (0,0))
((112,224) (127,231) (0,0))
((176,208) (183,223) (0,0))
((184,208) (199,223) (0,0))
((200,208) (215,223) (0,0))
((184,224) (199,231) (0,0))
((200,224) (215,231) (0,0))
((56,216) (71,231) (0,0))
((40,224) (47,231) (0,0))
((160,224) (167,239) (0,0))
((8,232) (15,239) (0,0))
((24,232) (31,239) (0,0))
((80,232) (95,247) (0,0))
((96,232) (111,247) (0,0))
((112,232) (119,247) (0,0))
((80,248) (95,263) (0,0))
((96,248) (111,263) (0,0))
((112,248) (119,263) (0,0))
((184,232) (191,247) (0,0))
((184,248) (191,263) (0,0))
((232,232) (247,239) (0,0))
((24,240) (39,255) (0,0))
((24,256) (39,263) (0,0))
((216,240) (231,247) (0,0))
((8,248) (23,263) (0,0))
((208,248) (223,263) (0,0))
((224,248) (239,263) (0,0))
((16,264) (23,279) (0,0))
((64,264) (79,279) (0,0))
((80,264) (95,279) (0,0))
((96,264) (111,279) (0,0))
((128,264) (135,271) (0,0))
((184,264) (199,271) (0,0))
((192,272) (207,287) (0,0))
((216,272) (231,287) (0,0))
((0,280) (7,295) (0,0))
((96,280) (111,295) (0,0))
((136,280) (151,295) (0,0))
((152,280) (167,295) (0,0))
((136,296) (151,311) (0,0))
((152,296) (167,311) (0,0))
((168,280) (175,287) (0,0))
((16,288) (31,303) (0,0))
((16,304) (31,311) (0,0))
((168,288) (183,303) (0,0))
((192,288) (207,295) (0,0))
((80,296) (95,311) (0,0))
((96,296) (103,311) (0,0))
((80,312) (95,319) (0,0))
((96,312) (103,319) (0,0))
((192,296) (199,303) (0,0))
((200,296) (215,311) (0,0))
((216,296) (223,311) (0,0))
((56,304) (63,319) (0,0))
((56,320) (63,335) (0,0))
((56,336) (63,351) (0,0))
((56,352) (63,359) (0,0))
((184,304) (191,311) (0,0))
((16,312) (31,327) (0,0))
((32,312) (47,327) (0,0))
((48,312) (55,327) (0,0))
((120,312) (135,327) (0,0))
((120,328) (135,335) (0,0))
((184,312) (199,327) (0,0))
((200,312) (207,327) (0,0))
((208,312) (215,319) (0,0))
((136,320) (143,327) (0,0))
((160,320) (167,327) (0,0))
((0,328) (7,335) (0,0))
((8,328) (23,343) (0,0))
((32,328) (47,343) (0,0))
((88,328) (95,343) (0,0))
((136,328) (151,343) (0,0))
((152,328) (167,343) (0,0))
((184,328) (199,343) (0,0))
((208,328) (223,343) (0,0))
((224,328) (231,343) (0,0))
((8,344) (15,351) (0,0))
((16,344) (31,359) (0,0))
((32,344) (39,359) (0,0))
((48,344) (55,359) (0,0))
)
113
FabOnDisk: SD_0_Old_MF_D_00001 0
FabOnDisk: SD_0_Old_MF_D_00001 18518
FabOnDisk: SD_0_Old_MF_D_00001 30892
FabOnDisk: SD_0_Old_MF_D_00000 0
FabOnDisk: SD_0_Old_MF_D_00001 49410
FabOnDisk: SD_0_Old_MF_D_00000 18520
FabOnDisk: SD_0_Old_MF_D_00001 61784
FabOnDisk: SD_0_Old_MF_D_00001 80302
FabOnDisk: SD_0_Old_MF_D_00001 92676
FabOnDisk: SD_0_Old_MF_D_00001 111194
FabOnDisk: SD_0_Old_MF_D_00000 26800
FabOnDisk: SD_0_Old_MF_D_00000 35080
FabOnDisk: SD_0_Old_MF_D_00000 53600
FabOnDisk: SD_0_Old_MF_D_00000 72120
FabOnDisk: SD_0_Old_MF_D_00000 90640
FabOnDisk: SD_0_Old_MF_D_00001 119474
FabOnDisk: SD_0_Old_MF_D_00001 137992
FabOnDisk: SD_0_Old_MF_D_00001 146270
FabOnDisk: SD_0_Old_MF_D_00001 164789
FabOnDisk: SD_0_Old_MF_D_00000 103016
FabOnDisk: SD_0_Old_MF_D_00000 115392
FabOnDisk: SD_0_Old_MF_D_00000 127768
FabOnDisk: SD_0_Old_MF_D_00000 146288
FabOnDisk: SD_0_Old_MF_D_00000 158664
FabOnDisk: SD_0_Old_MF_D_00000 177184
FabOnDisk: SD_0_Old_MF_D_00000 189560
FabOnDisk: SD_0_Old_MF_D_00000 208080
FabOnDisk: SD_0_Old_MF_D_00000 220456
FabOnDisk: SD_0_Old_MF_D_00003 0
FabOnDisk: SD_0_Old_MF_D_00001 183308
FabOnDisk: SD_0_Old_MF_D_00000 232832
FabOnDisk: SD_0_Old_MF_D_00000 245208
FabOnDisk: SD_0_Old_MF_D_00001 195682
FabOnDisk: SD_0_Old_MF_D_00001 214202
FabOnDisk: SD_0_Old_MF_D_00000 257584
FabOnDisk: SD_0_Old_MF_D_00000 269960
FabOnDisk: SD_0_Old_MF_D_00000 288480
FabOnDisk: SD_0_Old_MF_D_00000 307000
FabOnDisk: SD_0_Old_MF_D_00000 319376
FabOnDisk: SD_0_Old_MF_D_00001 226578
FabOnDisk: SD_0_Old_MF_D_00001 245096
FabOnDisk: SD_0_Old_MF_D_00000 331752
FabOnDisk: SD_0_Old_MF_D_00001 253374
FabOnDisk: SD_0_Old_MF_D_00001 261651
FabOnDisk: SD_0_Old_MF_D_00001 269929
FabOnDisk: SD_0_Old_MF_D_00001 288447
FabOnDisk: SD_0_Old_MF_D_00001 306966
FabOnDisk: SD_0_Old_MF_D_00001 319342
FabOnDisk: SD_0_Old_MF_D_00001 337860
FabOnDisk: SD_0_Old_MF_D_00000 344128
FabOnDisk: SD_0_Old_MF_D_00000 356504
FabOnDisk: SD_0_Old_MF_D_00000 368880
FabOnDisk: SD_0_Old_MF_D_00003 8280
FabOnDisk: SD_0_Old_MF_D_00001 356379
FabOnDisk: SD_0_Old_MF_D_00003 20656
FabOnDisk: SD_0_Old_MF_D_00000 381256
FabOnDisk: SD_0_Old_MF_D_00001 374897
FabOnDisk: SD_0_Old_MF_D_00000 393632
FabOnDisk: SD_0_Old_MF_D_00003 33030
FabOnDisk: SD_0_Old_MF_D_00003 51550
FabOnDisk: SD_0_Old_MF_D_00003 63924
FabOnDisk: SD_0_Old_MF_D_00003 82442
FabOnDisk: SD_0_Old_MF_D_00003 100960
FabOnDisk: SD_0_Old_MF_D_00002 0
FabOnDisk: SD_0_Old_MF_D_00002 8280
FabOnDisk: SD_0_Old_MF_D_00002 20656
FabOnDisk: SD_0_Old_MF_D_00002 39176
FabOnDisk: SD_0_Old_MF_D_00003 119479
FabOnDisk: SD_0_Old_MF_D_00003 131853
FabOnDisk: SD_0_Old_MF_D_00002 57696
FabOnDisk: SD_0_Old_MF_D_00002 76216
FabOnDisk: SD_0_Old_MF_D_00002 94736
FabOnDisk: SD_0_Old_MF_D_00002 113256
FabOnDisk: SD_0_Old_MF_D_00002 131776
FabOnDisk: SD_0_Old_MF_D_00003 150372
FabOnDisk: SD_0_Old_MF_D_00003 168890
FabOnDisk: SD_0_Old_MF_D_00002 140056
FabOnDisk: SD_0_Old_MF_D_00002 158576
FabOnDisk: SD_0_Old_MF_D_00003 181264
FabOnDisk: SD_0_Old_MF_D_00003 199782
FabOnDisk: SD_0_Old_MF_D_00003 212157
FabOnDisk: SD_0_Old_MF_D_00003 224531
FabOnDisk: SD_0_Old_MF_D_00002 170952
FabOnDisk: SD_0_Old_MF_D_00002 179232
FabOnDisk: SD_0_Old_MF_D_00002 197752
FabOnDisk: SD_0_Old_MF_D_00003 232810
FabOnDisk: SD_0_Old_MF_D_00003 245184
FabOnDisk: SD_0_Old_MF_D_00002 210128
FabOnDisk: SD_0_Old_MF_D_00002 222502
FabOnDisk: SD_0_Old_MF_D_00002 230780
FabOnDisk: SD_0_Old_MF_D_00003 257558
FabOnDisk: SD_0_Old_MF_D_00003 276076
FabOnDisk: SD_0_Old_MF_D_00003 294594
FabOnDisk: SD_0_Old_MF_D_00003 306968
FabOnDisk: SD_0_Old_MF_D_00002 239060
FabOnDisk: SD_0_Old_MF_D_00002 251436
FabOnDisk: SD_0_Old_MF_D_00002 269956
FabOnDisk: SD_0_Old_MF_D_00002 282332
FabOnDisk: SD_0_Old_MF_D_00002 290612
FabOnDisk: SD_0_Old_MF_D_00002 298892
FabOnDisk: SD_0_Old_MF_D_00003 325488
FabOnDisk: SD_0_Old_MF_D_00003 333766
FabOnDisk: SD_0_Old_MF_D_00003 352283
FabOnDisk: SD_0_Old_MF_D_00002 307172
FabOnDisk: SD_0_Old_MF_D_00002 319546
FabOnDisk: SD_0_Old_MF_D_00002 338066
FabOnDisk: SD_0_Old_MF_D_00002 356586
FabOnDisk: SD_0_Old_MF_D_00002 375106
FabOnDisk: SD_0_Old_MF_D_00002 393626
FabOnDisk: SD_0_Old_MF_D_00003 370801
FabOnDisk: SD_0_Old_MF_D_00003 379078
FabOnDisk: SD_0_Old_MF_D_00003 397596
FabOnDisk: SD_0_Old_MF_D_00002 406002

113,4
5.1175618993093430e-01,-1.2827452553222680e+00,9.9992939812330606e-01,5.0465558916414023e-15,
6.5637910549977985e-01,-1.1876411970303280e+00,9.9995213813480233e-01,5.0343788163417126e-15,
2.3031302030837517e-01,-5.8423803865607549e-01,9.9986737835355788e-01,2.4767821378585235e-13,
4.2830485144941655e-01,-6.4483531587284160e-01,9.9999896016102230e-01,2.1379848263261633e-12,
4.8484193124707720e-01,-3.4546258687956283e-01,9.9999812952616784e-01,7.3410815915282429e-13,
1.3281256486826701e-01,-1.2564310609259107e-02,9.9999999978306164e-01,1.8042430041445833e-12,
4.8209467419157936e-01,-1.5204404270884583e-01,9.9988219766649455e-01,4.0785809457651625e-13,
5.0061355596009327e-01,-2.3931504297944625e-01,9.9999297244415086e-01,4.0650697551376774e-13,
2.1754979007647801e-01,-5.9202820636099307e-01,9.9998829792755806e-01,5.6978197686931545e-13,
6.6493950477839892e-01,-2.9887375090224383e-01,9.9999999203499690e-01,1.2132486262965033e-12,
2.1577949887251816e-01,-3.0027281410805884e-01,9.9987175885449209e-01,2.0088861302460502e-12,
8.9265869906334696e-03,-6.0669023226338314e-01,9.9987691048102512e-01,1.3686305854466010e-12,
5.6968227771588709e-01,-3.6162547349917196e-01,9.9974146351876436e-01,1.5187526454056839e-12,
2.2060281061437392e-01,-4.5322135209042758e-01,9.9975185721518833e-01,1.9427546436039106e-12,
1.2537840470005565e-01,-7.4042140510464483e-02,9.9999766434036308e-01,1.6657909289875987e-12,
2.7417493163886875e-01,-1.0564693697304526e+00,9.9999992094543744e-01,4.9634131268539329e-15,
7.2606002085135579e-01,-5.0941339641939398e-01,9.9999849237164007e-01,4.8519947731158065e-13,
4.8460979600399262e-01,-7.7541821853234871e-01,9.9999681703817134e-01,9.7588104745804417e-13,
5.2306958845349560e-01,-4.6319567567177111e-01,9.9998036615805797e-01,9.7603089912821237e-13,
8.6973436669294513e-01,-2.5623122699843959e-01,9.9971847388615376e-01,1.2954678364233821e-12,
3.4690108255175028e-01,-2.4981341270385968e-01,9.9994405151551580e-01,1.5952431322628812e-12,
3.0492024370986093e-01,-2.1503071606229385e-01,9.9999318400931148e-01,1.8766796471353530e-12,
6.1760730796787189e-01,-2.0358750813415988e-01,9.9998036299279947e-01,2.0107696686307999e-12,
1.6216620816035981e-01,-6.9165394317295303e-01,9.9999999565115472e-01,2.1402814639558172e-12,
9.5680518390924929e-01,-4.2388821637368612e-01,1.0000000000001377e+00,2.2648764349338841e-12,
2.9765812655558782e-01,-6.9870146971431080e-01,9.9999990435849584e-01,2.1416125873334302e-12,
7.2322094181053698e-01,-5.2636256733906184e-01,9.9999999999986133e-01,2.2660385919865948e-12,
1.0634970622072981e+00,-1.5918756539611506e-01,9.9998763023735016e-01,2.1429673732913488e-12,
1.4808468489208864e+00,-5.1618985187602151e-01,9.9999999992518496e-01,2.2672279176763947e-12,
3.1673486840093207e-01,-1.8252897688985634e-01,9.9998387930738475e-01,3.2135147717688404e-13,
2.2228748188401098e-01,-1.2757686437130361e-01,9.9984574247328517e-01,1.3748594828784888e-12,
3.8571344746167718e-01,-6.4927979722115781e-02,9.9998867477059672e-01,1.3822563701095391e-12,
8.3024685931857378e-01,-5.2783506672920333e-01,9.9982691791691647e-01,1.1428735464264935e-12,
3.7554648992572859e-01,-2.0652548966944909e-01,9.9961758001472045e-01,1.1545098503701145e-12,
5.5690241908373705e-01,-3.0162672674058233e-01,9.9999474766771801e-01,1.7410368209688025e-12,
6.9494101548220932e-01,-2.6508888579563789e-01,9.9999559625891266e-01,1.8104332118308133e-12,
2.5255971643146030e-01,-9.3392691493051139e-01,9.9999909870444414e-01,1.9461223139372404e-12,
4.1312045487993043e-01,-5.7334086167088816e-01,9.9997762656962452e-01,1.8129690747624731e-12,
1.0842940424347773e+00,-1.2106466688049060e+00,9.9998994229487026e-01,1.9480000443834600e-12,
7.4226028603946503e-01,-6.6269379176038334e-01,9.9995313022154142e-01,5.4912505038626808e-13,
6.0308237979225077e-01,-3.6643465938563524e-01,9.9995781020985952e-01,3.9517762657801048e-13,
1.7022353032510168e-01,-1.0339402836662170e+00,9.9999630613759760e-01,1.6038430727920374e-12,
2.4433483597642491e-01,-1.5420849362047107e-01,9.9999998021580372e-01,8.2918158371737252e-14,
3.3066620802637064e-01,-4.5189408072765197e-01,9.9996920219030849e-01,2.3866611981614131e-13,
0.0000000000000000e+00,-1.0975183676214670e+00,9.9996231341846731e-01,0.0000000000000000e+00,
-1.7768115802023549e-01,-1.4475349308305455e-01,9.9997836247125282e-01,0.0000000000000000e+00,
9.3629193782862635e-02,4.6961498876816155e-01,9.9997279371587322e-01,1.1669134287424665e-12,
-4.6082737805046500e-02,-8.0073493124809969e-01,9.9991696938947272e-01,0.0000000000000000e+00,
-2.6681048687953446e-01,-5.5779031304346971e-01,9.9999990698660635e-01,0.0000000000000000e+00,
-1.8021319800102101e-01,-7.2808449292365285e-01,9.9997831520000968e-01,1.2203034015906363e-12,
1.0064000507639750e+00,-5.1990779996695713e-01,9.9996167071148567e-01,1.8141379584797817e-12,
1.1860882259262266e+00,-6.2052408791668190e-01,9.9997682679578470e-01,1.8158941122908883e-12,
1.3756870043006471e+00,-5.1782700640415080e-01,9.9987866745502718e-01,2.2063417253029947e-12,
6.1924455405831602e-01,-5.9173649000929907e-01,9.9964331990343913e-01,2.3773378906557341e-13,
9.1418859263841545e-01,-2.6362202548319785e-01,9.9999676563868456e-01,2.3773979683965917e-13,
4.2584003534963977e-01,-5.2237519747057126e-01,9.9994146706585674e-01,2.0804550880534442e-12,
2.9274196132024255e-01,-7.7524224993753066e-01,9.9993398405316325e-01,8.2647020358539187e-14,
6.3659893308259830e-01,-8.6135515163678966e-01,9.9999323751805291e-01,2.0161608184905791e-12,
1.4594804655684498e-01,-5.6971233065901317e-01,9.9999763611380987e-01,2.1448416041466250e-12,
2.5034355859853991e-01,-3.1027008909044368e-01,9.9996812169984117e-01,1.6056489111163615e-13,
5.3495255309064960e-01,-1.1333933513572614e+00,9.9996016648129948e-01,6.0930165522348753e-13,
0.0000000000000000e+00,-1.8187264155592012e-01,9.9994183576427143e-01,0.0000000000000000e+00,
-2.3183926872831845e-01,-6.0851793769917850e-01,9.9997844046389195e-01,0.0000000000000000e+00,
3.9107753944118295e-01,-7.9427203967584437e-01,9.9985473821716331e-01,1.3303748077793867e-12,
2.3372202632345210e-01,-9.4510356403091000e-01,9.9999671737895357e-01,1.8166314551791643e-12,
1.9270959268424906e-01,-6.4278714296810147e-01,9.9988486007330624e-01,1.8841007234760490e-12,
1.9549203560701053e-01,-4.2977666310490537e-01,9.9999635104621942e-01,2.0822010032767838e-12,
8.5177793698231430e-01,-5.6530065231113813e-01,1.0000000000007425e+00,4.9017843208793769e-15,
8.6518567416998837e-01,-2.3628594500342900e-01,9.9989555883345360e-01,9.7889640267042572e-13,
1.9139420090611131e-01,-1.1385928322452561e+00,9.9963696876012942e-01,1.3852512751591476e-12,
4.0640212297745870e-01,-1.7770301694547599e+00,9.9969839916881231e-01,1.5327938966655081e-12,
3.9646791397677372e-01,-1.0634021494632295e+00,9.9995349366742026e-01,1.3790036927967325e-12,
3.7397659213924600e-01,-1.2985511603119442e+00,9.9996563373027858e-01,1.5287757928111497e-12,
4.9269943304871522e-01,-5.6828597206069720e-01,9.9999599039260700e-01,1.6771592636737629e-12,
4.9490017973461414e-01,-8.0974271815339494e-01,9.9996301077312022e-01,1.6259368984223170e-13,
6.7918972310290515e-01,-7.8865619669860332e-01,9.9998733174541521e-01,1.6433465266190581e-13,
8.6131273879524739e-01,-5.9819407576080230e-01,9.9998902071937701e-01,1.6748417190148064e-12,
3.4599276979515725e-01,-5.4804873234584883e-01,9.9996613739197848e-01,1.8838289226581659e-12,
5.7043320645471463e-01,-6.3727021150092789e-01,9.9995731469932714e-01,8.0643864886815951e-13,
2.5386654016739862e-01,-1.0579060477527760e+00,9.9998827639682342e-01,9.7893483182199268e-13,
9.9423802918233339e-01,-5.9996088839703657e-02,9.9998948794331477e-01,8.1345228534121606e-13,
6.5556953748152891e-01,-2.0487694649157645e-01,9.9997609833238488e-01,9.7933384667572553e-13,
7.5229249597816805e-01,-4.0523992178205065e-01,9.9959562929041412e-01,1.8835289476704053e-12,
9.1889659005418445e-01,-6.9300252584004529e-01,9.9993390125685455e-01,1.9508976190375710e-12,
4.6609711393444347e-01,-6.5455245125563644e-01,9.9999092445041471e-01,2.0826837022886168e-12,
5.1922635131505601e-01,-9.0416726919640655e-01,9.9988817970643429e-01,5.6450586800683570e-13,
2.1709426390792652e-01,-9.2121130097759163e-01,9.9996079919473302e-01,5.7007683885398806e-13,
2.7342571440656332e-01,-2.7472954190396537e-01,9.9999032252231412e-01,5.7351291414001917e-13,
1.0101445439732279e+00,-2.6539087577564363e-01,9.9999999999442823e-01,5.7566822132972631e-13,
1.0529123445418516e+00,-5.1468533318085485e-01,9.9974047473292615e-01,1.8144493397607723e-12,
4.6174395020527342e-01,-6.4902262607951577e-01,9.9994209507391585e-01,1.6515683540461238e-13,
4.5810251260773449e-01,-6.5136224491413031e-01,9.9994317585189707e-01,3.2564108574070739e-13,
8.2394407158956318e-01,-4.8689262456527715e-02,9.9988442811942013e-01,4.8668163446156320e-13,
7.8024700116698520e-01,-3.4412072616782352e-01,9.9990259319859487e-01,1.2202644756568019e-12,
6.4065401133976352e-01,-7.7301298866325696e-01,9.9986810833211337e-01,1.2194166893920135e-12,
6.5515589455646495e-01,-5.1090815432008330e-01,9.9995139145170386e-01,1.8136592645427344e-12,
6.8255190699773460e-01,-3.7748071459945820e-01,9.9997389687963645e-01,1.9507826948277081e-12,
1.2886947676153773e+00,-1.9390345923874100e-01,9.9999304581391146e-01,2.0174802224556960e-12,
7.7330603324193414e-01,-8.2577451749268460e-01,9.9992577589064180e-01,1.3754676267470027e-12,
4.0291354979115862e-01,-9.0654996628896611e-01,9.9989245331902166e-01,1.5996022013941156e-12,
7.2119437473764325e-01,-1.5020511748127807e-01,9.9999998661256939e-01,5.0396561802989130e-15,
7.9337343599857646e-01,-6.7929418045356738e-01,9.9990206638469137e-01,8.5725276266083474e-14,
7.3317771745243154e-01,-7.5970788663711020e-01,9.9984590549040686e-01,3.2836527184042986e-13,
7.6260015210531829e-01,-3.4132558603084667e-01,9.9998451972004110e-01,8.9847706151861568e-13,
4.6741258197528446e-01,-8.4687458492962409e-01,9.9982935065776857e-01,1.3736323761465582e-12,
2.1611635068785739e-01,-6.9970774249448930e-01,9.9996066992459953e-01,1.5244488988631249e-12,
2.6079773015593727e-01,-1.1903208294621264e+00,9.9994442377518600e-01,1.8132570860387208e-12,
3.3869215765558558e-01,-6.5113442692772350e-01,9.9985982177431687e-01,2.0176530589110759e-12,
3.3769071393984856e-01,-1.3374321935753377e+00,9.9999783296537159e-01,2.1477952523607770e-12,
1.0937858096284154e+00,-4.5391474193762583e-02,9.9983162772855660e-01,8.6240335401528386e-14,
5.0576138814698035e-01,-7.1192899749117777e-01,9.9998697850310703e-01,1.6750410690513153e-13,
4.8341536111317285e-01,-2.6850217170457458e-01,9.9999642014730339e-01,3.3025668014889992e-13,
4.7179622255143272e-01,-2.8212691351263108e-01,9.9999718693141137e-01,4.9319079105099619e-13,

113,4
1.7351143151465052e+00,5.1683429151943072e-01,1.0001012270962129e+00,1.5712899099060260e-13,
1.2099229957863220e+00,5.4406272502061459e-01,1.0000577874289789e+00,1.5656455655564914e-13,
1.4710308901243088e+00,3.4094434232999932e-01,1.0000012600713053e+00,4.0080858154594373e-13,
1.4309166351768416e+00,6.1863658445615388e-01,1.0000024301537038e+00,2.2558822949988769e-12,
1.5813631256273624e+00,6.2157635660651933e-01,1.0002135655992754e+00,8.8577181805322000e-13,
1.0353408463934335e+00,9.8840689639637125e-01,1.0000000001357499e+00,1.8654704709436246e-12,
1.6985005969196458e+00,9.7948712815238548e-01,1.0000301692708884e+00,5.6178516295946481e-13,
1.5134390076198618e+00,8.7877110266148939e-01,1.0000160003660203e+00,5.5946210874008610e-13,
1.4372553264807042e+00,4.8360250071297761e-01,1.0000909163463956e+00,7.2390429873831827e-13,
1.4241670158286655e+00,7.8887127870166862e-01,1.0000000042946358e+00,1.2821329236940918e-12,
1.1748569122563983e+00,1.0244887925828947e+00,1.0000827264640411e+00,2.0667421640834654e-12,
1.8697911309442097e+00,6.2439820155655668e-01,1.0000053818130057e+00,1.5126299673767396e-12,
1.4815149149553426e+00,7.2213750044419167e-01,1.0001469398901699e+00,1.6581143724310369e-12,
2.0006220698335340e+00,1.1877334272454325e+00,1.0000754098097808e+00,2.0679322475929365e-12,
1.4932283975359502e+00,6.6430383522922531e-01,1.0000045692081523e+00,1.7305860797270300e-12,
1.1642443429439189e+00,9.0384990389272657e-01,1.0000000014165933e+00,1.5520841056229697e-13,
1.6082693042565246e+00,2.6252798269772282e-01,1.0000121561303303e+00,5.5773080250215910e-13,
1.8086259642889537e+00,3.6990627083929406e-01,1.0000182797783772e+00,1.1265180400198561e-12,
1.9274059694804777e+00,9.1394849537683920e-01,1.0000037651953657e+00,1.1296157226600635e-12,
2.1402856234422365e+00,9.9044719021972893e-01,1.0000416402138392e+00,1.3682325941040802e-12,
1.1597618652007622e+00,1.0134441432110741e+00,1.0002190442541781e+00,1.6615357322552589e-12,
1.7217801828162198e+00,9.0066864419040926e-01,1.0001422039836778e+00,2.0040610674135078e-12,
1.6780404271561484e+00,5.8400018325940706e-01,1.0000042200652783e+00,2.0693965566286737e-12,
1.9327297907491143e+00,4.8681991006076997e-01,1.0000002279008053e+00,2.2583329715482414e-12,
2.1344128680939596e+00,2.5841220051100944e-01,1.0000000000012692e+00,2.3187974606597981e-12,
2.2227644572763148e+00,5.8489660129787846e-01,1.0000000769218893e+00,2.2595312921031298e-12,
1.5368420530754465e+00,3.7668371532853268e-01,1.0000000000015261e+00,2.3199444967771489e-12,
2.0402181646726465e+00,7.1350012102341764e-01,1.0000002163824571e+00,2.2601277050258733e-12,
1.8820996564663930e+00,4.0046040277214023e-01,1.0000000019620305e+00,2.3205203123371481e-12,
1.3571537436635384e+00,3.9324621625418760e-01,1.0000088949920605e+00,3.9456607497555557e-13,
1.4953588563710125e+00,6.2805297167191476e-01,1.0000298451285050e+00,1.4468540654025050e-12,
1.4885388436143199e+00,6.8032427479072832e-01,1.0000232708451680e+00,1.4549953631509109e-12,
1.9650488622112963e+00,8.3558819230965375e-01,1.0001223561722126e+00,1.3021849561011980e-12,
2.0807729511498310e+00,1.0213034656422524e+00,1.0001064914095363e+00,1.3101248425743639e-12,
1.3639044734522763e+00,6.2218682163991268e-01,1.0000069242644052e+00,1.8042497483327847e-12,
1.4123931356438229e+00,5.4164921979359471e-01,1.0000109197557943e+00,1.9395574411329098e-12,
2.2520199063742541e+00,8.5912157174850601e-01,1.0000070611237075e+00,2.0709048256459896e-12,
1.4677274844586503e+00,4.2345642998801852e-01,1.0000215605957630e+00,1.9404551263383306e-12,
2.1220031173200709e+00,3.5118313054834638e-01,1.0000107566294785e+00,2.0716431853513350e-12,
1.7210009723861246e+00,2.1945215121604447e-01,1.0000419290509808e+00,7.1009826088067660e-13,
1.6346685369024725e+00,5.5981304835469214e-01,1.0000185807982949e+00,4.6591752374924544e-13,
1.5089706670741885e+00,3.0727752807022263e-01,1.0001953179997229e+00,1.6687819526406822e-12,
1.4820916717245813e+00,9.4775559067631909e-01,1.0000030181123987e+00,1.5168702519559783e-13,
1.2899794417124859e+00,2.2653225569570506e-01,1.0000560386012591e+00,3.0770643922589152e-13,
1.5357490859299761e+00,0.0000000000000000e+00,1.0000000000000000e+40,9.6473793929440315e-13,
1.5920720389982779e+00,1.2543463445039205e+00,1.0000000000000000e+40,1.2095905804442397e-12,
1.5368829415311824e+00,9.1669888653207621e-01,1.0000068334376573e+00,1.2656830146301208e-12,
7.6934131732179911e-01,1.0862787623582959e+00,1.0000000000000000e+40,7.5753843656572760e-13,
4.3623133857108370e-01,1.2337265357038258e+00,1.0000000000000000e+40,1.2359628097848680e-12,
9.8383618430791764e-01,8.3839060699617263e-01,1.0000178496440431e+00,1.2748055481396294e-12,
2.0948306309916589e+00,5.8766388893589949e-01,1.0000432944271396e+00,1.8750117007014139e-12,
2.3532521319933544e+00,4.3837795014561259e-01,1.0000168383514314e+00,1.8758496293239898e-12,
2.2584763262885468e+00,7.7857759880807931e-01,1.0000022678096758e+00,2.3211042949010426e-12,
1.7750594791600482e+00,7.1197307596768367e-01,1.0000213082916805e+00,3.8298115350735748e-13,
1.5188336314074367e+00,8.0560550133069353e-01,1.0000081482181944e+00,3.8170822327423036e-13,
1.8146209058356797e+00,7.3914582056700839e-01,1.0000252180939058e+00,2.1996778083516381e-12,
1.7608922347486067e+00,6.6877846326472457e-01,1.0000775653848040e+00,2.2835986818261127e-13,
1.5930195851409998e+00,7.0026213166998585e-01,1.0000276203655840e+00,2.1377757146223154e-12,
1.7886140738825769e+00,6.1623482409838137e-01,1.0000162748373933e+00,2.2622135612761798e-12,
1.7777798822797739e+00,5.2513110562997023e-01,1.0000003735258829e+00,2.3012321154358168e-13,
1.5910350205649342e+00,9.4570071004292111e-01,1.0000365091218619e+00,7.7518889033641203e-13,
1.9238503507264049e+00,1.1640961294142214e+00,1.0000000000000000e+40,9.6630589177343375e-13,
2.0589098541023145e+00,5.1515292250286671e-01,1.0000000000000000e+40,1.2103329307303081e-12,
1.2486628861663589e+00,1.0279359432497009e-01,1.0003503482381648e+00,1.3946668229958568e-12,
1.7298443980657334e+00,5.4941723200850145e-01,1.0000272322984363e+00,1.9429666470194932e-12,
1.9131693021315195e+00,7.2372185547688905e-01,1.0000193904910295e+00,2.0092148306718079e-12,
1.7316723394429940e+00,5.6040888641047926e-01,1.0000032812323805e+00,2.2015418435828109e-12,
1.4599342527402428e+00,9.8530068685901850e-01,1.0000000002920153e+00,7.4224757430820019e-14,
1.8877320782791756e+00,7.1835942918785622e-01,1.0000719657498411e+00,1.1561491706750510e-12,
1.7024509760784685e+00,1.2720206289142710e-01,1.0000514212394118e+00,1.5282960920461592e-12,
1.9147047806151005e+00,6.7558833642430138e-01,1.0002484818081403e+00,1.6693530989454931e-12,
1.5915644380720424e+00,4.6755836236101023e-01,1.0000409084732644e+00,1.5234140899992967e-12,
1.2386417454436420e+00,1.4489253872547092e-01,1.0000215886208295e+00,1.6669973042622201e-12,
1.3152967455918634e+00,3.6869449597626847e-01,1.0000066234739444e+00,1.7389496060039325e-12,
1.6773313068493809e+00,4.9015215381301835e-01,1.0000317192762109e+00,3.1372933493431449e-13,
1.4312037652322740e+00,2.9725496555434266e-01,1.0001304635745640e+00,3.1540694553789820e-13,
1.8650953682246585e+00,5.1918605621076830e-01,1.0000392393986792e+00,1.8073498541674933e-12,
2.0730534116985027e+00,8.0380851250806495e-01,1.0000149719125027e+00,2.0092266875289247e-12,
1.5943727037452047e+00,6.5425004192935077e-01,1.0000473420196370e+00,9.6892676254063983e-13,
2.0462580331651665e+00,8.3270371877337501e-01,1.0000181275867799e+00,1.0545269052480153e-12,
1.5484182360884922e+00,7.6347293472105038e-01,1.0000038692059896e+00,9.6932130387902440e-13,
1.2780648632247338e+00,3.4424329881773469e-01,1.0000017324544672e+00,1.0515368477104382e-12,
1.3175259913391135e+00,8.2143968296791003e-01,1.0000998129801075e+00,1.9427757176423111e-12,
2.0746706436861584e+00,7.8834475091863243e-01,1.0001146754306949e+00,2.0748163097732590e-12,
1.6942605411462210e+00,5.6055316759539175e-01,1.0000250665299262e+00,2.1392377379771386e-12,
1.6759994651482280e+00,5.0530075244512618e-01,1.0000226762617974e+00,6.4107805142027599e-13,
1.4724405667690621e+00,2.4924237894289186e-01,1.0002713134857173e+00,6.4462872912412222e-13,
1.7219866792334735e+00,3.6617937800060879e-01,1.0000065934774387e+00,6.4682969987264328e-13,
1.4010550181550898e+00,1.2028083384111124e-01,9.9999999999791955e-01,6.4764187358520755e-13,
1.7170073553556509e+00,7.5637593682576731e-01,1.0000413741660481e+00,1.8749666793587969e-12,
1.6127302726140391e+00,6.4017764863141047e-01,1.0000750857648404e+00,3.1809764465034195e-13,
1.2127640661502093e+00,1.8864277952964925e-01,1.0001201519580634e+00,4.8029278703821750e-13,
1.2425160158175022e+00,1.0292448608225877e+00,1.0001393091020419e+00,5.6159798378849835e-13,
1.7268099775500985e+00,7.6267436904758734e-01,1.0000270118118175e+00,1.3691680707782549e-12,
1.8584557299411895e+00,9.4901382168654247e-01,1.0000210645894998e+00,1.3657418327784844e-12,
1.7118456363745103e+00,5.9494349823913550e-01,1.0000678702734407e+00,1.9424816793281961e-12,
1.7951550516063854e+00,4.6421769462563017e-01,1.0000408806562340e+00,2.0093406956765737e-12,
1.7357629516113497e+00,5.6586821802942699e-01,1.0000202619329626e+00,2.0749603784175388e-12,
1.9007614380638826e+00,2.9211305265189627e-02,1.0001333852464556e+00,1.4431194947028017e-12,
1.4056376819805938e+00,-5.3541713330383101e-02,1.0000174739279988e+00,1.6637499527964295e-12,
1.1877278076050632e+00,1.1925932218586031e+00,1.0000251671254545e+00,7.5864630590777545e-14,
1.7533552136455064e+00,6.6440356951077362e-01,1.0000338526827797e+00,2.3860269263326771e-13,
1.8527277635865882e+00,4.0299375976390700e-01,1.0000374374318708e+00,4.8287534685350148e-13,
1.8289573150668326e+00,4.3760327917571756e-01,1.0000050320340566e+00,9.7036176250721392e-13,
1.5977336731165392e+00,2.3391705372717225e-01,1.0001075459002562e+00,1.5166223484372581e-12,
1.4482852005312639e+00,2.0854460345053205e-01,1.0000468965293556e+00,1.6629808179224045e-12,
1.6662715832975625e+00,4.2062094927648785e-01,1.0000429310786045e+00,1.9424499754729062e-12,
1.2903070600240441e+00,4.6021526572015531e-01,1.0000579265656302e+00,2.1404390182179465e-12,
1.5132639147435014e+00,4.1216401798246993e-01,1.0000684006722556e+00,2.2039346181530683e-12,
1.4774860940362446e+00,5.4619226812041077e-01,1.0000150343454857e+00,1.5766328969382070e-13,
1.5846512068401273e+00,5.4867965295351684e-01,1.0000262364850854e+00,3.2127628496974205e-13,
1.6339329412831209e+00,3.5902479426086459e-01,1.0000013859570762e+00,4.0294680967108471e-13,
1.3816607831394869e+00,2.0217898028670420e-01,1.0000145757625507e+00,5.6617325771832835e-13,

