1
1
1
1
(113 0
((0,152) (16,168) (1,1))
((0,168) (16,176) (1,1))
((24,152) (40,168) (1,1))
((224,152) (240,168) (1,1))
((72,160) (88,168) (1,1))
((184,160) (192,168) (1,1))
((40,168) (56,184) (1,1))
((40,184) (56,192) (1,1))
((56,168) (72,184) (1,1))
((120,168) (128,176) (1,1))
((208,168) (216,176) (1,1))
((136,176) (152,192) (1,1))
((152,176) (168,192) (1,1))
((200,176) (216,192) (1,1))
((168,184) (176,200) (1,1))
((0,192) (16,208) (1,1))
((48,192) (56,200) (1,1))
((96,168) (112,184) (1,1))
((96,184) (112,200) (1,1))
((128,192) (136,208) (1,1))
((160,192) (168,208) (1,1))
((192,192) (208,208) (1,1))
((208,192) (216,208) (1,1))
((224,192) (240,208) (1,1))
((240,192) (248,208) (1,1))
((224,208) (240,224) (1,1))
((240,208) (248,224) (1,1))
((224,224) (240,232) (1,1))
((240,224) (248,232) (1,1))
((32,200) (40,216) (1,1))
((136,200) (144,216) (1,1))
((136,216) (144,232) (1,1))
((112,208) (128,224) (1,1))
((112,224) (128,232) (1,1))
((176,208) (184,224) (1,1))
((184,208) (200,224) (1,1))
((200,208) (216,224) (1,1))
((184,224) (200,232) (1,1))
((200,224) (216,232) (1,1))
((56,216) (72,232) (1,1))
((40,224) (48,232) (1,1))
((160,224) (168,240) (1,1))
((8,232) (16,240) (1,1))
((24,232) (32,240) (1,1))
((80,232) (96,248) (1,1))
((96,232) (112,248) (1,1))
((112,232) (120,248) (1,1))
((80,248) (96,264) (1,1))
((96,248) (112,264) (1,1))
((112,248) (120,264) (1,1))
((184,232) (192,248) (1,1))
((184,248) (192,264) (1,1))
((232,232) (248,240) (1,1))
((24,240) (40,256) (1,1))
((24,256) (40,264) (1,1))
((216,240) (232,248) (1,1))
((8,248) (24,264) (1,1))
((208,248) (224,264) (1,1))
((224,248) (240,264) (1,1))
((16,264) (24,280) (1,1))
((64,264) (80,280) (1,1))
((80,264) (96,280) (1,1))
((96,264) (112,280) (1,1))
((128,264) (136,272) (1,1))
((184,264) (200,272) (1,1))
((192,272) (208,288) (1,1))
((216,272) (232,288) (1,1))
((0,280) (8,296) (1,1))
((96,280) (112,296) (1,1))
((136,280) (152,296) (1,1))
((152,280) (168,296) (1,1))
((136,296) (152,312) (1,1))
((152,296) (168,312) (1,1))
((168,280) (176,288) (1,1))
((16,288) (32,304) (1,1))
((16,304) (32,312) (1,1))
((168,288) (184,304) (1,1))
((192,288) (208,296) (1,1))
((80,296) (96,312) (1,1))
((96,296) (104,312) (1,1))
((80,312) (96,320) (1,1))
((96,312) (104,320) (1,1))
((192,296) (200,304) (1,1))
((200,296) (216,312) (1,1))
((216,296) (224,312) (1,1))
((56,304) (64,320) (1,1))
((56,320) (64,336) (1,1))
((56,336) (64,352) (1,1))
((56,352) (64,360) (1,1))
((184,304) (192,312) (1,1))
((16,312) (32,328) (1,1))
((32,312) (48,328) (1,1))
((48,312) (56,328) (1,1))
((120,312) (136,328) (1,1))
((120,328) (136,336) (1,1))
((184,312) (200,328) (1,1))
((200,312) (208,328) (1,1))
((208,312) (216,320) (1,1))
((136,320) (144,328) (1,1))
((160,320) (168,328) (1,1))
((0,328) (8,336) (1,1))
((8,328) (24,344) (1,1))
((32,328) (48,344) (1,1))
((88,328) (96,344) (1,1))
((136,328) (152,344) (1,1))
((152,328) (168,344) (1,1))
((184,328) (200,344) (1,1))
((208,328) (224,344) (1,1))
((224,328) (232,344) (1,1))
((8,344) (16,352) (1,1))
((16,344) (32,360) (1,1))
((32,344) (40,360) (1,1))
((48,344) (56,360) (1,1))
)
113
FabOnDisk: SD_1_Old_MF_D_00001 0
FabOnDisk: SD_1_Old_MF_D_00001 2974
FabOnDisk: SD_1_Old_MF_D_00001 4732
FabOnDisk: SD_1_Old_MF_D_00000 0
FabOnDisk: SD_1_Old_MF_D_00001 7706
FabOnDisk: SD_1_Old_MF_D_00000 2976
FabOnDisk: SD_1_Old_MF_D_00001 9464
FabOnDisk: SD_1_Old_MF_D_00001 12438
FabOnDisk: SD_1_Old_MF_D_00001 14196
FabOnDisk: SD_1_Old_MF_D_00001 17170
FabOnDisk: SD_1_Old_MF_D_00000 4032
FabOnDisk: SD_1_Old_MF_D_00000 5088
FabOnDisk: SD_1_Old_MF_D_00000 8064
FabOnDisk: SD_1_Old_MF_D_00000 11040
FabOnDisk: SD_1_Old_MF_D_00000 14016
FabOnDisk: SD_1_Old_MF_D_00001 18226
FabOnDisk: SD_1_Old_MF_D_00001 21200
FabOnDisk: SD_1_Old_MF_D_00001 22254
FabOnDisk: SD_1_Old_MF_D_00001 25229
FabOnDisk: SD_1_Old_MF_D_00000 15776
FabOnDisk: SD_1_Old_MF_D_00000 17536
FabOnDisk: SD_1_Old_MF_D_00000 19296
FabOnDisk: SD_1_Old_MF_D_00000 22272
FabOnDisk: SD_1_Old_MF_D_00000 24032
FabOnDisk: SD_1_Old_MF_D_00000 27008
FabOnDisk: SD_1_Old_MF_D_00000 28768
FabOnDisk: SD_1_Old_MF_D_00000 31744
FabOnDisk: SD_1_Old_MF_D_00000 33504
FabOnDisk: SD_1_Old_MF_D_00003 0
FabOnDisk: SD_1_Old_MF_D_00001 28204
FabOnDisk: SD_1_Old_MF_D_00000 35264
FabOnDisk: SD_1_Old_MF_D_00000 37024
FabOnDisk: SD_1_Old_MF_D_00001 29962
FabOnDisk: SD_1_Old_MF_D_00001 32938
FabOnDisk: SD_1_Old_MF_D_00000 38784
FabOnDisk: SD_1_Old_MF_D_00000 40544
FabOnDisk: SD_1_Old_MF_D_00000 43520
FabOnDisk: SD_1_Old_MF_D_00000 46496
FabOnDisk: SD_1_Old_MF_D_00000 48256
FabOnDisk: SD_1_Old_MF_D_00001 34698
FabOnDisk: SD_1_Old_MF_D_00001 37672
FabOnDisk: SD_1_Old_MF_D_00000 50016
FabOnDisk: SD_1_Old_MF_D_00001 38726
FabOnDisk: SD_1_Old_MF_D_00001 39779
FabOnDisk: SD_1_Old_MF_D_00001 40833
FabOnDisk: SD_1_Old_MF_D_00001 43807
FabOnDisk: SD_1_Old_MF_D_00001 46782
FabOnDisk: SD_1_Old_MF_D_00001 48542
FabOnDisk: SD_1_Old_MF_D_00001 51516
FabOnDisk: SD_1_Old_MF_D_00000 51776
FabOnDisk: SD_1_Old_MF_D_00000 53536
FabOnDisk: SD_1_Old_MF_D_00000 55296
FabOnDisk: SD_1_Old_MF_D_00003 1056
FabOnDisk: SD_1_Old_MF_D_00001 54491
FabOnDisk: SD_1_Old_MF_D_00003 2816
FabOnDisk: SD_1_Old_MF_D_00000 57056
FabOnDisk: SD_1_Old_MF_D_00001 57465
FabOnDisk: SD_1_Old_MF_D_00000 58816
FabOnDisk: SD_1_Old_MF_D_00003 4574
FabOnDisk: SD_1_Old_MF_D_00003 7550
FabOnDisk: SD_1_Old_MF_D_00003 9308
FabOnDisk: SD_1_Old_MF_D_00003 12282
FabOnDisk: SD_1_Old_MF_D_00003 15256
FabOnDisk: SD_1_Old_MF_D_00002 0
FabOnDisk: SD_1_Old_MF_D_00002 1056
FabOnDisk: SD_1_Old_MF_D_00002 2816
FabOnDisk: SD_1_Old_MF_D_00002 5792
FabOnDisk: SD_1_Old_MF_D_00003 18231
FabOnDisk: SD_1_Old_MF_D_00003 19988
FabOnDisk: SD_1_Old_MF_D_00002 8768
FabOnDisk: SD_1_Old_MF_D_00002 11744
FabOnDisk: SD_1_Old_MF_D_00002 14720
FabOnDisk: SD_1_Old_MF_D_00002 17696
FabOnDisk: SD_1_Old_MF_D_00002 20672
FabOnDisk: SD_1_Old_MF_D_00003 22963
FabOnDisk: SD_1_Old_MF_D_00003 25937
FabOnDisk: SD_1_Old_MF_D_00002 21728
FabOnDisk: SD_1_Old_MF_D_00002 24704
FabOnDisk: SD_1_Old_MF_D_00003 27695
FabOnDisk: SD_1_Old_MF_D_00003 30669
FabOnDisk: SD_1_Old_MF_D_00003 32428
FabOnDisk: SD_1_Old_MF_D_00003 34186
FabOnDisk: SD_1_Old_MF_D_00002 26464
FabOnDisk: SD_1_Old_MF_D_00002 27520
FabOnDisk: SD_1_Old_MF_D_00002 30496
FabOnDisk: SD_1_Old_MF_D_00003 35241
FabOnDisk: SD_1_Old_MF_D_00003 36999
FabOnDisk: SD_1_Old_MF_D_00002 32256
FabOnDisk: SD_1_Old_MF_D_00002 34014
FabOnDisk: SD_1_Old_MF_D_00002 35068
FabOnDisk: SD_1_Old_MF_D_00003 38757
FabOnDisk: SD_1_Old_MF_D_00003 41731
FabOnDisk: SD_1_Old_MF_D_00003 44705
FabOnDisk: SD_1_Old_MF_D_00003 46463
FabOnDisk: SD_1_Old_MF_D_00002 36124
FabOnDisk: SD_1_Old_MF_D_00002 37884
FabOnDisk: SD_1_Old_MF_D_00002 40860
FabOnDisk: SD_1_Old_MF_D_00002 42620
FabOnDisk: SD_1_Old_MF_D_00002 43676
FabOnDisk: SD_1_Old_MF_D_00002 44732
FabOnDisk: SD_1_Old_MF_D_00003 49439
FabOnDisk: SD_1_Old_MF_D_00003 50492
FabOnDisk: SD_1_Old_MF_D_00003 53465
FabOnDisk: SD_1_Old_MF_D_00002 45788
FabOnDisk: SD_1_Old_MF_D_00002 47546
FabOnDisk: SD_1_Old_MF_D_00002 50522
FabOnDisk: SD_1_Old_MF_D_00002 53498
FabOnDisk: SD_1_Old_MF_D_00002 56474
FabOnDisk: SD_1_Old_MF_D_00002 59450
FabOnDisk: SD_1_Old_MF_D_00003 56439
FabOnDisk: SD_1_Old_MF_D_00003 57492
FabOnDisk: SD_1_Old_MF_D_00003 60466
FabOnDisk: SD_1_Old_MF_D_00002 61210

113,1
-9.2205373227421751e+02,
-7.6826090359291857e+02,
-7.5360218951049046e+02,
-4.3091825290124279e+02,
-5.9885004462956613e+02,
-4.7869935889384578e+00,
-6.2163498805451627e+02,
-6.9385698727859562e+02,
-7.0702459889719330e+02,
-3.4167341283007499e+02,
-2.3686273974869391e+02,
-1.7736613495752954e+02,
-2.8600448427328274e+02,
-3.1261156884202592e+02,
-2.0729446519326393e+02,
-6.7339453255800299e+02,
-6.7807432325960599e+02,
-4.4707462326993073e+02,
-3.9305225706753208e+02,
-2.8627220530429713e+02,
-1.2913820475521970e+02,
-7.6170770651808198e+01,
-2.7372080675663256e+02,
-3.5064509366485572e+02,
-4.6399224662002553e+02,
-2.4222063102372158e+02,
-4.1687093145057588e+02,
-1.9329167839177762e+02,
-3.9406294173027300e+02,
-4.4318458620940828e+02,
-3.2352844770800812e+02,
-3.6635527208309077e+02,
-4.3926712929859104e+02,
-4.8427963520210687e+02,
2.9444165095464996e+01,
4.4109026571240975e+01,
-2.8414629132907703e+02,
-1.0973782953462296e+02,
-2.2552951708161390e+02,
-5.8691040332489865e+02,
-4.5796853283307519e+02,
-1.6015156169315969e+02,
-4.6543709841056898e+02,
-5.8476802991667864e+02,
-1.8105241408809843e+02,
-4.9937046625024459e+02,
-6.3674459689089917e+02,
-2.1988047611352476e+02,
-8.3222024042539579e+02,
-6.8217206735957416e+02,
-3.8628614764754047e+02,
-3.8628614764754047e+02,
-3.9394335729102704e+02,
-7.0517735654079706e+02,
-7.0517735654079706e+02,
-3.2645938044101149e+02,
-5.5546538843471080e+02,
-2.0747851920401899e+02,
-5.0349139362476080e+02,
-7.0341718762754545e+02,
-1.7885866680292065e+02,
-3.3630311482169054e+02,
-8.8475081765268260e+02,
-4.5434708397854411e+02,
-2.6887940359321328e+02,
-6.1634414333668019e+02,
-4.9864004268605822e+02,
-7.8842528994441318e+02,
-8.9055321279390773e+02,
-3.6310639000773244e+02,
-3.6310639000773244e+02,
-2.8209606018328759e+02,
-4.1462248969761322e+02,
-4.1468110974569572e+02,
-6.4628553023967515e+02,
-6.2454832962240835e+02,
-4.2688290325146409e+02,
-6.1836846497117085e+02,
-5.0494772459708383e+02,
-7.1810730608102949e+02,
-5.6532527859464471e+02,
-6.6610607289131167e+02,
-2.7863498469254864e+02,
-7.5448480340583092e+02,
-7.5448480340583092e+02,
-8.9297380204873980e+02,
-9.9397871109832613e+02,
-9.9397871109832613e+02,
-9.0547809826800903e+02,
-3.1992381146101525e+02,
-4.7654593411694486e+02,
-6.7845435094690674e+02,
-7.3455185475522421e+02,
-4.2474892010162012e+02,
-3.6366878646561054e+02,
-4.5837412735525140e+02,
-6.2224908496583384e+02,
-8.5296048189034082e+02,
-5.4211254870805988e+02,
-4.7439486038864925e+02,
-1.2941986080894276e+02,
-4.8709013689358471e+02,
-7.2478515106697705e+02,
-7.7806462926825407e+02,
-5.3365727543685989e+02,
-5.6060098977263624e+02,
-4.8585716591791652e+02,
-5.0652470533606856e+02,
-5.7777304507293911e+02,
-2.1914583294799195e+02,
-5.8625803241037192e+02,
-7.7183468485763751e+02,
-7.0931811169583989e+02,

113,1
-6.5762047042771474e+02,
-5.0300065972659604e+02,
-3.7512959099479713e+02,
1.1668825036677526e+02,
-4.5629974026099035e+02,
8.7974392682986490e+01,
-2.4000662543034105e+02,
-2.4502868110855434e+02,
-5.0704369368125936e+02,
-2.1476955650986656e+02,
1.0238434688120105e+02,
3.3196934673223950e+01,
-5.1570172138711314e+01,
3.8254350247759976e+02,
-1.0754721564456440e+02,
-3.7789050202776116e+02,
-3.2784375633378022e+02,
1.0362024582401409e+02,
1.4654548640640087e+02,
5.8673247041071591e+01,
1.6695351265325371e+00,
3.6885864242417210e+02,
1.8600877027756724e+00,
1.2663364911197050e+02,
-2.4222063102372158e+02,
1.9323351809152064e+02,
-1.9329167839177762e+02,
1.9199733669368834e+02,
-1.8353324212356620e+02,
-1.5223844360541580e+02,
-1.5142561244981698e+02,
-1.5860856963419019e+02,
2.2919488029882405e+02,
1.5301235822031504e+02,
2.5794012502925125e+02,
2.8680985640029849e+02,
1.0053986891998557e+02,
3.0142875816033165e+02,
1.2813049914147177e+02,
-1.6828868492591437e+02,
-2.6852453433150276e+02,
-3.0249898204354849e+01,
-1.4915108556550740e+02,
-1.8112293411391602e+02,
1.8221073123926089e+02,
0.0000000000000000e+00,
-7.8934003581684919e+01,
1.8221073123926089e+02,
0.0000000000000000e+00,
-4.9937046625024459e+02,
2.6089716096227903e+02,
2.4276158708285311e+02,
1.1729290570569265e+02,
-1.5083019184084105e+02,
-3.4539268452873830e+02,
2.7042277712896021e+02,
9.3769895166827610e+01,
2.8350971683705211e+02,
-5.2036991292766288e+01,
-1.5018219115471857e+02,
1.3385051139220332e+02,
1.3385051139220332e+02,
0.0000000000000000e+00,
-3.1606127616290178e+02,
2.0872115346853207e+02,
3.1561935193512909e+01,
-9.8019045739851663e+01,
-5.2727867925805685e+02,
-9.5899973550130198e+01,
-5.3568899878996490e+01,
-2.5683672498981241e+02,
-5.3568899878996490e+01,
-2.3858206602045902e+02,
-3.0299611069468347e+02,
1.1088566747794812e+02,
1.7999606327877154e+02,
-2.4052838292176148e+02,
7.8783542679047969e+00,
-6.2139626966964443e+01,
-2.2588335903875441e+02,
-1.3648800599487595e+02,
-5.0494772459708383e+02,
-5.1837542732358543e+01,
-8.7418590543154551e+01,
-4.8674944000969845e+02,
-4.0296619604299576e+02,
-6.2503594195413780e+02,
-5.8329667700465734e+02,
-6.9974814572359855e+02,
-2.7119281196920383e+01,
1.8936972011034595e+02,
-2.8621607114123117e+02,
-4.3357470583675695e+02,
-4.2375462856227387e+01,
-6.1784626416456831e+01,
5.9429105299619096e+01,
-1.6281370326657998e+02,
-4.8030366150404097e+02,
-3.5417070186305091e+02,
-3.0888793448421666e+02,
4.6010060656337828e+01,
1.1338410969319693e+02,
-1.7311318995569445e+02,
-4.3336478479939296e+02,
-1.9606309079730863e+02,
-3.8490899564957499e+02,
5.9429105299619096e+01,
-2.7170799062248489e+02,
-2.6559365711407963e+02,
8.1646689848198093e+01,
-1.4721753510588360e+02,
-3.0359503617743894e+02,
-4.9351392338089590e+02,

