1
1
9
0
(64 0
((0,0) (15,15) (0,0))
((16,0) (31,15) (0,0))
((32,0) (47,15) (0,0))
((48,0) (63,15) (0,0))
((64,0) (79,15) (0,0))
((80,0) (95,15) (0,0))
((96,0) (111,15) (0,0))
((112,0) (127,15) (0,0))
((0,16) (15,31) (0,0))
((16,16) (31,31) (0,0))
((32,16) (47,31) (0,0))
((48,16) (63,31) (0,0))
((64,16) (79,31) (0,0))
((80,16) (95,31) (0,0))
((96,16) (111,31) (0,0))
((112,16) (127,31) (0,0))
((0,32) (15,47) (0,0))
((16,32) (31,47) (0,0))
((32,32) (47,47) (0,0))
((48,32) (63,47) (0,0))
((64,32) (79,47) (0,0))
((80,32) (95,47) (0,0))
((96,32) (111,47) (0,0))
((112,32) (127,47) (0,0))
((0,48) (15,63) (0,0))
((16,48) (31,63) (0,0))
((32,48) (47,63) (0,0))
((48,48) (63,63) (0,0))
((64,48) (79,63) (0,0))
((80,48) (95,63) (0,0))
((96,48) (111,63) (0,0))
((112,48) (127,63) (0,0))
((0,64) (15,79) (0,0))
((16,64) (31,79) (0,0))
((32,64) (47,79) (0,0))
((48,64) (63,79) (0,0))
((64,64) (79,79) (0,0))
((80,64) (95,79) (0,0))
((96,64) (111,79) (0,0))
((112,64) (127,79) (0,0))
((0,80) (15,95) (0,0))
((16,80) (31,95) (0,0))
((32,80) (47,95) (0,0))
((48,80) (63,95) (0,0))
((64,80) (79,95) (0,0))
((80,80) (95,95) (0,0))
((96,80) (111,95) (0,0))
((112,80) (127,95) (0,0))
((0,96) (15,111) (0,0))
((16,96) (31,111) (0,0))
((32,96) (47,111) (0,0))
((48,96) (63,111) (0,0))
((64,96) (79,111) (0,0))
((80,96) (95,111) (0,0))
((96,96) (111,111) (0,0))
((112,96) (127,111) (0,0))
((0,112) (15,127) (0,0))
((16,112) (31,127) (0,0))
((32,112) (47,127) (0,0))
((48,112) (63,127) (0,0))
((64,112) (79,127) (0,0))
((80,112) (95,127) (0,0))
((96,112) (111,127) (0,0))
((112,112) (127,127) (0,0))
)
64
FabOnDisk: Cell_D_00000 0
FabOnDisk: Cell_D_00000 18514
FabOnDisk: Cell_D_00000 37029
FabOnDisk: Cell_D_00000 55544
FabOnDisk: Cell_D_00000 74059
FabOnDisk: Cell_D_00000 92574
FabOnDisk: Cell_D_00000 111089
FabOnDisk: Cell_D_00000 129605
FabOnDisk: Cell_D_00000 148122
FabOnDisk: Cell_D_00000 166637
FabOnDisk: Cell_D_00000 185153
FabOnDisk: Cell_D_00000 203669
FabOnDisk: Cell_D_00000 222185
FabOnDisk: Cell_D_00000 240701
FabOnDisk: Cell_D_00000 259217
FabOnDisk: Cell_D_00000 277734
FabOnDisk: Cell_D_00000 296252
FabOnDisk: Cell_D_00000 314767
FabOnDisk: Cell_D_00000 333283
FabOnDisk: Cell_D_00000 351799
FabOnDisk: Cell_D_00000 370315
FabOnDisk: Cell_D_00000 388831
FabOnDisk: Cell_D_00000 407347
FabOnDisk: Cell_D_00000 425864
FabOnDisk: Cell_D_00000 444382
FabOnDisk: Cell_D_00000 462897
FabOnDisk: Cell_D_00000 481413
FabOnDisk: Cell_D_00000 499929
FabOnDisk: Cell_D_00000 518445
FabOnDisk: Cell_D_00000 536961
FabOnDisk: Cell_D_00000 555477
FabOnDisk: Cell_D_00000 573994
FabOnDisk: Cell_D_00000 592512
FabOnDisk: Cell_D_00000 611027
FabOnDisk: Cell_D_00000 629543
FabOnDisk: Cell_D_00000 648059
FabOnDisk: Cell_D_00000 666575
FabOnDisk: Cell_D_00000 685091
FabOnDisk: Cell_D_00000 703607
FabOnDisk: Cell_D_00000 722124
FabOnDisk: Cell_D_00000 740642
FabOnDisk: Cell_D_00000 759157
FabOnDisk: Cell_D_00000 777673
FabOnDisk: Cell_D_00000 796189
FabOnDisk: Cell_D_00000 814705
FabOnDisk: Cell_D_00000 833221
FabOnDisk: Cell_D_00000 851737
FabOnDisk: Cell_D_00000 870254
FabOnDisk: Cell_D_00000 888772
FabOnDisk: Cell_D_00000 907288
FabOnDisk: Cell_D_00000 925805
FabOnDisk: Cell_D_00000 944322
FabOnDisk: Cell_D_00000 962839
FabOnDisk: Cell_D_00000 981356
FabOnDisk: Cell_D_00000 999873
FabOnDisk: Cell_D_00000 1018391
FabOnDisk: Cell_D_00000 1036910
FabOnDisk: Cell_D_00000 1055427
FabOnDisk: Cell_D_00000 1073945
FabOnDisk: Cell_D_00000 1092463
FabOnDisk: Cell_D_00000 1110981
FabOnDisk: Cell_D_00000 1129499
FabOnDisk: Cell_D_00000 1148017
FabOnDisk: Cell_D_00000 1166536

64,9
1.0000042182807183e+00,-7.0122776876555019e-03,9.9999999999994271e-01,-1.0252744254485563e-12,-5.6834335731702423e-01,6.0241083257088664e-03,9.2129708381997414e-03,6.4897938708398887e-03,1.0000000000000000e+00,
1.0025283604414614e+00,-7.0235339962806719e-03,9.9999999999987044e-01,-2.0354020117285987e-12,-6.0001958166221936e-01,-2.2596904228740422e-01,1.0156188043649976e-04,1.8903828908908974e-03,1.0000000000000000e+00,
1.0069677629371592e+00,-1.7449560319265920e-03,9.9999999999986966e-01,-1.0974342348124620e-13,-4.0922896724691543e-01,-2.6003745779895659e-01,9.0398937145803882e-06,-5.3498123803324645e-04,1.0000000000000000e+00,
1.0045715965202640e+00,5.3154667319488404e-05,9.9999999999989608e-01,1.5510625373675700e-13,-1.3226007298159964e-01,-1.8518093143386727e-01,1.7582791255951746e-07,-7.1622585584539588e-04,1.0000000000000000e+00,
1.0022331437085070e+00,5.3913721866281557e-05,9.9999999999994038e-01,1.8013640050592812e-13,-1.5246981209283104e-02,-4.8489548184933964e-02,5.6563942731069350e-07,-6.2300958700718266e-04,1.0000000000000000e+00,
1.0010462042729069e+00,2.9696895465827297e-05,9.9999999999994627e-01,2.2674676081058568e-13,1.3109919732767001e-02,-2.9339382062509422e-03,7.0637597073680558e-08,-3.3887421876414484e-04,1.0000000000000000e+00,
1.0004981277289444e+00,1.4185732448157504e-05,9.9999999999991196e-01,2.5719036201453565e-13,7.5278447430412992e-03,9.7218756477882983e-05,3.4754221268007077e-06,-1.7847423719273599e-04,1.0000000000000000e+00,
1.0002681872876684e+00,5.2083568334983785e-06,9.9999999999979383e-01,2.7607480123673720e-13,-6.0817133071381702e-04,-1.8691612021086281e-05,2.2971584546507221e-06,-7.1616753360942518e-05,1.0000000000000000e+00,
1.0000079406421942e+00,-2.1850154172745186e-02,9.9999999999995370e-01,-1.1128905761174231e-12,-1.8892111610958122e+00,2.1941624434294715e-01,3.7832913152926889e-01,7.5668021591970124e-03,1.0000000000000000e+00,
1.0042496324795547e+00,-2.1792966361139122e-02,9.9999999999999678e-01,-2.2127895499476385e-12,-1.9254921197557318e+00,-1.2636758888279727e+00,1.6717431421953144e-04,-4.1268028177198143e-03,1.0000000000000000e+00,
1.0081720918089059e+00,-1.9997113437975793e-03,1.0000000000000022e+00,-8.6253656065833254e-14,-5.3046188314069964e-01,-1.2520758373582779e+00,4.7799794376107707e-06,-5.1964843380814113e-03,1.0000000000000000e+00,
1.0027169428844176e+00,2.4251256284583693e-03,1.0000000000000051e+00,1.8765343220669123e-13,-5.6866614592473823e-02,-3.5000581775017559e-01,1.4117607266550536e-05,-3.4200800627968700e-03,1.0000000000000000e+00,
1.0006355883434279e+00,1.7637623246357622e-03,1.0000000000000029e+00,1.9927632219619317e-13,2.6362539831510028e-02,-5.0420922662948384e-02,4.8271791945608822e-08,-9.6962428828654252e-04,1.0000000000000000e+00,
1.0001529824235134e+00,9.2079428579837071e-04,1.0000000000000018e+00,2.3850407892609936e-13,8.1596218713281699e-03,-7.5334396340358788e-05,8.4651851254419208e-06,-3.3917320253926012e-04,1.0000000000000000e+00,
1.0000412399128769e+00,4.2882471875583535e-04,1.0000000000000016e+00,2.6422194894637382e-13,1.9692886215138586e-03,3.4337457094269093e-03,4.1786610989425974e-05,-1.5183478823164949e-04,1.0000000000000000e+00,
1.0000137319174269e+00,1.5601116791680222e-04,1.0000000000000011e+00,2.8028813408792521e-13,-2.3443179845211769e-04,-1.9598280008990601e-05,2.5187678915337443e-05,-5.5492795539592091e-05,1.0000000000000000e+00,
1.0000267019296605e+00,-7.1144164967678641e-02,9.9999999999994948e-01,-1.2024132970221300e-12,-9.2149291544853629e+00,5.9460980546961073e-01,1.5089422635809813e+00,1.1358461638488734e-02,1.0000000000000000e+00,
1.0131395939975396e+00,-7.1034961851364334e-02,9.9999999999997957e-01,-2.4475673047444720e-12,-1.1574591280630928e+01,-1.1503595401301631e+01,5.4670927251976309e-04,-4.4562527203935123e-02,1.0000000000000000e+00,
1.0001186391241479e+00,1.1370825297600626e-04,9.9999999999998779e-01,-1.7108998374875988e-13,-4.8890791026643082e-01,-7.6690529475464668e+00,9.0036052999287186e-05,-3.9200659567739334e-02,1.0000000000000000e+00,
9.9569999385462338e-01,6.3939021209535075e-03,9.9999999999999112e-01,1.8601923447512378e-13,4.9879390313823588e-02,-3.4066871445099250e-01,7.5486529665935720e-06,-4.8328014278333897e-03,1.0000000000000000e+00,
9.9616521186894658e-01,2.9010965011302160e-03,9.9999999999999734e-01,1.9829414374733458e-13,-1.8062502132294544e-02,2.3818128201741815e-02,6.5815563561610890e-06,-9.5366521275563486e-04,1.0000000000000000e+00,
9.9799083916529696e-01,1.1567663084604662e-03,9.9999999999999800e-01,2.3858483690189914e-13,-1.8075755434423569e-02,1.7539012570971867e-02,1.6074746297320419e-04,-2.0241616185009777e-04,1.0000000000000000e+00,
9.9905154363326709e-01,4.7791555077254772e-04,9.9999999999999822e-01,2.6428419490344496e-13,-1.1722370364068870e-02,6.3792037290881995e-03,8.1958787355798646e-05,-4.0147813037747689e-05,1.0000000000000000e+00,
9.9954633998245201e-01,1.6669919058233162e-04,9.9999999999999933e-01,2.8032731379061490e-13,-6.7306243268237375e-03,-1.0582454189558357e-05,3.9467158698559129e-05,-7.2356810645364115e-06,1.0000000000000000e+00,
8.3488567612077769e-01,-1.4148456498407228e-01,9.9999999999958777e-01,-1.8379899643277342e-12,-1.5828487652507969e+01,5.2181620966809250e-01,3.8971439812367920e-01,2.8025382991944320e-02,1.0000000000000000e+00,
-8.0626975517999988e-01,-6.5920783208564138e-01,0.0000000000000000e+00,-2.4581908598669263e-12,-6.3532762171680952e+02,-4.3056447661740924e+02,0.0000000000000000e+00,-9.9114601148270809e-01,0.0000000000000000e+00,
1.1835944214010545e-01,2.4784596539474809e-03,9.9999999999992883e-01,-2.9949408444861257e-13,-4.1258091115116521e+01,-1.9210462271095949e+01,4.0294453844680334e-04,-1.3774966452218346e-01,1.0000000000000000e+00,
9.6137040494701020e-01,3.7884973887216913e-04,9.9999999999997857e-01,1.6614282486291852e-13,-2.5905408654196860e+00,2.0669127304842605e-02,4.2310358737748105e-04,-2.6879360298638407e-03,1.0000000000000000e+00,
9.9011981795937876e-01,1.1119736785373845e-04,9.9999999999999545e-01,1.9743651023316956e-13,-3.3157517795713426e-01,3.4633906985530359e-03,5.3147036737049951e-05,3.5000369315526581e-04,1.0000000000000000e+00,
9.9639973999921727e-01,4.1348323926941637e-05,9.9999999999999778e-01,2.3866258354180238e-13,-7.8107440385826191e-02,8.6328617391023387e-04,1.0901452532845841e-05,1.6245263229047513e-04,1.0000000000000000e+00,
9.9849852973415154e-01,1.6599897218754067e-05,9.9999999999999833e-01,2.6438560001337487e-13,-2.5797967608297827e-02,2.4234787421434356e-04,3.1229151773782583e-06,6.1332358533238731e-05,1.0000000000000000e+00,
9.9931756555829376e-01,5.7335609976904957e-06,9.9999999999999944e-01,2.8039472341941596e-13,-1.1512346730223801e-02,3.3381418671175891e-07,1.4485969621793183e-06,-1.1586584607542665e-07,1.0000000000000000e+00,
8.3488567612078102e-01,1.6283389838697704e-04,9.9999999999943623e-01,-1.9078214700981558e-12,-1.5828487652509002e+01,-4.8044580626740355e+01,3.8971439812406072e-01,2.8025382991934071e-02,1.0000000000000000e+00,
-8.0626975517991284e-01,-7.5986816371230015e-01,0.0000000000000000e+00,-2.6956394159811986e-12,-6.3532762171677643e+02,-5.3187642160811913e+02,0.0000000000000000e+00,-9.9114601148257964e-01,0.0000000000000000e+00,
1.1835944214011225e-01,-5.9294402417525049e-01,9.9999999999984046e-01,-3.0080443298750017e-13,-4.1258091115114617e+01,-1.8271070432523402e+02,4.0294453776956729e-04,-1.3774966452218312e-01,1.0000000000000000e+00,
9.6137040494700998e-01,-2.7471494798642332e-02,9.9999999999998712e-01,1.6762068572245663e-13,-2.5905408654195647e+00,-2.1988566330192287e+00,4.2310358793675590e-04,-2.6879360298691759e-03,1.0000000000000000e+00,
9.9011981795937820e-01,-7.5076587462403026e-03,9.9999999999999756e-01,1.9741799570011059e-13,-3.3157517795662117e-01,-2.7789333553809292e-01,5.3147037422775299e-05,3.5000369315355749e-04,1.0000000000000000e+00,
9.9639973999921694e-01,-2.6344852069550644e-03,9.9999999999999922e-01,2.3867168923630431e-13,-7.8107440385872931e-02,-6.4195508681528152e-02,1.0901452063836244e-05,1.6245263228964262e-04,1.0000000000000000e+00,
9.9849852973415210e-01,-1.0479647605162656e-03,9.9999999999999944e-01,2.6439213338577536e-13,-2.5797967608623597e-02,-1.8908315390865186e-02,3.1229153891256531e-06,6.1332358532847334e-05,1.0000000000000000e+00,
9.9931756555829387e-01,-4.3106913780757391e-04,9.9999999999999922e-01,2.8039696922888387e-13,-1.1512346730175926e-02,-5.6482518134591177e-03,1.4485980077771172e-06,-1.1586584606974714e-07,1.0000000000000000e+00,
1.0000267019296594e+00,6.6731101800274423e-04,9.9999999999945399e-01,-1.3589324681748178e-12,-9.2149291544860024e+00,-6.5456013458040232e+00,1.5089422635819902e+00,1.1358461638481442e-02,1.0000000000000000e+00,
1.0131395939975416e+00,-2.8059844019455597e-02,1.0000000000000158e+00,-2.7061566318988433e-12,-1.1574591280630509e+01,-2.8126770607455702e+00,5.4670927188693597e-04,-4.4562527203950937e-02,1.0000000000000000e+00,
1.0001186391241510e+00,-4.3471530665078729e-02,9.9999999999999734e-01,-1.9527509427442163e-13,-4.8890791026657543e-01,-8.9114461457538752e-01,9.0036055542391802e-05,-3.9200659567753024e-02,1.0000000000000000e+00,
9.9569999385462704e-01,-2.4757904545661426e-02,9.9999999999999722e-01,1.8747331819381987e-13,4.9879390314798960e-02,-8.7474271971318907e-01,7.5486532913338067e-06,-4.8328014278399660e-03,1.0000000000000000e+00,
9.9616521186894869e-01,-7.8101460667170620e-03,1.0000000000000022e+00,1.9791232947298572e-13,-1.8062502132133142e-02,-2.5506828879395332e-01,6.5815575933658721e-06,-9.5366521276029096e-04,1.0000000000000000e+00,
9.9799083916529863e-01,-3.1264687004073600e-03,1.0000000000000013e+00,2.3871032049279713e-13,-1.8075755435108060e-02,-6.4628942144697540e-02,1.6074746265089257e-04,-2.0241616185350469e-04,1.0000000000000000e+00,
9.9905154363326842e-01,-1.3699720431652024e-03,1.0000000000000009e+00,2.6429685285797661e-13,-1.1722370364176157e-02,-2.0488980935875919e-02,8.1958787135575500e-05,-4.0147813039929022e-05,1.0000000000000000e+00,
9.9954633998245157e-01,-5.9347300584399528e-04,9.9999999999999800e-01,2.8034239306534211e-13,-6.7306243271630373e-03,-6.6543179142555583e-03,3.9467160216181962e-05,-7.2356810649411383e-06,1.0000000000000000e+00,
1.0000079406421938e+00,1.7725112226116407e-04,9.9999999999959333e-01,-1.3834600239303602e-12,-1.8892111610967064e+00,-1.9721699052118236e+00,3.7832913152882408e-01,7.5668021591892478e-03,1.0000000000000000e+00,
1.0042496324795565e+00,1.6414967708475608e-03,1.0000000000000084e+00,-2.7507605953115131e-12,-1.9254921197548651e+00,-3.8970441093403757e-01,1.6717431372062497e-04,-4.1268028177291263e-03,1.0000000000000000e+00,
1.0081720918089079e+00,-8.8245218777356204e-03,1.0000000000000044e+00,-1.3509007616632651e-13,-5.3046188314165776e-01,2.1000012368592264e-01,4.7799795847153215e-06,-5.1964843380896530e-03,1.0000000000000000e+00,
1.0027169428844194e+00,-8.8304543604023397e-03,1.0000000000000040e+00,1.8828773332419613e-13,-5.6866614591866413e-02,-6.3735167436273776e-03,1.4117605477703687e-05,-3.4200800628025902e-03,1.0000000000000000e+00,
1.0006355883434284e+00,-5.9200736642909275e-03,1.0000000000000049e+00,1.9846166010492865e-13,2.6362539831383723e-02,-3.3464177765246871e-02,4.8271487328166440e-08,-9.6962428829075920e-04,1.0000000000000000e+00,
1.0001529824235122e+00,-2.9263793596700561e-03,1.0000000000000029e+00,2.3855561611082537e-13,8.1596218703393793e-03,-3.0481113950128088e-02,8.4651841820992946e-06,-3.3917320254401369e-04,1.0000000000000000e+00,
1.0000412399128764e+00,-1.3477224993122797e-03,1.0000000000000009e+00,2.6418170681982542e-13,1.9692886222523083e-03,-1.6014867337503420e-02,4.1786611102660048e-05,-1.5183478823407084e-04,1.0000000000000000e+00,
1.0000137319174260e+00,-5.9052800312036832e-04,9.9999999999999600e-01,2.8027294621101182e-13,-2.3443179900023187e-04,-6.0843844710985499e-03,2.5187678993855364e-05,-5.5492795540264283e-05,1.0000000000000000e+00,
1.0000042182807183e+00,4.2160259194882811e-06,9.9999999999889111e-01,-1.4000289541624710e-12,-5.6834335731732821e-01,-5.1727669850348368e-01,9.2129708338511591e-03,6.4897938708330409e-03,1.0000000000000000e+00,
1.0025283604414386e+00,7.3292240352634187e-05,9.9999999999892786e-01,-2.7904068453985326e-12,-6.0001958166193470e-01,-1.7007534800498517e-01,1.0156188981614959e-04,1.8903828908847901e-03,1.0000000000000000e+00,
1.0069677629371430e+00,-2.0777053131483983e-03,9.9999999999962830e-01,-1.4020294581308468e-13,-4.0922896724624169e-01,5.3291594496796858e-03,9.0398931519228287e-06,-5.3498123803889688e-04,1.0000000000000000e+00,
1.0045715965202642e+00,-2.6737240073709673e-03,9.9999999999989941e-01,1.8676133499705039e-13,-1.3226007297643305e-01,2.1569625207156374e-03,1.7582845539786118e-07,-7.1622585584978429e-04,1.0000000000000000e+00,
1.0022331437085061e+00,-2.5107541254838278e-03,9.9999999999992772e-01,1.9712291428336047e-13,-1.5246981208521648e-02,2.8671980746054759e-04,5.6564009622006584e-07,-6.2300958701195846e-04,1.0000000000000000e+00,
1.0010462042729049e+00,-1.6014047553865008e-03,9.9999999999992473e-01,2.3777981899032880e-13,1.3109919733582524e-02,-5.4846725454949369e-03,7.0636691721498446e-08,-3.3887421876861642e-04,1.0000000000000000e+00,
1.0004981277289429e+00,-8.3399460435072811e-04,9.9999999999992895e-01,2.6370860195481529e-13,7.5278447435499487e-03,-5.4597592247443072e-03,3.4754226171094561e-06,-1.7847423719634584e-04,1.0000000000000000e+00,
1.0002681872876655e+00,-3.8653731167391536e-04,9.9999999999994604e-01,2.8000244151436240e-13,-6.0817132827567868e-04,-3.0045718975048796e-03,2.2971582453969923e-06,-7.1616753361050504e-05,1.0000000000000000e+00,

64,9
1.0034434107484325e+00,-4.2160259191354292e-06,1.0000000000000431e+00,2.2324083229595785e-12,-1.3318028545174915e-02,5.1727669850323910e-01,2.5565570407324323e+00,1.0559649978101302e-02,1.0000000000000000e+00,
1.0094413252976466e+00,-7.3292240352529385e-05,1.0000000000000273e+00,9.7892206071208910e-13,-3.3976650417213528e-01,1.7007534800531060e-01,3.0211767024346803e-01,7.0779607058845048e-03,1.0000000000000000e+00,
1.0096301992315848e+00,2.0777053131510615e-03,1.0000000000000286e+00,1.9508300208181552e-13,-8.1456253361837511e-02,-5.3291594492339486e-03,3.2183239861450878e-03,2.5933900792482435e-03,1.0000000000000000e+00,
1.0078244067848567e+00,2.6737240073716074e-03,1.0000000000000184e+00,2.0453733854231755e-13,2.6372292319272812e-02,-2.1569625207085250e-03,1.9149921243601792e-03,2.8359366302026484e-04,1.0000000000000000e+00,
1.0046302557642253e+00,2.5107541254847008e-03,1.0000000000000100e+00,2.4099997906363095e-13,3.0269182681564907e-02,-2.8671980724185317e-04,4.5798389472911927e-04,-3.2789810678592849e-04,1.0000000000000000e+00,
1.0025574358389591e+00,1.6014047553872882e-03,1.0000000000000062e+00,2.6552585603582036e-13,2.4280849893893765e-02,5.4846725453202823e-03,3.3330902562361906e-04,-1.6379755687631045e-04,1.0000000000000000e+00,
1.0012872114525717e+00,8.3399460435139826e-04,1.0000000000000107e+00,2.8119591917668941e-13,1.3181869939958703e-02,5.4597592246134821e-03,2.4080623068680742e-04,-6.2071641402563544e-05,1.0000000000000000e+00,
1.0006382894957402e+00,3.8653731167382835e-04,1.0000000000000420e+00,2.8649159695483806e-13,8.7826263957178109e-03,3.0045718975617798e-03,5.0483013485445871e-03,1.9005354084806780e-07,1.0000000000000000e+00,
1.0106636135528024e+00,-1.7725112226106069e-04,1.0000000000001152e+00,2.4241945575038281e-12,-2.5141890333922612e-02,1.9721699052121187e+00,7.5184640216396330e+00,2.1562004545047496e-02,1.0000000000000000e+00,
1.0220000226186954e+00,-1.6414967708475404e-03,1.0000000000000107e+00,1.0498848373793959e-12,-4.4707633948235653e-01,3.8970441093376990e-01,1.0941540149930233e+00,9.8140831553662333e-03,1.0000000000000000e+00,
1.0212060341886169e+00,8.8245218777353879e-03,1.0000000000000109e+00,1.8345613206905569e-13,3.5196928997391902e-01,-2.1000012368611329e-01,1.1703381491316722e-02,1.4696274965904168e-03,1.0000000000000000e+00,
1.0094485117160454e+00,8.8304543604023882e-03,1.0000000000000098e+00,1.9715769006211096e-13,3.4121498639257258e-01,6.3735167438351836e-03,8.1559811021349182e-03,-6.7425194262176716e-04,1.0000000000000000e+00,
1.0043381375005911e+00,5.9200736642910723e-03,1.0000000000000084e+00,2.3666025780799178e-13,1.3696911043094112e-01,3.3464177764662421e-02,7.2240313055589589e-04,-2.4410382339340662e-04,1.0000000000000000e+00,
1.0020708468680384e+00,2.9263793596698531e-03,1.0000000000000064e+00,2.6293080466446156e-13,3.4416437789005674e-02,3.0481113950332754e-02,3.2461289616800282e-04,-5.5235044418390063e-05,1.0000000000000000e+00,
1.0009594247941764e+00,1.3477224993119652e-03,1.0000000000000067e+00,2.7963578658566901e-13,1.3091348301210785e-02,1.6014867337389528e-02,1.6915261554645289e-04,-1.2262387087718912e-05,1.0000000000000000e+00,
1.0004558473944987e+00,5.9052800311992977e-04,1.0000000000000087e+00,2.8553766640498015e-13,7.0936189684212784e-03,6.0843844710536865e-03,7.5501260412204124e-03,7.3259937016286768e-08,1.0000000000000000e+00,
1.0329197572348456e+00,-6.6731101800254788e-04,1.0000000000001186e+00,2.6277986585133859e-12,-8.4707717169794569e-02,6.5456013458041413e+00,1.5914871242791950e+01,5.9613237693645391e-02,1.0000000000000000e+00,
1.0844851942703431e+00,2.8059844019455004e-02,1.0000000000000153e+00,1.0748232102033626e-12,3.5115674060945850e+00,2.8126770607460929e+00,1.9510638579637196e+00,1.9187859841307126e-02,1.0000000000000000e+00,
1.0625915084882074e+00,4.3471530665077758e-02,1.0000000000000115e+00,1.8382278519543582e-13,5.4338791665813053e+00,8.9114461457541139e-01,2.0324884109451102e-01,-3.8836353365999119e-03,1.0000000000000000e+00,
1.0094281523707647e+00,2.4757904545661093e-02,1.0000000000000060e+00,1.9664321999915740e-13,1.1578570981010443e+00,8.7474271971308837e-01,1.2235584539133093e-02,3.1783284072976477e-04,1.0000000000000000e+00,
1.0022434956737076e+00,7.8101460667162562e-03,1.0000000000000051e+00,2.3672722581785722e-13,1.5321124255963883e-01,2.5506828879361459e-01,4.3678213760736662e-03,3.8982863673811329e-04,1.0000000000000000e+00,
1.0004403941755311e+00,3.1264687004070261e-03,1.0000000000000024e+00,2.6304394849482231e-13,3.2157037182946303e-02,6.4628942144359033e-02,9.0368122092655823e-04,2.9503508410862195e-04,1.0000000000000000e+00,
1.0000729611080506e+00,1.3699720431648459e-03,1.0000000000000018e+00,2.7970491671323008e-13,6.6110315207149190e-03,2.0488980935591549e-02,2.4160115118642550e-04,1.4211535396986642e-04,1.0000000000000000e+00,
1.0000058941110821e+00,5.9347300584341501e-04,1.0000000000000022e+00,2.8559099429826243e-13,1.3269864175693125e-03,6.6543179141966089e-03,7.5666634122644426e-03,5.3147599133953100e-05,1.0000000000000000e+00,
1.0342966385283250e+00,-1.6283389838691459e-04,1.0000000000001263e+00,2.6160065217615454e-12,5.6798754242533356e+01,4.8044580626737627e+01,1.5491761564054347e+01,2.6419486717680091e-01,1.0000000000000000e+00,
1.4571372084974612e+00,7.5986816371230992e-01,1.0000000000004847e+00,1.7838794128278201e-12,7.4135109700884561e+02,5.3187642160799101e+02,2.5004138731179310e+03,5.0458696231478772e-01,1.0000000000000000e+00,
1.1038402139992591e+00,5.9294402417525138e-01,1.0000000000000862e+00,8.8026724171957479e-13,2.8088940555615505e+02,1.8271070432523061e+02,2.1829498975776730e+02,1.4400624894111808e-01,1.0000000000000000e+00,
9.9711620753969787e-01,2.7471494798641218e-02,9.9999999999999922e-01,1.9553874861962133e-13,1.1054654310864207e+00,2.1988566330186861e+00,1.4517904621227512e-01,1.2680356477533497e-02,1.0000000000000000e+00,
9.9772436950107857e-01,7.5076587462392826e-03,9.9999999999999967e-01,2.3672698960370444e-13,1.2633865056740435e-02,2.7789333553787721e-01,5.4562091284286740e-03,2.4166535291380198e-03,1.0000000000000000e+00,
9.9894277440904045e-01,2.6344852069538813e-03,9.9999999999999978e-01,2.6308312460217087e-13,-1.3647718970748353e-02,6.4195508681250124e-02,9.1181309097645991e-04,7.2065487072434380e-04,1.0000000000000000e+00,
9.9949950253715181e-01,1.0479647605148865e-03,1.0000000000000004e+00,2.7974134138956570e-13,-7.4540656557646719e-03,1.8908315390605890e-02,2.3099942704669918e-04,2.5896253164036298e-04,1.0000000000000000e+00,
9.9973135758259146e-01,4.3106913780646667e-04,1.0000000000000011e+00,2.8561837546174588e-13,3.7077070744136523e-04,5.6482518136383355e-03,5.3837048868120426e-03,8.6933634818678150e-05,1.0000000000000000e+00,
1.0342966385283290e+00,1.4148456498407816e-01,1.0000000000001887e+00,2.8644044310395449e-12,5.6798754242533960e+01,-5.2181620966802589e-01,1.5491761564055606e+01,2.6419486717680118e-01,1.0000000000000000e+00,
1.4571372084975001e+00,6.5920783208565414e-01,1.0000000000002982e+00,1.8598618097584294e-12,7.4135109700864393e+02,4.3056447661726401e+02,2.5004138731181865e+03,5.0458696231479694e-01,1.0000000000000000e+00,
1.1038402139992638e+00,-2.4784596539499794e-03,1.0000000000001028e+00,8.9705602277029744e-13,2.8088940555614289e+02,1.9210462271091842e+01,2.1829498975777085e+02,1.4400624894111336e-01,1.0000000000000000e+00,
9.9711620753970220e-01,-3.7884973887388878e-04,1.0000000000000080e+00,1.9577185395988812e-13,1.1054654310867791e+00,-2.0669127305683425e-02,1.4517904621259708e-01,1.2680356477533218e-02,1.0000000000000000e+00,
9.9772436950108079e-01,-1.1119736785532677e-04,1.0000000000000047e+00,2.3677823296105159e-13,1.2633865056817066e-02,-3.4633906988212242e-03,5.4562091280914438e-03,2.4166535291378259e-03,1.0000000000000000e+00,
9.9894277440904222e-01,-4.1348323928277645e-05,1.0000000000000027e+00,2.6308626711233416e-13,-1.3647718971312454e-02,-8.6328617402690487e-04,9.1181309095564322e-04,7.2065487072427582e-04,1.0000000000000000e+00,
9.9949950253715225e-01,-1.6599897219965802e-05,1.0000000000000016e+00,2.7973923947529427e-13,-7.4540656558556824e-03,-2.4234787468035263e-04,2.3099942676220453e-04,2.5896253164026627e-04,1.0000000000000000e+00,
9.9973135758259113e-01,-5.7335609984898906e-06,1.0000000000000011e+00,2.8561695635902609e-13,3.7077070742319097e-04,-3.3381403688010087e-07,5.3837048870581782e-03,8.6933634818536689e-05,1.0000000000000000e+00,
1.0329197572348507e+00,7.1144164967678933e-02,1.0000000000001292e+00,2.9406877382398427e-12,-8.4707717159277635e-02,-5.9460980546984321e-01,1.5914871242790701e+01,5.9613237693645210e-02,1.0000000000000000e+00,
1.0844851942703460e+00,7.1034961851364653e-02,1.0000000000000651e+00,1.2563118950438046e-12,3.5115674060955788e+00,1.1503595401302803e+01,1.9510638579635031e+00,1.9187859841296017e-02,1.0000000000000000e+00,
1.0625915084882145e+00,-1.1370825297570817e-04,1.0000000000000209e+00,1.8916031714471141e-13,5.4338791665822663e+00,7.6690529475472999e+00,2.0324884109468311e-01,-3.8836353366059170e-03,1.0000000000000000e+00,
1.0094281523707682e+00,-6.3939021209533237e-03,1.0000000000000058e+00,1.9978217599479046e-13,1.1578570981017298e+00,3.4066871445149327e-01,1.2235584536221533e-02,3.1783284072641003e-04,1.0000000000000000e+00,
1.0022434956737105e+00,-2.9010965011310149e-03,1.0000000000000058e+00,2.3679804284322546e-13,1.5321124255982180e-01,-2.3818128201663003e-02,4.3678213761576268e-03,3.8982863673528824e-04,1.0000000000000000e+00,
1.0004403941755324e+00,-1.1567663084615786e-03,1.0000000000000042e+00,2.6303955524449346e-13,3.2157037181723330e-02,-1.7539012571413406e-02,9.0368122100115134e-04,2.9503508410659422e-04,1.0000000000000000e+00,
1.0000729611080494e+00,-4.7791555077357321e-04,1.0000000000000027e+00,2.7971401321626709e-13,6.6110315207714258e-03,-6.3792037289551375e-03,2.4160115065004900e-04,1.4211535396860589e-04,1.0000000000000000e+00,
1.0000058941110808e+00,-1.6669919058236664e-04,1.0000000000000011e+00,2.8559609199669439e-13,1.3269864169589334e-03,1.0582454139857374e-05,7.5666634128585854e-03,5.3147599133686495e-05,1.0000000000000000e+00,
1.0106636135528044e+00,2.1850154172743382e-02,1.0000000000000824e+00,2.9811982077463990e-12,-2.5141890331275250e-02,-2.1941624434308246e-01,7.5184640216380911e+00,2.1562004545046285e-02,1.0000000000000000e+00,
1.0220000226186992e+00,2.1792966361137422e-02,1.0000000000000318e+00,1.2854541165242988e-12,-4.4707633948198938e-01,1.2636758888282968e+00,1.0941540149921991e+00,9.8140831553586404e-03,1.0000000000000000e+00,
1.0212060341886198e+00,1.9997113437985295e-03,1.0000000000000218e+00,1.9120842847357863e-13,3.5196928997454774e-01,1.2520758373582301e+00,1.1703381491121045e-02,1.4696274965841985e-03,1.0000000000000000e+00,
1.0094485117160477e+00,-2.4251256284557369e-03,1.0000000000000164e+00,2.0102363789172964e-13,3.4121498639287745e-01,3.5000581775014017e-01,8.1559811031507723e-03,-6.7425194262660357e-04,1.0000000000000000e+00,
1.0043381375005906e+00,-1.7637623246350861e-03,1.0000000000000104e+00,2.3676431682392475e-13,1.3696911043160048e-01,5.0420922662654577e-02,7.2240313068183681e-04,-2.4410382339675919e-04,1.0000000000000000e+00,
1.0020708468680373e+00,-9.2079428579799622e-04,1.0000000000000060e+00,2.6295114995597713e-13,3.4416437788889864e-02,7.5334396712749274e-05,3.2461289767964085e-04,-5.5235044420554084e-05,1.0000000000000000e+00,
1.0009594247941755e+00,-4.2882471875544764e-04,1.0000000000000042e+00,2.7965237085392670e-13,1.3091348302194312e-02,-3.4337457099431583e-03,1.6915261361345052e-04,-1.2262387088275632e-05,1.0000000000000000e+00,
1.0004558473944971e+00,-1.5601116791717353e-04,1.0000000000000016e+00,2.8555831748029491e-13,7.0936189694381412e-03,1.9598279539055319e-05,7.5501260407766268e-03,7.3259937187572474e-08,1.0000000000000000e+00,
1.0034434107484353e+00,7.0122776876518226e-03,1.0000000000002014e+00,3.0391779917077046e-12,-1.3318028545868110e-02,-6.0241083261539097e-03,2.5565570407319291e+00,1.0559649978096386e-02,1.0000000000000000e+00,
1.0094413252976486e+00,7.0235339962770307e-03,1.0000000000001756e+00,1.3091268168109397e-12,-3.3976650418065879e-01,2.2596904228831849e-01,3.0211767024305936e-01,7.0779607058766769e-03,1.0000000000000000e+00,
1.0096301992315873e+00,1.7449560319272000e-03,1.0000000000000819e+00,1.9682710669248935e-13,-8.1456253362857889e-02,2.6003745779911280e-01,3.2183239880954374e-03,2.5933900792430142e-03,1.0000000000000000e+00,
1.0078244067848572e+00,-5.3154667318945924e-05,1.0000000000000333e+00,2.0604349635593853e-13,2.6372292320313039e-02,1.8518093143324027e-01,1.9149921251730706e-03,2.8359366301367332e-04,1.0000000000000000e+00,
1.0046302557642237e+00,-5.3913721866404288e-05,1.0000000000000118e+00,2.3849355585009075e-13,3.0269182681859276e-02,4.8489548184906736e-02,4.5798389431521425e-04,-3.2789810678943767e-04,1.0000000000000000e+00,
1.0025574358389591e+00,-2.9696895465744258e-05,1.0000000000000062e+00,2.6393101801941792e-13,2.4280849893358221e-02,2.9339382066008468e-03,3.3330902709583551e-04,-1.6379755687922221e-04,1.0000000000000000e+00,
1.0012872114525713e+00,-1.4185732448179091e-05,1.0000000000000042e+00,2.8025072005219100e-13,1.3181869939652655e-02,-9.7218756562616093e-05,2.4080622879053511e-04,-6.2071641403828673e-05,1.0000000000000000e+00,
1.0006382894957400e+00,-5.2083568319750363e-06,1.0000000000000169e+00,2.8590991288541597e-13,8.7826263936961694e-03,1.8691612085962313e-05,5.0483013504826419e-03,1.9005354008614959e-07,1.0000000000000000e+00,

