1
1
8
0
(4 0
((248,224) (255,239) (0,0))
((224,240) (255,255) (0,0))
((0,248) (127,255) (0,0))
((128,248) (223,255) (0,0))
)
4
FabOnDisk: Cell_D_00000 0
FabOnDisk: Cell_D_00000 8280
FabOnDisk: Cell_D_00000 41136
FabOnDisk: Cell_D_00000 106758

4,8
-1.7160584376354349e-01,-6.2996225533736505e-01,9.9999990233234182e-01,0.0000000000000000e+00,-6.9066407764718152e-01,-4.6584053022739669e-01,1.7592894662195313e-01,1.0700176914527666e-02,
-7.9385344290376109e-02,-6.4323989352360411e-01,9.9659420077695515e-01,0.0000000000000000e+00,-6.9079064481241970e-01,-1.2190536228648696e-01,1.6963119718898412e-01,-4.0796876247249481e-02,
-8.0809251016821515e-02,3.8820184471538330e-05,9.9999999999826883e-01,0.0000000000000000e+00,-9.0687034649681664e-01,-4.0404142146847860e+01,3.8004042546498695e-02,-3.1173924232203049e-01,
3.7482565938656004e-01,-4.4256161030105685e-06,9.9999602769748874e-01,0.0000000000000000e+00,-5.7470452379307746e-01,-4.5486519592055963e-02,1.5886042118645193e+01,-2.1109676756537112e-02,

4,8
4.0695177553033181e-04,-2.7110374601192207e-02,1.0000000003351459e+00,0.0000000000000000e+00,2.7896328947679336e+00,2.2740721145855911e+00,4.5489082915249647e+01,5.6895470055993838e-02,
9.5924971039930285e-01,2.8640862309321322e-02,1.0034270723401479e+00,0.0000000000000000e+00,9.3888271148602612e+01,8.0290663118472210e+01,1.3699959991643109e+02,1.0973528323038049e+00,
9.5216516645855709e-01,2.4046107654475524e-01,1.0000000000042297e+00,0.0000000000000000e+00,5.4566287978253293e+01,2.0706734553060741e+01,1.4653855143851675e+02,-8.8509291595950841e-03,
9.5929539869553160e-01,6.3648331371146749e-03,1.0000404001317662e+00,0.0000000000000000e+00,3.9875944510675332e-02,7.6335926408771382e-01,2.3823657142613804e+01,-1.7307985295037004e-03,

