1
1
9
0
(113 0
((0,152) (15,167) (0,0))
((0,168) (15,175) (0,0))
((24,152) (39,167) (0,0))
((224,152) (239,167) (0,0))
((72,160) (87,167) (0,0))
((184,160) (191,167) (0,0))
((40,168) (55,183) (0,0))
((40,184) (55,191) (0,0))
((56,168) (71,183) (0,0))
((120,168) (127,175) (0,0))
((208,168) (215,175) (0,0))
((136,176) (151,191) (0,0))
((152,176) (167,191) (0,0))
((200,176) (215,191) (0,0))
((168,184) (175,199) (0,0))
((0,192) (15,207) (0,0))
((48,192) (55,199) (0,0))
((96,168) (111,183) (0,0))
((96,184) (111,199) (0,0))
((128,192) (135,207) (0,0))
((160,192) (167,207) (0,0))
((192,192) (207,207) (0,0))
((208,192) (215,207) (0,0))
((224,192) (239,207) (0,0))
((240,192) (247,207) (0,0))
((224,208) (239,223) (0,0))
((240,208) (247,223) (0,0))
((224,224) (239,231) (0,0))
((240,224) (247,231) (0,0))
((32,200) (39,215) (0,0))
((136,200) (143,215) (0,0))
((136,216) (143,231) (0,0))
((112,208) (127,223) (0,0))
((112,224) (127,231) (0,0))
((176,208) (183,223) (0,0))
((184,208) (199,223) (0,0))
((200,208) (215,223) (0,0))
((184,224) (199,231) (0,0))
((200,224) (215,231) (0,0))
((56,216) (71,231) (0,0))
((40,224) (47,231) (0,0))
((160,224) (167,239) (0,0))
((8,232) (15,239) (0,0))
((24,232) (31,239) (0,0))
((80,232) (95,247) (0,0))
((96,232) (111,247) (0,0))
((112,232) (119,247) (0,0))
((80,248) (95,263) (0,0))
((96,248) (111,263) (0,0))
((112,248) (119,263) (0,0))
((184,232) (191,247) (0,0))
((184,248) (191,263) (0,0))
((232,232) (247,239) (0,0))
((24,240) (39,255) (0,0))
((24,256) (39,263) (0,0))
((216,240) (231,247) (0,0))
((8,248) (23,263) (0,0))
((208,248) (223,263) (0,0))
((224,248) (239,263) (0,0))
((16,264) (23,279) (0,0))
((64,264) (79,279) (0,0))
((80,264) (95,279) (0,0))
((96,264) (111,279) (0,0))
((128,264) (135,271) (0,0))
((184,264) (199,271) (0,0))
((192,272) (207,287) (0,0))
((216,272) (231,287) (0,0))
((0,280) (7,295) (0,0))
((96,280) (111,295) (0,0))
((136,280) (151,295) (0,0))
((152,280) (167,295) (0,0))
((136,296) (151,311) (0,0))
((152,296) (167,311) (0,0))
((168,280) (175,287) (0,0))
((16,288) (31,303) (0,0))
((16,304) (31,311) (0,0))
((168,288) (183,303) (0,0))
((192,288) (207,295) (0,0))
((80,296) (95,311) (0,0))
((96,296) (103,311) (0,0))
((80,312) (95,319) (0,0))
((96,312) (103,319) (0,0))
((192,296) (199,303) (0,0))
((200,296) (215,311) (0,0))
((216,296) (223,311) (0,0))
((56,304) (63,319) (0,0))
((56,320) (63,335) (0,0))
((56,336) (63,351) (0,0))
((56,352) (63,359) (0,0))
((184,304) (191,311) (0,0))
((16,312) (31,327) (0,0))
((32,312) (47,327) (0,0))
((48,312) (55,327) (0,0))
((120,312) (135,327) (0,0))
((120,328) (135,335) (0,0))
((184,312) (199,327) (0,0))
((200,312) (207,327) (0,0))
((208,312) (215,319) (0,0))
((136,320) (143,327) (0,0))
((160,320) (167,327) (0,0))
((0,328) (7,335) (0,0))
((8,328) (23,343) (0,0))
((32,328) (47,343) (0,0))
((88,328) (95,343) (0,0))
((136,328) (151,343) (0,0))
((152,328) (167,343) (0,0))
((184,328) (199,343) (0,0))
((208,328) (223,343) (0,0))
((224,328) (231,343) (0,0))
((8,344) (15,351) (0,0))
((16,344) (31,359) (0,0))
((32,344) (39,359) (0,0))
((48,344) (55,359) (0,0))
)
113
FabOnDisk: Cell_D_00001 0
FabOnDisk: Cell_D_00001 18517
FabOnDisk: Cell_D_00001 27818
FabOnDisk: Cell_D_00000 0
FabOnDisk: Cell_D_00001 46336
FabOnDisk: Cell_D_00000 18520
FabOnDisk: Cell_D_00001 55638
FabOnDisk: Cell_D_00001 74156
FabOnDisk: Cell_D_00001 83458
FabOnDisk: Cell_D_00001 101976
FabOnDisk: Cell_D_00000 23216
FabOnDisk: Cell_D_00000 27912
FabOnDisk: Cell_D_00000 46432
FabOnDisk: Cell_D_00000 64952
FabOnDisk: Cell_D_00000 83472
FabOnDisk: Cell_D_00001 106672
FabOnDisk: Cell_D_00001 125189
FabOnDisk: Cell_D_00001 129883
FabOnDisk: Cell_D_00001 148402
FabOnDisk: Cell_D_00000 92776
FabOnDisk: Cell_D_00000 102080
FabOnDisk: Cell_D_00000 111384
FabOnDisk: Cell_D_00000 129904
FabOnDisk: Cell_D_00000 139208
FabOnDisk: Cell_D_00000 157728
FabOnDisk: Cell_D_00000 167032
FabOnDisk: Cell_D_00000 185552
FabOnDisk: Cell_D_00000 194856
FabOnDisk: Cell_D_00003 0
FabOnDisk: Cell_D_00001 166921
FabOnDisk: Cell_D_00000 204160
FabOnDisk: Cell_D_00000 213464
FabOnDisk: Cell_D_00001 176223
FabOnDisk: Cell_D_00001 194743
FabOnDisk: Cell_D_00000 222768
FabOnDisk: Cell_D_00000 232072
FabOnDisk: Cell_D_00000 250592
FabOnDisk: Cell_D_00000 269112
FabOnDisk: Cell_D_00000 278416
FabOnDisk: Cell_D_00001 204047
FabOnDisk: Cell_D_00001 222565
FabOnDisk: Cell_D_00000 287720
FabOnDisk: Cell_D_00001 227259
FabOnDisk: Cell_D_00001 231952
FabOnDisk: Cell_D_00001 236646
FabOnDisk: Cell_D_00001 255164
FabOnDisk: Cell_D_00001 273683
FabOnDisk: Cell_D_00001 282987
FabOnDisk: Cell_D_00001 301505
FabOnDisk: Cell_D_00000 297024
FabOnDisk: Cell_D_00000 306328
FabOnDisk: Cell_D_00000 315632
FabOnDisk: Cell_D_00003 4696
FabOnDisk: Cell_D_00001 320024
FabOnDisk: Cell_D_00003 14000
FabOnDisk: Cell_D_00000 324936
FabOnDisk: Cell_D_00001 338542
FabOnDisk: Cell_D_00000 334240
FabOnDisk: Cell_D_00003 23302
FabOnDisk: Cell_D_00003 41822
FabOnDisk: Cell_D_00003 51124
FabOnDisk: Cell_D_00003 69642
FabOnDisk: Cell_D_00003 88160
FabOnDisk: Cell_D_00002 0
FabOnDisk: Cell_D_00002 4696
FabOnDisk: Cell_D_00002 14000
FabOnDisk: Cell_D_00002 32520
FabOnDisk: Cell_D_00003 106679
FabOnDisk: Cell_D_00003 115979
FabOnDisk: Cell_D_00002 51040
FabOnDisk: Cell_D_00002 69560
FabOnDisk: Cell_D_00002 88080
FabOnDisk: Cell_D_00002 106600
FabOnDisk: Cell_D_00002 125120
FabOnDisk: Cell_D_00003 134498
FabOnDisk: Cell_D_00003 153016
FabOnDisk: Cell_D_00002 129816
FabOnDisk: Cell_D_00002 148336
FabOnDisk: Cell_D_00003 162318
FabOnDisk: Cell_D_00003 180836
FabOnDisk: Cell_D_00003 190139
FabOnDisk: Cell_D_00003 199441
FabOnDisk: Cell_D_00002 157640
FabOnDisk: Cell_D_00002 162336
FabOnDisk: Cell_D_00002 180856
FabOnDisk: Cell_D_00003 204136
FabOnDisk: Cell_D_00003 213438
FabOnDisk: Cell_D_00002 190160
FabOnDisk: Cell_D_00002 199462
FabOnDisk: Cell_D_00002 204156
FabOnDisk: Cell_D_00003 222740
FabOnDisk: Cell_D_00003 241258
FabOnDisk: Cell_D_00003 259776
FabOnDisk: Cell_D_00003 269078
FabOnDisk: Cell_D_00002 208852
FabOnDisk: Cell_D_00002 218156
FabOnDisk: Cell_D_00002 236676
FabOnDisk: Cell_D_00002 245980
FabOnDisk: Cell_D_00002 250676
FabOnDisk: Cell_D_00002 255372
FabOnDisk: Cell_D_00003 287598
FabOnDisk: Cell_D_00003 292290
FabOnDisk: Cell_D_00003 310807
FabOnDisk: Cell_D_00002 260068
FabOnDisk: Cell_D_00002 269370
FabOnDisk: Cell_D_00002 287890
FabOnDisk: Cell_D_00002 306410
FabOnDisk: Cell_D_00002 324930
FabOnDisk: Cell_D_00002 343450
FabOnDisk: Cell_D_00003 329325
FabOnDisk: Cell_D_00003 334018
FabOnDisk: Cell_D_00003 352536
FabOnDisk: Cell_D_00002 352754

113,9
4.0683812280582976e-01,-1.1030224883753215e+00,9.9992954891734598e-01,5.0429910655404196e-15,-1.1179600899631623e+04,-7.5072874892877007e+04,1.9650054954517131e+00,-7.1678332609795393e+02,1.0000000000000000e+00,
5.4540435875374860e-01,-9.0581607250685525e-01,9.9995213526731597e-01,5.0314195843534623e-15,2.5239266281307209e+03,-1.3819257663569151e+05,7.6536253624595929e+00,-8.3518168472868740e+02,1.0000000000000000e+00,
-5.2723763935596510e-02,-4.0298519680636563e-01,9.9986783493154374e-01,2.4758518335264071e-13,-8.6936771380956634e+04,-3.3716350119467970e+05,8.4445824198908781e+00,-7.8323821181957180e+02,1.0000000000000000e+00,
2.1952248348704809e-02,-5.2491933073235075e-01,9.9999894528523359e-01,2.1369466115086153e-12,-3.3094330818168237e+04,-1.8556031099573011e+05,3.1673906225449855e-01,-2.9582700634688160e+02,1.0000000000000000e+00,
3.1243084789026554e-01,-3.0161589601946565e-01,9.9999814809660459e-01,7.3379184980000072e-13,-3.4397243321366841e+04,-1.6004196832375310e+05,2.2225017749412928e+00,-7.4311325378214644e+02,1.0000000000000000e+00,
-5.3212768314977558e-03,5.2818746288840313e-02,9.9999999978075094e-01,1.8033802873193363e-12,5.8375459615024738e+03,-1.0823876072865387e+05,1.9296986183448553e+01,-3.5519523335444524e+02,1.0000000000000000e+00,
6.6454715740046841e-02,-1.7514315240804118e-01,9.9986619354051720e-01,4.0766535969550827e-13,-2.6088116634069593e+03,-3.0325817247398809e+05,2.4418794765782650e+00,-1.0100748320764590e+03,1.0000000000000000e+00,
-1.0248915649393228e-01,-8.2797255950310247e-02,9.9999296910185298e-01,4.0631465187783082e-13,-1.4148053929071466e+04,-1.6216268277906202e+05,1.6579429566196609e+01,-1.0061700466254613e+03,1.0000000000000000e+00,
9.5380599359202178e-02,-7.2419363992557628e-01,9.9998842126949183e-01,5.6949794483639447e-13,-6.8901861325610662e+04,-1.5704571525280480e+05,2.7586167974591547e+00,-7.7708706342941025e+02,1.0000000000000000e+00,
4.0630681076653696e-01,-2.2274778684447860e-01,9.9999999161216813e-01,1.2126652624934852e-12,-2.3226642360594997e+04,-1.6051693683540070e+05,5.8406363804109247e+01,-5.3524793832015962e+02,1.0000000000000000e+00,
-1.4980444649831573e-01,-6.1542386142252004e-01,9.9987136104813679e-01,2.0079170230337853e-12,9.2166762652949546e+04,-6.5822452124304255e+04,4.6250718808062970e+01,-4.5440375288617861e+02,1.0000000000000000e+00,
-1.3917621785156678e-01,-6.5319197652305139e-01,9.9988094808371153e-01,1.3679582407509862e-12,-2.4442275228424114e+04,-1.2098845573333674e+05,2.6019484760677614e-01,-6.6054193620501314e+02,1.0000000000000000e+00,
4.6066653234493288e-01,-1.1174723599045941e-01,9.9974174410075423e-01,1.5180109353469337e-12,-4.7921958265863941e+04,-1.3258199060205661e+05,3.5925549224551290e-01,-5.6877239589478290e+02,1.0000000000000000e+00,
-2.3526619378057620e-01,-6.7569871153822736e-01,9.9975189746969084e-01,1.9418364562294896e-12,4.5342726498571574e+04,-9.7543665725785831e+04,3.8178801486196789e+00,-6.1987881563148107e+02,1.0000000000000000e+00,
6.2139302735033992e-02,1.0403022328774034e-02,9.9999766992739592e-01,1.6649792425401599e-12,-1.0809098779051419e+05,-1.8089878857426374e+05,1.8253203766798777e+01,-6.0279227644523246e+02,1.0000000000000000e+00,
1.7047239272754494e-01,-6.4834142600798450e-01,9.9999992172138097e-01,4.9592884374777849e-15,-4.6954549037062679e+04,-1.5759027916392806e+05,2.4952093868853353e-01,-1.0750096936712712e+03,1.0000000000000000e+00,
3.1307266131888828e-01,-1.1582065171646193e-01,9.9999848848742656e-01,4.8496826443477566e-13,7.4699670946292463e+04,-2.2665178322191787e+05,1.0953209722185647e+01,-9.8670883950603059e+02,1.0000000000000000e+00,
1.4695164538408259e-01,-5.6869029844334218e-01,9.9999681868980617e-01,9.7541970302409813e-13,2.0749902100146574e+04,-2.0910812978477770e+05,1.4190614337787792e+00,-9.0275848941139225e+02,1.0000000000000000e+00,
2.8140443302336776e-01,-3.0743698942845127e-01,9.9998059948983009e-01,9.7555493930075608e-13,2.5348639793702750e+04,-1.8708141995710757e+05,7.5788167700284248e+00,-9.2146005873912873e+02,1.0000000000000000e+00,
3.6815778917791919e-01,-5.6784367340131081e-01,9.9969406069451994e-01,1.2948428736180617e-12,1.7697853041453345e+04,-1.5327354216140666e+05,5.8195615163469938e-01,-7.5010653166053180e+02,1.0000000000000000e+00,
1.3433005516415089e-01,-2.2248122009772300e-01,9.9994457984019014e-01,1.5944550644917439e-12,2.0282274259086989e+04,-4.2684621369189699e+04,1.5526746124784097e+01,-5.8769332909108880e+02,1.0000000000000000e+00,
-1.5819969172081685e-01,-4.0152250337196549e-01,9.9999277812828291e-01,1.8757961817858799e-12,5.5636022565710300e+04,-2.5473999018754694e+04,3.5392657793278204e-01,-7.2558942122397946e+02,1.0000000000000000e+00,
1.4567115020992072e-01,-2.1746775813598185e-01,9.9998041981865682e-01,2.0098446821612371e-12,1.0349841217524663e+05,-6.0459112879709573e+04,4.2846529954904327e+00,-3.3478452296543958e+02,1.0000000000000000e+00,
-2.4128136976636946e-01,-6.6095816958990750e-01,9.9999999532574546e-01,2.1392747341460786e-12,-5.9557006994364201e+04,-1.6210841407031839e+05,1.2948984784718363e+00,-3.3925907803016855e+02,1.0000000000000000e+00,
7.9204768501056766e-01,-6.2493880290688497e-01,1.0000000000001521e+00,2.2638450773229856e-12,1.1205918338478659e+04,4.3878093404928222e+03,1.6965959547448151e+01,-1.1583077738890017e+02,1.0000000000000000e+00,
-1.5220979408048874e-01,-6.6341837707418905e-01,9.9999990257211357e-01,2.1405582060906263e-12,1.1552489738656295e+05,-3.7143750249274308e+04,8.4160376545656845e-01,-3.9805477196041079e+02,1.0000000000000000e+00,
2.6528295048388612e-01,-5.4591832485171654e-01,9.9999999999986267e-01,2.2649606869588616e-12,1.1303906539478194e+05,-2.8507833757175831e+02,3.2071199562272383e+01,-3.6199289029931833e+01,1.0000000000000000e+00,
5.5898205237755927e-01,1.2839761997118469e-02,9.9998774734103846e-01,2.1419319421242343e-12,2.0257390509688412e+04,-1.4201433285332168e+05,1.1892377362669379e+01,-3.9828935982508608e+02,1.0000000000000000e+00,
9.5640972140162539e-01,-5.2770957106195526e-01,9.9999999987917687e-01,2.2661578520691015e-12,1.4562012784267572e+05,8.1878735384714673e+03,2.6839733147545246e+00,-2.6707488880148617e+01,1.0000000000000000e+00,
-2.3580567400550920e-01,-1.2278020352534534e-01,9.9998395556144626e-01,3.2118867468254214e-13,5.0808290275381296e+04,-1.6196107671811624e+05,5.1620939473202725e+00,-1.1058112912255756e+03,1.0000000000000000e+00,
-1.9515477557174732e-01,-2.7470907171570491e-01,9.9984681129700426e-01,1.3741907232499777e-12,-1.6775174901893479e+03,-1.6510766112886777e+05,5.4532849445850644e+00,-5.5546090751155702e+02,1.0000000000000000e+00,
3.8348994220328982e-02,-1.6237016152872208e-01,9.9998873028673130e-01,1.3815894159518263e-12,4.0821349027784890e+03,-7.4044776849965274e+04,9.7067829201833433e+00,-5.4936003654527565e+02,1.0000000000000000e+00,
1.5705555528276588e-01,-4.3294413141552485e-01,9.9982805668448171e-01,1.1422921493688123e-12,3.8236184535633947e+04,-2.7294339477189205e+05,5.7025313891763290e+00,-9.8156781660573915e+02,1.0000000000000000e+00,
-7.8142093976881780e-02,-4.7548384740369015e-01,9.9961835590587711e-01,1.1539362250250532e-12,4.0072352256131126e+03,8.2046964919078164e+03,3.1843608666687118e+00,-9.7185725469641625e+02,1.0000000000000000e+00,
4.6883626748706020e-01,-2.5448868055214646e-01,9.9999475185795272e-01,1.7401916737714516e-12,4.3373482892056927e+02,-1.0959248293743149e+05,2.4586558801793785e+00,-8.1849618656887185e+02,1.0000000000000000e+00,
5.4883578524268539e-01,-3.2722912768936491e-01,9.9999559936208959e-01,1.8095489108115932e-12,-7.7609341601200867e+03,-1.0345873714981572e+05,2.2992034581366596e+00,-7.6709505515784429e+02,1.0000000000000000e+00,
-3.1149919510289534e-02,-7.6392239092645187e-01,9.9999910156878025e-01,1.9452018925635406e-12,8.9090346874963143e+04,-6.1591586696349259e+04,3.2341888635209557e+00,-5.0367826935292680e+02,1.0000000000000000e+00,
-4.1786867598696653e-01,-5.9410143000763005e-01,9.9997899333539442e-01,1.8120873147484137e-12,3.0904508361055923e+04,-9.2997001601269585e+04,9.1792473872804976e+00,-8.3542694717975201e+02,1.0000000000000000e+00,
6.9012709711322406e-01,-7.4300846135081844e-01,9.9998997945917734e-01,1.9470649572789071e-12,-2.0796677339020243e+04,-2.4488458765233227e+05,8.9859124974492488e-01,-4.5600476562720849e+02,1.0000000000000000e+00,
3.3949070415306537e-01,-4.4390748382397255e-01,9.9995384057042336e-01,5.4886682620462140e-13,-6.0137714149997919e+03,-2.1915360085294378e+05,5.0120191724681717e+00,-1.2312777542605318e+03,1.0000000000000000e+00,
3.0495147419101398e-01,-3.4880638170335548e-01,9.9995839627765271e-01,3.9498599595837168e-13,3.2133318617407349e+04,-1.0681236947809521e+05,7.9507915423748841e+01,-1.2650652434293943e+03,1.0000000000000000e+00,
-9.8561514166812678e-02,-8.5827196808837436e-01,9.9999636247566714e-01,1.6030628895968462e-12,-7.7794154980147141e+03,-7.6616522298534983e+04,2.6757904311711656e-01,-7.7947732190396221e+02,1.0000000000000000e+00,
-9.8539188560868379e-02,-6.7786650892149844e-02,9.9999997957279541e-01,8.2882578054615755e-14,6.3590180340802181e+04,-1.2818257899132223e+05,6.4584594135067448e+00,-1.8068329643224733e+03,1.0000000000000000e+00,
-4.9571824697392813e-01,-2.3278098276556913e-01,9.9996953292595891e-01,2.3856728930862618e-13,1.0683897770354961e+05,-1.4383717200730171e+05,2.5265801919539399e+00,-1.6124781339953770e+03,1.0000000000000000e+00,
-1.7038468368770138e-01,-8.1196171371394588e-01,0.0000000000000000e+00,0.0000000000000000e+00,-1.1317202073441877e+04,-2.7051910242674057e+05,0.0000000000000000e+00,-1.2565394259812838e+03,0.0000000000000000e+00,
-6.4560430142034975e-01,-6.8595289031090478e-01,0.0000000000000000e+00,0.0000000000000000e+00,-2.0655677781945269e+04,0.0000000000000000e+00,0.0000000000000000e+00,-9.1609438929023736e+02,0.0000000000000000e+00,
-3.7620345262878868e-01,-4.5650741278900253e-01,9.9997191402240637e-01,1.1663204520649656e-12,9.9095139092973841e+04,4.6769103671089397e+03,8.0152749571559525e+00,-8.3095730747854827e+02,1.0000000000000000e+00,
-5.8775055182979000e-02,-5.8707835914870710e-01,0.0000000000000000e+00,0.0000000000000000e+00,0.0000000000000000e+00,-1.0584741257575944e+05,0.0000000000000000e+00,-1.3091870567712872e+03,0.0000000000000000e+00,
-4.1658446071760785e-01,-5.4509499162034425e-01,0.0000000000000000e+00,0.0000000000000000e+00,0.0000000000000000e+00,-8.6430129744508420e+04,0.0000000000000000e+00,-6.0798494659000562e+02,0.0000000000000000e+00,
-1.6151744704919871e-01,-3.7840635590179861e-01,9.9997831223020917e-01,1.2199210955041378e-12,1.6915086283479468e+03,-9.2731363204323861e+04,9.8135470441731059e+00,-5.2708334873564650e+02,1.0000000000000000e+00,
-2.1111588892593436e-01,-5.9624595373202860e-01,9.9996238509920099e-01,1.8132462698396463e-12,2.9575660129026219e+05,-7.2208891748405586e+04,4.3796938052254859e+00,-9.0075746443437799e+02,1.0000000000000000e+00,
-5.3235294605730940e-03,-6.3735161161601328e-01,9.9997675672498054e-01,1.8150035336005404e-12,3.3561250100059551e+05,-4.6044115261588013e+04,2.9010106233080535e+01,-8.9491423931928239e+02,1.0000000000000000e+00,
4.1297249401713299e-01,-6.2543234248412161e-01,9.9987666111458018e-01,2.2052708172237854e-12,-1.2015065375642735e+03,-1.0011614882480353e+05,1.3384423489394521e+01,-2.7348792151921964e+02,1.0000000000000000e+00,
3.5070899896754187e-02,-5.4912295025196423e-01,9.9964300507747339e-01,2.3762496467379085e-13,6.6374553808959899e+04,-1.4507885019250389e+05,1.0205278495345915e+00,-1.6575034452780990e+03,1.0000000000000000e+00,
4.6937663944362895e-01,-3.0323866657469500e-01,9.9999675975954827e-01,2.3763444530285203e-13,4.0663800802335027e+04,-6.7127527901972644e+04,6.2377931237884354e+00,-1.5392678989019414e+03,1.0000000000000000e+00,
-7.6866051915061476e-02,-6.9484501762959527e-01,9.9993142926344225e-01,2.0794372288439962e-12,1.8261941558503895e+04,-1.6464762150035676e+05,6.2697746358342101e+00,-4.0494693955330570e+02,1.0000000000000000e+00,
-2.9691109904705726e-01,-8.9844538735126800e-01,9.9993379674207006e-01,8.2611902661351245e-14,2.8075150840832066e+04,-1.2321626296807517e+05,7.9124414072583704e-01,-2.0190231434396001e+03,1.0000000000000000e+00,
3.6018449080206111e-01,-8.8498686883327993e-01,9.9999330540426412e-01,2.0151752729048408e-12,-8.1449447476198839e+04,-1.1205948410865676e+05,2.3195513537843482e-01,-3.4261801114126001e+02,1.0000000000000000e+00,
-1.1529637833724540e-01,-6.8885510871308286e-01,9.9999764381071354e-01,2.1437951074085008e-12,-8.0255883695828379e+04,-1.0925259566525638e+05,4.8971724420567853e-03,-1.6211817309848425e+02,1.0000000000000000e+00,
-8.5539838351505060e-01,-3.7065863139990923e-01,9.9996598931668856e-01,1.6048137740206760e-13,1.9412059665350826e+05,-8.1421841896818660e+04,2.4887804111758669e+00,-1.8320434403476979e+03,1.0000000000000000e+00,
3.6522565244998911e-01,-1.1102165407410709e+00,9.9996022399954154e-01,6.0904349000804059e-13,-2.4784793442981027e+04,-2.9458630432200152e+02,4.7778878444224802e+00,-1.3063664077853819e+03,1.0000000000000000e+00,
-8.4171957567166222e-02,0.0000000000000000e+00,0.0000000000000000e+00,0.0000000000000000e+00,-1.3979415984232037e+04,-2.1423521958466008e+05,0.0000000000000000e+00,-1.2876603927545498e+03,0.0000000000000000e+00,
-7.2329689113990825e-01,-6.0012500543219005e-01,0.0000000000000000e+00,0.0000000000000000e+00,0.0000000000000000e+00,-1.9988778036792064e+05,0.0000000000000000e+00,-1.0288436634105603e+03,0.0000000000000000e+00,
2.1009945975130229e-01,-5.7151269147929240e-01,9.9985527116878414e-01,1.3297301411876535e-12,1.7585586103959940e+03,-1.3897446070522128e+05,6.1487660830227497e+00,-5.1323939079036063e+02,1.0000000000000000e+00,
-2.5805544468918490e-01,-6.0515420676678677e-01,9.9999674545010542e-01,1.8157472017291084e-12,6.9245290438183292e+04,-2.3296317500825826e+05,2.9456977526194237e+00,-7.6574004275932930e+02,1.0000000000000000e+00,
-4.2844319844850209e-01,-5.5713409479490350e-01,9.9988106684902567e-01,1.8831733592548306e-12,6.2711007876727672e+04,-9.3626770978597051e+04,1.5707908785583413e+00,-5.7255798227662342e+02,1.0000000000000000e+00,
-1.4250183934704821e-01,-6.7791470396233133e-01,9.9999637276722242e-01,2.0811814140118178e-12,4.3064309906573908e+04,-5.2725839183639619e+04,2.5545422551624597e-01,-5.6958810170431434e+01,1.0000000000000000e+00,
5.1023352620494744e-01,-3.3629158037138396e-01,1.0000000000006806e+00,4.8967963417470391e-15,-1.3709297123675060e+04,-1.5796846269100133e+05,6.1516282286614228e+00,-2.0529398895937875e+03,1.0000000000000000e+00,
-2.3892349254880824e-01,-6.4091663612804717e-01,9.9989552763205869e-01,9.7840624954041446e-13,3.8481283531012014e+04,-9.8276029042371374e+04,1.5874248433893854e+00,-1.1013921958111687e+03,1.0000000000000000e+00,
2.9804263476001472e-02,-1.0273725547701118e+00,9.9963759133730612e-01,1.3845679983100755e-12,-2.2454941634878924e+04,-2.4591009501000808e+05,1.2313840499572279e+00,-7.8634313527977054e+02,1.0000000000000000e+00,
3.3270881449757711e-01,-1.7241770367169078e+00,9.9969707414249032e-01,1.5320346969666275e-12,-6.1399216232229082e+04,-6.9179592429928016e+04,9.5763993243160428e+00,-6.4714369367079769e+02,1.0000000000000000e+00,
2.4771797926110939e-01,-1.0201421885116224e+00,9.9995356310629635e-01,1.3783076264121926e-12,-4.5750296919848188e+04,-3.1169606609767652e+04,1.4128389600243274e+01,-8.0566258963552286e+02,1.0000000000000000e+00,
2.6821726848188598e-01,-1.2546727709818357e+00,9.9996571499690812e-01,1.5280185111222004e-12,-4.4544189931530855e+04,-1.3461719853462710e+05,2.5723195189609527e+00,-6.6003814484379950e+02,1.0000000000000000e+00,
4.1569184620470656e-01,-6.4779753881391433e-01,9.9999601337966004e-01,1.6763360176773055e-12,-1.5117608057176403e+04,-1.7769375950901303e+04,6.3276043311109220e+01,-6.5266816262221141e+02,1.0000000000000000e+00,
5.4696086126719085e-02,-6.4578044440937921e-01,9.9996310450514803e-01,1.6250053239636754e-13,1.1320538686880609e+05,-1.1863712666867214e+05,1.9298322238639365e+00,-1.6965324612548895e+03,1.0000000000000000e+00,
-8.1561933074987686e-02,-6.6425218873699354e-01,9.9998728141030946e-01,1.6425235439934090e-13,1.8641490332751127e+05,-7.7506347547259065e+04,2.3765202130225042e+01,-1.7013022296412460e+03,1.0000000000000000e+00,
6.9820334088484148e-01,-6.6044666182148259e-01,9.9998904307100134e-01,1.6740044021179302e-12,-2.1488757148776494e+04,-1.9706643004915095e+05,1.0238679628257898e+00,-5.8266572789152860e+02,1.0000000000000000e+00,
-3.9154899765057555e-01,-6.5933100224656405e-01,9.9996612038345567e-01,1.8828920659758225e-12,1.8792268553348695e+05,-7.6793950756225968e+04,5.4378170622427575e+00,-5.4972441361133338e+02,1.0000000000000000e+00,
7.4902078447457374e-02,-9.1087356983611367e-01,9.9995735151120191e-01,8.0605715862073919e-13,2.7080385953158839e+04,2.3463921872971696e+04,1.2461804433051952e+01,-1.1559644477614868e+03,1.0000000000000000e+00,
-2.2445574823558448e-01,-1.1901024827606344e+00,9.9998827728521300e-01,9.7844626816670398e-13,1.1807758908188844e+05,-4.7172450685812510e+04,7.0765864027880525e+00,-9.7678603234091281e+02,1.0000000000000000e+00,
6.0490472658052497e-01,-6.7378427203796609e-01,9.9998949656997971e-01,8.1305697821246894e-13,3.4235212486721866e+04,4.6755577956691559e+04,4.9028600178042296e+00,-9.9687718055782204e+02,1.0000000000000000e+00,
2.3553773511859513e-01,-2.1162423905379829e-01,9.9997634108960465e-01,9.7885645921991536e-13,-2.1827795628647436e+03,-1.0775503525218519e+05,9.4565877518894581e-01,-7.0618424250172609e+02,1.0000000000000000e+00,
2.1553054196112345e-01,-5.6862819768438355e-01,9.9960762163860895e-01,1.8825635797220062e-12,-2.6132624448364368e+02,-1.6050071962272341e+05,1.6401988160308065e+01,-4.7894850518549822e+02,1.0000000000000000e+00,
3.9963705298177810e-01,-4.9986469152356483e-01,9.9993387396281197e-01,1.9499281471674320e-12,8.9506139309873106e+03,-2.0971535895822308e+05,7.5424000603248942e-02,-3.4809294574443879e+02,1.0000000000000000e+00,
1.3738046497963519e-01,-7.9718628244113121e-01,9.9999098517859342e-01,2.0816539899827285e-12,3.7247503643046366e+04,-5.0481289496105455e+04,6.4693814425419163e+00,8.7984898211149357e+01,1.0000000000000000e+00,
-6.4927499965656055e-02,-1.3522697482461241e+00,9.9985061674352549e-01,5.6423903908203712e-13,8.4978570838269661e+04,-5.9465535516027012e+04,7.9179131879295142e+00,-1.2336260484159245e+03,1.0000000000000000e+00,
-2.1816995912979245e-01,-1.1157683425574385e+00,9.9996130678759043e-01,5.6979814646497994e-13,8.6340536863030866e+04,-1.0822608349205984e+05,5.6210631783790177e+00,-9.7312167809059076e+02,1.0000000000000000e+00,
-2.7056819266838150e-01,-3.6439941411173898e-01,9.9998996622842784e-01,5.7318085198419099e-13,1.2883428405024315e+05,-2.4346075067359197e+04,3.1560306150086461e+00,-9.4694385104980051e+02,1.0000000000000000e+00,
4.9697215212896845e-01,-1.7323111399471261e-01,9.9999999999439892e-01,5.7538341721843720e-13,7.8178331454063300e+04,-1.2736949853057595e+05,4.5526143592921358e+00,-7.2833078553387668e+02,1.0000000000000000e+00,
6.2523135319092693e-01,-3.9895715560791095e-01,9.9974472838495398e-01,1.8135673002452150e-12,3.2235999657506181e+04,-1.3866952258172678e+05,1.5338735426938314e+01,-5.8833315506566748e+02,1.0000000000000000e+00,
-2.7775902460626967e-01,-4.7520852385439516e-01,9.9994202532686927e-01,1.6507059240544842e-13,-1.4148795286600944e+02,-1.4406199053120072e+05,1.7322314226186108e+00,-1.7256053029418149e+03,1.0000000000000000e+00,
1.4068793995830819e-01,-6.0007219999021533e-01,9.9994371064539800e-01,3.2548442573807146e-13,-4.1766266354528489e+04,-1.6315737260666065e+05,4.3196023883022860e+00,-1.2750942070822246e+03,1.0000000000000000e+00,
6.2859010872516108e-01,-6.9055982088284551e-01,9.9988471416713420e-01,4.8643665023923744e-13,-5.4561299343939754e+04,-1.2671896873770893e+05,3.9969560908414223e+00,-1.1490713112636595e+03,1.0000000000000000e+00,
2.2912436430781347e-01,-7.3681374515298903e-01,9.9990301365557066e-01,1.2196502824405457e-12,-7.5861123213268002e+03,-1.3425967626466154e+05,4.0080011458773299e+00,-8.3286137174474254e+02,1.0000000000000000e+00,
4.2593608326304500e-01,-4.8845776471443969e-01,9.9986892566356411e-01,1.2187937050688986e-12,-5.5338204093919194e+04,-1.4660096663936711e+05,9.2582178768603853e+00,-8.3005720444220276e+02,1.0000000000000000e+00,
1.2589470248212351e-01,-6.0383775385866389e-01,9.9995179489122610e-01,1.8127644620160214e-12,7.6974930291282362e+03,-9.4032620081490313e+04,5.3198929725217781e-01,-5.9056570075307968e+02,1.0000000000000000e+00,
8.2360293894034792e-02,-6.2114767359236178e-01,9.9997414696822451e-01,1.9498068470234252e-12,5.4408937084145145e+04,-1.9472119382734672e+05,9.5134956837616897e+00,-3.0429827549681295e+02,1.0000000000000000e+00,
6.8035600436875043e-01,-1.9647341722835271e-01,9.9999290587636458e-01,2.0164870893677419e-12,-2.3405496253210003e+03,-1.4676715639315662e+05,2.7329681146002201e+01,-3.4679201272680189e+01,1.0000000000000000e+00,
3.2365291264678503e-01,-9.5393711338693277e-01,9.9992578639878660e-01,1.3747759807878506e-12,3.2930717058813025e+04,-9.3927801850929973e+04,4.5522209089166580e+01,-6.1501958845212778e+02,1.0000000000000000e+00,
1.3758936331864474e-01,-9.4744396417541610e-01,9.9989458093074091e-01,1.5988149400187328e-12,3.6207906787040702e+04,-6.3963216137929703e+04,5.2577466206205600e+01,-5.9338899755242528e+02,1.0000000000000000e+00,
6.5927902617879186e-01,-2.4810578057436372e-01,9.9999998660465350e-01,5.0363635848715346e-15,-9.1980037414861727e+03,-5.1653649705057614e+04,3.7974671034696343e+01,-1.8867956765081865e+03,1.0000000000000000e+00,
1.7410878659451270e-01,-6.8903564499079950e-01,9.9990202518154414e-01,8.5690083429204971e-14,9.7642734170641052e+04,-4.2162087118242925e+04,1.8845774102497899e+00,-1.8030027988906440e+03,1.0000000000000000e+00,
1.1324367130424060e-01,-8.3342452190616634e-01,9.9984952239268488e-01,3.2820091905162030e-13,1.4696413352240052e+04,-1.0099409788510384e+05,5.0315939864020720e-01,-1.3080799371504922e+03,1.0000000000000000e+00,
-5.9342245118720258e-03,-4.6962683161002161e-01,9.9998456919377288e-01,8.9802685398551963e-13,1.1318741552597785e+05,-1.1973349929361721e+05,2.7200593003856000e+00,-8.6722642160148007e+02,1.0000000000000000e+00,
3.3864250919641536e-01,-7.1338809187204155e-01,9.9982979015769613e-01,1.3729620752890179e-12,-6.1556240969545615e+04,-2.0229925616943947e+05,6.0665299753151771e+00,-7.5592622871766309e+02,1.0000000000000000e+00,
-1.7581238657128021e-02,-7.1349333343535482e-01,9.9996090039755159e-01,1.5237066337049952e-12,-6.0130277253355598e+04,-1.3036483288521267e+05,5.7934467281286004e+00,-6.2101888065052378e+02,1.0000000000000000e+00,
-9.1523972791429084e-02,-1.1601207554113224e+00,9.9994448192568797e-01,1.8123689002239069e-12,4.7669463401354733e+04,-1.2993607082722301e+05,1.8351284389302691e-01,-4.8957029052627934e+02,1.0000000000000000e+00,
1.7116809902470009e-01,-4.3039299220978289e-01,9.9985303734581366e-01,2.0166452028125538e-12,-5.9603335622901795e+03,-2.5580561121564097e+05,3.8835481661575102e+00,-1.9422859124756224e+02,1.0000000000000000e+00,
3.0448972625238063e-01,-8.7035727896400794e-01,9.9999765655575235e-01,2.1467285933892259e-12,-2.1502681267302250e+03,-1.7086536890797724e+05,8.4437245630842312e+00,-1.0408305784909157e+02,1.0000000000000000e+00,
4.7960725888926292e-01,-5.8398706316561944e-01,9.9983365313813588e-01,8.6200397270676881e-14,7.1345638090830471e+04,2.1699500125941995e+04,5.3150339851378590e+00,-1.6937440565710933e+03,1.0000000000000000e+00,
9.4045941019482521e-02,-7.2659830120581048e-01,9.9998027426715541e-01,1.6742423942657865e-13,-1.2732737628102768e+02,-4.1869347184029175e+04,2.4658955845819861e+00,-1.4371461638775736e+03,1.0000000000000000e+00,
-1.0727230258001866e-01,-5.5331044196568691e-01,9.9999641663485994e-01,3.3008829547206067e-13,5.0842599868157413e+04,-5.2732889331449405e+04,1.5799461474599070e+00,-1.1792060841386542e+03,1.0000000000000000e+00,
-2.9965424879059122e-02,-3.2322541608655253e-01,9.9999716179740883e-01,4.9296192966261825e-13,-6.6314493186320760e+03,-1.3092190964966576e+05,1.0787946703486568e+00,-8.8846671326331352e+02,1.0000000000000000e+00,

113,9
1.6112665611169343e+00,6.6615915108795654e-01,1.0001010935164851e+00,1.5704573941225918e-13,1.2737341053415585e+05,4.0213499778126425e+04,8.7391218423191422e+03,-5.3181711417125450e+02,1.0000000000000000e+00,
1.0840192036698040e+00,8.1899177186323191e-01,1.0000578100515416e+00,1.5649689576292177e-13,9.4777387400444422e+04,-6.1013506657710241e+04,7.8063387870226252e+03,-6.4149624837517911e+02,1.0000000000000000e+00,
1.3519016852806232e+00,9.9905262483258261e-01,1.0000012568885581e+00,4.0059666357438536e-13,1.4385443077885866e+05,1.1064371997286507e+05,4.0992648748674583e+03,-5.4735692523673958e+02,1.0000000000000000e+00,
1.0959347709309428e+00,5.3707315199991401e-01,1.0000024076791747e+00,2.2548409016400817e-12,1.5948786080974533e+05,1.6467666787688649e+05,4.4358689687342039e+03,-7.6768091424553859e+01,1.0000000000000000e+00,
1.4632907713868426e+00,7.0745852929972985e-01,1.0001358954874981e+00,8.8533909744853164e-13,1.4205216125839797e+05,1.2276352598758676e+05,3.7906209865173787e+03,-6.2613552544803031e+02,1.0000000000000000e+00,
9.8330589443095728e-01,9.8334650550555092e-01,1.0000000001356919e+00,1.8645565885398609e-12,1.0355632551373856e+05,6.2287878493535391e+04,3.8585871289062502e+03,-2.7097044044090035e+02,1.0000000000000000e+00,
1.6190385987514551e+00,1.2156286493630923e+00,1.0000311341053818e+00,5.6150497553065295e-13,2.5418528399091010e+05,1.3053830192055757e+05,4.2700382655538242e+03,-7.2046544839542673e+02,1.0000000000000000e+00,
9.8613606929608055e-01,9.1434925633698105e-01,1.0000157965765153e+00,5.5918028476847535e-13,2.0319842157859384e+05,9.8504448437767860e+04,5.1537465230915022e+03,-6.9799732301710026e+02,1.0000000000000000e+00,
1.3434345685611684e+00,5.0492252406467641e-01,1.0000899672309482e+00,7.2358806534490368e-13,1.0446896891340875e+05,1.4678538071736548e+05,5.2690810540279945e+03,-6.5034407470045699e+02,1.0000000000000000e+00,
1.3044155567044999e+00,8.8898604083575861e-01,1.0000000039056689e+00,1.2815060886049225e-12,1.3819933005140192e+05,5.5867416914134810e+04,4.2849479962258629e+03,-4.4632822159417458e+02,1.0000000000000000e+00,
2.7778472467597831e-01,9.1079671864860279e-01,1.0000822433535788e+00,2.0657723275086794e-12,3.0855825045373058e+05,1.7880962872129749e+05,3.3535598188025560e+03,-1.6700531497145596e+02,1.0000000000000000e+00,
1.7249451905134598e+00,6.3480768384602149e-01,1.0000056004277018e+00,1.5118852295641494e-12,1.9768015126797982e+05,1.8103852408184757e+05,8.7286070305050162e+03,-4.7441124583632427e+02,1.0000000000000000e+00,
1.3108010713528182e+00,9.8647398024366539e-01,1.0001460131478057e+00,1.6573064947417711e-12,1.0616908111458615e+05,8.7251730554815731e+04,4.1713191032454588e+03,-4.1559712272835293e+02,1.0000000000000000e+00,
1.2168156186295009e+00,8.6240116825650048e-01,1.0000751921683622e+00,2.0669675561692348e-12,2.8756676247737341e+05,1.8060243053062732e+05,6.7784427038509239e+03,-7.8167182488319668e+01,1.0000000000000000e+00,
1.3903124055981280e+00,7.9251109627775540e-01,1.0000045768444015e+00,1.7297388131551543e-12,6.3696901117930247e+04,7.9075781673243910e+04,4.2572553778313950e+03,-4.3949016041928132e+02,1.0000000000000000e+00,
1.1203014257823862e+00,1.1743010489786059e+00,1.0000000021227058e+00,1.5513928721251869e-13,8.0605191166873556e+04,9.1733876801125007e+03,4.9986665885353204e+03,-8.5832555638643998e+02,1.0000000000000000e+00,
8.7195281132163471e-01,6.5937814710627973e-01,1.0000071632076581e+00,5.5744938558713682e-13,2.7387256345109636e+05,8.2365386102483899e+04,3.9131143724878511e+03,-7.2198356158692502e+02,1.0000000000000000e+00,
1.2851695508074104e+00,5.6876030006576328e-01,1.0000182643880540e+00,1.1259776303010272e-12,2.2615524789124465e+05,5.1191674414578301e+04,6.1117737951170657e+03,-4.2653840007679401e+02,1.0000000000000000e+00,
1.3354501462440815e+00,6.2852966085977724e-01,1.0000037538955355e+00,1.1290481960122876e-12,2.2193492477117106e+05,1.0675406939380046e+05,5.4802217753933746e+03,-4.6129075893220170e+02,1.0000000000000000e+00,
1.2448863599208431e+00,1.0178968659225474e+00,1.0000415530879800e+00,1.3675562317562139e-12,3.1734949645776069e+05,2.3359303827632539e+05,3.7013560473795060e+03,-4.8088898477210967e+02,1.0000000000000000e+00,
9.7183593321811523e-01,1.0970940370327924e+00,1.0002166731002666e+00,1.6607408836001834e-12,1.1294141086386371e+05,7.0883612726272258e+04,3.8508447579735466e+03,-5.0671413294581600e+02,1.0000000000000000e+00,
1.2177205275828418e+00,8.1607611648733192e-01,1.0001395861272697e+00,2.0031141259741682e-12,2.4446649243101419e+05,1.3599666603161895e+05,5.6641033453328109e+03,-3.5032431677076966e+02,1.0000000000000000e+00,
1.1163616115351704e+00,5.7181841292937396e-01,1.0000042160825615e+00,2.0683970210038467e-12,2.2251694448356138e+05,3.7843356466683326e+04,4.5139252573230315e+03,-1.0374999638733664e+02,1.0000000000000000e+00,
1.6035831915829855e+00,6.2692488838920313e-01,1.0000002311657896e+00,2.2572572834471770e-12,1.7332166499098385e+05,9.9394000237599539e+04,1.0035591669420250e+04,-5.4761717413422275e+01,1.0000000000000000e+00,
1.7159718765053671e+00,2.1637601031320017e-01,1.0000000000012716e+00,2.3177182526971005e-12,1.4116139391623001e+05,1.2302832102883694e+05,5.3631971850942773e+03,9.9637391978084679e+01,1.0000000000000000e+00,
1.8022777138362238e+00,6.6684684651553949e-01,1.0000000785794938e+00,2.2584640502774657e-12,1.8707845888307202e+05,5.2255451715784147e+03,7.8419810951296431e+03,-5.0601083709073691e+01,1.0000000000000000e+00,
1.0857327405002857e+00,4.1209926871092695e-01,1.0000000000015354e+00,2.3188708957326341e-12,1.4470807876823237e+05,3.5760542956701829e+04,4.9421600177736145e+03,1.2786970713271558e+02,1.0000000000000000e+00,
1.6421595261129456e+00,6.4372755250752345e-01,1.0000002049093704e+00,2.2590607666675782e-12,2.4428828850629507e+05,1.4057981622951775e+05,4.3984878211109590e+03,-3.8314708432600241e+01,1.0000000000000000e+00,
1.3451165527637765e+00,4.3632444908319618e-01,1.0000000020780113e+00,2.3194384954077901e-12,1.7239209771734604e+05,3.3474775127382600e+04,4.8258177779043508e+03,1.6000613753440985e+02,1.0000000000000000e+00,
8.7873575309620489e-01,5.9465218688590682e-01,1.0000088925198278e+00,3.9438960047070153e-13,2.0613514074546401e+05,1.0279379756034614e+05,5.3444826379386814e+03,-8.8942053375031799e+02,1.0000000000000000e+00,
1.4669575737862017e+00,6.9425984511996486e-01,1.0000299111126183e+00,1.4461526358895421e-12,1.4539965509833419e+05,8.8990871418305323e+04,4.4966982187767053e+03,-4.1154848537723569e+02,1.0000000000000000e+00,
1.1492329161768933e+00,6.5829562503101335e-01,1.0000232183858571e+00,1.4542862646081418e-12,1.5031659582425636e+05,1.2704751056104433e+05,3.9690006934341650e+03,-3.8830513975051849e+02,1.0000000000000000e+00,
1.3416927542371875e+00,7.0673366619148603e-01,1.0001221562807880e+00,1.3015526072278559e-12,3.0646705775511073e+05,2.3835248342842388e+05,5.0933718941011630e+03,-4.3987336496254795e+02,1.0000000000000000e+00,
1.3284319173862900e+00,9.4166780921732529e-01,1.0001063835166668e+00,1.3094884564251765e-12,3.6878459037963039e+05,2.7920536828273325e+05,4.7793131517445818e+03,-4.1279847488532596e+02,1.0000000000000000e+00,
1.3412463440994484e+00,7.7439591671842489e-01,1.0000068832834532e+00,1.8033730555665367e-12,1.2433639850719628e+05,2.8466700757818762e+04,3.2035304764269003e+03,-7.3161269298406717e+02,1.0000000000000000e+00,
1.0702280081451221e+00,3.2419066665299301e-01,1.0000108273069728e+00,1.9386277660459647e-12,1.7568837691391236e+05,1.3206950575610099e+05,2.5274188847606424e+03,-4.7360862539369066e+02,1.0000000000000000e+00,
1.8313886348556268e+00,7.9432909160097975e-01,1.0000069750194338e+00,2.0698958448132019e-12,1.7435054203002946e+05,2.4851047901507991e+04,7.8521697448945033e+03,-1.6314939637382554e+02,1.0000000000000000e+00,
1.3681784221094209e+00,4.9577441351395396e-01,1.0000213873321462e+00,1.9395112416570139e-12,3.3057582575003762e+05,2.1025786148387851e+05,6.4594078159170895e+03,-4.1837017922737039e+02,1.0000000000000000e+00,
1.9010903817190810e+00,4.6527706538515790e-01,1.0000105967601167e+00,2.0706199828112033e-12,2.2511400977926096e+05,8.8505360354011646e+04,7.4741126214717278e+03,-2.0105397510371188e+02,1.0000000000000000e+00,
1.3682154242258560e+00,8.0860241144757738e-01,1.0000418184219166e+00,7.0976436367402404e-13,1.9202084413258999e+05,8.2963595118980447e+04,4.3262142147309587e+03,-9.3556448658802708e+02,1.0000000000000000e+00,
1.4416356342594150e+00,6.2695334695269356e-01,1.0000185503999708e+00,4.6567646395151484e-13,1.7883954057281371e+05,1.1498765748965379e+05,3.6409147020116361e+03,-1.1430673080053357e+03,1.0000000000000000e+00,
1.2703147576887248e+00,4.6551476490461752e-01,1.0001950258917276e+00,1.6679662727156960e-12,1.5997280486854579e+05,5.1038212824097718e+04,6.2241940280844774e+03,-6.6340736161903146e+02,1.0000000000000000e+00,
1.0532650610883465e+00,1.1223401705980651e+00,1.0000029925117655e+00,1.5161814790998309e-13,1.7323532297455386e+05,4.0520675394077989e+04,4.6056562878556160e+03,-1.6312918253452208e+03,1.0000000000000000e+00,
6.6385108206360788e-01,6.3087166915639115e-01,1.0000555712333634e+00,3.0753562330529975e-13,2.9160896604610170e+05,1.0818627932329400e+05,4.7872099016238053e+03,-1.3323050857472333e+03,1.0000000000000000e+00,
1.2969420174187773e+00,4.7483468030380760e-01,1.0000378528873959e+00,9.6428246370921387e-13,2.1567824609873205e+05,0.0000000000000000e+00,4.6295835816653980e+03,0.0000000000000000e+00,1.0000000000000000e+00,
1.3573321826400988e+00,9.8803556496855960e-01,1.0000164351569112e+00,1.2089903817327426e-12,1.6341142857444793e+05,3.2956489524595963e+05,6.0127185792058317e+03,0.0000000000000000e+00,1.0000000000000000e+00,
6.5113676506077733e-01,6.1760124745802325e-01,1.0000068373971953e+00,1.2650837090709056e-12,3.7462527251194697e+05,3.0451237409951573e+05,5.2852624412958885e+03,-4.1587757598994290e+02,1.0000000000000000e+00,
4.1932859549105794e-01,7.7985108471190601e-01,1.0000728760083910e+00,7.5708587851904847e-13,1.3964897344329947e+05,1.1494482960438056e+05,3.0953279432779318e+03,0.0000000000000000e+00,1.0000000000000000e+00,
2.3716884903674643e-01,9.7862389119875859e-01,1.0000015133837874e+00,1.2355819301011994e-12,1.0345198975272705e+05,1.2523598781534117e+05,5.1062452130162783e+03,0.0000000000000000e+00,1.0000000000000000e+00,
6.4187195604758396e-01,6.1833297890494676e-01,1.0000177362854652e+00,1.2740314024197292e-12,1.2498128948642843e+05,6.4680259977054084e+04,2.7984301210516423e+03,-4.0297019511503527e+02,1.0000000000000000e+00,
8.9878950381805589e-01,6.0503665302948262e-01,1.0000425768367529e+00,1.8741000404259437e-12,4.4551191994211840e+05,5.1870945614362427e+04,5.9180580679820505e+03,-4.4968296096090023e+02,1.0000000000000000e+00,
8.8168045913408677e-01,2.8654745439467233e-01,1.0000168223503187e+00,1.8749379065274875e-12,4.3848967669330596e+05,7.6292918666554033e+04,3.1638026357004064e+03,-3.8571492526152042e+02,1.0000000000000000e+00,
1.7720543478530142e+00,6.2670976751989360e-01,1.0000024398351015e+00,2.3200110463050199e-12,3.8891893384239665e+05,3.7811476004978322e+05,5.3221111182356963e+03,1.6099617517191757e+02,1.0000000000000000e+00,
8.9000008208009385e-01,5.2884721087565012e-01,1.0000217993282265e+00,3.8280792274703252e-13,3.2863701182549924e+05,1.7449187637847790e+05,3.9284719237097675e+03,-1.1875276183890994e+03,1.0000000000000000e+00,
1.0441034827345035e+00,6.1461468987604451e-01,1.0000081452455554e+00,3.8152529752225899e-13,2.1075084825048543e+05,1.9981632686728117e+05,3.6898159613327716e+03,-1.1739737504465002e+03,1.0000000000000000e+00,
1.3797932007771461e+00,4.6911771115754708e-01,1.0000249993540606e+00,2.1985992650507107e-12,3.4093543067492574e+05,3.3768376343946729e+05,6.3610898719184752e+03,2.0598218052150060e+01,1.0000000000000000e+00,
1.1940776441562642e+00,9.3847517698010874e-01,1.0000761333455093e+00,2.2824228849331134e-13,3.5488978560258256e+05,2.0054255528410577e+05,6.5805228237707397e+03,-1.4702993095594613e+03,1.0000000000000000e+00,
1.7442051223308144e+00,5.0360197813906415e-01,1.0000274611312201e+00,2.1367264255287448e-12,1.5911475369401596e+05,2.3563674588306167e+05,3.4720810950055165e+03,-3.8695480806374803e+01,1.0000000000000000e+00,
1.4780240564765708e+00,5.5137416433100228e-01,1.0000172417000659e+00,2.2611376585903499e-12,1.6588344268348010e+05,1.2293478831053508e+05,7.0499706714969416e+03,9.8599060521751881e+01,1.0000000000000000e+00,
5.9467063295939182e-01,4.1603868586460235e-01,1.0000003753728826e+00,2.2999323978396721e-13,3.8556295442502596e+05,1.0339458810455180e+05,6.7241929941717081e+03,-1.4454400967578440e+03,1.0000000000000000e+00,
1.4372179494649551e+00,6.9683966888200344e-01,1.0000364624220170e+00,7.7480857368812860e-13,1.1019995206797321e+05,1.6783951436138013e+05,4.9921604623038620e+03,-1.0800230286196536e+03,1.0000000000000000e+00,
1.5653227867743416e+00,8.1611391215528439e-01,1.0000516876889955e+00,9.6583039142200817e-13,1.8649202862048239e+05,1.4878215689204953e+05,4.5392441340981914e+03,0.0000000000000000e+00,1.0000000000000000e+00,
1.4309028488102185e+00,5.6129666915466925e-01,1.0000222579656137e+00,1.2098023906251178e-12,2.5705657729969826e+05,2.3938155263072986e+04,6.2577220284462692e+03,0.0000000000000000e+00,1.0000000000000000e+00,
1.1425871368641367e+00,5.4252919444671421e-01,1.0003492617649445e+00,1.3940116175209592e-12,1.2117086477201956e+05,1.4435178295549122e+04,3.4731738465750791e+03,-4.0551033002364693e+02,1.0000000000000000e+00,
9.1054429394007319e-01,9.1607988911492533e-01,1.0000271471572313e+00,1.9420145281870945e-12,3.7366710897529265e+05,1.4122036346012319e+05,5.0931917919958587e+03,-2.6024609575519105e+02,1.0000000000000000e+00,
1.2338732258714920e+00,1.0947167955693582e+00,1.0000194926920380e+00,2.0082188554468654e-12,3.0508782101931574e+05,1.4218029408321308e+05,7.5089017123064186e+03,2.3853221165101786e+01,1.0000000000000000e+00,
1.4267667789681007e+00,3.7675846246930889e-01,1.0000032642665004e+00,2.2004569328679327e-12,1.6562556332498207e+05,1.2338029694449797e+05,7.3851166446081852e+03,2.4343773086061958e+02,1.0000000000000000e+00,
1.0853966376542723e+00,1.1087759533936774e+00,1.0000000002896778e+00,7.4198872320553392e-14,1.6260476887204713e+05,1.8595693514247469e+05,3.5228509481099459e+03,-1.8915081734334206e+03,1.0000000000000000e+00,
1.5521981393228081e+00,6.9815808427334514e-01,1.0000719321210783e+00,1.1556068189962760e-12,3.9627810764479073e+05,2.5070665779393312e+05,4.4177977977702922e+03,-5.1377946839190759e+02,1.0000000000000000e+00,
1.7289518401030448e+00,3.7321163297838550e-01,1.0000513446201351e+00,1.5275531144930718e-12,1.6092078427900560e+05,-1.7511408499072422e+04,7.5376387367037269e+03,-5.3025442492300817e+02,1.0000000000000000e+00,
1.8358051792849297e+00,6.5451195530967887e-01,1.0002483779941409e+00,1.6685353949553892e-12,3.1704229910603317e+04,6.9964618955877086e+04,5.8854515656085750e+03,-5.4739547384014213e+02,1.0000000000000000e+00,
1.4622846532361995e+00,4.3307765451780200e-01,1.0000409808537012e+00,1.5226662842613364e-12,1.8046988513370598e+05,2.0625292896321043e+05,3.9494889338727216e+03,-6.1876843114919200e+02,1.0000000000000000e+00,
1.1585046960306680e+00,1.4796307253812610e-01,1.0000215221507343e+00,1.6661741054395210e-12,1.5286853534456168e+05,5.1622209528686653e+04,2.9965389258636928e+03,-5.3306664586995737e+02,1.0000000000000000e+00,
1.1253670066276842e+00,1.7944464405577837e-01,1.0000065927919983e+00,1.7380893543623766e-12,1.3717527050085191e+05,1.9241139570457890e+05,3.9688580846339828e+03,-5.2605926886836289e+02,1.0000000000000000e+00,
8.5695247251496121e-01,5.1235722253972227e-01,1.0000311792872978e+00,3.1357818572117569e-13,2.7423548313587380e+05,1.1540739162836981e+05,4.0536431631121977e+03,-1.1139286086136149e+03,1.0000000000000000e+00,
5.4291651595576340e-01,5.4556976239975707e-01,1.0001301145324644e+00,3.1525168331822866e-13,2.7524283400790155e+05,1.9358523626615352e+04,5.4271885617235102e+03,-1.1158492714422750e+03,1.0000000000000000e+00,
1.7785374399667653e+00,5.4448554425643902e-01,1.0000390084295472e+00,1.8064621497244244e-12,1.5615004978722136e+05,1.1654350694219756e+05,3.8144714042868736e+03,-4.3843936124331447e+02,1.0000000000000000e+00,
1.3345904379668851e+00,8.1794109130289661e-01,1.0000149633106019e+00,2.0082310843572723e-12,3.2088112689752452e+05,6.2514530118445691e+04,6.2570700767825638e+03,5.0106996098714831e+01,1.0000000000000000e+00,
1.1311926605920901e+00,5.0407179113219192e-01,1.0000473355114978e+00,9.6845688240664781e-13,1.8891586114448437e+05,3.3005964945473243e+05,6.9350392517585324e+03,-7.3054179443475107e+02,1.0000000000000000e+00,
1.2917905364953255e+00,3.9955838473647537e-01,1.0000180028370269e+00,1.0539980919728387e-12,3.6936944525408180e+05,3.0404487024070258e+05,5.9771727866194224e+03,-5.3618425461311392e+02,1.0000000000000000e+00,
1.2210595929290662e+00,3.5022107038613287e-01,1.0000038686555122e+00,9.6883030106390269e-13,1.7775259359612246e+05,2.0176404029914702e+05,3.6411562340227492e+03,-6.6753317338996476e+02,1.0000000000000000e+00,
1.1220569549408492e+00,2.0391791902276651e-01,1.0000017293658003e+00,1.0510229379846230e-12,1.1940664313309826e+05,5.7050737101571576e+04,3.0707376736787432e+03,-5.8102384467577042e+02,1.0000000000000000e+00,
1.0543456969730884e+00,8.5269801394259792e-01,1.0001001468583370e+00,1.9418272761222083e-12,1.9739775020053057e+05,1.8280078108606976e+05,3.7786036974561612e+03,-2.7558356089623237e+02,1.0000000000000000e+00,
1.2225216888166504e+00,8.5207801574836861e-01,1.0000971009557418e+00,2.0737745157466881e-12,3.2013963494386990e+05,1.1270609444247093e+05,7.2482402837560858e+03,1.6418222217973516e+02,1.0000000000000000e+00,
1.3564362758704629e+00,2.8938912976628167e-01,1.0000249149571803e+00,2.1381729867986539e-12,1.9856946594413894e+05,1.5518600634098111e+05,6.5364344911604203e+03,2.8441503738619429e+02,1.0000000000000000e+00,
1.1937910325053602e+00,2.1390199146476846e-01,1.0000225473148674e+00,6.4075835897139256e-13,3.1057734035017929e+05,2.5468630774582562e+05,5.2184890565681253e+03,-8.4273334526218423e+02,1.0000000000000000e+00,
7.5640882106225793e-01,5.9089663987413728e-02,1.0001914938448861e+00,6.4430202016711301e-13,3.0074592337308277e+05,8.1401285762207408e+04,6.4418464760524757e+03,-6.9124048640062676e+02,1.0000000000000000e+00,
7.8704940296928450e-01,1.5396717487160980e-01,1.0000066337677340e+00,6.4654029523754222e-13,3.0705705205565901e+05,1.7244748517990374e+05,4.4366523713397728e+03,-5.5156788802672781e+02,1.0000000000000000e+00,
8.8182062496430336e-01,2.7591827284554643e-01,9.9999999999791989e-01,6.4732926893414928e-13,2.1273907658135577e+05,2.0917459111635981e+04,4.4646233892122800e+03,-5.4945748053269733e+02,1.0000000000000000e+00,
1.1481038710812772e+00,7.1226194645416119e-01,1.0000412711677442e+00,1.8740171422080633e-12,2.3826682710295136e+05,1.5868370185561071e+05,3.7756969931546137e+03,-3.5668224319213778e+02,1.0000000000000000e+00,
9.0707206690843289e-01,6.0355944063051037e-01,1.0000748547760183e+00,3.1794132360883061e-13,3.3240569290972489e+05,2.4206785231419344e+05,4.2584687605422059e+03,-1.1793135540749663e+03,1.0000000000000000e+00,
1.2212645347144604e+00,5.7603361498939165e-01,1.0001186556923498e+00,4.8005204026214279e-13,1.5779797083567246e+05,1.9114622827399871e+05,3.9912148230699859e+03,-9.3855860588847850e+02,1.0000000000000000e+00,
1.2023542355083774e+00,7.9770184517370901e-01,1.0001259060370558e+00,5.6133699303172005e-13,7.8509398705745116e+04,2.7628948049884493e+05,4.0331338495814798e+03,-9.2885513945325135e+02,1.0000000000000000e+00,
1.4353075989830941e+00,6.9270232260148368e-01,1.0000270101315623e+00,1.3684853862060322e-12,1.8932462592625961e+05,2.1503028320451122e+05,4.2749421515379427e+03,-5.5987751529310242e+02,1.0000000000000000e+00,
1.7146913886420656e+00,7.1034378365077488e-01,1.0000210444218474e+00,1.3650685179425626e-12,1.6594716567628057e+05,1.6877464800088055e+05,5.0347937165967533e+03,-6.3365206230330080e+02,1.0000000000000000e+00,
1.3464273370650619e+00,5.4861977111675608e-01,1.0000677814746275e+00,1.9415198602586466e-12,2.3364402144903725e+05,2.4019760216615687e+05,3.5128044723741959e+03,-1.1358341700586345e+02,1.0000000000000000e+00,
1.2009788302058089e+00,5.7443725045761662e-01,1.0000405100493317e+00,2.0083445048386593e-12,3.0211411919218517e+05,2.1375818115786242e+05,4.9040134156365120e+03,7.8488231701359268e+01,1.0000000000000000e+00,
1.2822328088742352e+00,3.4974550528122827e-01,1.0000202662024809e+00,2.0739477758175557e-12,2.5547424213029444e+05,2.0842719879632059e+05,3.7484642831649548e+03,1.7091510774933226e+02,1.0000000000000000e+00,
1.5779037714848017e+00,2.1122907493671120e-01,1.0001314860176365e+00,1.4423994492043866e-12,1.9307684150574350e+05,6.7794505426596152e+04,4.1833337087394593e+03,-4.8791126548794500e+02,1.0000000000000000e+00,
1.2473663544750575e+00,-1.5889560478538817e-01,1.0000177362535891e+00,1.6629311986398422e-12,1.0877619412395725e+05,3.1131991540014860e+04,3.5432657325876744e+03,-5.0697450537392558e+02,1.0000000000000000e+00,
1.2279241601722433e+00,9.2119224511866438e-01,1.0000251702631138e+00,7.5794511768895379e-14,1.0366861223446904e+05,1.3827972235083216e+05,4.4444130915952755e+03,-1.7661562775189409e+03,1.0000000000000000e+00,
1.0137376627567483e+00,3.4182917502269250e-01,1.0000342945464538e+00,2.3848664328153361e-13,3.3308848642368539e+05,2.2006473094423127e+05,4.3623495716407360e+03,-1.2392565185315239e+03,1.0000000000000000e+00,
1.4538325169264081e+00,4.5687544371635008e-01,1.0000383921291436e+00,4.8264949717317123e-13,2.7629848607321910e+05,2.2061003543825209e+05,4.3693045011997401e+03,-8.3780844713643683e+02,1.0000000000000000e+00,
1.1621645936160616e+00,7.6179541444545906e-01,1.0000049881519686e+00,9.6989767790013563e-13,2.7508611301803612e+05,1.0796686042871152e+05,4.8594698245947384e+03,-6.0498655376208512e+02,1.0000000000000000e+00,
1.5783826010179989e+00,3.4767748853522124e-01,1.0001069493388894e+00,1.5158747942016685e-12,1.9297738651290274e+05,1.4307099259806419e+05,4.3033013571470037e+03,-5.0095091713411705e+02,1.0000000000000000e+00,
1.2757453741525655e+00,3.1430557440667223e-01,1.0000461856745186e+00,1.6621644568124434e-12,1.1746560876034491e+05,8.5585975562836393e+04,4.2962362101485260e+03,-4.7596746077010118e+02,1.0000000000000000e+00,
1.1294639236635999e+00,4.6729039801585515e-01,1.0000428557044445e+00,1.9415030668896871e-12,2.4080091636675788e+05,6.6631604172084189e+04,5.1211912564487666e+03,-8.9729481729086388e+01,1.0000000000000000e+00,
1.1664274903011669e+00,6.8290378386677431e-01,1.0000566824209065e+00,2.1393800749483050e-12,1.9757527764128026e+05,-1.7550062903406797e+04,3.9289064341916996e+03,8.0262833612089025e+01,1.0000000000000000e+00,
1.2712368887568384e+00,4.6710747973698763e-01,1.0000677461632013e+00,2.2028498310509190e-12,1.6458052820201556e+05,6.9049473197765474e+04,5.6972422815737536e+03,1.6529262404245628e+02,1.0000000000000000e+00,
9.6422406655977111e-01,4.9307764528521664e-01,1.0000155927475223e+00,1.5758961577685037e-13,2.4429879961090337e+05,2.2649801143389632e+05,1.9968465502597662e+03,-1.4009037797990886e+03,1.0000000000000000e+00,
9.2860879914450112e-01,5.7506081358329020e-01,1.0000262698755307e+00,3.2111368392560963e-13,2.2759619901440165e+05,2.4252213297925191e+05,4.2214448544818752e+03,-9.5416098118118236e+02,1.0000000000000000e+00,
1.0009620901416028e+00,2.4825047367211328e-01,1.0000013861068506e+00,4.0273639011861551e-13,2.9068171654830367e+05,2.2809459655170940e+05,4.0411452399009136e+03,-8.4776476090809808e+02,1.0000000000000000e+00,
1.0564993115393475e+00,4.1986096021071878e-01,1.0000138819017257e+00,5.6588863906773086e-13,1.6214393316932255e+05,1.6209336964744871e+05,2.6719630469848889e+03,-7.3983816375753429e+02,1.0000000000000000e+00,

