1
1
8
0
(4 0
((0,0) (31,31) (0,0))
((32,0) (63,31) (0,0))
((0,32) (31,63) (0,0))
((32,32) (63,63) (0,0))
)
4
FabOnDisk: Cell_D_00000 0
FabOnDisk: Cell_D_00001 0
FabOnDisk: Cell_D_00002 0
FabOnDisk: Cell_D_00003 0

4,8
-2.4308662562974603e-02,3.2647869374884733e-06,9.9999999999908906e-01,0.0000000000000000e+00,-1.5509497015296688e-03,-1.3622963759642602e-02,6.3464930150358700e-06,-3.3615661063640823e-03,
-2.4751322431389826e-02,-2.5400221485310327e-02,9.9999999999473466e-01,0.0000000000000000e+00,-1.5445297238064043e-03,-6.1640942298213687e-03,2.5690408114315000e-06,3.1067447717546357e-04,
-6.5403033339323832e-02,4.7603470074345313e-04,9.9999999999890621e-01,0.0000000000000000e+00,-1.1776460281329559e-01,-2.3988651206746310e+00,6.1100886544762645e-08,-8.8881806991220086e-02,
-2.6684869984330511e-01,-5.9056676786821150e-01,9.9994945266821733e-01,0.0000000000000000e+00,-7.2640173860330359e-01,-1.4730819116007787e+00,3.8661112033988587e-08,-4.3285498488962917e-02,

4,8
-3.2648155036008975e-06,2.1406057418293104e-02,1.0000000000019280e+00,0.0000000000000000e+00,1.5663573733624737e-02,5.4843480197113359e-04,4.3100484515645726e-01,1.0714289752301463e-03,
-5.4509489207946187e-06,1.3862845188021343e-03,1.0000000000035174e+00,0.0000000000000000e+00,1.8942053497272307e-02,2.0368382867428793e-02,5.1987083860386307e-01,6.8890935523687573e-03,
8.0987170938211872e-01,1.6428729794172706e-01,1.0000000000063023e+00,0.0000000000000000e+00,7.1940894281564711e+00,6.5497142719081414e-01,3.7092047456168245e+01,-4.8994542537063207e-05,
8.3295151096298181e-01,4.4125505301214243e-02,1.0000615386956422e+00,0.0000000000000000e+00,2.2411907371952932e+01,1.5250031549174095e+01,3.3790252054898872e+01,5.3080786952870285e-01,

