1
1
8
0
(2 0
((104,96) (127,127) (0,0))
((0,120) (103,127) (0,0))
)
2
FabOnDisk: Cell_D_00000 0
FabOnDisk: Cell_D_00000 49239

2,8
-3.2703844451889813e-01,-6.6628673407511840e-01,9.9780495083284826e-01,0.0000000000000000e+00,-7.6391044071643832e-01,-1.3043639915465421e+00,6.0643168420130067e-02,-7.8640494633182290e-02,
-7.3238271013088996e-02,1.3872096063370670e-04,9.9993328144964511e-01,0.0000000000000000e+00,-3.1168623464954404e-01,-9.5949403555903565e+00,1.7890802202011447e-02,-1.2412441865744675e-01,

2,8
9.4011111743593645e-01,1.1108671779492220e-01,1.0013171767584927e+00,0.0000000000000000e+00,3.4821885764160506e+01,3.0122302019499902e+01,6.6850056269113253e+01,7.8281970396682055e-01,
9.3992746536071969e-01,1.9913211331893491e-01,1.0001305014783259e+00,0.0000000000000000e+00,1.3283436357308451e+01,7.8090321561093088e+00,7.2738802204037086e+01,-4.1509622383946376e-03,

