1
1
9
0
(64 0
((0,0) (15,15) (0,0))
((16,0) (31,15) (0,0))
((32,0) (47,15) (0,0))
((48,0) (63,15) (0,0))
((64,0) (79,15) (0,0))
((80,0) (95,15) (0,0))
((96,0) (111,15) (0,0))
((112,0) (127,15) (0,0))
((0,16) (15,31) (0,0))
((16,16) (31,31) (0,0))
((32,16) (47,31) (0,0))
((48,16) (63,31) (0,0))
((64,16) (79,31) (0,0))
((80,16) (95,31) (0,0))
((96,16) (111,31) (0,0))
((112,16) (127,31) (0,0))
((0,32) (15,47) (0,0))
((16,32) (31,47) (0,0))
((32,32) (47,47) (0,0))
((48,32) (63,47) (0,0))
((64,32) (79,47) (0,0))
((80,32) (95,47) (0,0))
((96,32) (111,47) (0,0))
((112,32) (127,47) (0,0))
((0,48) (15,63) (0,0))
((16,48) (31,63) (0,0))
((32,48) (47,63) (0,0))
((48,48) (63,63) (0,0))
((64,48) (79,63) (0,0))
((80,48) (95,63) (0,0))
((96,48) (111,63) (0,0))
((112,48) (127,63) (0,0))
((0,64) (15,79) (0,0))
((16,64) (31,79) (0,0))
((32,64) (47,79) (0,0))
((48,64) (63,79) (0,0))
((64,64) (79,79) (0,0))
((80,64) (95,79) (0,0))
((96,64) (111,79) (0,0))
((112,64) (127,79) (0,0))
((0,80) (15,95) (0,0))
((16,80) (31,95) (0,0))
((32,80) (47,95) (0,0))
((48,80) (63,95) (0,0))
((64,80) (79,95) (0,0))
((80,80) (95,95) (0,0))
((96,80) (111,95) (0,0))
((112,80) (127,95) (0,0))
((0,96) (15,111) (0,0))
((16,96) (31,111) (0,0))
((32,96) (47,111) (0,0))
((48,96) (63,111) (0,0))
((64,96) (79,111) (0,0))
((80,96) (95,111) (0,0))
((96,96) (111,111) (0,0))
((112,96) (127,111) (0,0))
((0,112) (15,127) (0,0))
((16,112) (31,127) (0,0))
((32,112) (47,127) (0,0))
((48,112) (63,127) (0,0))
((64,112) (79,127) (0,0))
((80,112) (95,127) (0,0))
((96,112) (111,127) (0,0))
((112,112) (127,127) (0,0))
)
64
FabOnDisk: Cell_D_00000 0
FabOnDisk: Cell_D_00000 18514
FabOnDisk: Cell_D_00000 37029
FabOnDisk: Cell_D_00000 55544
FabOnDisk: Cell_D_00000 74059
FabOnDisk: Cell_D_00000 92574
FabOnDisk: Cell_D_00000 111089
FabOnDisk: Cell_D_00000 129605
FabOnDisk: Cell_D_00000 148122
FabOnDisk: Cell_D_00000 166637
FabOnDisk: Cell_D_00000 185153
FabOnDisk: Cell_D_00000 203669
FabOnDisk: Cell_D_00000 222185
FabOnDisk: Cell_D_00000 240701
FabOnDisk: Cell_D_00000 259217
FabOnDisk: Cell_D_00000 277734
FabOnDisk: Cell_D_00000 296252
FabOnDisk: Cell_D_00000 314767
FabOnDisk: Cell_D_00000 333283
FabOnDisk: Cell_D_00000 351799
FabOnDisk: Cell_D_00000 370315
FabOnDisk: Cell_D_00000 388831
FabOnDisk: Cell_D_00000 407347
FabOnDisk: Cell_D_00000 425864
FabOnDisk: Cell_D_00000 444382
FabOnDisk: Cell_D_00000 462897
FabOnDisk: Cell_D_00000 481413
FabOnDisk: Cell_D_00000 499929
FabOnDisk: Cell_D_00000 518445
FabOnDisk: Cell_D_00000 536961
FabOnDisk: Cell_D_00000 555477
FabOnDisk: Cell_D_00000 573994
FabOnDisk: Cell_D_00000 592512
FabOnDisk: Cell_D_00000 611027
FabOnDisk: Cell_D_00000 629543
FabOnDisk: Cell_D_00000 648059
FabOnDisk: Cell_D_00000 666575
FabOnDisk: Cell_D_00000 685091
FabOnDisk: Cell_D_00000 703607
FabOnDisk: Cell_D_00000 722124
FabOnDisk: Cell_D_00000 740642
FabOnDisk: Cell_D_00000 759157
FabOnDisk: Cell_D_00000 777673
FabOnDisk: Cell_D_00000 796189
FabOnDisk: Cell_D_00000 814705
FabOnDisk: Cell_D_00000 833221
FabOnDisk: Cell_D_00000 851737
FabOnDisk: Cell_D_00000 870254
FabOnDisk: Cell_D_00000 888772
FabOnDisk: Cell_D_00000 907288
FabOnDisk: Cell_D_00000 925805
FabOnDisk: Cell_D_00000 944322
FabOnDisk: Cell_D_00000 962839
FabOnDisk: Cell_D_00000 981356
FabOnDisk: Cell_D_00000 999873
FabOnDisk: Cell_D_00000 1018391
FabOnDisk: Cell_D_00000 1036910
FabOnDisk: Cell_D_00000 1055427
FabOnDisk: Cell_D_00000 1073945
FabOnDisk: Cell_D_00000 1092463
FabOnDisk: Cell_D_00000 1110981
FabOnDisk: Cell_D_00000 1129499
FabOnDisk: Cell_D_00000 1148017
FabOnDisk: Cell_D_00000 1166536

64,9
1.0000032237474692e+00,-5.1497462051581320e-03,9.9999999999999556e-01,-7.4537472503073461e-13,-3.6664099230209396e-01,3.5350995544213872e-03,3.6604123421083226e-05,3.8316017300522964e-03,1.0000000000000000e+00,
1.0036512403716695e+00,-3.7231374719442246e-03,9.9999999999998934e-01,7.7117149355449900e-13,-3.8174577126355347e-01,-1.5401651189514548e-01,4.5223139789315808e-05,9.4273421874839188e-04,1.0000000000000000e+00,
1.0048307151677456e+00,-1.2789670479722981e-04,9.9999999999998679e-01,1.5609642668662105e-12,-2.3480279933473980e-01,-1.6420187692239313e-01,8.8150052871254631e-07,-3.6917777794352253e-04,1.0000000000000000e+00,
1.0028319195793349e+00,5.0550448146563501e-05,9.9999999999998734e-01,2.2629028186532245e-12,-7.2372391700468927e-02,-1.0549010142858097e-01,2.1529089374097699e-06,-4.3668987027485227e-04,1.0000000000000000e+00,
1.0013657375305971e+00,3.4579392814405734e-05,9.9999999999999190e-01,2.8751001168945075e-12,-6.2206184158115308e-03,-2.4574242409234941e-02,5.9263315341489403e-06,-3.6140773100260703e-04,1.0000000000000000e+00,
1.0006468111302045e+00,1.8068635880654786e-05,9.9999999999999478e-01,3.3744355257978502e-12,7.6003063382936113e-03,-9.8316132545438867e-04,2.0119093240358876e-08,-1.9168793828379361e-04,1.0000000000000000e+00,
1.0003290736738586e+00,7.7848000255617150e-06,9.9999999999999500e-01,3.7429894947778893e-12,4.1894163448768541e-03,5.9080176566568051e-05,1.1698797049912273e-06,-1.0208392931443124e-04,1.0000000000000000e+00,
1.0002224877216050e+00,1.1324444521646768e-06,9.9999999999998890e-01,3.9678061074399278e-12,1.3940369886221268e-03,7.0620564475009579e-07,3.7243950163902374e-07,-4.1116402770061759e-05,1.0000000000000000e+00,
1.0000061475455568e+00,-1.5220575870112725e-02,9.9999999999999656e-01,-8.2182452432722621e-13,-1.3118296195462771e+00,1.2422899467729870e-01,1.2143488752336395e-04,4.4531517894406481e-03,1.0000000000000000e+00,
1.0053036119906544e+00,-1.0516374251163741e-02,9.9999999999999944e-01,7.8164031447506816e-13,-1.3172286623766960e+00,-8.2702008443334973e-01,7.6488465493296243e-05,-3.0130734964024172e-03,1.0000000000000000e+00,
1.0052808460041227e+00,9.8000834959372991e-06,9.9999999999999956e-01,1.5703114859357110e-12,-2.6136029819396689e-01,-7.8685959521914539e-01,5.8026104069255902e-06,-3.3152704374731857e-03,1.0000000000000000e+00,
1.0014027333539555e+00,1.8610834588060016e-03,1.0000000000000000e+00,2.2698606265631659e-12,-2.2610181842437339e-02,-1.7295991104639344e-01,9.2541018972130962e-05,-1.8921822206814697e-03,1.0000000000000000e+00,
1.0003283564300314e+00,1.1121058025959564e-03,1.0000000000000000e+00,2.8802990904294590e-12,1.5066301990757935e-02,-2.4972755832955239e-02,4.6023491875185618e-07,-5.1284343168743430e-04,1.0000000000000000e+00,
1.0000810357700829e+00,5.5605904255311210e-04,1.0000000000000000e+00,3.3784722403137493e-12,4.1432983575705046e-03,1.1189351035173550e-03,4.2593659120571115e-07,-1.9089805719570840e-04,1.0000000000000000e+00,
1.0000236746679982e+00,2.3478465664629415e-04,1.0000000000000000e+00,3.7463394830712173e-12,9.8470208499421008e-04,2.0413991654189530e-03,2.2055430654466940e-05,-8.5166850804293680e-05,1.0000000000000000e+00,
1.0000112620750177e+00,3.3939979877167404e-05,9.9999999999999800e-01,3.9707649882717365e-12,2.4744699600069242e-04,2.4869658492579934e-05,4.9863570231829454e-06,-3.1430831703831567e-05,1.0000000000000000e+00,
1.0000219687172494e+00,-3.9681994373224318e-02,9.9999999999999523e-01,-8.9656873451065445e-13,-7.6388567472996423e+00,2.6389975026601481e-01,8.8467259057312120e-05,6.3839990049234857e-03,1.0000000000000000e+00,
1.0125672961528671e+00,-3.7630918362862510e-02,9.9999999999999822e-01,7.7510394069447060e-13,-8.5415345098721698e+00,-8.2045121647867880e+00,5.2834982210425707e-04,-3.0381217842251222e-02,1.0000000000000000e+00,
9.9801391183250532e-01,3.3387406432117692e-03,9.9999999999999867e-01,1.5758425236425097e-12,-1.5756614243530079e-01,-3.0963583301717472e+00,1.3106515581173817e-06,-2.1333010198316418e-02,1.0000000000000000e+00,
9.9691732910154984e-01,3.9649079426084654e-03,9.9999999999999956e-01,2.2771116452066579e-12,1.2981027611606298e-02,-1.5457580604124788e-01,1.5229330151134146e-06,-2.3867968853332421e-03,1.0000000000000000e+00,
9.9754941634267025e-01,1.6827161445465435e-03,1.0000000000000000e+00,2.8871473419511307e-12,-1.1884734468559116e-02,2.0407792965741245e-02,3.4124722415873610e-06,-4.9118390356539055e-04,1.0000000000000000e+00,
9.9876717595409181e-01,6.7436640364132514e-04,1.0000000000000000e+00,3.3849279529212084e-12,-1.1541986909642830e-02,1.0026970825274791e-02,5.9426527709849353e-05,-1.0157988553089980e-04,1.0000000000000000e+00,
9.9941226551299722e-01,2.5885528324917818e-04,1.0000000000000000e+00,3.7527114806318096e-12,-6.8433807408921649e-03,3.5662979398709454e-03,4.1157322840882499e-05,-1.9483580377199072e-05,1.0000000000000000e+00,
9.9969784391417982e-01,3.6351577520027885e-05,9.9999999999999922e-01,3.9771865482164839e-12,-3.8398539266893909e-03,4.4447237462532158e-05,1.1543044060456815e-05,-3.2968560370888243e-06,1.0000000000000000e+00,
8.3876778658242845e-01,-1.1627460592143939e-01,9.9999999999997202e-01,-9.7616076363225010e-13,-1.6250679573741309e+01,4.4857422872106190e-01,2.5261260445663680e-03,1.3368085965654600e-02,1.0000000000000000e+00,
-7.1379368179976227e-02,-6.9903829703845410e-01,0.0000000000000000e+00,0.0000000000000000e+00,-7.6774774769487931e+02,-6.4888470932864982e+02,0.0000000000000000e+00,-8.4225899957222694e-01,0.0000000000000000e+00,
7.9837340321964678e-01,1.0457959703411371e-03,9.9999999999999412e-01,1.5906167758180282e-12,-2.9984994576079146e+01,-3.1710598573783724e+00,2.7693580048615551e-05,-3.0004165874912912e-02,1.0000000000000000e+00,
9.8062474782481079e-01,2.0041561535888365e-04,9.9999999999999878e-01,2.2900758727903812e-12,-1.1827022033938344e+00,9.9214755460166459e-03,1.7437192715472841e-04,-8.2672619209688773e-04,1.0000000000000000e+00,
9.9442598780717306e-01,6.3127343154478663e-05,9.9999999999999933e-01,2.8970624477421192e-12,-1.7089721777011360e-01,1.7944581989598647e-03,2.2182332563738631e-05,2.0524440962368609e-04,1.0000000000000000e+00,
9.9787837641284927e-01,2.3902342137629682e-05,1.0000000000000000e+00,3.3940510114283316e-12,-4.2364898982331568e-02,4.6522638280893213e-04,4.8508715228684496e-06,9.3649327772629877e-05,1.0000000000000000e+00,
9.9908527187689067e-01,8.9682286260106974e-06,1.0000000000000000e+00,3.7618621990181842e-12,-1.4343315685978700e-02,1.3416306953937781e-04,1.5713548045756011e-06,3.5524931493587139e-05,1.0000000000000000e+00,
9.9954925775319314e-01,1.2509482097138523e-06,9.9999999999999978e-01,3.9865185906302545e-12,-6.4451842051489192e-03,1.6685784357585843e-06,4.6261334601317597e-07,4.4119560746429926e-07,1.0000000000000000e+00,
8.3876778658242723e-01,1.4656987877460965e-04,9.9999999999996669e-01,-1.0152880482683991e-12,-1.6250679573741206e+01,-4.6736241724849300e+01,2.5261260440889721e-03,1.3368085965646571e-02,1.0000000000000000e+00,
-7.1379368179990646e-02,-5.8216046103114016e-01,0.0000000000000000e+00,0.0000000000000000e+00,-7.6774774769485703e+02,-5.9493116856655627e+02,0.0000000000000000e+00,-8.4225899957223938e-01,0.0000000000000000e+00,
7.9837340321964922e-01,-1.3479326058593408e-01,9.9999999999998490e-01,1.5988608145786990e-12,-2.9984994576078037e+01,-3.4423163842596253e+01,2.7693578988352563e-05,-3.0004165874915091e-02,1.0000000000000000e+00,
9.8062474782481079e-01,-1.4083295231325173e-02,9.9999999999999989e-01,2.3017582106158682e-12,-1.1827022033936549e+00,-9.8571400688674560e-01,1.7437192667423169e-04,-8.2672619209663521e-04,1.0000000000000000e+00,
9.9442598780717384e-01,-4.2009935172395820e-03,9.9999999999999989e-01,2.9064669089975017e-12,-1.7089721776966982e-01,-1.4193460447672401e-01,2.2182332000636549e-05,2.0524440962344857e-04,1.0000000000000000e+00,
9.9787837641284882e-01,-1.5266817651486430e-03,1.0000000000000000e+00,3.4036432724693052e-12,-4.2364898981317262e-02,-3.4319181698621026e-02,4.8508720029016720e-06,9.3649327775230715e-05,1.0000000000000000e+00,
9.9908527187689056e-01,-6.0967570246936117e-04,1.0000000000000000e+00,3.7720534410053970e-12,-1.4343315686231472e-02,-1.0349485957380658e-02,1.5713545192339181e-06,3.5524931493016219e-05,1.0000000000000000e+00,
9.9954925775319359e-01,-2.3071631596132834e-04,9.9999999999999989e-01,3.9971596506550835e-12,-6.4451842066255843e-03,-3.1598261260384667e-03,4.6261256077500916e-07,4.4119560795328302e-07,1.0000000000000000e+00,
1.0000219687172500e+00,5.2785137612688623e-04,9.9999999999996736e-01,-1.0557363852861802e-12,-7.6388567473065310e+00,-4.9340585779202870e+00,8.8467261301350408e-05,6.3839990049210111e-03,1.0000000000000000e+00,
1.0125672961528693e+00,-2.7635718561375491e-02,9.9999999999999833e-01,7.7627211274100530e-13,-8.5415345098720152e+00,-8.1066580565868840e-01,5.2834982285365761e-04,-3.0381217842253838e-02,1.0000000000000000e+00,
9.9801391183250654e-01,-2.9864213607100228e-02,9.9999999999999889e-01,1.5910521536613904e-12,-1.5756614243343811e-01,-6.2431545606354699e-01,1.3106484619829217e-06,-2.1333010198318236e-02,1.0000000000000000e+00,
9.9691732910155040e-01,-1.3581932810927547e-02,1.0000000000000000e+00,2.2990002892429923e-12,1.2981027613814408e-02,-5.3038558121311086e-01,1.5229345208533918e-06,-2.3867968853310247e-03,1.0000000000000000e+00,
9.9754941634267147e-01,-4.4933300526030480e-03,9.9999999999999989e-01,2.9120614653541145e-12,-1.1884734468535330e-02,-1.3451746888448535e-01,3.4124715476979706e-06,-4.9118390356550135e-04,1.0000000000000000e+00,
9.9876717595409226e-01,-1.8602775991565003e-03,1.0000000000000000e+00,3.4117807268255253e-12,-1.1541986910210359e-02,-3.4796316123477444e-02,5.9426527361169934e-05,-1.0157988553128586e-04,1.0000000000000000e+00,
9.9941226551299767e-01,-8.0866232827495456e-04,1.0000000000000000e+00,3.7815744322152676e-12,-6.8433807430181327e-03,-1.1355676280756852e-02,4.1157323674221973e-05,-1.9483580373440587e-05,1.0000000000000000e+00,
9.9969784391417948e-01,-3.1912356344946811e-04,9.9999999999999967e-01,4.0074248828727390e-12,-3.8398539274147256e-03,-3.7727422659278634e-03,1.1543044125704102e-05,-3.2968560378936454e-06,1.0000000000000000e+00,
1.0000061475455571e+00,1.3616356434364293e-04,9.9999999999997380e-01,-1.0891325190589425e-12,-1.3118296195483077e+00,-1.3690592124155645e+00,1.2143488932747637e-04,4.4531517894400886e-03,1.0000000000000000e+00,
1.0053036119906553e+00,-2.2056812437748351e-03,9.9999999999999900e-01,7.8309725985446799e-13,-1.3172286623737250e+00,-1.3961812228191511e-01,7.6488464907133180e-05,-3.0130734964021518e-03,1.0000000000000000e+00,
1.0052808460041232e+00,-6.3559296067901352e-03,9.9999999999999933e-01,1.5902611233144549e-12,-2.6136029819509365e-01,1.2004276782137695e-01,5.8026097675065169e-06,-3.3152704374720772e-03,1.0000000000000000e+00,
1.0014027333539544e+00,-6.1597297724117882e-03,9.9999999999999933e-01,2.2986139435662246e-12,-2.2610181844288930e-02,-1.1557874849696066e-02,9.2541019345790398e-05,-1.8921822206786688e-03,1.0000000000000000e+00,
1.0003283564300325e+00,-3.6838672025592658e-03,9.9999999999999967e-01,2.9150247214992639e-12,1.5066301989794494e-02,-2.1174048073244581e-02,4.6023507643822015e-07,-5.1284343168985695e-04,1.0000000000000000e+00,
1.0000810357700824e+00,-1.7739190458428483e-03,9.9999999999999967e-01,3.4177433678263220e-12,4.1432983561976913e-03,-1.8110048585438417e-02,4.2593731892220932e-07,-1.9089805719488728e-04,1.0000000000000000e+00,
1.0000236746679971e+00,-7.9868793226223049e-04,1.0000000000000000e+00,3.7891514077140661e-12,9.8470208093492267e-04,-9.1818222960167849e-03,2.2055430044104485e-05,-8.5166850802416167e-05,1.0000000000000000e+00,
1.0000112620750170e+00,-3.1775847285276499e-04,9.9999999999999967e-01,4.0158385133416110e-12,2.4744699484907233e-04,-3.4996390028294512e-03,4.9863582732138402e-06,-3.1430831701598151e-05,1.0000000000000000e+00,
1.0000032237474692e+00,3.2233578660491230e-06,9.9999999999995859e-01,-1.1105100118906822e-12,-3.6664099230238106e-01,-3.3770284182569715e-01,3.6604121404163609e-05,3.8316017300511901e-03,1.0000000000000000e+00,
1.0036512403716611e+00,1.5596169565784111e-05,9.9999999999996270e-01,7.8158916757953956e-13,-3.8174577125688247e-01,-9.2867635528467732e-02,4.5223138811522658e-05,9.4273421874635629e-04,1.0000000000000000e+00,
1.0048307151677431e+00,-1.8479462775753701e-03,9.9999999999999389e-01,1.5892412651387570e-12,-2.3480279933037795e-01,3.3910403986071543e-03,8.8149742511877544e-07,-3.6917777794072783e-04,1.0000000000000000e+00,
1.0028319195793349e+00,-1.9723334542787537e-03,9.9999999999999512e-01,2.2981613735000691e-12,-7.2372391700386840e-02,1.1582168006428158e-03,2.1529111798651232e-06,-4.3668987027707207e-04,1.0000000000000000e+00,
1.0013657375305971e+00,-1.6976167666812362e-03,9.9999999999999289e-01,2.9168674237941282e-12,-6.2206184096270465e-03,-7.5704050767875803e-06,5.9263325810003480e-06,-3.6140773100273686e-04,1.0000000000000000e+00,
1.0006468111302040e+00,-1.0086709988391075e-03,9.9999999999999312e-01,3.4214078478197054e-12,7.6003063449920976e-03,-3.4625662305873368e-03,2.0116691016973387e-08,-1.9168793828510950e-04,1.0000000000000000e+00,
1.0003290736738584e+00,-5.0243243384564022e-04,9.9999999999999500e-01,3.7939801580845402e-12,4.1894163440489842e-03,-3.3881070052932606e-03,1.1698803195874918e-06,-1.0208392931131859e-04,1.0000000000000000e+00,
1.0002224877216050e+00,-2.0899403329901461e-04,9.9999999999999789e-01,4.0212801756405295e-12,1.3940369934814928e-03,-1.7909032918903959e-03,3.7244012904649217e-07,-4.1116402768824895e-05,1.0000000000000000e+00,

64,9
1.0047935123540339e+00,-3.2233578660277020e-06,1.0000000000000016e+00,2.6856936669596871e-12,-9.5879154955590996e-03,3.3770284182574017e-01,2.9377730487477183e+00,6.4615009474467333e-03,1.0000000000000000e+00,
1.0070903402055575e+00,-1.5596169565540561e-05,1.0000000000000013e+00,1.5288269882835086e-12,-2.0235359513029313e-01,9.2867635529636769e-02,1.5320145406908393e-03,4.1466271787265370e-03,1.0000000000000000e+00,
1.0070511328414966e+00,1.8479462775758645e-03,1.0000000000000013e+00,2.2299037231103581e-12,-3.7049493161154252e-02,-3.3910403997055162e-03,1.2635598554411320e-03,1.4370521023642801e-03,1.0000000000000000e+00,
1.0050702304223711e+00,1.9723334542786847e-03,1.0000000000000013e+00,2.8450351544379591e-12,1.7404821932359611e-02,-1.1582168004582224e-03,2.2955673590429812e-03,1.1087632907674539e-04,1.0000000000000000e+00,
1.0029792259625512e+00,1.6976167666815029e-03,1.0000000000000011e+00,3.3507098949826248e-12,1.8480325867526348e-02,7.5704038060213190e-06,2.5045046538449325e-04,-1.9139543113259061e-04,1.0000000000000000e+00,
1.0015998727328115e+00,1.0086709988391762e-03,1.0000000000000009e+00,3.7271561594569518e-12,1.3937182455260105e-02,3.4625662317313319e-03,2.3959228664363532e-04,-9.2092530738373753e-05,1.0000000000000000e+00,
1.0008071077564857e+00,5.0243243384563924e-04,1.0000000000000009e+00,3.9608524866051366e-12,7.4892628625207649e-03,3.3881070056815598e-03,1.5962733525056729e-04,-3.5166770620766596e-05,1.0000000000000000e+00,
1.0004279428667007e+00,2.0899403329863032e-04,1.0000000000000038e+00,4.0431713979513459e-12,4.9467962097456903e-03,1.7909032934328517e-03,3.1569777571594090e-03,-4.3563655894441459e-07,1.0000000000000000e+00,
1.0111291739083168e+00,-1.3616356434383470e-04,1.0000000000000087e+00,2.8801703621425522e-12,-1.8829540741308656e-02,1.3690592124152026e+00,8.3822712801439998e+00,1.3889098442420819e-02,1.0000000000000000e+00,
1.0149366189165163e+00,2.2056812437745467e-03,1.0000000000000011e+00,1.5289945250947375e-12,-2.4980304015692772e-01,1.3961812228160092e-01,1.0446577572815682e-02,5.4004633454279201e-03,1.0000000000000000e+00,
1.0132159021729767e+00,6.3559296067903148e-03,1.0000000000000009e+00,2.2350941627060858e-12,2.2689350199212854e-01,-1.2004276782026249e-01,1.0959633475035591e-02,6.8820830773984125e-04,1.0000000000000000e+00,
1.0053286369935228e+00,6.1597297724123373e-03,1.0000000000000009e+00,2.8515596994801899e-12,2.1197083459360450e-01,1.1557874849140273e-02,4.5973939686964893e-03,-3.8992886754608353e-04,1.0000000000000000e+00,
1.0026684536519830e+00,3.6838672025595381e-03,1.0000000000000009e+00,3.3569587411199539e-12,7.2781114917382303e-02,2.1174048071768113e-02,3.3535034172325895e-04,-1.2456816015207029e-04,1.0000000000000000e+00,
1.0012623027806469e+00,1.7739190458430677e-03,1.0000000000000004e+00,3.7333118587427064e-12,1.8283849510540708e-02,1.8110048584677161e-02,1.0558720543452083e-04,-2.7801507141829962e-05,1.0000000000000000e+00,
1.0005931845256462e+00,7.9868793226214472e-04,1.0000000000000009e+00,3.9670432984956536e-12,7.3287676426312693e-03,9.1818222950985715e-03,7.5612428321585740e-05,-6.0955080426215329e-06,1.0000000000000000e+00,
1.0003032830494984e+00,3.1775847285252614e-04,1.0000000000000009e+00,4.0493924562770599e-12,3.9378460731588879e-03,3.4996390029238549e-03,4.7413263501327688e-03,-7.7327186250216366e-08,1.0000000000000000e+00,
1.0277299507790278e+00,-5.2785137612699183e-04,1.0000000000000120e+00,3.0602248980504901e-12,-6.9207064132783935e-02,4.9340585779207169e+00,1.7401571279888000e+01,4.2109185897900581e-02,1.0000000000000000e+00,
1.0545159412695997e+00,2.7635718561376310e-02,1.0000000000000016e+00,1.5419819451727520e-12,3.6737558903289673e+00,8.1066580566169022e-01,2.1978033780207518e-01,7.0853253938911384e-03,1.0000000000000000e+00,
1.0290976849608986e+00,2.9864213607101002e-02,1.0000000000000009e+00,2.2479776216576311e-12,3.8562252860866151e+00,6.2431545606291594e-01,1.7985503812538162e-01,-1.5127663710641551e-03,1.0000000000000000e+00,
1.0049722411307642e+00,1.3581932810926952e-02,1.0000000000000007e+00,2.8614566443583809e-12,5.2370809763824722e-01,5.3038558121407575e-01,5.0865790973547709e-03,2.4567184803813021e-04,1.0000000000000000e+00,
1.0011216936180756e+00,4.4933300526032007e-03,1.0000000000000000e+00,3.3659836598964905e-12,7.7629324925461651e-02,1.3451746888413213e-01,1.5170182043479363e-03,2.5660699475299118e-04,1.0000000000000000e+00,
1.0002135521164555e+00,1.8602775991564012e-03,1.0000000000000000e+00,3.7423302825636717e-12,1.6393672464584175e-02,3.4796316123874321e-02,3.6148237352699730e-04,1.7462084674196073e-04,1.0000000000000000e+00,
1.0000327346069620e+00,8.0866232827490935e-04,1.0000000000000000e+00,3.9762194112124056e-12,3.2907723588091404e-03,1.1355676281114857e-02,1.0740711975671530e-04,8.2243346648614143e-05,1.0000000000000000e+00,
1.0000006282068183e+00,3.1912356344934630e-04,1.0000000000000000e+00,4.0586604537420147e-12,6.3275193338663163e-04,3.7727422663908802e-03,4.7533648123112031e-03,3.0900108832222625e-05,1.0000000000000000e+00,
1.0288377744260064e+00,-1.4656987877429588e-04,1.0000000000000171e+00,3.2164094178177669e-12,5.5095582909229165e+01,4.6736241724849933e+01,1.7913879486986495e+01,2.2337978273646714e-01,1.0000000000000000e+00,
1.6288371163437547e+00,5.8216046103116414e-01,1.0000000000000722e+00,1.6786004605522407e-12,5.0740974825380101e+02,5.9493116856656468e+02,1.9814656736307886e+03,4.6812229655878607e-01,1.0000000000000000e+00,
1.0307313235604536e+00,1.3479326058593366e-01,1.0000000000000486e+00,2.2617820273635043e-12,1.6852670464014558e+01,3.4423163842596132e+01,5.8738612105874166e+00,8.7860896576998943e-02,1.0000000000000000e+00,
9.9714976063437610e-01,1.4083295231324589e-02,1.0000000000000002e+00,2.8710874820393234e-12,4.3637811175145413e-01,9.8571400688722788e-01,2.5783926499067800e-02,6.2241121905163713e-03,1.0000000000000000e+00,
9.9861114203751522e-01,4.2009935172389375e-03,1.0000000000000000e+00,3.3755926669774807e-12,-4.8406544964907042e-03,1.4193460447706163e-01,1.9929868976784754e-03,1.2932078553431368e-03,1.0000000000000000e+00,
9.9934757484204695e-01,1.5266817651486825e-03,1.0000000000000000e+00,3.7524779816382931e-12,-7.9141069307167716e-03,3.4319181696809468e-02,3.6493580971123929e-04,3.9916569492118228e-04,1.0000000000000000e+00,
9.9966970494749297e-01,6.0967570246926413e-04,1.0000000000000000e+00,3.9868207348725103e-12,-4.2450040770458013e-03,1.0349485957427365e-02,1.0142511800634302e-04,1.4580014905411822e-04,1.0000000000000000e+00,
9.9977714733330547e-01,2.3071631596126768e-04,1.0000000000000000e+00,4.0694274852065680e-12,-1.4118259438857575e-03,3.1598261269079613e-03,3.3962664032056835e-03,4.9728945261986803e-05,1.0000000000000000e+00,
1.0288377744260062e+00,1.1627460592144107e-01,1.0000000000000144e+00,3.3629599407204274e-12,5.5095582909227581e+01,-4.4857422872142150e-01,1.7913879486984857e+01,2.2337978273646747e-01,1.0000000000000000e+00,
1.6288371163437620e+00,6.9903829703846554e-01,1.0000000000003515e+00,1.6703121092888542e-12,5.0740974825380323e+02,6.4888470932866392e+02,1.9814656736306645e+03,4.6812229655878751e-01,1.0000000000000000e+00,
1.0307313235604549e+00,-1.0457959703420209e-03,1.0000000000000440e+00,2.2628407036916106e-12,1.6852670464016022e+01,3.1710598573751945e+00,5.8738612105852930e+00,8.7860896576998804e-02,1.0000000000000000e+00,
9.9714976063437688e-01,-2.0041561535959955e-04,1.0000000000000013e+00,2.8766974423235686e-12,4.3637811175104357e-01,-9.9214755461826155e-03,2.5783926500318188e-02,6.2241121905165699e-03,1.0000000000000000e+00,
9.9861114203751566e-01,-6.3127343155050945e-05,1.0000000000000009e+00,3.3837443785206083e-12,-4.8406544971633476e-03,-1.7944581989254439e-03,1.9929868980906457e-03,1.2932078553431264e-03,1.0000000000000000e+00,
9.9934757484204695e-01,-2.3902342137968167e-05,1.0000000000000000e+00,3.7620135916407099e-12,-7.9141069287369942e-03,-4.6522638313162864e-04,3.6493580977386281e-04,3.9916569492117382e-04,1.0000000000000000e+00,
9.9966970494749363e-01,-8.9682286263453957e-06,1.0000000000000000e+00,3.9971233277204001e-12,-4.2450040764898563e-03,-1.3416306974794307e-04,1.0142511748245653e-04,1.4580014905369128e-04,1.0000000000000000e+00,
9.9977714733330536e-01,-1.2509482094118249e-06,1.0000000000000000e+00,4.0799891156223743e-12,-1.4118259454505057e-03,-1.6685783864026944e-06,3.3962664036841419e-03,4.9728945261547186e-05,1.0000000000000000e+00,
1.0277299507790270e+00,3.9681994373224547e-02,1.0000000000000073e+00,3.4787226124645151e-12,-6.9207064136503182e-02,-2.6389975026701995e-01,1.7401571279886497e+01,4.2109185897894724e-02,1.0000000000000000e+00,
1.0545159412695979e+00,3.7630918362862267e-02,1.0000000000000022e+00,1.5504590908462401e-12,3.6737558903294723e+00,8.2045121647888024e+00,2.1978033780381545e-01,7.0853253938825810e-03,1.0000000000000000e+00,
1.0290976849608995e+00,-3.3387406432120329e-03,1.0000000000000011e+00,2.2601481617985690e-12,3.8562252860861919e+00,3.0963583301720181e+00,1.7985503812488479e-01,-1.5127663710633632e-03,1.0000000000000000e+00,
1.0049722411307642e+00,-3.9649079426084246e-03,1.0000000000000009e+00,2.8795019185808873e-12,5.2370809763699100e-01,1.5457580604214302e-01,5.0865790969398250e-03,2.4567184803689341e-04,1.0000000000000000e+00,
1.0011216936180747e+00,-1.6827161445468338e-03,1.0000000000000002e+00,3.3897071908982075e-12,7.7629324926668547e-02,-2.0407792965887107e-02,1.5170182034937585e-03,2.5660699475167864e-04,1.0000000000000000e+00,
1.0002135521164550e+00,-6.7436640364136201e-04,1.0000000000000000e+00,3.7696717860287836e-12,1.6393672468692024e-02,-1.0026970824825912e-02,3.6148237444882936e-04,1.7462084674126795e-04,1.0000000000000000e+00,
1.0000327346069624e+00,-2.5885528324946192e-04,1.0000000000000000e+00,4.0056452387959566e-12,3.2907723603689404e-03,-3.5662979383771971e-03,1.0740712003210265e-04,8.2243346651469701e-05,1.0000000000000000e+00,
1.0000006282068183e+00,-3.6351577520013086e-05,1.0000000000000000e+00,4.0887949850095337e-12,6.3275193550683267e-04,-4.4447237188105578e-05,4.7533648109423544e-03,3.0900108832582166e-05,1.0000000000000000e+00,
1.0111291739083164e+00,1.5220575870112002e-02,1.0000000000000036e+00,3.5632104908292743e-12,-1.8829540746129365e-02,-1.2422899467672122e-01,8.3822712801443657e+00,1.3889098442411959e-02,1.0000000000000000e+00,
1.0149366189165177e+00,1.0516374251163087e-02,1.0000000000000011e+00,1.5440982374913807e-12,-2.4980304016220217e-01,8.2702008443405217e-01,1.0446577573219179e-02,5.4004633454253510e-03,1.0000000000000000e+00,
1.0132159021729776e+00,-9.8000834954390387e-06,1.0000000000000007e+00,2.2571288646353791e-12,2.2689350199047248e-01,7.8685959521820137e-01,1.0959633475402658e-02,6.8820830773699566e-04,1.0000000000000000e+00,
1.0053286369935222e+00,-1.8610834588058314e-03,1.0000000000000007e+00,2.8812673240427436e-12,2.1197083459339267e-01,1.7295991104670388e-01,4.5973939689671062e-03,-3.8992886754487724e-04,1.0000000000000000e+00,
1.0026684536519828e+00,-1.1121058025956793e-03,1.0000000000000007e+00,3.3934207847821288e-12,7.2781114918659046e-02,2.4972755833946335e-02,3.3535034058354563e-04,-1.2456816015371766e-04,1.0000000000000000e+00,
1.0012623027806453e+00,-5.5605904255249562e-04,1.0000000000000002e+00,3.7746310578477143e-12,1.8283849509904256e-02,-1.1189351036302684e-03,1.0558720518766967e-04,-2.7801507138730316e-05,1.0000000000000000e+00,
1.0005931845256453e+00,-2.3478465664630044e-04,1.0000000000000000e+00,4.0112762118453549e-12,7.3287676440130095e-03,-2.0413991647026449e-03,7.5612428885631078e-05,-6.0955080428736803e-06,1.0000000000000000e+00,
1.0003032830494973e+00,-3.3939979877701320e-05,1.0000000000000000e+00,4.0946482373770287e-12,3.9378460719218591e-03,-2.4869657737606559e-05,4.7413263510777542e-03,-7.7327185890335096e-08,1.0000000000000000e+00,
1.0047935123540368e+00,5.1497462051554440e-03,1.0000000000000078e+00,3.6192986765685325e-12,-9.5879154943384615e-03,-3.5350995544696125e-03,2.9377730487455853e+00,6.4615009474464661e-03,1.0000000000000000e+00,
1.0070903402055587e+00,3.7231374719439323e-03,1.0000000000000069e+00,1.5447992469577961e-12,-2.0235359513887080e-01,1.5401651189536925e-01,1.5320145420302626e-03,4.1466271787248864e-03,1.0000000000000000e+00,
1.0070511328414973e+00,1.2789670479794997e-04,1.0000000000000058e+00,2.2575925486035569e-12,-3.7049493161556812e-02,1.6420187692205893e-01,1.2635598546882620e-03,1.4370521023614239e-03,1.0000000000000000e+00,
1.0050702304223702e+00,-5.0550448146137477e-05,1.0000000000000009e+00,2.8824126654086760e-12,1.7404821931590493e-02,1.0549010143028809e-01,2.2955673582073649e-03,1.1087632907701056e-04,1.0000000000000000e+00,
1.0029792259625507e+00,-3.4579392814232390e-05,1.0000000000000004e+00,3.3950236646774309e-12,1.8480325866006467e-02,2.4574242408404365e-02,2.5045046947980674e-04,-1.9139543113259205e-04,1.0000000000000000e+00,
1.0015998727328113e+00,-1.8068635880263775e-05,1.0000000000000002e+00,3.7765758501828074e-12,1.3937182454946526e-02,9.8316132510284067e-04,2.3959228686625455e-04,-9.2092530737575184e-05,1.0000000000000000e+00,
1.0008071077564848e+00,-7.7848000255322331e-06,1.0000000000000000e+00,4.0134106956308671e-12,7.4892628631972524e-03,-5.9080175655533125e-05,1.5962733176440465e-04,-3.5166770617358901e-05,1.0000000000000000e+00,
1.0004279428667011e+00,-1.1324444521357428e-06,1.0000000000000016e+00,4.0968264246707441e-12,4.9467962070451309e-03,-7.0620420471358557e-07,3.1569777541410769e-03,-4.3563656046296652e-07,1.0000000000000000e+00,

