1
1
1
1
(64 0
((0,0) (16,16) (1,1))
((16,0) (32,16) (1,1))
((32,0) (48,16) (1,1))
((48,0) (64,16) (1,1))
((64,0) (80,16) (1,1))
((80,0) (96,16) (1,1))
((96,0) (112,16) (1,1))
((112,0) (128,16) (1,1))
((0,16) (16,32) (1,1))
((16,16) (32,32) (1,1))
((32,16) (48,32) (1,1))
((48,16) (64,32) (1,1))
((64,16) (80,32) (1,1))
((80,16) (96,32) (1,1))
((96,16) (112,32) (1,1))
((112,16) (128,32) (1,1))
((0,32) (16,48) (1,1))
((16,32) (32,48) (1,1))
((32,32) (48,48) (1,1))
((48,32) (64,48) (1,1))
((64,32) (80,48) (1,1))
((80,32) (96,48) (1,1))
((96,32) (112,48) (1,1))
((112,32) (128,48) (1,1))
((0,48) (16,64) (1,1))
((16,48) (32,64) (1,1))
((32,48) (48,64) (1,1))
((48,48) (64,64) (1,1))
((64,48) (80,64) (1,1))
((80,48) (96,64) (1,1))
((96,48) (112,64) (1,1))
((112,48) (128,64) (1,1))
((0,64) (16,80) (1,1))
((16,64) (32,80) (1,1))
((32,64) (48,80) (1,1))
((48,64) (64,80) (1,1))
((64,64) (80,80) (1,1))
((80,64) (96,80) (1,1))
((96,64) (112,80) (1,1))
((112,64) (128,80) (1,1))
((0,80) (16,96) (1,1))
((16,80) (32,96) (1,1))
((32,80) (48,96) (1,1))
((48,80) (64,96) (1,1))
((64,80) (80,96) (1,1))
((80,80) (96,96) (1,1))
((96,80) (112,96) (1,1))
((112,80) (128,96) (1,1))
((0,96) (16,112) (1,1))
((16,96) (32,112) (1,1))
((32,96) (48,112) (1,1))
((48,96) (64,112) (1,1))
((64,96) (80,112) (1,1))
((80,96) (96,112) (1,1))
((96,96) (112,112) (1,1))
((112,96) (128,112) (1,1))
((0,112) (16,128) (1,1))
((16,112) (32,128) (1,1))
((32,112) (48,128) (1,1))
((48,112) (64,128) (1,1))
((64,112) (80,128) (1,1))
((80,112) (96,128) (1,1))
((96,112) (112,128) (1,1))
((112,112) (128,128) (1,1))
)
64
FabOnDisk: SD_1_Old_MF_D_00000 0
FabOnDisk: SD_1_Old_MF_D_00000 2972
FabOnDisk: SD_1_Old_MF_D_00000 5944
FabOnDisk: SD_1_Old_MF_D_00000 8916
FabOnDisk: SD_1_Old_MF_D_00000 11888
FabOnDisk: SD_1_Old_MF_D_00000 14860
FabOnDisk: SD_1_Old_MF_D_00000 17832
FabOnDisk: SD_1_Old_MF_D_00000 20805
FabOnDisk: SD_1_Old_MF_D_00000 23779
FabOnDisk: SD_1_Old_MF_D_00000 26751
FabOnDisk: SD_1_Old_MF_D_00000 29723
FabOnDisk: SD_1_Old_MF_D_00000 32695
FabOnDisk: SD_1_Old_MF_D_00000 35667
FabOnDisk: SD_1_Old_MF_D_00000 38639
FabOnDisk: SD_1_Old_MF_D_00000 41611
FabOnDisk: SD_1_Old_MF_D_00000 44584
FabOnDisk: SD_1_Old_MF_D_00000 47558
FabOnDisk: SD_1_Old_MF_D_00000 50530
FabOnDisk: SD_1_Old_MF_D_00000 53502
FabOnDisk: SD_1_Old_MF_D_00000 56474
FabOnDisk: SD_1_Old_MF_D_00000 59446
FabOnDisk: SD_1_Old_MF_D_00000 62418
FabOnDisk: SD_1_Old_MF_D_00000 65390
FabOnDisk: SD_1_Old_MF_D_00000 68363
FabOnDisk: SD_1_Old_MF_D_00000 71337
FabOnDisk: SD_1_Old_MF_D_00000 74309
FabOnDisk: SD_1_Old_MF_D_00000 77281
FabOnDisk: SD_1_Old_MF_D_00000 80253
FabOnDisk: SD_1_Old_MF_D_00000 83225
FabOnDisk: SD_1_Old_MF_D_00000 86197
FabOnDisk: SD_1_Old_MF_D_00000 89169
FabOnDisk: SD_1_Old_MF_D_00000 92142
FabOnDisk: SD_1_Old_MF_D_00000 95116
FabOnDisk: SD_1_Old_MF_D_00000 98088
FabOnDisk: SD_1_Old_MF_D_00000 101060
FabOnDisk: SD_1_Old_MF_D_00000 104032
FabOnDisk: SD_1_Old_MF_D_00000 107004
FabOnDisk: SD_1_Old_MF_D_00000 109976
FabOnDisk: SD_1_Old_MF_D_00000 112948
FabOnDisk: SD_1_Old_MF_D_00000 115921
FabOnDisk: SD_1_Old_MF_D_00000 118895
FabOnDisk: SD_1_Old_MF_D_00000 121867
FabOnDisk: SD_1_Old_MF_D_00000 124839
FabOnDisk: SD_1_Old_MF_D_00000 127811
FabOnDisk: SD_1_Old_MF_D_00000 130783
FabOnDisk: SD_1_Old_MF_D_00000 133755
FabOnDisk: SD_1_Old_MF_D_00000 136727
FabOnDisk: SD_1_Old_MF_D_00000 139700
FabOnDisk: SD_1_Old_MF_D_00000 142674
FabOnDisk: SD_1_Old_MF_D_00000 145647
FabOnDisk: SD_1_Old_MF_D_00000 148620
FabOnDisk: SD_1_Old_MF_D_00000 151593
FabOnDisk: SD_1_Old_MF_D_00000 154566
FabOnDisk: SD_1_Old_MF_D_00000 157539
FabOnDisk: SD_1_Old_MF_D_00000 160512
FabOnDisk: SD_1_Old_MF_D_00000 163486
FabOnDisk: SD_1_Old_MF_D_00000 166461
FabOnDisk: SD_1_Old_MF_D_00000 169435
FabOnDisk: SD_1_Old_MF_D_00000 172409
FabOnDisk: SD_1_Old_MF_D_00000 175383
FabOnDisk: SD_1_Old_MF_D_00000 178357
FabOnDisk: SD_1_Old_MF_D_00000 181331
FabOnDisk: SD_1_Old_MF_D_00000 184305
FabOnDisk: SD_1_Old_MF_D_00000 187280

64,1
1.8620353016402288e-02,
1.1586315333700831e-02,
5.3741201787968909e-03,
2.4039831289662406e-03,
1.0792026392799309e-03,
4.7393127542229394e-04,
1.7884820281932219e-04,
0.0000000000000000e+00,
2.0485500677698151e-02,
6.4298460479336713e-03,
7.1845036124853123e-04,
8.8027157440473056e-05,
1.4894577982913564e-05,
2.9166549520820669e-06,
5.9209959288437748e-07,
0.0000000000000000e+00,
2.6976738980610357e-02,
-2.4927916598567391e-02,
-2.3021465828007653e-02,
-6.3378613483084326e-03,
-2.4562443803151919e-03,
-1.0834087977234282e-03,
-4.7448379518021458e-04,
-1.7891943340143799e-04,
4.6436181111770100e-02,
-1.7354757035032478e+00,
-4.9391761203187959e-02,
-7.2333352557190532e-03,
-3.3635546112673487e-03,
-1.5326200023260089e-03,
-6.7279513196111110e-04,
-2.5352870482309728e-04,
4.6436181111770856e-02,
-1.7354757035032475e+00,
-4.9391761203186696e-02,
-7.2333352557187149e-03,
-3.3635546112673487e-03,
-1.5326200023260089e-03,
-6.7279513196111110e-04,
-2.5352870482309728e-04,
2.6976738980611235e-02,
-2.4927916598567676e-02,
-2.3021465828008000e-02,
-6.3378613483078029e-03,
-2.4562443803146511e-03,
-1.0834087977230336e-03,
-4.7448379518010432e-04,
-1.7891943340201809e-04,
2.0485500677699265e-02,
6.4298460479342333e-03,
7.1845036124965902e-04,
8.8027157440860631e-05,
1.4894577982898899e-05,
2.9166549518672052e-06,
5.9209959263108297e-07,
0.0000000000000000e+00,
1.8620353016402497e-02,
1.1586315333700341e-02,
5.3741201787984695e-03,
2.4039831289673951e-03,
1.0792026392793419e-03,
4.7393127542165854e-04,
1.7884820281780168e-04,
0.0000000000000000e+00,

64,1
2.5237969553226259e-02,
2.0485500677698151e-02,
1.2280805847914087e-02,
6.6535886832743557e-03,
3.2393406373656709e-03,
1.5011919408720051e-03,
6.6614933802140524e-04,
2.5221492955178912e-04,
4.0786630581928426e-02,
2.6976738980610357e-02,
1.1586315333700831e-02,
5.3741201787968909e-03,
2.4039831289662406e-03,
1.0792026392799309e-03,
4.7393127542229394e-04,
1.7884820281932219e-04,
8.8235773058369049e-02,
4.6436181111770100e-02,
6.4298460479336713e-03,
7.1845036124853123e-04,
8.8027157440473056e-05,
1.4894577982913564e-05,
2.9166549520820669e-06,
5.9209959288437748e-07,
3.5636667212911977e-01,
8.0295725612500202e-01,
4.1880240407949590e-02,
-2.4562443803151919e-03,
-1.0834087977234282e-03,
-4.7448379518021458e-04,
-1.7891943340143799e-04,
0.0000000000000000e+00,
3.5636667212911977e-01,
8.0295725612500202e-01,
4.1880240407949590e-02,
-2.4562443803146511e-03,
-1.0834087977230336e-03,
-4.7448379518010432e-04,
-1.7891943340201809e-04,
0.0000000000000000e+00,
8.8235773058371381e-02,
4.6436181111770856e-02,
6.4298460479342333e-03,
7.1845036124965902e-04,
8.8027157440860631e-05,
1.4894577982898899e-05,
2.9166549518672052e-06,
5.9209959263108297e-07,
4.0786630581928864e-02,
2.6976738980611235e-02,
1.1586315333700341e-02,
5.3741201787984695e-03,
2.4039831289673951e-03,
1.0792026392793419e-03,
4.7393127542165854e-04,
1.7884820281780168e-04,
2.5237969553226519e-02,
2.0485500677699265e-02,
1.2280805847913386e-02,
6.6535886832765675e-03,
3.2393406373675379e-03,
1.5011919408712865e-03,
6.6614933802006744e-04,
2.5221492955049610e-04,

