1
1
2
4
(6 0
((32,112) (47,127) (0,0))
((48,112) (63,127) (0,0))
((64,112) (71,127) (0,0))
((32,128) (47,143) (0,0))
((48,128) (63,143) (0,0))
((64,128) (71,143) (0,0))
)
6
FabOnDisk: SD_2_New_MF_D_00000 0
FabOnDisk: SD_2_New_MF_D_00000 9302
FabOnDisk: SD_2_New_MF_D_00000 18604
FabOnDisk: SD_2_New_MF_D_00000 24834
FabOnDisk: SD_2_New_MF_D_00000 34136
FabOnDisk: SD_2_New_MF_D_00000 43438

6,2
-5.6525749975694998e+02,-2.2014948482817121e+02,
-3.1874904569475467e+02,-2.2532941642638247e+02,
-1.2160186482863350e+02,-2.5587358994825311e+02,
-5.6522563832052379e+02,-4.5914517929654755e+02,
-3.1876772269465420e+02,-1.7253705631381473e+02,
-1.2176983790177110e+02,-1.1109582016501494e+02,

6,2
1.0000000000000000e+40,1.0000000000000000e+40,
1.0000000000000000e+40,1.0000000000000000e+40,
2.4066141548879509e+02,1.1081774626970042e+02,
1.0000000000000000e+40,1.0000000000000000e+40,
1.0000000000000000e+40,1.0000000000000000e+40,
2.4154628733909590e+02,2.5600344596722914e+02,

