1
1
9
0
(6 0
((80,232) (95,247) (0,0))
((96,232) (111,247) (0,0))
((80,248) (95,263) (0,0))
((96,248) (111,263) (0,0))
((80,264) (95,279) (0,0))
((96,264) (111,279) (0,0))
)
6
FabOnDisk: Cell_D_00000 0
FabOnDisk: Cell_D_00000 18518
FabOnDisk: Cell_D_00000 37037
FabOnDisk: Cell_D_00000 55555
FabOnDisk: Cell_D_00000 74074
FabOnDisk: Cell_D_00000 92592

6,9
-2.0431445765678355e-01,-7.1295485245906476e-01,0.0000000000000000e+00,-8.0994165995164963e-16,-9.0045980253278253e+02,-4.0152642796974612e+02,0.0000000000000000e+00,-2.0842111620135002e+00,0.0000000000000000e+00,
-1.0148527328364793e-01,-5.2000271439653134e-01,0.0000000000000000e+00,-2.4802616790135842e-15,-3.1684483273316755e+02,-1.5615518619637854e+02,0.0000000000000000e+00,-3.6321099940114088e-01,0.0000000000000000e+00,
0.0000000000000000e+00,-6.3049543351307713e-01,0.0000000000000000e+00,-8.3467316931794537e-15,-4.9134748456315515e+02,-4.8775102865644971e+02,0.0000000000000000e+00,0.0000000000000000e+00,0.0000000000000000e+00,
-2.0586004693441320e-01,-4.9536504867024128e-01,0.0000000000000000e+00,-3.0498972776869224e-15,-3.8034334994337610e+02,-2.0382184031504880e+02,0.0000000000000000e+00,-3.4800272245013286e-01,0.0000000000000000e+00,
-2.0432316773561707e-01,-1.8686094828744992e-01,0.0000000000000000e+00,-8.4858657296868506e-15,-9.0020759331230602e+02,-4.2375831134437146e+02,0.0000000000000000e+00,-2.0846421840325697e+00,0.0000000000000000e+00,
-1.0176386171854657e-01,-7.8056498637006973e-03,0.0000000000000000e+00,-2.6088929922635160e-15,-3.1722287988266964e+02,-2.5183518066456611e+02,0.0000000000000000e+00,-3.6312020808592116e-01,0.0000000000000000e+00,

6,9
1.2781626164832969e+00,1.8688082167622394e-01,1.0000000000001230e+00,7.8971629446919425e-16,2.7839736882685185e+02,4.2545133914311793e+02,9.6753525718143374e+03,8.6636934146824640e-01,1.0000000000000000e+00,
1.3605118154388562e+00,7.7664756474528597e-03,1.0000000000008018e+00,2.0448197873160913e-15,1.0204608804009864e+02,2.5150590760716830e+02,2.7980344208789784e+03,1.2490306614198361e+00,1.0000000000000000e+00,
5.3119903552752168e-01,6.3046182476278556e-01,1.0000000000000684e+00,1.0464191312744158e-17,1.1561487969525857e+02,4.8759649422361451e+02,2.1230344604180855e+03,9.9056745481052222e-01,1.0000000000000000e+00,
0.0000000000000000e+00,4.9505055136234155e-01,1.0000000000005824e+00,8.5785921630961868e-15,1.1687288751594355e+02,2.0911442357904878e+02,1.7440677732473955e+03,1.3744247678229700e+00,1.0000000000000000e+00,
1.2781425140873610e+00,7.1292092744573621e-01,1.0000000000000826e+00,4.3253051642094015e-16,2.7676293989887211e+02,4.0173025159304723e+02,9.6748674115532231e+03,8.6611836175082368e-01,1.0000000000000000e+00,
1.3605113501865953e+00,5.1987929128129151e-01,1.0000000000014431e+00,6.3956545353086526e-15,1.0212631414115482e+02,1.5621318399075079e+02,2.7983454780597745e+03,1.2519561150804333e+00,1.0000000000000000e+00,

