1
1
1
1
(113 0
((0,152) (16,168) (1,1))
((0,168) (16,176) (1,1))
((24,152) (40,168) (1,1))
((224,152) (240,168) (1,1))
((72,160) (88,168) (1,1))
((184,160) (192,168) (1,1))
((40,168) (56,184) (1,1))
((40,184) (56,192) (1,1))
((56,168) (72,184) (1,1))
((120,168) (128,176) (1,1))
((208,168) (216,176) (1,1))
((136,176) (152,192) (1,1))
((152,176) (168,192) (1,1))
((200,176) (216,192) (1,1))
((168,184) (176,200) (1,1))
((0,192) (16,208) (1,1))
((48,192) (56,200) (1,1))
((96,168) (112,184) (1,1))
((96,184) (112,200) (1,1))
((128,192) (136,208) (1,1))
((160,192) (168,208) (1,1))
((192,192) (208,208) (1,1))
((208,192) (216,208) (1,1))
((224,192) (240,208) (1,1))
((240,192) (248,208) (1,1))
((224,208) (240,224) (1,1))
((240,208) (248,224) (1,1))
((224,224) (240,232) (1,1))
((240,224) (248,232) (1,1))
((32,200) (40,216) (1,1))
((136,200) (144,216) (1,1))
((136,216) (144,232) (1,1))
((112,208) (128,224) (1,1))
((112,224) (128,232) (1,1))
((176,208) (184,224) (1,1))
((184,208) (200,224) (1,1))
((200,208) (216,224) (1,1))
((184,224) (200,232) (1,1))
((200,224) (216,232) (1,1))
((56,216) (72,232) (1,1))
((40,224) (48,232) (1,1))
((160,224) (168,240) (1,1))
((8,232) (16,240) (1,1))
((24,232) (32,240) (1,1))
((80,232) (96,248) (1,1))
((96,232) (112,248) (1,1))
((112,232) (120,248) (1,1))
((80,248) (96,264) (1,1))
((96,248) (112,264) (1,1))
((112,248) (120,264) (1,1))
((184,232) (192,248) (1,1))
((184,248) (192,264) (1,1))
((232,232) (248,240) (1,1))
((24,240) (40,256) (1,1))
((24,256) (40,264) (1,1))
((216,240) (232,248) (1,1))
((8,248) (24,264) (1,1))
((208,248) (224,264) (1,1))
((224,248) (240,264) (1,1))
((16,264) (24,280) (1,1))
((64,264) (80,280) (1,1))
((80,264) (96,280) (1,1))
((96,264) (112,280) (1,1))
((128,264) (136,272) (1,1))
((184,264) (200,272) (1,1))
((192,272) (208,288) (1,1))
((216,272) (232,288) (1,1))
((0,280) (8,296) (1,1))
((96,280) (112,296) (1,1))
((136,280) (152,296) (1,1))
((152,280) (168,296) (1,1))
((136,296) (152,312) (1,1))
((152,296) (168,312) (1,1))
((168,280) (176,288) (1,1))
((16,288) (32,304) (1,1))
((16,304) (32,312) (1,1))
((168,288) (184,304) (1,1))
((192,288) (208,296) (1,1))
((80,296) (96,312) (1,1))
((96,296) (104,312) (1,1))
((80,312) (96,320) (1,1))
((96,312) (104,320) (1,1))
((192,296) (200,304) (1,1))
((200,296) (216,312) (1,1))
((216,296) (224,312) (1,1))
((56,304) (64,320) (1,1))
((56,320) (64,336) (1,1))
((56,336) (64,352) (1,1))
((56,352) (64,360) (1,1))
((184,304) (192,312) (1,1))
((16,312) (32,328) (1,1))
((32,312) (48,328) (1,1))
((48,312) (56,328) (1,1))
((120,312) (136,328) (1,1))
((120,328) (136,336) (1,1))
((184,312) (200,328) (1,1))
((200,312) (208,328) (1,1))
((208,312) (216,320) (1,1))
((136,320) (144,328) (1,1))
((160,320) (168,328) (1,1))
((0,328) (8,336) (1,1))
((8,328) (24,344) (1,1))
((32,328) (48,344) (1,1))
((88,328) (96,344) (1,1))
((136,328) (152,344) (1,1))
((152,328) (168,344) (1,1))
((184,328) (200,344) (1,1))
((208,328) (224,344) (1,1))
((224,328) (232,344) (1,1))
((8,344) (16,352) (1,1))
((16,344) (32,360) (1,1))
((32,344) (40,360) (1,1))
((48,344) (56,360) (1,1))
)
113
FabOnDisk: SD_1_New_MF_D_00000 0
FabOnDisk: SD_1_New_MF_D_00000 2974
FabOnDisk: SD_1_New_MF_D_00000 4732
FabOnDisk: SD_1_New_MF_D_00000 7706
FabOnDisk: SD_1_New_MF_D_00000 10682
FabOnDisk: SD_1_New_MF_D_00000 12440
FabOnDisk: SD_1_New_MF_D_00000 13496
FabOnDisk: SD_1_New_MF_D_00000 16470
FabOnDisk: SD_1_New_MF_D_00000 18228
FabOnDisk: SD_1_New_MF_D_00000 21202
FabOnDisk: SD_1_New_MF_D_00000 22258
FabOnDisk: SD_1_New_MF_D_00000 23314
FabOnDisk: SD_1_New_MF_D_00000 26290
FabOnDisk: SD_1_New_MF_D_00000 29266
FabOnDisk: SD_1_New_MF_D_00000 32242
FabOnDisk: SD_1_New_MF_D_00000 34002
FabOnDisk: SD_1_New_MF_D_00000 36976
FabOnDisk: SD_1_New_MF_D_00000 38030
FabOnDisk: SD_1_New_MF_D_00000 41005
FabOnDisk: SD_1_New_MF_D_00000 43980
FabOnDisk: SD_1_New_MF_D_00000 45740
FabOnDisk: SD_1_New_MF_D_00000 47500
FabOnDisk: SD_1_New_MF_D_00000 50476
FabOnDisk: SD_1_New_MF_D_00000 52236
FabOnDisk: SD_1_New_MF_D_00000 55212
FabOnDisk: SD_1_New_MF_D_00000 56972
FabOnDisk: SD_1_New_MF_D_00000 59948
FabOnDisk: SD_1_New_MF_D_00000 61708
FabOnDisk: SD_1_New_MF_D_00000 63468
FabOnDisk: SD_1_New_MF_D_00000 64524
FabOnDisk: SD_1_New_MF_D_00000 66282
FabOnDisk: SD_1_New_MF_D_00000 68042
FabOnDisk: SD_1_New_MF_D_00000 69802
FabOnDisk: SD_1_New_MF_D_00000 72778
FabOnDisk: SD_1_New_MF_D_00000 74538
FabOnDisk: SD_1_New_MF_D_00000 76298
FabOnDisk: SD_1_New_MF_D_00000 79274
FabOnDisk: SD_1_New_MF_D_00000 82250
FabOnDisk: SD_1_New_MF_D_00000 84010
FabOnDisk: SD_1_New_MF_D_00000 85770
FabOnDisk: SD_1_New_MF_D_00000 88744
FabOnDisk: SD_1_New_MF_D_00000 89798
FabOnDisk: SD_1_New_MF_D_00000 91558
FabOnDisk: SD_1_New_MF_D_00000 92611
FabOnDisk: SD_1_New_MF_D_00000 93665
FabOnDisk: SD_1_New_MF_D_00000 96639
FabOnDisk: SD_1_New_MF_D_00000 99614
FabOnDisk: SD_1_New_MF_D_00000 101374
FabOnDisk: SD_1_New_MF_D_00000 104348
FabOnDisk: SD_1_New_MF_D_00000 107323
FabOnDisk: SD_1_New_MF_D_00000 109083
FabOnDisk: SD_1_New_MF_D_00000 110843
FabOnDisk: SD_1_New_MF_D_00000 112603
FabOnDisk: SD_1_New_MF_D_00000 114363
FabOnDisk: SD_1_New_MF_D_00000 117337
FabOnDisk: SD_1_New_MF_D_00000 119095
FabOnDisk: SD_1_New_MF_D_00000 120855
FabOnDisk: SD_1_New_MF_D_00000 123828
FabOnDisk: SD_1_New_MF_D_00000 126804
FabOnDisk: SD_1_New_MF_D_00000 129780
FabOnDisk: SD_1_New_MF_D_00000 131538
FabOnDisk: SD_1_New_MF_D_00000 134512
FabOnDisk: SD_1_New_MF_D_00000 137486
FabOnDisk: SD_1_New_MF_D_00000 140461
FabOnDisk: SD_1_New_MF_D_00000 141517
FabOnDisk: SD_1_New_MF_D_00000 143277
FabOnDisk: SD_1_New_MF_D_00000 146253
FabOnDisk: SD_1_New_MF_D_00000 149229
FabOnDisk: SD_1_New_MF_D_00000 150986
FabOnDisk: SD_1_New_MF_D_00000 153961
FabOnDisk: SD_1_New_MF_D_00000 156937
FabOnDisk: SD_1_New_MF_D_00000 159913
FabOnDisk: SD_1_New_MF_D_00000 162889
FabOnDisk: SD_1_New_MF_D_00000 165865
FabOnDisk: SD_1_New_MF_D_00000 166921
FabOnDisk: SD_1_New_MF_D_00000 169895
FabOnDisk: SD_1_New_MF_D_00000 171653
FabOnDisk: SD_1_New_MF_D_00000 174629
FabOnDisk: SD_1_New_MF_D_00000 176389
FabOnDisk: SD_1_New_MF_D_00000 179363
FabOnDisk: SD_1_New_MF_D_00000 181122
FabOnDisk: SD_1_New_MF_D_00000 182880
FabOnDisk: SD_1_New_MF_D_00000 183935
FabOnDisk: SD_1_New_MF_D_00000 184991
FabOnDisk: SD_1_New_MF_D_00000 187967
FabOnDisk: SD_1_New_MF_D_00000 189727
FabOnDisk: SD_1_New_MF_D_00000 191485
FabOnDisk: SD_1_New_MF_D_00000 193243
FabOnDisk: SD_1_New_MF_D_00000 195001
FabOnDisk: SD_1_New_MF_D_00000 196055
FabOnDisk: SD_1_New_MF_D_00000 197111
FabOnDisk: SD_1_New_MF_D_00000 200085
FabOnDisk: SD_1_New_MF_D_00000 203059
FabOnDisk: SD_1_New_MF_D_00000 204817
FabOnDisk: SD_1_New_MF_D_00000 207793
FabOnDisk: SD_1_New_MF_D_00000 209553
FabOnDisk: SD_1_New_MF_D_00000 212529
FabOnDisk: SD_1_New_MF_D_00000 214289
FabOnDisk: SD_1_New_MF_D_00000 215345
FabOnDisk: SD_1_New_MF_D_00000 216401
FabOnDisk: SD_1_New_MF_D_00000 217457
FabOnDisk: SD_1_New_MF_D_00000 218510
FabOnDisk: SD_1_New_MF_D_00000 221483
FabOnDisk: SD_1_New_MF_D_00000 224457
FabOnDisk: SD_1_New_MF_D_00000 226215
FabOnDisk: SD_1_New_MF_D_00000 229191
FabOnDisk: SD_1_New_MF_D_00000 232167
FabOnDisk: SD_1_New_MF_D_00000 235143
FabOnDisk: SD_1_New_MF_D_00000 238119
FabOnDisk: SD_1_New_MF_D_00000 239879
FabOnDisk: SD_1_New_MF_D_00000 240932
FabOnDisk: SD_1_New_MF_D_00000 243906
FabOnDisk: SD_1_New_MF_D_00000 245664

113,1
-7.2210420868872325e+02,
-8.4783088164166747e+02,
-8.0619398395760709e+02,
-3.0916147320521577e+02,
-7.5570513552840839e+02,
-3.6356883745829646e+02,
-1.0228820770688030e+03,
-1.0228820770688030e+03,
-7.8715175167652978e+02,
-5.4400165503041944e+02,
-4.7686791431967595e+02,
-6.7553575416080730e+02,
-5.8280074967495011e+02,
-6.3914996500714733e+02,
-6.2787123269619997e+02,
-1.0873344676381603e+03,
-1.0089260438597439e+03,
-9.2360057389994472e+02,
-9.3784448691176340e+02,
-7.7378068401168730e+02,
-5.9460391444634797e+02,
-7.4074612884065436e+02,
-3.5122998855639753e+02,
-3.5313355912655015e+02,
-1.2809942104091488e+02,
-4.1326979099426444e+02,
-4.5558580118745340e+01,
-4.1437914171846114e+02,
-3.8757555900440366e+01,
-1.1225027118411281e+03,
-5.6651269644136892e+02,
-5.6252388895014155e+02,
-1.0040779236119006e+03,
-9.9943055427246145e+02,
-8.2865063664461832e+02,
-7.8882677389912806e+02,
-5.1675064073851945e+02,
-8.6627243116308728e+02,
-4.6456507500440375e+02,
-1.2426737828532937e+03,
-1.2799248006364123e+03,
-7.9249911311286678e+02,
-1.8235934981679718e+03,
-1.6366678289865513e+03,
-1.5196095779667321e+03,
-9.2980547857439296e+02,
-8.8436215580381850e+02,
-1.5196095779667321e+03,
-6.3174241144397865e+02,
-5.3959719778626186e+02,
-9.3585484954199001e+02,
-9.3585484954199001e+02,
-3.0203626669196274e+02,
-1.6847129888317870e+03,
-1.5576510589464060e+03,
-4.2779911416641426e+02,
-2.0395548753798703e+03,
-3.6799713131403951e+02,
-1.7737313499306038e+02,
-1.8613679819005342e+03,
-1.3184913140061508e+03,
-1.5169959724052242e+03,
-1.0681690504594958e+03,
-5.1892731472785044e+02,
-7.9821709262153990e+02,
-5.9278460594138733e+02,
-6.6365050075972249e+01,
-2.0652842990962167e+03,
-1.1287271647664106e+03,
-7.9813538104651525e+02,
-6.5413660878880455e+02,
-8.1848614443875294e+02,
-6.6570475187957118e+02,
-6.6352328243902093e+02,
-1.7166763768067858e+03,
-1.7236663550399949e+03,
-5.8715079290687027e+02,
-5.7482672312170325e+02,
-1.1665556598932521e+03,
-1.0323156212128656e+03,
-1.0187882374435944e+03,
-7.1795962725269783e+02,
-4.9708212485920285e+02,
-3.7203186451238844e+02,
7.8721034558808697e+01,
-1.2576882742928874e+03,
-9.9651795403319738e+02,
-9.8027777784257023e+02,
-7.3673032129345029e+02,
-6.0883988614150530e+02,
-1.7461232765710674e+03,
-1.2959787746466559e+03,
-1.1703137474931264e+03,
-8.4552016916763205e+02,
-8.4552016916763205e+02,
-6.0883988614150530e+02,
-3.4713027039002645e+02,
-5.2214030396134149e+01,
-6.2446006333145260e+02,
-6.0153941727172742e+02,
-1.8997631841927430e+03,
-1.8230444408961721e+03,
-1.3286917499731421e+03,
-8.8875137335490626e+02,
-7.7379453117942148e+02,
-6.2570747299201730e+02,
-5.0285359216783263e+02,
-2.0036317224948789e+02,
-1.1926074591765018e+02,
-1.7201295932397056e+03,
-1.4559340698324804e+03,
-1.2191876160069783e+03,
-9.0219714351052789e+02,

113,1
-5.1385136438420068e+02,
-6.3172153387424169e+02,
-5.3555893963023891e+02,
-6.7771205497484516e+01,
-6.1682361515338880e+02,
-2.6322678578114255e+02,
-6.9520932130389201e+02,
-6.8240552382939768e+02,
-6.4162419729276189e+02,
-4.3709424961732248e+02,
-1.3686892992489311e+02,
-4.6696545654169813e+02,
-4.0646513791414145e+02,
-5.5317180161082433e+01,
-4.3226901186402301e+02,
-8.5155204724270516e+02,
-7.0291859712162022e+02,
-4.1393905489072495e+02,
-4.4485426701346751e+02,
-4.5308331070610575e+02,
-4.9870413994095406e+02,
-3.3833573496784584e+02,
-8.3325243531018259e+01,
-4.5558580118745340e+01,
1.1108872870428559e+02,
-3.8757555900440366e+01,
1.4185676297990949e+02,
-2.3903648180203618e+01,
1.7492656900911879e+02,
-8.7358510470430838e+02,
-4.0123366721225193e+02,
-3.7908421623407639e+02,
-4.2238830483452466e+02,
-4.0693559343445077e+02,
-7.2819734175148596e+02,
-4.6456507500440375e+02,
-1.5120282316616112e+02,
-4.0443892585892718e+02,
-1.8378531583698805e+02,
-9.2356296000995508e+02,
-1.1333833257547390e+03,
-6.5741674844460067e+02,
-1.6222567095425193e+03,
-1.3117215182259029e+03,
0.0000000000000000e+00,
0.0000000000000000e+00,
-4.0316679948291858e+02,
0.0000000000000000e+00,
0.0000000000000000e+00,
-3.9373697110774856e+02,
-4.1335120687061180e+02,
-3.5369084014564942e+02,
1.7492656900911879e+02,
-1.1732596461675003e+03,
-1.1610756301828869e+03,
4.7256107394024639e+01,
-1.4263510326124970e+03,
-2.9589471380419127e+01,
1.0853475369319221e+02,
-1.4176902218255600e+03,
-1.0699050115806444e+03,
0.0000000000000000e+00,
0.0000000000000000e+00,
-3.9784980496536855e+02,
-2.4888406541293989e+02,
5.8315215437454754e+01,
2.5492333585112783e+02,
-1.8810338964330244e+03,
-4.9655898173047399e+02,
-5.1542414159437931e+02,
-5.3828235074035820e+02,
-6.1327166256839882e+02,
-5.2339504931627198e+02,
-5.1475880862702570e+02,
-1.0926901399622907e+03,
-1.0932388189622102e+03,
-4.2755360753533205e+02,
7.6185561345857877e+01,
-7.1795962725269783e+02,
-5.1352978428199594e+02,
-6.5859023635216954e+02,
-5.6814119691911856e+02,
-2.5909205071410270e+02,
1.9473952522984609e+02,
2.9643106424721645e+02,
-8.2648262621188451e+02,
-6.6932710677242949e+02,
-5.3242567150433342e+02,
-5.3085608076851349e+02,
-3.3744734671454535e+02,
-1.1468852740157972e+03,
-9.0909671526089051e+02,
-9.0909671526089051e+02,
-5.4271707570931949e+02,
-6.2446006333145260e+02,
-8.4959491886661908e+01,
1.0342806020850594e+02,
1.9473952522984609e+02,
-4.7229574615691763e+02,
-5.0073183871884703e+02,
-1.7575581197610954e+03,
-1.2210895325241499e+03,
-8.2341974921587189e+02,
-5.8615497540163369e+02,
-4.8147340970099594e+02,
-4.6626764402813615e+02,
-7.0541787561151523e+01,
8.4881307857805950e+01,
1.7750629707893177e+02,
-1.3947510311879923e+03,
-9.3527739834558815e+02,
-8.3407898409321251e+02,
-7.3166695851396116e+02,

