1
1
2
4
(113 0
((0,152) (15,167) (0,0))
((0,168) (15,175) (0,0))
((24,152) (39,167) (0,0))
((224,152) (239,167) (0,0))
((72,160) (87,167) (0,0))
((184,160) (191,167) (0,0))
((40,168) (55,183) (0,0))
((40,184) (55,191) (0,0))
((56,168) (71,183) (0,0))
((120,168) (127,175) (0,0))
((208,168) (215,175) (0,0))
((136,176) (151,191) (0,0))
((152,176) (167,191) (0,0))
((200,176) (215,191) (0,0))
((168,184) (175,199) (0,0))
((0,192) (15,207) (0,0))
((48,192) (55,199) (0,0))
((96,168) (111,183) (0,0))
((96,184) (111,199) (0,0))
((128,192) (135,207) (0,0))
((160,192) (167,207) (0,0))
((192,192) (207,207) (0,0))
((208,192) (215,207) (0,0))
((224,192) (239,207) (0,0))
((240,192) (247,207) (0,0))
((224,208) (239,223) (0,0))
((240,208) (247,223) (0,0))
((224,224) (239,231) (0,0))
((240,224) (247,231) (0,0))
((32,200) (39,215) (0,0))
((136,200) (143,215) (0,0))
((136,216) (143,231) (0,0))
((112,208) (127,223) (0,0))
((112,224) (127,231) (0,0))
((176,208) (183,223) (0,0))
((184,208) (199,223) (0,0))
((200,208) (215,223) (0,0))
((184,224) (199,231) (0,0))
((200,224) (215,231) (0,0))
((56,216) (71,231) (0,0))
((40,224) (47,231) (0,0))
((160,224) (167,239) (0,0))
((8,232) (15,239) (0,0))
((24,232) (31,239) (0,0))
((80,232) (95,247) (0,0))
((96,232) (111,247) (0,0))
((112,232) (119,247) (0,0))
((80,248) (95,263) (0,0))
((96,248) (111,263) (0,0))
((112,248) (119,263) (0,0))
((184,232) (191,247) (0,0))
((184,248) (191,263) (0,0))
((232,232) (247,239) (0,0))
((24,240) (39,255) (0,0))
((24,256) (39,263) (0,0))
((216,240) (231,247) (0,0))
((8,248) (23,263) (0,0))
((208,248) (223,263) (0,0))
((224,248) (239,263) (0,0))
((16,264) (23,279) (0,0))
((64,264) (79,279) (0,0))
((80,264) (95,279) (0,0))
((96,264) (111,279) (0,0))
((128,264) (135,271) (0,0))
((184,264) (199,271) (0,0))
((192,272) (207,287) (0,0))
((216,272) (231,287) (0,0))
((0,280) (7,295) (0,0))
((96,280) (111,295) (0,0))
((136,280) (151,295) (0,0))
((152,280) (167,295) (0,0))
((136,296) (151,311) (0,0))
((152,296) (167,311) (0,0))
((168,280) (175,287) (0,0))
((16,288) (31,303) (0,0))
((16,304) (31,311) (0,0))
((168,288) (183,303) (0,0))
((192,288) (207,295) (0,0))
((80,296) (95,311) (0,0))
((96,296) (103,311) (0,0))
((80,312) (95,319) (0,0))
((96,312) (103,319) (0,0))
((192,296) (199,303) (0,0))
((200,296) (215,311) (0,0))
((216,296) (223,311) (0,0))
((56,304) (63,319) (0,0))
((56,320) (63,335) (0,0))
((56,336) (63,351) (0,0))
((56,352) (63,359) (0,0))
((184,304) (191,311) (0,0))
((16,312) (31,327) (0,0))
((32,312) (47,327) (0,0))
((48,312) (55,327) (0,0))
((120,312) (135,327) (0,0))
((120,328) (135,335) (0,0))
((184,312) (199,327) (0,0))
((200,312) (207,327) (0,0))
((208,312) (215,319) (0,0))
((136,320) (143,327) (0,0))
((160,320) (167,327) (0,0))
((0,328) (7,335) (0,0))
((8,328) (23,343) (0,0))
((32,328) (47,343) (0,0))
((88,328) (95,343) (0,0))
((136,328) (151,343) (0,0))
((152,328) (167,343) (0,0))
((184,328) (199,343) (0,0))
((208,328) (223,343) (0,0))
((224,328) (231,343) (0,0))
((8,344) (15,351) (0,0))
((16,344) (31,359) (0,0))
((32,344) (39,359) (0,0))
((48,344) (55,359) (0,0))
)
113
FabOnDisk: SD_2_New_MF_D_00000 0
FabOnDisk: SD_2_New_MF_D_00000 9302
FabOnDisk: SD_2_New_MF_D_00000 15532
FabOnDisk: SD_2_New_MF_D_00000 24834
FabOnDisk: SD_2_New_MF_D_00000 34138
FabOnDisk: SD_2_New_MF_D_00000 40368
FabOnDisk: SD_2_New_MF_D_00000 44552
FabOnDisk: SD_2_New_MF_D_00000 53854
FabOnDisk: SD_2_New_MF_D_00000 60084
FabOnDisk: SD_2_New_MF_D_00000 69386
FabOnDisk: SD_2_New_MF_D_00000 73570
FabOnDisk: SD_2_New_MF_D_00000 77754
FabOnDisk: SD_2_New_MF_D_00000 87058
FabOnDisk: SD_2_New_MF_D_00000 96362
FabOnDisk: SD_2_New_MF_D_00000 105666
FabOnDisk: SD_2_New_MF_D_00000 111898
FabOnDisk: SD_2_New_MF_D_00000 121200
FabOnDisk: SD_2_New_MF_D_00000 125382
FabOnDisk: SD_2_New_MF_D_00000 134685
FabOnDisk: SD_2_New_MF_D_00000 143988
FabOnDisk: SD_2_New_MF_D_00000 150220
FabOnDisk: SD_2_New_MF_D_00000 156452
FabOnDisk: SD_2_New_MF_D_00000 165756
FabOnDisk: SD_2_New_MF_D_00000 171988
FabOnDisk: SD_2_New_MF_D_00000 181292
FabOnDisk: SD_2_New_MF_D_00000 187524
FabOnDisk: SD_2_New_MF_D_00000 196828
FabOnDisk: SD_2_New_MF_D_00000 203060
FabOnDisk: SD_2_New_MF_D_00000 209292
FabOnDisk: SD_2_New_MF_D_00000 213476
FabOnDisk: SD_2_New_MF_D_00000 219706
FabOnDisk: SD_2_New_MF_D_00000 225938
FabOnDisk: SD_2_New_MF_D_00000 232170
FabOnDisk: SD_2_New_MF_D_00000 241474
FabOnDisk: SD_2_New_MF_D_00000 247706
FabOnDisk: SD_2_New_MF_D_00000 253938
FabOnDisk: SD_2_New_MF_D_00000 263242
FabOnDisk: SD_2_New_MF_D_00000 272546
FabOnDisk: SD_2_New_MF_D_00000 278778
FabOnDisk: SD_2_New_MF_D_00000 285010
FabOnDisk: SD_2_New_MF_D_00000 294312
FabOnDisk: SD_2_New_MF_D_00000 298494
FabOnDisk: SD_2_New_MF_D_00000 304726
FabOnDisk: SD_2_New_MF_D_00000 308907
FabOnDisk: SD_2_New_MF_D_00000 313089
FabOnDisk: SD_2_New_MF_D_00000 322391
FabOnDisk: SD_2_New_MF_D_00000 331694
FabOnDisk: SD_2_New_MF_D_00000 337926
FabOnDisk: SD_2_New_MF_D_00000 347228
FabOnDisk: SD_2_New_MF_D_00000 356531
FabOnDisk: SD_2_New_MF_D_00000 362763
FabOnDisk: SD_2_New_MF_D_00000 368995
FabOnDisk: SD_2_New_MF_D_00000 375227
FabOnDisk: SD_2_New_MF_D_00000 381459
FabOnDisk: SD_2_New_MF_D_00000 390761
FabOnDisk: SD_2_New_MF_D_00000 396991
FabOnDisk: SD_2_New_MF_D_00000 403223
FabOnDisk: SD_2_New_MF_D_00000 412524
FabOnDisk: SD_2_New_MF_D_00000 421828
FabOnDisk: SD_2_New_MF_D_00000 431132
FabOnDisk: SD_2_New_MF_D_00000 437362
FabOnDisk: SD_2_New_MF_D_00000 446664
FabOnDisk: SD_2_New_MF_D_00000 455966
FabOnDisk: SD_2_New_MF_D_00000 465269
FabOnDisk: SD_2_New_MF_D_00000 469453
FabOnDisk: SD_2_New_MF_D_00000 475685
FabOnDisk: SD_2_New_MF_D_00000 484989
FabOnDisk: SD_2_New_MF_D_00000 494293
FabOnDisk: SD_2_New_MF_D_00000 500523
FabOnDisk: SD_2_New_MF_D_00000 509826
FabOnDisk: SD_2_New_MF_D_00000 519130
FabOnDisk: SD_2_New_MF_D_00000 528434
FabOnDisk: SD_2_New_MF_D_00000 537738
FabOnDisk: SD_2_New_MF_D_00000 547042
FabOnDisk: SD_2_New_MF_D_00000 551226
FabOnDisk: SD_2_New_MF_D_00000 560528
FabOnDisk: SD_2_New_MF_D_00000 566758
FabOnDisk: SD_2_New_MF_D_00000 576062
FabOnDisk: SD_2_New_MF_D_00000 582294
FabOnDisk: SD_2_New_MF_D_00000 591596
FabOnDisk: SD_2_New_MF_D_00000 597827
FabOnDisk: SD_2_New_MF_D_00000 604057
FabOnDisk: SD_2_New_MF_D_00000 608240
FabOnDisk: SD_2_New_MF_D_00000 612424
FabOnDisk: SD_2_New_MF_D_00000 621728
FabOnDisk: SD_2_New_MF_D_00000 627960
FabOnDisk: SD_2_New_MF_D_00000 634190
FabOnDisk: SD_2_New_MF_D_00000 640420
FabOnDisk: SD_2_New_MF_D_00000 646650
FabOnDisk: SD_2_New_MF_D_00000 650832
FabOnDisk: SD_2_New_MF_D_00000 655016
FabOnDisk: SD_2_New_MF_D_00000 664318
FabOnDisk: SD_2_New_MF_D_00000 673620
FabOnDisk: SD_2_New_MF_D_00000 679850
FabOnDisk: SD_2_New_MF_D_00000 689154
FabOnDisk: SD_2_New_MF_D_00000 695386
FabOnDisk: SD_2_New_MF_D_00000 704690
FabOnDisk: SD_2_New_MF_D_00000 710922
FabOnDisk: SD_2_New_MF_D_00000 715106
FabOnDisk: SD_2_New_MF_D_00000 719290
FabOnDisk: SD_2_New_MF_D_00000 723474
FabOnDisk: SD_2_New_MF_D_00000 727656
FabOnDisk: SD_2_New_MF_D_00000 736957
FabOnDisk: SD_2_New_MF_D_00000 746259
FabOnDisk: SD_2_New_MF_D_00000 752489
FabOnDisk: SD_2_New_MF_D_00000 761793
FabOnDisk: SD_2_New_MF_D_00000 771097
FabOnDisk: SD_2_New_MF_D_00000 780401
FabOnDisk: SD_2_New_MF_D_00000 789705
FabOnDisk: SD_2_New_MF_D_00000 795937
FabOnDisk: SD_2_New_MF_D_00000 800118
FabOnDisk: SD_2_New_MF_D_00000 809420
FabOnDisk: SD_2_New_MF_D_00000 815650

113,2
-1.1179600899042271e+04,-7.5072874889668310e+04,
2.5239266280535958e+03,-1.3819257663417520e+05,
-8.6936771377752302e+04,-3.3716350119817798e+05,
-3.3094330781231110e+04,-1.8556031094351492e+05,
-3.4397243325370073e+04,-1.6004196832682501e+05,
5.8375459633418359e+03,-1.0823876072541607e+05,
-2.6088116606377298e+03,-3.0325817248154053e+05,
-1.4148053924794658e+04,-1.6216268278011121e+05,
-6.8901861325086793e+04,-1.5704571525570937e+05,
-2.3226642364524014e+04,-1.6051693683782651e+05,
9.2166762655420462e+04,-6.5822452117672947e+04,
-2.4442275225860067e+04,-1.2098845573996223e+05,
-4.7921958265501598e+04,-1.3258199060763727e+05,
4.5342726503346057e+04,-9.7543665726574545e+04,
-1.0809098778265325e+05,-1.8089878856793366e+05,
-4.6954549037454126e+04,-1.5759027915996267e+05,
7.4699670947038976e+04,-2.2665178321793646e+05,
2.0749902112541895e+04,-2.0910812978337635e+05,
2.5348639800865203e+04,-1.8708141995438928e+05,
1.7697853046309319e+04,-1.5327354215923406e+05,
2.0282274260278791e+04,-4.2684621371615503e+04,
5.5636022569838678e+04,-2.5473999018284667e+04,
1.0349841217842040e+05,-6.0459112876417930e+04,
-5.9557006949135393e+04,-1.6210841405527026e+05,
1.1205918362209923e+04,4.3878093400926446e+03,
1.1552489739481680e+05,-3.7143750249684672e+04,
1.1303906540306634e+05,-2.8507833906769520e+02,
2.0257390519707405e+04,-1.4201433284677914e+05,
1.4562012784685649e+05,8.1878735389866051e+03,
5.0808290280606889e+04,-1.6196107671948848e+05,
-1.6775174874521326e+03,-1.6510766112668935e+05,
4.0821349043035298e+03,-7.4044776851072675e+04,
3.8236184535051871e+04,-2.7294339477161120e+05,
4.0072352240968030e+03,8.2046964962486527e+03,
4.3373482961178524e+02,-1.0959248293905111e+05,
-7.7609341600487824e+03,-1.0345873715082707e+05,
8.9090346876718104e+04,-6.1591586694838770e+04,
3.0904508364020148e+04,-9.2997001597676717e+04,
-2.0796677335751883e+04,-2.4488458764600655e+05,
-6.0137714144570054e+03,-2.1915360084725544e+05,
3.2133318617100304e+04,-1.0681236946980935e+05,
-7.7794154961258755e+03,-7.6616522297576012e+04,
6.3590180343280372e+04,-1.2818257898897718e+05,
1.0683897770091717e+05,-1.4383717200415995e+05,
-1.1317202072236978e+04,-2.7051910242234298e+05,
-2.0655677781293343e+04,1.7998954265043722e+03,
9.9095139093878970e+04,4.6769103700193227e+03,
2.6666396054854654e+03,-1.0584741257371579e+05,
4.5602186247817453e+03,-8.6430129745058701e+04,
1.6915086268752930e+03,-9.2731363202194916e+04,
2.9575660128988675e+05,-7.2208891744111315e+04,
3.3561250099800964e+05,-4.6044115257935482e+04,
-1.2015065334504470e+03,-1.0011614882085705e+05,
6.6374553807325719e+04,-1.4507885018742527e+05,
4.0663800800160971e+04,-6.7127527900555287e+04,
1.8261941562865104e+04,-1.6464762149375456e+05,
2.8075150837223191e+04,-1.2321626297229450e+05,
-8.1449447472784959e+04,-1.1205948410737619e+05,
-8.0255883633939084e+04,-1.0925259561823041e+05,
1.9412059665188135e+05,-8.1421841898752609e+04,
-2.4784793438910856e+04,-2.9458630197041202e+02,
-1.3979415984860680e+04,-2.1423521958412020e+05,
6.7323508849898644e+04,-1.9988778036716831e+05,
1.7585586116561899e+03,-1.3897446070567821e+05,
6.9245290442173427e+04,-2.3296317499822762e+05,
6.2711007878993405e+04,-9.3626770979116554e+04,
4.3064309908336145e+04,-5.2725839183184144e+04,
-1.3709297122735734e+04,-1.5796846268676090e+05,
3.8481283530377550e+04,-9.8276029043379822e+04,
-2.2454941635533760e+04,-2.4591009501293011e+05,
-6.1399216232752951e+04,-6.9179592426755698e+04,
-4.5750296920193068e+04,-3.1169606607338937e+04,
-4.4544189932270092e+04,-1.3461719853531249e+05,
-1.5117608055684832e+04,-1.7769375946669606e+04,
1.1320538686507352e+05,-1.1863712666143838e+05,
1.8641490332324029e+05,-7.7506347545831522e+04,
-2.1488757145642012e+04,-1.9706643004402140e+05,
1.8792268553704926e+05,-7.6793950754734396e+04,
2.7080385949394258e+04,2.3463921875390224e+04,
1.1807758908143296e+05,-4.7172450684447540e+04,
3.4235212485879310e+04,4.6755577956444176e+04,
-2.1827795608289307e+03,-1.0775503525004897e+05,
-2.6132623941812199e+02,-1.6050071961071953e+05,
8.9506139258082840e+03,-2.0971535896225832e+05,
3.7247503639275965e+04,-5.0481289497618855e+04,
8.4978570835235587e+04,-5.9465535512691713e+04,
8.6340536862316367e+04,-1.0822608348096983e+05,
1.2883428404606238e+05,-2.4346075066177582e+04,
7.8178331455354055e+04,-1.2736949852010002e+05,
3.2235999661075766e+04,-1.3866952257710509e+05,
-1.4148795376822818e+02,-1.4406199052582524e+05,
-4.1766266352518869e+04,-1.6315737260002934e+05,
-5.4561299337414675e+04,-1.2671896872669749e+05,
-7.5861123213500832e+03,-1.3425967626461643e+05,
-5.5338204093526292e+04,-1.4660096663328441e+05,
7.6974930329510244e+03,-9.4032620080985362e+04,
5.4408937088247330e+04,-1.9472119383367099e+05,
-2.3405496258536004e+03,-1.4676715639095346e+05,
3.2930717058746086e+04,-9.3927801845729118e+04,
3.6207906790234847e+04,-6.3963216136148549e+04,
-9.1980037414774415e+03,-5.1653649695767672e+04,
9.7642734171431221e+04,-4.2162087111272558e+04,
1.4696413356400444e+04,-1.0099409788125049e+05,
1.1318741552933207e+05,-1.1973349928494281e+05,
-6.1556240972073283e+04,-2.0229925616613182e+05,
-6.0130277254877728e+04,-1.3036483288351301e+05,
4.7669463400472887e+04,-1.2993607083137322e+05,
-5.9603335626816261e+03,-2.5580561122109793e+05,
-2.1502681193465833e+03,-1.7086536890759016e+05,
7.1345638092482113e+04,2.1699500123392500e+04,
-1.2732737845944939e+02,-4.1869347186140658e+04,
5.0842599870290724e+04,-5.2732889328432793e+04,
-6.6314493170750211e+03,-1.3092190964905312e+05,

113,2
1.2737341052851989e+05,4.0213499772254727e+04,
9.4777387399894360e+04,-6.1013506655885431e+04,
1.4385443078160170e+05,1.1064371995910333e+05,
1.5948786081645667e+05,1.6467666787098715e+05,
1.4205216125653969e+05,1.2276352595344943e+05,
1.0355632551312592e+05,6.2287878493420430e+04,
2.5418528399255883e+05,1.3053830191680463e+05,
2.0319842157806270e+05,9.8504448427235184e+04,
1.0446896891924844e+05,1.4678538071358198e+05,
1.3819933005145722e+05,5.5867416913701163e+04,
3.0855825044313096e+05,1.7880962872814707e+05,
1.9768015127045946e+05,1.8103852407664817e+05,
1.0616908111537923e+05,8.7251730549396598e+04,
2.8756676247817377e+05,1.8060243052514270e+05,
6.3696901118490496e+04,7.9075781668018317e+04,
8.0605191169420141e+04,9.1733876856495044e+03,
2.7387256345346977e+05,8.2365386101411423e+04,
2.2615524789291667e+05,5.1191674409669940e+04,
2.2193492477423279e+05,1.0675406939148525e+05,
3.1734949645900633e+05,2.3359303827281110e+05,
1.1294141086834279e+05,7.0883612721251848e+04,
2.4446649242802814e+05,1.3599666602796788e+05,
2.2251694448494964e+05,3.7843356466358819e+04,
1.7332166499347513e+05,9.9394000204942131e+04,
1.4116139392255282e+05,1.2302832099036168e+05,
1.8707845889004384e+05,5.2255451722376165e+03,
1.4470807877409388e+05,3.5760542954833363e+04,
2.4428828851121943e+05,1.4057981623097003e+05,
1.7239209771799651e+05,3.3474775124900043e+04,
2.0613514074614068e+05,1.0279379755662812e+05,
1.4539965510179900e+05,8.8990871417793096e+04,
1.5031659582879074e+05,1.2704751056539098e+05,
3.0646705775370501e+05,2.3835248342652048e+05,
3.6878459037316061e+05,2.7920536828243785e+05,
1.2433639850777254e+05,2.8466700754642079e+04,
1.7568837691124354e+05,1.3206950575336377e+05,
1.7435054202807951e+05,2.4851047901689890e+04,
3.3057582574412954e+05,2.1025786147860490e+05,
2.2511400977838784e+05,8.8505360352074786e+04,
1.9202084413057310e+05,8.2963595119091042e+04,
1.7883954056907387e+05,1.1498765747989673e+05,
1.5997280486947275e+05,5.1038212821941124e+04,
1.7323532297487764e+05,4.0520675395268336e+04,
2.9160896604235750e+05,1.0818627932774689e+05,
1.0000000000000000e+40,1.0000000000000000e+40,
1.0000000000000000e+40,1.0000000000000000e+40,
3.7462527250843996e+05,3.0451237409429013e+05,
1.0000000000000000e+40,1.0000000000000000e+40,
1.0000000000000000e+40,1.0000000000000000e+40,
1.2498128948681406e+05,6.4680259978304093e+04,
4.4551191993612738e+05,5.1870945614938682e+04,
4.3848967668722908e+05,7.6292918669384380e+04,
3.8891893385344156e+05,3.7811476005732547e+05,
3.2863701181615249e+05,1.7449187637549767e+05,
2.1075084824505175e+05,1.9981632687005185e+05,
3.4093543068829022e+05,3.3768376344655553e+05,
3.5488978559671959e+05,2.0054255527979840e+05,
1.5911475369648833e+05,2.3563674588077702e+05,
1.6588344269227237e+05,1.2293478831323155e+05,
3.8556295442080445e+05,1.0339458810395081e+05,
1.1019995206897438e+05,1.6783951435396739e+05,
1.0000000000000000e+40,1.0000000000000000e+40,
1.0000000000000000e+40,1.0000000000000000e+40,
1.2117086477607663e+05,1.4435178299267136e+04,
3.7366710896847944e+05,1.4122036346242530e+05,
3.0508782102015684e+05,1.4218029408426810e+05,
1.6562556333057146e+05,1.2338029694556026e+05,
1.6260476887454861e+05,1.8595693513545921e+05,
3.9627810763850721e+05,2.5070665779478441e+05,
1.6092078428091045e+05,-1.7511408496834338e+04,
3.1704229911242146e+04,6.9964618957879429e+04,
1.8046988513404795e+05,2.0625292896186002e+05,
1.5286853534706170e+05,5.1622209530803957e+04,
1.3717527049929340e+05,1.9241139570197265e+05,
2.7423548313100473e+05,1.1540739163301769e+05,
2.7524283400640415e+05,1.9358523629300180e+04,
1.5615004978861834e+05,1.1654350694427267e+05,
3.2088112689832342e+05,6.2514530122226279e+04,
1.8891586114093807e+05,3.3005964945345186e+05,
3.6936944525096187e+05,3.0404487024030823e+05,
1.7775259359335178e+05,2.0176404029522673e+05,
1.1940664313376183e+05,5.7050737099119578e+04,
1.9739775020327506e+05,1.8280078108929592e+05,
3.2013963493855990e+05,1.1270609444303991e+05,
1.9856946594354959e+05,1.5518600634348259e+05,
3.1057734034390596e+05,2.5468630773793848e+05,
3.0074592336660571e+05,8.1401285764916975e+04,
3.0705705205076665e+05,1.7244748517881817e+05,
2.1273907657339005e+05,2.0917459111541393e+04,
2.3826682710669847e+05,1.5868370185739041e+05,
3.3240569290138665e+05,2.4206785231680115e+05,
1.5779797083332378e+05,1.9114622827382118e+05,
7.8509398706900538e+04,2.7628948049196333e+05,
1.8932462592792726e+05,2.1503028320087469e+05,
1.6594716566861898e+05,1.6877464800268208e+05,
2.3364402144952328e+05,2.4019760215622664e+05,
3.0211411919200036e+05,2.1375818114758295e+05,
2.5547424213083432e+05,2.0842719879689976e+05,
1.9307684150353743e+05,6.7794505430848221e+04,
1.0877619412626518e+05,3.1131991543427284e+04,
1.0366861223754822e+05,1.3827972236002170e+05,
3.3308848642363009e+05,2.2006473093759414e+05,
2.7629848607332679e+05,2.2061003543144470e+05,
2.7508611301254277e+05,1.0796686043350637e+05,
1.9297738651277323e+05,1.4307099259687675e+05,
1.1746560876039584e+05,8.5585975567293644e+04,
2.4080091636835132e+05,6.6631604177712870e+04,
1.9757527764029510e+05,-1.7550062907370739e+04,
1.6458052820306912e+05,6.9049473197715997e+04,
2.4429879960715625e+05,2.2649801142412762e+05,
2.2759619901406550e+05,2.4252213297485578e+05,
2.9068171654699981e+05,2.2809459654695820e+05,
1.6214393316931091e+05,1.6209336964165996e+05,

