1
1
2
4
(4 0
((80,240) (95,255) (0,0))
((96,240) (111,255) (0,0))
((80,256) (95,271) (0,0))
((96,256) (111,271) (0,0))
)
4
FabOnDisk: SD_2_New_MF_D_00000 0
FabOnDisk: SD_2_New_MF_D_00000 9302
FabOnDisk: SD_2_New_MF_D_00000 18605
FabOnDisk: SD_2_New_MF_D_00000 27907

4,2
-2.0366918518563707e+03,-1.7610404909900371e+03,
-2.0463385864175615e+02,-2.1855346999197409e+03,
-2.0366918518401376e+03,-8.8805355259263047e+02,
-2.0463385864176513e+02,-1.6765308179158981e+03,

4,2
2.8116749293723444e+02,8.8805355259310136e+02,
2.9873342605720518e+03,1.6765308178354296e+03,
2.8116749293723581e+02,1.7610404909900519e+03,
2.9873342605724861e+03,2.1855346999197473e+03,

