1
1
8
0
(5 0
((104,104) (127,127) (0,0))
((0,120) (31,127) (0,0))
((32,120) (55,127) (0,0))
((56,120) (87,127) (0,0))
((88,120) (103,127) (0,0))
)
5
FabOnDisk: Cell_D_00000 0
FabOnDisk: Cell_D_00002 0
FabOnDisk: Cell_D_00001 0
FabOnDisk: Cell_D_00001 12374
FabOnDisk: Cell_D_00003 0

5,8
-3.0583982507327567e-01,-6.5372290741610939e-01,9.9801740339343592e-01,0.0000000000000000e+00,-7.6829226756634528e-01,-1.4184422398416112e+00,5.4299129467590745e-02,-6.7228376819329319e-02,
-7.2543645691238834e-02,1.1594633472865349e-03,9.9999999999924261e-01,0.0000000000000000e+00,-1.7911664651143400e-01,-9.5925183339102844e+00,9.8265760423613902e-02,-1.2667137896040129e-01,
1.6817365309937528e-02,3.8530343590266854e-04,9.9999999999913824e-01,0.0000000000000000e+00,-1.2071259191798751e-02,-1.8513601500767043e-02,4.4167890473920952e+00,-1.0374744377083875e-02,
8.6823140704987756e-02,1.6423653217326951e-04,9.9999999999913580e-01,0.0000000000000000e+00,-2.8761754713526697e-02,-2.2476350423672062e-02,6.7051955373465546e+00,-1.0314157494609448e-02,
1.3387134089928840e-01,1.7896511376768679e-04,9.9964514398543025e-01,0.0000000000000000e+00,-3.0891063033860550e-01,-7.2160264786333139e-02,7.5254320333104694e+00,-2.3596309956163727e-02,

5,8
9.3277313480071333e-01,8.5495615362640512e-02,1.0016200606497145e+00,0.0000000000000000e+00,3.4820499791012992e+01,3.0212731235308407e+01,6.6720157379338573e+01,7.5894899570605800e-01,
8.7463906640029965e-01,1.9909287661989991e-01,1.0000000000042468e+00,0.0000000000000000e+00,1.3285946868107867e+01,7.8071112029589811e+00,7.2738752991756300e+01,-7.2421536350215504e-03,
9.0764076739240618e-01,4.2698826018442194e-02,1.0000000000005533e+00,0.0000000000000000e+00,2.7743982703486367e-03,6.7823347050781330e-02,2.7070986241424823e+01,-8.1312459352784142e-03,
9.2230339694975871e-01,1.9446983492519564e-02,1.0000000000007605e+00,0.0000000000000000e+00,7.6806765338931771e-03,2.4005595378165663e-02,2.1628634607874755e+01,-9.1677736051873158e-03,
9.3075028600431620e-01,1.7889496760246551e-02,1.0000240571755947e+00,0.0000000000000000e+00,-2.7626775980794965e-02,1.5636450330460078e-01,1.8933046263152420e+01,-9.9170981185246320e-03,

