1
1
4
2
(4 0
((120,88) (127,95) (0,0))
((112,96) (127,111) (0,0))
((0,112) (63,127) (0,0))
((64,112) (127,127) (0,0))
)
4
FabOnDisk: SD_0_New_MF_D_00002 0
FabOnDisk: SD_0_New_MF_D_00001 0
FabOnDisk: SD_0_New_MF_D_00000 0
FabOnDisk: SD_0_New_MF_D_00003 0

4,4
-1.6450269608924764e-01,-5.3233788134336235e-01,9.9999999999014133e-01,0.0000000000000000e+00,
-1.5604646077217563e-01,-6.5713955501891064e-01,9.9993674583486269e-01,0.0000000000000000e+00,
-7.9304564757314566e-02,-3.2755724253608000e-03,9.9999999999884415e-01,0.0000000000000000e+00,
-5.3227123727034378e-02,-6.7299598929571613e-01,9.9999974051324292e-01,0.0000000000000000e+00,

4,4
1.0722446778823344e-04,-1.4693747974092100e-02,9.9999999999995093e-01,0.0000000000000000e+00,
8.5432316436651043e-02,-4.3423535301440601e-02,1.0002204890672921e+00,0.0000000000000000e+00,
9.1663396205998637e-01,2.0787099461967290e-01,1.0000000000027383e+00,0.0000000000000000e+00,
9.4207313412448801e-01,7.7421521277734731e-02,1.0000000005744287e+00,0.0000000000000000e+00,

