1
1
2
1
(4 0
((120,88) (127,95) (0,0))
((112,96) (127,111) (0,0))
((0,112) (63,127) (0,0))
((64,112) (127,127) (0,0))
)
4
FabOnDisk: SD_2_Old_MF_D_00002 0
FabOnDisk: SD_2_Old_MF_D_00001 0
FabOnDisk: SD_2_Old_MF_D_00000 0
FabOnDisk: SD_2_Old_MF_D_00003 0

4,2
-1.2258160778191851e-01,-3.9372121697042894e-01,
-3.2294214146748967e-01,-4.4393074447740999e-01,
-4.9745026774387185e-01,-1.1279696135599250e+01,
-1.4740700357028946e+00,-8.4759992422283692e-01,

4,2
8.1997568721034442e-01,-9.4525429526919336e-02,
7.5991273801706838e-01,8.7786487614515718e-01,
3.2293114687796781e+01,2.4093976586467738e+00,
6.2093831885600466e+01,3.5293571740194608e+01,

