1
1
2
1
(4 0
((120,88) (127,95) (0,0))
((112,96) (127,111) (0,0))
((0,112) (63,127) (0,0))
((64,112) (127,127) (0,0))
)
4
FabOnDisk: SD_2_New_MF_D_00002 0
FabOnDisk: SD_2_New_MF_D_00001 0
FabOnDisk: SD_2_New_MF_D_00000 0
FabOnDisk: SD_2_New_MF_D_00003 0

4,2
-1.3165837592566032e-01,-4.0502859273339403e-01,
-3.2415720636677542e-01,-4.4008668931303652e-01,
-4.9682956180174742e-01,-1.1277032915448691e+01,
-1.4732859371849021e+00,-8.4780569217660462e-01,

4,2
8.3631458278399895e-01,-1.0896777011439659e-01,
7.9277951832579641e-01,8.8191515940406451e-01,
3.2294085036047804e+01,2.4104997218366981e+00,
6.2093626661247093e+01,3.5293668415224907e+01,

