1
1
8
0
(4 0
((0,112) (31,127) (0,0))
((32,112) (63,127) (0,0))
((64,112) (95,127) (0,0))
((96,112) (127,127) (0,0))
)
4
FabOnDisk: Cell_D_00000 0
FabOnDisk: Cell_D_00001 0
FabOnDisk: Cell_D_00002 0
FabOnDisk: Cell_D_00003 0

4,8
-7.5567938889136085e-02,4.1949426012737083e-04,9.9999999999928546e-01,0.0000000000000000e+00,-5.7713333769430275e-01,-1.1213118665822037e+01,2.1551032569222528e-04,-2.2412915149578033e-01,
-5.5340941440600443e-02,3.7150332869887546e-05,9.9999999986252297e-01,0.0000000000000000e+00,6.1979452725843397e-02,-7.1292731424763583e-02,1.5834130357539333e-04,-2.5758455594340455e-02,
-5.5789097719843861e-02,-1.2678054082584739e-02,9.9988418221117747e-01,0.0000000000000000e+00,6.3102368598634689e-02,-1.5763914295050009e-02,8.5463591492571100e-05,-5.2625175474167113e-03,
-2.3662159160791671e-01,-5.7449178076111695e-01,9.9841518365506710e-01,0.0000000000000000e+00,-5.8712536076463107e-01,-1.5266058086315977e+00,1.8271101770084286e-04,-4.0038976842013702e-03,

4,8
8.6076202890819564e-01,2.0855330594031285e-01,1.0000000000023284e+00,0.0000000000000000e+00,3.2324952122995292e+01,2.4110500476038141e+00,7.5593210684963381e+01,-2.0553090754003762e-02,
8.7407731366356456e-01,2.4379861749231835e-02,1.0000254587502300e+00,0.0000000000000000e+00,9.9380473529413385e-02,2.8341106543182226e-02,3.0310107677952974e+01,-4.4864203599918320e-03,
8.7480814804220342e-01,1.9972841547018436e-03,1.0001430682959334e+00,0.0000000000000000e+00,7.5617796944375343e-02,2.4945446939480245e-03,2.8477448494245643e+01,1.2033653172840674e-02,
8.7697266324844569e-01,6.9154274036592007e-03,1.0022621985332496e+00,0.0000000000000000e+00,6.2136046226116505e+01,3.5305187323632317e+01,6.9985359436976452e+01,7.7303602211396250e-01,

