1
1
2
4
(64 0
((0,0) (15,15) (0,0))
((16,0) (31,15) (0,0))
((32,0) (47,15) (0,0))
((48,0) (63,15) (0,0))
((64,0) (79,15) (0,0))
((80,0) (95,15) (0,0))
((96,0) (111,15) (0,0))
((112,0) (127,15) (0,0))
((0,16) (15,31) (0,0))
((16,16) (31,31) (0,0))
((32,16) (47,31) (0,0))
((48,16) (63,31) (0,0))
((64,16) (79,31) (0,0))
((80,16) (95,31) (0,0))
((96,16) (111,31) (0,0))
((112,16) (127,31) (0,0))
((0,32) (15,47) (0,0))
((16,32) (31,47) (0,0))
((32,32) (47,47) (0,0))
((48,32) (63,47) (0,0))
((64,32) (79,47) (0,0))
((80,32) (95,47) (0,0))
((96,32) (111,47) (0,0))
((112,32) (127,47) (0,0))
((0,48) (15,63) (0,0))
((16,48) (31,63) (0,0))
((32,48) (47,63) (0,0))
((48,48) (63,63) (0,0))
((64,48) (79,63) (0,0))
((80,48) (95,63) (0,0))
((96,48) (111,63) (0,0))
((112,48) (127,63) (0,0))
((0,64) (15,79) (0,0))
((16,64) (31,79) (0,0))
((32,64) (47,79) (0,0))
((48,64) (63,79) (0,0))
((64,64) (79,79) (0,0))
((80,64) (95,79) (0,0))
((96,64) (111,79) (0,0))
((112,64) (127,79) (0,0))
((0,80) (15,95) (0,0))
((16,80) (31,95) (0,0))
((32,80) (47,95) (0,0))
((48,80) (63,95) (0,0))
((64,80) (79,95) (0,0))
((80,80) (95,95) (0,0))
((96,80) (111,95) (0,0))
((112,80) (127,95) (0,0))
((0,96) (15,111) (0,0))
((16,96) (31,111) (0,0))
((32,96) (47,111) (0,0))
((48,96) (63,111) (0,0))
((64,96) (79,111) (0,0))
((80,96) (95,111) (0,0))
((96,96) (111,111) (0,0))
((112,96) (127,111) (0,0))
((0,112) (15,127) (0,0))
((16,112) (31,127) (0,0))
((32,112) (47,127) (0,0))
((48,112) (63,127) (0,0))
((64,112) (79,127) (0,0))
((80,112) (95,127) (0,0))
((96,112) (111,127) (0,0))
((112,112) (127,127) (0,0))
)
64
FabOnDisk: SD_2_Old_MF_D_00002 0
FabOnDisk: SD_2_Old_MF_D_00002 9300
FabOnDisk: SD_2_Old_MF_D_00002 18600
FabOnDisk: SD_2_Old_MF_D_00002 27900
FabOnDisk: SD_2_Old_MF_D_00003 0
FabOnDisk: SD_2_Old_MF_D_00003 9300
FabOnDisk: SD_2_Old_MF_D_00003 18600
FabOnDisk: SD_2_Old_MF_D_00003 27901
FabOnDisk: SD_2_Old_MF_D_00002 37200
FabOnDisk: SD_2_Old_MF_D_00002 46500
FabOnDisk: SD_2_Old_MF_D_00002 55800
FabOnDisk: SD_2_Old_MF_D_00002 65100
FabOnDisk: SD_2_Old_MF_D_00003 37203
FabOnDisk: SD_2_Old_MF_D_00003 46503
FabOnDisk: SD_2_Old_MF_D_00003 55803
FabOnDisk: SD_2_Old_MF_D_00003 65104
FabOnDisk: SD_2_Old_MF_D_00002 74400
FabOnDisk: SD_2_Old_MF_D_00002 83700
FabOnDisk: SD_2_Old_MF_D_00002 93000
FabOnDisk: SD_2_Old_MF_D_00002 102300
FabOnDisk: SD_2_Old_MF_D_00003 74406
FabOnDisk: SD_2_Old_MF_D_00003 83706
FabOnDisk: SD_2_Old_MF_D_00003 93006
FabOnDisk: SD_2_Old_MF_D_00003 102307
FabOnDisk: SD_2_Old_MF_D_00002 111600
FabOnDisk: SD_2_Old_MF_D_00002 120900
FabOnDisk: SD_2_Old_MF_D_00002 130200
FabOnDisk: SD_2_Old_MF_D_00002 139500
FabOnDisk: SD_2_Old_MF_D_00003 111609
FabOnDisk: SD_2_Old_MF_D_00003 120909
FabOnDisk: SD_2_Old_MF_D_00003 130209
FabOnDisk: SD_2_Old_MF_D_00003 139510
FabOnDisk: SD_2_Old_MF_D_00000 0
FabOnDisk: SD_2_Old_MF_D_00000 9300
FabOnDisk: SD_2_Old_MF_D_00000 18600
FabOnDisk: SD_2_Old_MF_D_00000 27900
FabOnDisk: SD_2_Old_MF_D_00001 0
FabOnDisk: SD_2_Old_MF_D_00001 9300
FabOnDisk: SD_2_Old_MF_D_00001 18600
FabOnDisk: SD_2_Old_MF_D_00001 27901
FabOnDisk: SD_2_Old_MF_D_00000 37200
FabOnDisk: SD_2_Old_MF_D_00000 46500
FabOnDisk: SD_2_Old_MF_D_00000 55800
FabOnDisk: SD_2_Old_MF_D_00000 65100
FabOnDisk: SD_2_Old_MF_D_00001 37203
FabOnDisk: SD_2_Old_MF_D_00001 46503
FabOnDisk: SD_2_Old_MF_D_00001 55803
FabOnDisk: SD_2_Old_MF_D_00001 65104
FabOnDisk: SD_2_Old_MF_D_00000 74400
FabOnDisk: SD_2_Old_MF_D_00000 83701
FabOnDisk: SD_2_Old_MF_D_00000 93002
FabOnDisk: SD_2_Old_MF_D_00000 102303
FabOnDisk: SD_2_Old_MF_D_00001 74406
FabOnDisk: SD_2_Old_MF_D_00001 83707
FabOnDisk: SD_2_Old_MF_D_00001 93008
FabOnDisk: SD_2_Old_MF_D_00001 102310
FabOnDisk: SD_2_Old_MF_D_00000 111604
FabOnDisk: SD_2_Old_MF_D_00000 120906
FabOnDisk: SD_2_Old_MF_D_00000 130208
FabOnDisk: SD_2_Old_MF_D_00000 139510
FabOnDisk: SD_2_Old_MF_D_00001 111613
FabOnDisk: SD_2_Old_MF_D_00001 120915
FabOnDisk: SD_2_Old_MF_D_00001 130217
FabOnDisk: SD_2_Old_MF_D_00001 139520

64,2
-1.2933701148082037e+03,2.8787716825172538e+01,
-1.9722026122763054e+03,1.2081143641626113e+01,
-2.1132433758426487e+03,-1.7406114786790567e+02,
-2.0670543204985734e+03,-5.4453950074093882e+02,
-1.4753464704430371e+03,-5.4901485696427699e+02,
-9.6588676265491813e+02,-4.1721996605629101e+02,
-6.3298505716776708e+02,-2.3025097137033299e+02,
-4.6092478588598897e+02,-9.7507502268308599e+01,
-2.6258594048646046e+03,1.0015594557062286e+03,
-2.7419709233079629e+03,3.9352613078481227e+02,
-3.4829212152177206e+03,-3.0795601885656652e+02,
-3.5547768908334547e+03,-2.0060775151570851e+03,
-1.4791938519556425e+03,-1.7021286471735948e+03,
-8.6387694823970378e+02,-8.1691039518009347e+02,
-5.4582880722572736e+02,-4.0219929551476525e+02,
-3.9886397356548696e+02,-1.6604881138418932e+02,
-1.0866294095262750e+06,-1.6341857866565952e+07,
-7.1120121219461272e+06,-5.4607322956453869e+06,
-6.6147159314445890e+06,-6.9716564367055958e+06,
-3.4902529358396633e+06,-4.8854892953412533e+06,
-1.1007775714268064e+03,-2.2123400849483005e+03,
-4.5747092297606287e+02,-8.9083035974472295e+02,
-3.0215096470437129e+02,-4.3365601468703971e+02,
-2.3848386806639610e+02,-1.7955927452958349e+02,
-4.2292688091280740e+06,-1.3784770172612611e+07,
-7.8389959629532713e+06,-6.7542107143330416e+06,
-1.0554354352229496e+07,-8.0464669076958038e+06,
-2.1909081274232112e+07,-4.4899402153104532e+05,
1.6728141351813974e+02,-1.7055077708049794e+03,
1.8116049825228401e+01,-8.1437216758495197e+02,
-3.4666844861203572e+01,-4.1363772285967570e+02,
-4.7953954362121294e+01,-1.7401807781516254e+02,
-4.2282338246809524e+06,-3.0510453497600444e+06,
-1.1449985128461711e+07,-4.7229331394812316e+06,
-1.2211187822885675e+07,-6.0620645730985794e+05,
-1.6462540022525543e+07,-2.9457293842378459e+06,
2.3756715512863593e+02,-9.1398009770746285e+02,
2.6131913527389406e+02,-4.5313423756306292e+02,
1.3846365833524032e+02,-2.7479031609418598e+02,
1.0347077096815337e+02,-1.2475270212744363e+02,
-2.6444088648987627e+06,-1.3933110312054085e+06,
-5.1242119743404947e+06,-2.5313788837144693e+05,
-2.3297711596536720e+06,-1.2705356752740513e+06,
-3.6519168086180538e+06,-2.0872977629313204e+06,
4.5532800256733026e+02,-8.8175192192356917e+02,
3.1234610342270753e+02,-1.0176592911302578e+02,
2.3170391340217611e+02,-9.2063837439673080e+01,
1.9556062851089519e+02,-5.4111792919684376e+01,
-2.5237136816955172e+03,-3.6473636844195426e+03,
-2.4493692299147369e+03,-1.1902945041285420e+03,
-1.9801101255918184e+03,2.7567254854875500e+01,
-1.5817060728499200e+03,4.8254382945633552e+02,
-2.1997702866756299e+02,2.3039192004362121e+02,
1.2213160096398497e+02,5.2711633110629919e+01,
2.0655895012787369e+02,1.1542409420144395e+00,
2.2012516111072910e+02,-2.2242732397444342e+00,
-9.1107648421311751e+02,-8.1948235482705059e+02,
-1.2301966881528642e+03,-5.5513443223571812e+02,
-1.2258242980260547e+03,-5.4193926189327613e-03,
-8.7852514038859226e+02,1.2266548310435610e+01,
-3.1878320227042423e+02,7.5087539342348464e+00,
1.2275539219263010e+01,2.7380714196624467e+00,
1.5837883063977642e+02,7.3103169452224392e-01,
2.0448435584439721e+02,1.5971734734421261e-02,

64,2
-3.3316871682109195e+01,1.2280761748294026e+03,
-1.1098358630300936e+03,9.0045943111254019e+02,
-1.7377484124877810e+03,3.3805281502754951e+02,
-1.4752176766131015e+03,-5.7542316164472140e+00,
-9.0551332838695089e+02,-1.3483070988149848e+01,
-5.7018506301210437e+02,-8.0003611314168666e+00,
-4.1185232663273928e+02,-3.5407390627369750e+00,
-3.6357290646267938e+02,-1.0147265580258136e-01,
-2.6566564873064635e+01,3.2688768990090466e+03,
-1.3945456630968692e+03,1.9384505381945928e+03,
-2.0277399546808738e+03,5.6041806103457930e+02,
-1.2919037771236617e+03,-2.2734572313747776e+02,
-5.1201467599312309e+02,-4.5884275777571020e+02,
-3.2777123533614213e+02,-2.5461156992259930e+02,
-2.5319915564406256e+02,-1.1049841496078443e+02,
-2.3085878990881611e+02,-3.1544774697351841e+00,
5.2229521087661628e+06,1.2156725372819295e+05,
2.5439735982632409e+06,1.3142202089213238e+06,
3.5429635042977105e+06,1.8960270847412643e+06,
3.0937898500260785e+06,1.1971623758973826e+06,
6.0068291774769023e+02,-8.6487276009283960e+02,
1.2791574018592655e+02,-4.2782164098389330e+02,
-5.8847258089517709e+00,-1.8076248024717643e+02,
-4.8758667769739986e+01,-5.1385167575688229e+00,
8.6218928367899302e+06,1.8714409735644436e+06,
2.0948717452236246e+06,7.1596252006242611e+05,
1.5594738095857254e+06,2.8641767747646840e+06,
3.2216482202842564e+05,4.2321092160482835e+06,
1.7094352244916081e+03,1.7663486821038532e+01,
5.0765850211173529e+02,-2.9686866452229879e+02,
2.3925617763180344e+02,-1.3770931094504704e+02,
1.2551302683386893e+02,-4.0379492911597481e+00,
6.8552781779933041e+06,1.3433313342460621e+07,
3.9077562561890436e+05,3.3695565386355515e+06,
8.6619947854087129e+05,5.4949478255361235e+06,
1.0080000339638033e+06,1.1393672582199078e+06,
1.0616081164269417e+03,1.3533443669439293e+02,
6.1316425426848582e+02,-1.0502289962751092e+02,
3.4275027552885877e+02,-6.1861247892920801e+01,
2.2395933559973491e+02,-1.9532873619766633e+00,
2.7214969560450432e+06,1.3483633901152246e+07,
1.6965800145691778e+06,6.3085899046184709e+06,
2.0863105804386106e+06,4.1020514230148597e+06,
2.9611050751875844e+06,4.1311037912638607e+06,
1.8321140066476801e+03,1.2143337661851547e+03,
6.1646198831986112e+02,2.3551575241326645e+02,
3.4591920284184744e+02,4.1056702613786911e+01,
2.4433587311877636e+02,-2.5974714154131107e-01,
1.5900942952866899e+03,-1.2513317537886905e+02,
-9.9200301391792891e+02,1.1739856579733896e+02,
-9.3432737845796510e+02,1.3690358036747057e+03,
3.9728759031058871e+02,1.8203386981080257e+03,
5.2734382600319805e+02,1.1470386043594772e+03,
4.2027769181768235e+02,2.7304106202209368e+02,
3.0070488897801260e+02,7.2530907266809663e+01,
2.4241695186492871e+02,1.5421178482938558e+01,
-2.1167571958358167e+01,-1.7236741471060668e+01,
-7.1389758292716579e+02,-1.0066398139315424e+00,
-7.8466603218839737e+02,4.2672583257226506e+02,
-2.6924815291749837e+02,5.1099173950678960e+02,
9.7307508130688802e+01,4.5004615173747879e+02,
1.9865883414332347e+02,2.0556987586023752e+02,
2.1818563971374533e+02,6.5120521555218147e+01,
2.1982741350412834e+02,1.5106584694331104e+01,

