1
1
9
0
(56 0
((0,80) (15,95) (0,0))
((16,80) (31,95) (0,0))
((32,80) (47,95) (0,0))
((48,80) (63,95) (0,0))
((64,80) (79,95) (0,0))
((80,80) (95,95) (0,0))
((96,80) (111,95) (0,0))
((112,80) (119,95) (0,0))
((0,96) (15,111) (0,0))
((16,96) (31,111) (0,0))
((32,96) (47,111) (0,0))
((48,96) (63,111) (0,0))
((64,96) (79,111) (0,0))
((80,96) (95,111) (0,0))
((96,96) (111,111) (0,0))
((112,96) (119,111) (0,0))
((0,112) (15,127) (0,0))
((16,112) (31,127) (0,0))
((32,112) (47,127) (0,0))
((48,112) (63,127) (0,0))
((64,112) (79,127) (0,0))
((80,112) (95,127) (0,0))
((96,112) (111,127) (0,0))
((112,112) (119,127) (0,0))
((0,128) (15,143) (0,0))
((16,128) (31,143) (0,0))
((32,128) (47,143) (0,0))
((48,128) (63,143) (0,0))
((64,128) (79,143) (0,0))
((80,128) (95,143) (0,0))
((96,128) (111,143) (0,0))
((112,128) (119,143) (0,0))
((0,144) (15,159) (0,0))
((16,144) (31,159) (0,0))
((32,144) (47,159) (0,0))
((48,144) (63,159) (0,0))
((64,144) (79,159) (0,0))
((80,144) (95,159) (0,0))
((96,144) (111,159) (0,0))
((112,144) (119,159) (0,0))
((0,160) (15,175) (0,0))
((16,160) (31,175) (0,0))
((32,160) (47,175) (0,0))
((48,160) (63,175) (0,0))
((64,160) (79,175) (0,0))
((80,160) (95,175) (0,0))
((96,160) (111,175) (0,0))
((112,160) (119,175) (0,0))
((0,176) (15,183) (0,0))
((16,176) (31,183) (0,0))
((32,176) (47,183) (0,0))
((48,176) (63,183) (0,0))
((64,176) (79,183) (0,0))
((80,176) (95,183) (0,0))
((96,176) (111,183) (0,0))
((112,176) (119,183) (0,0))
)
56
FabOnDisk: Cell_D_00000 0
FabOnDisk: Cell_D_00000 18515
FabOnDisk: Cell_D_00000 37031
FabOnDisk: Cell_D_00000 55547
FabOnDisk: Cell_D_00000 74063
FabOnDisk: Cell_D_00000 92579
FabOnDisk: Cell_D_00000 111095
FabOnDisk: Cell_D_00000 129612
FabOnDisk: Cell_D_00000 138914
FabOnDisk: Cell_D_00000 157430
FabOnDisk: Cell_D_00000 175947
FabOnDisk: Cell_D_00000 194464
FabOnDisk: Cell_D_00000 212981
FabOnDisk: Cell_D_00000 231498
FabOnDisk: Cell_D_00000 250015
FabOnDisk: Cell_D_00000 268533
FabOnDisk: Cell_D_00000 277836
FabOnDisk: Cell_D_00000 296353
FabOnDisk: Cell_D_00000 314871
FabOnDisk: Cell_D_00000 333389
FabOnDisk: Cell_D_00000 351907
FabOnDisk: Cell_D_00000 370425
FabOnDisk: Cell_D_00000 388943
FabOnDisk: Cell_D_00000 407462
FabOnDisk: Cell_D_00000 416766
FabOnDisk: Cell_D_00000 435283
FabOnDisk: Cell_D_00000 453801
FabOnDisk: Cell_D_00000 472319
FabOnDisk: Cell_D_00000 490837
FabOnDisk: Cell_D_00000 509355
FabOnDisk: Cell_D_00000 527873
FabOnDisk: Cell_D_00000 546392
FabOnDisk: Cell_D_00000 555696
FabOnDisk: Cell_D_00000 574213
FabOnDisk: Cell_D_00000 592731
FabOnDisk: Cell_D_00000 611249
FabOnDisk: Cell_D_00000 629767
FabOnDisk: Cell_D_00000 648285
FabOnDisk: Cell_D_00000 666803
FabOnDisk: Cell_D_00000 685322
FabOnDisk: Cell_D_00000 694626
FabOnDisk: Cell_D_00000 713143
FabOnDisk: Cell_D_00000 731661
FabOnDisk: Cell_D_00000 750179
FabOnDisk: Cell_D_00000 768697
FabOnDisk: Cell_D_00000 787215
FabOnDisk: Cell_D_00000 805733
FabOnDisk: Cell_D_00000 824252
FabOnDisk: Cell_D_00000 833556
FabOnDisk: Cell_D_00000 842857
FabOnDisk: Cell_D_00000 852159
FabOnDisk: Cell_D_00000 861461
FabOnDisk: Cell_D_00000 870763
FabOnDisk: Cell_D_00000 880065
FabOnDisk: Cell_D_00000 889367
FabOnDisk: Cell_D_00000 898670

56,9
-1.7607879061883219e-01,-9.3476537026283379e-01,9.9955273787569388e-01,1.0532939867361009e-14,-1.4091157035938099e+06,-1.6767776547681693e+07,1.7801773139184007e-01,-1.6853976216158937e+03,1.0000000000000000e+00,
1.4341161873641300e-01,-1.5061590178090950e-01,9.9999503595226624e-01,3.4829276435332270e-13,-1.6157430037304575e+06,-8.0905532775580613e+06,6.2611335012241476e-01,-1.1353428402495429e+03,1.0000000000000000e+00,
5.5943798100170050e-01,-9.2836090545029809e-02,9.9999818208528446e-01,6.8859810420964778e-13,-5.2669265636975709e+06,-6.5894521777433595e+06,9.0111048691055018e-03,-8.0143477539479625e+02,1.0000000000000000e+00,
3.3837239541605463e-01,-7.9253983698648067e-01,9.9999999939738904e-01,1.0323921153724600e-12,-7.7946376536991568e+06,-6.4328407297847364e+06,1.6508548572056192e-01,-8.0588307348968749e+02,1.0000000000000000e+00,
6.5346254351417402e-02,-6.3021459910151389e-01,9.9995377253721063e-01,1.3627131886750094e-12,-7.5340465307522276e+06,-8.7127059843006991e+06,6.0726475002711844e-01,-7.0226407774109680e+02,1.0000000000000000e+00,
-1.2587176240643680e-01,-4.2075640839618578e-01,9.9997956870582050e-01,1.6781908670861961e-12,-5.0508948555513462e+06,-6.1690858473032173e+06,1.8724734848724545e+00,-7.4888533426785477e+02,1.0000000000000000e+00,
-5.8374453043584029e-01,-7.5753347423771278e-01,9.9987185768185916e-01,1.9758726062766425e-12,-4.1388870791994496e+06,-5.9345477480237987e+06,1.1926998633287056e+00,-5.8764810139345036e+02,1.0000000000000000e+00,
4.6480325152292934e-01,-2.6907901668440132e-01,9.9999999999987865e-01,2.2538717836508275e-12,-2.4911283340076753e+06,-8.4520782212014729e+05,2.3101497528473569e+00,-1.7738888242016264e+02,1.0000000000000000e+00,
-1.8479291521095623e-01,-2.9867111916829409e-01,9.9998974193516310e-01,1.0341815801131348e-14,-3.8764668788969568e+06,-1.4826429398474803e+07,7.8098714156322746e-01,-3.0870472655899412e+03,1.0000000000000000e+00,
-5.3610445703088072e-01,-1.8980654282525314e-01,9.9988302870036438e-01,3.4127654240162049e-13,-1.8241176813026764e+06,-1.0019453845322946e+07,2.0471969874516880e+00,-2.3366882919088221e+03,1.0000000000000000e+00,
4.5490096871640536e-03,-6.1584000566953678e-01,9.9991062336491654e-01,6.7234676925706102e-13,-7.4863978333445610e+06,-8.5271458759739175e+06,1.2305722534297647e+01,-1.4795363014032034e+03,1.0000000000000000e+00,
-1.4550939103591801e-01,-5.7777866123115751e-01,9.9992291557150315e-01,1.0326062107745067e-12,-1.3075468791652834e+06,-8.8786460835353495e+05,2.2504472326872289e+00,-1.0927554640920348e+03,1.0000000000000000e+00,
-9.1363066895863224e-02,-5.4950424946679965e-01,9.9992092489154061e-01,1.3685538906816199e-12,-1.1150129422935724e+07,-9.5115445031625740e+06,6.4189047471598926e-01,-9.6013766525851918e+02,1.0000000000000000e+00,
-2.8539068323993727e-01,-6.5070431633531545e-01,9.9987684073432848e-01,1.6836608685613130e-12,-1.9996804669264068e+06,-2.9957971512770453e+06,2.2081542766524009e-01,-7.5144480937673472e+02,1.0000000000000000e+00,
-6.0684070515123612e-01,-8.5247280510363443e-01,9.9999606278181064e-01,1.9794293378526841e-12,-2.2442229794408605e+07,-6.7383323549803859e+05,5.6421417721455622e+00,-2.6879600050914871e+02,1.0000000000000000e+00,
8.8024388143875254e-01,-5.7466989861958973e-01,1.0000000000001663e+00,2.2562462816206216e-12,-3.4523732925545797e+06,-1.6913277184538372e+05,1.0915330211096697e+00,-8.6555778386825182e+01,1.0000000000000000e+00,
-2.7124443760723371e-01,-3.2347550867150127e-01,9.9999156730711336e-01,1.0216913333211118e-14,-5.2971869577122396e+06,-1.1293069505294753e+07,1.9815285525333515e+00,-3.7986719411866879e+03,1.0000000000000000e+00,
-5.1700598319477042e-01,-7.1308087484836924e-01,9.9990866167172843e-01,3.3583553028989095e-13,-2.4781407702416992e+06,-6.2432569895380335e+06,3.9479425569255433e-01,-2.8692537246280026e+03,1.0000000000000000e+00,
-4.0757187911994186e-01,-6.8024876508025656e-01,0.0000000000000000e+00,0.0000000000000000e+00,0.0000000000000000e+00,-1.9532159077930334e+05,0.0000000000000000e+00,-4.8664137402651531e+03,0.0000000000000000e+00,
-4.1673978208072848e-01,-4.2245573707348272e-01,0.0000000000000000e+00,0.0000000000000000e+00,-8.4532753928349614e+06,-2.6716994949847925e+06,0.0000000000000000e+00,-4.4270993258368653e+03,0.0000000000000000e+00,
-1.2365331891741564e-01,-5.2304633002570233e-01,9.9984419516921763e-01,1.3867600125898861e-12,-6.8403963234685976e+06,-2.0641644524567530e+06,3.0799589869352939e+00,-9.4268908937120784e+02,1.0000000000000000e+00,
2.4122154740316276e-01,-7.2258210100960230e-01,9.9995794519921033e-01,1.6926354119108728e-12,9.2235797703185395e+04,-1.3297804720690601e+04,4.2406570911008856e-01,-7.2999303772690632e+02,1.0000000000000000e+00,
-4.8150312429203768e-01,-9.3396837497917606e-01,9.9985898976109622e-01,1.9838391219940665e-12,-2.2494206894673802e+07,-2.6176121725875451e+05,2.7543942373509545e+00,-1.4841873382822143e+02,1.0000000000000000e+00,
3.9494391836832848e-01,-6.7942874773422191e-01,9.9999999998320399e-01,2.2591368957728791e-12,-4.3505977247117590e+06,-7.5116756309642934e+05,1.0297976856042794e+00,-2.8892683780578750e+01,1.0000000000000000e+00,
-2.6331520374925826e-01,-7.6562454612908859e-01,9.9996869305642666e-01,1.0217361461152489e-14,-5.6126592631214000e+06,-2.1771240513182436e+06,2.9934201412078387e-01,-3.9000919380057703e+03,1.0000000000000000e+00,
-2.6543205053804936e-01,-5.7218791926150403e-01,9.9987797839294612e-01,3.3585776301715163e-13,1.0360150448403871e+04,-4.2276168265962424e+06,1.2852947823374095e-01,-2.9008139211346388e+03,1.0000000000000000e+00,
-1.4981245648094346e-01,-9.5223776070354693e-01,0.0000000000000000e+00,0.0000000000000000e+00,0.0000000000000000e+00,-1.1474910369950483e+05,0.0000000000000000e+00,-4.8323211787338278e+03,0.0000000000000000e+00,
-4.8041264396338557e-01,-9.8656249653448624e-01,0.0000000000000000e+00,0.0000000000000000e+00,-1.2158496488517497e+07,-7.8169764681093683e+06,0.0000000000000000e+00,-4.3456943574949310e+03,0.0000000000000000e+00,
1.4414569367222102e-01,-1.1292035347567215e+00,9.9995776481828924e-01,1.3894737015651776e-12,-1.3687963989429239e+07,-2.2198153532685433e+06,5.5020956417453881e-01,-9.8195655454147277e+02,1.0000000000000000e+00,
-2.1232422088158323e-01,-9.5879337287182165e-01,9.9998561372482864e-01,1.6959359834294869e-12,7.6467431246670472e+04,-1.9857125412248887e+05,5.9514442234060549e+00,-9.8798566084258664e+02,1.0000000000000000e+00,
-6.4300983702618086e-01,-4.0467668197484075e-01,9.9999851787828853e-01,1.9873053356848185e-12,-1.6952861753428016e+07,-3.6408149013585192e+06,8.8916712506610907e-01,-1.4536830876544798e+02,1.0000000000000000e+00,
4.9373321628606315e-01,-1.5658248594600366e-01,9.9999999999635181e-01,2.2619658309600131e-12,-3.4148064124510419e+06,-7.1705212688906013e+05,4.4214902619029717e-01,-6.0260593671296419e+01,1.0000000000000000e+00,
-7.6803289371151118e-01,-9.4388189211569773e-01,9.9987422887242472e-01,1.0358955578889795e-14,-2.0666698804697832e+06,4.7635725924577837e+03,1.7560555154228688e+00,-3.7869290012544234e+03,1.0000000000000000e+00,
-4.8737954638301628e-01,-7.9136731601418220e-01,9.9991085067809193e-01,3.4199970341160535e-13,-1.7183968168013068e+06,-2.4768694690918191e+06,4.1050264615284462e+00,-2.3954907808366434e+03,1.0000000000000000e+00,
-8.0514578741660882e-03,-8.6395642045523957e-01,9.9992107600330404e-01,6.7400175291839958e-13,-1.2176327195187316e+06,8.4536200199017931e+03,8.5090267103737389e+00,-1.9269690352206508e+03,1.0000000000000000e+00,
7.2760562497186723e-02,-8.0737838283377805e-01,9.9994760585567111e-01,1.0362936445961049e-12,-8.5307993626724333e+06,-1.3361415473819524e+06,7.5247927456995711e+00,-9.8621362623625828e+02,1.0000000000000000e+00,
-3.8789517346458652e-01,-8.5063737097788417e-01,9.9995650071239761e-01,1.3741035271256573e-12,-1.2199610888871588e+07,-7.1017365593452321e+05,8.3371467835966584e-01,-9.6113057780267968e+02,1.0000000000000000e+00,
8.3323702955308471e-02,-1.3613781357892043e+00,9.9997242067882419e-01,1.6903528716071184e-12,-1.0137650805119798e+06,-9.1758480454422999e+05,5.8662350487479102e+00,-8.9068026480499657e+02,1.0000000000000000e+00,
-1.0296574481293788e+00,-7.6240876919693601e-01,9.9999803359577943e-01,1.9872184558471495e-12,-1.6000027863582214e+07,-2.6341795853538522e+06,2.3514225262512678e+00,-3.2585310489035476e+02,1.0000000000000000e+00,
1.0778306227854757e+00,-7.2186861636134159e-01,9.9999999958846852e-01,2.2636477198895128e-12,-3.3891335014869156e+06,-4.7515974885948247e+05,1.2600581617455919e+00,-2.0366814257252679e+02,1.0000000000000000e+00,
-2.9741506759192249e-01,-1.4159488084754004e+00,9.9986620433209261e-01,1.0578060313436833e-14,-1.4980121833497435e+06,1.5375413224809826e+05,2.4995298109431090e+00,-2.6701857418559985e+03,1.0000000000000000e+00,
-2.2818084813349601e-01,-1.1320973808099120e+00,9.9998039542358774e-01,3.4988226992955881e-13,-3.5940784559742305e+06,-2.0649748315533921e+06,5.2358775180365136e+00,-1.7981374706852332e+03,1.0000000000000000e+00,
3.8110082201571277e-01,-5.3683897711507700e-01,9.9999142749723269e-01,6.9158590303862550e-13,-5.7175439210118437e+06,-6.7986764804351539e+05,1.5085121890267617e+00,-1.1076023056686861e+03,1.0000000000000000e+00,
4.4374317590223616e-01,-5.7169853793026826e-01,9.9999022924685865e-01,1.0370187434921115e-12,-4.8102084990997752e+06,-9.0814371279645292e+05,1.2340096750942386e-01,-8.6737456516262489e+02,1.0000000000000000e+00,
9.2452702001929676e-02,-8.8064636083916059e-01,9.9994380243500303e-01,1.3706636214253422e-12,-1.1372495692209839e+06,-5.2628607022976363e+05,1.6426213987097427e-01,-8.8199984916049573e+02,1.0000000000000000e+00,
-5.1574712816961606e-03,-7.5001143821122773e-01,9.9999030991320303e-01,1.6878291847699789e-12,-3.6916332767569157e+06,-1.8412925289886801e+06,2.9732084886039800e-01,-8.0889124043207255e+02,1.0000000000000000e+00,
-1.2717972025589633e-01,-8.6534539779903275e-01,9.9998729339926518e-01,1.9870272272064036e-12,-3.9423259153076056e+06,-3.5784985573451337e+06,2.7093959236689003e+00,-5.4309531291187864e+02,1.0000000000000000e+00,
2.0468450040131125e-01,-5.3998315402511277e-01,9.9999999998853062e-01,2.2650993958811670e-12,-3.6605103533708844e+06,-3.0744125002959305e+06,1.9430903235331698e+00,-3.6745633449256775e+02,1.0000000000000000e+00,
7.3185187220252268e-01,-7.4563143536152865e-01,9.9999565090945919e-01,1.0716581453045165e-14,-7.3257571623306831e+03,8.6888755527950125e+04,7.7973307178513807e-02,-9.4901081383949372e+02,1.0000000000000000e+00,
5.0450700717021235e-01,-7.2263471304371718e-01,9.9999999996110200e-01,3.5417957929269601e-13,-6.0246091045935568e+05,-9.0685764242869022e+05,4.2036119973509756e-02,-5.9277231699567756e+02,1.0000000000000000e+00,
8.9777439103845957e-01,-3.5718854160633606e-01,9.9999999999652134e-01,6.9774674191741717e-13,8.4737307152831345e+05,1.0560303674641531e+06,1.4827367421919035e-01,-4.8371560305060677e+02,1.0000000000000000e+00,
9.1997457041195452e-01,-2.4188044713895843e-01,9.9999999999851041e-01,1.0385405089797037e-12,7.6025469598259265e+05,1.1000175517197798e+06,2.2181943762844547e-01,-3.6580572230917994e+02,1.0000000000000000e+00,
9.0024876524392639e-01,-2.5222740810605804e-01,9.9999999999932854e-01,1.3702887199526823e-12,6.2491664568025805e+05,8.5774035007353057e+05,2.6802277508073402e-01,-3.2142149419997190e+02,1.0000000000000000e+00,
7.9018819874661184e-01,-4.6788352206652917e-01,9.9999999999957001e-01,1.6874109782822189e-12,3.7975291266404022e+05,9.8963266367237410e+05,2.4241461864477287e+00,-3.5524950993155778e+02,1.0000000000000000e+00,
7.7772744094888036e-01,-8.5284539159722539e-01,9.9999999999955869e-01,1.9870780966869277e-12,-1.0567077241884921e+05,-1.5495266115660203e+05,1.5439579724164432e+00,-3.7789720248448930e+02,1.0000000000000000e+00,
3.6854622570902335e-01,-8.2676666187520742e-01,9.9999999999962341e-01,2.2667177233727792e-12,-9.0077338630039454e+05,-4.3846021735042590e+05,1.9452205318479798e-01,-3.7083352454262831e+02,1.0000000000000000e+00,

56,9
1.3468553650066797e+00,9.0979836407700898e-01,1.0002886180655970e+00,3.3055677452141312e-13,5.0759256935785851e+06,-9.4559524323120742e+04,2.8934004652681119e+03,-1.2740350949763365e+02,1.0000000000000000e+00,
1.4928903666319040e+00,9.6996548992037157e-01,1.0000034509779647e+00,6.7210474934128549e-13,6.2665201886482351e+06,8.4898359129263065e+05,2.3356071934450101e+03,-5.1450971300612082e+01,1.0000000000000000e+00,
1.4224491184702026e+00,9.2425868015558355e-01,1.0000000519032128e+00,1.0113855269985205e-12,3.9380896552603310e+06,3.5296723741694763e+06,2.0086104280046986e+03,-4.5952985855964698e+01,1.0000000000000000e+00,
1.5023740108425152e+00,7.1039081139328175e-01,1.0000000001178588e+00,1.3475759843589029e-12,2.0787389023232444e+06,5.6557419264016859e+05,2.2404706390515698e+03,-6.8415567280680762e+01,1.0000000000000000e+00,
2.0125872272006884e+00,8.8072747629015880e-01,1.0000062455972420e+00,1.6640897605312799e-12,4.0325687565333284e+06,2.5956004732914087e+06,2.5190753176997732e+03,-6.4549689114647435e+01,1.0000000000000000e+00,
1.5437681410349848e+00,8.8420666636486434e-01,1.0000579632824294e+00,1.9612208644075331e-12,4.8571961580785895e+06,5.5362467063804660e+06,2.1963508561323047e+03,-6.2630573083786203e+01,1.0000000000000000e+00,
1.5928784413130754e+00,1.2048302385768310e+00,1.0000896757232522e+00,2.2393208886940299e-12,4.3802909292991934e+06,2.9317986868474148e+06,2.5286465375696921e+03,3.1245501506066967e+02,1.0000000000000000e+00,
1.3628939535081714e+00,9.6692936133332763e-01,1.0000000000003477e+00,2.3707696562282280e-12,-4.3241106111904817e+04,1.6882412564235071e+06,1.4637744314603608e+03,7.7005838772927177e+01,1.0000000000000000e+00,
1.3178462302140199e+00,1.6193565648004631e+00,1.0001051573158468e+00,3.2682144969542254e-13,9.1988903472752608e+06,-1.4562879222808985e+05,2.1055369997610283e+03,-1.3024015715250612e+03,1.0000000000000000e+00,
1.3442611865832708e+00,1.2660027401053411e+00,1.0000565541505946e+00,6.6666944109475721e-13,2.9504841887867483e+06,-7.3018282960469049e+04,3.0609833930335585e+03,-4.9001973260690227e+02,1.0000000000000000e+00,
1.9046625225299383e+00,9.4592874470172461e-01,1.0000416685178990e+00,1.0110676302752221e-12,3.4126440779580371e+06,1.3995040531270022e+06,2.7031643368557252e+03,-4.8823605020169794e+02,1.0000000000000000e+00,
1.6121140506230043e+00,7.6528471024518607e-01,1.0001234794336458e+00,1.3649293789090122e-12,4.8788896119769808e+05,1.8795497256879809e+06,2.5103144923706077e+03,-4.3252176091740057e+02,1.0000000000000000e+00,
1.9149206255033138e+00,1.0924025443653995e+00,1.0001452300627280e+00,1.6733345819202275e-12,7.3453067295678542e+05,5.2884926087429207e+06,2.4267025355473811e+03,-2.9959659988896954e+02,1.0000000000000000e+00,
1.3095224693432912e+00,8.9603936551093821e-01,1.0000435947057618e+00,1.9657869583359450e-12,2.5990119957667985e+06,1.7154437441781145e+06,3.6770621335671408e+03,-1.5736749583233234e+02,1.0000000000000000e+00,
2.3911707949927323e+00,4.9299858529495444e-01,1.0000094258606611e+00,2.2422663603210215e-12,3.6872853129102022e+05,5.4959270588976908e+06,3.1875298425698711e+03,5.1280876771368810e+02,1.0000000000000000e+00,
1.4728127560174300e+00,2.5849515320477023e-01,1.0000000000010218e+00,2.3733878469603284e-12,-1.8590081503432954e+06,8.9229748194822902e+05,1.3839604590702572e+03,-6.2189725014648047e+00,1.0000000000000000e+00,
1.1160045994679304e+00,9.4529634713303323e-01,1.0000048861239781e+00,3.2015807127190371e-13,2.0150385499323171e+06,2.0597249577143709e+06,2.4950771796131216e+03,-2.4903965089773510e+03,1.0000000000000000e+00,
1.3716812350850964e+00,6.8550892106773431e-01,1.0001195773503340e+00,6.4967003002047379e-13,5.0122427036160473e+06,3.3849755158409663e+06,2.4902948126913589e+03,-1.6031949171662832e+03,1.0000000000000000e+00,
1.5588337203956710e+00,1.1273466139439825e+00,1.0000964942366730e+00,1.0097704206079196e-12,2.2624655070671625e+05,3.2109268683456321e+03,4.2864176644605459e+03,0.0000000000000000e+00,1.0000000000000000e+00,
1.7519845686942874e+00,7.8730865335717892e-01,1.0000803127244089e+00,1.3977833207093039e-12,2.8081991530169775e+06,2.1267885050517581e+06,5.8249022036025672e+03,0.0000000000000000e+00,1.0000000000000000e+00,
1.8296993856481529e+00,9.1266205611940721e-01,1.0000724557916161e+00,1.6809287159462015e-12,2.0291083297296279e+05,3.2190646745228032e+06,4.0912402487668760e+03,-6.4303590104930311e+02,1.0000000000000000e+00,
2.0222855489367206e+00,4.7823073441575253e-01,1.0000423465165487e+00,1.9694821721618858e-12,1.4805907017844249e+05,1.7524814678049639e+04,4.3629984032893281e+03,-1.5796658978582298e+02,1.0000000000000000e+00,
2.4534180672202401e+00,8.0583098339362680e-01,1.0001090601319449e+00,2.2451893587791167e-12,2.5377195193760563e+05,1.2170641916010738e+06,5.1589468347253578e+03,4.7571072221773693e+02,1.0000000000000000e+00,
2.0160768679098213e+00,6.3696228207198258e-01,1.0000000000032776e+00,2.3761825598152794e-12,-4.3284812719394351e+04,8.9640529634313006e+05,2.3112571022117918e+03,1.2035023387874276e+02,1.0000000000000000e+00,
1.4101960051660341e+00,4.5169540890524690e-01,1.0000419875539490e+00,3.2078219167891789e-13,4.7128957721658163e+06,1.1497600874703046e+07,2.7794747066981067e+03,-2.5330466618874134e+03,1.0000000000000000e+00,
1.4299787730187743e+00,6.5520885261325112e-01,1.0001369856951845e+00,6.5115869963458648e-13,7.7324026132792747e+06,3.5778690939903120e+06,2.3408163633656259e+03,-1.8955280321696725e+03,1.0000000000000000e+00,
1.4648686885318636e+00,6.8303275439858468e-01,1.0000520210631907e+00,1.0120660729669772e-12,3.2343382659548189e+05,1.8253197689880978e+05,4.4145279834696521e+03,0.0000000000000000e+00,1.0000000000000000e+00,
1.7481642813659244e+00,6.2563188418672988e-01,1.0000830149988018e+00,1.3978487843785811e-12,2.3356422421998883e+05,1.9033826491155308e+06,6.3246565808825408e+03,0.0000000000000000e+00,1.0000000000000000e+00,
2.1883461862712492e+00,5.2997834917036757e-01,1.0000241541082373e+00,1.6810943395039233e-12,2.4730439737448562e+05,7.8988437486009225e+06,3.9652181649727145e+03,-4.7475952273107941e+02,1.0000000000000000e+00,
2.1036036176204336e+00,7.4711044237925306e-01,1.0000235498565644e+00,1.9701721356704323e-12,3.1753479567089642e+05,1.2232230125312528e+05,5.2947673994530078e+03,-1.7432898041568035e+02,1.0000000000000000e+00,
2.1918917617653824e+00,8.4723149817971555e-01,1.0000033018961594e+00,2.2468676568677340e-12,2.1540420659004032e+05,1.8101784634795281e+05,3.5070230532541905e+03,4.5634342337505620e+02,1.0000000000000000e+00,
1.3317224567477948e+00,4.9726124948237255e-01,1.0000000000005267e+00,2.3781882620907914e-12,-2.5149186369093847e+06,1.2491111109392589e+05,1.2376363320202875e+03,8.2673569453024811e+01,1.0000000000000000e+00,
1.2257600575181105e+00,4.6408410966344915e-01,1.0000736226789784e+00,3.2827251171402182e-13,2.0519987607329199e+06,1.4382649389151532e+07,3.1490419362031002e+03,-1.9834249613999800e+03,1.0000000000000000e+00,
1.4639556094185806e+00,5.7035728327002844e-01,1.0000683068689957e+00,6.6947815705980299e-13,6.7081116867992599e+06,7.6104703079166505e+06,3.2188226763159787e+03,-1.2090285016139969e+03,1.0000000000000000e+00,
1.2847944227519801e+00,2.8301758028744528e-01,1.0000531136121042e+00,1.0153405569914074e-12,4.2603342052703199e+05,1.4770904037134652e+06,2.3210223990544355e+03,-4.2139972480063159e+02,1.0000000000000000e+00,
2.0095328201011111e+00,5.5320748446432433e-01,1.0000631660802732e+00,1.3677881159123602e-12,3.0839990685494978e+05,4.6842617414019294e+06,2.8347104635399460e+03,-4.9239246053484305e+02,1.0000000000000000e+00,
1.7585137165448268e+00,2.2921005192729371e-01,1.0000513526810801e+00,1.6768251489761227e-12,2.9416097624946665e+05,6.4277769610703308e+06,2.7653790368843556e+03,-3.4527772781498868e+02,1.0000000000000000e+00,
1.5374480064439735e+00,9.8147536774869837e-01,1.0000214462613866e+00,1.9699980717750445e-12,1.2829155205506177e+06,1.8823519343961817e+06,3.1367685349015646e+03,-1.8042390833480295e+02,1.0000000000000000e+00,
2.1061839125302799e+00,7.0975145590787980e-01,1.0000108708202375e+00,2.2482789534913516e-12,1.4759703602605932e+06,1.9951986817389436e+06,4.2256968889891705e+03,4.4217702502778525e+02,1.0000000000000000e+00,
1.4808915163787730e+00,3.2747262466842880e-01,1.0000000000005624e+00,2.3801654784627563e-12,-2.1598332366553824e+06,8.7373311525190377e+05,1.8025730582912115e+03,3.1512761127078193e-01,1.0000000000000000e+00,
1.0907346375037594e+00,6.7382638489347890e-01,1.0001052564722630e+00,3.3251405989107233e-13,1.2880354006856694e+06,1.3980118749781113e+07,3.0457029098144576e+03,-6.8870431785359324e+02,1.0000000000000000e+00,
1.6862483796600682e+00,1.2192405133154231e-01,1.0000250838818292e+00,6.7607875421433595e-13,1.7319796951802457e+06,8.9321168566716947e+06,2.7796117852461757e+03,-4.0364556602893435e+02,1.0000000000000000e+00,
1.4532672455251077e+00,4.7637418862870062e-01,1.0000047948852895e+00,1.0173248244612006e-12,3.3268179392442980e+05,4.6453680525950268e+06,2.0022221630067395e+03,-3.5179816010341642e+02,1.0000000000000000e+00,
1.5350999815078374e+00,2.0909076242595906e-01,1.0000049370627584e+00,1.3532220660618172e-12,1.8678287607241003e+06,7.4009543465631371e+06,1.0138380441952130e+03,-3.6678643921469722e+02,1.0000000000000000e+00,
1.3180380651797188e+00,2.7528996797651251e-01,1.0000040006537785e+00,1.6709161366692091e-12,2.5456556407251665e+06,3.1516660907968469e+06,2.7552591723723699e+03,-2.6173180144256037e+02,1.0000000000000000e+00,
1.4064153762485401e+00,4.6215022314568127e-01,1.0000148306854448e+00,1.9691669469796934e-12,9.4919780795575795e+05,4.8308729549086187e+06,2.0377647900230070e+03,-2.7887104020547201e+02,1.0000000000000000e+00,
1.4688981565607360e+00,8.9453592129719284e-01,1.0000022233668073e+00,2.2497737054070274e-12,4.3670684808997950e+06,4.3969598129529124e+06,2.7870399977148368e+03,-2.0264737672004571e+01,1.0000000000000000e+00,
1.4678623905274155e+00,4.8607118844006092e-01,1.0000000000008225e+00,2.3821841422864271e-12,8.7967462852928540e+04,5.4084450802687427e+05,1.8129670168824048e+03,7.4387730845688793e+00,1.0000000000000000e+00,
1.3073888237100662e+00,2.2541498030902921e-01,1.0000004809238501e+00,3.3371594454041288e-13,3.0998633170433259e+06,8.4289888008236755e+06,1.1318449141247968e+03,-7.3177764959396654e+01,1.0000000000000000e+00,
1.1794718639480855e+00,5.1322976797235173e-02,9.9999999999805111e-01,6.7773283843143577e-13,2.6226174176441818e+06,2.6275114889184595e+06,4.7883574097270855e+02,-4.3158730227699834e+01,1.0000000000000000e+00,
9.6722613305996163e-01,-2.1647451933731909e-01,9.9999999999973077e-01,1.0181139652189064e-12,1.3323744408837492e+06,1.8956522771986418e+06,9.8461191953334492e+01,-3.0706646755473457e+01,1.0000000000000000e+00,
9.7663266119862335e-01,-2.1275686227418275e-01,1.0000000000003664e+00,1.3502284264021750e-12,1.0565450239811665e+06,1.3689385375676060e+06,7.6621871491399062e+01,-2.4084500805612379e+01,1.0000000000000000e+00,
9.6073538819445292e-01,-2.0522211811752955e-01,1.0000000000009841e+00,1.6684328174941587e-12,1.1596506106685447e+06,1.3048078387907324e+06,1.2824333251272435e+02,-1.4927880265877207e+01,1.0000000000000000e+00,
9.9053878794211514e-01,-2.4042819493905992e-01,1.0000000000010680e+00,1.9690520684859409e-12,1.4051265805829165e+06,1.9847926586618817e+06,3.2739020261289056e+02,-1.3310241912644528e+01,1.0000000000000000e+00,
1.2668120137936740e+00,-2.0165921247890090e-01,1.0000000000006743e+00,2.2504613407732870e-12,1.5997209966803258e+06,1.6440879922376892e+06,8.5737119274434701e+02,-6.2420660277867910e+00,1.0000000000000000e+00,
1.0771292077218015e+00,-1.2066918226210858e-02,9.9999999999985778e-01,2.3830843255730088e-12,1.7006498141549891e+05,1.0070713081383684e+06,3.9987718904736590e+02,1.2997518428996614e+01,1.0000000000000000e+00,

