1
1
9
0
(36 0
((8,80) (23,95) (0,0))
((24,80) (39,95) (0,0))
((40,80) (55,95) (0,0))
((56,80) (71,95) (0,0))
((72,80) (87,95) (0,0))
((88,80) (103,95) (0,0))
((8,96) (23,111) (0,0))
((24,96) (39,111) (0,0))
((40,96) (55,111) (0,0))
((56,96) (71,111) (0,0))
((72,96) (87,111) (0,0))
((88,96) (103,111) (0,0))
((8,112) (23,127) (0,0))
((24,112) (39,127) (0,0))
((40,112) (55,127) (0,0))
((56,112) (71,127) (0,0))
((72,112) (87,127) (0,0))
((88,112) (103,127) (0,0))
((8,128) (23,143) (0,0))
((24,128) (39,143) (0,0))
((40,128) (55,143) (0,0))
((56,128) (71,143) (0,0))
((72,128) (87,143) (0,0))
((88,128) (103,143) (0,0))
((8,144) (23,159) (0,0))
((24,144) (39,159) (0,0))
((40,144) (55,159) (0,0))
((56,144) (71,159) (0,0))
((72,144) (87,159) (0,0))
((88,144) (103,159) (0,0))
((8,160) (23,175) (0,0))
((24,160) (39,175) (0,0))
((40,160) (55,175) (0,0))
((56,160) (71,175) (0,0))
((72,160) (87,175) (0,0))
((88,160) (103,175) (0,0))
)
36
FabOnDisk: Cell_D_00002 0
FabOnDisk: Cell_D_00002 18515
FabOnDisk: Cell_D_00002 37031
FabOnDisk: Cell_D_00002 55547
FabOnDisk: Cell_D_00003 0
FabOnDisk: Cell_D_00003 18516
FabOnDisk: Cell_D_00002 74063
FabOnDisk: Cell_D_00002 92579
FabOnDisk: Cell_D_00002 111096
FabOnDisk: Cell_D_00003 37033
FabOnDisk: Cell_D_00003 55550
FabOnDisk: Cell_D_00003 74067
FabOnDisk: Cell_D_00002 129613
FabOnDisk: Cell_D_00002 148130
FabOnDisk: Cell_D_00003 92585
FabOnDisk: Cell_D_00003 111103
FabOnDisk: Cell_D_00003 129621
FabOnDisk: Cell_D_00003 148139
FabOnDisk: Cell_D_00001 0
FabOnDisk: Cell_D_00001 18517
FabOnDisk: Cell_D_00001 37035
FabOnDisk: Cell_D_00001 55553
FabOnDisk: Cell_D_00000 0
FabOnDisk: Cell_D_00000 18518
FabOnDisk: Cell_D_00001 74071
FabOnDisk: Cell_D_00001 92588
FabOnDisk: Cell_D_00001 111106
FabOnDisk: Cell_D_00001 129624
FabOnDisk: Cell_D_00000 37037
FabOnDisk: Cell_D_00000 55555
FabOnDisk: Cell_D_00001 148142
FabOnDisk: Cell_D_00000 74074
FabOnDisk: Cell_D_00000 92592
FabOnDisk: Cell_D_00000 111110
FabOnDisk: Cell_D_00000 129628
FabOnDisk: Cell_D_00000 148146

36,9
6.2318053521186512e-01,-8.9814624251846031e-01,9.9998532388257211e-01,1.9121317428157252e-13,-1.1321635675519558e+07,-5.6391742290825760e+06,1.4697514257270541e+00,-4.6597666628329495e+02,1.0000000000000000e+00,
1.1188651939347585e+00,-2.9168120709745704e-01,9.9999824713984531e-01,5.5275900442555167e-13,-5.3015457233849457e+06,-2.3625333349985573e+06,2.5538938609950179e-01,-1.9706760793939304e+02,1.0000000000000000e+00,
8.7720134129427518e-01,-2.2154970562042486e-01,9.9999999999003630e-01,9.1832935326567918e-13,-5.7244458470379394e+06,-3.3114394636793560e+06,6.5568453806442051e-02,-2.0218554775710643e+02,1.0000000000000000e+00,
1.1946985341763572e+00,-1.5938421479557097e-01,9.9999999999122402e-01,1.2796412221919915e-12,-7.3250964085023273e+06,-5.5005585501633110e+06,6.2832720917739948e-02,-4.9609363857222172e+02,1.0000000000000000e+00,
6.7616396692569769e-01,1.9210736324145827e-02,9.9999999999334122e-01,1.6243497406204974e-12,-2.7631003289786587e+06,-6.5936116376240896e+06,1.1443294776228612e+00,-5.1754678455436670e+02,1.0000000000000000e+00,
3.6007838287349114e-01,-1.8661501028381924e-01,9.9999999999719191e-01,1.9510185893227534e-12,-8.8645406941663846e+06,-1.9849615263666534e+06,1.3462419025805161e-01,-5.9440126862910169e+01,1.0000000000000000e+00,
5.1018201026642251e-01,-3.7584535647314327e-01,9.9999999640452775e-01,1.8760635077640151e-13,-1.9964753831468195e+07,-6.2180262014061026e+06,2.2813830649877076e-01,-7.6678060526740558e+02,1.0000000000000000e+00,
9.4750337067795176e-02,-5.5835230748551090e-01,9.9997827253438187e-01,5.4024694543730759e-13,-2.8169817271898948e+06,-2.2349953814724777e+06,5.8677506478068153e-01,-5.7409688668253807e+02,1.0000000000000000e+00,
3.2009314257286769e-01,-1.1161407791783295e+00,9.9984515548753827e-01,9.0285521773920409e-13,-1.0767947037034387e+07,-2.5909653982017762e+06,9.9137533317332327e-02,-2.4040404096433394e+02,1.0000000000000000e+00,
7.1773591328340680e-01,-3.6368651997121904e-01,9.9985495353617715e-01,1.2838467470586115e-12,-1.0096124803266525e+07,-4.1062397488939241e+06,2.3283203479843451e-01,-4.7011778193831429e+02,1.0000000000000000e+00,
-9.4812492290017758e-02,-6.3527746802735818e-01,9.9984924330375413e-01,1.6311912670482897e-12,-1.0168414314562373e+06,-2.2020257488204301e+06,1.8790816848558620e+00,-4.8488854316294464e+02,1.0000000000000000e+00,
3.3773695435891671e-01,-9.6985205223739879e-01,9.9999677335213843e-01,1.9562269249220094e-12,-2.0357762994608339e+07,-2.5381237495920883e+05,3.6325244512686226e+00,-4.3394811841137589e+01,1.0000000000000000e+00,
4.5181625742218634e-01,-5.1948088064848041e-01,9.9992637366423220e-01,1.8560637360795586e-13,-2.1882724171870984e+07,-1.7547357425357718e+06,1.9610325822920771e-01,-7.7702881319923745e+02,1.0000000000000000e+00,
-5.7959461370988202e-02,-5.6180062266162845e-01,9.9987021175252588e-01,5.2771829426869558e-13,2.7675972115173863e+04,-6.1283399385057724e+04,8.3681427054900226e-01,-5.7701942589406349e+02,1.0000000000000000e+00,
-4.4073719834217588e-02,-7.7547544360685672e-01,0.0000000000000000e+00,0.0000000000000000e+00,-1.9286801253923057e+06,-1.0269476587965554e+06,0.0000000000000000e+00,-2.3369587779056690e+02,0.0000000000000000e+00,
1.2822076253504139e-01,-1.5834150756604787e-01,9.9990474258490836e-01,1.3034546709850969e-12,-1.1976588457757050e+07,-3.5806336287656249e+06,7.3891499900034319e-01,-4.6416926644392038e+02,1.0000000000000000e+00,
6.3952677944729397e-01,-6.1559271376049285e-01,9.9999366198649176e-01,1.6457816802717580e-12,5.2988160320026305e+04,-5.3078702340369928e+04,5.5332477416152415e-01,-3.3252722019680039e+02,1.0000000000000000e+00,
7.1236535171627507e-02,-9.8084593249703744e-01,9.9999997160995668e-01,1.9633973842587388e-12,-1.5543506889152529e+07,-1.8151471986765086e+06,9.0940420902767016e-01,2.7498967426939430e+01,1.0000000000000000e+00,
3.5106798487734264e-02,-5.5133936020951735e-01,9.9981403801404789e-01,1.8564300211985623e-13,-7.7840561819575923e+06,-1.0429379289655228e+06,1.0359673340222031e+00,-5.4529288131200656e+02,1.0000000000000000e+00,
2.1622373017376800e-01,-6.7750641312527971e-01,9.9990486740230533e-01,5.2778132422674269e-13,-7.4152947969540199e+06,-5.0461124395002774e+05,3.5810550657448914e+00,-5.9649176359088301e+02,1.0000000000000000e+00,
-5.4286978234542566e-02,-1.0726390746983203e+00,0.0000000000000000e+00,0.0000000000000000e+00,-5.5581158669678021e+04,-4.2013961966796327e+04,0.0000000000000000e+00,-2.8605505413160444e+02,0.0000000000000000e+00,
1.2402790693618748e-01,-1.2305122518048890e+00,9.9996305630570681e-01,1.3072295716533327e-12,-8.8153522909799926e+06,-6.7951462455751759e+05,1.8406520711945262e+00,-4.5084383177934836e+02,1.0000000000000000e+00,
2.7062827198144845e-01,-9.2533065113341006e-01,9.9998679126111689e-01,1.6502264323676891e-12,-7.6274271280746935e+06,-3.3240358428258356e+06,1.0492769751432149e+00,-5.2455343125803597e+02,1.0000000000000000e+00,
2.1480449514386402e-01,-5.9607891567788240e-01,9.9999600874605499e-01,1.9689268284455457e-12,-1.1858525783286201e+07,-2.1198839620159636e+06,4.6501432974613266e-01,1.4795597225615559e+01,1.0000000000000000e+00,
-1.6070686149462399e-01,-3.3827038679346022e-01,9.9985497965571790e-01,1.8841974589381528e-13,-1.5858661712106613e+07,-3.9533417199450438e+06,8.2038026285587762e-02,-3.5969852119060647e+02,1.0000000000000000e+00,
6.3608650437581904e-01,-6.3206364129647363e-01,9.9976726081982892e-01,5.4224067152617010e-13,-9.0722771159668807e+06,-1.1472971486695129e+06,3.6032680759353184e+00,-6.3041304743633827e+02,1.0000000000000000e+00,
3.6974698830751762e-01,-7.0672612137649204e-01,9.9993394121105394e-01,9.0590176553724112e-13,-5.3284293322369995e+04,-1.4570132853631637e+05,4.0238412898159215e+00,-2.8662848319677647e+02,1.0000000000000000e+00,
6.0896623969072827e-01,-1.1010354140573082e+00,9.9991397787205138e-01,1.2907101079818833e-12,-1.2529739614239205e+07,-1.5282119869038197e+06,7.8794445232928751e+00,-2.9094652066432468e+02,1.0000000000000000e+00,
1.9578186839708178e-01,-9.1394872667404647e-01,9.9991348432366711e-01,1.6397402732992597e-12,-9.7833585561492741e+06,-2.5570052904291507e+06,9.1930723887612658e+00,-4.9138305947023474e+02,1.0000000000000000e+00,
3.3505219070972753e-01,-5.6300300363905353e-01,9.9999788863488381e-01,1.9665125001717899e-12,-1.0380796365186198e+07,-3.3794065879989471e+06,4.7009562482811518e-01,-1.0335345956135782e+02,1.0000000000000000e+00,
6.1733869853192314e-01,-1.0307062011087047e+00,9.9995841775969385e-01,1.9232773992013868e-13,-1.4826374645171642e+07,-2.0563759875902773e+06,4.9864384579917953e-01,-3.4744585043096271e+02,1.0000000000000000e+00,
8.7262712220771887e-01,-7.4517100842939010e-01,9.9999999455960076e-01,5.5590470851643224e-13,-4.9615947808946529e+06,-6.3831967895736254e+05,1.7927536528694361e+00,-2.2544926391277960e+02,1.0000000000000000e+00,
8.8040273432407012e-01,-2.9764620869439501e-01,9.9999340025438566e-01,9.2354942771501408e-13,-2.6677668754640315e+06,-2.1155236342315739e+06,1.3675373625792742e-01,-1.2017527142833234e+02,1.0000000000000000e+00,
9.1242495456543715e-01,-2.5979906065285474e-01,9.9999999988495347e-01,1.2893058106468938e-12,-6.7765168022819012e+06,-2.2342053125384944e+06,9.4741141142573038e-01,-1.0831601122095540e+02,1.0000000000000000e+00,
5.8473969457439734e-01,-8.2541809855623083e-01,9.9999999990091937e-01,1.6366611909680558e-12,-9.4899264132045601e+06,-4.9105067672548881e+06,1.5560028775508812e+00,-3.5333712947389864e+02,1.0000000000000000e+00,
7.7026877181933262e-01,-8.4642101816182547e-01,9.9999999999853040e-01,1.9656913539628174e-12,-7.5995660724226050e+06,-2.1539915284319152e+06,2.0732901347031429e-01,-1.0782418397660638e+02,1.0000000000000000e+00,

36,9
2.3117547229091255e+00,7.0972559589454309e-01,1.0000095724842077e+00,5.3545631275889351e-13,3.6191073767038895e+05,1.7176443346030102e+06,1.9511140967633996e+03,1.1525902685278311e+01,1.0000000000000000e+00,
1.8372572955550996e+00,3.4529419743642586e-01,1.0000000081553890e+00,8.9917257366107668e-13,7.0171748305720510e+04,2.1449961197233861e+06,1.5486881770389384e+03,-7.3275823765430346e+01,1.0000000000000000e+00,
1.7421583044909055e+00,2.9054802446371691e-01,1.0000000000871918e+00,1.2609296251659690e-12,-4.7421582199735881e+05,1.7362123498511349e+05,1.1306334697425173e+03,-6.6392524115023036e+01,1.0000000000000000e+00,
1.6098462248232994e+00,5.6764154465022432e-01,1.0000000000022975e+00,1.6095233009250253e-12,-1.6263593381629567e+05,1.7971256545601699e+06,1.2707714296705417e+03,-5.9420388611481712e+01,1.0000000000000000e+00,
1.3958910864766385e+00,6.5980573578617385e-01,1.0000000000542502e+00,1.9361026772747371e-12,2.0953228448591949e+06,2.2965544797540577e+06,1.3619776972395844e+03,6.7301731759297070e+01,1.0000000000000000e+00,
1.6429337247158944e+00,8.8535272416681010e-01,1.0000000000020544e+00,2.2422599564211322e-12,3.4742857553058548e+05,3.3678327359513217e+06,2.0534977073037485e+03,2.1617998305371964e+02,1.0000000000000000e+00,
2.5700176931232299e+00,8.6053218351315208e-01,1.0000000172810131e+00,5.2954887080174260e-13,3.2565131216715649e+05,5.0644348209708033e+05,2.4105929390131178e+03,-3.6808036822289296e+01,1.0000000000000000e+00,
1.8929405297920820e+00,1.1536031031117786e+00,1.0000419032641576e+00,8.9493478311366512e-13,2.2312200598619384e+05,1.0226855905521738e+06,2.6879828332239204e+03,5.5149265286456739e+00,1.0000000000000000e+00,
2.0469098791010323e+00,5.6546463683051995e-01,1.0001034257162136e+00,1.2773978928831575e-12,1.6273275252867729e+05,1.4138337127083403e+06,2.4020035029067367e+03,1.7720594331107245e+02,1.0000000000000000e+00,
2.2089269717734896e+00,8.9825024224067918e-01,1.0001445396286797e+00,1.6241913659694390e-12,1.7774000042607216e+05,3.0219091670627780e+06,2.8075496803294468e+03,-9.2485208252855159e+01,1.0000000000000000e+00,
1.5336129149935565e+00,9.0585637394120588e-01,1.0000648721425935e+00,1.9434799167274702e-12,6.2202995356738800e+05,8.1147369284862455e+05,2.9211592433374499e+03,2.0012173371975896e+02,1.0000000000000000e+00,
2.6270575906424751e+00,7.7269549217255296e-01,1.0000233481592731e+00,2.2468574258631530e-12,8.5636357122995402e+05,5.9978777655836428e+06,2.5262211222556202e+03,4.8178710532091696e+02,1.0000000000000000e+00,
2.3194340244691038e+00,5.8736791310511260e-01,1.0001069207748752e+00,5.1725035211500080e-13,2.3217523649001180e+05,2.1853819055154910e+06,1.8914571505391805e+03,-2.0550710071075645e+02,1.0000000000000000e+00,
1.9206505963217078e+00,7.9872246799926372e-01,1.0000510828984985e+00,8.7640772411166810e-13,1.4791270221859613e+05,4.6827484417811589e+04,2.7262501497536032e+03,-2.8242324194991454e+01,1.0000000000000000e+00,
2.2771176952499976e+00,1.2794852635480003e+00,1.0000986356317125e+00,1.3876849636843379e-12,2.9835137326197117e+05,1.5640499955905587e+06,6.5350947457999755e+03,1.3574002541700268e+03,1.0000000000000000e+00,
2.2963540824398918e+00,1.1205634601698031e+00,1.0000320702926355e+00,1.6400582167204077e-12,1.3949985468834348e+05,1.6729470050330667e+06,3.8012739670533033e+03,-4.3622054948657365e+01,1.0000000000000000e+00,
2.0399688930497257e+00,8.0749336183203080e-01,1.0000222552432285e+00,1.9496704535689196e-12,1.2573930136731660e+05,3.1424653287591602e+04,3.6680425555309157e+03,1.5833242574371948e+02,1.0000000000000000e+00,
2.7005881450072859e+00,7.4000891134154689e-01,1.0000020208194869e+00,2.2513392026992942e-12,1.2720966828960912e+05,3.6704421639787159e+06,4.8630338455113788e+03,3.1151542304767946e+02,1.0000000000000000e+00,
2.1227866761658443e+00,3.7647424525503237e-01,1.0003062204206477e+00,5.1909746284669917e-13,2.1353599310133664e+05,4.5092750624790955e+06,2.7254199515216833e+03,-6.2520574105910441e+01,1.0000000000000000e+00,
1.9066712755423494e+00,7.5415079103625415e-01,1.0000689224855837e+00,8.7924027518193203e-13,1.3898687911818616e+05,4.7331451953883544e+06,2.8526334858643277e+03,-1.6237346305770717e+02,1.0000000000000000e+00,
2.2922619218539348e+00,1.0383386737675393e+00,1.0000526919521977e+00,1.3878737257807286e-12,1.6809335651014952e+05,1.1352553535031471e+05,6.5967910753866427e+03,1.2751959267462241e+03,1.0000000000000000e+00,
2.1882531035975470e+00,2.7294929402566376e-01,1.0000557962392116e+00,1.6402075179106461e-12,1.2617468419688991e+05,3.4230962558903424e+06,4.4904147969080996e+03,2.0525595723494098e+02,1.0000000000000000e+00,
2.5678724104435831e+00,8.6606293311420901e-01,1.0000281304223522e+00,1.9503446628413915e-12,2.1091245158480172e+05,2.0420269987402067e+06,5.5635485282571244e+03,1.1500899527267517e+01,1.0000000000000000e+00,
2.0585415152170583e+00,5.6164265286670223e-01,1.0000044121927629e+00,2.2535721506086754e-12,2.0515814823703832e+05,3.7414935733200586e+05,2.7547371862087948e+03,3.9429963968970446e+02,1.0000000000000000e+00,
1.9299132028130883e+00,9.8601002538140847e-01,1.0000978944963335e+00,5.3250302160918243e-13,2.0789300262039399e+05,1.4438034324097249e+06,3.4615891828652575e+03,-3.0465502153865771e+01,1.0000000000000000e+00,
2.0838152018789367e+00,7.5953163581751282e-01,1.0001099533841771e+00,8.9988589312352294e-13,2.6690874398238899e+05,4.5368269148677764e+06,2.1654600550096388e+03,-7.8884980334100419e+01,1.0000000000000000e+00,
1.7833875892246969e+00,4.5969135361251767e-01,1.0000161038060218e+00,1.2812888585718296e-12,1.6115366408943664e+05,1.4800298198718810e+05,2.7970904050353538e+03,2.1115944206133202e+02,1.0000000000000000e+00,
2.2373462007605278e+00,6.6885842250209815e-01,1.0000365195773795e+00,1.6288625541654124e-12,1.1331419330653647e+05,5.2737973858600287e+06,2.4921164599188151e+03,2.0105752183044771e+02,1.0000000000000000e+00,
1.9114062421477647e+00,8.8081011230063633e-01,1.0000438404526977e+00,1.9492643719580734e-12,1.1875673498603306e+06,5.5842898078952124e+06,3.2003596137801569e+03,6.7865830463530017e+00,1.0000000000000000e+00,
1.9218135177201803e+00,9.9106205113484813e-01,1.0000012906424676e+00,2.2543340945816298e-12,1.8906484532557018e+05,1.3061606215310867e+05,2.6544598195401741e+03,3.7750047596840176e+02,1.0000000000000000e+00,
1.9055431063747859e+00,1.0441504432265865e+00,1.0000404025128931e+00,5.3947682501322845e-13,6.4639121139092126e+05,5.7620930932027819e+06,2.8178095066788392e+03,6.0358085704904283e+01,1.0000000000000000e+00,
1.6767959100164251e+00,1.6169103226330500e-01,1.0000000019095407e+00,9.0604486956420485e-13,6.1715100215600891e+04,2.8726061196944015e+06,1.6709101933842967e+03,-4.4554538522274186e+01,1.0000000000000000e+00,
1.6526750578567770e+00,2.1695192819076267e-01,1.0000174694881900e+00,1.2678864932731475e-12,7.6269530261990230e+05,3.4876984431643090e+06,1.3275698869007074e+03,1.5437656026944694e+01,1.0000000000000000e+00,
1.5322921249459849e+00,1.2730488863048531e-01,1.0000000000271188e+00,1.6181934883826829e-12,-2.7718740180869697e+05,2.0338050921865865e+06,1.3650628092298257e+03,3.4447135526944635e+01,1.0000000000000000e+00,
1.6781124530293627e+00,1.2804961142846205e-01,1.0000000000802562e+00,1.9465567797667817e-12,1.3471840164637342e+06,6.3638762432632111e+06,1.6135199236659114e+03,1.5819823813218372e+02,1.0000000000000000e+00,
1.8303926680078053e+00,2.4439717960540688e-01,1.0000000000029421e+00,2.2555413915789729e-12,3.8187912671056576e+05,3.1858011698561688e+06,2.2016897755628420e+03,1.5652655824599722e+02,1.0000000000000000e+00,

