1
1
9
0
(4 0
((32,112) (47,127) (0,0))
((48,112) (63,127) (0,0))
((32,128) (47,143) (0,0))
((48,128) (63,143) (0,0))
)
4
FabOnDisk: Cell_D_00000 0
FabOnDisk: Cell_D_00000 18518
FabOnDisk: Cell_D_00000 37036
FabOnDisk: Cell_D_00000 55554

4,9
0.0000000000000000e+00,-7.6451400564589589e-01,0.0000000000000000e+00,0.0000000000000000e+00,-9.1051126094054086e+02,-7.5992827679906316e+02,0.0000000000000000e+00,-1.0291640159593889e+00,0.0000000000000000e+00,
-8.3345045258734402e-02,-1.0773510640857346e-01,0.0000000000000000e+00,0.0000000000000000e+00,-7.8350254950809770e+01,-8.0703483869161175e+02,0.0000000000000000e+00,-1.0803764091947450e+00,0.0000000000000000e+00,
0.0000000000000000e+00,0.0000000000000000e+00,0.0000000000000000e+00,0.0000000000000000e+00,-9.1051126094063966e+02,-5.9493116856655502e+02,0.0000000000000000e+00,-1.0291640159593851e+00,0.0000000000000000e+00,
-8.3345045258649011e-02,-6.5762963960646281e-01,0.0000000000000000e+00,0.0000000000000000e+00,-7.8350254950861057e+01,-4.4521738180235059e+02,0.0000000000000000e+00,-1.0803764091947499e+00,0.0000000000000000e+00,

4,9
1.6707369511538763e+00,0.0000000000000000e+00,1.0000000000000886e+00,1.1845935476331315e-12,1.6977977521706822e+02,5.9493116856656297e+02,4.0691247202153236e+03,5.6025667500313769e-01,1.0000000000000000e+00,
1.6958966369238171e+00,6.5762963960647880e-01,1.0000000000001323e+00,1.7260416249345422e-12,5.4674399302635402e+02,4.4521738180230437e+02,4.8225069645850162e+03,1.7559001037291691e-01,1.0000000000000000e+00,
1.6707369511538808e+00,7.6451400564590233e-01,1.0000000000000839e+00,1.1910664037898292e-12,1.6977977521707444e+02,7.5992827679907737e+02,4.0691247202154991e+03,5.6025667500313869e-01,1.0000000000000000e+00,
1.6958966369238246e+00,1.0773510640859789e-01,1.0000000000003519e+00,1.7206186809996020e-12,5.4674399302628308e+02,8.0703483869163836e+02,4.8225069645851509e+03,1.7559001037291522e-01,1.0000000000000000e+00,

