1
1
2
4
(4 0
((80,240) (95,255) (0,0))
((96,240) (111,255) (0,0))
((80,256) (95,271) (0,0))
((96,256) (111,271) (0,0))
)
4
FabOnDisk: SD_2_Old_MF_D_00000 0
FabOnDisk: SD_2_Old_MF_D_00000 9302
FabOnDisk: SD_2_Old_MF_D_00000 18605
FabOnDisk: SD_2_Old_MF_D_00000 27907

4,2
-2.0366918518563682e+03,-1.7610404909900385e+03,
-2.0463385864175928e+02,-2.1855346999197382e+03,
-2.0366918518401435e+03,-8.8805355259263320e+02,
-2.0463385864176436e+02,-1.6765308179159094e+03,

4,2
2.8116749293723507e+02,8.8805355259310068e+02,
2.9873342605720627e+03,1.6765308178354292e+03,
2.8116749293723552e+02,1.7610404909900533e+03,
2.9873342605724856e+03,2.1855346999197468e+03,

