1
1
4
4
(64 0
((0,0) (15,15) (0,0))
((16,0) (31,15) (0,0))
((32,0) (47,15) (0,0))
((48,0) (63,15) (0,0))
((64,0) (79,15) (0,0))
((80,0) (95,15) (0,0))
((96,0) (111,15) (0,0))
((112,0) (127,15) (0,0))
((0,16) (15,31) (0,0))
((16,16) (31,31) (0,0))
((32,16) (47,31) (0,0))
((48,16) (63,31) (0,0))
((64,16) (79,31) (0,0))
((80,16) (95,31) (0,0))
((96,16) (111,31) (0,0))
((112,16) (127,31) (0,0))
((0,32) (15,47) (0,0))
((16,32) (31,47) (0,0))
((32,32) (47,47) (0,0))
((48,32) (63,47) (0,0))
((64,32) (79,47) (0,0))
((80,32) (95,47) (0,0))
((96,32) (111,47) (0,0))
((112,32) (127,47) (0,0))
((0,48) (15,63) (0,0))
((16,48) (31,63) (0,0))
((32,48) (47,63) (0,0))
((48,48) (63,63) (0,0))
((64,48) (79,63) (0,0))
((80,48) (95,63) (0,0))
((96,48) (111,63) (0,0))
((112,48) (127,63) (0,0))
((0,64) (15,79) (0,0))
((16,64) (31,79) (0,0))
((32,64) (47,79) (0,0))
((48,64) (63,79) (0,0))
((64,64) (79,79) (0,0))
((80,64) (95,79) (0,0))
((96,64) (111,79) (0,0))
((112,64) (127,79) (0,0))
((0,80) (15,95) (0,0))
((16,80) (31,95) (0,0))
((32,80) (47,95) (0,0))
((48,80) (63,95) (0,0))
((64,80) (79,95) (0,0))
((80,80) (95,95) (0,0))
((96,80) (111,95) (0,0))
((112,80) (127,95) (0,0))
((0,96) (15,111) (0,0))
((16,96) (31,111) (0,0))
((32,96) (47,111) (0,0))
((48,96) (63,111) (0,0))
((64,96) (79,111) (0,0))
((80,96) (95,111) (0,0))
((96,96) (111,111) (0,0))
((112,96) (127,111) (0,0))
((0,112) (15,127) (0,0))
((16,112) (31,127) (0,0))
((32,112) (47,127) (0,0))
((48,112) (63,127) (0,0))
((64,112) (79,127) (0,0))
((80,112) (95,127) (0,0))
((96,112) (111,127) (0,0))
((112,112) (127,127) (0,0))
)
64
FabOnDisk: SD_0_Old_MF_D_00002 0
FabOnDisk: SD_0_Old_MF_D_00002 18516
FabOnDisk: SD_0_Old_MF_D_00002 37032
FabOnDisk: SD_0_Old_MF_D_00002 55548
FabOnDisk: SD_0_Old_MF_D_00003 0
FabOnDisk: SD_0_Old_MF_D_00003 18516
FabOnDisk: SD_0_Old_MF_D_00003 37032
FabOnDisk: SD_0_Old_MF_D_00003 55549
FabOnDisk: SD_0_Old_MF_D_00002 74064
FabOnDisk: SD_0_Old_MF_D_00002 92580
FabOnDisk: SD_0_Old_MF_D_00002 111096
FabOnDisk: SD_0_Old_MF_D_00002 129612
FabOnDisk: SD_0_Old_MF_D_00003 74067
FabOnDisk: SD_0_Old_MF_D_00003 92583
FabOnDisk: SD_0_Old_MF_D_00003 111099
FabOnDisk: SD_0_Old_MF_D_00003 129616
FabOnDisk: SD_0_Old_MF_D_00002 148128
FabOnDisk: SD_0_Old_MF_D_00002 166644
FabOnDisk: SD_0_Old_MF_D_00002 185160
FabOnDisk: SD_0_Old_MF_D_00002 203676
FabOnDisk: SD_0_Old_MF_D_00003 148134
FabOnDisk: SD_0_Old_MF_D_00003 166650
FabOnDisk: SD_0_Old_MF_D_00003 185166
FabOnDisk: SD_0_Old_MF_D_00003 203683
FabOnDisk: SD_0_Old_MF_D_00002 222192
FabOnDisk: SD_0_Old_MF_D_00002 240708
FabOnDisk: SD_0_Old_MF_D_00002 259224
FabOnDisk: SD_0_Old_MF_D_00002 277740
FabOnDisk: SD_0_Old_MF_D_00003 222201
FabOnDisk: SD_0_Old_MF_D_00003 240717
FabOnDisk: SD_0_Old_MF_D_00003 259233
FabOnDisk: SD_0_Old_MF_D_00003 277750
FabOnDisk: SD_0_Old_MF_D_00000 0
FabOnDisk: SD_0_Old_MF_D_00000 18516
FabOnDisk: SD_0_Old_MF_D_00000 37032
FabOnDisk: SD_0_Old_MF_D_00000 55548
FabOnDisk: SD_0_Old_MF_D_00001 0
FabOnDisk: SD_0_Old_MF_D_00001 18516
FabOnDisk: SD_0_Old_MF_D_00001 37032
FabOnDisk: SD_0_Old_MF_D_00001 55549
FabOnDisk: SD_0_Old_MF_D_00000 74064
FabOnDisk: SD_0_Old_MF_D_00000 92580
FabOnDisk: SD_0_Old_MF_D_00000 111096
FabOnDisk: SD_0_Old_MF_D_00000 129612
FabOnDisk: SD_0_Old_MF_D_00001 74067
FabOnDisk: SD_0_Old_MF_D_00001 92583
FabOnDisk: SD_0_Old_MF_D_00001 111099
FabOnDisk: SD_0_Old_MF_D_00001 129616
FabOnDisk: SD_0_Old_MF_D_00000 148128
FabOnDisk: SD_0_Old_MF_D_00000 166645
FabOnDisk: SD_0_Old_MF_D_00000 185162
FabOnDisk: SD_0_Old_MF_D_00000 203679
FabOnDisk: SD_0_Old_MF_D_00001 148134
FabOnDisk: SD_0_Old_MF_D_00001 166651
FabOnDisk: SD_0_Old_MF_D_00001 185168
FabOnDisk: SD_0_Old_MF_D_00001 203686
FabOnDisk: SD_0_Old_MF_D_00000 222196
FabOnDisk: SD_0_Old_MF_D_00000 240714
FabOnDisk: SD_0_Old_MF_D_00000 259232
FabOnDisk: SD_0_Old_MF_D_00000 277750
FabOnDisk: SD_0_Old_MF_D_00001 222205
FabOnDisk: SD_0_Old_MF_D_00001 240723
FabOnDisk: SD_0_Old_MF_D_00001 259241
FabOnDisk: SD_0_Old_MF_D_00001 277760

64,4
1.0000042315907975e+00,-7.0323682871636529e-03,9.9999999999997002e-01,1.8236746027077878e-15,
1.0025276734468322e+00,-7.0237863471863757e-03,9.9999999999992295e-01,5.8377925901972125e-14,
1.0069603621250256e+00,-1.7389481898326055e-03,9.9999999999992395e-01,1.1524804951686738e-13,
1.0045628031945837e+00,5.3135611746869048e-05,9.9999999999997735e-01,1.6795977606928838e-13,
1.0022289504413036e+00,5.3825738694911636e-05,9.9999999999998324e-01,2.1418955550361640e-13,
1.0010443565964546e+00,2.9646828174714486e-05,9.9999999999996314e-01,2.5214791257203968e-13,
1.0004972831256622e+00,1.4162764398781476e-05,9.9999999999991429e-01,2.8035084101260489e-13,
1.0002677102645638e+00,5.1557776780680595e-06,9.9999999999979117e-01,2.9764613616434443e-13,
1.0000079439496010e+00,-2.1868783165222311e-02,9.9999999999994149e-01,1.8214460303149870e-15,
1.0042471052680451e+00,-2.1771130857413664e-02,9.9999999999999212e-01,6.0063004804002655e-14,
1.0081575041430149e+00,-1.9907299889638198e-03,1.0000000000000002e+00,1.1650439643248129e-13,
1.0027068767617571e+00,2.4234146545786270e-03,1.0000000000000036e+00,1.6876074990432908e-13,
1.0006333017880369e+00,1.7606283005505224e-03,1.0000000000000024e+00,2.1468204919619804e-13,
1.0001524988607755e+00,9.1917163098002440e-04,1.0000000000000018e+00,2.5244327123519882e-13,
1.0000411286233939e+00,4.2811535815817588e-04,1.0000000000000011e+00,2.8052578440742171e-13,
1.0000136875342100e+00,1.5443751749074074e-04,9.9999999999999956e-01,2.9775128927728595e-13,
1.0000266775822051e+00,-7.1383498729586978e-02,9.9999999999993805e-01,1.7969131603824544e-15,
1.0131290832010615e+00,-7.1224889227219298e-02,9.9999999999997313e-01,5.9481967784134008e-14,
1.0000770762167543e+00,1.3212683641903558e-04,9.9999999999998679e-01,1.1673901721290925e-13,
9.9569854393891577e-01,6.3797319597626309e-03,9.9999999999999178e-01,1.6904363925465173e-13,
9.9616987291839987e-01,2.8932564571093476e-03,9.9999999999999734e-01,2.1486501997988335e-13,
9.9799444231771484e-01,1.1542485346651399e-03,9.9999999999999900e-01,2.5254219580876041e-13,
9.9905320346336524e-01,4.7704223848904541e-04,1.0000000000000000e+00,2.8057571555501797e-13,
9.9954710816744474e-01,1.6502338780271153e-04,9.9999999999999778e-01,2.9777857687578209e-13,
8.3455847221078816e-01,-1.4117863065644412e-01,9.9999999999963707e-01,1.7522014166829544e-15,
-8.0554666588488200e-01,-6.5827907844971534e-01,9.9999999999973421e-01,-1.1963422305204279e-12,
1.2756980988243302e-01,2.3772480244942033e-03,9.9999999999985767e-01,7.1066833323767905e-14,
9.6153058027400229e-01,3.7719154724329476e-04,9.9999999999997913e-01,1.6962808492141836e-13,
9.9015152876243229e-01,1.1086014228346599e-04,9.9999999999999412e-01,2.1511991674808163e-13,
9.9640818643435303e-01,4.1253529192151220e-05,9.9999999999999845e-01,2.5265391874756372e-13,
9.9850143167610217e-01,1.6568843436637218e-05,9.9999999999999989e-01,2.8062875187091465e-13,
9.9931876718703738e-01,5.6759617405255620e-06,9.9999999999999889e-01,2.9780707518175714e-13,
8.3455847221079305e-01,1.6282959201611516e-04,9.9999999999948019e-01,1.7522399391457132e-15,
-8.0554666588478774e-01,-7.8012988004649131e-01,9.9999999999927791e-01,-1.2444782873743297e-12,
1.2756980988239136e-01,-5.8023581630111287e-01,9.9999999999994216e-01,6.7868809085014327e-14,
9.6153058027400085e-01,-2.7375973403170339e-02,9.9999999999999167e-01,1.6962791481625062e-13,
9.9015152876243362e-01,-7.4823039311311176e-03,9.9999999999999489e-01,2.1511997144417764e-13,
9.9640818643435414e-01,-2.6273864537209903e-03,9.9999999999999734e-01,2.5265399315369893e-13,
9.9850143167610206e-01,-1.0456981840730687e-03,9.9999999999999989e-01,2.8062853598081980e-13,
9.9931876718703772e-01,-4.3028876421189068e-04,9.9999999999999900e-01,2.9780782725815978e-13,
1.0000266775822044e+00,6.6764722279149223e-04,9.9999999999947298e-01,1.7969964920474278e-15,
1.0131290832010682e+00,-2.8157163127212479e-02,1.0000000000000049e+00,5.9473313841428161e-14,
1.0000770762167530e+00,-4.3504292390886018e-02,9.9999999999999134e-01,1.1673908571913267e-13,
9.9569854393891388e-01,-2.4680212267291533e-02,9.9999999999999678e-01,1.6904334819499176e-13,
9.9616987291839820e-01,-7.7864035665893179e-03,1.0000000000000016e+00,2.1486563875527369e-13,
9.9799444231771528e-01,-3.1190875981916993e-03,1.0000000000000013e+00,2.5254137583092286e-13,
9.9905320346336390e-01,-1.3672477049648467e-03,9.9999999999999989e-01,2.8057610882497743e-13,
9.9954710816744374e-01,-5.9244617025866518e-04,9.9999999999999867e-01,2.9777857561527713e-13,
1.0000079439496008e+00,1.7766990623615958e-04,9.9999999999958200e-01,1.8215692672426521e-15,
1.0042471052680495e+00,1.6214622280412564e-03,1.0000000000000107e+00,6.0061237067770027e-14,
1.0081575041430189e+00,-8.8151203893633758e-03,1.0000000000000044e+00,1.1650453307595945e-13,
1.0027068767617571e+00,-8.8182215813674258e-03,1.0000000000000062e+00,1.6876055233885936e-13,
1.0006333017880382e+00,-5.9071628042592266e-03,1.0000000000000047e+00,2.1468185486866233e-13,
1.0001524988607755e+00,-2.9201295081535284e-03,1.0000000000000031e+00,2.5244343284111886e-13,
1.0000411286233919e+00,-1.3451191343309683e-03,1.0000000000000000e+00,2.8052540210327850e-13,
1.0000136875342096e+00,-5.8951324681469114e-04,9.9999999999999512e-01,2.9775065640576516e-13,
1.0000042315907980e+00,4.2310276150657015e-06,9.9999999999872313e-01,1.8238926079974337e-15,
1.0025276734467694e+00,7.3104130355707399e-05,9.9999999999874201e-01,5.9869829590746492e-14,
1.0069603621249572e+00,-2.0765618866290577e-03,9.9999999999951983e-01,1.1632078267495489e-13,
1.0045628031945850e+00,-2.6703523662279802e-03,9.9999999999986711e-01,1.6860619095292241e-13,
1.0022289504413022e+00,-2.5066949955485484e-03,9.9999999999996025e-01,2.1457566579897448e-13,
1.0010443565964549e+00,-1.5985800746691802e-03,9.9999999999994860e-01,2.5238002033797856e-13,
1.0004972831256589e+00,-8.3253547529395396e-04,9.9999999999994427e-01,2.8049016394672081e-13,
1.0002677102645572e+00,-3.8590365391711950e-04,9.9999999999994382e-01,2.9772979002809762e-13,

64,4
1.0034409475440766e+00,-4.2310276148212283e-06,1.0000000000000493e+00,5.7423514495603840e-14,
1.0094295751389277e+00,-7.3104130355304388e-05,1.0000000000000202e+00,1.1375658222136781e-13,
1.0096167969135930e+00,2.0765618866325254e-03,1.0000000000000235e+00,1.6602409551551677e-13,
1.0078106212412710e+00,2.6703523662307388e-03,1.0000000000000109e+00,2.1223590404339885e-13,
1.0046227847129412e+00,2.5066949955506843e-03,1.0000000000000073e+00,2.5047413999622248e-13,
1.0025531842473243e+00,1.5985800746702527e-03,1.0000000000000078e+00,2.7915286731627670e-13,
1.0012850825835524e+00,8.3253547529549006e-04,1.0000000000000102e+00,2.9705431253573214e-13,
1.0006372389736933e+00,3.8590365391740459e-04,1.0000000000000362e+00,3.0336744301222067e-13,
1.0106568597076104e+00,-1.7766990623585270e-04,1.0000000000001041e+00,5.6468129695719758e-14,
1.0219690831209818e+00,-1.6214622280455444e-03,1.0000000000000075e+00,1.1327592281662182e-13,
1.0211697752620528e+00,8.8151203893653603e-03,1.0000000000000127e+00,1.6591943966360663e-13,
1.0094187263445842e+00,8.8182215813690859e-03,1.0000000000000069e+00,2.1220872631689593e-13,
1.0043296001218742e+00,5.9071628042610888e-03,1.0000000000000062e+00,2.5044720820733845e-13,
1.0020669073730042e+00,2.9201295081546052e-03,1.0000000000000064e+00,2.7912686397210351e-13,
1.0009577213406273e+00,1.3451191343315026e-03,1.0000000000000071e+00,2.9703597497695422e-13,
1.0004550715493405e+00,5.8951324681467564e-04,1.0000000000000113e+00,3.0336282744655064e-13,
1.0327207423449531e+00,-6.6764722279163751e-04,1.0000000000001008e+00,5.6449852609931598e-14,
1.0844359914412869e+00,2.8157163127196291e-02,1.0000000000000109e+00,1.1393098007610655e-13,
1.0624706028745476e+00,4.3504292390880203e-02,1.0000000000000151e+00,1.6651115641518553e-13,
1.0093976016869022e+00,2.4680212267294374e-02,1.0000000000000058e+00,2.1247537325180648e-13,
1.0022345003970750e+00,7.7864035665913172e-03,1.0000000000000042e+00,2.5056717659753421e-13,
1.0004385511195812e+00,3.1190875981927349e-03,1.0000000000000033e+00,2.7918267163466471e-13,
1.0000726382882725e+00,1.3672477049648886e-03,1.0000000000000022e+00,2.9706599953448622e-13,
1.0000058463364532e+00,5.9244617025805445e-04,1.0000000000000022e+00,3.0338520947356262e-13,
1.0341614990639250e+00,-1.6282959201350262e-04,1.0000000000001559e+00,1.7752367973782751e-12,
1.4590160326572525e+00,7.8012988004662720e-01,1.0000000000000000e+40,1.6692595433237346e-12,
1.1033343595501475e+00,5.8023581630124488e-01,1.0000000000001352e+00,1.6710461052361760e-13,
9.9708782238232907e-01,2.7375973403176986e-02,1.0000000000000044e+00,2.1263515218318391e-13,
9.9772861470805285e-01,7.4823039311340423e-03,1.0000000000000009e+00,2.5062573914029504e-13,
9.9894465664165233e-01,2.6273864537214846e-03,1.0000000000000000e+00,2.7920894411146993e-13,
9.9950035500098144e-01,1.0456981840728389e-03,1.0000000000000002e+00,2.9707962638430444e-13,
9.9973183735811355e-01,4.3028876421131963e-04,1.0000000000000013e+00,3.0339502883791883e-13,
1.0341614990639483e+00,1.4117863065650763e-01,1.0000000000002112e+00,1.8895963777214213e-12,
1.4590160326571233e+00,6.5827907844984335e-01,1.0000000000000000e+40,1.7535024559449430e-12,
1.1033343595500817e+00,-2.3772480244868359e-03,1.0000000000001150e+00,1.6766407671461896e-13,
9.9708782238232663e-01,-3.7719154723974091e-04,1.0000000000000040e+00,2.1263421793204690e-13,
9.9772861470805263e-01,-1.1086014228204932e-04,1.0000000000000036e+00,2.5062593901426745e-13,
9.9894465664165188e-01,-4.1253529192213372e-05,1.0000000000000031e+00,2.7920950853520614e-13,
9.9950035500098044e-01,-1.6568843436766800e-05,1.0000000000000000e+00,2.9707905321562009e-13,
9.9973183735811355e-01,-5.6759617410445382e-06,1.0000000000000000e+00,3.0339521077965907e-13,
1.0327207423449805e+00,7.1383498729578582e-02,1.0000000000001663e+00,5.6450580364733845e-14,
1.0844359914412909e+00,7.1224889227210680e-02,1.0000000000000580e+00,1.1392784472129211e-13,
1.0624706028745385e+00,-1.3212683642213076e-04,1.0000000000000269e+00,1.6651165424836775e-13,
1.0093976016869006e+00,-6.3797319597608685e-03,1.0000000000000071e+00,2.1247567951270014e-13,
1.0022345003970747e+00,-2.8932564571084256e-03,1.0000000000000069e+00,2.5056676127179356e-13,
1.0004385511195821e+00,-1.1542485346655942e-03,1.0000000000000056e+00,2.7918324900015486e-13,
1.0000726382882721e+00,-4.7704223848964855e-04,1.0000000000000047e+00,2.9706550117854546e-13,
1.0000058463364490e+00,-1.6502338780290606e-04,1.0000000000000000e+00,3.0338517572167825e-13,
1.0106568597076144e+00,2.1868783165213616e-02,1.0000000000000975e+00,5.6469258042810300e-14,
1.0219690831209858e+00,2.1771130857405379e-02,1.0000000000000397e+00,1.1327609537630541e-13,
1.0211697752620503e+00,1.9907299889619224e-03,1.0000000000000233e+00,1.6592003649015836e-13,
1.0094187263445822e+00,-2.4234146545761273e-03,1.0000000000000193e+00,2.1220798794624335e-13,
1.0043296001218733e+00,-1.7606283005492027e-03,1.0000000000000115e+00,2.5044802805436091e-13,
1.0020669073730046e+00,-9.1917163097818982e-04,1.0000000000000073e+00,2.7912630033955328e-13,
1.0009577213406236e+00,-4.2811535815770804e-04,1.0000000000000053e+00,2.9703634479405640e-13,
1.0004550715493350e+00,-1.5443751749110316e-04,1.0000000000000000e+00,3.0336239281073798e-13,
1.0034409475440806e+00,7.0323682871494672e-03,1.0000000000002340e+00,5.6703670526055078e-14,
1.0094295751389355e+00,7.0237863471721536e-03,1.0000000000002212e+00,1.1321656119500965e-13,
1.0096167969135990e+00,1.7389481898321729e-03,1.0000000000001004e+00,1.6569773451838507e-13,
1.0078106212412754e+00,-5.3135611746453345e-05,1.0000000000000420e+00,2.1204060865272620e-13,
1.0046227847129232e+00,-5.3825738694932738e-05,1.0000000000000131e+00,2.5035715769237780e-13,
1.0025531842473161e+00,-2.9646828174530118e-05,1.0000000000000069e+00,2.7908209938585390e-13,
1.0012850825835491e+00,-1.4162764399200576e-05,1.0000000000000060e+00,2.9701203899586034e-13,
1.0006372389736937e+00,-5.1557776766151718e-06,1.0000000000000067e+00,3.0334230338155308e-13,

