1
1
2
4
(64 0
((0,0) (15,15) (0,0))
((16,0) (31,15) (0,0))
((32,0) (47,15) (0,0))
((48,0) (63,15) (0,0))
((64,0) (79,15) (0,0))
((80,0) (95,15) (0,0))
((96,0) (111,15) (0,0))
((112,0) (127,15) (0,0))
((0,16) (15,31) (0,0))
((16,16) (31,31) (0,0))
((32,16) (47,31) (0,0))
((48,16) (63,31) (0,0))
((64,16) (79,31) (0,0))
((80,16) (95,31) (0,0))
((96,16) (111,31) (0,0))
((112,16) (127,31) (0,0))
((0,32) (15,47) (0,0))
((16,32) (31,47) (0,0))
((32,32) (47,47) (0,0))
((48,32) (63,47) (0,0))
((64,32) (79,47) (0,0))
((80,32) (95,47) (0,0))
((96,32) (111,47) (0,0))
((112,32) (127,47) (0,0))
((0,48) (15,63) (0,0))
((16,48) (31,63) (0,0))
((32,48) (47,63) (0,0))
((48,48) (63,63) (0,0))
((64,48) (79,63) (0,0))
((80,48) (95,63) (0,0))
((96,48) (111,63) (0,0))
((112,48) (127,63) (0,0))
((0,64) (15,79) (0,0))
((16,64) (31,79) (0,0))
((32,64) (47,79) (0,0))
((48,64) (63,79) (0,0))
((64,64) (79,79) (0,0))
((80,64) (95,79) (0,0))
((96,64) (111,79) (0,0))
((112,64) (127,79) (0,0))
((0,80) (15,95) (0,0))
((16,80) (31,95) (0,0))
((32,80) (47,95) (0,0))
((48,80) (63,95) (0,0))
((64,80) (79,95) (0,0))
((80,80) (95,95) (0,0))
((96,80) (111,95) (0,0))
((112,80) (127,95) (0,0))
((0,96) (15,111) (0,0))
((16,96) (31,111) (0,0))
((32,96) (47,111) (0,0))
((48,96) (63,111) (0,0))
((64,96) (79,111) (0,0))
((80,96) (95,111) (0,0))
((96,96) (111,111) (0,0))
((112,96) (127,111) (0,0))
((0,112) (15,127) (0,0))
((16,112) (31,127) (0,0))
((32,112) (47,127) (0,0))
((48,112) (63,127) (0,0))
((64,112) (79,127) (0,0))
((80,112) (95,127) (0,0))
((96,112) (111,127) (0,0))
((112,112) (127,127) (0,0))
)
64
FabOnDisk: SD_2_Old_MF_D_00000 0
FabOnDisk: SD_2_Old_MF_D_00000 9300
FabOnDisk: SD_2_Old_MF_D_00000 18600
FabOnDisk: SD_2_Old_MF_D_00000 27900
FabOnDisk: SD_2_Old_MF_D_00000 37200
FabOnDisk: SD_2_Old_MF_D_00000 46500
FabOnDisk: SD_2_Old_MF_D_00000 55800
FabOnDisk: SD_2_Old_MF_D_00000 65101
FabOnDisk: SD_2_Old_MF_D_00000 74403
FabOnDisk: SD_2_Old_MF_D_00000 83703
FabOnDisk: SD_2_Old_MF_D_00000 93003
FabOnDisk: SD_2_Old_MF_D_00000 102303
FabOnDisk: SD_2_Old_MF_D_00000 111603
FabOnDisk: SD_2_Old_MF_D_00000 120903
FabOnDisk: SD_2_Old_MF_D_00000 130203
FabOnDisk: SD_2_Old_MF_D_00000 139504
FabOnDisk: SD_2_Old_MF_D_00000 148806
FabOnDisk: SD_2_Old_MF_D_00000 158106
FabOnDisk: SD_2_Old_MF_D_00000 167406
FabOnDisk: SD_2_Old_MF_D_00000 176706
FabOnDisk: SD_2_Old_MF_D_00000 186006
FabOnDisk: SD_2_Old_MF_D_00000 195306
FabOnDisk: SD_2_Old_MF_D_00000 204606
FabOnDisk: SD_2_Old_MF_D_00000 213907
FabOnDisk: SD_2_Old_MF_D_00000 223209
FabOnDisk: SD_2_Old_MF_D_00000 232509
FabOnDisk: SD_2_Old_MF_D_00000 241809
FabOnDisk: SD_2_Old_MF_D_00000 251109
FabOnDisk: SD_2_Old_MF_D_00000 260409
FabOnDisk: SD_2_Old_MF_D_00000 269709
FabOnDisk: SD_2_Old_MF_D_00000 279009
FabOnDisk: SD_2_Old_MF_D_00000 288310
FabOnDisk: SD_2_Old_MF_D_00000 297612
FabOnDisk: SD_2_Old_MF_D_00000 306912
FabOnDisk: SD_2_Old_MF_D_00000 316212
FabOnDisk: SD_2_Old_MF_D_00000 325512
FabOnDisk: SD_2_Old_MF_D_00000 334812
FabOnDisk: SD_2_Old_MF_D_00000 344112
FabOnDisk: SD_2_Old_MF_D_00000 353412
FabOnDisk: SD_2_Old_MF_D_00000 362713
FabOnDisk: SD_2_Old_MF_D_00000 372015
FabOnDisk: SD_2_Old_MF_D_00000 381315
FabOnDisk: SD_2_Old_MF_D_00000 390615
FabOnDisk: SD_2_Old_MF_D_00000 399915
FabOnDisk: SD_2_Old_MF_D_00000 409215
FabOnDisk: SD_2_Old_MF_D_00000 418515
FabOnDisk: SD_2_Old_MF_D_00000 427815
FabOnDisk: SD_2_Old_MF_D_00000 437116
FabOnDisk: SD_2_Old_MF_D_00000 446418
FabOnDisk: SD_2_Old_MF_D_00000 455719
FabOnDisk: SD_2_Old_MF_D_00000 465020
FabOnDisk: SD_2_Old_MF_D_00000 474321
FabOnDisk: SD_2_Old_MF_D_00000 483622
FabOnDisk: SD_2_Old_MF_D_00000 492923
FabOnDisk: SD_2_Old_MF_D_00000 502224
FabOnDisk: SD_2_Old_MF_D_00000 511526
FabOnDisk: SD_2_Old_MF_D_00000 520829
FabOnDisk: SD_2_Old_MF_D_00000 530131
FabOnDisk: SD_2_Old_MF_D_00000 539433
FabOnDisk: SD_2_Old_MF_D_00000 548735
FabOnDisk: SD_2_Old_MF_D_00000 558037
FabOnDisk: SD_2_Old_MF_D_00000 567339
FabOnDisk: SD_2_Old_MF_D_00000 576641
FabOnDisk: SD_2_Old_MF_D_00000 585944

64,2
-7.9305879055771111e-01,1.1700974955294700e-02,
-9.0719533850291934e-01,-1.5714169952045898e-01,
-7.9564141952396605e-01,-2.7199862748253123e-01,
-4.4477106487433415e-01,-2.5960374682121123e-01,
-2.3772733521349837e-01,-1.5736614083808864e-01,
-1.1532827040530555e-01,-7.7205117278358937e-02,
-5.5472808090306656e-02,-3.4773306891685951e-02,
-2.9660271019620790e-02,-1.3090025739841627e-02,
-2.2460334439749641e+00,4.2272886529094461e-01,
-2.3446822929619957e+00,-1.0325076695349287e+00,
-1.1867396014622409e+00,-1.0699168354440474e+00,
-4.1831844924516959e-01,-6.4260197958989262e-01,
-1.8453110666859260e-01,-2.6955456126108351e-01,
-8.2740028856716025e-02,-1.1781461105236529e-01,
-3.8763329926513143e-02,-5.1329329320797243e-02,
-2.0546442933494669e-02,-1.9132780617782483e-02,
-9.9606975245035638e+00,1.0921124008381125e+00,
-1.1916714903252272e+01,-8.8333352290396387e+00,
-1.2133301154497964e+00,-5.2235428993013633e+00,
-1.3223772935330216e-01,-7.4625094261272429e-01,
-8.4930462658701321e-03,-2.7327365973192741e-01,
6.5500534601892332e-04,-1.1808594559405873e-01,
6.5365957473020344e-04,-5.1377466236475641e-02,
5.0360616811267556e-04,-1.9142436976950075e-02,
-1.7516877781158531e+01,6.0989702342996233e-01,
-1.3168953647033443e+03,-1.3184612268696094e+03,
-2.2770749900750310e+01,-6.0624590070117490e+00,
2.1818511813577246e-01,-4.2161263390252057e-01,
9.2097871495071301e-02,-1.7955882284258262e-01,
4.2692837440916703e-02,-8.1738025766570674e-02,
2.2305348653620966e-02,-3.5703629175842765e-02,
1.6512723742415521e-02,-1.3275953285037020e-02,
-1.7516877781158065e+01,-5.7349514818757164e+01,
-1.3168953647033588e+03,-6.3805084191139724e+02,
-2.2770749900749962e+01,-2.5236203359075080e+01,
2.1818511813535996e-01,-1.6587056095465469e-01,
9.2097871495109354e-02,2.9874083055379244e-03,
4.2692837440888233e-02,1.3398878552907259e-03,
2.2305348653803375e-02,5.0999916350997175e-04,
1.6512723742974855e-02,1.4245786743309352e-05,
-9.9606975245035887e+00,-7.6617368318083123e+00,
-1.1916714903252172e+01,-3.5807936421990578e+00,
-1.2133301154483001e+00,5.3494079593106691e-01,
-1.3223772935310063e-01,2.0110123534040497e-01,
-8.4930462659593680e-03,9.0428732110353710e-02,
6.5500534616586665e-04,3.9574703239911135e-02,
6.5365957245126370e-04,1.5026920980226493e-02,
5.0360616842237466e-04,4.1907383552836509e-04,
-2.2460334439749179e+00,-2.5406132800807040e+00,
-2.3446822929618247e+00,-8.5318746475288931e-01,
-1.1867396014618963e+00,1.9984231389831938e-01,
-4.1831844924550288e-01,1.7387395624202476e-01,
-1.8453110666844183e-01,8.5309519742869960e-02,
-8.2740028856825257e-02,3.8542508115165762e-02,
-3.8763329926538651e-02,1.4820194002583532e-02,
-2.0546442933763495e-02,4.1215288575881086e-04,
-7.9305879055729855e-01,-7.4972483392014866e-01,
-9.0719533850330702e-01,-3.5361210164852347e-01,
-7.9564141952437428e-01,3.5094761107655470e-03,
-4.4477106487463358e-01,5.3447395692426611e-03,
-2.3772733521434092e-01,2.7979621123484051e-03,
-1.1532827040606032e-01,1.2918100454805390e-03,
-5.5472808090298420e-02,4.9995548809497791e-04,
-2.9660271019709084e-02,1.3906436611912395e-05,

64,2
-4.3336526763477871e-02,7.4972483391990696e-01,
-5.4963558086480424e-01,3.5361210164852175e-01,
-4.4365790239079644e-01,-3.5094761111333084e-03,
-2.0099535242734426e-01,-5.3447395696566528e-03,
-9.0832047266133378e-02,-2.7979621118689492e-03,
-4.2529946164397002e-02,-1.2918100449552214e-03,
-2.2276273101535397e-02,-4.9995548790068075e-04,
-1.6507928840561462e-02,-1.3906436097156412e-05,
-7.6793927536158130e-02,2.5406132800802581e+00,
-8.3894907262661866e-01,8.5318746475217355e-01,
-1.9211447974629461e-01,-1.9984231389830220e-01,
-2.5582462317867823e-02,-1.7387395624123467e-01,
-5.8049785576407857e-03,-8.5309519742975876e-02,
-1.9404201840728253e-03,-3.8542508115047516e-02,
-8.5732685202785002e-04,-1.4820194002788976e-02,
-5.9600368230557413e-04,-4.1215288582132682e-04,
-2.4767054799200092e-01,7.6617368318083452e+00,
1.3213414812679318e+00,3.5807936421987501e+00,
2.1451598275021686e+00,-5.3494079593081156e-01,
6.6063742712162110e-01,-2.0110123534037641e-01,
1.9646390550404658e-01,-9.0428732110450868e-02,
8.3379166691690765e-02,-3.9574703239901490e-02,
3.8816209246073034e-02,-1.5026920980209132e-02,
2.0552970101473528e-02,-4.1907383574948590e-04,
7.2274223727433082e+01,5.7349514818757250e+01,
1.4422723573415112e+03,6.3805084191134335e+02,
1.7296675708994634e+01,2.5236203359075912e+01,
7.6433334354812243e-01,1.6587056095423053e-01,
2.5136315079777821e-01,-2.9874083056188926e-03,
1.1986842899915738e-01,-1.3398878552235705e-03,
5.6471820067226002e-02,-5.0999916392373312e-04,
2.9874993106734513e-02,-1.4245786504631900e-05,
7.2274223727432499e+01,-6.0989702343040786e-01,
1.4422723573415560e+03,1.3184612268696089e+03,
1.7296675708993096e+01,6.0624590070118138e+00,
7.6433334354802318e-01,4.2161263390277615e-01,
2.5136315079775945e-01,1.7955882284293490e-01,
1.1986842899917469e-01,8.1738025766447855e-02,
5.6471820067202444e-02,3.5703629175829039e-02,
2.9874993107302163e-02,1.3275953284757131e-02,
-2.4767054799288807e-01,-1.0921124008382608e+00,
1.3213414812662643e+00,8.8333352290395784e+00,
2.1451598275019341e+00,5.2235428993010480e+00,
6.6063742712175333e-01,7.4625094261267200e-01,
1.9646390550396017e-01,2.7327365973200091e-01,
8.3379166691629300e-02,1.1808594559414784e-01,
3.8816209246020292e-02,5.1377466236329480e-02,
2.0552970101570357e-02,1.9142436976823864e-02,
-7.6793927536081108e-02,-4.2272886529120224e-01,
-8.3894907262412177e-01,1.0325076695352826e+00,
-1.9211447974622767e-01,1.0699168354446387e+00,
-2.5582462317859114e-02,6.4260197958998977e-01,
-5.8049785574897216e-03,2.6955456126127264e-01,
-1.9404201839542021e-03,1.1781461105237898e-01,
-8.5732685326050885e-04,5.1329329320066994e-02,
-5.9600368250325195e-04,1.9132780618409263e-02,
-4.3336526763039333e-02,-1.1700974954397154e-02,
-5.4963558086420572e-01,1.5714169952045742e-01,
-4.4365790239084346e-01,2.7199862748191778e-01,
-2.0099535242779623e-01,2.5960374682130311e-01,
-9.0832047266036969e-02,1.5736614083808792e-01,
-4.2529946164504902e-02,7.7205117278152019e-02,
-2.2276273101624042e-02,3.4773306891675557e-02,
-1.6507928840363811e-02,1.3090025739968989e-02,

