1
1
4
2
(3 0
((248,200) (255,231) (0,0))
((232,232) (255,255) (0,0))
((0,248) (127,255) (0,0))
)
3
FabOnDisk: SD_0_Old_MF_D_00000 0
FabOnDisk: SD_0_Old_MF_D_00000 13912
FabOnDisk: SD_0_Old_MF_D_00000 39088

3,4
-6.6632851976115751e-02,-6.7826462920481423e-01,9.9999999998002531e-01,0.0000000000000000e+00,
-4.2086818492886743e-02,-6.7723816621418753e-01,9.9999999999779565e-01,0.0000000000000000e+00,
-8.1918717770834384e-02,-9.3434587438729906e-04,9.9999999999909228e-01,0.0000000000000000e+00,

3,4
-4.1865565492431458e-04,-3.3203529228388588e-02,1.0000000000080969e+00,0.0000000000000000e+00,
9.4187613844981921e-01,3.4046510285421996e-04,1.0000000000072711e+00,0.0000000000000000e+00,
9.5892339992286235e-01,2.4077799712047079e-01,1.0000000000031224e+00,0.0000000000000000e+00,

