1
1
2
1
(3 0
((248,200) (255,231) (0,0))
((232,232) (255,255) (0,0))
((0,248) (127,255) (0,0))
)
3
FabOnDisk: SD_2_New_MF_D_00000 0
FabOnDisk: SD_2_New_MF_D_00000 5528
FabOnDisk: SD_2_New_MF_D_00000 16432

3,2
-5.2360506821771824e-01,-2.1510800919544382e-01,
-2.3589095493192502e-01,-7.0699627808694032e-01,
-7.5586732593278505e-01,-4.0400830777015415e+01,

3,2
9.0981002413948264e-01,1.8539992912278551e+00,
9.3894761251580150e+01,8.0273900987281735e+01,
5.4565681118467182e+01,2.0713047956759866e+01,

