1
1
2
1
(3 0
((248,200) (255,231) (0,0))
((232,232) (255,255) (0,0))
((0,248) (127,255) (0,0))
)
3
FabOnDisk: SD_2_Old_MF_D_00000 0
FabOnDisk: SD_2_Old_MF_D_00000 5528
FabOnDisk: SD_2_Old_MF_D_00000 16432

3,2
-2.3278917999894322e-01,-4.2590052130048850e-01,
-2.2764494354931841e-01,-7.8453597509991368e-02,
-1.7822076862936953e-01,-4.0398586387462203e+01,

3,2
8.4971948626707494e-01,1.8107216175987597e+00,
9.3893801523069342e+01,8.0275677570558614e+01,
5.4568498891166939e+01,2.0713033703487834e+01,

