1
1
9
0
(64 0
((0,0) (15,15) (0,0))
((16,0) (31,15) (0,0))
((32,0) (47,15) (0,0))
((48,0) (63,15) (0,0))
((64,0) (79,15) (0,0))
((80,0) (95,15) (0,0))
((96,0) (111,15) (0,0))
((112,0) (127,15) (0,0))
((0,16) (15,31) (0,0))
((16,16) (31,31) (0,0))
((32,16) (47,31) (0,0))
((48,16) (63,31) (0,0))
((64,16) (79,31) (0,0))
((80,16) (95,31) (0,0))
((96,16) (111,31) (0,0))
((112,16) (127,31) (0,0))
((0,32) (15,47) (0,0))
((16,32) (31,47) (0,0))
((32,32) (47,47) (0,0))
((48,32) (63,47) (0,0))
((64,32) (79,47) (0,0))
((80,32) (95,47) (0,0))
((96,32) (111,47) (0,0))
((112,32) (127,47) (0,0))
((0,48) (15,63) (0,0))
((16,48) (31,63) (0,0))
((32,48) (47,63) (0,0))
((48,48) (63,63) (0,0))
((64,48) (79,63) (0,0))
((80,48) (95,63) (0,0))
((96,48) (111,63) (0,0))
((112,48) (127,63) (0,0))
((0,64) (15,79) (0,0))
((16,64) (31,79) (0,0))
((32,64) (47,79) (0,0))
((48,64) (63,79) (0,0))
((64,64) (79,79) (0,0))
((80,64) (95,79) (0,0))
((96,64) (111,79) (0,0))
((112,64) (127,79) (0,0))
((0,80) (15,95) (0,0))
((16,80) (31,95) (0,0))
((32,80) (47,95) (0,0))
((48,80) (63,95) (0,0))
((64,80) (79,95) (0,0))
((80,80) (95,95) (0,0))
((96,80) (111,95) (0,0))
((112,80) (127,95) (0,0))
((0,96) (15,111) (0,0))
((16,96) (31,111) (0,0))
((32,96) (47,111) (0,0))
((48,96) (63,111) (0,0))
((64,96) (79,111) (0,0))
((80,96) (95,111) (0,0))
((96,96) (111,111) (0,0))
((112,96) (127,111) (0,0))
((0,112) (15,127) (0,0))
((16,112) (31,127) (0,0))
((32,112) (47,127) (0,0))
((48,112) (63,127) (0,0))
((64,112) (79,127) (0,0))
((80,112) (95,127) (0,0))
((96,112) (111,127) (0,0))
((112,112) (127,127) (0,0))
)
64
FabOnDisk: Cell_D_00002 0
FabOnDisk: Cell_D_00002 18514
FabOnDisk: Cell_D_00002 37029
FabOnDisk: Cell_D_00002 55544
FabOnDisk: Cell_D_00003 0
FabOnDisk: Cell_D_00003 18515
FabOnDisk: Cell_D_00003 37030
FabOnDisk: Cell_D_00003 55546
FabOnDisk: Cell_D_00002 74059
FabOnDisk: Cell_D_00002 92574
FabOnDisk: Cell_D_00002 111090
FabOnDisk: Cell_D_00002 129606
FabOnDisk: Cell_D_00003 74063
FabOnDisk: Cell_D_00003 92579
FabOnDisk: Cell_D_00003 111095
FabOnDisk: Cell_D_00003 129612
FabOnDisk: Cell_D_00002 148122
FabOnDisk: Cell_D_00002 166637
FabOnDisk: Cell_D_00002 185153
FabOnDisk: Cell_D_00002 203669
FabOnDisk: Cell_D_00003 148130
FabOnDisk: Cell_D_00003 166646
FabOnDisk: Cell_D_00003 185162
FabOnDisk: Cell_D_00003 203679
FabOnDisk: Cell_D_00002 222185
FabOnDisk: Cell_D_00002 240700
FabOnDisk: Cell_D_00002 259216
FabOnDisk: Cell_D_00002 277732
FabOnDisk: Cell_D_00003 222197
FabOnDisk: Cell_D_00003 240713
FabOnDisk: Cell_D_00003 259229
FabOnDisk: Cell_D_00003 277746
FabOnDisk: Cell_D_00000 0
FabOnDisk: Cell_D_00000 18515
FabOnDisk: Cell_D_00000 37031
FabOnDisk: Cell_D_00000 55547
FabOnDisk: Cell_D_00001 0
FabOnDisk: Cell_D_00001 18516
FabOnDisk: Cell_D_00001 37032
FabOnDisk: Cell_D_00001 55549
FabOnDisk: Cell_D_00000 74063
FabOnDisk: Cell_D_00000 92578
FabOnDisk: Cell_D_00000 111094
FabOnDisk: Cell_D_00000 129610
FabOnDisk: Cell_D_00001 74067
FabOnDisk: Cell_D_00001 92583
FabOnDisk: Cell_D_00001 111099
FabOnDisk: Cell_D_00001 129616
FabOnDisk: Cell_D_00000 148126
FabOnDisk: Cell_D_00000 166642
FabOnDisk: Cell_D_00000 185159
FabOnDisk: Cell_D_00000 203676
FabOnDisk: Cell_D_00001 148134
FabOnDisk: Cell_D_00001 166651
FabOnDisk: Cell_D_00001 185168
FabOnDisk: Cell_D_00001 203686
FabOnDisk: Cell_D_00000 222193
FabOnDisk: Cell_D_00000 240710
FabOnDisk: Cell_D_00000 259228
FabOnDisk: Cell_D_00000 277746
FabOnDisk: Cell_D_00001 222205
FabOnDisk: Cell_D_00001 240723
FabOnDisk: Cell_D_00001 259241
FabOnDisk: Cell_D_00001 277760

64,9
1.0000047978505031e+00,-4.1223638280218407e-03,9.9999999999999412e-01,-1.2236582856146230e-17,-7.0386485815648192e-01,3.7639986894870414e-03,1.1465480835219002e-02,-9.6761135186006070e-03,1.0000000000000000e+00,
1.0021113265293446e+00,-4.1757240873449737e-03,9.9999999999997546e-01,-5.0465536485859890e-16,-7.2284338881983501e-01,-5.4229963502180001e-01,1.5026823943511416e-02,-1.4996004418032324e-02,1.0000000000000000e+00,
1.0047283644775065e+00,-1.3632853489666092e-03,9.9999999999995526e-01,-2.7006269860845706e-14,-2.4149936866018812e-01,-5.7766153787652774e-01,8.5758712179593195e-03,-1.5489922820638656e-02,1.0000000000000000e+00,
1.0053387964924139e+00,-9.7599934715633316e-04,9.9999999999993083e-01,-2.7152609485823649e-14,2.7818397275564627e-01,-3.2055201788759080e-01,9.6308211510062747e-05,-1.3499159189037407e-02,1.0000000000000000e+00,
1.0031236358829907e+00,5.3276506648647613e-05,9.9999999999988076e-01,-1.6696937245885101e-14,3.1272587592412604e-01,8.4287485433674758e-04,3.3797336175360460e-06,-8.3018677669981240e-03,1.0000000000000000e+00,
1.0014508538846272e+00,4.0240967829819557e-05,9.9999999999987133e-01,-9.9960782027957933e-15,1.5927773198486944e-01,3.2612095620975501e-03,6.3004561095636284e-05,-4.6676306013331620e-03,1.0000000000000000e+00,
1.0005992732926121e+00,2.3536541580398925e-05,9.9999999999984579e-01,-5.9159764155372776e-15,8.5573548960416954e-02,1.5337217546493723e-03,2.4204354495921225e-05,-2.2736899452583965e-03,1.0000000000000000e+00,
1.0001227143384013e+00,1.6093251339033797e-05,9.9999999999977607e-01,-3.4656400004081330e-15,4.5517466547598757e-02,3.2725118432269094e-05,7.1014898967401707e-06,-8.8256128772314514e-04,1.0000000000000000e+00,
1.0000104423540261e+00,-1.7694688917380803e-02,9.9999999999999645e-01,-2.1183132530532497e-17,-2.7279171212845736e+00,1.6364751263326641e-01,5.1754553035211082e-01,-8.9380311757407613e-03,1.0000000000000000e+00,
1.0045748844858966e+00,-1.7932844009057442e-02,9.9999999999999323e-01,-5.5764248512907083e-16,-2.8614269884479078e+00,-2.6746358393529834e+00,5.7167274037304461e-01,-2.8220275722688818e-02,1.0000000000000000e+00,
1.0085570696273751e+00,-1.7904260066325154e-03,9.9999999999995881e-01,-2.3388862024064714e-15,-5.6584601127365497e-01,-2.6952245435923410e+00,2.8353045570838759e-01,-2.8925092067610084e-02,1.0000000000000000e+00,
1.0060279860959740e+00,-9.4104017009508253e-04,9.9999999999998479e-01,-2.4972514806296702e-15,5.1409679420672383e-01,-5.8502043980638785e-01,1.9347678331671503e-05,-1.8367063604179668e-02,1.0000000000000000e+00,
1.0014673467408470e+00,2.1299043948462431e-03,9.9999999999999312e-01,-5.2171300863071330e-17,2.1159088289819844e-01,8.4270970080672941e-02,1.0288093530569364e-05,-8.0178839165020391e-03,1.0000000000000000e+00,
1.0003380900043060e+00,1.2871715493615462e-03,9.9999999999999656e-01,1.0837137734048602e-16,4.9573907180732561e-02,1.0959978631751677e-01,5.3721943211754164e-04,-3.8925181903031489e-03,1.0000000000000000e+00,
1.0000786414467320e+00,7.1921767922515547e-04,1.0000000000000007e+00,1.2803061802072303e-16,1.2812138975080408e-02,4.8513034640525574e-02,2.7305534970305939e-04,-1.7331275153109010e-03,1.0000000000000000e+00,
1.0000083864597711e+00,4.8361537726113716e-04,9.9999999999999589e-01,1.4726545940665110e-16,4.0541256013496936e-03,1.0082087028822231e-03,7.7617931542543067e-05,-6.4416463851319275e-04,1.0000000000000000e+00,
1.0000357638765800e+00,-7.5895331911706901e-02,9.9999999999999845e-01,-3.2672606860628947e-17,-1.1311178049831602e+01,7.6484977831479373e-01,2.1069217499633228e+00,-5.1396129819363361e-03,1.0000000000000000e+00,
1.0171702332172798e+00,-8.6038170772147926e-02,1.0000000000000013e+00,-8.4895522327323482e-16,-1.7325306557674597e+01,-2.1564734103805453e+01,2.2201478235976144e+00,-1.1209084247886311e-01,1.0000000000000000e+00,
1.0191248802232251e+00,-1.2828138006144303e-03,9.9999999999996403e-01,-4.5259759230989322e-15,-5.3432389727489848e-01,-2.1285277298393083e+01,1.2355952919464515e+00,-1.1201611991183286e-01,1.0000000000000000e+00,
9.9655335331256278e-01,4.9495828539790222e-03,9.9999999999998690e-01,-3.0038802060293978e-15,2.5607092424364229e-02,-5.5463802322720457e-01,1.9264792077533510e-03,-2.0159567747676684e-02,1.0000000000000000e+00,
9.9621664435192192e-01,4.4756964857130283e-03,9.9999999999999034e-01,-1.2744954753753526e-15,-2.8384391857612185e-01,4.2907157746223712e-01,4.7648104193526164e-03,-5.1856367346668703e-03,1.0000000000000000e+00,
9.9728064123459492e-01,1.8756922351706444e-03,9.9999999999999067e-01,6.3983603221504829e-17,-2.5679826873227862e-01,1.9572115628027739e-01,1.7070849347954054e-03,-1.0894877929792141e-03,1.0000000000000000e+00,
9.9869471558108613e-01,8.4343040629959645e-04,9.9999999999999101e-01,1.4562055364724984e-16,-1.4112114842875773e-01,6.5702983678235169e-02,5.3931142723218084e-04,-2.0144825882718255e-04,1.0000000000000000e+00,
9.9946531113114156e-01,5.2447611899336753e-04,9.9999999999999001e-01,1.5662964574239424e-16,-7.7703872917633421e-02,1.2184477700617675e-03,1.3565620840590847e-04,-3.0875902392175874e-05,1.0000000000000000e+00,
8.2067768036355015e-01,-1.4955672499208489e-01,1.0000000000000000e+00,-9.6047666836742836e-15,-1.5421930503085969e+01,6.1137102501138962e-01,4.5716287390999710e-01,2.3498101877958755e-02,1.0000000000000000e+00,
-1.0937336382455105e+00,-6.2573579060928597e-01,0.0000000000000000e+00,-6.7238899174756677e-15,-5.3415228725324005e+02,-2.4543922611375854e+02,0.0000000000000000e+00,-1.0354704424936627e+00,0.0000000000000000e+00,
-1.1157873925754482e+00,7.2634459253382855e-03,9.9999999999972899e-01,-4.5504671592181163e-15,-3.4125093128392479e+01,-2.6201404463650812e+02,3.7826101281086721e-01,-1.0397985848586768e+00,1.0000000000000000e+00,
8.4620668710098634e-01,7.9166276528594513e-04,9.9999999999980671e-01,-1.7635970092294411e-14,-2.2147520472068070e+01,1.5193326508579705e-01,1.0147753053290742e-02,-1.0006444366662372e-02,1.0000000000000000e+00,
9.7869225717587693e-01,1.5574176306460723e-04,9.9999999999993494e-01,-1.4923976078579449e-14,-2.5493948208836534e+00,2.6579342491177660e-02,1.1624599954718207e-04,4.1637833989535446e-03,1.0000000000000000e+00,
9.9401130325396347e-01,6.9736877656903016e-05,9.9999999999997713e-01,-1.5324011971756951e-16,-6.8709614068978286e-01,7.5756830504971990e-03,7.9290825976449653e-05,1.8889965761284295e-03,1.0000000000000000e+00,
9.9777236522375645e-01,2.9660196862447182e-05,9.9999999999999134e-01,1.4602616790183098e-16,-2.5654715698269825e-01,2.3817270776867756e-03,2.0015230545259929e-05,7.1995249870084542e-04,1.0000000000000000e+00,
9.9916403434800238e-01,1.8101842742028433e-05,9.9999999999999012e-01,1.5668795256644017e-16,-1.2290452819753599e-01,4.3058020952405785e-05,4.8266282696573116e-06,1.4049463258571637e-05,1.0000000000000000e+00,
8.2067768012672104e-01,1.9087619422695194e-04,1.0000000000000000e+00,-9.6286571227798948e-15,-1.5421930259573065e+01,-4.8777501804483137e+01,4.5716278585207204e-01,2.3498103268785188e-02,1.0000000000000000e+00,
-1.0937336392222392e+00,-1.3163712024695212e-02,0.0000000000000000e+00,-1.7788181904664593e-14,-5.3415236545912944e+02,-4.7444300522287818e+02,0.0000000000000000e+00,-1.0354704424551346e+00,0.0000000000000000e+00,
-1.1157873934396041e+00,-5.1335500183559379e-01,9.9999999999962141e-01,-4.7957282091406566e-15,-3.4125093127093955e+01,-1.2880075084970392e+02,3.7826101530620093e-01,-1.0397985846408382e+00,1.0000000000000000e+00,
8.4620668707421309e-01,-8.2757567117306696e-02,9.9999999999988365e-01,-1.7962622878705711e-14,-2.2147520470216243e+01,-1.7605816949192388e+01,1.0147754928773622e-02,-1.0006444365412814e-02,1.0000000000000000e+00,
9.7869225716873032e-01,-1.4426064088460500e-02,9.9999999999999079e-01,-1.4877977042010535e-14,-2.5493948205741028e+00,-1.9485132101322429e+00,1.1624601007131918e-04,4.1637834314854341e-03,1.0000000000000000e+00,
9.9401130325324849e-01,-4.5403412172812891e-03,9.9999999999999445e-01,-1.0242492537768428e-16,-6.8709614071092517e-01,-5.2750795279458818e-01,7.9290826317962061e-05,1.8889965972147581e-03,1.0000000000000000e+00,
9.9777236522341461e-01,-1.7055112312683099e-03,9.9999999999999800e-01,1.4769257745632286e-16,-2.5654715701820013e-01,-1.7715592772460295e-01,2.0015230537949371e-05,7.1995250892451434e-04,1.0000000000000000e+00,
9.9916403434777978e-01,-7.7304157370695101e-04,9.9999999999999756e-01,1.5856350434925280e-16,-1.2290452823102582e-01,-5.8162371753155570e-02,4.8266293136518465e-06,1.4049463558590409e-05,1.0000000000000000e+00,
1.0000357638766879e+00,8.8124510191804888e-04,9.9999999999999423e-01,-3.6283444491784180e-17,-1.1311178039708192e+01,-8.6601027144895344e+00,2.1069217663431083e+00,-5.1396122738510729e-03,1.0000000000000000e+00,
1.0171702332856156e+00,-2.5394820121049516e-03,9.9999999999990064e-01,-9.1421281867093603e-16,-1.7325306742299588e+01,-5.7533244328267283e+00,2.2201478234678662e+00,-1.1209084241389480e-01,1.0000000000000000e+00,
1.0191248801819790e+00,-7.7118043743930970e-02,9.9999999999968670e-01,-4.7926192856598485e-15,-5.3432391903131005e-01,-3.4326061568204542e+00,1.2355952902090106e+00,-1.1201611986810003e-01,1.0000000000000000e+00,
9.9655335326125161e-01,-4.2848989683080846e-02,9.9999999999999145e-01,-3.3172660484761115e-15,2.5607092964462209e-02,-4.0439030152952089e+00,1.9264786992503891e-03,-2.0159567631085881e-02,1.0000000000000000e+00,
9.9621664431294943e-01,-1.4346683347000804e-02,9.9999999999999012e-01,-1.3148948189874926e-15,-2.8384391960443656e-01,-1.8119245425328425e+00,4.7648104254005563e-03,-5.1856366307921863e-03,1.0000000000000000e+00,
9.9728064121543925e-01,-4.9304123444190414e-03,9.9999999999999267e-01,7.6765760805230841e-17,-2.5679826992268595e-01,-5.4674802968692082e-01,1.7070849374991592e-03,-1.0894877258080262e-03,1.0000000000000000e+00,
9.9869471557093636e-01,-2.1079495414254418e-03,1.0000000000000009e+00,1.4771865036756228e-16,-1.4112114964497108e-01,-2.0681745610724842e-01,5.3931143444915786e-04,-2.0144821867014909e-04,1.0000000000000000e+00,
9.9946531112424186e-01,-1.0407852075248784e-03,9.9999999999999944e-01,1.6076171610207826e-16,-7.7703874004960136e-02,-7.3967388228547204e-02,1.3565620953044297e-04,-3.0875883895607326e-05,1.0000000000000000e+00,
1.0000104423541420e+00,2.1652907623288386e-04,9.9999999999996958e-01,-2.5245996622097203e-17,-2.7279171412143639e+00,-2.6018139638692239e+00,5.1754553668984182e-01,-8.9380306266725572e-03,1.0000000000000000e+00,
1.0045748845046558e+00,1.6663865137288892e-03,9.9999999999989231e-01,-6.8006455551702330e-16,-2.8614270140745282e+00,-4.3387533895765751e-01,5.7167274038499305e-01,-2.8220275331043324e-02,1.0000000000000000e+00,
1.0085570696149868e+00,-8.9261435779282704e-03,9.9999999999975253e-01,-3.0652624067688951e-15,-5.6584603391842836e-01,3.7862828407926402e-01,2.8353045607879240e-01,-2.8925091730024201e-02,1.0000000000000000e+00,
1.0060279860732548e+00,-7.9786014117560963e-03,9.9999999999997802e-01,-3.0931263700178145e-15,5.1409678256072922e-01,-5.4278445496399597e-01,1.9347344669407018e-05,-1.8367063425752582e-02,1.0000000000000000e+00,
1.0014673467169339e+00,-7.3846033022346939e-03,9.9999999999998745e-01,-7.9728602684267895e-17,2.1159087963175657e-01,-5.5896174060748605e-01,1.0287831155031402e-05,-8.0178837636362982e-03,1.0000000000000000e+00,
1.0003380899885310e+00,-4.1620658357454264e-03,9.9999999999999389e-01,1.3340563648074493e-16,4.9573904688244137e-02,-3.9496857975443417e-01,5.3721943177667542e-04,-3.8925180958213970e-03,1.0000000000000000e+00,
1.0000786414349443e+00,-2.0268963298150280e-03,9.9999999999999700e-01,1.4912294294363778e-16,1.2812136910834876e-02,-1.8987648683905728e-01,2.7305535021836247e-04,-1.7331274604808339e-03,1.0000000000000000e+00,
1.0000083864494109e+00,-1.0316359160264616e-03,1.0000000000000004e+00,1.6125187700640201e-16,4.0541237014049209e-03,-7.1965131832420967e-02,7.7617930019108911e-05,-6.4416461360207499e-04,1.0000000000000000e+00,
1.0000047978505910e+00,4.7945250019236606e-06,9.9999999999988354e-01,-1.9687317074330623e-17,-7.0386486917215552e-01,-6.2924921714532767e-01,1.1465481003228306e-02,-9.6761130108777085e-03,1.0000000000000000e+00,
1.0021113265381478e+00,4.7871850411990959e-05,9.9999999999982958e-01,-6.8299450970991214e-16,-7.2284340159639981e-01,-9.5413062435899684e-02,1.5026823941405820e-02,-1.4996004017845775e-02,1.0000000000000000e+00,
1.0047283644819933e+00,-6.0114660699906006e-04,9.9999999999962497e-01,-5.2534431124051382e-15,-2.4149938452521610e-01,1.0254286554792321e-02,8.5758712278936212e-03,-1.5489922469368294e-02,1.0000000000000000e+00,
1.0053387964745260e+00,-2.0737740526962042e-03,9.9999999999967737e-01,-5.2005830964759446e-15,2.7818396158365577e-01,-5.7841173651652672e-02,9.6308196509103938e-05,-1.3499158940330852e-02,1.0000000000000000e+00,
1.0031236358620732e+00,-2.2565333881866406e-03,9.9999999999993738e-01,-1.3484984674820576e-15,3.1272587052745332e-01,-1.5136290761035506e-01,3.3796837747672448e-06,-8.3018675976183221e-03,1.0000000000000000e+00,
1.0014508538675175e+00,-1.9419650884267305e-03,9.9999999999995959e-01,-7.3896200748202464e-16,1.5927772851079369e-01,-1.4968001062373992e-01,6.3004559691399314e-05,-4.6676304965592302e-03,1.0000000000000000e+00,
1.0005992732784386e+00,-1.1714567619178732e-03,9.9999999999995726e-01,-3.8872806279621980e-16,8.5573546198143849e-02,-9.8985913411050119e-02,2.4204356066312178e-05,-2.2736898848138504e-03,1.0000000000000000e+00,
1.0001227143255036e+00,-6.5981555258247360e-04,9.9999999999993761e-01,-1.6273981674237120e-16,4.5517464030773183e-02,-4.2721693485086976e-02,7.1014924835977652e-06,-8.8256126037276927e-04,1.0000000000000000e+00,

64,9
1.0038346035849790e+00,-4.7945249141654636e-06,1.0000000000000495e+00,1.3895188713770865e-16,-1.5196156956611556e-02,6.2924920687933394e-01,6.2216064114921699e-01,-5.0308278577993817e-03,1.0000000000000000e+00,
1.0087687740991009e+00,-4.7871850754894358e-05,1.0000000000001419e+00,1.5747671261344367e-15,-1.6667908806718099e-01,9.5413054880047393e-02,5.4931292470520998e-01,-9.4795468894320785e-03,1.0000000000000000e+00,
1.0089514827053780e+00,6.0114658990703641e-04,1.0000000000001525e+00,1.1974848169032784e-14,4.6140787680366724e-01,-1.0254286463763966e-02,1.7431462322300313e+00,-1.2170958807096736e-02,1.0000000000000000e+00,
1.0081788556270446e+00,2.0737740485381882e-03,1.0000000000000786e+00,1.4431319599556945e-14,5.6631844491014394e-01,5.7841176781050191e-02,1.0938638465239026e-01,-8.3911912737065913e-03,1.0000000000000000e+00,
1.0057609204586717e+00,2.2565333872260509e-03,1.0000000000000624e+00,9.5522121256955303e-15,5.1348757661239686e-01,1.5136290966733623e-01,3.7415144939437900e-03,-4.1821147985213279e-03,1.0000000000000000e+00,
1.0032798359957391e+00,1.9419650904470096e-03,1.0000000000000588e+00,5.7342137800606372e-15,3.0487374474563861e-01,1.4968001247758525e-01,1.2340021331972151e-03,-1.8944728364067558e-03,1.0000000000000000e+00,
1.0016942051461746e+00,1.1714567647887419e-03,1.0000000000000564e+00,3.4820159273798459e-15,1.8050110874582831e-01,9.8985914416005766e-02,5.2441606569319371e-04,-7.2430395099378451e-04,1.0000000000000000e+00,
1.0007305420624280e+00,6.5981555440581792e-04,1.0000000000000708e+00,2.1650839101965815e-15,1.0700171514199527e-01,4.2721693921775224e-02,1.6293411052163351e-03,-1.4224208296124613e-05,1.0000000000000000e+00,
1.0141963507454941e+00,-2.1652907302158059e-04,1.0000000000000060e+00,1.4501185310316332e-16,-3.3086915746124559e-02,2.6018139402906719e+00,2.5737971884911430e+00,9.1327542441208050e-03,1.0000000000000000e+00,
1.0323207922174769e+00,-1.6663865286551615e-03,1.0000000000000209e+00,1.4104239335313136e-15,-3.1501617107257790e-01,4.3387531485361658e-01,2.2869641904732618e+00,-7.3213484640225965e-03,1.0000000000000000e+00,
1.0322680078071278e+00,8.9261435155813390e-03,1.0000000000000528e+00,2.7688115779086239e-15,1.7389290182374377e+00,-3.7862828037980928e-01,4.7149554118644232e+00,-1.4020390415429889e-02,1.0000000000000000e+00,
1.0173313950209828e+00,7.9786014035258170e-03,1.0000000000000018e+00,1.9602641337695490e-15,1.7328204599796018e+00,5.4278446146343029e-01,4.7241742522303110e-01,-6.0411734452646901e-03,1.0000000000000000e+00,
1.0060763089641920e+00,7.3846033029272848e-03,1.0000000000000069e+00,5.4982150644840074e-16,7.5726807336410751e-01,5.5896174633191575e-01,8.2510959569695452e-03,-1.4682177345032785e-03,1.0000000000000000e+00,
1.0029367190354830e+00,4.1620658445478903e-03,1.0000000000000095e+00,1.8561802612441557e-16,2.9986161247894161e-01,3.9496858304351234e-01,4.2532498234499894e-03,-3.5095522087464417e-04,1.0000000000000000e+00,
1.0013354632902154e+00,2.0268963372061573e-03,1.0000000000000102e+00,1.6335621684319921e-16,1.4860695219974676e-01,1.8987648860698370e-01,1.5276986488300670e-03,-8.3812873483472201e-05,1.0000000000000000e+00,
1.0005400213707691e+00,1.0316359200928851e-03,1.0000000000000095e+00,1.6932565222578616e-16,7.9761879445739592e-02,7.1965132611414420e-02,2.5591743035581135e-03,-1.2669142504217791e-06,1.0000000000000000e+00,
1.0385539532661408e+00,-8.8124509450795247e-04,1.0000000000000220e+00,1.5551174430673323e-16,-1.1329114150169621e-01,8.6601026543130377e+00,7.5684467654498908e+00,5.8499668962555026e-02,1.0000000000000000e+00,
1.1539577820873701e+00,2.5394814985705743e-03,1.0000000000000229e+00,1.6350433303364003e-15,-8.0649731943801506e-01,5.7533242849511650e+00,6.9853709058191660e+00,1.1376894853360561e-02,1.0000000000000000e+00,
1.1516076280653620e+00,7.7118043613583931e-02,1.0000000000000553e+00,3.1917563162728735e-15,1.3382150777211089e+01,3.4326061770523073e+00,1.1092623475037900e+01,-1.6773852332978068e-02,1.0000000000000000e+00,
1.0246240690968196e+00,4.2848989679138264e-02,1.0000000000000235e+00,5.4742143248622817e-15,6.1039570379044026e+00,4.0439030302900614e+00,1.9999980017208427e+00,6.0523780564525169e-03,1.0000000000000000e+00,
1.0053852332032436e+00,1.4346683380649526e-02,1.0000000000000029e+00,1.3871668247815739e-15,7.6504763056198244e-01,1.8119245487022844e+00,3.4389237747274537e-02,6.0433752822047710e-03,1.0000000000000000e+00,
1.0011565988236186e+00,4.9304123621666937e-03,1.0000000000000044e+00,2.0235569406419337e-16,1.7718516343621041e-01,5.4674803325337318e-01,9.6091086692340344e-03,3.6435722465950906e-03,1.0000000000000000e+00,
1.0002165880452498e+00,2.1079495509374641e-03,1.0000000000000024e+00,1.6188120337451805e-16,3.5379460393234495e-02,2.0681745808592750e-01,2.2384371715545859e-03,1.6786858150791054e-03,1.0000000000000000e+00,
1.0000335109730654e+00,1.0407852120390211e-03,1.0000000000000002e+00,1.6824959864303512e-16,6.3328033797473097e-03,7.3967389081200957e-02,2.5870491215320042e-03,6.3039839534659542e-04,1.0000000000000000e+00,
1.0386304840184128e+00,-1.9087623945865837e-04,1.0000000000001041e+00,2.7155263997556344e-14,5.8769763948808176e+01,4.8777502160270870e+01,8.3467003472668466e+00,2.8768697504170282e-01,1.0000000000000000e+00,
1.5602959403136820e+00,1.3163710604461020e-02,1.0000000000005889e+00,1.5685278738901245e-14,1.3187839331559928e+02,4.7444299906511662e+02,2.3425125003236717e+03,5.2487758173232457e-01,1.0000000000000000e+00,
1.5554264009312491e+00,5.1335500230273257e-01,1.0000000000001967e+00,8.8820742227359333e-15,2.9836058945569152e+02,1.2880075108897080e+02,1.2550831914281373e+03,2.0943967982963232e-01,1.0000000000000000e+00,
1.0191158351939380e+00,8.2757567299747911e-02,1.0000000000000777e+00,1.8087975774500403e-14,6.4526821143608739e+00,1.7605816942421395e+01,2.3243157070533769e+01,1.0306725177106507e-01,1.0000000000000000e+00,
9.9685104232131716e-01,1.4426064125355019e-02,1.0000000000000651e+00,1.5131588514958935e-14,-2.1504322368196666e-01,1.9485132152301414e+00,2.6065478833813147e+00,2.0721269904825281e-02,1.0000000000000000e+00,
9.9852562443285375e-01,4.5403412406338044e-03,9.9999999999999689e-01,5.0979025099723408e-16,-1.5954303406525999e-01,5.2750795629511726e-01,3.7707963650991577e-02,7.0316912648517912e-03,1.0000000000000000e+00,
9.9939518072315903e-01,1.7055112446204466e-03,9.9999999999999767e-01,1.6471431958824193e-16,-8.5206167979984884e-02,1.7715592980942255e-01,2.0165112533677698e-03,2.7446836307564448e-03,1.0000000000000000e+00,
9.9987687419565396e-01,7.7304158011870267e-04,9.9999999999999756e-01,1.6779593899518975e-16,-4.4958282427429240e-02,5.8162372714780426e-02,1.9259113903699610e-03,9.7199849986805706e-04,1.0000000000000000e+00,
1.0386304840808123e+00,1.4955672512822379e-01,1.0000000000001077e+00,2.8287548874029160e-14,5.8769764075523888e+01,-6.1137086005238761e-01,8.3467003448524046e+00,2.8768697536818438e-01,1.0000000000000000e+00,
1.5602959378306636e+00,6.2573578554134890e-01,1.0000000000003171e+00,1.6025812520790983e-14,1.3187839347270173e+02,2.4543922606418585e+02,2.3425122477326377e+03,5.2487758295557674e-01,1.0000000000000000e+00,
1.5554263989216932e+00,-7.2634447821935981e-03,1.0000000000001767e+00,9.3148345888108055e-15,2.9836058944215688e+02,2.6201404448707956e+02,1.2550831909839444e+03,2.0943967981914063e-01,1.0000000000000000e+00,
1.0191158350352105e+00,-7.9166268314205784e-04,1.0000000000001523e+00,1.8491019226338224e-14,6.4526821246511261e+00,-1.5193326239888194e-01,2.3243157076994258e+01,1.0306725176567665e-01,1.0000000000000000e+00,
9.9685104230195465e-01,-1.5574170484824676e-04,1.0000000000000937e+00,1.5189337529941328e-14,-2.1504322270889142e-01,-2.6579339300399834e-02,2.6065478817211702e+00,2.0721269905796601e-02,1.0000000000000000e+00,
9.9852562442288351e-01,-6.9736860951092900e-05,1.0000000000000155e+00,4.8181440162770012e-16,-1.5954303520991620e-01,-7.5756808722406924e-03,3.7707963643541023e-02,7.0316912658342761e-03,1.0000000000000000e+00,
9.9939518071651701e-01,-2.9660189081133709e-05,1.0000000000000102e+00,1.6301114738525579e-16,-8.5206169008367902e-02,-2.3817260085396176e-03,2.0165112538392538e-03,2.7446836314149597e-03,1.0000000000000000e+00,
9.9987687419004112e-01,-1.8101841568203164e-05,1.0000000000000040e+00,1.6901494007760957e-16,-4.4958283387489306e-02,-4.3057989478105657e-05,1.9259113053786588e-03,9.7199850018134064e-04,1.0000000000000000e+00,
1.0385539533558521e+00,7.5895332231198695e-02,1.0000000000000602e+00,1.8217245992384239e-16,-1.1329114176166846e-01,-7.6484980550827864e-01,7.5684467902234935e+00,5.8499669919665008e-02,1.0000000000000000e+00,
1.1539577822681906e+00,8.6038171085458262e-02,1.0000000000000251e+00,1.8193971351220901e-15,-8.0649735972472225e-01,2.1564734206755148e+01,6.9853708952822391e+00,1.1376896152938463e-02,1.0000000000000000e+00,
1.1516076280734699e+00,1.2828137288181480e-03,1.0000000000000613e+00,3.6195942478671025e-15,1.3382150784782537e+01,2.1285277391072455e+01,1.1092623477847763e+01,-1.6773852324977044e-02,1.0000000000000000e+00,
1.0246240689922754e+00,-4.9495828922567721e-03,1.0000000000000420e+00,5.7854062269526754e-15,6.1039570446250053e+00,5.5463803549509483e-01,1.9999980011530365e+00,6.0523780977029722e-03,1.0000000000000000e+00,
1.0053852331656088e+00,-4.4756964762991047e-03,1.0000000000000020e+00,1.4262173637069089e-15,7.6504762634510637e-01,-4.2907157398766715e-01,3.4389237869188127e-02,6.0433753235851571e-03,1.0000000000000000e+00,
1.0011565988003193e+00,-1.8756922216398707e-03,1.0000000000000042e+00,2.1035903120395314e-16,1.7718516035875637e-01,-1.9572115412346619e-01,9.6091086756628918e-03,3.6435722806527028e-03,1.0000000000000000e+00,
1.0002165880300131e+00,-8.4343039962963173e-04,1.0000000000000044e+00,1.6489233992694559e-16,3.5379458007062610e-02,-6.5702982658026668e-02,2.2384371748692955e-03,1.6786858367530133e-03,1.0000000000000000e+00,
1.0000335109616569e+00,-5.2447611796407043e-04,1.0000000000000031e+00,1.6941705438170612e-16,6.3328013806424350e-03,-1.2184477401795059e-03,2.5870490593046108e-03,6.3039840552848244e-04,1.0000000000000000e+00,
1.0141963508044496e+00,1.7694688954159023e-02,1.0000000000000258e+00,1.8192210954603677e-16,-3.3086916136437772e-02,-1.6364752119368284e-01,2.5737972091948880e+00,9.1327550123450202e-03,1.0000000000000000e+00,
1.0323207922582982e+00,1.7932844038527143e-02,9.9999999999999845e-01,1.7763088059658820e-15,-3.1501618750311866e-01,2.6746358442424252e+00,2.2869641903810800e+00,-7.3213477852754295e-03,1.0000000000000000e+00,
1.0322680078415960e+00,1.7904259672760455e-03,1.0000000000000124e+00,3.5291338000957211e-15,1.7389290063216822e+00,2.6952245498843030e+00,4.7149554110498837e+00,-1.4020390161539446e-02,1.0000000000000000e+00,
1.0173313949816474e+00,9.4104015491541456e-04,1.0000000000000049e+00,2.3875823475074291e-15,1.7328204490480525e+00,5.8502045001039604e-01,4.7241742526355202e-01,-6.0411733344261885e-03,1.0000000000000000e+00,
1.0060763089352787e+00,-2.1299043927743046e-03,9.9999999999999911e-01,6.7811873199690188e-16,7.5726806860808427e-01,-8.4270966821304069e-02,8.2510957932518947e-03,-1.4682176632369725e-03,1.0000000000000000e+00,
1.0029367190146183e+00,-1.2871715462359160e-03,1.0000000000000022e+00,2.0004182416426482e-16,2.9986160777631332e-01,-1.0959978520853703e-01,4.2532498309010291e-03,-3.5095517805507542e-04,1.0000000000000000e+00,
1.0013354632733606e+00,-7.1921767717846887e-04,1.0000000000000051e+00,1.6678636877400783e-16,1.4860694883213038e-01,-4.8513034145874559e-02,1.5276986501961409e-03,-8.3812853210599736e-05,1.0000000000000000e+00,
1.0005400213568185e+00,-4.8361537690780223e-04,1.0000000000000051e+00,1.7150295488418424e-16,7.9761876740664747e-02,-1.0082086887391120e-03,2.5591742463912555e-03,-1.2669136566890377e-06,1.0000000000000000e+00,
1.0038346036017953e+00,4.1223638348582463e-03,1.0000000000003797e+00,1.8573680912934854e-16,-1.5196157270108354e-02,-3.7639989196577850e-03,6.2216064732090837e-01,-5.0308272587391836e-03,1.0000000000000000e+00,
1.0087687741103197e+00,4.1757240925367999e-03,1.0000000000006897e+00,1.8724716439924743e-15,-1.6667910086379123e-01,5.4229963430503869e-01,5.4931292494497663e-01,-9.4795463525553635e-03,1.0000000000000000e+00,
1.0089514827121706e+00,1.3632853335701174e-03,1.0000000000006786e+00,6.6690946105078706e-15,4.6140786435468994e-01,5.7766153884140503e-01,1.7431462320749795e+00,-1.2170958535664073e-02,1.0000000000000000e+00,
1.0081788556141194e+00,9.7599933409359238e-04,1.0000000000001439e+00,6.2649791530795738e-15,5.6631843560468731e-01,3.2055202137106675e-01,1.0938638475276352e-01,-8.3911911142197718e-03,1.0000000000000000e+00,
1.0057609204364104e+00,-5.3276506787857315e-05,1.0000000000001918e+00,3.2603298141457006e-15,5.1348756928544437e-01,-8.4287475947087895e-04,3.7415145607105210e-03,-4.1821146998279601e-03,1.0000000000000000e+00,
1.0032798359764385e+00,-4.0240967746615415e-05,1.0000000000001439e+00,1.8326364345293723e-15,3.0487373962253567e-01,-3.2612095270060891e-03,1.2340021361153808e-03,-1.8944727787786456e-03,1.0000000000000000e+00,
1.0016942051291482e+00,-2.3536541521884659e-05,1.0000000000000253e+00,1.1374932686013550e-15,1.8050110499699556e-01,-1.5337217388110272e-03,5.2441606612236430e-04,-7.2430392408366856e-04,1.0000000000000000e+00,
1.0007305420477226e+00,-1.6093251327130585e-05,1.0000000000000102e+00,7.5075930665721811e-16,1.0700171216166646e-01,-3.2725120082548556e-05,1.6293410786535987e-03,-1.4224207509616621e-05,1.0000000000000000e+00,

