1
1
9
0
(25 0
((16,88) (31,103) (0,0))
((32,88) (47,103) (0,0))
((48,88) (63,103) (0,0))
((64,88) (79,103) (0,0))
((80,88) (95,103) (0,0))
((16,104) (31,119) (0,0))
((32,104) (47,119) (0,0))
((48,104) (63,119) (0,0))
((64,104) (79,119) (0,0))
((80,104) (95,119) (0,0))
((16,120) (31,135) (0,0))
((32,120) (47,135) (0,0))
((48,120) (63,135) (0,0))
((64,120) (79,135) (0,0))
((80,120) (95,135) (0,0))
((16,136) (31,151) (0,0))
((32,136) (47,151) (0,0))
((48,136) (63,151) (0,0))
((64,136) (79,151) (0,0))
((80,136) (95,151) (0,0))
((16,152) (31,167) (0,0))
((32,152) (47,167) (0,0))
((48,152) (63,167) (0,0))
((64,152) (79,167) (0,0))
((80,152) (95,167) (0,0))
)
25
FabOnDisk: Cell_D_00002 0
FabOnDisk: Cell_D_00002 18517
FabOnDisk: Cell_D_00002 37034
FabOnDisk: Cell_D_00001 0
FabOnDisk: Cell_D_00001 18517
FabOnDisk: Cell_D_00002 55551
FabOnDisk: Cell_D_00002 74069
FabOnDisk: Cell_D_00001 37034
FabOnDisk: Cell_D_00001 55552
FabOnDisk: Cell_D_00000 0
FabOnDisk: Cell_D_00002 92587
FabOnDisk: Cell_D_00001 74070
FabOnDisk: Cell_D_00001 92588
FabOnDisk: Cell_D_00000 18518
FabOnDisk: Cell_D_00000 37036
FabOnDisk: Cell_D_00000 55554
FabOnDisk: Cell_D_00000 74072
FabOnDisk: Cell_D_00003 0
FabOnDisk: Cell_D_00003 18518
FabOnDisk: Cell_D_00003 37036
FabOnDisk: Cell_D_00000 92590
FabOnDisk: Cell_D_00003 55554
FabOnDisk: Cell_D_00003 74072
FabOnDisk: Cell_D_00003 92590
FabOnDisk: Cell_D_00003 111108

25,9
1.4000214750505566e+00,-6.5820822043314486e-01,9.9999999999584810e-01,3.9585013868653359e-13,-1.7590391600816811e+06,7.8155210173037369e+04,7.2412370339407062e-02,-1.3723523627775785e+02,1.0000000000000000e+00,
1.2636181628503138e+00,-2.0084097044901295e-01,9.9999999999664990e-01,7.8310540511551983e-13,-1.3461409170832136e+06,-2.8130613836964325e+05,1.2299413522320890e-03,-1.6000994706196644e+02,1.0000000000000000e+00,
7.7657269571954124e-01,-8.4042430752857067e-01,9.9999641093100000e-01,1.1831291296711922e-12,-6.5354918648978500e+06,-3.4131752548893867e+06,1.9393529954834321e-01,-4.3252364337093252e+02,1.0000000000000000e+00,
4.6667455604715169e-01,-4.7374199260611521e-01,9.9996360379488936e-01,1.5629375497655474e-12,-2.7004937712919060e+06,-3.7161301536319358e+06,2.4424327898229024e+00,-3.4855468258506517e+02,1.0000000000000000e+00,
2.5833231380089744e-01,-5.0956589710083955e-01,9.9993825795500957e-01,1.9225564869633826e-12,-3.7121924217475285e+06,-9.4088321600481018e+05,4.8446604937608839e-01,-1.4498234625857529e+02,1.0000000000000000e+00,
3.9886088552023313e-01,-6.8390973109865150e-01,9.9999552197998198e-01,3.8732485769380118e-13,-7.0311982010473041e+06,-3.0600645743741724e+06,9.3309999258934795e-01,-2.0817803204906613e+02,1.0000000000000000e+00,
9.8283889253307222e-01,-6.9439183707529117e-01,9.9998758342998628e-01,7.5106463365586014e-13,-5.3167901640955321e+06,-2.3561000433430714e+06,1.2284136728272870e+00,-3.8725092808079819e+02,1.0000000000000000e+00,
7.9928960535554094e-01,-2.3399574483637872e-01,9.9983850285141207e-01,1.1840609904767672e-12,-5.9464848403032990e+06,-3.5156475758393942e+06,3.1097894786287839e-01,-4.9270501608301549e+02,1.0000000000000000e+00,
1.7561860971078702e-03,-6.8336223708233079e-01,9.9888257311220130e-01,1.5752850489058127e-12,-2.5497821335576097e+06,-1.3602137275232601e+06,7.3666355920997795e+00,-4.8124650045661843e+02,1.0000000000000000e+00,
-5.1856161842876203e-01,-4.7373549537997178e-01,9.9998433718905178e-01,1.9320402338447770e-12,-8.6276651551489849e+06,-8.9263065989658015e+05,8.9823203112240435e-01,-1.0053419427156793e+01,1.0000000000000000e+00,
2.6199013427076773e-01,-4.6783523589336401e-01,9.9997875808903025e-01,3.8568462522645510e-13,-7.2016669195791055e+06,-2.0337603776521103e+06,5.0557521988370269e-01,-2.8531600872251749e+02,1.0000000000000000e+00,
-1.1312208015876891e-02,-1.0308961479061507e+00,0.0000000000000000e+00,0.0000000000000000e+00,-4.1085493017136836e+06,-9.1376399308644189e+05,0.0000000000000000e+00,-3.4703886587149560e+02,0.0000000000000000e+00,
-7.2363756449555061e-02,-1.0856927165200281e+00,0.0000000000000000e+00,0.0000000000000000e+00,-4.6303958812520765e+06,-1.6503038747954858e+06,0.0000000000000000e+00,-4.5000767281122762e+02,0.0000000000000000e+00,
4.4267267033791469e-01,-7.1725533030725186e-01,9.9971689296438315e-01,1.6092614082812223e-12,-2.5212697820163406e+06,-1.5372722397910501e+06,9.7805891253312893e-01,-4.5775269868515528e+02,1.0000000000000000e+00,
2.8874740916851405e-01,-5.4731836671609579e-01,9.9997288839765641e-01,1.9439616042358637e-12,-4.3106930274004964e+06,-1.8697823024410187e+05,3.5199399966671763e-01,-1.2597407217070365e+02,1.0000000000000000e+00,
2.1681034016531436e-01,-8.5867160529900222e-01,9.9982507354919992e-01,3.8828348333847754e-13,-6.0681401987941647e+06,-1.0581023914311500e+06,4.0836000814100260e-01,-2.6698201062374454e+02,1.0000000000000000e+00,
8.8189053597399325e-01,-7.3934949506401060e-01,9.9991329981350119e-01,7.5292514016418651e-13,-3.7165440641123839e+06,-2.1003511573541164e+06,5.9618480634497928e-01,-2.3901291773452900e+02,1.0000000000000000e+00,
8.8898083399190830e-01,-8.7213369402935503e-01,9.9994298161492334e-01,1.1902251387513618e-12,-7.8716068844713951e+06,-2.6304978260354383e+05,6.6826784199073757e+00,-4.4509804802346514e+02,1.0000000000000000e+00,
4.6082317173548637e-01,-9.8513281515427287e-01,9.9930695246334300e-01,1.5834840687142387e-12,-5.9069537881319202e+05,-2.8414262844639033e+05,1.4804795964489585e+00,-4.4484703403106113e+02,1.0000000000000000e+00,
5.0176387761593277e-01,-6.3581323365089193e-01,9.9978763479672539e-01,1.9418302284911640e-12,-9.3041745744352639e+06,-3.3008114537587855e+06,4.6171291082060861e-02,-1.4814533614254970e+02,1.0000000000000000e+00,
1.1810695735671024e+00,-2.9957483316668937e-01,9.9999999651288862e-01,3.9824671551014828e-13,-5.4563740822518338e+06,-2.3458427238787920e+06,3.4621004673462963e-01,-2.0544374361514673e+02,1.0000000000000000e+00,
1.1639916461313802e+00,-3.4158330394148773e-01,9.9996355384153879e-01,7.8765828987243257e-13,-3.2700121898720292e+06,-2.5023567222399423e+06,2.2972893721089349e-01,-2.1786422394072605e+02,1.0000000000000000e+00,
8.4014088067008641e-01,-1.0755735690307120e+00,9.9997928685103188e-01,1.1905985219539918e-12,-4.3412055319727045e+06,2.1564616522884741e+05,4.3478966818808829e-01,-4.2710900387724672e+02,1.0000000000000000e+00,
3.3837916408572527e-01,-9.1634459125009571e-01,9.9996917785397255e-01,1.5758147414781428e-12,-2.2914878132628049e+06,-6.0241088113135099e+05,1.1404761166652975e+00,-4.5658062474394217e+02,1.0000000000000000e+00,
2.9707676619560164e-01,-8.8853444341417154e-01,9.9999937432844510e-01,1.9383405820255304e-12,-5.0355865510330265e+06,-2.4095164491290916e+06,1.6202644870492406e+00,-1.9941458959380972e+02,1.0000000000000000e+00,

25,9
2.0133873926601913e+00,-1.8225213622011099e-03,1.0000000000020577e+00,7.6843613039180223e-13,-9.4965471493957774e+05,1.1569514091645156e+06,4.6232150162392497e+02,-3.8765941602546633e+01,1.0000000000000000e+00,
1.5570140989415999e+00,6.6698259637648041e-02,1.0000000000035911e+00,1.1589104319595362e-12,-8.6459449073297833e+05,2.2625689531461557e+05,2.8603460155816680e+02,-2.7170808410650110e+01,1.0000000000000000e+00,
2.2875844046670029e+00,6.6817271173244952e-01,1.0000050529509834e+00,1.5507322343821132e-12,1.1185407556532236e+05,2.8769873731796799e+05,2.0196620654297269e+03,1.1290568785398730e+02,1.0000000000000000e+00,
1.7318770819200600e+00,1.0732023342540207e+00,1.0000588042591718e+00,1.9097197238827059e-12,2.0259364820463525e+05,4.3015553808708873e+05,2.3027495625457027e+03,4.3755952240747913e+00,1.0000000000000000e+00,
2.2144743102489093e+00,7.7932532957644107e-01,1.0000306348737187e+00,2.2456482885746632e-12,6.9965191236561793e+05,1.0645658554354906e+06,2.9354243634244058e+03,2.9094856031415060e+02,1.0000000000000000e+00,
2.3146603706737112e+00,4.3006882495806675e-01,1.0000005836896357e+00,7.5753302623762510e-13,1.0892704515157967e+05,2.5080749531019209e+06,2.5340664514528962e+03,1.2159525731414632e+02,1.0000000000000000e+00,
2.2211023541918928e+00,5.1507290158513341e-01,1.0000222641492704e+00,1.1586009517836685e-12,7.5893316186456213e+04,3.5323548047335382e+05,1.9544297155940490e+03,-9.3570148548610547e+01,1.0000000000000000e+00,
2.2918103892585933e+00,7.5947345700764934e-01,1.0001762021092875e+00,1.5855731129849266e-12,9.5272864313828497e+04,1.3339667682278396e+06,2.2580155806388379e+03,-1.7495293006927977e+02,1.0000000000000000e+00,
2.0283340194530681e+00,1.1488810052868879e+00,1.0006198162446285e+00,1.9223620682723178e-12,1.9291801916812567e+05,1.0271873960231047e+06,2.5864250707090619e+03,5.9903713558298392e+01,1.0000000000000000e+00,
2.5163648622749184e+00,7.0462425159543751e-01,1.0000177750144927e+00,2.2524092491076475e-12,2.4684028249384812e+05,2.9896456447582156e+05,4.5891109687556973e+03,3.2381658774103704e+02,1.0000000000000000e+00,
2.7280392714300716e+00,8.0696873059986107e-01,1.0000360710513525e+00,7.2817841600648084e-13,1.0944878228261649e+05,1.0273579373599970e+06,2.4006265377246468e+03,1.0939789730343813e+02,1.0000000000000000e+00,
2.1411037898110359e+00,9.6793833663118267e-01,1.0000813341821950e+00,1.1539369082276415e-12,5.5050101208545435e+04,7.3093626945818076e+05,5.1881812892853768e+03,7.7180858700906776e+02,1.0000000000000000e+00,
2.1073654107626996e+00,1.0424780529658810e+00,1.0000312430225013e+00,1.6030110781055925e-12,9.3079482716552462e+04,3.0006961747517949e+06,6.3142300446069130e+03,4.2702708517825681e+02,1.0000000000000000e+00,
2.0864131459546331e+00,6.5105867958799235e-01,1.0002085795238418e+00,1.9267527882002230e-12,1.1434399414708887e+06,6.9554308393785043e+05,2.3163755307142974e+03,-8.4482737610808641e+01,1.0000000000000000e+00,
1.7914631755084796e+00,8.1078164506168582e-01,1.0001076109533518e+00,2.2565809142068841e-12,1.6082195783130603e+05,7.2535541259396810e+05,2.6161048502842059e+03,1.3900387101829975e+02,1.0000000000000000e+00,
1.9499519519623505e+00,5.5199323685670887e-01,1.0000864186917318e+00,7.6178462563797734e-13,1.2640774342831050e+05,6.5946808768924815e+05,2.6691937136089027e+03,1.2867368803956310e+01,1.0000000000000000e+00,
2.3208357047548338e+00,8.1742386513042697e-01,1.0000783958653077e+00,1.1649438305769170e-12,4.0370807571361540e+04,2.1115066922422848e+06,2.4318483326205564e+03,9.4453786864729011e+01,1.0000000000000000e+00,
2.3829965177338259e+00,6.7979665827037261e-01,1.0000423856432161e+00,1.5887980925981352e-12,1.6351760979422828e+05,2.5772518717603749e+06,2.2140163260665695e+03,-1.1906865734642545e+02,1.0000000000000000e+00,
1.9514661913238887e+00,7.5399578981489357e-01,1.0004963787763741e+00,1.9260223630849973e-12,1.7550544187679770e+05,3.3497320141919423e+05,2.4778994449392239e+03,-1.1318437992028478e+02,1.0000000000000000e+00,
2.5705445805688925e+00,9.4739419826528559e-01,1.0000372403799771e+00,2.2572951356025867e-12,1.8107385229057647e+05,2.4006030693729687e+06,4.5167258163604893e+03,1.6385503654876879e+02,1.0000000000000000e+00,
2.0344542711395359e+00,6.2091041154497106e-01,1.0000000007654486e+00,7.7496249793090523e-13,1.6842441401086480e+05,2.4477433884317358e+06,1.9256534931956276e+03,-7.5747445032718304e+00,1.0000000000000000e+00,
2.2245525684302261e+00,4.2361834871182102e-01,1.0000817011670660e+00,1.1686189638872751e-12,-7.1692477447153965e+05,5.6445173267531290e+05,6.5397974214016358e+02,7.4038585851758398e+01,1.0000000000000000e+00,
2.2142269304151672e+00,6.3841113195591381e-01,1.0000239397253408e+00,1.5591379119053761e-12,-6.3354310405006574e+05,3.2032633649258618e+06,2.1347132274172027e+03,1.0269778819216441e+01,1.0000000000000000e+00,
1.5675741634317335e+00,3.1774773040908350e-01,1.0000766431008550e+00,1.9197991170022866e-12,2.3889769047558017e+05,3.1496400778450170e+06,2.0940346172173026e+03,-5.9474446570158221e+01,1.0000000000000000e+00,
1.6353219863084711e+00,7.8741198615797836e-01,1.0000000334500048e+00,2.2578746495815607e-12,4.5690791393546539e+05,1.7763094699610486e+06,2.3215871131704030e+03,6.7156077150997874e+01,1.0000000000000000e+00,

