1
1
4
2
(4 0
((240,224) (255,239) (0,0))
((224,240) (255,255) (0,0))
((0,248) (127,255) (0,0))
((128,248) (223,255) (0,0))
)
4
FabOnDisk: SD_0_Old_MF_D_00000 0
FabOnDisk: SD_0_Old_MF_D_00000 12888
FabOnDisk: SD_0_Old_MF_D_00000 36016
FabOnDisk: SD_0_Old_MF_D_00000 86791

4,4
-2.7644407211352579e-01,-6.2941222688663956e-01,9.9942481464185362e-01,0.0000000000000000e+00,
-8.0178580781735884e-02,-6.4304448906317158e-01,9.9641839143090793e-01,0.0000000000000000e+00,
-8.0797004975286024e-02,3.8544077436189021e-05,9.9999999999803313e-01,0.0000000000000000e+00,
3.7395694430500642e-01,-1.2514926098017086e-06,9.9999561188941799e-01,0.0000000000000000e+00,

4,4
4.0760502476557423e-02,-2.6819126704100804e-02,1.0000582340734987e+00,0.0000000000000000e+00,
9.5914413453419323e-01,2.8665485267747124e-02,1.0034086442837014e+00,0.0000000000000000e+00,
9.5208502403298712e-01,2.4046285702964296e-01,1.0000000000042228e+00,0.0000000000000000e+00,
9.5918291863458871e-01,6.3782064701423920e-03,1.0000406689901764e+00,0.0000000000000000e+00,

