1
1
8
0
(4 0
((128,240) (191,255) (0,0))
((192,240) (255,255) (0,0))
((0,248) (63,255) (0,0))
((64,248) (127,255) (0,0))
)
4
FabOnDisk: Cell_D_00000 0
FabOnDisk: Cell_D_00001 0
FabOnDisk: Cell_D_00002 0
FabOnDisk: Cell_D_00003 0

4,8
-3.9622944604068802e-02,-5.1648923705316522e-03,9.9897795254835831e-01,0.0000000000000000e+00,-3.8197754539148476e-02,-1.6910002976919614e-01,2.6111206845108831e-01,-2.8441088107893698e-03,
-2.0564117723040243e-01,-5.2223516973104345e-01,9.9999999999975131e-01,0.0000000000000000e+00,-1.0338992908509894e+00,-1.2170896947904692e+00,2.9355008586342801e-01,2.1842113000803128e-02,
-7.7641429240811424e-02,7.9495414892269964e-05,9.9999999999950762e-01,0.0000000000000000e+00,-9.5934855816421738e-01,-4.0291768280565030e+01,5.0209005760495451e-01,-3.5701274965262086e-01,
7.3911046453611351e-02,-1.3245099660986089e-03,9.9999674568544017e-01,0.0000000000000000e+00,-3.3971264855463756e-02,-7.3818284053084382e-02,1.2461546821659443e+01,-3.1178590182896832e-02,

4,8
9.1204655896147979e-01,8.4573020766984589e-04,1.0000029834090876e+00,0.0000000000000000e+00,4.2674646014213691e-01,2.5129544515745483e-01,4.2535209563769740e+01,2.1552450483124413e-02,
9.1116823981644024e-01,-2.0384257492430454e-05,1.0000000000001461e+00,0.0000000000000000e+00,9.3967123059219020e+01,8.0245500846223081e+01,1.3703062585573059e+02,9.4528876635613857e-01,
9.0814907188268312e-01,2.4180737125938923e-01,1.0000000000007758e+00,0.0000000000000000e+00,5.4618820773426734e+01,2.0718274356264786e+01,1.4643036784208275e+02,-3.1628680331157580e-02,
9.1177091054789350e-01,4.5515613282598021e-03,1.0000003832719049e+00,0.0000000000000000e+00,1.5398900573589547e-01,3.6234769763529184e-01,4.3563214847275823e+01,-2.6000970740050746e-03,

