1
1
4
4
(64 0
((0,0) (15,15) (0,0))
((16,0) (31,15) (0,0))
((32,0) (47,15) (0,0))
((48,0) (63,15) (0,0))
((64,0) (79,15) (0,0))
((80,0) (95,15) (0,0))
((96,0) (111,15) (0,0))
((112,0) (127,15) (0,0))
((0,16) (15,31) (0,0))
((16,16) (31,31) (0,0))
((32,16) (47,31) (0,0))
((48,16) (63,31) (0,0))
((64,16) (79,31) (0,0))
((80,16) (95,31) (0,0))
((96,16) (111,31) (0,0))
((112,16) (127,31) (0,0))
((0,32) (15,47) (0,0))
((16,32) (31,47) (0,0))
((32,32) (47,47) (0,0))
((48,32) (63,47) (0,0))
((64,32) (79,47) (0,0))
((80,32) (95,47) (0,0))
((96,32) (111,47) (0,0))
((112,32) (127,47) (0,0))
((0,48) (15,63) (0,0))
((16,48) (31,63) (0,0))
((32,48) (47,63) (0,0))
((48,48) (63,63) (0,0))
((64,48) (79,63) (0,0))
((80,48) (95,63) (0,0))
((96,48) (111,63) (0,0))
((112,48) (127,63) (0,0))
((0,64) (15,79) (0,0))
((16,64) (31,79) (0,0))
((32,64) (47,79) (0,0))
((48,64) (63,79) (0,0))
((64,64) (79,79) (0,0))
((80,64) (95,79) (0,0))
((96,64) (111,79) (0,0))
((112,64) (127,79) (0,0))
((0,80) (15,95) (0,0))
((16,80) (31,95) (0,0))
((32,80) (47,95) (0,0))
((48,80) (63,95) (0,0))
((64,80) (79,95) (0,0))
((80,80) (95,95) (0,0))
((96,80) (111,95) (0,0))
((112,80) (127,95) (0,0))
((0,96) (15,111) (0,0))
((16,96) (31,111) (0,0))
((32,96) (47,111) (0,0))
((48,96) (63,111) (0,0))
((64,96) (79,111) (0,0))
((80,96) (95,111) (0,0))
((96,96) (111,111) (0,0))
((112,96) (127,111) (0,0))
((0,112) (15,127) (0,0))
((16,112) (31,127) (0,0))
((32,112) (47,127) (0,0))
((48,112) (63,127) (0,0))
((64,112) (79,127) (0,0))
((80,112) (95,127) (0,0))
((96,112) (111,127) (0,0))
((112,112) (127,127) (0,0))
)
64
FabOnDisk: SD_0_New_MF_D_00000 0
FabOnDisk: SD_0_New_MF_D_00000 18516
FabOnDisk: SD_0_New_MF_D_00000 37032
FabOnDisk: SD_0_New_MF_D_00000 55548
FabOnDisk: SD_0_New_MF_D_00000 74064
FabOnDisk: SD_0_New_MF_D_00000 92580
FabOnDisk: SD_0_New_MF_D_00000 111096
FabOnDisk: SD_0_New_MF_D_00000 129613
FabOnDisk: SD_0_New_MF_D_00000 148131
FabOnDisk: SD_0_New_MF_D_00000 166647
FabOnDisk: SD_0_New_MF_D_00000 185163
FabOnDisk: SD_0_New_MF_D_00000 203679
FabOnDisk: SD_0_New_MF_D_00000 222195
FabOnDisk: SD_0_New_MF_D_00000 240711
FabOnDisk: SD_0_New_MF_D_00000 259227
FabOnDisk: SD_0_New_MF_D_00000 277744
FabOnDisk: SD_0_New_MF_D_00000 296262
FabOnDisk: SD_0_New_MF_D_00000 314778
FabOnDisk: SD_0_New_MF_D_00000 333294
FabOnDisk: SD_0_New_MF_D_00000 351810
FabOnDisk: SD_0_New_MF_D_00000 370326
FabOnDisk: SD_0_New_MF_D_00000 388842
FabOnDisk: SD_0_New_MF_D_00000 407358
FabOnDisk: SD_0_New_MF_D_00000 425875
FabOnDisk: SD_0_New_MF_D_00000 444393
FabOnDisk: SD_0_New_MF_D_00000 462909
FabOnDisk: SD_0_New_MF_D_00000 481425
FabOnDisk: SD_0_New_MF_D_00000 499941
FabOnDisk: SD_0_New_MF_D_00000 518457
FabOnDisk: SD_0_New_MF_D_00000 536973
FabOnDisk: SD_0_New_MF_D_00000 555489
FabOnDisk: SD_0_New_MF_D_00000 574006
FabOnDisk: SD_0_New_MF_D_00000 592524
FabOnDisk: SD_0_New_MF_D_00000 611040
FabOnDisk: SD_0_New_MF_D_00000 629556
FabOnDisk: SD_0_New_MF_D_00000 648072
FabOnDisk: SD_0_New_MF_D_00000 666588
FabOnDisk: SD_0_New_MF_D_00000 685104
FabOnDisk: SD_0_New_MF_D_00000 703620
FabOnDisk: SD_0_New_MF_D_00000 722137
FabOnDisk: SD_0_New_MF_D_00000 740655
FabOnDisk: SD_0_New_MF_D_00000 759171
FabOnDisk: SD_0_New_MF_D_00000 777687
FabOnDisk: SD_0_New_MF_D_00000 796203
FabOnDisk: SD_0_New_MF_D_00000 814719
FabOnDisk: SD_0_New_MF_D_00000 833235
FabOnDisk: SD_0_New_MF_D_00000 851751
FabOnDisk: SD_0_New_MF_D_00000 870268
FabOnDisk: SD_0_New_MF_D_00000 888786
FabOnDisk: SD_0_New_MF_D_00000 907303
FabOnDisk: SD_0_New_MF_D_00000 925820
FabOnDisk: SD_0_New_MF_D_00000 944337
FabOnDisk: SD_0_New_MF_D_00000 962854
FabOnDisk: SD_0_New_MF_D_00000 981371
FabOnDisk: SD_0_New_MF_D_00000 999888
FabOnDisk: SD_0_New_MF_D_00000 1018406
FabOnDisk: SD_0_New_MF_D_00000 1036925
FabOnDisk: SD_0_New_MF_D_00000 1055443
FabOnDisk: SD_0_New_MF_D_00000 1073961
FabOnDisk: SD_0_New_MF_D_00000 1092479
FabOnDisk: SD_0_New_MF_D_00000 1110997
FabOnDisk: SD_0_New_MF_D_00000 1129515
FabOnDisk: SD_0_New_MF_D_00000 1148033
FabOnDisk: SD_0_New_MF_D_00000 1166552

64,4
1.0000042268925431e+00,-7.0362590562387068e-03,9.9999999999996481e-01,1.7894237511962881e-15,
1.0025138691246849e+00,-7.0326907240279716e-03,9.9999999999991152e-01,5.7938875414621819e-14,
1.0069655078770656e+00,-1.7551297039553686e-03,9.9999999999991251e-01,1.1360318031860560e-13,
1.0045755002698757e+00,5.3077996409759091e-05,9.9999999999997380e-01,1.6516954096827764e-13,
1.0022354271522582e+00,5.3960152325520638e-05,9.9999999999999589e-01,2.1044441121054009e-13,
1.0010473531369239e+00,2.9731868246793242e-05,9.9999999999998146e-01,2.4764500159274263e-13,
1.0004985414746912e+00,1.4210915597953730e-05,9.9999999999993849e-01,2.7529351565640105e-13,
1.0002680206509516e+00,5.1871794124756856e-06,9.9999999999982414e-01,2.9224967666137732e-13,
1.0000079433307667e+00,-2.1887122371487686e-02,9.9999999999993527e-01,1.7871027966975645e-15,
1.0042302176671580e+00,-2.1804106143053292e-02,9.9999999999999356e-01,5.8975427971141014e-14,
1.0081772554773853e+00,-2.0145146315816414e-03,1.0000000000000011e+00,1.1437972379227479e-13,
1.0027180003114904e+00,2.4234419585472903e-03,1.0000000000000036e+00,1.6568119222033198e-13,
1.0006359246712686e+00,1.7652629818563387e-03,1.0000000000000029e+00,2.1076431248459507e-13,
1.0001531078327019e+00,9.2186445858776324e-04,1.0000000000000013e+00,2.4783711273595345e-13,
1.0000412746445415e+00,4.2958044453725005e-04,1.0000000000000011e+00,2.7540593447477726e-13,
1.0000137080259122e+00,1.5537861256486286e-04,1.0000000000000000e+00,2.9231614791994465e-13,
1.0000266974127074e+00,-7.1438132118386871e-02,9.9999999999993638e-01,1.7613939586917891e-15,
1.0131075278451769e+00,-7.1408717736743427e-02,9.9999999999997402e-01,5.8661264355059388e-14,
1.0001072353570231e+00,9.2913929718244526e-05,9.9999999999998646e-01,1.1460870855456885e-13,
9.9569162222572893e-01,6.3972773340679866e-03,9.9999999999999145e-01,1.6595772353624080e-13,
9.9616035838392569e-01,2.9028084567298629e-03,9.9999999999999745e-01,2.1094442769671599e-13,
9.9798867316367845e-01,1.1579635993496699e-03,9.9999999999999822e-01,2.4793240177298521e-13,
9.9905049909703392e-01,4.7872411434556002e-04,1.0000000000000000e+00,2.7545563872886811e-13,
9.9954598214544166e-01,1.6603141953944325e-04,9.9999999999999833e-01,2.9234480287044541e-13,
8.3462362642482602e-01,-1.4116523472529763e-01,9.9999999999961253e-01,-1.7069744811030584e-12,
-8.1117406222574118e-01,-6.5814503904556698e-01,9.9999999999951428e-01,-1.5601527941807187e-12,
1.2134904643340422e-01,2.3876463800661728e-03,9.9999999999982159e-01,7.0473030979823871e-14,
9.6135351876313568e-01,3.7872135285139805e-04,9.9999999999998013e-01,1.6653158695404906e-13,
9.9011659953330744e-01,1.1124562293340589e-04,9.9999999999999467e-01,2.1119412150096930e-13,
9.9639667180923353e-01,4.1389182855664685e-05,9.9999999999999778e-01,2.4804338963517173e-13,
9.9849694954641011e-01,1.6627661464551524e-05,9.9999999999999989e-01,2.7550721620946678e-13,
9.9931702882700479e-01,5.7106529063840230e-06,9.9999999999999933e-01,2.9237270352464990e-13,
8.3462362642482790e-01,1.6289967426705120e-04,9.9999999999944700e-01,-1.8231976809431683e-12,
-8.1117406222566502e-01,-7.8285727115105896e-01,9.9999999999930911e-01,-1.6447901203559166e-12,
1.2134904643341310e-01,-5.8710181139177253e-01,9.9999999999993860e-01,6.6971223280658893e-14,
9.6135351876313557e-01,-2.7495663989040676e-02,9.9999999999999079e-01,1.6653182314105412e-13,
9.9011659953330777e-01,-7.5091011218032973e-03,9.9999999999999478e-01,2.1119415371843422e-13,
9.9639667180923419e-01,-2.6360788674727898e-03,9.9999999999999734e-01,2.4804341121246710e-13,
9.9849694954640944e-01,-1.0490747406235424e-03,9.9999999999999978e-01,2.7550752888548962e-13,
9.9931702882700502e-01,-4.3182831237793617e-04,9.9999999999999922e-01,2.9237186105474468e-13,
1.0000266974127074e+00,6.6777108276340675e-04,9.9999999999944211e-01,1.7612986766649129e-15,
1.0131075278451804e+00,-2.8094364091575869e-02,1.0000000000000049e+00,5.8662941742254870e-14,
1.0001072353570304e+00,-4.3578803325148373e-02,9.9999999999999056e-01,1.1460872056920627e-13,
9.9569162222573238e-01,-2.4768964425101458e-02,9.9999999999999745e-01,1.6595813500948662e-13,
9.9616035838393002e-01,-7.8127481931440038e-03,1.0000000000000013e+00,2.1094395683497865e-13,
9.9798867316368123e-01,-3.1287655624956156e-03,1.0000000000000002e+00,2.4793339031094584e-13,
9.9905049909703558e-01,-1.3715075080518264e-03,9.9999999999999989e-01,2.7545545086933105e-13,
9.9954598214544144e-01,-5.9453868995665792e-04,9.9999999999999856e-01,2.9234501119309301e-13,
1.0000079433307665e+00,1.7755844010379528e-04,9.9999999999956002e-01,1.7869812070515171e-15,
1.0042302176671662e+00,1.6641938442378287e-03,1.0000000000000118e+00,5.8977008167972380e-14,
1.0081772554773958e+00,-8.8290238703904803e-03,1.0000000000000058e+00,1.1437970171865070e-13,
1.0027180003114926e+00,-8.8334159953352420e-03,1.0000000000000067e+00,1.6568155544077881e-13,
1.0006359246712715e+00,-5.9232579547052666e-03,1.0000000000000053e+00,2.1076469589625829e-13,
1.0001531078327033e+00,-2.9287304251726779e-03,1.0000000000000031e+00,2.4783719593160882e-13,
1.0000412746445420e+00,-1.3492576964288544e-03,1.0000000000000000e+00,2.7540655999867315e-13,
1.0000137080259104e+00,-5.9159142005269340e-04,9.9999999999999534e-01,2.9231703810025541e-13,
1.0000042268925440e+00,4.2263274852277411e-06,9.9999999999870948e-01,1.7892125909059011e-15,
1.0025138691246100e+00,7.3610626302155206e-05,9.9999999999872913e-01,5.8686182047744052e-14,
1.0069655078769955e+00,-2.0756246228012891e-03,9.9999999999948619e-01,1.1412136966032078e-13,
1.0045755002698777e+00,-2.6745879206349376e-03,9.9999999999982636e-01,1.6548321351509334e-13,
1.0022354271522584e+00,-2.5118862461508159e-03,9.9999999999994871e-01,2.1063242725909957e-13,
1.0010473531369248e+00,-1.6028003062580382e-03,9.9999999999994404e-01,2.4775779156850105e-13,
1.0004985414746888e+00,-8.3498468092998415e-04,9.9999999999994371e-01,2.7536185112632410e-13,
1.0002680206509458e+00,-3.8724570777712330e-04,9.9999999999994593e-01,2.9229073904734906e-13,

64,4
1.0034236467671380e+00,-4.2263274845598624e-06,1.0000000000000500e+00,5.6938975367215758e-14,
1.0094407384736790e+00,-7.3610626301214295e-05,1.0000000000000224e+00,1.1217022056359246e-13,
1.0096321803412596e+00,2.0756246228064092e-03,1.0000000000000240e+00,1.6328902739956147e-13,
1.0078294112338235e+00,2.6745879206344367e-03,1.0000000000000124e+00,2.0853841361449896e-13,
1.0046343243103115e+00,2.5118862461534042e-03,1.0000000000000151e+00,2.4600893275622129e-13,
1.0025601590913491e+00,1.6028003062591855e-03,1.0000000000000051e+00,2.7412179084183014e-13,
1.0012886368139495e+00,8.3498468093085596e-04,1.0000000000000093e+00,2.9167113943008486e-13,
1.0006387907025178e+00,3.8724570777713674e-04,1.0000000000000298e+00,2.9785423579825700e-13,
1.0106328845711714e+00,-1.7755844010336046e-04,1.0000000000001088e+00,5.5430924670782761e-14,
1.0220130220289010e+00,-1.6641938442370512e-03,1.0000000000000082e+00,1.1120905120919617e-13,
1.0212229741112671e+00,8.8290238703896008e-03,1.0000000000000120e+00,1.6289262574119000e-13,
1.0094537105105434e+00,8.8334159953344510e-03,1.0000000000000071e+00,2.0833498360052439e-13,
1.0043418872293641e+00,5.9232579547056664e-03,1.0000000000000062e+00,2.4587738682135699e-13,
1.0020729695145205e+00,2.9287304251720187e-03,1.0000000000000058e+00,2.7403297946561067e-13,
1.0009604742493081e+00,1.3492576964276646e-03,1.0000000000000060e+00,2.9161532028409202e-13,
1.0004562068644069e+00,5.9159142005140526e-04,1.0000000000000102e+00,2.9782635224485985e-13,
1.0327364624338238e+00,-6.6777108276307390e-04,1.0000000000001072e+00,5.5412198932691089e-14,
1.0846421204844388e+00,2.8094364091575126e-02,1.0000000000000098e+00,1.1198031600494074e-13,
1.0627322740887979e+00,4.3578803325146749e-02,1.0000000000000144e+00,1.6347198184435983e-13,
1.0094339624178463e+00,2.4768964425099869e-02,1.0000000000000060e+00,2.0859824891569646e-13,
1.0022441823643986e+00,7.8127481931421893e-03,1.0000000000000047e+00,2.4599384142639502e-13,
1.0004405508138929e+00,3.1287655624945734e-03,1.0000000000000033e+00,2.7408827833991728e-13,
1.0000730034032170e+00,1.3715075080507325e-03,1.0000000000000022e+00,2.9164455219197239e-13,
1.0000058994974126e+00,5.9453868995576150e-04,1.0000000000000020e+00,2.9784854151981394e-13,
1.0342004949451220e+00,-1.6289967426752328e-04,1.0000000000001601e+00,5.6780016190916414e-14,
1.0000000000000000e+40,1.0000000000000000e+40,1.0000000000000000e+40,1.0000000000000000e+40,
1.1042724290548280e+00,5.8710181139177653e-01,1.0000000000001330e+00,1.6634785901907476e-13,
9.9710442310068470e-01,2.7495663989038081e-02,1.0000000000000044e+00,2.0875369598382639e-13,
9.9772198606522866e-01,7.5091011218016710e-03,1.0000000000000011e+00,2.4605220415700784e-13,
9.9894161375873014e-01,2.6360788674702376e-03,1.0000000000000000e+00,2.7411398942632221e-13,
9.9949908664978993e-01,1.0490747406214347e-03,1.0000000000000000e+00,2.9165785965455485e-13,
9.9973152599575088e-01,4.3182831237589781e-04,1.0000000000000011e+00,2.9785834230203968e-13,
1.0342004949451273e+00,1.4116523472531242e-01,1.0000000000002176e+00,5.7019964361765300e-14,
1.0000000000000000e+40,1.0000000000000000e+40,1.0000000000000000e+40,1.0000000000000000e+40,
1.1042724290548300e+00,-2.3876463800711367e-03,1.0000000000001310e+00,1.6961832546546931e-13,
9.9710442310069103e-01,-3.7872135285584165e-04,1.0000000000000031e+00,2.0875462786455035e-13,
9.9772198606523033e-01,-1.1124562293693166e-04,1.0000000000000031e+00,2.4605201238120406e-13,
9.9894161375873147e-01,-4.1389182857925666e-05,1.0000000000000024e+00,2.7411388778777333e-13,
9.9949908664979015e-01,-1.6627661466182065e-05,1.0000000000000000e+00,2.9165793262612118e-13,
9.9973152599575132e-01,-5.7106529065336319e-06,1.0000000000000007e+00,2.9785844206636021e-13,
1.0327364624338295e+00,7.1438132118393310e-02,1.0000000000001872e+00,5.5411452829118425e-14,
1.0846421204844461e+00,7.1408717736749519e-02,1.0000000000000540e+00,1.1198383856650950e-13,
1.0627322740888074e+00,-9.2913929717591714e-05,1.0000000000000282e+00,1.6347158018155087e-13,
1.0094339624178497e+00,-6.3972773340673769e-03,1.0000000000000075e+00,2.0859802647093893e-13,
1.0022441823644026e+00,-2.9028084567319775e-03,1.0000000000000073e+00,2.4599436094490145e-13,
1.0004405508138943e+00,-1.1579635993517066e-03,1.0000000000000056e+00,2.7408782377939964e-13,
1.0000730034032208e+00,-4.7872411434748225e-04,1.0000000000000044e+00,2.9164516319656737e-13,
1.0000058994974126e+00,-1.6603141954005084e-04,1.0000000000000000e+00,2.9784869214893224e-13,
1.0106328845711743e+00,2.1887122371487704e-02,1.0000000000001183e+00,5.5430582057113504e-14,
1.0220130220289061e+00,2.1804106143053184e-02,1.0000000000000360e+00,1.1120895813697305e-13,
1.0212229741112757e+00,2.0145146315835856e-03,1.0000000000000235e+00,1.6289216162513421e-13,
1.0094537105105479e+00,-2.4234419585423355e-03,1.0000000000000207e+00,2.0833587559268414e-13,
1.0043418872293677e+00,-1.7652629818542180e-03,1.0000000000000122e+00,2.4587676152139056e-13,
1.0020729695145223e+00,-9.2186445858731428e-04,1.0000000000000082e+00,2.7403373744998322e-13,
1.0009604742493075e+00,-4.2958044453778689e-04,1.0000000000000060e+00,2.9161516890495198e-13,
1.0004562068644041e+00,-1.5537861256626135e-04,1.0000000000000000e+00,2.9782700664387524e-13,
1.0034236467671482e+00,7.0362590562273002e-03,1.0000000000002405e+00,5.5565148907604003e-14,
1.0094407384736881e+00,7.0326907240167861e-03,1.0000000000002320e+00,1.1107299223404564e-13,
1.0096321803412711e+00,1.7551297039597766e-03,1.0000000000001041e+00,1.6262670217797059e-13,
1.0078294112338331e+00,-5.3077996409081329e-05,1.0000000000000431e+00,2.0815618258842605e-13,
1.0046343243103015e+00,-5.3960152326150234e-05,1.0000000000000129e+00,2.4577936368870178e-13,
1.0025601590913440e+00,-2.9731868246667136e-05,1.0000000000000071e+00,2.7398251624442575e-13,
1.0012886368139524e+00,-1.4210915597912520e-05,1.0000000000000060e+00,2.9158758509012737e-13,
1.0006387907025194e+00,-5.1871794105778524e-06,1.0000000000000058e+00,2.9780532491082524e-13,

