1
1
4
4
(64 0
((0,0) (15,15) (0,0))
((16,0) (31,15) (0,0))
((32,0) (47,15) (0,0))
((48,0) (63,15) (0,0))
((64,0) (79,15) (0,0))
((80,0) (95,15) (0,0))
((96,0) (111,15) (0,0))
((112,0) (127,15) (0,0))
((0,16) (15,31) (0,0))
((16,16) (31,31) (0,0))
((32,16) (47,31) (0,0))
((48,16) (63,31) (0,0))
((64,16) (79,31) (0,0))
((80,16) (95,31) (0,0))
((96,16) (111,31) (0,0))
((112,16) (127,31) (0,0))
((0,32) (15,47) (0,0))
((16,32) (31,47) (0,0))
((32,32) (47,47) (0,0))
((48,32) (63,47) (0,0))
((64,32) (79,47) (0,0))
((80,32) (95,47) (0,0))
((96,32) (111,47) (0,0))
((112,32) (127,47) (0,0))
((0,48) (15,63) (0,0))
((16,48) (31,63) (0,0))
((32,48) (47,63) (0,0))
((48,48) (63,63) (0,0))
((64,48) (79,63) (0,0))
((80,48) (95,63) (0,0))
((96,48) (111,63) (0,0))
((112,48) (127,63) (0,0))
((0,64) (15,79) (0,0))
((16,64) (31,79) (0,0))
((32,64) (47,79) (0,0))
((48,64) (63,79) (0,0))
((64,64) (79,79) (0,0))
((80,64) (95,79) (0,0))
((96,64) (111,79) (0,0))
((112,64) (127,79) (0,0))
((0,80) (15,95) (0,0))
((16,80) (31,95) (0,0))
((32,80) (47,95) (0,0))
((48,80) (63,95) (0,0))
((64,80) (79,95) (0,0))
((80,80) (95,95) (0,0))
((96,80) (111,95) (0,0))
((112,80) (127,95) (0,0))
((0,96) (15,111) (0,0))
((16,96) (31,111) (0,0))
((32,96) (47,111) (0,0))
((48,96) (63,111) (0,0))
((64,96) (79,111) (0,0))
((80,96) (95,111) (0,0))
((96,96) (111,111) (0,0))
((112,96) (127,111) (0,0))
((0,112) (15,127) (0,0))
((16,112) (31,127) (0,0))
((32,112) (47,127) (0,0))
((48,112) (63,127) (0,0))
((64,112) (79,127) (0,0))
((80,112) (95,127) (0,0))
((96,112) (111,127) (0,0))
((112,112) (127,127) (0,0))
)
64
FabOnDisk: SD_0_Old_MF_D_00000 0
FabOnDisk: SD_0_Old_MF_D_00000 18516
FabOnDisk: SD_0_Old_MF_D_00000 37032
FabOnDisk: SD_0_Old_MF_D_00000 55548
FabOnDisk: SD_0_Old_MF_D_00000 74064
FabOnDisk: SD_0_Old_MF_D_00000 92580
FabOnDisk: SD_0_Old_MF_D_00000 111096
FabOnDisk: SD_0_Old_MF_D_00000 129613
FabOnDisk: SD_0_Old_MF_D_00000 148131
FabOnDisk: SD_0_Old_MF_D_00000 166647
FabOnDisk: SD_0_Old_MF_D_00000 185163
FabOnDisk: SD_0_Old_MF_D_00000 203679
FabOnDisk: SD_0_Old_MF_D_00000 222195
FabOnDisk: SD_0_Old_MF_D_00000 240711
FabOnDisk: SD_0_Old_MF_D_00000 259227
FabOnDisk: SD_0_Old_MF_D_00000 277744
FabOnDisk: SD_0_Old_MF_D_00000 296262
FabOnDisk: SD_0_Old_MF_D_00000 314778
FabOnDisk: SD_0_Old_MF_D_00000 333294
FabOnDisk: SD_0_Old_MF_D_00000 351810
FabOnDisk: SD_0_Old_MF_D_00000 370326
FabOnDisk: SD_0_Old_MF_D_00000 388842
FabOnDisk: SD_0_Old_MF_D_00000 407358
FabOnDisk: SD_0_Old_MF_D_00000 425875
FabOnDisk: SD_0_Old_MF_D_00000 444393
FabOnDisk: SD_0_Old_MF_D_00000 462909
FabOnDisk: SD_0_Old_MF_D_00000 481425
FabOnDisk: SD_0_Old_MF_D_00000 499941
FabOnDisk: SD_0_Old_MF_D_00000 518457
FabOnDisk: SD_0_Old_MF_D_00000 536973
FabOnDisk: SD_0_Old_MF_D_00000 555489
FabOnDisk: SD_0_Old_MF_D_00000 574006
FabOnDisk: SD_0_Old_MF_D_00000 592524
FabOnDisk: SD_0_Old_MF_D_00000 611040
FabOnDisk: SD_0_Old_MF_D_00000 629556
FabOnDisk: SD_0_Old_MF_D_00000 648072
FabOnDisk: SD_0_Old_MF_D_00000 666588
FabOnDisk: SD_0_Old_MF_D_00000 685104
FabOnDisk: SD_0_Old_MF_D_00000 703620
FabOnDisk: SD_0_Old_MF_D_00000 722137
FabOnDisk: SD_0_Old_MF_D_00000 740655
FabOnDisk: SD_0_Old_MF_D_00000 759171
FabOnDisk: SD_0_Old_MF_D_00000 777687
FabOnDisk: SD_0_Old_MF_D_00000 796203
FabOnDisk: SD_0_Old_MF_D_00000 814719
FabOnDisk: SD_0_Old_MF_D_00000 833235
FabOnDisk: SD_0_Old_MF_D_00000 851751
FabOnDisk: SD_0_Old_MF_D_00000 870268
FabOnDisk: SD_0_Old_MF_D_00000 888786
FabOnDisk: SD_0_Old_MF_D_00000 907303
FabOnDisk: SD_0_Old_MF_D_00000 925820
FabOnDisk: SD_0_Old_MF_D_00000 944337
FabOnDisk: SD_0_Old_MF_D_00000 962854
FabOnDisk: SD_0_Old_MF_D_00000 981371
FabOnDisk: SD_0_Old_MF_D_00000 999888
FabOnDisk: SD_0_Old_MF_D_00000 1018406
FabOnDisk: SD_0_Old_MF_D_00000 1036925
FabOnDisk: SD_0_Old_MF_D_00000 1055443
FabOnDisk: SD_0_Old_MF_D_00000 1073961
FabOnDisk: SD_0_Old_MF_D_00000 1092479
FabOnDisk: SD_0_Old_MF_D_00000 1110997
FabOnDisk: SD_0_Old_MF_D_00000 1129515
FabOnDisk: SD_0_Old_MF_D_00000 1148033
FabOnDisk: SD_0_Old_MF_D_00000 1166552

64,4
1.0000042316202395e+00,-7.0318947051858059e-03,9.9999999999996414e-01,1.8237304305285168e-15,
1.0025273817726785e+00,-7.0233108977661874e-03,9.9999999999991096e-01,5.8379787389452217e-14,
1.0069598128242667e+00,-1.7389373146944930e-03,9.9999999999991218e-01,1.1525164559216536e-13,
1.0045625804265417e+00,5.3129510096902860e-05,9.9999999999997391e-01,1.6796495701957401e-13,
1.0022288573040636e+00,5.3822693725473639e-05,9.9999999999999589e-01,2.1419613138443949e-13,
1.0010443155874358e+00,2.9645415467834247e-05,9.9999999999998157e-01,2.5215563594740477e-13,
1.0004972644025700e+00,1.4162138078812763e-05,9.9999999999993827e-01,2.8035941737070318e-13,
1.0002677012303596e+00,5.1555300438713232e-06,9.9999999999982314e-01,2.9765523528947103e-13,
1.0000079435606577e+00,-2.1867243286111372e-02,9.9999999999993505e-01,1.8215017749424307e-15,
1.0042466150109965e+00,-2.1769587115013235e-02,9.9999999999999345e-01,6.0064844124446566e-14,
1.0081569880147390e+00,-1.9907758587396685e-03,1.0000000000000011e+00,1.1650796398755845e-13,
1.0027068556070653e+00,2.4231528461711358e-03,1.0000000000000036e+00,1.6876591495120294e-13,
1.0006333045976996e+00,1.7605347791540889e-03,1.0000000000000029e+00,2.1468861659976293e-13,
1.0001524992588970e+00,9.1912986164181039e-04,1.0000000000000013e+00,2.5245098961709003e-13,
1.0000411284252868e+00,4.2809694327170910e-04,1.0000000000000011e+00,2.8053435777789908e-13,
1.0000136874755661e+00,1.5443016721876788e-04,1.0000000000000000e+00,2.9776038666916862e-13,
1.0000266756686012e+00,-7.1377998259305117e-02,9.9999999999993627e-01,1.7969645815907292e-15,
1.0131277069067903e+00,-7.1219040448115736e-02,9.9999999999997391e-01,5.9483692748501172e-14,
1.0000786905354679e+00,1.3164362755906071e-04,9.9999999999998634e-01,1.1674256591367342e-13,
9.9569910868870393e-01,6.3793703765602965e-03,9.9999999999999156e-01,1.6904881096846138e-13,
9.9617014667699988e-01,2.8931769966586028e-03,9.9999999999999745e-01,2.1487159389701889e-13,
9.9799453041118424e-01,1.1542103995256046e-03,9.9999999999999822e-01,2.5254991830084135e-13,
9.9905324083123548e-01,4.7702456079186476e-04,1.0000000000000000e+00,2.8058429126445333e-13,
9.9954712517665134e-01,1.6501587679792099e-04,9.9999999999999833e-01,2.9778767575536742e-13,
8.3456383263344291e-01,-1.4117448750908212e-01,9.9999999999961220e-01,1.7522181610708639e-15,
-8.0691975893405787e-01,-6.5829165463702943e-01,9.9999999999951195e-01,-1.1965447543607324e-12,
1.3049655338804161e-01,2.3773527879308275e-03,9.9999999999982170e-01,7.0456918733382750e-14,
9.6152864883074096e-01,3.7719734046395554e-04,9.9999999999998013e-01,1.6963335258861593e-13,
9.9015164992407967e-01,1.1085820279877148e-04,9.9999999999999478e-01,2.1512649795460468e-13,
9.9640828773362033e-01,4.1252312501124130e-05,9.9999999999999778e-01,2.5266164548965811e-13,
9.9850148246018855e-01,1.6568254079091670e-05,9.9999999999999989e-01,2.8063733010418762e-13,
9.9931879127384227e-01,5.6757062395922666e-06,9.9999999999999933e-01,2.9781617561540612e-13,
8.3456383263344469e-01,1.6282189881758447e-04,9.9999999999944611e-01,1.7522557702092755e-15,
-8.0691975893397916e-01,-7.8098203101957264e-01,9.9999999999930300e-01,-1.2446879796160710e-12,
1.3049655338805077e-01,-5.8034388330550724e-01,9.9999999999993905e-01,6.7256397914431728e-14,
9.6152864883074096e-01,-2.7375892430469170e-02,9.9999999999999079e-01,1.6963317191448191e-13,
9.9015164992408000e-01,-7.4821548171088601e-03,9.9999999999999478e-01,2.1512655312981886e-13,
9.9640828773362111e-01,-2.6273156900887850e-03,9.9999999999999734e-01,2.5266172024897419e-13,
9.9850148246018766e-01,-1.0456637223667602e-03,9.9999999999999978e-01,2.8063711456069669e-13,
9.9931879127384260e-01,-4.3027276927994063e-04,9.9999999999999922e-01,2.9781692810643290e-13,
1.0000266756686009e+00,6.6761075148991404e-04,9.9999999999944134e-01,1.7970480086793958e-15,
1.0131277069067941e+00,-2.8153454464402958e-02,1.0000000000000051e+00,5.9475034499620473e-14,
1.0000786905354755e+00,-4.3495110124336718e-02,9.9999999999999056e-01,1.1674263001366833e-13,
9.9569910868870715e-01,-2.4678607450904069e-02,9.9999999999999745e-01,1.6904851941811311e-13,
9.9617014667700421e-01,-7.7861605233790427e-03,1.0000000000000013e+00,2.1487221331799791e-13,
9.9799453041118691e-01,-3.1189728831877545e-03,1.0000000000000002e+00,2.5254909896015496e-13,
9.9905324083123703e-01,-1.3671953529046585e-03,9.9999999999999989e-01,2.8058468519867962e-13,
9.9954712517665101e-01,-5.9242248209771158e-04,9.9999999999999856e-01,2.9778767518696873e-13,
1.0000079435606573e+00,1.7766667989289935e-04,9.9999999999955969e-01,1.8216255043187322e-15,
1.0042466150110045e+00,1.6217441214513694e-03,1.0000000000000118e+00,6.0063076450882021e-14,
1.0081569880147492e+00,-8.8142031638475307e-03,1.0000000000000058e+00,1.1650810116574895e-13,
1.0027068556070673e+00,-8.8173429886705939e-03,1.0000000000000067e+00,1.6876571805190914e-13,
1.0006333045977023e+00,-5.9068293532097121e-03,1.0000000000000053e+00,2.1468842299090241e-13,
1.0001524992588986e+00,-2.9200037487044483e-03,1.0000000000000031e+00,2.5245115204305827e-13,
1.0000411284252875e+00,-1.3450653461878044e-03,1.0000000000000000e+00,2.8053397633785018e-13,
1.0000136874755643e+00,-5.8948943693622473e-04,9.9999999999999534e-01,2.9775975470865040e-13,
1.0000042316202402e+00,4.2310571129467282e-06,9.9999999999870592e-01,1.8239485343662049e-15,
1.0025273817726030e+00,7.3101801398039621e-05,9.9999999999872802e-01,5.9871671307052644e-14,
1.0069598128241968e+00,-2.0763259106398439e-03,9.9999999999948685e-01,1.1632435196680087e-13,
1.0045625804265437e+00,-2.6701377608033044e-03,9.9999999999982647e-01,1.6861135600936428e-13,
1.0022288573040639e+00,-2.5065213772156726e-03,9.9999999999994849e-01,2.1458223259797667e-13,
1.0010443155874369e+00,-1.5984956211371401e-03,9.9999999999994393e-01,2.5238773869994685e-13,
1.0004972644025671e+00,-8.3249767415684566e-04,9.9999999999994360e-01,2.8049873771059920e-13,
1.0002677012303538e+00,-3.8588700152628443e-04,9.9999999999994593e-01,2.9773888804485900e-13,

64,4
1.0034405223478302e+00,-4.2310571122595371e-06,1.0000000000000500e+00,5.7425228237357469e-14,
1.0094288022512683e+00,-7.3101801397096772e-05,1.0000000000000226e+00,1.1376002131842554e-13,
1.0096160510870926e+00,2.0763259106449917e-03,1.0000000000000242e+00,1.6602915008938482e-13,
1.0078101330087084e+00,2.6701377608027454e-03,1.0000000000000127e+00,2.1224238020725248e-13,
1.0046225330608956e+00,2.5065213772183770e-03,1.0000000000000151e+00,2.5048178833759997e-13,
1.0025530645944503e+00,1.5984956211383364e-03,1.0000000000000051e+00,2.7916139280531803e-13,
1.0012850281885430e+00,8.3249767415762954e-04,1.0000000000000093e+00,2.9706338505042299e-13,
1.0006372140664255e+00,3.8588700152639079e-04,1.0000000000000302e+00,3.0337670890188080e-13,
1.0106556862416607e+00,-1.7766667989254075e-04,1.0000000000001088e+00,5.6469858775061423e-14,
1.0219669493477965e+00,-1.6217441214506512e-03,1.0000000000000082e+00,1.1327937209168809e-13,
1.0211677988681223e+00,8.8142031638467414e-03,1.0000000000000120e+00,1.6592451741313446e-13,
1.0094182801587144e+00,8.8173429886698948e-03,1.0000000000000071e+00,2.1221521907459096e-13,
1.0043293957426045e+00,5.9068293532100842e-03,1.0000000000000062e+00,2.5045486683929361e-13,
1.0020668231820300e+00,2.9200037487038186e-03,1.0000000000000058e+00,2.7913539556212243e-13,
1.0009576842817107e+00,1.3450653461867161e-03,1.0000000000000060e+00,2.9704505122669885e-13,
1.0004550545861055e+00,5.8948943693492141e-04,1.0000000000000102e+00,3.0337209602960288e-13,
1.0327192237301484e+00,-6.6761075148953522e-04,1.0000000000001072e+00,5.6451583233570677e-14,
1.0844250557680235e+00,2.8153454464402129e-02,1.0000000000000098e+00,1.1393256490525075e-13,
1.0624585863342404e+00,4.3495110124335157e-02,1.0000000000000144e+00,1.6651632154315548e-13,
1.0093971864690665e+00,2.4678607450902404e-02,1.0000000000000060e+00,2.1248187305049139e-13,
1.0022345042930614e+00,7.7861605233771536e-03,1.0000000000000047e+00,2.5057483968464875e-13,
1.0004385604555563e+00,3.1189728831866725e-03,1.0000000000000033e+00,2.7919120584176293e-13,
1.0000726413114198e+00,1.3671953529035639e-03,1.0000000000000022e+00,2.9707507737652803e-13,
1.0000058473510172e+00,5.9242248209685571e-04,1.0000000000000020e+00,3.0339447934735796e-13,
1.0341604740938286e+00,-1.6282189881805062e-04,1.0000000000001601e+00,1.7752964522778861e-12,
1.4590157737571576e+00,7.8098203101958252e-01,1.0000000000000000e+40,1.6695756728964494e-12,
1.1032452231146419e+00,5.8034388330551112e-01,1.0000000000001337e+00,1.6710879139003823e-13,
9.9708956216903755e-01,2.7375892430466502e-02,1.0000000000000044e+00,2.1264164361080001e-13,
9.9772871090762805e-01,7.4821548171072417e-03,1.0000000000000011e+00,2.5063340478326641e-13,
9.9894469763194149e-01,2.6273156900862640e-03,1.0000000000000000e+00,2.7921747961575774e-13,
9.9950037368795019e-01,1.0456637223647152e-03,1.0000000000000000e+00,2.9708870505283444e-13,
9.9973184636830004e-01,4.3027276927788471e-04,1.0000000000000011e+00,3.0340429941537188e-13,
1.0341604740938342e+00,1.4117448750909675e-01,1.0000000000002178e+00,1.8896614806797023e-12,
1.4590157737571572e+00,6.5829165463702044e-01,1.0000000000000000e+40,1.7538387365170503e-12,
1.1032452231146441e+00,-2.3773527879357515e-03,1.0000000000001295e+00,1.6789954019585236e-13,
9.9708956216904376e-01,-3.7719734046846631e-04,1.0000000000000031e+00,2.1264070944363155e-13,
9.9772871090762993e-01,-1.1085820280231428e-04,1.0000000000000031e+00,2.5063360467626235e-13,
9.9894469763194282e-01,-4.1252312503419393e-05,1.0000000000000024e+00,2.7921804406116893e-13,
9.9950037368795042e-01,-1.6568254080746908e-05,1.0000000000000000e+00,2.9708813191462123e-13,
9.9973184636830059e-01,-5.6757062397644506e-06,1.0000000000000007e+00,3.0340448134354185e-13,
1.0327192237301541e+00,7.1377998259311431e-02,1.0000000000001874e+00,5.6452310915324960e-14,
1.0844250557680311e+00,7.1219040448121759e-02,1.0000000000000540e+00,1.1392921086252936e-13,
1.0624585863342499e+00,-1.3164362755865009e-04,1.0000000000000282e+00,1.6651680922635357e-13,
1.0093971864690696e+00,-6.3793703765596217e-03,1.0000000000000075e+00,2.1248217978420290e-13,
1.0022345042930658e+00,-2.8931769966607022e-03,1.0000000000000073e+00,2.5057442475680091e-13,
1.0004385604555579e+00,-1.1542103995275869e-03,1.0000000000000056e+00,2.7919178357626141e-13,
1.0000726413114231e+00,-4.7702456079381757e-04,1.0000000000000044e+00,2.9707457941538821e-13,
1.0000058473510172e+00,-1.6501587679851708e-04,1.0000000000000000e+00,3.0339444598330988e-13,
1.0106556862416638e+00,2.1867243286111424e-02,1.0000000000001183e+00,5.6470987155658946e-14,
1.0219669493478016e+00,2.1769587115013127e-02,1.0000000000000360e+00,1.1327954140764305e-13,
1.0211677988681314e+00,1.9907758587416305e-03,1.0000000000000238e+00,1.6592511391728491e-13,
1.0094182801587188e+00,-2.4231528461662148e-03,1.0000000000000207e+00,2.1221448139730045e-13,
1.0043293957426083e+00,-1.7605347791520268e-03,1.0000000000000122e+00,2.5045568732406383e-13,
1.0020668231820316e+00,-9.1912986164147071e-04,1.0000000000000082e+00,2.7913483261221552e-13,
1.0009576842817098e+00,-4.2809694327222036e-04,1.0000000000000060e+00,2.9704542175138579e-13,
1.0004550545861026e+00,-1.5443016722017596e-04,1.0000000000000000e+00,3.0337166213239677e-13,
1.0034405223478404e+00,7.0318947051745883e-03,1.0000000000002409e+00,5.6705395393394276e-14,
1.0094288022512774e+00,7.0233108977550583e-03,1.0000000000002323e+00,1.1322001694529034e-13,
1.0096160510871046e+00,1.7389373146987886e-03,1.0000000000001039e+00,1.6570279964048134e-13,
1.0078101330087179e+00,-5.3129510096166064e-05,1.0000000000000429e+00,2.1204709153961604e-13,
1.0046225330608858e+00,-5.3822693726235373e-05,1.0000000000000129e+00,2.5036481047624907e-13,
1.0025530645944452e+00,-2.9645415467666392e-05,1.0000000000000071e+00,2.7909062798248470e-13,
1.0012850281885457e+00,-1.4162138078711291e-05,1.0000000000000060e+00,2.9702111378002253e-13,
1.0006372140664270e+00,-5.1555300419919417e-06,1.0000000000000058e+00,3.0335157107906940e-13,

