1
1
1
1
(64 0
((0,0) (16,16) (1,1))
((16,0) (32,16) (1,1))
((32,0) (48,16) (1,1))
((48,0) (64,16) (1,1))
((64,0) (80,16) (1,1))
((80,0) (96,16) (1,1))
((96,0) (112,16) (1,1))
((112,0) (128,16) (1,1))
((0,16) (16,32) (1,1))
((16,16) (32,32) (1,1))
((32,16) (48,32) (1,1))
((48,16) (64,32) (1,1))
((64,16) (80,32) (1,1))
((80,16) (96,32) (1,1))
((96,16) (112,32) (1,1))
((112,16) (128,32) (1,1))
((0,32) (16,48) (1,1))
((16,32) (32,48) (1,1))
((32,32) (48,48) (1,1))
((48,32) (64,48) (1,1))
((64,32) (80,48) (1,1))
((80,32) (96,48) (1,1))
((96,32) (112,48) (1,1))
((112,32) (128,48) (1,1))
((0,48) (16,64) (1,1))
((16,48) (32,64) (1,1))
((32,48) (48,64) (1,1))
((48,48) (64,64) (1,1))
((64,48) (80,64) (1,1))
((80,48) (96,64) (1,1))
((96,48) (112,64) (1,1))
((112,48) (128,64) (1,1))
((0,64) (16,80) (1,1))
((16,64) (32,80) (1,1))
((32,64) (48,80) (1,1))
((48,64) (64,80) (1,1))
((64,64) (80,80) (1,1))
((80,64) (96,80) (1,1))
((96,64) (112,80) (1,1))
((112,64) (128,80) (1,1))
((0,80) (16,96) (1,1))
((16,80) (32,96) (1,1))
((32,80) (48,96) (1,1))
((48,80) (64,96) (1,1))
((64,80) (80,96) (1,1))
((80,80) (96,96) (1,1))
((96,80) (112,96) (1,1))
((112,80) (128,96) (1,1))
((0,96) (16,112) (1,1))
((16,96) (32,112) (1,1))
((32,96) (48,112) (1,1))
((48,96) (64,112) (1,1))
((64,96) (80,112) (1,1))
((80,96) (96,112) (1,1))
((96,96) (112,112) (1,1))
((112,96) (128,112) (1,1))
((0,112) (16,128) (1,1))
((16,112) (32,128) (1,1))
((32,112) (48,128) (1,1))
((48,112) (64,128) (1,1))
((64,112) (80,128) (1,1))
((80,112) (96,128) (1,1))
((96,112) (112,128) (1,1))
((112,112) (128,128) (1,1))
)
64
FabOnDisk: SD_1_Old_MF_D_00000 0
FabOnDisk: SD_1_Old_MF_D_00000 2972
FabOnDisk: SD_1_Old_MF_D_00000 5944
FabOnDisk: SD_1_Old_MF_D_00000 8916
FabOnDisk: SD_1_Old_MF_D_00000 11888
FabOnDisk: SD_1_Old_MF_D_00000 14860
FabOnDisk: SD_1_Old_MF_D_00000 17832
FabOnDisk: SD_1_Old_MF_D_00000 20805
FabOnDisk: SD_1_Old_MF_D_00000 23779
FabOnDisk: SD_1_Old_MF_D_00000 26751
FabOnDisk: SD_1_Old_MF_D_00000 29723
FabOnDisk: SD_1_Old_MF_D_00000 32695
FabOnDisk: SD_1_Old_MF_D_00000 35667
FabOnDisk: SD_1_Old_MF_D_00000 38639
FabOnDisk: SD_1_Old_MF_D_00000 41611
FabOnDisk: SD_1_Old_MF_D_00000 44584
FabOnDisk: SD_1_Old_MF_D_00000 47558
FabOnDisk: SD_1_Old_MF_D_00000 50530
FabOnDisk: SD_1_Old_MF_D_00000 53502
FabOnDisk: SD_1_Old_MF_D_00000 56474
FabOnDisk: SD_1_Old_MF_D_00000 59446
FabOnDisk: SD_1_Old_MF_D_00000 62418
FabOnDisk: SD_1_Old_MF_D_00000 65390
FabOnDisk: SD_1_Old_MF_D_00000 68363
FabOnDisk: SD_1_Old_MF_D_00000 71337
FabOnDisk: SD_1_Old_MF_D_00000 74309
FabOnDisk: SD_1_Old_MF_D_00000 77281
FabOnDisk: SD_1_Old_MF_D_00000 80253
FabOnDisk: SD_1_Old_MF_D_00000 83225
FabOnDisk: SD_1_Old_MF_D_00000 86197
FabOnDisk: SD_1_Old_MF_D_00000 89169
FabOnDisk: SD_1_Old_MF_D_00000 92142
FabOnDisk: SD_1_Old_MF_D_00000 95116
FabOnDisk: SD_1_Old_MF_D_00000 98088
FabOnDisk: SD_1_Old_MF_D_00000 101060
FabOnDisk: SD_1_Old_MF_D_00000 104032
FabOnDisk: SD_1_Old_MF_D_00000 107004
FabOnDisk: SD_1_Old_MF_D_00000 109976
FabOnDisk: SD_1_Old_MF_D_00000 112948
FabOnDisk: SD_1_Old_MF_D_00000 115921
FabOnDisk: SD_1_Old_MF_D_00000 118895
FabOnDisk: SD_1_Old_MF_D_00000 121867
FabOnDisk: SD_1_Old_MF_D_00000 124839
FabOnDisk: SD_1_Old_MF_D_00000 127811
FabOnDisk: SD_1_Old_MF_D_00000 130783
FabOnDisk: SD_1_Old_MF_D_00000 133755
FabOnDisk: SD_1_Old_MF_D_00000 136727
FabOnDisk: SD_1_Old_MF_D_00000 139700
FabOnDisk: SD_1_Old_MF_D_00000 142674
FabOnDisk: SD_1_Old_MF_D_00000 145647
FabOnDisk: SD_1_Old_MF_D_00000 148620
FabOnDisk: SD_1_Old_MF_D_00000 151593
FabOnDisk: SD_1_Old_MF_D_00000 154566
FabOnDisk: SD_1_Old_MF_D_00000 157539
FabOnDisk: SD_1_Old_MF_D_00000 160512
FabOnDisk: SD_1_Old_MF_D_00000 163486
FabOnDisk: SD_1_Old_MF_D_00000 166461
FabOnDisk: SD_1_Old_MF_D_00000 169435
FabOnDisk: SD_1_Old_MF_D_00000 172409
FabOnDisk: SD_1_Old_MF_D_00000 175383
FabOnDisk: SD_1_Old_MF_D_00000 178357
FabOnDisk: SD_1_Old_MF_D_00000 181331
FabOnDisk: SD_1_Old_MF_D_00000 184305
FabOnDisk: SD_1_Old_MF_D_00000 187280

64,1
6.3120603349618295e-03,
1.6132344786429849e-03,
-6.6550085368171112e-04,
-7.8772232528963868e-04,
-6.7096054343894766e-04,
-3.5743924953818691e-04,
-1.8897797181998050e-04,
-7.6606671639294641e-05,
7.2402106304241126e-03,
-4.8194411415773521e-03,
-5.6211125250890158e-03,
-3.6820124113073000e-03,
-1.0193089285548637e-03,
-3.5743924953818691e-04,
-1.6226895834553246e-04,
-6.0212986203973641e-05,
1.0459044863234016e-02,
-4.8638367818050580e-02,
-4.3533227747873014e-02,
-5.1557260382374560e-03,
-1.0103252870756669e-03,
-2.2209519815711212e-04,
-4.6463807915678733e-05,
-9.1720180663819929e-06,
2.3270451394305464e-02,
-1.0885029405694633e+00,
-2.0402239733647329e-01,
-3.3410392811786156e-03,
3.4036246552099266e-04,
1.5997570691159488e-04,
5.9861827304311613e-05,
-8.5135515105666360e-07,
2.3270451394300111e-02,
-1.0885029405694380e+00,
-2.0402239733643437e-01,
-3.3410392811822291e-03,
3.4036246551954981e-04,
1.5997570691126832e-04,
5.9861827305353125e-05,
-8.5135515105666360e-07,
1.0459044863228267e-02,
-4.8638367818066852e-02,
-4.3533227747885865e-02,
-5.1557260382408873e-03,
-1.0103252870768639e-03,
-2.2209519815908832e-04,
-4.6463807914823874e-05,
-9.1720180629227866e-06,
7.2402106304112887e-03,
-4.8194411415861263e-03,
-5.6211125250990998e-03,
-3.6820124113098162e-03,
-1.0193089285548398e-03,
-3.5743924953756886e-04,
-1.6226895834344477e-04,
-6.0212986200787042e-05,
6.3120603349567659e-03,
1.6132344786402497e-03,
-6.6550085368132839e-04,
-7.8772232528253813e-04,
-6.7096054343908557e-04,
-3.5743924953756886e-04,
-1.8897797181675975e-04,
-7.6606671630942300e-05,

64,1
1.0654986415242082e-02,
7.2402106304241126e-03,
2.6348314297683548e-03,
2.8072428921312176e-04,
-3.3780825085617209e-04,
-1.6226895834553246e-04,
-6.0212986203973641e-05,
1.0689121367425887e-06,
2.2133449025726008e-02,
1.0459044863234016e-02,
1.6132344786429849e-03,
-6.6550085368171112e-04,
-2.2209519815711212e-04,
-4.6463807915678733e-05,
-9.1720180663819929e-06,
6.7936277436631302e-07,
6.1516229749405099e-02,
2.3270451394305464e-02,
-3.3410392811786156e-03,
4.5599952905289753e-04,
4.8114579180186105e-04,
3.4036246552099266e-04,
1.5997570691159488e-04,
5.9861827304311613e-05,
2.8624960418542006e-01,
5.9016743685255391e-01,
1.5880754482524326e-01,
1.3830302739819288e-02,
2.6037022924510845e-03,
7.7475745766717482e-04,
2.7846440480980555e-04,
9.4290973098103703e-05,
2.8624960418542006e-01,
5.9016743685255391e-01,
1.5880754482524326e-01,
1.3830302739819288e-02,
2.6037022924510845e-03,
7.7475745766717482e-04,
2.7846440480980555e-04,
9.4290973098103703e-05,
6.1516229749408943e-02,
2.3270451394300111e-02,
-3.3410392811822291e-03,
4.5599952905012718e-04,
4.8114579180074995e-04,
3.4036246551954981e-04,
1.5997570691126832e-04,
5.9861827305353125e-05,
2.2133449025725921e-02,
1.0459044863228267e-02,
1.6132344786402497e-03,
-6.6550085368132839e-04,
-2.2209519815908832e-04,
-4.6463807914823874e-05,
-9.1720180629227866e-06,
6.7936277686813410e-07,
1.0654986415234512e-02,
7.2402106304112887e-03,
2.6348314297698528e-03,
2.8072428920880577e-04,
-3.3780825085426839e-04,
-1.6226895834344477e-04,
-6.0212986200787042e-05,
1.0689121353130114e-06,

