1
1
1
1
(64 0
((0,0) (16,16) (1,1))
((16,0) (32,16) (1,1))
((32,0) (48,16) (1,1))
((48,0) (64,16) (1,1))
((64,0) (80,16) (1,1))
((80,0) (96,16) (1,1))
((96,0) (112,16) (1,1))
((112,0) (128,16) (1,1))
((0,16) (16,32) (1,1))
((16,16) (32,32) (1,1))
((32,16) (48,32) (1,1))
((48,16) (64,32) (1,1))
((64,16) (80,32) (1,1))
((80,16) (96,32) (1,1))
((96,16) (112,32) (1,1))
((112,16) (128,32) (1,1))
((0,32) (16,48) (1,1))
((16,32) (32,48) (1,1))
((32,32) (48,48) (1,1))
((48,32) (64,48) (1,1))
((64,32) (80,48) (1,1))
((80,32) (96,48) (1,1))
((96,32) (112,48) (1,1))
((112,32) (128,48) (1,1))
((0,48) (16,64) (1,1))
((16,48) (32,64) (1,1))
((32,48) (48,64) (1,1))
((48,48) (64,64) (1,1))
((64,48) (80,64) (1,1))
((80,48) (96,64) (1,1))
((96,48) (112,64) (1,1))
((112,48) (128,64) (1,1))
((0,64) (16,80) (1,1))
((16,64) (32,80) (1,1))
((32,64) (48,80) (1,1))
((48,64) (64,80) (1,1))
((64,64) (80,80) (1,1))
((80,64) (96,80) (1,1))
((96,64) (112,80) (1,1))
((112,64) (128,80) (1,1))
((0,80) (16,96) (1,1))
((16,80) (32,96) (1,1))
((32,80) (48,96) (1,1))
((48,80) (64,96) (1,1))
((64,80) (80,96) (1,1))
((80,80) (96,96) (1,1))
((96,80) (112,96) (1,1))
((112,80) (128,96) (1,1))
((0,96) (16,112) (1,1))
((16,96) (32,112) (1,1))
((32,96) (48,112) (1,1))
((48,96) (64,112) (1,1))
((64,96) (80,112) (1,1))
((80,96) (96,112) (1,1))
((96,96) (112,112) (1,1))
((112,96) (128,112) (1,1))
((0,112) (16,128) (1,1))
((16,112) (32,128) (1,1))
((32,112) (48,128) (1,1))
((48,112) (64,128) (1,1))
((64,112) (80,128) (1,1))
((80,112) (96,128) (1,1))
((96,112) (112,128) (1,1))
((112,112) (128,128) (1,1))
)
64
FabOnDisk: SD_1_New_MF_D_00000 0
FabOnDisk: SD_1_New_MF_D_00000 2972
FabOnDisk: SD_1_New_MF_D_00000 5944
FabOnDisk: SD_1_New_MF_D_00000 8916
FabOnDisk: SD_1_New_MF_D_00000 11888
FabOnDisk: SD_1_New_MF_D_00000 14860
FabOnDisk: SD_1_New_MF_D_00000 17832
FabOnDisk: SD_1_New_MF_D_00000 20805
FabOnDisk: SD_1_New_MF_D_00000 23779
FabOnDisk: SD_1_New_MF_D_00000 26751
FabOnDisk: SD_1_New_MF_D_00000 29723
FabOnDisk: SD_1_New_MF_D_00000 32695
FabOnDisk: SD_1_New_MF_D_00000 35667
FabOnDisk: SD_1_New_MF_D_00000 38639
FabOnDisk: SD_1_New_MF_D_00000 41611
FabOnDisk: SD_1_New_MF_D_00000 44584
FabOnDisk: SD_1_New_MF_D_00000 47558
FabOnDisk: SD_1_New_MF_D_00000 50530
FabOnDisk: SD_1_New_MF_D_00000 53502
FabOnDisk: SD_1_New_MF_D_00000 56474
FabOnDisk: SD_1_New_MF_D_00000 59446
FabOnDisk: SD_1_New_MF_D_00000 62418
FabOnDisk: SD_1_New_MF_D_00000 65390
FabOnDisk: SD_1_New_MF_D_00000 68363
FabOnDisk: SD_1_New_MF_D_00000 71337
FabOnDisk: SD_1_New_MF_D_00000 74309
FabOnDisk: SD_1_New_MF_D_00000 77281
FabOnDisk: SD_1_New_MF_D_00000 80253
FabOnDisk: SD_1_New_MF_D_00000 83225
FabOnDisk: SD_1_New_MF_D_00000 86197
FabOnDisk: SD_1_New_MF_D_00000 89169
FabOnDisk: SD_1_New_MF_D_00000 92142
FabOnDisk: SD_1_New_MF_D_00000 95116
FabOnDisk: SD_1_New_MF_D_00000 98088
FabOnDisk: SD_1_New_MF_D_00000 101060
FabOnDisk: SD_1_New_MF_D_00000 104032
FabOnDisk: SD_1_New_MF_D_00000 107004
FabOnDisk: SD_1_New_MF_D_00000 109976
FabOnDisk: SD_1_New_MF_D_00000 112948
FabOnDisk: SD_1_New_MF_D_00000 115921
FabOnDisk: SD_1_New_MF_D_00000 118895
FabOnDisk: SD_1_New_MF_D_00000 121867
FabOnDisk: SD_1_New_MF_D_00000 124839
FabOnDisk: SD_1_New_MF_D_00000 127811
FabOnDisk: SD_1_New_MF_D_00000 130783
FabOnDisk: SD_1_New_MF_D_00000 133755
FabOnDisk: SD_1_New_MF_D_00000 136727
FabOnDisk: SD_1_New_MF_D_00000 139700
FabOnDisk: SD_1_New_MF_D_00000 142674
FabOnDisk: SD_1_New_MF_D_00000 145647
FabOnDisk: SD_1_New_MF_D_00000 148620
FabOnDisk: SD_1_New_MF_D_00000 151593
FabOnDisk: SD_1_New_MF_D_00000 154566
FabOnDisk: SD_1_New_MF_D_00000 157539
FabOnDisk: SD_1_New_MF_D_00000 160512
FabOnDisk: SD_1_New_MF_D_00000 163486
FabOnDisk: SD_1_New_MF_D_00000 166461
FabOnDisk: SD_1_New_MF_D_00000 169435
FabOnDisk: SD_1_New_MF_D_00000 172409
FabOnDisk: SD_1_New_MF_D_00000 175383
FabOnDisk: SD_1_New_MF_D_00000 178357
FabOnDisk: SD_1_New_MF_D_00000 181331
FabOnDisk: SD_1_New_MF_D_00000 184305
FabOnDisk: SD_1_New_MF_D_00000 187280

64,1
6.2448562543233376e-03,
1.5522435267050676e-03,
-7.0660099577929012e-04,
-8.2017627919097724e-04,
-6.9288631873190673e-04,
-3.6783440593761337e-04,
-1.9510474592786793e-04,
-7.8980806193663022e-05,
7.1724485127845419e-03,
-4.9012551436934219e-03,
-5.6919379865832754e-03,
-3.7209199405484781e-03,
-1.0316714061887921e-03,
-3.6783440593761337e-04,
-1.6689039772174356e-04,
-6.1952487305139362e-05,
1.0376624690121954e-02,
-4.8874659730594516e-02,
-4.3766068090740601e-02,
-5.1823699484189320e-03,
-1.0203927611966352e-03,
-2.2429054541474571e-04,
-4.6922763325135639e-05,
-9.2631832897958598e-06,
2.3207018458039123e-02,
-1.0879748698574199e+00,
-2.1060801897591669e-01,
-3.3349935567821370e-03,
3.5064614112963053e-04,
1.6458449553431211e-04,
6.1599452635900418e-05,
-7.4424705846748069e-07,
2.3207018458030512e-02,
-1.0879748698573930e+00,
-2.1060801897587852e-01,
-3.3349935567872401e-03,
3.5064614113019637e-04,
1.6458449553602149e-04,
6.1599452635712919e-05,
-7.4424705846748069e-07,
1.0376624690114682e-02,
-4.8874659730607881e-02,
-4.3766068090755832e-02,
-5.1823699484271346e-03,
-1.0203927611980182e-03,
-2.2429054541477387e-04,
-4.6922763324424098e-05,
-9.2631832865893116e-06,
7.1724485127755344e-03,
-4.9012551437027513e-03,
-5.6919379865962554e-03,
-3.7209199405555905e-03,
-1.0316714061905177e-03,
-3.6783440594079627e-04,
-1.6689039771707192e-04,
-6.1952487298010963e-05,
6.2448562543174968e-03,
1.5522435266990902e-03,
-7.0660099578174389e-04,
-8.2017627918830262e-04,
-6.9288631873410289e-04,
-3.6783440594079627e-04,
-1.9510474592563951e-04,
-7.8980806186230220e-05,

64,1
1.0581845538578816e-02,
7.1724485127845419e-03,
2.5777424191964229e-03,
2.3964940508374864e-04,
-3.5077677279277109e-04,
-1.6689039772174356e-04,
-6.1952487305139362e-05,
9.6614989099613391e-07,
2.2059406196226403e-02,
1.0376624690121954e-02,
1.5522435267050676e-03,
-6.9288631873190673e-04,
-2.2429054541474571e-04,
-4.6922763325135639e-05,
-9.2631832897958598e-06,
6.0519465187269245e-07,
6.1462381394131467e-02,
2.3207018458039123e-02,
-3.3349935567821370e-03,
4.7619689123563148e-04,
4.9932486305494564e-04,
3.5064614112963053e-04,
1.6458449553431211e-04,
6.1599452635900418e-05,
2.8628441631407420e-01,
5.9016674358744514e-01,
1.5887269310518293e-01,
1.4013290442509062e-02,
2.6508754638848316e-03,
7.9213795040860798e-04,
2.8549381087061517e-04,
9.6843770919142347e-05,
2.8628441631407420e-01,
5.9016674358744514e-01,
1.5887269310518293e-01,
1.4013290442509062e-02,
2.6508754638848316e-03,
7.9213795040860798e-04,
2.8549381087061517e-04,
9.6843770919142347e-05,
6.1462381394137088e-02,
2.3207018458030512e-02,
-3.3349935567872401e-03,
4.7619689123329373e-04,
4.9932486305270785e-04,
3.5064614113019637e-04,
1.6458449553602149e-04,
6.1599452635712919e-05,
2.2059406196229252e-02,
1.0376624690114682e-02,
1.5522435266990902e-03,
-6.9288631873410289e-04,
-2.2429054541477387e-04,
-4.6922763324424098e-05,
-9.2631832865893116e-06,
6.0519465461456987e-07,
1.0581845538572160e-02,
7.1724485127755344e-03,
2.5777424191923523e-03,
2.3964940507999188e-04,
-3.5077677279722266e-04,
-1.6689039771707192e-04,
-6.1952487298010963e-05,
9.6614988846398905e-07,

