1
1
2
4
(4 0
((32,112) (47,127) (0,0))
((48,112) (63,127) (0,0))
((32,128) (47,143) (0,0))
((48,128) (63,143) (0,0))
)
4
FabOnDisk: SD_2_New_MF_D_00000 0
FabOnDisk: SD_2_New_MF_D_00000 9302
FabOnDisk: SD_2_New_MF_D_00000 18604
FabOnDisk: SD_2_New_MF_D_00000 27906

4,2
-1.3168953647033466e+03,-1.5769260523368159e+03,
-1.3316971972545301e+02,-1.8200851971834961e+03,
-1.3168953647033572e+03,-6.3805084191139520e+02,
-1.3316971972545770e+02,-3.5455992404405242e+02,

4,2
2.7109189439362910e+02,6.3805084191134313e+02,
1.4422723573415083e+03,3.5455992404402332e+02,
2.7109189439363047e+02,1.5769260523368341e+03,
1.4422723573415549e+03,1.8200851971834950e+03,

