1
1
8
0
(11 0
((224,88) (255,95) (0,0))
((224,112) (247,135) (0,0))
((232,168) (239,175) (0,0))
((240,168) (255,199) (0,0))
((24,216) (47,231) (0,0))
((232,208) (255,255) (0,0))
((16,232) (47,255) (0,0))
((48,240) (119,255) (0,0))
((0,248) (15,255) (0,0))
((120,248) (191,255) (0,0))
((200,248) (231,255) (0,0))
)
11
FabOnDisk: Cell_D_00001 0
FabOnDisk: Cell_D_00001 16470
FabOnDisk: Cell_D_00003 0
FabOnDisk: Cell_D_00003 4184
FabOnDisk: Cell_D_00001 53422
FabOnDisk: Cell_D_00003 37040
FabOnDisk: Cell_D_00000 0
FabOnDisk: Cell_D_00002 0
FabOnDisk: Cell_D_00000 49238
FabOnDisk: Cell_D_00002 73815
FabOnDisk: Cell_D_00003 110856

11,8
-1.6301652001432546e-01,-2.5512173971097890e-01,9.9999999987828758e-01,0.0000000000000000e+00,-2.3381426382838114e+01,-7.8234936635734144e+01,1.0536202934311234e-02,-6.1008560313029925e-01,
-1.9817189813890385e-01,-3.8418302110766056e-01,9.9993092414064888e-01,0.0000000000000000e+00,-2.0243904986432625e+01,-1.2978642228570504e+02,6.6180639023283305e-03,-1.4080826748646698e+00,
-1.7408090211750563e-01,-3.8781508935727826e-01,9.9991135831450240e-01,0.0000000000000000e+00,-8.1594397171693913e+00,-1.3407232338775529e+02,8.1656951373011211e-02,-1.4173611928508736e+00,
-2.3623560685211015e-01,-4.2993575172180176e-01,9.9990747454987772e-01,0.0000000000000000e+00,-2.2777232591470437e+01,-5.1385192088042970e+01,3.4419822545244116e-02,-9.1400462457099496e-01,
-1.6524048386564569e-01,-2.2326789718583963e-02,9.9101573944864862e-01,0.0000000000000000e+00,-5.0758336215804604e+01,-4.9060806427169979e+01,2.0248293038926946e-03,-1.2923172731944266e+00,
-2.1516457242423698e-01,-6.1197872068105452e-01,9.9942914678252281e-01,0.0000000000000000e+00,-1.4157141524857764e+01,-3.6146180446790197e+01,3.0747657895954461e-02,4.0790264347941946e-01,
-1.8994975910785947e-01,-3.2632845741231736e-02,9.9644047125465141e-01,0.0000000000000000e+00,-5.1523062254372832e+01,-1.5982085372194717e+01,1.1375696870520535e-02,-1.3457103157446639e+00,
-2.0248109505633695e-02,-3.2537010516308390e-02,9.9749353463507806e-01,0.0000000000000000e+00,-2.1514002513610393e+00,-2.9644759933598991e+01,1.9600203466051624e-02,-1.1470002168792424e+00,
-1.5815757626459279e-01,2.3854772948260394e-03,9.9754815888076231e-01,0.0000000000000000e+00,-5.7897155386769441e+00,-4.3568689780611834e+01,3.0096040342693975e-01,-1.9188916590917029e+00,
4.0244944590099418e-01,-1.3978039201250853e-01,9.9985565463309090e-01,0.0000000000000000e+00,-2.3124440862511179e+01,-2.8940094606985809e+01,1.5845012647043308e+00,-1.1152961551061293e+00,
3.9623706999566066e-01,-6.8215204289058945e-02,9.9981001991651353e-01,0.0000000000000000e+00,-1.9899929236831142e+01,-6.5332258491489981e+01,3.0131083715234990e+00,-3.8870061242746246e-01,

11,8
1.1788805241492313e-01,7.6654339558199336e-02,1.0000000000212907e+00,0.0000000000000000e+00,2.7505118434410200e+01,2.1556709173207082e+01,2.4289770196104534e+01,5.1224799211295857e-01,
1.8031388224739270e-01,1.0217957978060710e-01,1.0000372084147959e+00,0.0000000000000000e+00,1.6755044691848219e+01,7.6099205582645197e+00,3.4657010299949434e+01,6.5359254320708327e-01,
9.0198006776298342e-02,-1.8300197960409570e-01,1.0011552146685629e+00,0.0000000000000000e+00,3.5614018054755917e+01,-1.5345397758128826e+01,2.4860248139943820e+01,-1.5194566236236920e-01,
1.3855234821377507e-01,7.6518218982300781e-02,1.0010901035948778e+00,0.0000000000000000e+00,6.9990897434819630e+01,4.3254109116818682e+01,3.6772930676654298e+01,1.1270219420562329e+00,
1.0252425801439455e-01,2.1139624225539641e-01,1.0107082481159340e+00,0.0000000000000000e+00,1.7007037253320192e+01,1.1945096824407841e+01,3.6779192828515519e+01,-3.3749099986659381e-01,
9.4182823844495334e-01,6.5343655149275856e-02,1.0002573912959756e+00,0.0000000000000000e+00,1.0882286850264984e+02,8.4226591926672995e+01,1.3845324876413810e+02,2.7642956692695648e+00,
9.4333723814693304e-01,3.5706557156542085e-01,1.0102275191011054e+00,0.0000000000000000e+00,1.2131617344404788e+01,1.0726319684225587e+01,6.3667789996041350e+01,-1.0120530074261362e+00,
9.4951507139003799e-01,7.8182332717390529e-02,1.0030219042543571e+00,0.0000000000000000e+00,3.0563523457460896e+01,2.5654161102010157e+01,2.8277275579797983e+01,5.1272912677396620e-01,
8.3600004353782353e-01,2.4377026049744036e-01,1.0002759582898004e+00,0.0000000000000000e+00,6.0826196420961452e+01,2.5362145241790898e+01,1.4525374848509421e+02,-1.2764931843359009e+00,
9.6941554337065894e-01,7.5823053382010522e-02,1.0000972734607030e+00,0.0000000000000000e+00,7.2942164036177758e+01,6.7664953219077461e+01,3.7552068809241298e+01,1.4418177709762787e+00,
9.5614508994843905e-01,9.1886243135918644e-02,1.0000232425055291e+00,0.0000000000000000e+00,5.9721449257641396e+01,2.2601492094622358e+01,3.7077120474768648e+01,1.1751062417331157e+00,

