1
1
1
1
(6 0
((32,112) (48,128) (1,1))
((48,112) (64,128) (1,1))
((64,112) (72,128) (1,1))
((32,128) (48,144) (1,1))
((48,128) (64,144) (1,1))
((64,128) (72,144) (1,1))
)
6
FabOnDisk: SD_1_New_MF_D_00000 0
FabOnDisk: SD_1_New_MF_D_00000 2974
FabOnDisk: SD_1_New_MF_D_00000 5948
FabOnDisk: SD_1_New_MF_D_00000 7706
FabOnDisk: SD_1_New_MF_D_00000 10680
FabOnDisk: SD_1_New_MF_D_00000 13654

6,1
-7.9839039351516916e-01,
-1.1316616729872302e+00,
-2.1333390090332438e-01,
-7.9839039351527497e-01,
-1.1316616729872033e+00,
-2.1333390090329549e-01,

6,1
6.2444062629752783e-01,
5.3241724290966817e-02,
1.6568135570858672e-01,
6.2444062629752783e-01,
5.3241724290966817e-02,
1.6568135570858672e-01,

