1
1
9
0
(64 0
((0,0) (15,15) (0,0))
((16,0) (31,15) (0,0))
((32,0) (47,15) (0,0))
((48,0) (63,15) (0,0))
((64,0) (79,15) (0,0))
((80,0) (95,15) (0,0))
((96,0) (111,15) (0,0))
((112,0) (127,15) (0,0))
((0,16) (15,31) (0,0))
((16,16) (31,31) (0,0))
((32,16) (47,31) (0,0))
((48,16) (63,31) (0,0))
((64,16) (79,31) (0,0))
((80,16) (95,31) (0,0))
((96,16) (111,31) (0,0))
((112,16) (127,31) (0,0))
((0,32) (15,47) (0,0))
((16,32) (31,47) (0,0))
((32,32) (47,47) (0,0))
((48,32) (63,47) (0,0))
((64,32) (79,47) (0,0))
((80,32) (95,47) (0,0))
((96,32) (111,47) (0,0))
((112,32) (127,47) (0,0))
((0,48) (15,63) (0,0))
((16,48) (31,63) (0,0))
((32,48) (47,63) (0,0))
((48,48) (63,63) (0,0))
((64,48) (79,63) (0,0))
((80,48) (95,63) (0,0))
((96,48) (111,63) (0,0))
((112,48) (127,63) (0,0))
((0,64) (15,79) (0,0))
((16,64) (31,79) (0,0))
((32,64) (47,79) (0,0))
((48,64) (63,79) (0,0))
((64,64) (79,79) (0,0))
((80,64) (95,79) (0,0))
((96,64) (111,79) (0,0))
((112,64) (127,79) (0,0))
((0,80) (15,95) (0,0))
((16,80) (31,95) (0,0))
((32,80) (47,95) (0,0))
((48,80) (63,95) (0,0))
((64,80) (79,95) (0,0))
((80,80) (95,95) (0,0))
((96,80) (111,95) (0,0))
((112,80) (127,95) (0,0))
((0,96) (15,111) (0,0))
((16,96) (31,111) (0,0))
((32,96) (47,111) (0,0))
((48,96) (63,111) (0,0))
((64,96) (79,111) (0,0))
((80,96) (95,111) (0,0))
((96,96) (111,111) (0,0))
((112,96) (127,111) (0,0))
((0,112) (15,127) (0,0))
((16,112) (31,127) (0,0))
((32,112) (47,127) (0,0))
((48,112) (63,127) (0,0))
((64,112) (79,127) (0,0))
((80,112) (95,127) (0,0))
((96,112) (111,127) (0,0))
((112,112) (127,127) (0,0))
)
64
FabOnDisk: Cell_D_00002 0
FabOnDisk: Cell_D_00002 18514
FabOnDisk: Cell_D_00002 37029
FabOnDisk: Cell_D_00002 55544
FabOnDisk: Cell_D_00003 0
FabOnDisk: Cell_D_00003 18515
FabOnDisk: Cell_D_00003 37030
FabOnDisk: Cell_D_00003 55546
FabOnDisk: Cell_D_00002 74059
FabOnDisk: Cell_D_00002 92574
FabOnDisk: Cell_D_00002 111090
FabOnDisk: Cell_D_00002 129606
FabOnDisk: Cell_D_00003 74063
FabOnDisk: Cell_D_00003 92579
FabOnDisk: Cell_D_00003 111095
FabOnDisk: Cell_D_00003 129612
FabOnDisk: Cell_D_00002 148122
FabOnDisk: Cell_D_00002 166637
FabOnDisk: Cell_D_00002 185153
FabOnDisk: Cell_D_00002 203669
FabOnDisk: Cell_D_00003 148130
FabOnDisk: Cell_D_00003 166646
FabOnDisk: Cell_D_00003 185162
FabOnDisk: Cell_D_00003 203679
FabOnDisk: Cell_D_00002 222185
FabOnDisk: Cell_D_00002 240700
FabOnDisk: Cell_D_00002 259216
FabOnDisk: Cell_D_00002 277732
FabOnDisk: Cell_D_00003 222197
FabOnDisk: Cell_D_00003 240713
FabOnDisk: Cell_D_00003 259229
FabOnDisk: Cell_D_00003 277746
FabOnDisk: Cell_D_00000 0
FabOnDisk: Cell_D_00000 18515
FabOnDisk: Cell_D_00000 37031
FabOnDisk: Cell_D_00000 55547
FabOnDisk: Cell_D_00001 0
FabOnDisk: Cell_D_00001 18516
FabOnDisk: Cell_D_00001 37032
FabOnDisk: Cell_D_00001 55549
FabOnDisk: Cell_D_00000 74063
FabOnDisk: Cell_D_00000 92578
FabOnDisk: Cell_D_00000 111094
FabOnDisk: Cell_D_00000 129610
FabOnDisk: Cell_D_00001 74067
FabOnDisk: Cell_D_00001 92583
FabOnDisk: Cell_D_00001 111099
FabOnDisk: Cell_D_00001 129616
FabOnDisk: Cell_D_00000 148126
FabOnDisk: Cell_D_00000 166642
FabOnDisk: Cell_D_00000 185159
FabOnDisk: Cell_D_00000 203676
FabOnDisk: Cell_D_00001 148134
FabOnDisk: Cell_D_00001 166651
FabOnDisk: Cell_D_00001 185168
FabOnDisk: Cell_D_00001 203686
FabOnDisk: Cell_D_00000 222193
FabOnDisk: Cell_D_00000 240710
FabOnDisk: Cell_D_00000 259228
FabOnDisk: Cell_D_00000 277746
FabOnDisk: Cell_D_00001 222205
FabOnDisk: Cell_D_00001 240723
FabOnDisk: Cell_D_00001 259241
FabOnDisk: Cell_D_00001 277760

64,9
1.0000053822324955e+00,-4.6588571995528722e-03,9.9999999999999278e-01,-5.1304446312839813e-18,-7.9752037926557329e-01,3.9388278963077041e-03,1.2864480610907435e-02,-1.4857340979388643e-02,1.0000000000000000e+00,
1.0023623967537618e+00,-4.7181070401778576e-03,9.9999999999997169e-01,-1.4264044817007155e-17,-8.2141089856406524e-01,-6.5957754930033397e-01,1.6827020708860590e-02,-2.0930563257956489e-02,1.0000000000000000e+00,
1.0037244166335459e+00,-8.5690225709663997e-04,9.9999999999994360e-01,-1.9134503939196679e-15,-2.6164986063560325e-01,-7.1299536593481816e-01,1.6580946934643535e-02,-2.1422463281375155e-02,1.0000000000000000e+00,
1.0017337273365186e+00,-2.2583975937869392e-05,9.9999999999993294e-01,-1.6323188242756037e-14,3.9444226025791851e-01,-4.1562707633921375e-01,1.2568441563055601e-03,-1.8682233304661334e-02,1.0000000000000000e+00,
1.0012889180022142e+00,1.4244799515704728e-06,9.9999999999988987e-01,-1.6366617377535438e-14,4.3662011963636421e-01,1.0458192307738826e-03,6.3703885089190330e-05,-1.1635403888600016e-02,1.0000000000000000e+00,
1.0005644930070947e+00,1.7703037842939052e-05,9.9999999999983491e-01,-1.1080098331091738e-14,2.2626503774745135e-01,4.5523605722801131e-03,7.6793140565327520e-07,-6.5921254182932853e-03,1.0000000000000000e+00,
1.0001336876589573e+00,1.3729178773089629e-05,9.9999999999981137e-01,-6.6608245492762911e-15,1.2185217395574170e-01,2.1687707852221820e-03,5.7494602368287793e-07,-3.2294752678560510e-03,1.0000000000000000e+00,
9.9971055403643605e-01,1.3513681213660070e-05,9.9999999999975020e-01,-3.9830121019971698e-15,7.3521632073617088e-02,5.1945114139542251e-05,3.2092713063858885e-07,-1.2594697357813254e-03,1.0000000000000000e+00,
1.0000117193479843e+00,-2.0264899826875932e-02,9.9999999999999667e-01,-6.0813771672153271e-18,-3.0599644791127298e+00,1.8238732328400253e-01,5.8169152736995011e-01,-1.4058278834404914e-02,1.0000000000000000e+00,
1.0052008535353074e+00,-2.0683504205460237e-02,9.9999999999999067e-01,-1.8891132579699921e-17,-3.2695833802921341e+00,-3.1855592860879640e+00,6.0946408478962477e-01,-3.6838923926904396e-02,1.0000000000000000e+00,
1.0074705106441830e+00,-2.0762111128269406e-03,9.9999999999998579e-01,-5.1616178863772748e-17,-7.2560394929607019e-01,-3.2803327044629040e+00,5.7657685936330783e-01,-3.7989372183871717e-02,1.0000000000000000e+00,
1.0024589088560170e+00,2.9597858855586004e-04,9.9999999999995337e-01,-1.5185902619397921e-16,6.8163321461598125e-01,-8.9394938937938973e-01,4.4772042093566694e-03,-2.5444144964413471e-02,1.0000000000000000e+00,
1.0008422862589783e+00,3.9367978458637744e-04,9.9999999999997924e-01,-9.9293963390736297e-17,3.1295175357056659e-01,1.0558273252686612e-01,7.5657039504128942e-05,-1.1280979414247484e-02,1.0000000000000000e+00,
1.0001943347989977e+00,5.7807331377153872e-04,9.9999999999999012e-01,-4.8842011300510268e-17,7.3676238782797970e-02,1.5382814018306951e-01,1.9154960827779711e-03,-5.5311661239371528e-03,1.0000000000000000e+00,
1.0000377160458416e+00,4.2014529220566583e-04,9.9999999999999489e-01,-2.8977558765198318e-17,1.8848281838598178e-02,6.8852049647463290e-02,6.4452886960552312e-04,-2.4720891887162265e-03,1.0000000000000000e+00,
9.9979578604468389e-01,4.0939403882709143e-04,9.9999999999999467e-01,-2.4557863158116351e-17,6.8321183108710735e-03,1.6108326905708921e-03,1.4547128673863402e-04,-9.2152423252192138e-04,1.0000000000000000e+00,
1.0000388209832569e+00,-8.3508353920486764e-02,9.9999999999999833e-01,-4.4543265626880080e-17,-1.1709742439510999e+01,9.4825110462678341e-01,2.3375742408445355e+00,-9.5167001559099181e-03,1.0000000000000000e+00,
1.0191300788048809e+00,-9.8289379244558009e-02,1.0000000000000009e+00,-1.1241718896201233e-16,-1.9292916625141050e+01,-2.4779271363954678e+01,2.5601931118110905e+00,-1.3478908874789552e-01,1.0000000000000000e+00,
1.0231123091334200e+00,-2.2192724159039675e-03,9.9999999999999833e-01,-2.3250970659715447e-16,-2.7468825303698257e+00,-2.5270072312174680e+01,2.1611054142490369e+00,-1.3736454833346431e-01,1.0000000000000000e+00,
9.9951813943244405e-01,2.9349233678469715e-03,9.9999999999995914e-01,-3.7565260354168622e-16,2.2712430165631575e-01,-8.9557842436200219e-01,1.1743478063032040e-02,-2.9619459392542340e-02,1.0000000000000000e+00,
9.9893269814410601e-01,1.9663984872661413e-03,9.9999999999998146e-01,-7.7226319284519278e-16,-3.7951358221649034e-01,6.0311731596642526e-01,2.2859832426995741e-03,-7.6281741860902662e-03,1.0000000000000000e+00,
9.9908509422036651e-01,9.6615476300371522e-04,9.9999999999998945e-01,-5.2416156880380952e-16,-3.5725282460650004e-01,2.8484011036233248e-01,5.2453170108818503e-03,-1.6349561363101592e-03,1.0000000000000000e+00,
9.9952182429884773e-01,5.0182108828442649e-04,9.9999999999998890e-01,-3.2938541346033057e-17,-2.0156537163275445e-01,9.5016212265641053e-02,1.6014196920624731e-03,-3.0372753561211846e-04,1.0000000000000000e+00,
9.9989508817084183e-01,4.5853700934371565e-04,9.9999999999998690e-01,-1.7139043889922150e-17,-1.1114119431933348e-01,1.9999142466964053e-03,3.3200903760965961e-04,-4.6683930145265992e-05,1.0000000000000000e+00,
8.1597434084439990e-01,-1.5453839505232159e-01,1.0000000000000000e+00,-2.1985651638860848e-15,-1.5056137743749360e+01,6.3886905893364987e-01,4.7771452444957185e-01,2.4738048906881700e-02,1.0000000000000000e+00,
-1.0592682343159037e+00,-6.2197802491457777e-01,0.0000000000000000e+00,-2.4430573555508537e-15,-5.0803277659183476e+02,-2.1312605222441110e+02,0.0000000000000000e+00,-9.3738703006982416e-01,0.0000000000000000e+00,
-1.1633655595989234e+00,-9.0775025503153139e-02,9.9999999999980305e-01,-3.2439076579468057e-16,-9.2478755334642557e+01,-2.4612207143794191e+02,4.7945317951949562e-01,-1.0289793961841045e+00,1.0000000000000000e+00,
6.4119676413031945e-01,2.6564134299801871e-03,9.9999999999978662e-01,-1.6195836131399079e-15,-2.7142141709881116e+01,3.2130737900674816e-01,3.3313627513278377e-03,-2.1551122040716145e-02,1.0000000000000000e+00,
9.8029698687842248e-01,1.5349592221147622e-05,9.9999999999980838e-01,-8.4031146618044074e-15,-4.2024757777095765e+00,3.5746828304276536e-02,6.1378799341624823e-03,5.9387382130911982e-03,1.0000000000000000e+00,
9.9548762042303984e-01,-1.2594731736127461e-04,9.9999999999996669e-01,-7.2065986496153958e-15,-1.0929543659505414e+00,1.1209046058028920e-02,2.2750876535695963e-04,2.7080746366091907e-03,1.0000000000000000e+00,
9.9899962709994627e-01,1.7878521505062910e-05,9.9999999999997857e-01,-2.5869399996357646e-16,-3.7293753963707943e-01,3.4675274625308077e-03,6.3086785969602727e-05,1.0339367857618458e-03,1.0000000000000000e+00,
9.9980835788399225e-01,1.5930255549952003e-05,9.9999999999998757e-01,-1.7603853125267074e-17,-1.7673830775333998e-01,7.1189850111786994e-05,1.3062565795910332e-05,2.2852471488567763e-05,1.0000000000000000e+00,
8.1597346007160731e-01,1.9913848200357810e-04,1.0000000000000000e+00,-2.3344693028688390e-15,-1.5053594562178159e+01,-4.8959079460562521e+01,4.7720570599566736e-01,2.4754388039707489e-02,1.0000000000000000e+00,
-1.0593504530786608e+00,0.0000000000000000e+00,0.0000000000000000e+00,-8.2185780326718205e-15,-5.0937132263623653e+02,-4.5917998974961336e+02,0.0000000000000000e+00,-9.3713979250824830e-01,0.0000000000000000e+00,
-1.1635309384247463e+00,-4.9961680047134382e-01,9.9999999999983591e-01,-3.3298929689462286e-16,-9.2174956694261013e+01,-1.0537264721353993e+02,4.7193582786002963e-01,-1.0282855177707841e+00,1.0000000000000000e+00,
6.4082886210792089e-01,-1.4841639453001435e-01,9.9999999999967515e-01,-1.6707922430237465e-15,-2.7153083065575817e+01,-3.1628055043104069e+01,5.6204084357913686e-03,-2.1553842887165168e-02,1.0000000000000000e+00,
9.8030165599818420e-01,-6.9678347437387156e-03,9.9999999999989431e-01,-8.4206883991752075e-15,-4.2024742782299862e+00,-3.0212736507534461e+00,6.2210756440715942e-03,5.9391258769215197e-03,1.0000000000000000e+00,
9.9548765456397781e-01,-2.3088850329592765e-03,9.9999999999999178e-01,-7.1378702172710605e-15,-1.0929623641670101e+00,-7.8061276325703000e-01,2.2159260361070965e-04,2.7083244115739926e-03,1.0000000000000000e+00,
9.9899963286080617e-01,-8.8683624568899715e-04,9.9999999999999734e-01,-2.2941647541269976e-16,-3.7293699477331255e-01,-2.5793169273997735e-01,6.4422160375824126e-05,1.0340587031060398e-03,1.0000000000000000e+00,
9.9980836050303035e-01,-4.8238391143367763e-04,9.9999999999999711e-01,-1.6525856369611310e-17,-1.7673870222819876e-01,-8.4141063487285978e-02,1.3586234639092120e-05,2.2856213966583539e-05,1.0000000000000000e+00,
1.0000388204810575e+00,9.7704104997363883e-04,9.9999999999999545e-01,-4.3397037109670752e-17,-1.1708648033600209e+01,-9.4243416265389506e+00,2.3376722309347771e+00,-9.5063457349428351e-03,1.0000000000000000e+00,
1.0191302354172256e+00,4.3847203920698418e-03,9.9999999999997224e-01,-1.1280168429302677e-16,-1.9292775606155633e+01,-6.8763118869496251e+00,2.5602063498933103e+00,-1.3477811595143507e-01,1.0000000000000000e+00,
1.0231124105595368e+00,-9.2844427852419781e-02,9.9999999999978928e-01,-2.3203487398408388e-16,-2.7503562193370943e+00,-2.8010259360032816e+00,2.1611322598755560e+00,-1.3735904435625715e-01,1.0000000000000000e+00,
9.9951991697808917e-01,-8.0854066536085456e-02,9.9999999999971645e-01,-3.9332505563006417e-16,2.2714321072581783e-01,-4.9164096938652664e+00,1.1711396863110096e-02,-2.9620339002953300e-02,1.0000000000000000e+00,
9.9893340894314686e-01,-6.2460950436144125e-03,9.9999999999998657e-01,-7.8796111576456072e-16,-3.7951876633012077e-01,-2.6674951027375413e+00,2.2802692166395966e-03,-7.6270947689668842e-03,1.0000000000000000e+00,
9.9908545260801163e-01,-2.3843657064355904e-03,9.9999999999998657e-01,-5.2165290335268042e-16,-3.5726662287957422e-01,-8.0006949779749403e-01,5.2466972709554471e-03,-1.6341766661339028e-03,1.0000000000000000e+00,
9.9952196395796455e-01,-1.0239283779751617e-03,9.9999999999999223e-01,-3.1232843487132093e-17,-2.0157955934008037e-01,-2.9771021934642944e-01,1.6017265350385876e-03,-3.0324758557746687e-04,1.0000000000000000e+00,
9.9989516686339786e-01,-6.6942220162756743e-04,9.9999999999999944e-01,-1.5879162728031130e-17,-1.1115409182051869e-01,-1.0624437076903827e-01,3.3233015212692785e-04,-4.6461028798944011e-05,1.0000000000000000e+00,
1.0000117202125602e+00,2.4328750086679752e-04,9.9999999999996847e-01,-3.8676421488946844e-18,-3.0600493829291469e+00,-2.8886471522766644e+00,5.8175039166535325e-01,-1.4050308192150897e-02,1.0000000000000000e+00,
1.0052010265849440e+00,1.3827692349897237e-03,9.9999999999994638e-01,-1.6254817122575768e-17,-3.2697860969471226e+00,-5.7065286981037699e-01,6.0946727953254076e-01,-3.6832300261929241e-02,1.0000000000000000e+00,
1.0074707293256100e+00,-1.8340086319027657e-02,9.9999999999978451e-01,-5.6972242023655212e-17,-7.2620654018898412e-01,4.8922986745532943e-01,5.7658139581626933e-01,-3.7983870818932793e-02,1.0000000000000000e+00,
1.0024590862388540e+00,-1.8569446164916039e-02,9.9999999999977107e-01,-1.4573659967469947e-16,6.8143776911352993e-01,-7.0439838394158016e-01,4.5055539706496950e-03,-2.5442251372409797e-02,1.0000000000000000e+00,
1.0008425592607206e+00,-2.8308897084978754e-03,9.9999999999997058e-01,-9.5704163220978534e-17,3.1291824225149145e-01,-7.4688577148332580e-01,7.2692839116900165e-05,-1.1279040679628240e-02,1.0000000000000000e+00,
1.0001945140948292e+00,-1.8197175899523957e-03,9.9999999999998124e-01,-3.3978132070182569e-17,7.3647151438902186e-02,-5.5476853039152374e-01,1.9160639139382749e-03,-5.5299980417759971e-03,1.0000000000000000e+00,
1.0000378412599948e+00,-9.6040218501169407e-04,9.9999999999999023e-01,-1.6962942212998483e-17,1.8823518385311652e-02,-2.7052801566238061e-01,6.4472148512098766e-04,-2.4714165116983106e-03,1.0000000000000000e+00,
9.9979591143361779e-01,-6.6692954816425782e-04,9.9999999999999700e-01,-1.5705209104340150e-17,6.8085560689896451e-03,-1.0303270129810101e-01,1.4565442168889414e-04,-9.2121953467187321e-04,1.0000000000000000e+00,
1.0000053830737425e+00,5.3793202340867614e-06,9.9999999999987987e-01,-3.4654015415519009e-18,-7.9765036693226310e-01,-7.0693896342349782e-01,1.2866194614504774e-02,-1.4849998581621116e-02,1.0000000000000000e+00,
1.0023625357311285e+00,3.3628914383007947e-05,9.9999999999979705e-01,-1.3565486689686039e-17,-8.2156935422931454e-01,-1.0349833194696145e-01,1.6827052246339947e-02,-2.0924653665069706e-02,1.0000000000000000e+00,
1.0037246201479446e+00,-3.9744595893744985e-03,9.9999999999977629e-01,-2.2881028249255627e-16,-2.6190104329785668e-01,1.3008870842278961e-02,1.6581081728469258e-02,-2.1417340233097482e-02,1.0000000000000000e+00,
1.0017339070742401e+00,-4.3856225016094923e-03,9.9999999999979305e-01,-1.9392546606473590e-15,3.9426659406308162e-01,-7.0435946136441427e-02,1.2569505531561500e-03,-1.8678818892469785e-02,1.0000000000000000e+00,
1.0012890936989318e+00,-7.5436393845410227e-04,9.9999999999993894e-01,-1.9148945621724817e-15,4.3654720466392172e-01,-2.0670044500912468e-01,6.3861282850095902e-05,-1.1633164932280055e-02,1.0000000000000000e+00,
1.0005646614769199e+00,-7.3889900847707148e-04,9.9999999999993971e-01,-1.3004157642827244e-15,2.2622192545110878e-01,-2.0528600193268140e-01,7.4334674084804587e-07,-6.5907959219750865e-03,1.0000000000000000e+00,
1.0001338287764714e+00,-5.3088505808856319e-04,9.9999999999996370e-01,-7.9056546290347758e-16,1.2181828902177237e-01,-1.3895772169270806e-01,5.8050858163023094e-07,-3.2287240843285438e-03,1.0000000000000000e+00,
9.9971068681282993e-01,-4.4050662173080260e-04,9.9999999999996014e-01,-4.7746435116912073e-16,7.3490366610063265e-02,-6.0638434160462017e-02,3.2380126137473118e-07,-1.2591328067262202e-03,1.0000000000000000e+00,

64,9
1.0043527251521893e+00,-5.3784790344831233e-06,1.0000000000000531e+00,-1.7353651455371208e-19,-1.7046394493752236e-02,7.0681856091685380e-01,6.9956946438335610e-01,-9.6490700057077286e-03,1.0000000000000000e+00,
1.0100379546956892e+00,-3.3627969647754466e-05,1.0000000000001656e+00,4.3682456445475494e-18,-1.5887854731763143e-01,1.0337972718655122e-01,6.2637271312734399e-01,-1.4669992722815146e-02,1.0000000000000000e+00,
1.0101816543268574e+00,3.9744070198320788e-03,1.0000000000002369e+00,1.1509061080283058e-15,6.0890532282629239e-01,-1.3007335244619644e-02,5.4877788365657543e-01,-1.6999416553474044e-02,1.0000000000000000e+00,
1.0065784705601055e+00,4.3855809383128884e-03,1.0000000000002316e+00,1.0972780077057127e-14,7.6497083914054032e-01,7.0493627162798736e-02,1.5481409820857666e+00,-1.1788383488777251e-02,1.0000000000000000e+00,
1.0023241697547072e+00,7.5436210246770030e-04,1.0000000000000822e+00,1.1378115036216809e-14,7.0698331298051986e-01,2.0673165377946950e-01,1.0530037577813731e-01,-5.9353325245599560e-03,1.0000000000000000e+00,
1.0012533450793100e+00,7.3889218066824274e-04,1.0000000000000826e+00,8.0291053939570983e-15,4.2718932436557155e-01,2.0531467310629237e-01,3.3082233071712354e-03,-2.7002801205070594e-03,1.0000000000000000e+00,
1.0006148471803149e+00,5.3086355261802926e-04,1.0000000000000826e+00,4.7696087526142180e-15,2.5488981251154935e-01,1.3897159089925570e-01,1.6832506309146129e-03,-1.0355247354301637e-03,1.0000000000000000e+00,
1.0001301287506947e+00,4.4050120473601730e-04,1.0000000000000915e+00,2.8458908430111870e-15,1.5189264499566787e-01,6.0644157542065404e-02,5.0713428392312049e-03,-2.2975510023005342e-05,1.0000000000000000e+00,
1.0158230206397092e+00,-2.4325911149885690e-04,1.0000000000000064e+00,-1.8445879990735619e-19,-3.7122820124336084e-02,2.8884614829351989e+00,2.8630076394899726e+00,6.1789415444353573e-03,1.0000000000000000e+00,
1.0385592703570368e+00,-1.3827407436942710e-03,1.0000000000000047e+00,3.9794739174721330e-18,-3.5043083868072306e-01,5.7027732752310212e-01,2.6136257614977398e+00,-1.2018374400016088e-02,1.0000000000000000e+00,
1.0387224457524598e+00,1.8339764498031482e-02,1.0000000000000340e+00,5.1174373949928947e-17,2.2082953564437684e+00,-4.8915956237431324e-01,2.3249850495087010e+00,-1.9367468229941495e-02,1.0000000000000000e+00,
1.0198460838061045e+00,1.8569278388244983e-02,1.0000000000000342e+00,9.7111627567160898e-17,2.2143936094113692e+00,7.0450783235442505e-01,4.3863052528844593e+00,-8.8057630311251748e-03,1.0000000000000000e+00,
1.0030833496988913e+00,2.8309806696306503e-03,1.0000000000000009e+00,7.0165036308764278e-17,1.0808143079485242e+00,7.4697047231762925e-01,2.0514660109323368e-01,-2.1768828723732255e-03,1.0000000000000000e+00,
1.0012343419196847e+00,1.8196733282620611e-03,1.0000000000000104e+00,1.7909810636203096e-17,4.2279365750160419e-01,5.5481179278572279e-01,1.1027874921132164e-02,-5.1867365376144460e-04,1.0000000000000000e+00,
1.0005184310500885e+00,9.6033213753567701e-04,1.0000000000000111e+00,-7.7064694098413553e-18,2.1136835672895476e-01,2.7055036784031705e-01,4.7087329866196334e-03,-1.2280071385845098e-04,1.0000000000000000e+00,
1.0001089034117960e+00,6.6691623827773081e-04,1.0000000000000100e+00,-1.0290118157727490e-17,1.1362766458587858e-01,1.0304241923509977e-01,7.9722853411048379e-03,-2.1350369721472107e-06,1.0000000000000000e+00,
1.0393995500080058e+00,-9.7699772294718634e-04,1.0000000000000209e+00,7.1134572802073649e-20,-1.2292942109815262e-01,9.4242992694125078e+00,8.1175233057826226e+00,5.9900948177519647e-02,1.0000000000000000e+00,
1.1796703022992814e+00,-4.3846271607048065e-03,1.0000000000000266e+00,9.5225473814713302e-17,-1.1757772448154540e+00,6.8754133424882946e+00,7.6719944829630720e+00,1.1647689002485206e-02,1.0000000000000000e+00,
1.1802979534384190e+00,9.2838286472481019e-02,1.0000000000000384e+00,1.1705926725988288e-16,1.5803746302622191e+01,2.8016105724015037e+00,7.6280143891209562e+00,-2.7522924654388818e-02,1.0000000000000000e+00,
1.0414216102209710e+00,8.0855235588481386e-02,1.0000000000000402e+00,3.1196468577829884e-16,9.4331042657235624e+00,4.9160500105822109e+00,1.0430327632652347e+01,7.9316608177464124e-03,1.0000000000000000e+00,
1.0030363576058332e+00,6.2461191606203639e-03,1.0000000000000158e+00,1.7542020997610172e-16,1.1110057332825964e+00,2.6675031898011570e+00,5.9837064259031925e-01,8.0526023019138436e-03,1.0000000000000000e+00,
1.0007029054165995e+00,2.3841349273983482e-03,1.0000000000000027e+00,1.2307580954586812e-16,2.6446420520597602e-01,8.0010510011022973e-01,2.9597900466646676e-02,5.1842054063390656e-03,1.0000000000000000e+00,
1.0001430940687945e+00,1.0238213331836069e-03,1.0000000000000031e+00,-1.5683255372101200e-18,5.3267209088657175e-02,2.9773494291272457e-01,8.6276102219383644e-03,2.4043548791421602e-03,1.0000000000000000e+00,
1.0002035533494715e+00,6.6940771954420255e-04,1.0000000000000004e+00,-1.2106021066624515e-17,9.5464056183821710e-03,1.0625478821097760e-01,8.0444895393621922e-03,9.0519054955939728e-04,1.0000000000000000e+00,
1.0390441858614408e+00,-1.9942071629155202e-04,1.0000000000001050e+00,3.4837410019301453e-15,5.8987203580818999e+01,4.8962647231957533e+01,8.8558830809797957e+00,2.9608252365971283e-01,1.0000000000000000e+00,
1.5410039082823634e+00,0.0000000000000000e+00,1.0000000000007581e+00,1.7080118043716593e-15,1.2939657065990383e+02,4.5887274362130859e+02,2.2449067030232372e+03,5.3105727074426812e-01,1.0000000000000000e+00,
1.5584788035303250e+00,4.9922873377840943e-01,1.0000000000002243e+00,9.0068609617396817e-16,2.5848905510439096e+02,1.0553284882809565e+02,1.1099225553287952e+03,2.0547851840169262e-01,1.0000000000000000e+00,
1.0407035572092553e+00,1.4851969359774114e-01,1.0000000000000799e+00,1.2941350644519182e-15,1.1841895943932732e+01,3.1632922366168451e+01,1.4714998257737972e+02,1.5748218936685790e-01,1.0000000000000000e+00,
9.9896356697009803e-01,6.9617633470563612e-03,1.0000000000000666e+00,8.1843669884343847e-15,-1.2623512997720532e-01,3.0212995839601304e+00,4.2423145043424402e+00,3.1689992763053287e-02,1.0000000000000000e+00,
9.9944794808825232e-01,2.3085528974488086e-03,1.0000000000000608e+00,7.1157677389026523e-15,-2.2833704999978979e-01,7.8064907864506372e-01,1.3284785750620882e+00,1.0271189817698378e-02,1.0000000000000000e+00,
9.9986429138989974e-01,8.8666479598451735e-04,9.9999999999999611e-01,2.0687675399234432e-16,-1.2197082385502461e-01,2.5795623646213439e-01,9.8582924277057938e-03,3.9636653872578221e-03,1.0000000000000000e+00,
1.0003016926945756e+00,4.8236106068136710e-04,9.9999999999999667e-01,-1.0387500360384017e-17,-7.3127908763416835e-02,8.4152594562699842e-02,5.9899707655209581e-03,1.4003740813636120e-03,1.0000000000000000e+00,
1.0390425649833208e+00,1.5453601554723934e-01,1.0000000000001108e+00,3.5946820329385241e-15,5.8987171837782917e+01,-6.3739991681529684e-01,8.8555284035482504e+00,2.9608387407517545e-01,1.0000000000000000e+00,
1.5409633465326122e+00,6.2192066851023775e-01,1.0000000000004938e+00,6.8333818815449370e-15,1.2937622276809341e+02,2.1303839514005239e+02,2.2449474621472691e+03,5.3105313758535777e-01,1.0000000000000000e+00,
1.5584687506949471e+00,9.0818832455961243e-02,1.0000000000002021e+00,9.0705380696931505e-16,2.5855987357192896e+02,2.4601077701380447e+02,1.1097871258698901e+03,2.0555022098446735e-01,1.0000000000000000e+00,
1.0406962342727157e+00,-2.6696735687677048e-03,1.0000000000001743e+00,1.3519183496468023e-15,1.1844481715636334e+01,-3.2134619020894228e-01,1.4757467381733233e+02,1.5749172508337628e-01,1.0000000000000000e+00,
9.9896541248222481e-01,-1.6177521648614679e-05,1.0000000000001521e+00,8.2676174089616813e-15,-1.2622994580833322e-01,-3.5701102975910268e-02,4.2361500871888014e+00,3.1690023276182526e-02,1.0000000000000000e+00,
9.9944808891667181e-01,1.2543165254615552e-04,1.0000000000000948e+00,7.0989441925091222e-15,-2.2835045966220086e-01,-1.1183885966175949e-02,1.3284677882895790e+00,1.0271204138047234e-02,1.0000000000000000e+00,
9.9986436815730928e-01,-1.7983342839456759e-05,1.0000000000000162e+00,1.8511561844432667e-16,-1.2198301524911956e-01,-3.4548041850973907e-03,9.8557412468909499e-03,3.9636729691046729e-03,1.0000000000000000e+00,
1.0003016946565544e+00,-1.5992568826635095e-05,1.0000000000000095e+00,-1.1357097844589231e-17,-7.3139884693067328e-02,-7.0796169039377254e-05,5.9887073493119797e-03,1.4003778102450266e-03,1.0000000000000000e+00,
1.0393981775844658e+00,8.3509176703102150e-02,1.0000000000000606e+00,6.8354770840246819e-19,-1.2292629012461784e-01,-9.4863778444601754e-01,8.1173575345862581e+00,5.9911276887032100e-02,1.0000000000000000e+00,
1.1796763123400162e+00,9.8291835674229028e-02,1.0000000000000280e+00,1.1125421264295214e-16,-1.1764183952880749e+00,2.4777830358902005e+01,7.6719443298804855e+00,1.1664280884477702e-02,1.0000000000000000e+00,
1.1803048786731798e+00,2.2193014710939671e-03,9.9999999999998967e-01,1.3561883040591951e-16,1.5804293391696154e+01,2.5269341288789075e+01,7.6280161734842657e+00,-2.7521103463056185e-02,1.0000000000000000e+00,
1.0414172263188763e+00,-2.9347855037226427e-03,1.0000000000000486e+00,3.3556979466284005e-16,9.4345354963298860e+00,8.9589815505288151e-01,1.0430473711035848e+01,7.9321237817494353e-03,1.0000000000000000e+00,
1.0030366167884428e+00,-1.9664433171581834e-03,1.0000000000000326e+00,2.0181128330470935e-16,1.1109932188777156e+00,-6.0307215178558959e-01,5.9829293073840328e-01,8.0530829014196156e-03,1.0000000000000000e+00,
1.0007031804925948e+00,-9.6632652996185759e-04,1.0000000000000013e+00,1.2865210473746931e-16,2.6443269880839099e-01,-2.8481476424635588e-01,2.9608043553146224e-02,5.1846073456238290e-03,1.0000000000000000e+00,
1.0001432686249128e+00,-5.0190542263649901e-04,1.0000000000000036e+00,-2.8934567225984625e-19,5.3239395299613607e-02,-9.5003966908823415e-02,8.6298627054508387e-03,2.4046116195052657e-03,1.0000000000000000e+00,
1.0002036143481705e+00,-4.5858887069386142e-04,1.0000000000000031e+00,-9.3427340549719917e-18,9.5225924610610833e-03,-1.9995467329616164e-03,8.0435961151533591e-03,9.0531205642467908e-04,1.0000000000000000e+00,
1.0158231574674474e+00,2.0265374747376882e-02,1.0000000000000264e+00,-1.1645901594998009e-19,-3.7126303405372527e-02,-1.8251730609102329e-01,2.8631314062105750e+00,6.1891099159103102e-03,1.0000000000000000e+00,
1.0385600955728838e+00,2.0684001502556750e-02,1.0000000000000009e+00,1.1666728517567172e-17,-3.5068793789394781e-01,3.1854341215612023e+00,2.6136221893467093e+00,-1.2008315035927105e-02,1.0000000000000000e+00,
1.0387232767996408e+00,2.0762203716214451e-03,9.9999999999997324e-01,7.6141553458412562e-17,2.2080830815660386e+00,3.2803037484173383e+00,2.3249984146119536e+00,-1.9363972720853686e-02,1.0000000000000000e+00,
1.0198461835607751e+00,-2.9597843451571970e-04,1.0000000000000018e+00,1.2930094703997419e-16,2.2142126447692392e+00,8.9422636556672763e-01,4.3863218644945476e+00,-8.8045985846044988e-03,1.0000000000000000e+00,
1.0030835693514271e+00,-3.9367311992024624e-04,9.9999999999999467e-01,9.1776045303110996e-17,1.0807793669176500e+00,-1.0552323200450413e-01,2.0514743807917601e-01,-2.1760554623458214e-03,1.0000000000000000e+00,
1.0012345343704947e+00,-5.7809643369799836e-04,9.9999999999999689e-01,2.4662190957730834e-17,4.2273404695152234e-01,-1.5381282227266507e-01,1.1031783576293322e-02,-5.1816156890801429e-04,1.0000000000000000e+00,
1.0005185982390652e+00,-4.2016484522815336e-04,1.0000000000000031e+00,-5.9922620791409459e-18,2.1132672271131589e-01,-6.8845568447932312e-02,4.7099604389908845e-03,-1.2255624405032878e-04,1.0000000000000000e+00,
1.0001090426179087e+00,-4.0941009848020519e-04,1.0000000000000053e+00,-8.9321457639124334e-18,1.1359454969807554e-01,-1.6106502420424422e-03,7.9715271808177696e-03,-2.1276737715592643e-06,1.0000000000000000e+00,
1.0043528825200094e+00,4.6590048335072420e-03,1.0000000000004088e+00,-1.2523367238865168e-19,-1.7050005897885183e-02,-3.9422958197603622e-03,6.9964136494137552e-01,-9.6405768364413238e-03,1.0000000000000000e+00,
1.0100382444424503e+00,4.7182467487424523e-03,1.0000000000009071e+00,1.3046892066013123e-17,-1.5907145990853422e-01,6.5954002183518279e-01,6.2636956045847914e-01,-1.4662184448465371e-02,1.0000000000000000e+00,
1.0101819439710062e+00,8.5691954105951201e-04,1.0000000000010829e+00,2.7975478415946001e-16,6.0870526868577191e-01,7.1299106481810659e-01,5.4878084165778040e-01,-1.6995611530094507e-02,1.0000000000000000e+00,
1.0065786818993916e+00,2.2581856414096679e-05,1.0000000000010381e+00,2.5885245691915194e-15,7.6483481194109693e-01,4.1569300122944719e-01,1.5481448064152914e+00,-1.1786343270846076e-02,1.0000000000000000e+00,
1.0023243485994695e+00,-1.4245479145770440e-06,1.0000000000002429e+00,2.7351352395797349e-15,7.0688055193159594e-01,-1.0441059561483272e-03,1.0529904968864914e-01,-5.9341074336419957e-03,1.0000000000000000e+00,
1.0012535265216034e+00,-1.7703607189016656e-05,1.0000000000002476e+00,1.8459716677376226e-15,4.2712301475515618e-01,-4.5518562630475715e-03,3.3096883207885987e-03,-2.6995718486692395e-03,1.0000000000000000e+00,
1.0006150091656505e+00,-1.3729705951612448e-05,1.0000000000001623e+00,1.0769970961992008e-15,2.5484224168345537e-01,-2.1685601423498723e-03,1.6837466158916604e-03,-1.0351952909500349e-03,1.0000000000000000e+00,
1.0001302720968805e+00,-1.3514137496281001e-05,1.0000000000000298e+00,6.3157579668207674e-16,1.5185582716878587e-01,-5.1939280624610116e-05,5.0709985403477910e-03,-2.2965739565644770e-05,1.0000000000000000e+00,

