1
1
9
0
(145 0
((0,168) (15,183) (0,0))
((16,168) (31,183) (0,0))
((32,168) (39,183) (0,0))
((0,184) (15,199) (0,0))
((16,184) (31,199) (0,0))
((32,184) (39,199) (0,0))
((192,168) (207,183) (0,0))
((208,168) (215,183) (0,0))
((40,184) (47,199) (0,0))
((144,184) (151,191) (0,0))
((176,184) (191,199) (0,0))
((192,184) (207,199) (0,0))
((176,200) (191,207) (0,0))
((192,200) (207,207) (0,0))
((72,192) (79,207) (0,0))
((120,184) (135,199) (0,0))
((48,200) (63,215) (0,0))
((96,192) (111,207) (0,0))
((96,208) (111,215) (0,0))
((112,200) (119,207) (0,0))
((152,200) (167,207) (0,0))
((88,208) (95,215) (0,0))
((112,208) (127,215) (0,0))
((24,200) (39,215) (0,0))
((24,216) (39,231) (0,0))
((40,216) (47,231) (0,0))
((56,216) (71,231) (0,0))
((72,216) (87,231) (0,0))
((88,216) (103,231) (0,0))
((104,216) (111,231) (0,0))
((56,232) (71,247) (0,0))
((72,232) (87,247) (0,0))
((88,232) (103,247) (0,0))
((104,232) (111,247) (0,0))
((56,248) (71,255) (0,0))
((72,248) (87,255) (0,0))
((88,248) (103,255) (0,0))
((104,248) (111,255) (0,0))
((112,216) (119,231) (0,0))
((120,216) (127,223) (0,0))
((144,208) (159,223) (0,0))
((160,208) (175,223) (0,0))
((176,208) (191,223) (0,0))
((192,208) (207,223) (0,0))
((208,208) (215,223) (0,0))
((144,224) (159,231) (0,0))
((160,224) (175,231) (0,0))
((176,224) (191,231) (0,0))
((192,224) (207,231) (0,0))
((208,224) (215,231) (0,0))
((128,224) (143,231) (0,0))
((16,232) (31,247) (0,0))
((32,232) (39,247) (0,0))
((16,248) (31,255) (0,0))
((32,248) (39,255) (0,0))
((112,232) (127,247) (0,0))
((128,232) (135,247) (0,0))
((136,232) (143,239) (0,0))
((152,232) (159,239) (0,0))
((160,232) (175,247) (0,0))
((176,232) (191,247) (0,0))
((192,232) (207,247) (0,0))
((208,232) (223,247) (0,0))
((224,232) (231,247) (0,0))
((160,248) (175,255) (0,0))
((176,248) (191,255) (0,0))
((192,248) (207,255) (0,0))
((208,248) (223,255) (0,0))
((224,248) (231,255) (0,0))
((40,248) (55,255) (0,0))
((40,256) (55,271) (0,0))
((56,256) (71,271) (0,0))
((72,256) (87,271) (0,0))
((88,256) (103,271) (0,0))
((104,256) (111,271) (0,0))
((40,272) (55,279) (0,0))
((56,272) (71,279) (0,0))
((72,272) (87,279) (0,0))
((88,272) (103,279) (0,0))
((104,272) (111,279) (0,0))
((120,256) (127,263) (0,0))
((144,240) (159,255) (0,0))
((144,256) (159,271) (0,0))
((160,256) (175,271) (0,0))
((176,256) (191,271) (0,0))
((192,256) (207,271) (0,0))
((208,256) (215,271) (0,0))
((160,272) (175,287) (0,0))
((176,272) (191,287) (0,0))
((192,272) (207,287) (0,0))
((208,272) (215,287) (0,0))
((160,288) (175,303) (0,0))
((176,288) (191,303) (0,0))
((192,288) (207,303) (0,0))
((208,288) (215,303) (0,0))
((160,304) (175,311) (0,0))
((176,304) (191,311) (0,0))
((192,304) (207,311) (0,0))
((208,304) (215,311) (0,0))
((8,264) (23,279) (0,0))
((24,264) (39,279) (0,0))
((8,280) (23,295) (0,0))
((24,280) (39,295) (0,0))
((8,296) (23,311) (0,0))
((24,296) (39,311) (0,0))
((128,264) (135,271) (0,0))
((112,272) (127,287) (0,0))
((128,272) (143,287) (0,0))
((64,280) (79,295) (0,0))
((80,280) (95,295) (0,0))
((64,296) (79,311) (0,0))
((80,296) (95,311) (0,0))
((104,280) (111,295) (0,0))
((104,296) (111,311) (0,0))
((128,288) (143,303) (0,0))
((144,288) (151,303) (0,0))
((128,304) (143,311) (0,0))
((144,304) (151,311) (0,0))
((40,296) (55,311) (0,0))
((56,296) (63,311) (0,0))
((112,304) (127,311) (0,0))
((24,312) (39,327) (0,0))
((40,312) (47,327) (0,0))
((56,312) (71,327) (0,0))
((72,312) (87,327) (0,0))
((56,328) (71,335) (0,0))
((72,328) (87,335) (0,0))
((104,312) (119,319) (0,0))
((120,312) (127,319) (0,0))
((136,312) (151,327) (0,0))
((152,312) (159,327) (0,0))
((136,328) (151,335) (0,0))
((152,328) (159,335) (0,0))
((184,320) (199,335) (0,0))
((200,320) (215,335) (0,0))
((216,320) (223,335) (0,0))
((184,336) (199,343) (0,0))
((200,336) (215,343) (0,0))
((216,336) (223,343) (0,0))
((0,328) (15,343) (0,0))
((16,328) (31,343) (0,0))
((32,328) (39,343) (0,0))
((0,344) (15,359) (0,0))
((16,344) (31,359) (0,0))
((32,344) (39,359) (0,0))
)
145
FabOnDisk: Cell_D_00000 0
FabOnDisk: Cell_D_00000 18517
FabOnDisk: Cell_D_00000 37035
FabOnDisk: Cell_D_00000 46337
FabOnDisk: Cell_D_00000 64854
FabOnDisk: Cell_D_00000 83372
FabOnDisk: Cell_D_00000 92674
FabOnDisk: Cell_D_00000 111194
FabOnDisk: Cell_D_00000 120498
FabOnDisk: Cell_D_00000 129800
FabOnDisk: Cell_D_00000 134496
FabOnDisk: Cell_D_00000 153016
FabOnDisk: Cell_D_00000 171536
FabOnDisk: Cell_D_00000 180840
FabOnDisk: Cell_D_00000 190144
FabOnDisk: Cell_D_00000 199446
FabOnDisk: Cell_D_00000 217966
FabOnDisk: Cell_D_00000 236484
FabOnDisk: Cell_D_00000 255003
FabOnDisk: Cell_D_00000 264306
FabOnDisk: Cell_D_00000 269002
FabOnDisk: Cell_D_00000 278306
FabOnDisk: Cell_D_00000 283000
FabOnDisk: Cell_D_00000 292304
FabOnDisk: Cell_D_00000 310822
FabOnDisk: Cell_D_00000 329340
FabOnDisk: Cell_D_00000 338642
FabOnDisk: Cell_D_00000 357160
FabOnDisk: Cell_D_00000 375678
FabOnDisk: Cell_D_00000 394197
FabOnDisk: Cell_D_00000 403501
FabOnDisk: Cell_D_00000 422019
FabOnDisk: Cell_D_00000 440537
FabOnDisk: Cell_D_00000 459056
FabOnDisk: Cell_D_00000 468360
FabOnDisk: Cell_D_00000 477662
FabOnDisk: Cell_D_00000 486964
FabOnDisk: Cell_D_00000 496267
FabOnDisk: Cell_D_00000 500963
FabOnDisk: Cell_D_00000 510267
FabOnDisk: Cell_D_00000 514963
FabOnDisk: Cell_D_00000 533483
FabOnDisk: Cell_D_00000 552003
FabOnDisk: Cell_D_00000 570523
FabOnDisk: Cell_D_00000 589043
FabOnDisk: Cell_D_00000 598347
FabOnDisk: Cell_D_00000 607651
FabOnDisk: Cell_D_00000 616955
FabOnDisk: Cell_D_00000 626259
FabOnDisk: Cell_D_00000 635563
FabOnDisk: Cell_D_00000 640259
FabOnDisk: Cell_D_00000 649563
FabOnDisk: Cell_D_00000 668081
FabOnDisk: Cell_D_00000 677383
FabOnDisk: Cell_D_00000 686685
FabOnDisk: Cell_D_00000 691379
FabOnDisk: Cell_D_00000 709899
FabOnDisk: Cell_D_00000 719203
FabOnDisk: Cell_D_00000 723899
FabOnDisk: Cell_D_00000 728595
FabOnDisk: Cell_D_00000 747115
FabOnDisk: Cell_D_00000 765635
FabOnDisk: Cell_D_00000 784155
FabOnDisk: Cell_D_00000 802675
FabOnDisk: Cell_D_00000 811979
FabOnDisk: Cell_D_00000 821283
FabOnDisk: Cell_D_00000 830587
FabOnDisk: Cell_D_00000 839891
FabOnDisk: Cell_D_00000 849195
FabOnDisk: Cell_D_00000 853891
FabOnDisk: Cell_D_00000 863193
FabOnDisk: Cell_D_00000 881711
FabOnDisk: Cell_D_00000 900229
FabOnDisk: Cell_D_00000 918747
FabOnDisk: Cell_D_00000 937266
FabOnDisk: Cell_D_00000 946570
FabOnDisk: Cell_D_00000 955872
FabOnDisk: Cell_D_00000 965174
FabOnDisk: Cell_D_00000 974476
FabOnDisk: Cell_D_00000 983779
FabOnDisk: Cell_D_00000 988475
FabOnDisk: Cell_D_00000 993171
FabOnDisk: Cell_D_00000 1011691
FabOnDisk: Cell_D_00000 1030211
FabOnDisk: Cell_D_00000 1048731
FabOnDisk: Cell_D_00000 1067251
FabOnDisk: Cell_D_00000 1085771
FabOnDisk: Cell_D_00000 1095075
FabOnDisk: Cell_D_00000 1113595
FabOnDisk: Cell_D_00000 1132115
FabOnDisk: Cell_D_00000 1150635
FabOnDisk: Cell_D_00000 1159939
FabOnDisk: Cell_D_00000 1178459
FabOnDisk: Cell_D_00000 1196979
FabOnDisk: Cell_D_00000 1215499
FabOnDisk: Cell_D_00000 1224803
FabOnDisk: Cell_D_00000 1234107
FabOnDisk: Cell_D_00000 1243411
FabOnDisk: Cell_D_00000 1252715
FabOnDisk: Cell_D_00000 1257411
FabOnDisk: Cell_D_00000 1275928
FabOnDisk: Cell_D_00000 1294446
FabOnDisk: Cell_D_00000 1312963
FabOnDisk: Cell_D_00000 1331481
FabOnDisk: Cell_D_00000 1349998
FabOnDisk: Cell_D_00000 1368516
FabOnDisk: Cell_D_00000 1373212
FabOnDisk: Cell_D_00000 1391732
FabOnDisk: Cell_D_00000 1410252
FabOnDisk: Cell_D_00000 1428770
FabOnDisk: Cell_D_00000 1447288
FabOnDisk: Cell_D_00000 1465806
FabOnDisk: Cell_D_00000 1484324
FabOnDisk: Cell_D_00000 1493628
FabOnDisk: Cell_D_00000 1502932
FabOnDisk: Cell_D_00000 1521452
FabOnDisk: Cell_D_00000 1530756
FabOnDisk: Cell_D_00000 1540060
FabOnDisk: Cell_D_00000 1544756
FabOnDisk: Cell_D_00000 1563274
FabOnDisk: Cell_D_00000 1572576
FabOnDisk: Cell_D_00000 1581880
FabOnDisk: Cell_D_00000 1600398
FabOnDisk: Cell_D_00000 1609700
FabOnDisk: Cell_D_00000 1628218
FabOnDisk: Cell_D_00000 1646736
FabOnDisk: Cell_D_00000 1656038
FabOnDisk: Cell_D_00000 1665340
FabOnDisk: Cell_D_00000 1674644
FabOnDisk: Cell_D_00000 1679340
FabOnDisk: Cell_D_00000 1697860
FabOnDisk: Cell_D_00000 1707164
FabOnDisk: Cell_D_00000 1716468
FabOnDisk: Cell_D_00000 1721164
FabOnDisk: Cell_D_00000 1739684
FabOnDisk: Cell_D_00000 1758204
FabOnDisk: Cell_D_00000 1767508
FabOnDisk: Cell_D_00000 1776812
FabOnDisk: Cell_D_00000 1786116
FabOnDisk: Cell_D_00000 1790812
FabOnDisk: Cell_D_00000 1809329
FabOnDisk: Cell_D_00000 1827847
FabOnDisk: Cell_D_00000 1837149
FabOnDisk: Cell_D_00000 1855666
FabOnDisk: Cell_D_00000 1874184

145,9
6.1997905046081725e-01,-1.0543393270094938e+00,9.9999994462392283e-01,5.2846919451169202e-15,-5.7199352035159245e+04,-3.5218298972591001e+05,1.9298693963161639e+00,-1.2732280594635035e+03,1.0000000000000000e+00,
-3.7672212154832507e-01,-3.7491812671108138e-01,9.9993455450904667e-01,1.7453329263673965e-13,-5.2041588207648601e+02,-3.1490234577594529e+05,3.1613719389105066e+00,-1.1844977937420263e+03,1.0000000000000000e+00,
2.5599305110437554e-01,-1.1730548927939007e-01,9.9999984284447185e-01,3.4412814165056073e-13,9.7764450810539711e+04,-3.0170662131859717e+05,3.7459827155586822e+00,-8.2988460670583902e+02,1.0000000000000000e+00,
3.0110543046205374e-01,-3.8472566237433886e-01,9.9999999948813556e-01,5.2415891401508209e-15,-2.1202987616976316e+04,-4.5189948390395875e+05,4.3038789163944102e+00,-2.2168662852678426e+03,1.0000000000000000e+00,
-2.8194746636355172e-01,-6.2448156829678123e-02,9.9939590624260299e-01,1.7321314056640371e-13,4.1976379644396366e+04,-6.3647034347298031e+05,2.1835835057633091e-01,-2.1462609978648297e+03,1.0000000000000000e+00,
-2.9711433034649226e-01,-6.8260633895948636e-02,9.9999937992721788e-01,3.4150115719315041e-13,1.8756533703691966e+05,-4.0690836985945352e+05,1.3793224992359072e+01,-1.5351010368716554e+03,1.0000000000000000e+00,
-2.6741896919144947e-01,-5.7098870957586745e-01,9.9985124606019771e-01,1.9720842135759251e-12,5.7717915467373678e+04,-2.0165968398243422e+05,9.2399471259119537e-01,-6.0979763012161391e+02,1.0000000000000000e+00,
5.9552020384076476e-02,-6.2397022321340911e-01,9.9996382259482897e-01,2.1137292884881732e-12,-6.5061777779588010e+04,5.2020772416763066e+04,1.6055506254368197e+00,-3.3634642187872043e+02,1.0000000000000000e+00,
2.1717068999742509e-01,1.4910055209603132e-02,9.9998276750128834e-01,4.2582667452832718e-13,3.4650688219915901e+04,-4.9945956378413975e+05,7.0621829687704363e+00,-1.1603746635947098e+03,1.0000000000000000e+00,
3.0651397059057378e-01,-2.4832328486617533e-01,9.9994786640508071e-01,1.5215824364669696e-12,7.5585816985549172e+03,-1.7067695915554941e+05,2.5327346552556911e+00,-7.0356534555774397e+02,1.0000000000000000e+00,
-1.5029335754345727e-01,-2.9123420596429089e-01,9.9991640043704721e-01,1.8278124085290870e-12,-9.9125186605597264e+03,-1.9513640003177279e+05,3.0653946950648674e+00,-7.7005706725813820e+02,1.0000000000000000e+00,
-7.6971166681619785e-01,-6.7622573709241662e-01,9.9986199020207933e-01,1.9738782774297529e-12,2.0235297016198165e+05,5.5881360333263001e+04,1.2443671837197492e+00,-5.1040478215503936e+02,1.0000000000000000e+00,
2.1731454896255928e-01,-3.6234777514489158e-01,9.9994958916462018e-01,1.8306183618156724e-12,1.9405781118928571e+05,3.3877827348715800e+04,8.5414570142994251e+00,-7.4250199894174341e+02,1.0000000000000000e+00,
4.0166677345739088e-01,-6.8459875624483035e-01,9.9999877619258160e-01,1.9759603831909850e-12,2.1158962529492710e+05,-1.0543371420533367e+05,3.9147841149304980e+00,-1.9453648630096097e+02,1.0000000000000000e+00,
-1.1657375474370951e-01,-1.7787570335699576e-01,9.9998198737015309e-01,7.6343364136012112e-13,8.3530707074115344e+04,-2.9645206116936752e+05,2.1033166913191934e+00,-8.9927929482673187e+02,1.0000000000000000e+00,
6.8242711292197528e-03,-4.8924454090818481e-01,9.9999998379954180e-01,1.2792709113822296e-12,-1.0719147293335118e+04,-1.9349154147208465e+05,4.3640567063066626e-02,-6.2540221774951533e+02,1.0000000000000000e+00,
-1.2838270262989096e-01,-5.9321071459508545e-03,9.9997387310876096e-01,5.0459871237986691e-13,2.5850575362564996e+02,-5.3155998444838473e+05,8.8240066738337930e-01,-1.5743720576404307e+03,1.0000000000000000e+00,
-2.9123373066079572e-01,-6.8688956002822255e-01,9.9994891763952154e-01,1.0272231756856705e-12,-2.3666228018456604e+04,-3.5372826182530698e+05,1.6293732934836491e+00,-1.1117651574899739e+03,1.0000000000000000e+00,
2.4407156737386018e-01,-5.9468238843797339e-01,9.9998766131645933e-01,1.0275284198791309e-12,1.0744530308102549e+05,-3.2174279750174901e+04,4.1328301244193710e-01,-1.0638503563645506e+03,1.0000000000000000e+00,
4.0148203068955346e-01,-3.7761024853093439e-01,9.9992392302015054e-01,1.1996295440255519e-12,-4.7377753213813412e+04,-1.6932158887708210e+05,7.5553348068258117e+00,-7.1056165452441189e+02,1.0000000000000000e+00,
-2.9812159870679072e-01,-1.1372340164098317e-01,9.9992584198218093e-01,1.6040705192995350e-12,2.0992682035823236e+03,-1.4708436954650242e+05,8.7233903882036739e+00,-8.4420096533036519e+02,1.0000000000000000e+00,
4.2949060853363896e-01,-5.5754594076589781e-01,9.9996567066208764e-01,9.3647633662301323e-13,2.3171527830464765e+04,-2.0129716007894021e+05,1.1902298616092821e+00,-1.2249757926341065e+03,1.0000000000000000e+00,
3.4690463601796090e-01,-5.2610372109735082e-01,9.9986491037535430e-01,1.2026800176425181e-12,-7.9331093217500893e+04,-1.8638566912557872e+05,1.8440774133516271e+00,-7.4464764226550062e+02,1.0000000000000000e+00,
-8.3653379635428049e-01,-1.4274056916419081e-01,9.9974040290035160e-01,2.5477288899108538e-13,3.2914887289767794e+05,-3.8347116206191859e+05,4.1725544739854570e-01,-2.6437094611542675e+03,1.0000000000000000e+00,
-9.2872689606881897e-01,-5.5874189667154506e-01,9.9996929649042599e-01,2.5205849577650130e-13,2.2913868123781285e+05,-4.0079505187651375e+05,2.8835616188419166e+00,-2.9704264528171893e+03,1.0000000000000000e+00,
2.6869716956584588e-01,-4.6400823225049442e-01,9.9990190349230379e-01,4.1565450274852617e-13,4.2156960825873830e+04,-4.1242263211620593e+05,4.8720987117719972e-01,-2.1307406961397201e+03,1.0000000000000000e+00,
2.5897113911020048e-01,-3.0474378712891764e-01,9.9995621869776075e-01,5.7772097458625232e-13,-7.5733582657722582e+04,-5.4073711421827902e+05,1.8868947305444337e+00,-2.0000433110975589e+03,1.0000000000000000e+00,
3.8622516670373652e-01,-5.5350675320927845e-01,9.9998413279549903e-01,7.4093329708678231e-13,-5.7956238821311854e+04,-1.5823196517477918e+05,2.8746695163232516e-01,-1.5193110850576340e+03,1.0000000000000000e+00,
1.4410299125594131e-01,-5.3320479783509944e-01,9.9985369977216931e-01,9.2344563707135845e-13,6.5281604671523382e+04,-4.2449241495152819e+04,2.6178069027467110e-01,-1.2108941065350755e+03,1.0000000000000000e+00,
5.0631667990105078e-01,-6.2922968363424736e-01,9.9999642901030705e-01,1.1188172764770904e-12,9.8540968200842326e+04,-1.0296638814017933e+04,1.9179163979879732e+00,-8.8974927646077617e+02,1.0000000000000000e+00,
-6.8853196660114108e-02,-7.9717470839585869e-01,9.9993183959207155e-01,5.6709945592436687e-13,1.3976119557934726e+05,-1.3719596041236073e+05,6.3567383825217405e-01,-2.1583414224467897e+03,1.0000000000000000e+00,
-4.2119458383265829e-01,-8.3885931002147784e-01,0.0000000000000000e+00,0.0000000000000000e+00,0.0000000000000000e+00,-1.6402190785952850e+05,0.0000000000000000e+00,-1.7086570675741912e+03,0.0000000000000000e+00,
-4.3045365951369691e-01,-3.0995168797661987e-01,0.0000000000000000e+00,0.0000000000000000e+00,0.0000000000000000e+00,-1.1686195998056720e+05,0.0000000000000000e+00,-1.3569637612156898e+03,0.0000000000000000e+00,
-5.1611872323492292e-01,-4.8535468755182282e-01,0.0000000000000000e+00,0.0000000000000000e+00,0.0000000000000000e+00,0.0000000000000000e+00,0.0000000000000000e+00,-8.7639002901329366e+02,0.0000000000000000e+00,
-6.1448319053740741e-01,-5.6685652216881321e-01,9.9984881915989354e-01,5.6520628803265792e-13,1.2549053488006175e+05,-3.5246940274236840e+04,8.3537353650440793e-01,-2.1295052342383024e+03,1.0000000000000000e+00,
-1.5943201876897131e-01,-7.2295301630522946e-01,0.0000000000000000e+00,0.0000000000000000e+00,0.0000000000000000e+00,-1.4434099704760467e+05,0.0000000000000000e+00,-1.7363820402093324e+03,0.0000000000000000e+00,
0.0000000000000000e+00,0.0000000000000000e+00,0.0000000000000000e+00,0.0000000000000000e+00,0.0000000000000000e+00,0.0000000000000000e+00,0.0000000000000000e+00,0.0000000000000000e+00,0.0000000000000000e+00,
-3.2905597094113570e-01,-4.5294900760637580e-01,0.0000000000000000e+00,0.0000000000000000e+00,0.0000000000000000e+00,-1.6879436831717612e+03,0.0000000000000000e+00,-6.4797325967185441e+02,0.0000000000000000e+00,
-1.4301657118160602e-02,-5.3220085231610159e-01,9.9972277128705422e-01,1.2073623352811956e-12,5.2625134184682975e+04,-6.6222639783198247e+04,2.4644675931727811e+00,-7.4924217160474620e+02,1.0000000000000000e+00,
7.2852478079902763e-02,-6.0230373622246847e-01,9.9991250612773985e-01,1.2925781415856848e-12,-1.4108357976062834e+05,-1.9014977424146055e+05,3.8764437668409670e+01,-6.9487451668585470e+02,1.0000000000000000e+00,
-1.5986392196810406e-01,3.0698335027404634e-02,9.9996471581732216e-01,1.5291945898587311e-12,-6.0324330722975719e+04,-9.2947012757479388e+04,2.8321112577978980e+00,-9.6632116871050675e+02,1.0000000000000000e+00,
5.4571027605391051e-02,-7.0797000398934751e-01,9.9958389225419852e-01,1.6829676108196578e-12,7.4374660202593077e+03,-5.5919261173228733e+03,4.7185642334438356e+00,-7.3081606286171689e+02,1.0000000000000000e+00,
-4.2060115870043413e-01,-7.3467288539392506e-01,9.9996440490853333e-01,1.8321748758291022e-12,1.1716940048126417e+05,-2.6382412252962240e+03,1.8764608836144081e+01,-6.2032330545385275e+02,1.0000000000000000e+00,
-4.8535018953220666e-01,-8.7668933133607796e-01,9.9999335337481077e-01,1.9770816985931096e-12,1.5354593068026152e+05,-2.3603039024688915e+05,1.5724132326615070e+00,-1.4221018035082864e+02,1.0000000000000000e+00,
-8.5269624324459517e-02,-7.4134627568115152e-01,9.9999612160975404e-01,2.1175525795420482e-12,-1.0248112409393070e+04,-2.4829582853173197e+05,7.1105188528086671e+00,2.8636993174083227e+02,1.0000000000000000e+00,
3.7471124297907865e-01,-1.3568594787122920e-01,9.9980859732257332e-01,1.5369021599442862e-12,-1.1642265545750997e+05,-1.4152629598480708e+05,4.8263952708743112e+00,-9.4799332378466715e+02,1.0000000000000000e+00,
6.9931310120574541e-01,-5.2691833151885947e-01,9.9995978160561017e-01,1.6878225470798473e-12,9.1138151270858361e+04,-1.1749963872655644e+04,1.0918046965636918e+01,-7.3336625371646448e+02,1.0000000000000000e+00,
2.0926523340798711e-02,-6.5007264009607424e-01,9.9999853258885585e-01,1.8353621485327306e-12,1.1911564063534606e+05,-1.0117071773624048e+04,6.1783176276382079e-01,-4.6506519221524456e+02,1.0000000000000000e+00,
1.0085319749766026e+00,-8.6264821059843355e-01,9.9999999929094074e-01,1.9793357605652103e-12,1.2809758326884767e+05,-7.4568947467309772e+04,3.2997165682062679e-01,-1.3328927756382768e+02,1.0000000000000000e+00,
3.0369396877069249e-01,-4.6597797465568930e-01,9.9999975209506298e-01,2.1193385214401451e-12,8.7226843426881533e+04,-3.1746416752650548e+05,7.8137581384436494e+00,1.9607175892439977e+02,1.0000000000000000e+00,
6.1138909884242898e-01,-3.4045773111036914e-01,9.9994636328261766e-01,1.3813295961869867e-12,-2.0803811082698376e+05,-1.1158521326490009e+05,1.4972484993605068e+01,-9.6032980560706574e+02,1.0000000000000000e+00,
2.4222161080081128e-02,-2.2548353315550823e-01,9.9999064978498520e-01,1.6869438252525595e-13,2.0210105409170792e+05,-1.5232311502091179e+05,4.1762584002669936e+00,-3.5351154826357624e+03,1.0000000000000000e+00,
-8.6398162765982833e-01,-5.4840074240991898e-01,9.9994674868916034e-01,3.3119276671157611e-13,3.1181176051941293e+05,-2.1048412383811665e+05,1.1751230078643147e+00,-2.7302967432184587e+03,1.0000000000000000e+00,
-3.8146616289695356e-01,-3.6098808683647199e-01,9.9999931599500180e-01,1.6854538833020932e-13,2.1000465065931494e+05,-1.2312433005817293e+05,4.2905052966002888e+00,-3.5502327580626111e+03,1.0000000000000000e+00,
2.8266893297086571e-01,-8.2986654109926908e-02,9.9998466375790196e-01,3.3080750473447022e-13,1.5738595935151970e+05,-3.4520359835053969e+05,4.9715397661428185e+00,-2.8957404052339816e+03,1.0000000000000000e+00,
-3.0873336010909365e-02,-4.6648332007774018e-01,9.9993924650571930e-01,1.2279900664722430e-12,-1.3508576756172406e+05,-9.2956352586968569e+04,7.2044337865178711e+00,-7.6004162709335515e+02,1.0000000000000000e+00,
-1.7820190956695570e-01,-3.9434408258736386e-01,9.9998025963412673e-01,1.3896087376173466e-12,-1.0514181056780944e+05,-1.1972427295669331e+05,4.1192232194063365e+00,-7.6124272110673883e+02,1.0000000000000000e+00,
8.2061310359939396e-02,-2.0307303056622883e-01,9.9999518861363734e-01,1.4658769471959460e-12,-1.2904024180433626e+05,-1.5286931184959976e+05,1.2420642365344715e+01,-8.0524075155443052e+02,1.0000000000000000e+00,
1.6202764810349840e-01,-5.4801208583050409e-01,9.9995405914743873e-01,1.6159840609238977e-12,1.1538941527857387e+05,-9.7300410882697906e+04,5.9449377369343800e+01,-9.3019893746956620e+02,1.0000000000000000e+00,
8.8337561404293530e-01,-6.3611259797967179e-01,9.9995149142560857e-01,1.6902274244458610e-12,1.0079469543773303e+05,-1.0622026763574104e+04,4.4452528742731090e-01,-7.3913783220917276e+02,1.0000000000000000e+00,
3.3898289773329449e-01,-7.4219120166436692e-01,9.9997704438651291e-01,1.8368602421332972e-12,1.1561507944473997e+05,-1.0723589004180394e+04,3.5836642709359268e-01,-4.5115785966747671e+02,1.0000000000000000e+00,
-9.0508599278545976e-01,-6.5407364372078836e-01,9.9991268256515775e-01,1.9804066918356233e-12,6.9818913916019665e+04,-7.3317012287263060e+04,2.3838312982125132e+00,-1.5656380391425330e+02,1.0000000000000000e+00,
7.6289102915405338e-01,-5.7134073246059969e-01,9.9963343526459303e-01,2.1202214194797121e-12,-2.0935552117707994e+05,-2.0577938176621246e+05,1.6478028816640844e+00,8.5674491040884618e+01,1.0000000000000000e+00,
8.2763593662765278e-01,-5.5330028266400455e-01,9.9999999999407285e-01,2.2557118337992934e-12,-2.1821017219813657e+05,-4.4117696299053205e+04,1.6441367479313129e+00,-2.7607878514277559e+01,1.0000000000000000e+00,
9.2496566682485537e-01,-4.5626601587100496e-01,9.9996430953751936e-01,1.6938823630539903e-12,9.0338306804056629e+04,-1.4354637102870038e+04,7.9803351661489330e-01,-7.2782837870212666e+02,1.0000000000000000e+00,
6.9663193454621153e-01,-7.0618327119680768e-01,9.9993993753384725e-01,1.8392175284342254e-12,1.1580793658907060e+05,-9.7277456301831990e+03,9.5052019615407595e+00,-4.5957916434692822e+02,1.0000000000000000e+00,
2.9888000026311556e-01,-5.7273281958922606e-01,9.9991450979829788e-01,1.9822300045702352e-12,7.2502202610085078e+04,-1.8349925138405524e+03,2.9508223932144091e+00,-1.5716812242541164e+02,1.0000000000000000e+00,
-2.8500965935400815e-02,-7.1319434091707923e-01,9.9999999344012136e-01,2.1218048429782836e-12,-1.4073778212543839e+05,6.9819192860071780e+03,6.0369614014478934e+00,8.7474534293713873e+01,1.0000000000000000e+00,
3.2313201530095492e-01,-1.5481674159881394e-03,1.0000000000000047e+00,2.2571611231337152e-12,-1.3949015458477661e+05,-4.9930475524652866e+04,9.2719716753375536e-01,-3.1445328906703708e+01,1.0000000000000000e+00,
-6.2522648225077038e-01,-3.9798315641585852e-01,9.9985122247229530e-01,4.1074138440224957e-13,5.1841126262432954e+04,-3.6814888313659176e+05,3.5430276506289715e-01,-2.6511613054208483e+03,1.0000000000000000e+00,
-3.4552786285325265e-01,-5.8309922377098000e-01,9.9977990881180412e-01,4.1075807158091271e-13,1.2993793617301562e+05,-1.6360022875798750e+05,6.0032936135241268e+00,-2.7475234407302996e+03,1.0000000000000000e+00,
-3.0295250869107510e-01,-2.6585988388197851e-01,9.9997984344666169e-01,5.6522863315606619e-13,1.2461561171339563e+05,4.6806281633340404e+03,5.8018287130683799e+00,-2.1023686810967583e+03,1.0000000000000000e+00,
-1.4984113348765549e-01,-1.8114507513703784e-01,0.0000000000000000e+00,0.0000000000000000e+00,0.0000000000000000e+00,0.0000000000000000e+00,0.0000000000000000e+00,-1.7360257638808378e+03,0.0000000000000000e+00,
-5.2414951157523715e-01,-3.3678719818710645e-01,0.0000000000000000e+00,0.0000000000000000e+00,0.0000000000000000e+00,-1.0879749204008955e+05,0.0000000000000000e+00,-1.2927022846799582e+03,0.0000000000000000e+00,
-5.5510979364889479e-01,-1.0788239105372277e+00,0.0000000000000000e+00,0.0000000000000000e+00,0.0000000000000000e+00,-1.4976244989203260e+05,0.0000000000000000e+00,-7.3892978433035091e+02,0.0000000000000000e+00,
-1.8042387071343414e-02,-6.9870786404403695e-01,9.9992203954499614e-01,4.1361654275968304e-13,3.8445592488578404e+04,6.8924505491805030e+04,5.2354066375072641e+00,-2.4301808368280904e+03,1.0000000000000000e+00,
6.5862495266426332e-02,-4.0183904187607628e-01,9.9995761190232901e-01,5.7255845282397194e-13,-1.1407435987677309e+04,-1.7746715864898870e+05,4.2829864823890063e-01,-2.0187063035710976e+03,1.0000000000000000e+00,
4.0228589026473333e-01,-5.1765170648652370e-01,9.9997619796335069e-01,7.2701075067889706e-13,1.7532963184818946e+05,2.5423319600497780e+04,1.8087876324353047e+00,-1.6616861138695785e+03,1.0000000000000000e+00,
9.5042347705644270e-01,-5.3500792306665512e-01,9.9998410158377593e-01,9.0370100353414769e-13,-8.1354267104802420e+04,-1.9000275087433401e+05,1.0830280723068526e+00,-1.1878339017268549e+03,1.0000000000000000e+00,
6.0758712248941205e-01,-2.4445322553753884e-01,9.9999263492718027e-01,1.1365337152285020e-12,6.0271820626012050e+04,-2.1728388050044887e+05,7.1330442925887638e-02,-8.6551716288892305e+02,1.0000000000000000e+00,
-1.4643241766399206e-01,-3.7764795049805866e-01,9.9999554102802735e-01,1.3422782087567827e-12,-5.2619757462298730e+04,-1.2369178514876985e+05,3.0138463674776357e+01,-7.0396333845575589e+02,1.0000000000000000e+00,
2.4960050578294796e-01,-5.9322084506825812e-01,9.9996241559575649e-01,1.5452307647817641e-12,-1.2346854396456183e+05,-1.7258619221238187e+05,3.2672331577648706e+00,-9.5057011462864830e+02,1.0000000000000000e+00,
-1.9519818084947857e-01,-1.0687942752824748e+00,9.9996083434861782e-01,1.5466843943058166e-12,-1.3446260940141365e+05,-3.0151191508126067e+05,2.3183858126433563e+00,-9.4440418166547181e+02,1.0000000000000000e+00,
1.4544478235216746e-01,-7.7158305361711277e-01,9.9997407513711123e-01,1.6940025153687713e-12,6.8781335645137005e+04,-2.7988960188737838e+05,2.1064018268179829e+00,-8.9918673350093354e+02,1.0000000000000000e+00,
9.9842624693357168e-03,-4.0188210992322176e-01,9.9993824707908630e-01,1.8398834411159898e-12,1.2013744036958524e+05,-1.6771206126449397e+04,8.5641008445414002e-01,-4.9604850009282518e+02,1.0000000000000000e+00,
-8.5298183311972853e-01,-6.0158338022463209e-01,9.9995317151760377e-01,1.9828576204776866e-12,1.0454348139552603e+05,3.0423760704798042e+03,1.0827187894135726e+00,-1.5488950802742090e+02,1.0000000000000000e+00,
1.4914719744259733e-01,-1.9459708288388969e-01,9.9999999800731632e-01,2.1224256917813829e-12,6.8136033966565446e+04,2.9197335146450496e+04,1.0653433775014051e+01,1.2981585610182367e+02,1.0000000000000000e+00,
-2.3604974045552990e-01,-9.9144182760591126e-01,9.9997788845633540e-01,1.6911696125132385e-12,1.4662585054622759e+05,-1.2505121032866737e+05,1.1636202419616886e+01,-1.0077646189390841e+03,1.0000000000000000e+00,
1.2370159661759129e-01,-7.2877260954042644e-01,9.9999288256576935e-01,1.8390649069312820e-12,1.3870098770098994e+05,-1.3559133975152508e+04,8.7262742164988083e-02,-5.0678365988131270e+02,1.0000000000000000e+00,
-5.4849301814449924e-01,-5.5387738335147407e-01,9.9999995263787433e-01,1.9834006237174352e-12,1.4031624332449428e+05,-1.6522792978488724e+04,1.4147793314434054e-01,-1.4526938032868554e+02,1.0000000000000000e+00,
5.6252876125269535e-01,-8.6264052098395827e-02,9.9999999999955114e-01,2.1232328940994372e-12,1.5634890985902312e+05,-2.6086810588983644e+04,3.1620510995762796e+00,2.3015672236100556e+02,1.0000000000000000e+00,
1.6865400044324874e-01,-1.5020430203173427e+00,9.9995534842909750e-01,1.6880229299351025e-12,4.8885928983235499e+04,1.4509852486527234e+04,7.3592946228278464e+00,-9.1656421740240057e+02,1.0000000000000000e+00,
5.0619092559033585e-01,-3.9034246519269511e-01,9.9998756313607151e-01,1.8376998388404434e-12,8.6454763452999759e+04,-2.7802560426172568e+04,2.5433680208417186e+00,-4.9397735313464875e+02,1.0000000000000000e+00,
-1.1343671920582019e+00,-8.9760219480164893e-01,9.9999858502059291e-01,1.9830628406995070e-12,1.1299194644835807e+05,-7.0164359048109327e+04,1.0576469932484045e+01,-1.9239889315571406e+02,1.0000000000000000e+00,
2.5901442891467352e-01,3.2347437360383868e-02,1.0000000000001534e+00,2.1236699753280538e-12,1.6337231555584731e+05,-7.3654593172266323e+04,3.5583473864390172e+00,1.4423997315965346e+02,1.0000000000000000e+00,
1.6716421368205336e-02,-9.8532523460074806e-01,9.9988538287563955e-01,1.6866441222587803e-12,5.9383524238102837e+03,-4.5091756909107789e+04,3.8628878582121899e+00,-6.2757290662250159e+02,1.0000000000000000e+00,
1.6257501832799590e-01,-4.5196014607323259e-01,9.9997560007027719e-01,1.8370413724684412e-12,5.6467810700491827e+04,-5.6566546496286173e+04,2.8619663632451875e-01,-4.6386795345713017e+02,1.0000000000000000e+00,
1.8835636112548482e-01,-8.1263709173519483e-01,9.9999999999807865e-01,1.9828779837111927e-12,5.7735049902448372e+04,-1.3778412041333067e+05,3.2569601613283055e+01,-2.3026601825505281e+02,1.0000000000000000e+00,
6.8741620798528080e-01,-1.7222305601325004e-02,1.0000000000000586e+00,2.1239786575700270e-12,1.1298268391854945e+05,-2.1564963872306398e+05,1.1043293321175121e+02,3.9560805195135231e+01,1.0000000000000000e+00,
2.9868044253465031e-01,-7.8669110215289939e-01,9.9997159696770210e-01,8.6972375643716686e-14,2.0655580095481128e+05,-1.9675827532403928e+05,1.6709111166271051e+00,-3.8838947896241853e+03,1.0000000000000000e+00,
-4.3179645541929057e-01,-6.1397826885387630e-01,9.9989026081162413e-01,2.5032070519178916e-13,1.0223991428174777e+05,3.2995237457874464e+04,5.3303843000448126e-01,-3.1690150956725188e+03,1.0000000000000000e+00,
-9.1122918975074663e-01,-1.0397153080871042e+00,9.9999215260787566e-01,8.7602663955404166e-14,3.2357401381019445e+05,5.3146118276700145e+04,1.8857090961536205e+00,-3.8617262543006800e+03,1.0000000000000000e+00,
-7.7840134154495526e-03,-4.3330403612075169e-01,9.9998030714761255e-01,2.5241330226464418e-13,3.0850734592518565e+05,-1.1042885283876385e+05,1.7078659807630237e+00,-2.9748644582305724e+03,1.0000000000000000e+00,
-1.0246228428058826e+00,-9.4713565869682248e-01,9.9985929705463428e-01,8.8545132076983754e-14,1.1397712468844838e+05,-3.9143187703748117e+04,1.1990264368147763e+00,-3.6146900251856177e+03,1.0000000000000000e+00,
-7.7274641263753263e-01,-1.0125649619788442e+00,9.9993371146511012e-01,2.5541435118162024e-13,1.7478290319051885e+05,-1.2785422663161735e+05,2.0203899600664599e+00,-2.7410386081247088e+03,1.0000000000000000e+00,
6.1083022333061043e-01,-8.0220407194065979e-01,9.9998709107011996e-01,1.4002468589031354e-12,-6.2886986100261856e+04,-1.2364099415110395e+05,1.7329249863953397e+01,-7.2084972611855312e+02,1.0000000000000000e+00,
1.1272980620229177e-01,-7.2293469138462563e-01,9.9983685319425675e-01,1.2175199317663350e-12,-1.5156504551253311e+05,-3.5998846320864686e+05,8.1244804972861004e+00,-9.5490976313104397e+02,1.0000000000000000e+00,
1.2212522842217066e-01,-1.1827243986652236e+00,9.9994845639040697e-01,1.3840747430605810e-12,-6.2801201994999428e+04,-3.0719035617460759e+05,3.1366954830251359e-01,-9.3197351214843491e+02,1.0000000000000000e+00,
-5.1244482478997405e-02,-1.0181708526324980e+00,9.9987080669417905e-01,6.5988948791443620e-13,2.2153632575824449e+05,-8.7277595422792365e+04,3.3023847375486639e+00,-1.9638005368941865e+03,1.0000000000000000e+00,
2.2721492690785516e-01,-5.7036937812464406e-01,9.9997105105919271e-01,8.2927923204227125e-13,2.1546159743711178e+05,3.3662212793494109e+04,1.5562546043174166e+00,-1.3459760430793960e+03,1.0000000000000000e+00,
3.7405437130560482e-01,-7.8604786630660717e-01,9.9994566524166273e-01,6.7475860169756520e-13,1.7319301260202192e+05,1.0500780620741571e+05,3.5389953688438780e+00,-1.8280376593113865e+03,1.0000000000000000e+00,
-7.1181660022172299e-02,-9.6050687241761701e-01,9.9981618980050879e-01,8.4893464465481569e-13,-3.1553401356266113e+04,3.2743123972613830e+01,1.9552089248060511e-01,-1.1403815019353306e+03,1.0000000000000000e+00,
2.2275455993752433e-01,-3.3817009247117003e-01,9.9993482176461723e-01,1.1217910336282586e-12,6.1674159935365606e+04,-1.3079042876901512e+05,1.9790703135079912e+00,-9.4627130996659935e+02,1.0000000000000000e+00,
5.2483933764856883e-01,-6.1316569589811809e-01,9.9997108457740713e-01,1.1181617233003700e-12,5.1765813937925850e+04,-1.8410931718365900e+05,8.2584502407734401e+00,-9.5935328733901554e+02,1.0000000000000000e+00,
2.3562597473073518e-01,-6.4022456637152192e-01,9.9996161988281274e-01,1.3739770504007408e-12,9.0930167339667969e+04,-2.2841913799108879e+05,2.3724847181053690e+00,-9.8241548746872195e+02,1.0000000000000000e+00,
-1.4350748130257490e-01,-7.5026616817654512e-01,9.9997483587069114e-01,1.5338125368257137e-12,-1.1284038723097037e+05,-2.5401745030075399e+05,1.1548863606196988e+01,-5.9829626186119765e+02,1.0000000000000000e+00,
3.9945014697767989e-01,-7.7045614294990961e-01,9.9999901805481839e-01,1.3709695106169796e-12,-9.6538139508011227e+04,-1.7305455117487145e+05,1.3571583527756417e+00,-8.4888686726083733e+02,1.0000000000000000e+00,
4.1850122759033367e-03,-6.0167098603198832e-01,9.9996057019792728e-01,1.5315383837490306e-12,1.2642412444187357e+05,-8.2591452031055815e+04,1.4106106342717695e+00,-6.0737798535065178e+02,1.0000000000000000e+00,
-6.3395445364218594e-01,-8.5235974340805465e-01,9.9995573275649874e-01,4.2239198055014539e-13,-4.7755183738001506e+04,-1.1808434463467565e+05,1.5456190320760399e+00,-2.0328928107741081e+03,1.0000000000000000e+00,
1.6028944612232277e-01,-6.1454648362777053e-01,9.9996207338853982e-01,5.9000217543953578e-13,2.0824567467920133e+04,1.8513089878275059e+04,2.8267910646711414e+01,-1.9364397404033405e+03,1.0000000000000000e+00,
5.3716744893849167e-01,-7.7185247927865697e-01,9.9996380454327216e-01,1.2039997755435552e-12,-1.0396601798940828e+05,-2.0439975912407390e+05,7.1581495174049437e+00,-8.5214592911332716e+02,1.0000000000000000e+00,
-9.1596950514534614e-01,-1.0581567788406447e+00,9.9980541281657198e-01,2.5831658759010938e-13,2.4840748761420109e+05,7.6116673801426077e+04,8.5454647838201225e-02,-2.5281859092862983e+03,1.0000000000000000e+00,
5.1385209440350477e-01,-1.0979003581266940e+00,9.9990342408543476e-01,4.2750272019394256e-13,3.3163165650179144e+04,1.1943212183801079e+05,9.3795634629487701e+00,-1.7506126890361616e+03,1.0000000000000000e+00,
2.5409562648194917e-01,-8.8424378727706132e-01,9.9990775768842688e-01,5.9758677040603804e-13,1.4761078329094744e+05,7.8561291657424590e+04,9.3979732783829562e-01,-1.5322236220799055e+03,1.0000000000000000e+00,
1.6081676279713408e-01,-7.0523881457781090e-01,9.9996991982335048e-01,7.6959111774807152e-13,1.4946498927929206e+05,3.0816171361775196e+04,3.2780388002214167e+00,-1.0764269600493449e+03,1.0000000000000000e+00,
-1.6832725995744865e-01,-9.3226590757102401e-01,9.9998677887315235e-01,6.0237220214602907e-13,8.0267237599633518e+04,1.1769637405092508e+05,6.5133314876598902e+00,-1.1521086426495499e+03,1.0000000000000000e+00,
4.8134790440962749e-01,-2.4668566243627096e-01,9.9999999980132381e-01,7.7419242042966762e-13,7.7685316108356346e+04,-1.4981585064716492e+05,3.2364885670088217e+00,-7.6214537837671628e+02,1.0000000000000000e+00,
-2.7926567078942324e-02,-6.6187262520297940e-01,9.9999619612458213e-01,1.1175158890994982e-12,-2.7925571606410085e+04,1.3524526770760713e+04,2.5794131650872195e+01,-8.5894564394865563e+02,1.0000000000000000e+00,
7.5272057746171672e-01,-3.3356516604129516e-01,9.9999994760889133e-01,1.2863916279885459e-12,-7.4415787855612871e+04,-1.6714666928079241e+05,1.5716574111253134e+01,-8.0096719687418397e+02,1.0000000000000000e+00,
-6.2162762823478934e-01,-8.8121597293240539e-01,9.9991189023930072e-01,1.4485797261415306e-12,8.7455435885018960e+04,-1.2977916971762461e+05,1.7321338734673795e+00,-8.1724389672196310e+02,1.0000000000000000e+00,
4.5798018658227045e-02,-9.0167254372632111e-01,9.9996043772237619e-01,1.6071268945378668e-12,-5.3441800249907828e+04,-1.2492443780963513e+05,2.7488854045885205e+00,-4.8251582095500601e+02,1.0000000000000000e+00,
2.3666233683321836e-01,-4.8736466631150854e-01,9.9999999985383226e-01,1.4475971927088314e-12,4.3485083043348277e+04,-1.6409751471152413e+04,1.5754696149710796e+01,-7.8929250963003904e+02,1.0000000000000000e+00,
4.3601980022197717e-01,-5.2924896002337063e-01,9.9999999999333888e-01,1.6062761538344118e-12,4.9610652174682764e+04,-1.8978732844923361e+05,9.5672394170813746e-01,-4.8323014453710391e+02,1.0000000000000000e+00,
-9.8262386635860982e-02,-8.8602958041521851e-01,9.9996631196210606e-01,1.9096441882784427e-12,8.4734434600817622e+04,-1.9539186431815033e+05,3.1969306964315649e+00,-7.0108903408738638e+02,1.0000000000000000e+00,
-3.9414045557283722e-01,-7.7780719712142854e-01,9.9999990281727913e-01,2.0540861450827428e-12,1.6922928313979355e+04,-1.4168950401449110e+05,1.8691790596440550e+00,-4.0767341655602240e+02,1.0000000000000000e+00,
5.5132258090887043e-01,-5.1619057454255823e-01,9.9999994521171121e-01,2.1932271779390995e-12,-4.3877439599276113e+04,-1.0217451529317623e+05,1.6796184730747399e-01,-2.0423221106241135e+02,1.0000000000000000e+00,
5.2529350668731922e-01,-6.6129242129624033e-01,9.9999999999611622e-01,1.9094933079557093e-12,5.1723872103873873e+04,-5.8973651314311428e+04,1.9808205104610010e-02,-7.0743638904924853e+02,1.0000000000000000e+00,
1.0726945647248023e-01,-6.6087777057068775e-01,9.9999999999857114e-01,2.0542070139987898e-12,1.4902219492360018e+04,-1.4553811804622965e+05,6.1056267804818454e-01,-4.8143100563034977e+02,1.0000000000000000e+00,
4.8180121993838354e-01,-2.1248221017327590e-01,9.9999999999938993e-01,2.1938394608227176e-12,5.7417625778088404e+04,-2.8492745397923572e+05,2.4082811151240335e-01,-3.6371157324430840e+02,1.0000000000000000e+00,
5.5112096899942531e-01,-8.8827919199399674e-01,9.9999999954918717e-01,5.3101376809447930e-15,3.3208226379298139e+03,3.1937379646989139e+05,3.4044936540151838e-01,-2.3701494246322022e+03,1.0000000000000000e+00,
-4.2565084596819641e-01,-1.2487340700126062e+00,9.9997412960451426e-01,1.7540043119362695e-13,7.3228782101637626e+04,2.1997489974846685e+05,3.8189250259335061e-01,-2.1957876251368612e+03,1.0000000000000000e+00,
-1.0268545863106282e-01,-1.2561590179192341e+00,9.9999508467859755e-01,3.4585055525672956e-13,2.4938001382489456e+05,1.6869605285097059e+05,1.7944054111734026e+01,-1.4898216682993534e+03,1.0000000000000000e+00,
5.4144882455375576e-01,-7.6289534904625023e-01,9.9999999998105393e-01,5.3450841343138359e-15,-1.1124655583323329e+04,2.4316071166629408e+05,5.5893452660962240e+00,-1.3724610409882287e+03,1.0000000000000000e+00,
-2.5520441993029563e-01,-7.4851099349247185e-01,9.9999538215512973e-01,1.7653436750616209e-13,2.3166496932810696e+04,7.5450621839406085e+04,1.7115926145168103e-01,-1.2465090941821718e+03,1.0000000000000000e+00,
4.5393946189996004e-01,-3.7879152101106012e-01,9.9999999992433364e-01,3.4796175721890352e-13,8.1111304648387886e+04,-7.3644258864602307e+04,8.0559194620759556e-01,-8.2074864651689995e+02,1.0000000000000000e+00,

145,9
1.1701267380853020e+00,7.1362784416109049e-01,1.0000191395856155e+00,1.6483931034175387e-13,7.1110514980445441e+04,-2.4882680329099385e+05,7.2268536427758299e+03,-5.1743123370468652e+02,1.0000000000000000e+00,
9.9848614639951738e-01,9.6344351734604938e-01,1.0000002143452817e+00,3.3525006338495926e-13,2.0143408389437827e+05,-7.8345997423720837e+04,7.0278812150162867e+03,-4.6319868697177128e+02,1.0000000000000000e+00,
9.3352408222984296e-01,8.3268343526580590e-01,1.0000060508777875e+00,4.2055949538214997e-13,3.5565271856748004e+05,4.3106482142757159e+04,4.8990205317455202e+03,-2.8701277538821682e+02,1.0000000000000000e+00,
1.1115910009212775e+00,1.1797108002884602e+00,1.0000002203661971e+00,1.6387746647257564e-13,7.9750991604878800e+04,-3.2497395348897990e+05,4.3448804413985126e+03,-1.2463741687405177e+03,1.0000000000000000e+00,
1.2263761939378517e+00,8.8679785532767030e-01,1.0007807080665561e+00,3.3337915523917934e-13,4.5670046250538144e+05,-2.6310706834595767e+05,6.4770871009264129e+03,-9.0248779750374274e+02,1.0000000000000000e+00,
1.0623690487043413e+00,8.1686807215952217e-01,1.0000089942628907e+00,4.1829167118946830e-13,3.2848084428686561e+05,-1.1059094149216398e+05,5.8692865058391808e+03,-6.0617223213186981e+02,1.0000000000000000e+00,
7.7433518391740175e-01,7.2666195153285484e-01,1.0001790571265901e+00,2.1063569380503721e-12,4.0531236294792761e+05,3.9367556862429774e+05,6.2102451816476159e+03,1.0338908767685189e+02,1.0000000000000000e+00,
1.2498124304443168e+00,6.2822631981471888e-01,1.0000011951245793e+00,2.1752882091074951e-12,1.3601446414708917e+05,4.2314535499183112e+05,3.7885048350086686e+03,1.3116910145838665e+02,1.0000000000000000e+00,
1.4015916583751828e+00,1.4827628162676383e+00,1.0000078757987452e+00,5.0337037105013515e-13,3.5732224728924775e+05,-5.1514724414324155e+04,5.2025024871696332e+03,-5.1590165684563749e+02,1.0000000000000000e+00,
1.3272906793944492e+00,9.3676308604149772e-01,1.0000389323327765e+00,1.5918369660385358e-12,1.5320374014161789e+05,1.4517010297704837e+04,4.2900268288681946e+03,-5.7871122177791517e+02,1.0000000000000000e+00,
1.0007402923642543e+00,8.4924003677707349e-01,1.0000108409688016e+00,1.9668695683090170e-12,2.4943636272822478e+05,3.4935290342811059e+05,4.7148106533880546e+03,-2.3881646469459315e+02,1.0000000000000000e+00,
1.1249933368661849e+00,6.0924095991588212e-01,1.0000516783833526e+00,2.1079455094083034e-12,3.7659770719081280e+05,3.2741061216279631e+05,9.1078524451758512e+03,4.4490284817912459e+02,1.0000000000000000e+00,
7.7239721409909912e-01,6.8065806248825567e-01,1.0000154707116797e+00,1.9680075531186725e-12,2.6838078723321232e+05,1.5611098800914915e+05,4.9292725453526573e+03,-1.7959504524839952e+02,1.0000000000000000e+00,
1.2861653986324004e+00,4.2171214016361769e-01,1.0000025197462841e+00,2.1087946424568206e-12,3.9347512208039698e+05,5.8196305834814848e+04,8.4805974684331450e+03,4.7652340262930886e+02,1.0000000000000000e+00,
1.2954869281455599e+00,9.7967778790158433e-01,1.0000282960055284e+00,8.4403268150332570e-13,2.8696560252417257e+05,-2.4511111358244671e+04,5.2561535157571079e+03,-4.8971931959569122e+02,1.0000000000000000e+00,
1.2342380548473066e+00,5.4621921734125789e-01,1.0000112309457683e+00,1.4364661624743201e-12,3.1713377776751731e+05,2.4461515993613139e+05,4.4813240906320179e+03,-2.6398103677546612e+02,1.0000000000000000e+00,
1.0918028390970185e+00,1.4419417750662031e+00,1.0000357101162300e+00,6.6961427648629761e-13,4.3316485567478521e+05,-6.1924469720282650e+04,5.6156280235108943e+03,-7.3433764489281600e+02,1.0000000000000000e+00,
1.2037637183676688e+00,5.7972334906017509e-01,1.0000464959632986e+00,1.1915071074934443e-12,3.2805122546260536e+05,1.8425077508303802e+05,6.4264975454752303e+03,-6.3930759098937062e+02,1.0000000000000000e+00,
1.0172929930530712e+00,2.7089657463482245e-02,1.0000226539894204e+00,1.1957860296379308e-12,1.5026415454110102e+05,7.9436119878626778e+04,4.0245656561362953e+03,-7.3535814118459018e+02,1.0000000000000000e+00,
1.6172080481901545e+00,5.9253791519709964e-01,1.0000251287758974e+00,1.2763398596581062e-12,3.2495507865502441e+05,2.6375417963799555e+05,4.7605732516806893e+03,-5.2394581318966789e+02,1.0000000000000000e+00,
6.7517841865717465e-01,7.2356498903014388e-01,1.0000958616829605e+00,1.7485321450115765e-12,1.6062767594143370e+05,7.0509146068498376e+04,2.9381003520213931e+03,-6.4559065733160287e+02,1.0000000000000000e+00,
1.0880208226065131e+00,4.8553248123567183e-01,1.0000641890642727e+00,1.0164285563469115e-12,2.4582606956208328e+05,8.3768641559447860e+04,3.4845816832160463e+03,-1.0591955349920095e+03,1.0000000000000000e+00,
1.4132368805978162e+00,8.0483320510451384e-01,1.0000401261611747e+00,1.3639174260368499e-12,1.4557070919739199e+05,9.0701972626277711e+04,5.3765169846314875e+03,-5.6765055136385433e+02,1.0000000000000000e+00,
6.8768735145375259e-01,5.8272228105069945e-01,1.0001243260625725e+00,4.1503627020852857e-13,5.1938922483139177e+05,-1.4876788646438799e+05,6.8993857728256289e+03,-1.2130250105309501e+03,1.0000000000000000e+00,
1.0500956953959013e+00,4.8753366704533424e-01,1.0000012325059604e+00,4.1048623516485964e-13,4.3214863797413127e+05,4.4413063749397406e+04,7.6381137267341919e+03,-1.7779321817969808e+03,1.0000000000000000e+00,
1.0941038531561738e+00,7.6831129882519411e-01,1.0000383853858799e+00,4.9373756385717355e-13,2.3499070799198525e+05,2.9243991969856143e+04,3.1960391027330784e+03,-1.6312547546617072e+03,1.0000000000000000e+00,
1.3922349091490129e+00,1.1646459316205817e+00,1.0000317094043669e+00,7.4710707527931488e-13,4.0366715287426050e+05,-1.1253853686681687e+05,6.0723800108002260e+03,-1.1461194345217564e+03,1.0000000000000000e+00,
1.3282344159254602e+00,1.1688986566126616e+00,1.0000388692188493e+00,9.2467772594416907e-13,1.3793758749403205e+05,1.1004376520078076e+05,3.6560285708469232e+03,-1.1704891086456216e+03,1.0000000000000000e+00,
1.4495360006369746e+00,3.0223670249356954e-01,1.0000552067088335e+00,1.1201659629764897e-12,1.3704335608513793e+05,1.1964857858865143e+05,4.6248044274187159e+03,-8.9853954363950083e+02,1.0000000000000000e+00,
1.1622936819281462e+00,7.9674041427236497e-02,1.0000069555543536e+00,1.2148802059822117e-12,1.2288228511169145e+05,1.7372483424178790e+04,2.7498348978720519e+03,-7.5708391062844100e+02,1.0000000000000000e+00,
9.0379442270048760e-01,5.8341686015600602e-01,1.0000405028535455e+00,7.2892584586367995e-13,2.7202308088732680e+05,5.6917959970164520e+04,5.3956830549591077e+03,-1.5584346337442737e+03,1.0000000000000000e+00,
1.6822695388732773e+00,6.3600534422355515e-01,1.0001405392684051e+00,9.0901323416739244e-13,1.6657441502346919e+05,0.0000000000000000e+00,6.3633206347715441e+03,-1.2381729571946557e+03,1.0000000000000000e+00,
1.5138227693991846e+00,4.8924684097687066e-01,1.0000245936328469e+00,1.1826070502934072e-12,2.2813485451123313e+05,1.2373784489167157e+05,6.8748100947711946e+03,0.0000000000000000e+00,1.0000000000000000e+00,
1.4114034483286322e+00,7.5439966375730061e-01,1.0000079273102878e+00,1.2729228850943753e-12,1.6131231932836853e+05,1.9061356782373186e+05,6.5998222801653064e+03,-5.1828383810398498e+02,1.0000000000000000e+00,
6.5723043628623490e-01,3.8691154629940155e-01,1.0001130558204705e+00,6.9936972597930230e-13,1.8631578294500068e+05,9.1632766084764444e+04,5.3700192626684839e+03,-1.7359519988470388e+03,1.0000000000000000e+00,
1.0029510142409603e+00,3.9216337257951667e-01,1.0000077490724089e+00,7.9638815657561649e-13,1.3157966558097833e+05,0.0000000000000000e+00,4.7052089605610417e+03,0.0000000000000000e+00,1.0000000000000000e+00,
0.0000000000000000e+00,0.0000000000000000e+00,0.0000000000000000e+00,0.0000000000000000e+00,0.0000000000000000e+00,0.0000000000000000e+00,0.0000000000000000e+00,0.0000000000000000e+00,0.0000000000000000e+00,
2.9480440802752733e-01,8.5052396933903485e-01,1.0000001239031333e+00,1.3010955191006670e-12,1.5362009185558127e+05,1.4974038427912205e+05,5.7709143188625803e+03,0.0000000000000000e+00,1.0000000000000000e+00,
1.5023121735108238e+00,6.2081434628111321e-01,1.0001291567171171e+00,1.2995616132085001e-12,1.9639214756372676e+05,1.4361614655671146e+05,6.2777487547921519e+03,-6.0526778814348779e+02,1.0000000000000000e+00,
1.9455031931007476e+00,6.5466841864156033e-01,1.0001299893033262e+00,1.3704148430378894e-12,9.2948278570087859e+04,1.6120700545326399e+05,6.5164076843371467e+03,-5.8190560331909637e+02,1.0000000000000000e+00,
1.5012294425850736e+00,1.0307821671099333e+00,1.0001556259926541e+00,1.6781761870243589e-12,2.6108755884378043e+05,7.9444389981128916e+04,5.4410833400344227e+03,-7.3749364754450903e+02,1.0000000000000000e+00,
1.3156241432650295e+00,9.4790769102222550e-01,1.0000825039772827e+00,1.8260419230826233e-12,1.1712478228877881e+05,1.8613600563112705e+05,3.9896233424038987e+03,-4.8679957780359950e+02,1.0000000000000000e+00,
1.4490564656750364e+00,1.1022057795954543e+00,1.0001059260209548e+00,1.9703097205638891e-12,2.0534354258946696e+05,1.8827221426284523e+05,9.6324775139717203e+03,-1.4509595948747153e+02,1.0000000000000000e+00,
1.6063045585873057e+00,4.5616330313414294e-01,1.0000015766311947e+00,2.1106004728934563e-12,3.0309107928667363e+05,2.7579445566622599e+04,8.2452848577250516e+03,4.2612086300126009e+02,1.0000000000000000e+00,
1.3543923736365047e+00,3.6717974341067550e-01,1.0000006166629498e+00,2.1791155945937612e-12,2.2787306951591745e+05,1.1401828535660607e+05,5.9628354667349113e+03,5.2645594397021887e+02,1.0000000000000000e+00,
1.5452705326260783e+00,7.8042388160313103e-01,1.0002090139151059e+00,1.6806796459036120e-12,2.1714168807779497e+05,2.6155192400423402e+05,3.9318240138736719e+03,-7.3850070681950513e+02,1.0000000000000000e+00,
1.8638801626790458e+00,4.9253936918882174e-01,1.0000794544158300e+00,1.8275937985192034e-12,1.1810821636886540e+05,1.9007587932021124e+04,3.3132566133767141e+03,-4.7060200109389132e+02,1.0000000000000000e+00,
1.9723702448374107e+00,7.7262055866734780e-01,1.0000289007522007e+00,1.9714064834263948e-12,1.4991989056152088e+05,1.9018087921784900e+04,9.1568313571523995e+03,-1.4590818610839040e+02,1.0000000000000000e+00,
1.8763012181059906e+00,5.6088335413277890e-01,1.0000001370416496e+00,2.1114951946722025e-12,1.7128598104689299e+05,-6.8352851225659833e+03,4.2923690110245016e+03,2.5045518511471266e+02,1.0000000000000000e+00,
1.1900125859320569e+00,8.0048764461156152e-01,1.0000006528413363e+00,2.1799556250688969e-12,2.7449132461431873e+05,-4.9262334881065181e+04,2.8262486760679030e+03,4.9802269996793348e+02,1.0000000000000000e+00,
2.1889421715459232e+00,9.3544315812140777e-01,1.0000438268600718e+00,1.5312765956008366e-12,7.7261958912856062e+04,3.2973272416473192e+05,6.7800648078122722e+03,-7.0822068291445885e+02,1.0000000000000000e+00,
7.9379112565660048e-01,1.0647639418795352e+00,1.0000134472079250e+00,3.2357887249216446e-13,3.8537487649825343e+05,3.3069131809758255e+04,4.9295799377778230e+03,-2.5745261351849776e+03,1.0000000000000000e+00,
7.7624357815193712e-01,4.8679955542668457e-01,1.0000453656886674e+00,4.0514659342504025e-13,4.3109974192735390e+05,5.6984997530256805e+04,7.9822931973269397e+03,-2.1403225431341211e+03,1.0000000000000000e+00,
8.0183776705769472e-01,5.0153332525439065e-01,1.0000009929421767e+00,3.2101709207633020e-13,3.8055803291308694e+05,1.0174945602465014e+05,4.8740032560769205e+03,-2.7974568550158210e+03,1.0000000000000000e+00,
8.6448156564048495e-01,5.8693157362949788e-01,1.0000009364661684e+00,4.0125231416967927e-13,3.9225400088577298e+05,-1.2324114218611503e+05,3.4060129426579242e+03,-2.3917832377872646e+03,1.0000000000000000e+00,
1.2160147085707929e+00,8.1132504569817776e-01,1.0000149658090733e+00,1.3975373513485635e-12,9.1427471792594588e+04,2.0734250904028013e+05,5.9823087670732839e+03,-5.5963514310412074e+02,1.0000000000000000e+00,
1.1826495252502665e+00,8.7948587366715747e-01,1.0000092953892601e+00,1.4671402994740461e-12,6.3151962512829050e+04,1.1201324694240029e+05,5.7398063297945091e+03,-6.3186292273758227e+02,1.0000000000000000e+00,
1.1052575563401967e+00,9.2635646342038847e-01,1.0000008786344692e+00,1.5355538608972449e-12,9.8803838040979463e+04,1.1078035473667551e+05,3.9766254390259533e+03,-7.0521637503344118e+02,1.0000000000000000e+00,
1.3732074136155463e+00,9.7595605209483771e-01,1.0000579261708389e+00,1.6829114529926512e-12,2.2226889114785445e+05,5.3300508641840133e+04,6.3146418797776396e+03,-7.5297023905733840e+02,1.0000000000000000e+00,
1.7145570437049671e+00,4.1194004074300844e-01,1.0000136045458703e+00,1.8300760403503977e-12,1.2225028391308006e+05,1.1200099923649395e+04,4.2499929077455045e+03,-4.6683488634410958e+02,1.0000000000000000e+00,
2.2330639275543427e+00,7.0318989361647444e-01,1.0000493325322086e+00,1.9732878772906153e-12,1.3352190980967280e+05,5.4012391275668051e+03,9.2370840902925283e+03,-1.5573882312639785e+02,1.0000000000000000e+00,
2.0277037115103047e+00,9.9782056467607405e-01,1.0000329680621158e+00,2.1131104757836958e-12,1.3130627616150450e+05,4.7610461455027689e+03,1.3245532712074062e+04,1.6456772521878088e+02,1.0000000000000000e+00,
2.4505979958776987e+00,1.2597789371761681e+00,1.0002475675349098e+00,2.2487558819376137e-12,1.1806840041369578e+05,1.4154491725839034e+04,1.1719980719672007e+04,2.8662290380899242e+02,1.0000000000000000e+00,
1.8713612725779276e+00,5.9199074639381388e-01,1.0000000000048865e+00,2.3148095143466723e-12,-3.8644823593222827e+04,9.6584910202493484e+04,5.6802778752742397e+03,1.3860418690834422e+02,1.0000000000000000e+00,
1.4365617048401240e+00,1.9917637898307464e-01,1.0000241045277078e+00,1.8307970882017676e-12,1.1857586706560251e+05,4.0972144963481696e+03,2.0054158305382903e+03,-4.7000710878836639e+02,1.0000000000000000e+00,
1.4678195730354735e+00,3.7557717502489363e-01,1.0000547940744935e+00,1.9739463074596718e-12,1.2252552527533408e+05,3.2401446031231899e+03,3.0778150478568405e+03,-1.7440703154080506e+02,1.0000000000000000e+00,
1.5947218025953582e+00,8.0771577269958350e-01,1.0000547789217726e+00,2.1137506658445626e-12,1.2097025055579725e+05,4.1805102635991352e+04,1.0239415936810141e+04,1.0703753408255136e+02,1.0000000000000000e+00,
1.3728724155274217e+00,8.2905448209872967e-01,1.0000022083834528e+00,2.2493968853665222e-12,9.5591493565596465e+04,1.2924658762229228e+05,6.8497662197880409e+03,2.0689001957789412e+02,1.0000000000000000e+00,
1.1362832994944752e+00,6.4922256114488153e-01,1.0000000000004114e+00,2.3154302760085756e-12,-5.9630065992941672e+04,3.1621071095127263e+04,3.0744899995038800e+03,1.0697976199927416e+02,1.0000000000000000e+00,
7.7721350918446563e-01,7.2884091314114419e-01,1.0000675842619040e+00,5.5725246217485025e-13,3.7126034860038781e+05,8.6688074365592911e+04,6.5040632681629713e+03,-2.1278719331135844e+03,1.0000000000000000e+00,
1.0581547300619183e+00,6.6466313814697353e-01,1.0000603800726156e+00,5.6207862723601215e-13,4.7126728826793260e+05,2.9835597330716264e+05,5.3149175905850680e+03,-2.0479393086670855e+03,1.0000000000000000e+00,
6.0589426812030811e-01,2.9664622593192314e-01,1.0000705060601598e+00,7.1534587581847130e-13,1.6822658955511142e+05,5.7507704253948759e+04,4.1481413164946844e+03,-1.6933581853424207e+03,1.0000000000000000e+00,
1.3037894578030162e+00,7.8590034865071279e-01,1.0000532295526070e+00,8.8519086387479355e-13,2.1089520889812702e+05,1.9985516829161340e+05,4.0278955551683762e+03,0.0000000000000000e+00,1.0000000000000000e+00,
1.7014010370484838e+00,3.7242814392749468e-01,1.0000027311817954e+00,1.1840772689725520e-12,2.6512049450476636e+05,1.4724633856945939e+05,6.9719452725955161e+03,0.0000000000000000e+00,1.0000000000000000e+00,
1.4969615819536610e+00,4.8289341827417176e-01,1.0000033633332726e+00,1.3011776430384235e-12,2.0833083545475383e+05,2.4752681959289475e+03,6.3093295783358890e+03,0.0000000000000000e+00,1.0000000000000000e+00,
1.0522783109473752e+00,1.3269944367075334e-01,1.0002535520578084e+00,5.6791441021319414e-13,2.4071368699139421e+05,4.1846347655348218e+05,4.7313435293036155e+03,-1.9454345436667982e+03,1.0000000000000000e+00,
8.4172020167523454e-01,4.0860660710959978e-01,1.0000257806994237e+00,7.3029181433149505e-13,2.3597589535461593e+05,9.3058222801718512e+04,4.5665190292023317e+03,-1.6661339613559173e+03,1.0000000000000000e+00,
1.3603204864330052e+00,4.3084312109525058e-01,1.0000287332611633e+00,9.1079516426524417e-13,2.2357501687419717e+05,9.8993542872404214e+04,4.3135336242944986e+03,-1.1176875716242357e+03,1.0000000000000000e+00,
1.7368474561177389e+00,5.0115469926846712e-01,1.0000065841696617e+00,1.1430719770489945e-12,2.3019475129609782e+05,2.4491975493024365e+05,3.1790906739286661e+03,-7.7048880435769706e+02,1.0000000000000000e+00,
1.3532653818161724e+00,9.3337517549228532e-01,1.0000004545286707e+00,1.2383826911436954e-12,1.4028965914971195e+05,-7.2263441591034643e+04,3.4905061488471288e+03,-6.1259562008437592e+02,1.0000000000000000e+00,
1.0334372454061074e+00,2.3949238056836436e-01,1.0000310867235942e+00,1.4019322417558874e-12,8.5371372133961995e+04,4.3687520388854318e+04,4.1329594746319826e+03,-6.5325090122840845e+02,1.0000000000000000e+00,
1.6080415957474428e+00,7.6786819266281670e-01,1.0000391028856910e+00,1.6855174723304376e-12,1.7190032798055327e+05,1.9349912818599842e+05,6.4910776280772370e+03,-7.3916149406433794e+02,1.0000000000000000e+00,
1.6101712756166400e+00,1.5728156830492365e-01,1.0000440302786535e+00,1.6856561178393772e-12,1.6845719485325681e+05,3.1717620689097093e+05,7.5709540828645795e+03,-6.9817239639620902e+02,1.0000000000000000e+00,
1.3908526563995227e+00,6.3001653985586636e-01,1.0000415186946368e+00,1.8311129185182389e-12,2.1551730933332292e+05,-1.1434793146642915e+04,5.6840242614897825e+03,-4.7987893435817580e+02,1.0000000000000000e+00,
1.2743126955157185e+00,3.6499109088872611e-01,1.0000053403797839e+00,1.9745840068546548e-12,1.4554711033608764e+05,4.6834889333185856e+03,5.1327803837925503e+03,-1.6425211011497743e+02,1.0000000000000000e+00,
1.4294569669068802e+00,8.9307566560644658e-01,1.0000248512035164e+00,2.1145835057511562e-12,1.5391305102541082e+05,4.4903292059098021e+04,1.1220702328018371e+04,2.0155175415893939e+02,1.0000000000000000e+00,
7.9892401793617240e-01,8.4152129062446801e-01,1.0000017466062727e+00,2.1830126980758660e-12,1.9339584119040956e+05,2.2028938194901421e+05,4.6719464512736622e+03,3.9808056409980975e+02,1.0000000000000000e+00,
2.1610314899107301e+00,8.4737549657428923e-01,1.0000911685213014e+00,1.8309641558892720e-12,3.7492662074994878e+05,1.3825187903685146e+05,7.0935532928396606e+03,-5.1933968637583587e+02,1.0000000000000000e+00,
1.6172730269386644e+00,8.9882272646252692e-01,1.0000114685345773e+00,1.9746175280690510e-12,1.5464395338749018e+05,1.5875120723883447e+04,5.2331988160566534e+03,-1.6226825919103078e+02,1.0000000000000000e+00,
1.3652847970244657e+00,9.5114730581809859e-01,1.0000000428625933e+00,2.1150108688234783e-12,1.7700726506135688e+05,2.5933828885799448e+04,1.0611013271906384e+04,2.3052229321891775e+02,1.0000000000000000e+00,
1.7217077132916661e+00,8.9366385089469536e-01,1.0000000000021889e+00,2.1836138484624841e-12,2.2068393707124487e+05,5.1051185097305279e+04,5.7990624645462285e+03,4.7371705855711014e+02,1.0000000000000000e+00,
1.6560506168365345e+00,8.1142083228680517e-01,1.0000647186376279e+00,1.8298340136999697e-12,2.6215171252401487e+05,1.6238040098648635e+05,4.9106227813007981e+03,-4.6389045501801240e+02,1.0000000000000000e+00,
1.4781218055876313e+00,1.0523813829404953e+00,1.0000036657445772e+00,1.9744720690327293e-12,1.4204391278927942e+05,2.1460103108949261e+04,4.9437803479179347e+03,-1.6824520313089477e+02,1.0000000000000000e+00,
1.8354606174979258e+00,7.3309325550162496e-01,1.0000374893483857e+00,2.1152920534275718e-12,1.7598739403174550e+05,-3.8274072690532194e+03,1.2867842037963977e+04,2.2190639866507809e+02,1.0000000000000000e+00,
1.1937375742535736e+00,6.6629719211008875e-01,1.0000000000021512e+00,2.1841250734127813e-12,2.0950512143159576e+05,-2.0465764484589454e+04,4.3163066611286094e+03,4.6095849733760929e+02,1.0000000000000000e+00,
1.0983520997504337e+00,3.7146942651151027e-01,1.0000239929702421e+00,1.8283818667750570e-12,1.5377077033623646e+05,2.0071024879377219e+05,4.3704193372504451e+03,-4.5869163263749613e+02,1.0000000000000000e+00,
1.0809749575575678e+00,6.2220769880913074e-01,1.0000763380682192e+00,1.9740777776140361e-12,1.3724988910057291e+05,7.3889681424756418e+03,5.1008056570806766e+03,-2.1453570113096862e+02,1.0000000000000000e+00,
1.0626053735351610e+00,4.6556658529389067e-01,1.0000000359199355e+00,2.1154142001694595e-12,1.6129242615898256e+05,-2.1533659202145645e+04,4.2053961116304481e+03,1.0770863894577701e+02,1.0000000000000000e+00,
1.1261638204525519e+00,6.4909223518150827e-01,1.0000000000020264e+00,2.1843809249737416e-12,2.2680401904258761e+05,-7.0547636074067850e+04,1.8650965135244828e+03,3.3004427535378989e+02,1.0000000000000000e+00,
1.0201096875259619e+00,4.2474202740607031e-01,1.0000448399182320e+00,2.4196750298679470e-13,4.1961252442804980e+05,1.0837172300631937e+05,4.3424554149492733e+03,-3.0392086708119095e+03,1.0000000000000000e+00,
8.3852382364009026e-01,4.1358524302002408e-01,1.0000177352911059e+00,4.0579758202375043e-13,4.2837499186839268e+05,3.7836763732235413e+05,5.3113973283833166e+03,-2.1882311270024679e+03,1.0000000000000000e+00,
1.1816175051350684e+00,4.0657679195543961e-01,1.0000436366900978e+00,2.4479989356736602e-13,4.2249593258782115e+05,1.4629468358015583e+05,9.0206913943704894e+03,-2.8070794627022578e+03,1.0000000000000000e+00,
9.9891640229422363e-01,3.8839990586576767e-01,1.0000833842629200e+00,4.1159795885666827e-13,4.8034474277037225e+05,2.1929366727285378e+05,4.9244635207768279e+03,-1.9898300977336298e+03,1.0000000000000000e+00,
9.2826052421554950e-01,9.6180491134177148e-02,1.0001423278888091e+00,2.4759751937018695e-13,4.0641767231750709e+05,3.9659162887680286e+05,9.5153901179880650e+03,-2.5752621263889587e+03,1.0000000000000000e+00,
8.8320263699436408e-01,4.5769007718496146e-01,1.0001135248509823e+00,4.1664101477093512e-13,3.7426245884787204e+05,1.9063598815774312e+05,7.4904096456891693e+03,-1.8191688890664918e+03,1.0000000000000000e+00,
1.0712869189638565e+00,2.8185869364097865e-01,1.0000438500128004e+00,1.4678987776816332e-12,1.2877920887075306e+05,1.8146596154701401e+05,3.2217108548757978e+03,-6.2749030484861862e+02,1.0000000000000000e+00,
1.7927297665747490e+00,9.3034006678889547e-01,1.0002361207287020e+00,1.3900110709001690e-12,5.9776313154080708e+04,1.9436579804223875e+05,8.7236997779336089e+03,-5.9765118362851240e+02,1.0000000000000000e+00,
1.7440514745320028e+00,4.8911586926269701e-01,1.0000348777745776e+00,1.5370944365647633e-12,2.8136892763295764e+05,2.7191125462055934e+05,5.9552204632406738e+03,-4.7068071232076829e+02,1.0000000000000000e+00,
9.7444195643429898e-01,3.6787911266426843e-01,1.0000545063686164e+00,8.3706579683187703e-13,4.6714844504239591e+05,1.9224738634748355e+05,4.7255438628296561e+03,-1.1921305371675073e+03,1.0000000000000000e+00,
1.2373723738164937e+00,4.2209733626034829e-01,1.0000199435609085e+00,1.0190422321676266e-12,2.8407604922823521e+05,1.4934100393831177e+05,4.2602938841643336e+03,-6.3841631053238586e+02,1.0000000000000000e+00,
1.3103392047448468e+00,1.3162564186397985e-01,1.0001029086654678e+00,8.4527796084596850e-13,4.1066647943175485e+05,3.9709333929693530e+05,3.7897854343688514e+03,-8.7931447130229355e+02,1.0000000000000000e+00,
1.2148760110502168e+00,4.5532550235425695e-01,1.0000337588035635e+00,1.0202594843945195e-12,2.3088891709679010e+05,2.8553637031465478e+05,4.5023457956537804e+03,-5.9423579498191339e+02,1.0000000000000000e+00,
1.3568632261216973e+00,8.7803866486486615e-01,1.0000044298652242e+00,1.2169491005769454e-12,3.2525106069679168e+05,1.8575859825507214e+05,5.0429722161857744e+03,-6.4073535181609020e+02,1.0000000000000000e+00,
1.3433525571295479e+00,5.6752815148703506e-01,1.0000685646184733e+00,1.1989470881326146e-12,3.1551525376074860e+05,1.1030807791196858e+05,5.9430774770812423e+03,-6.4490550138169340e+02,1.0000000000000000e+00,
1.3020434359306057e+00,3.4291518732045506e-01,1.0000135397021281e+00,1.5298904515043502e-12,3.3776512219342840e+05,8.5385835210283403e+04,3.3166982713646908e+03,-5.0630633231550109e+02,1.0000000000000000e+00,
1.4282934604527406e+00,3.1909889902876198e-01,1.0000268332742062e+00,1.6062181930912072e-12,1.4056215878897056e+05,7.6666152126278030e+04,5.9659295216758510e+03,-4.5532916152867165e+02,1.0000000000000000e+00,
1.3026972969252504e+00,2.1394143124411114e-01,1.0000046872431545e+00,1.5236831735091043e-12,1.9749380810677976e+05,1.4129230467793823e+05,4.9485490285606602e+03,-6.1668680670747983e+02,1.0000000000000000e+00,
8.4740106296028184e-01,3.5839213451575874e-01,1.0000017764560543e+00,1.6016259833141258e-12,2.2889148997504381e+05,6.1169778026574932e+04,7.2047732135342703e+03,-4.1778371952801683e+02,1.0000000000000000e+00,
1.3943515939372702e+00,5.0496427296971602e-01,1.0001384215389419e+00,5.8653654877637548e-13,2.3407238207812625e+05,3.5575867916997086e+05,4.8331878998136417e+03,-1.5245458689292873e+03,1.0000000000000000e+00,
1.6699303164282255e+00,4.2297317163751580e-01,1.0000058453125185e+00,6.7214383908920086e-13,1.9676012991359457e+05,4.4264988867540815e+05,7.1113743300055030e+03,-1.3597297578240893e+03,1.0000000000000000e+00,
1.6220145759906948e+00,6.7459021296987909e-01,1.0000001129594369e+00,1.3633213599389314e-12,5.9639639631626778e+04,1.5320564478838351e+05,3.8080274779281999e+03,-7.1096247109641763e+02,1.0000000000000000e+00,
6.4385171644004691e-01,4.6591897368512541e-01,1.0000642511324318e+00,4.2032737120670671e-13,5.5844382623908320e+05,5.0358525082270062e+05,7.4268677557826777e+03,-1.1248530952510996e+03,1.0000000000000000e+00,
1.1225151035684189e+00,3.9862737826306477e-01,1.0000975559683860e+00,5.0579949314099619e-13,2.6172765920366801e+05,5.1336602480085130e+05,7.6525533427333012e+03,-1.0188723929455376e+03,1.0000000000000000e+00,
1.3565353721800080e+00,5.4769998873484949e-01,1.0000190176898207e+00,7.6321021175095217e-13,2.2130990646294667e+05,2.0109630300012504e+05,5.1307181452769064e+03,-8.0312168055766404e+02,1.0000000000000000e+00,
1.0848524890765694e+00,2.2556351229107319e-01,1.0001176481244540e+00,9.3538826297911864e-13,2.9753924036988319e+05,1.8282597670799732e+05,5.2153322160108810e+03,-3.5274827497211436e+02,1.0000000000000000e+00,
9.6213320493067866e-01,2.1311133847843963e-01,1.0000007232869332e+00,7.6482959866971380e-13,2.0633917256237182e+05,3.4608699597951054e+05,7.0260772129585093e+03,-6.5450494840408589e+02,1.0000000000000000e+00,
1.0521504996455737e+00,2.3963762185150200e-01,1.0000000002372273e+00,9.3635765364103450e-13,2.5851388905092899e+05,1.1298853486933804e+05,1.9039950218985086e+03,-3.4463767042157770e+02,1.0000000000000000e+00,
1.3061297305608577e+00,4.9867396218362881e-01,1.0000010101550474e+00,1.2775844004602782e-12,8.4948032504580624e+04,1.6822652230499370e+05,5.8483862190809814e+03,-7.2471100132243066e+02,1.0000000000000000e+00,
1.5182023952739172e+00,4.2410032666010827e-01,1.0000001931117515e+00,1.3604176036955338e-12,8.5856439716763271e+04,4.5398191434217733e+04,2.4364996086523879e+03,-7.2964114190350904e+02,1.0000000000000000e+00,
8.9691600703948193e-01,4.0862407106934301e-01,1.0002138320042264e+00,1.5998095127715888e-12,2.2847002142546553e+05,5.2914560059164069e+04,6.0367448738992634e+03,-4.5291126783205766e+02,1.0000000000000000e+00,
1.1328108135746908e+00,1.5193635316120688e-01,1.0000008115136627e+00,1.6769390851306758e-12,2.0150238911999186e+05,2.2795079485502938e+05,4.2146112696010523e+03,-2.9507139789007579e+02,1.0000000000000000e+00,
1.5061058769039790e+00,4.0980166781460131e-01,1.0000000001024172e+00,1.5972302536297035e-12,1.9199627959249920e+05,2.2196330918585882e+05,5.3481259344231312e+03,-4.7806433751958900e+02,1.0000000000000000e+00,
9.0384510152494035e-01,1.6890190930682483e-01,1.0000000000222553e+00,1.6748671216892448e-12,1.7565571840647463e+05,-8.4676207535201684e+03,3.6558273778166586e+03,-3.0570385077400260e+02,1.0000000000000000e+00,
1.1765214576266798e+00,5.9509330764628687e-01,1.0000040904269905e+00,2.0453034478338141e-12,1.9402779723829881e+05,-1.9891584407545452e+04,6.5933729230368917e+03,-2.2638856864535353e+02,1.0000000000000000e+00,
1.5277146252369251e+00,6.8269284330680147e-01,1.0000000000030904e+00,2.1852232920459768e-12,1.4093204803545086e+05,-2.8916815054873587e+04,8.3450685380701998e+03,-6.6025429691934619e+01,1.0000000000000000e+00,
1.6190265673499307e+00,9.9599107108594975e-01,1.0000081305231441e+00,2.2532463287008903e-12,1.9619948554559232e+05,9.0705637252390443e+04,4.1402889547318682e+03,-1.0844371877012236e+01,1.0000000000000000e+00,
9.5861016573584457e-01,2.4435596087941588e-01,1.0000000000018812e+00,2.0454023479579822e-12,1.9326143139302585e+05,1.4498744892521063e+05,3.2471595581063848e+03,-4.3023637480820958e+02,1.0000000000000000e+00,
1.0449851099299079e+00,5.3232168269713631e-01,1.0000000000010312e+00,2.1855366599033145e-12,9.5480958876381919e+04,-5.6027881132597395e+04,3.4650052862093194e+03,-2.3544239929170874e+02,1.0000000000000000e+00,
8.2385947702610496e-01,3.9831553064610559e-01,1.0000000000004892e+00,2.2536516523885155e-12,1.9205449336238962e+05,-1.0469647333556204e+05,1.4053695253462076e+03,-6.6965544168386714e+01,1.0000000000000000e+00,
1.1178304426174859e+00,2.2351454367763529e-01,1.0000000000697724e+00,1.6577185987618274e-13,1.1563049716632377e+05,4.8299207170868031e+05,5.5669672838649667e+03,-1.3112808746596929e+03,1.0000000000000000e+00,
1.1296936277331435e+00,4.9227702642501042e-01,1.0000140403996187e+00,3.3713247652903919e-13,5.0198550276331662e+05,6.3657896965474356e+05,7.2991099492232652e+03,-8.9147318292739294e+02,1.0000000000000000e+00,
8.8616617259428188e-01,-5.0122015060788887e-02,1.0000364784111171e+00,4.2291065744530112e-13,4.7900577862541395e+05,3.4588416581676865e+05,5.6044416641188836e+03,-5.5001130956540135e+02,1.0000000000000000e+00,
1.4460419755782858e+00,7.5211947128127665e-01,1.0000000000423741e+00,1.6651227278406987e-13,9.5065412544074934e+04,3.3909149397320143e+05,6.8505360580640345e+03,-6.2982380553171572e+02,1.0000000000000000e+00,
1.2550619977647663e+00,2.5683991254737804e-01,1.0000137431952141e+00,3.3859320543917413e-13,2.3264576640297746e+05,3.0747597053804930e+05,5.1980454417143319e+03,-5.2798150251605034e+02,1.0000000000000000e+00,
8.9822280779417907e-01,9.0282854277350735e-02,1.0000000014599379e+00,4.2464834180138403e-13,3.3008064119514456e+05,2.0317023012639256e+05,3.9459380076714128e+03,-3.6551300252792214e+02,1.0000000000000000e+00,

