1
1
2
1
(4 0
((0,0) (31,31) (0,0))
((32,0) (63,31) (0,0))
((0,32) (31,63) (0,0))
((32,32) (63,63) (0,0))
)
4
FabOnDisk: SD_2_Old_MF_D_00000 0
FabOnDisk: SD_2_Old_MF_D_00001 0
FabOnDisk: SD_2_Old_MF_D_00002 0
FabOnDisk: SD_2_Old_MF_D_00003 0

4,2
-1.5836751657148183e-03,-1.1328170905630005e-02,
-3.1271940888769473e-03,-1.1052916293004963e-02,
-1.1317704987432053e-01,-2.4120028610870730e+00,
-7.4644878161357175e-01,-1.2986289927280437e+00,

4,2
1.0061591491379836e-02,6.3593430402549521e-04,
2.0294623794486575e-02,1.5415348991406919e-02,
7.1820821331582332e+00,6.4959175603715857e-01,
2.2264695159589564e+01,1.5101338361596371e+01,

