1
1
9
0
(6 0
((32,112) (47,127) (0,0))
((48,112) (63,127) (0,0))
((64,112) (71,127) (0,0))
((32,128) (47,143) (0,0))
((48,128) (63,143) (0,0))
((64,128) (71,143) (0,0))
)
6
FabOnDisk: Cell_D_00000 0
FabOnDisk: Cell_D_00000 18518
FabOnDisk: Cell_D_00000 37036
FabOnDisk: Cell_D_00000 46338
FabOnDisk: Cell_D_00000 64856
FabOnDisk: Cell_D_00000 83374

6,9
0.0000000000000000e+00,-7.3786810672110792e-01,0.0000000000000000e+00,-2.3135634613145464e-12,-7.3286423143702075e+02,-3.8779620796605059e+02,0.0000000000000000e+00,-6.4415144205898089e-01,0.0000000000000000e+00,
-8.6801183891876099e-01,-6.8879566895092725e-01,0.0000000000000000e+00,-7.3583048780915985e-14,-5.5583496139880606e+02,-5.0587652636220565e+02,0.0000000000000000e+00,-1.0872037982316662e+00,0.0000000000000000e+00,
-1.1658409543350953e-02,1.9359825481667026e-02,9.9999999999982281e-01,6.2083879573056457e-14,-4.4281213550374758e+01,-2.7278627010007796e+01,2.9476316727183871e-02,-1.7227883565768259e-01,1.0000000000000000e+00,
0.0000000000000000e+00,0.0000000000000000e+00,0.0000000000000000e+00,-2.4359818122104712e-12,-7.3286423143721322e+02,-5.2977576282854966e+02,0.0000000000000000e+00,-6.4415144205907393e-01,0.0000000000000000e+00,
-8.6801183891867895e-01,-8.1124112022840489e-01,0.0000000000000000e+00,-8.3037038058093757e-14,-5.5583496139882982e+02,-5.3763783358798639e+02,0.0000000000000000e+00,-1.0872037982316383e+00,0.0000000000000000e+00,
-1.1658409543337045e-02,-6.5020359754511736e-01,9.9999999999994027e-01,5.7947218000468322e-14,-4.4281213550376307e+01,-2.1198934861492799e+02,2.9476316706888994e-02,-1.7227883565766211e-01,1.0000000000000000e+00,

6,9
1.4605135343036648e+00,0.0000000000000000e+00,1.0000000000000391e+00,1.4857917687971090e-12,1.6012956791184359e+02,5.2977576282842494e+02,3.2842892011236108e+03,5.9108270220122006e-01,1.0000000000000000e+00,
1.4999570038547942e+00,8.1124112022844252e-01,1.0000000000002367e+00,6.0453174750032708e-13,8.5902417830832553e+02,5.3763783358798867e+02,2.5301024849041455e+03,0.0000000000000000e+00,1.0000000000000000e+00,
1.1160705276915590e+00,6.5020359754512458e-01,1.0000000000001417e+00,1.2866185578586041e-13,3.7599354633669179e+02,2.1198934861494587e+02,2.7433248752713627e+02,1.5949993914764926e-01,1.0000000000000000e+00,
1.4605135343036908e+00,7.3786810672105518e-01,1.0000000000001812e+00,1.5444740889071085e-12,1.6012956791185186e+02,3.8779620796610419e+02,3.2842892011234726e+03,5.9108270220122983e-01,1.0000000000000000e+00,
1.4999570038547703e+00,6.8879566895099820e-01,1.0000000000002149e+00,6.2908684272219183e-13,8.5902417830833588e+02,5.0587652636225823e+02,2.5301024849042487e+03,0.0000000000000000e+00,1.0000000000000000e+00,
1.1160705276915539e+00,-1.9359825481677542e-02,1.0000000000001374e+00,1.2874259117721785e-13,3.7599354633669043e+02,2.7278627009998200e+01,2.7433248752706720e+02,1.5949993914765148e-01,1.0000000000000000e+00,

