1
1
4
2
(4 0
((120,88) (127,95) (0,0))
((112,96) (127,111) (0,0))
((0,112) (63,127) (0,0))
((64,112) (127,127) (0,0))
)
4
FabOnDisk: SD_0_Old_MF_D_00003 0
FabOnDisk: SD_0_Old_MF_D_00002 0
FabOnDisk: SD_0_Old_MF_D_00000 0
FabOnDisk: SD_0_Old_MF_D_00001 0

4,4
-1.6574689605390180e-01,-5.2925204911208668e-01,9.9999999999868572e-01,0.0000000000000000e+00,
-1.5713516732297120e-01,-6.5844450719034542e-01,9.9993836264145386e-01,0.0000000000000000e+00,
-7.4745298178728631e-02,4.3585939287452293e-04,9.9999999999916589e-01,0.0000000000000000e+00,
-5.3935768325165799e-02,-6.6759187691401956e-01,9.9999998636100385e-01,0.0000000000000000e+00,

4,4
-1.1358873630413859e-03,-1.2280577030313267e-02,9.9999999999999833e-01,0.0000000000000000e+00,
8.5472046351072403e-02,-4.2372174336473965e-02,1.0002120638151311e+00,0.0000000000000000e+00,
9.1745213405643855e-01,1.9930644636135472e-01,1.0000000000004303e+00,0.0000000000000000e+00,
9.4156493829190768e-01,7.8242563994246894e-02,1.0000000027695590e+00,0.0000000000000000e+00,

