1
1
4
4
(6 0
((32,112) (47,127) (0,0))
((48,112) (63,127) (0,0))
((64,112) (71,127) (0,0))
((32,128) (47,143) (0,0))
((48,128) (63,143) (0,0))
((64,128) (71,143) (0,0))
)
6
FabOnDisk: SD_0_New_MF_D_00000 0
FabOnDisk: SD_0_New_MF_D_00000 18518
FabOnDisk: SD_0_New_MF_D_00000 37036
FabOnDisk: SD_0_New_MF_D_00000 49410
FabOnDisk: SD_0_New_MF_D_00000 67928
FabOnDisk: SD_0_New_MF_D_00000 86446

6,4
2.9225403522199989e-02,-7.3786810672110748e-01,9.9999999999914158e-01,-2.3135634725059887e-12,
-8.6801183891876088e-01,-6.8879566895092770e-01,9.9999999999903499e-01,-7.3583051477812180e-14,
-1.1658409543350283e-02,1.9359825481666260e-02,9.9999999999982270e-01,6.2083877939910011e-14,
2.9225403522196280e-02,1.5037116603724570e-02,9.9999999999925937e-01,-2.4359818265100519e-12,
-8.6801183891867972e-01,-8.1124112022840356e-01,9.9999999999930400e-01,-8.3037047563857126e-14,
-1.1658409543336537e-02,-6.5020359754511670e-01,9.9999999999994027e-01,5.7947211767549391e-14,

6,4
1.0000000000000000e+40,1.0000000000000000e+40,1.0000000000000000e+40,1.0000000000000000e+40,
1.0000000000000000e+40,1.0000000000000000e+40,1.0000000000000000e+40,1.0000000000000000e+40,
1.1160705276915586e+00,6.5020359754512436e-01,1.0000000000001419e+00,1.2866185352204835e-13,
1.0000000000000000e+40,1.0000000000000000e+40,1.0000000000000000e+40,1.0000000000000000e+40,
1.0000000000000000e+40,1.0000000000000000e+40,1.0000000000000000e+40,1.0000000000000000e+40,
1.1160705276915546e+00,-1.9359825481678319e-02,1.0000000000001374e+00,1.2874258707916040e-13,

