1
1
2
4
(6 0
((32,112) (47,127) (0,0))
((48,112) (63,127) (0,0))
((64,112) (71,127) (0,0))
((32,128) (47,143) (0,0))
((48,128) (63,143) (0,0))
((64,128) (71,143) (0,0))
)
6
FabOnDisk: SD_2_Old_MF_D_00000 0
FabOnDisk: SD_2_Old_MF_D_00000 9302
FabOnDisk: SD_2_Old_MF_D_00000 18604
FabOnDisk: SD_2_Old_MF_D_00000 24834
FabOnDisk: SD_2_Old_MF_D_00000 34136
FabOnDisk: SD_2_Old_MF_D_00000 43438

6,2
-7.3263097193798865e+02,-3.8886018154924392e+02,
-5.5521267590973025e+02,-5.1092032531733747e+02,
-4.4081128658173547e+01,-2.6445220289930820e+01,
-7.3263097193795443e+02,-5.2991206780087589e+02,
-5.5521267590975629e+02,-5.4155129667027416e+02,
-4.4081128658173292e+01,-2.0838167539095710e+02,

6,2
1.6017270300788934e+02,5.2991206780077118e+02,
8.6970189759675918e+02,5.4155129667027529e+02,
3.6445481501149601e+02,2.0838167539097617e+02,
1.6017270300789690e+02,3.8886018154929280e+02,
8.6970189759678647e+02,5.1092032531739346e+02,
3.6445481501148538e+02,2.6445220289922936e+01,

