1
1
2
4
(6 0
((32,112) (47,127) (0,0))
((48,112) (63,127) (0,0))
((64,112) (71,127) (0,0))
((32,128) (47,143) (0,0))
((48,128) (63,143) (0,0))
((64,128) (71,143) (0,0))
)
6
FabOnDisk: SD_2_Old_MF_D_00000 0
FabOnDisk: SD_2_Old_MF_D_00000 9302
FabOnDisk: SD_2_Old_MF_D_00000 18604
FabOnDisk: SD_2_Old_MF_D_00000 24834
FabOnDisk: SD_2_Old_MF_D_00000 34136
FabOnDisk: SD_2_Old_MF_D_00000 43438

6,2
-5.6025413735938457e+02,-2.2424244333922883e+02,
-3.1692662986329685e+02,-2.2244718241559531e+02,
-1.1306104667694896e+02,-2.5407836098006496e+02,
-5.6023314138986416e+02,-4.5380482268450902e+02,
-3.1694957927252204e+02,-1.7391974512897758e+02,
-1.1323197057206607e+02,-1.1564929058233520e+02,

6,2
1.5346301109398300e+02,4.5373791546171816e+02,
1.0411881441336790e+02,1.7401511785210096e+02,
2.5842774797011418e+02,1.1538227744550372e+02,
1.5349052863577060e+02,2.2416338855186874e+02,
1.0421686907765965e+02,2.2251570845912994e+02,
2.5930132736474417e+02,2.5419969320179933e+02,

