1
1
8
0
(2 0
((96,104) (127,127) (0,0))
((0,120) (95,127) (0,0))
)
2
FabOnDisk: Cell_D_00000 0
FabOnDisk: Cell_D_00000 49239

2,8
-2.7505286223566261e-01,-6.2030444952375685e-01,9.9980157128562741e-01,0.0000000000000000e+00,-7.4714630925193526e-01,-1.4973322697851781e+00,1.1964917124851482e-04,-4.6574533326246045e-02,
-7.1497080897760051e-02,6.7193636270278888e-05,9.9996242818289749e-01,0.0000000000000000e+00,-1.8307863915424138e-01,-9.5826941614717676e+00,1.7308986411714589e-01,-1.3176175387976458e-01,

2,8
9.1726692836017021e-01,4.6889571321943262e-02,1.0000000020585025e+00,0.0000000000000000e+00,3.4850881453163801e+01,3.0436207337485421e+01,6.6447567982683438e+01,7.1975866802521582e-01,
9.0919283531027872e-01,1.9901992710594349e-01,1.0000002334627489e+00,0.0000000000000000e+00,1.3291603390931954e+01,7.8063466627556579e+00,7.2725350464276914e+01,-8.6377869541843654e-04,

