1
1
2
4
(64 0
((0,0) (15,15) (0,0))
((16,0) (31,15) (0,0))
((32,0) (47,15) (0,0))
((48,0) (63,15) (0,0))
((64,0) (79,15) (0,0))
((80,0) (95,15) (0,0))
((96,0) (111,15) (0,0))
((112,0) (127,15) (0,0))
((0,16) (15,31) (0,0))
((16,16) (31,31) (0,0))
((32,16) (47,31) (0,0))
((48,16) (63,31) (0,0))
((64,16) (79,31) (0,0))
((80,16) (95,31) (0,0))
((96,16) (111,31) (0,0))
((112,16) (127,31) (0,0))
((0,32) (15,47) (0,0))
((16,32) (31,47) (0,0))
((32,32) (47,47) (0,0))
((48,32) (63,47) (0,0))
((64,32) (79,47) (0,0))
((80,32) (95,47) (0,0))
((96,32) (111,47) (0,0))
((112,32) (127,47) (0,0))
((0,48) (15,63) (0,0))
((16,48) (31,63) (0,0))
((32,48) (47,63) (0,0))
((48,48) (63,63) (0,0))
((64,48) (79,63) (0,0))
((80,48) (95,63) (0,0))
((96,48) (111,63) (0,0))
((112,48) (127,63) (0,0))
((0,64) (15,79) (0,0))
((16,64) (31,79) (0,0))
((32,64) (47,79) (0,0))
((48,64) (63,79) (0,0))
((64,64) (79,79) (0,0))
((80,64) (95,79) (0,0))
((96,64) (111,79) (0,0))
((112,64) (127,79) (0,0))
((0,80) (15,95) (0,0))
((16,80) (31,95) (0,0))
((32,80) (47,95) (0,0))
((48,80) (63,95) (0,0))
((64,80) (79,95) (0,0))
((80,80) (95,95) (0,0))
((96,80) (111,95) (0,0))
((112,80) (127,95) (0,0))
((0,96) (15,111) (0,0))
((16,96) (31,111) (0,0))
((32,96) (47,111) (0,0))
((48,96) (63,111) (0,0))
((64,96) (79,111) (0,0))
((80,96) (95,111) (0,0))
((96,96) (111,111) (0,0))
((112,96) (127,111) (0,0))
((0,112) (15,127) (0,0))
((16,112) (31,127) (0,0))
((32,112) (47,127) (0,0))
((48,112) (63,127) (0,0))
((64,112) (79,127) (0,0))
((80,112) (95,127) (0,0))
((96,112) (111,127) (0,0))
((112,112) (127,127) (0,0))
)
64
FabOnDisk: SD_2_Old_MF_D_00002 0
FabOnDisk: SD_2_Old_MF_D_00002 9300
FabOnDisk: SD_2_Old_MF_D_00002 18600
FabOnDisk: SD_2_Old_MF_D_00002 27900
FabOnDisk: SD_2_Old_MF_D_00003 0
FabOnDisk: SD_2_Old_MF_D_00003 9300
FabOnDisk: SD_2_Old_MF_D_00003 18600
FabOnDisk: SD_2_Old_MF_D_00003 27901
FabOnDisk: SD_2_Old_MF_D_00002 37200
FabOnDisk: SD_2_Old_MF_D_00002 46500
FabOnDisk: SD_2_Old_MF_D_00002 55800
FabOnDisk: SD_2_Old_MF_D_00002 65100
FabOnDisk: SD_2_Old_MF_D_00003 37203
FabOnDisk: SD_2_Old_MF_D_00003 46503
FabOnDisk: SD_2_Old_MF_D_00003 55803
FabOnDisk: SD_2_Old_MF_D_00003 65104
FabOnDisk: SD_2_Old_MF_D_00002 74400
FabOnDisk: SD_2_Old_MF_D_00002 83700
FabOnDisk: SD_2_Old_MF_D_00002 93000
FabOnDisk: SD_2_Old_MF_D_00002 102300
FabOnDisk: SD_2_Old_MF_D_00003 74406
FabOnDisk: SD_2_Old_MF_D_00003 83706
FabOnDisk: SD_2_Old_MF_D_00003 93006
FabOnDisk: SD_2_Old_MF_D_00003 102307
FabOnDisk: SD_2_Old_MF_D_00002 111600
FabOnDisk: SD_2_Old_MF_D_00002 120900
FabOnDisk: SD_2_Old_MF_D_00002 130200
FabOnDisk: SD_2_Old_MF_D_00002 139500
FabOnDisk: SD_2_Old_MF_D_00003 111609
FabOnDisk: SD_2_Old_MF_D_00003 120909
FabOnDisk: SD_2_Old_MF_D_00003 130209
FabOnDisk: SD_2_Old_MF_D_00003 139510
FabOnDisk: SD_2_Old_MF_D_00000 0
FabOnDisk: SD_2_Old_MF_D_00000 9300
FabOnDisk: SD_2_Old_MF_D_00000 18600
FabOnDisk: SD_2_Old_MF_D_00000 27900
FabOnDisk: SD_2_Old_MF_D_00001 0
FabOnDisk: SD_2_Old_MF_D_00001 9300
FabOnDisk: SD_2_Old_MF_D_00001 18600
FabOnDisk: SD_2_Old_MF_D_00001 27901
FabOnDisk: SD_2_Old_MF_D_00000 37200
FabOnDisk: SD_2_Old_MF_D_00000 46500
FabOnDisk: SD_2_Old_MF_D_00000 55800
FabOnDisk: SD_2_Old_MF_D_00000 65100
FabOnDisk: SD_2_Old_MF_D_00001 37203
FabOnDisk: SD_2_Old_MF_D_00001 46503
FabOnDisk: SD_2_Old_MF_D_00001 55803
FabOnDisk: SD_2_Old_MF_D_00001 65104
FabOnDisk: SD_2_Old_MF_D_00000 74400
FabOnDisk: SD_2_Old_MF_D_00000 83701
FabOnDisk: SD_2_Old_MF_D_00000 93002
FabOnDisk: SD_2_Old_MF_D_00000 102303
FabOnDisk: SD_2_Old_MF_D_00001 74406
FabOnDisk: SD_2_Old_MF_D_00001 83707
FabOnDisk: SD_2_Old_MF_D_00001 93008
FabOnDisk: SD_2_Old_MF_D_00001 102310
FabOnDisk: SD_2_Old_MF_D_00000 111604
FabOnDisk: SD_2_Old_MF_D_00000 120906
FabOnDisk: SD_2_Old_MF_D_00000 130208
FabOnDisk: SD_2_Old_MF_D_00000 139510
FabOnDisk: SD_2_Old_MF_D_00001 111613
FabOnDisk: SD_2_Old_MF_D_00001 120915
FabOnDisk: SD_2_Old_MF_D_00001 130217
FabOnDisk: SD_2_Old_MF_D_00001 139520

64,2
-7.9577055767066662e-01,3.9360426317868596e-03,
-8.1955821020447639e-01,-6.5729652637031688e-01,
-2.6123770002852836e-01,-7.1038503050319413e-01,
3.9209626407473097e-01,-4.1361321076867380e-01,
4.3412397373670814e-01,1.0124767577887996e-03,
2.2485811131237482e-01,4.5264847983310132e-03,
1.2107217165891755e-01,2.1557812482283518e-03,
7.2816879356811026e-02,5.1499976449653890e-05,
-3.0540241916759010e+00,1.8204181001657671e-01,
-3.2619887355695307e+00,-3.1761103703383973e+00,
-7.2352573421411415e-01,-3.2693794709326940e+00,
6.7818864909421739e-01,-8.8499765241021155e-01,
3.1075815465853485e-01,1.0547843478194852e-01,
7.3121503608542027e-02,1.5293392090123578e-01,
1.8687127108634134e-02,6.8433183918470586e-02,
6.7273580512513496e-03,1.5967577836167636e-03,
-1.1703070490580620e+01,9.4493631892657748e-01,
-1.9253204542543109e+01,-2.4724808509120447e+01,
-2.7632669193571582e+00,-2.5204762726999352e+01,
2.1854990121779805e-01,-8.8595217776343183e-01,
-3.7786982367678962e-01,5.9961200879503362e-01,
-3.5534527682072298e-01,2.8292673084577769e-01,
-2.0034496863103854e-01,9.4387736437273911e-02,
-1.1047324164913400e-01,1.9802165119043335e-03,
-1.5061485289818581e+01,6.3736193855706702e-01,
-5.1010051981132170e+02,-2.1386933685909727e+02,
-9.0570846225801205e+01,-2.4627832560619098e+02,
-2.7142163388126573e+01,3.1481302468320210e-01,
-4.1615271660845545e+00,3.8288332144459584e-02,
-1.0369957510934422e+00,1.1071897439837925e-02,
-3.7049295020275030e-01,3.4226347247451111e-03,
-1.7562293157664516e-01,6.9859198838464760e-05,
-1.5061766099573692e+01,-4.8957405983971903e+01,
-5.0819603992886152e+02,-4.5912113499300347e+02,
-9.0236597194670082e+01,-1.0570821369583504e+02,
-2.7154251430267472e+01,-3.1312968453738190e+01,
-4.1614745157650921e+00,-2.9996763450095303e+00,
-1.0370002747752445e+00,-7.7523604832691984e-01,
-3.7049088321575474e-01,-2.5627673954589780e-01,
-1.7562189950991017e-01,-8.3620376585225517e-02,
-1.1702840423525641e+01,-9.4108762847972720e+00,
-1.9252592850734626e+01,-6.8562814265511429e+00,
-2.7654323756020482e+00,-2.8171143672382977e+00,
2.1873560475978363e-01,-4.9016391279419587e+00,
-3.7777896370125380e-01,-2.6496774301976567e+00,
-3.5527015020209418e-01,-7.9474861499215665e-01,
-2.0030042313608748e-01,-2.9588301455055355e-01,
-1.1044074469541697e-01,-1.0559612139421523e-01,
-3.0540578521226780e+00,-2.8833423003406495e+00,
-3.2620571533173752e+00,-5.6790980234667132e-01,
-7.2372070816866452e-01,4.8687078053188670e-01,
6.7825893575626284e-01,-7.0128716160588478e-01,
3.1087085944290493e-01,-7.4378804356358508e-01,
7.3195337311947731e-02,-5.5163924838781575e-01,
1.8743801369755460e-02,-2.6891717174259983e-01,
6.7784416854677178e-03,-1.0241015528080362e-01,
-7.9579234410763300e-01,-7.0541700798656537e-01,
-8.1958386676193729e-01,-1.0323802616383432e-01,
-2.6125359439316298e-01,1.2953002893591583e-02,
3.9215319361909085e-01,-7.0282870780068618e-02,
4.3422030266316208e-01,-2.0564984693716784e-01,
2.2494116124177535e-01,-2.0424902237497464e-01,
1.2114151691649266e-01,-1.3817707531687529e-01,
7.2881126623341605e-02,-6.0282822890194911e-02,

64,2
-1.7011895335356485e-02,7.0540245244722444e-01,
-1.5904719478206863e-01,1.0323350967309215e-01,
6.0579900865394765e-01,-1.2951315632537923e-02,
7.6110158718238274e-01,7.0300060939927481e-02,
7.0358703685740287e-01,2.0563890084831793e-01,
4.2469980651026540e-01,2.0423687261009002e-01,
2.5334342352207695e-01,1.3816280057628605e-01,
1.5093876257702382e-01,6.0274877690491772e-02,
-3.7048633924114879e-02,2.8833110155357682e+00,
-3.4967782860553687e-01,5.6785349156523768e-01,
2.1986397147505228e+00,-4.8680226211973737e-01,
2.2033012369393132e+00,7.0127785125900122e-01,
1.0744390118295641e+00,7.4375696823847492e-01,
4.2025833757567815e-01,5.5159066114594069e-01,
2.1004591859124719e-01,2.6888176693879878e-01,
1.1289690351408037e-01,1.0239279458113131e-01,
-1.2275669182307131e-01,9.4110119256439937e+00,
-1.1681015836193545e+00,6.8564979980816654e+00,
1.5762629174663441e+01,2.8172455592056709e+00,
9.3681304684516729e+00,4.9009335098551103e+00,
1.1018955317204990e+00,2.6494501685842988e+00,
2.6254949804271216e-01,7.9464842509859424e-01,
5.2841817157214810e-02,2.9583620403949945e-01,
9.4445118464856984e-03,1.0557573639825413e-01,
5.8984559143200514e+01,4.8958375778824106e+01,
1.2939578288709902e+02,4.5957922072154042e+02,
2.5930438668089198e+02,1.0584499172655256e+02,
1.1716297138897556e+01,3.1313857208389653e+01,
-1.2617386654046564e-01,2.9994976986876605e+00,
-2.2693960666329568e-01,7.7512632868501496e-01,
-1.2123240449768280e-01,2.5621727229515140e-01,
-7.2470236368272864e-02,8.3593921585231490e-02,
5.8981990568514369e+01,-6.3798485492980173e-01,
1.2944610160185010e+02,2.1379160967571801e+02,
2.5935603940068768e+02,2.4617388870623665e+02,
1.1719053670338136e+01,-3.1527180308865232e-01,
-1.2602413459970213e-01,-3.8423335706846563e-02,
-2.2689630596300070e-01,-1.1143719408205580e-02,
-1.2120128148158130e-01,-3.4544998283142008e-03,
-7.2442895823154746e-02,-7.0766741175272394e-05,
-1.2275714221220579e-01,-9.4499519236444973e-01,
-1.1683241679937029e+00,2.4723976322012742e+01,
1.5764029207273756e+01,2.5204481428217353e+01,
9.3699463943330201e+00,8.8619109489086079e-01,
1.1021042014005884e+00,-5.9966442825791244e-01,
2.6265838545919928e-01,-2.8298744074487298e-01,
5.2912973798548403e-02,-9.4415563845363870e-02,
9.4994984732078448e-03,-1.9810220612254438e-03,
-3.7049244677435630e-02,-1.8204910129016341e-01,
-3.4970029133539055e-01,3.1762106867668001e+00,
2.1988026264920109e+00,3.2695332491583837e+00,
2.2034867215821081e+00,8.8520646415372295e-01,
1.0746266389053218e+00,-1.0546358297699439e-01,
4.2036087653686954e-01,-1.5294955571179678e-01,
2.1012760932419813e-01,-6.8442199530693276e-02,
1.1296517967868841e-01,-1.5970398593819627e-03,
-1.7012228433062413e-02,-3.9360771452703371e-03,
-1.5904247716959563e-01,6.5733679282518565e-01,
6.0586190957737485e-01,7.1043885267966078e-01,
7.6120518191479047e-01,4.1367428349177615e-01,
7.0370020358383834e-01,-1.0119253069300164e-03,
4.2479857921039355e-01,-4.5269057437869256e-03,
2.5342686646406754e-01,-2.1560419282942826e-03,
1.5101118115317921e-01,-5.1508329532133089e-05,

