1
1
9
0
(6 0
((32,112) (47,127) (0,0))
((48,112) (63,127) (0,0))
((64,112) (71,127) (0,0))
((32,128) (47,143) (0,0))
((48,128) (63,143) (0,0))
((64,128) (71,143) (0,0))
)
6
FabOnDisk: Cell_D_00001 0
FabOnDisk: Cell_D_00003 0
FabOnDisk: Cell_D_00003 18518
FabOnDisk: Cell_D_00000 0
FabOnDisk: Cell_D_00002 0
FabOnDisk: Cell_D_00002 18518

6,9
0.0000000000000000e+00,-7.1165946938169533e-01,0.0000000000000000e+00,-6.5323846924146123e-15,-5.9254836775838930e+02,-2.3901662989058829e+02,0.0000000000000000e+00,-4.1301971628485112e-01,0.0000000000000000e+00,
-1.1846017081927438e+00,-5.8545087822112396e-01,0.0000000000000000e+00,-7.7813953554052266e-15,-3.7773350128385056e+02,-2.7791598841881608e+02,0.0000000000000000e+00,-1.0705847918293077e+00,0.0000000000000000e+00,
-1.1973037578455745e+00,-2.4193931285750739e-03,9.9999999999974121e-01,-7.7769270188031340e-16,8.0780432580787220e+00,-2.8668322483080533e+02,1.5983244021926168e-01,-1.0739079203449919e+00,1.0000000000000000e+00,
0.0000000000000000e+00,0.0000000000000000e+00,0.0000000000000000e+00,-1.8103125384534280e-14,-5.9254906859558787e+02,-4.7441637790818135e+02,0.0000000000000000e+00,-4.1301958966494168e-01,0.0000000000000000e+00,
-1.1846017078526012e+00,-2.8614261230819737e-02,0.0000000000000000e+00,-3.9584129582287365e-15,-3.7773350259904981e+02,-2.3766999644373155e+02,0.0000000000000000e+00,-1.0705847910493611e+00,0.0000000000000000e+00,
-1.1973037575475292e+00,-4.5174055967030163e-01,9.9999999999971756e-01,-7.7015308968431693e-16,8.0780440146016410e+00,-1.3671759529813536e+02,1.5983252965590111e-01,-1.0739079199032910e+00,1.0000000000000000e+00,

6,9
1.3059508869520728e+00,0.0000000000000000e+00,1.0000000000001257e+00,1.7561053545155979e-14,1.5115409597710399e+02,4.7441630201638191e+02,2.8364323556689897e+03,6.0773102796556822e-01,1.0000000000000000e+00,
1.5762151925791985e+00,2.8614262250292306e-02,1.0000000000007827e+00,2.7805877992105933e-16,1.0526954985600030e+02,2.3767001514825023e+02,2.0902650033287141e+03,0.0000000000000000e+00,1.0000000000000000e+00,
1.5739873402962694e+00,4.5174055943735808e-01,1.0000000000002460e+00,3.8259769135707943e-15,3.0672722844797624e+02,1.3671759549701414e+02,1.3778202628954043e+03,-3.1745309878033534e-01,1.0000000000000000e+00,
1.3059508903188286e+00,7.1165948584501981e-01,1.0000000000001685e+00,1.7995241368881041e-14,1.5115409910475364e+02,2.3901673418560762e+02,2.8364325182496736e+03,6.0773103093471836e-01,1.0000000000000000e+00,
1.5762151947893401e+00,5.8545087365871162e-01,1.0000000000009690e+00,1.1595841108383602e-14,1.0526932205274669e+02,2.7791598802863103e+02,2.0902651622871226e+03,0.0000000000000000e+00,1.0000000000000000e+00,
1.5739873423186803e+00,2.4193922591178034e-03,1.0000000000001288e+00,3.8255759516723749e-15,3.0672722846496413e+02,2.8668322453045266e+02,1.3778202628976117e+03,-3.1745309871594746e-01,1.0000000000000000e+00,

