1
1
4
4
(4 0
((80,240) (95,255) (0,0))
((96,240) (111,255) (0,0))
((80,256) (95,271) (0,0))
((96,256) (111,271) (0,0))
)
4
FabOnDisk: SD_0_Old_MF_D_00000 0
FabOnDisk: SD_0_Old_MF_D_00000 18518
FabOnDisk: SD_0_Old_MF_D_00000 37037
FabOnDisk: SD_0_Old_MF_D_00000 55555

4,4
-2.7955495642207120e+44,-2.7955495642207120e+44,9.9999999999999911e-01,0.0000000000000000e+00,
-2.7955495642207120e+44,-2.7955495642207120e+44,9.9999999999999822e-01,0.0000000000000000e+00,
-2.7955495642207120e+44,-2.7955495642207120e+44,9.9999999999999933e-01,0.0000000000000000e+00,
-2.7955495642207120e+44,-2.7955495642207120e+44,9.9999999999999900e-01,0.0000000000000000e+00,

4,4
3.0781141781087888e+02,3.5266851982645974e+04,1.0000000000000000e+40,2.8523414234453409e-11,
2.5867619116114639e+02,2.2377813332989064e+02,1.0000000000000000e+40,2.4173604470143180e-11,
3.0781141781088354e+02,1.8234955314168312e+02,1.0000000000000000e+40,2.8614746788110257e-11,
2.5867619116115083e+02,3.5283054622329480e+04,1.0000000000000000e+40,2.5405270404112712e-11,

