1
1
9
0
(113 0
((0,152) (15,167) (0,0))
((0,168) (15,175) (0,0))
((24,152) (39,167) (0,0))
((224,152) (239,167) (0,0))
((72,160) (87,167) (0,0))
((184,160) (191,167) (0,0))
((40,168) (55,183) (0,0))
((40,184) (55,191) (0,0))
((56,168) (71,183) (0,0))
((120,168) (127,175) (0,0))
((208,168) (215,175) (0,0))
((136,176) (151,191) (0,0))
((152,176) (167,191) (0,0))
((200,176) (215,191) (0,0))
((168,184) (175,199) (0,0))
((0,192) (15,207) (0,0))
((48,192) (55,199) (0,0))
((96,168) (111,183) (0,0))
((96,184) (111,199) (0,0))
((128,192) (135,207) (0,0))
((160,192) (167,207) (0,0))
((192,192) (207,207) (0,0))
((208,192) (215,207) (0,0))
((224,192) (239,207) (0,0))
((240,192) (247,207) (0,0))
((224,208) (239,223) (0,0))
((240,208) (247,223) (0,0))
((224,224) (239,231) (0,0))
((240,224) (247,231) (0,0))
((32,200) (39,215) (0,0))
((136,200) (143,215) (0,0))
((136,216) (143,231) (0,0))
((112,208) (127,223) (0,0))
((112,224) (127,231) (0,0))
((176,208) (183,223) (0,0))
((184,208) (199,223) (0,0))
((200,208) (215,223) (0,0))
((184,224) (199,231) (0,0))
((200,224) (215,231) (0,0))
((56,216) (71,231) (0,0))
((40,224) (47,231) (0,0))
((160,224) (167,239) (0,0))
((8,232) (15,239) (0,0))
((24,232) (31,239) (0,0))
((80,232) (95,247) (0,0))
((96,232) (111,247) (0,0))
((112,232) (119,247) (0,0))
((80,248) (95,263) (0,0))
((96,248) (111,263) (0,0))
((112,248) (119,263) (0,0))
((184,232) (191,247) (0,0))
((184,248) (191,263) (0,0))
((232,232) (247,239) (0,0))
((24,240) (39,255) (0,0))
((24,256) (39,263) (0,0))
((216,240) (231,247) (0,0))
((8,248) (23,263) (0,0))
((208,248) (223,263) (0,0))
((224,248) (239,263) (0,0))
((16,264) (23,279) (0,0))
((64,264) (79,279) (0,0))
((80,264) (95,279) (0,0))
((96,264) (111,279) (0,0))
((128,264) (135,271) (0,0))
((184,264) (199,271) (0,0))
((192,272) (207,287) (0,0))
((216,272) (231,287) (0,0))
((0,280) (7,295) (0,0))
((96,280) (111,295) (0,0))
((136,280) (151,295) (0,0))
((152,280) (167,295) (0,0))
((136,296) (151,311) (0,0))
((152,296) (167,311) (0,0))
((168,280) (175,287) (0,0))
((16,288) (31,303) (0,0))
((16,304) (31,311) (0,0))
((168,288) (183,303) (0,0))
((192,288) (207,295) (0,0))
((80,296) (95,311) (0,0))
((96,296) (103,311) (0,0))
((80,312) (95,319) (0,0))
((96,312) (103,319) (0,0))
((192,296) (199,303) (0,0))
((200,296) (215,311) (0,0))
((216,296) (223,311) (0,0))
((56,304) (63,319) (0,0))
((56,320) (63,335) (0,0))
((56,336) (63,351) (0,0))
((56,352) (63,359) (0,0))
((184,304) (191,311) (0,0))
((16,312) (31,327) (0,0))
((32,312) (47,327) (0,0))
((48,312) (55,327) (0,0))
((120,312) (135,327) (0,0))
((120,328) (135,335) (0,0))
((184,312) (199,327) (0,0))
((200,312) (207,327) (0,0))
((208,312) (215,319) (0,0))
((136,320) (143,327) (0,0))
((160,320) (167,327) (0,0))
((0,328) (7,335) (0,0))
((8,328) (23,343) (0,0))
((32,328) (47,343) (0,0))
((88,328) (95,343) (0,0))
((136,328) (151,343) (0,0))
((152,328) (167,343) (0,0))
((184,328) (199,343) (0,0))
((208,328) (223,343) (0,0))
((224,328) (231,343) (0,0))
((8,344) (15,351) (0,0))
((16,344) (31,359) (0,0))
((32,344) (39,359) (0,0))
((48,344) (55,359) (0,0))
)
113
FabOnDisk: Cell_D_00000 0
FabOnDisk: Cell_D_00000 18517
FabOnDisk: Cell_D_00000 27818
FabOnDisk: Cell_D_00000 46336
FabOnDisk: Cell_D_00000 64856
FabOnDisk: Cell_D_00000 74158
FabOnDisk: Cell_D_00000 78854
FabOnDisk: Cell_D_00000 97372
FabOnDisk: Cell_D_00000 106674
FabOnDisk: Cell_D_00000 125192
FabOnDisk: Cell_D_00000 129888
FabOnDisk: Cell_D_00000 134584
FabOnDisk: Cell_D_00000 153104
FabOnDisk: Cell_D_00000 171624
FabOnDisk: Cell_D_00000 190144
FabOnDisk: Cell_D_00000 199448
FabOnDisk: Cell_D_00000 217965
FabOnDisk: Cell_D_00000 222659
FabOnDisk: Cell_D_00000 241178
FabOnDisk: Cell_D_00000 259697
FabOnDisk: Cell_D_00000 269001
FabOnDisk: Cell_D_00000 278305
FabOnDisk: Cell_D_00000 296825
FabOnDisk: Cell_D_00000 306129
FabOnDisk: Cell_D_00000 324649
FabOnDisk: Cell_D_00000 333953
FabOnDisk: Cell_D_00000 352473
FabOnDisk: Cell_D_00000 361777
FabOnDisk: Cell_D_00000 371081
FabOnDisk: Cell_D_00000 375777
FabOnDisk: Cell_D_00000 385079
FabOnDisk: Cell_D_00000 394383
FabOnDisk: Cell_D_00000 403687
FabOnDisk: Cell_D_00000 422207
FabOnDisk: Cell_D_00000 431511
FabOnDisk: Cell_D_00000 440815
FabOnDisk: Cell_D_00000 459335
FabOnDisk: Cell_D_00000 477855
FabOnDisk: Cell_D_00000 487159
FabOnDisk: Cell_D_00000 496463
FabOnDisk: Cell_D_00000 514981
FabOnDisk: Cell_D_00000 519675
FabOnDisk: Cell_D_00000 528979
FabOnDisk: Cell_D_00000 533672
FabOnDisk: Cell_D_00000 538366
FabOnDisk: Cell_D_00000 556884
FabOnDisk: Cell_D_00000 575403
FabOnDisk: Cell_D_00000 584707
FabOnDisk: Cell_D_00000 603225
FabOnDisk: Cell_D_00000 621744
FabOnDisk: Cell_D_00000 631048
FabOnDisk: Cell_D_00000 640352
FabOnDisk: Cell_D_00000 649656
FabOnDisk: Cell_D_00000 658960
FabOnDisk: Cell_D_00000 677478
FabOnDisk: Cell_D_00000 686780
FabOnDisk: Cell_D_00000 696084
FabOnDisk: Cell_D_00000 714601
FabOnDisk: Cell_D_00000 733121
FabOnDisk: Cell_D_00000 751641
FabOnDisk: Cell_D_00000 760943
FabOnDisk: Cell_D_00000 779461
FabOnDisk: Cell_D_00000 797979
FabOnDisk: Cell_D_00000 816498
FabOnDisk: Cell_D_00000 821194
FabOnDisk: Cell_D_00000 830498
FabOnDisk: Cell_D_00000 849018
FabOnDisk: Cell_D_00000 867538
FabOnDisk: Cell_D_00000 876838
FabOnDisk: Cell_D_00000 895357
FabOnDisk: Cell_D_00000 913877
FabOnDisk: Cell_D_00000 932397
FabOnDisk: Cell_D_00000 950917
FabOnDisk: Cell_D_00000 969437
FabOnDisk: Cell_D_00000 974133
FabOnDisk: Cell_D_00000 992651
FabOnDisk: Cell_D_00000 1001953
FabOnDisk: Cell_D_00000 1020473
FabOnDisk: Cell_D_00000 1029777
FabOnDisk: Cell_D_00000 1048295
FabOnDisk: Cell_D_00000 1057598
FabOnDisk: Cell_D_00000 1066900
FabOnDisk: Cell_D_00000 1071595
FabOnDisk: Cell_D_00000 1076291
FabOnDisk: Cell_D_00000 1094811
FabOnDisk: Cell_D_00000 1104115
FabOnDisk: Cell_D_00000 1113417
FabOnDisk: Cell_D_00000 1122719
FabOnDisk: Cell_D_00000 1132021
FabOnDisk: Cell_D_00000 1136715
FabOnDisk: Cell_D_00000 1141411
FabOnDisk: Cell_D_00000 1159929
FabOnDisk: Cell_D_00000 1178447
FabOnDisk: Cell_D_00000 1187749
FabOnDisk: Cell_D_00000 1206269
FabOnDisk: Cell_D_00000 1215573
FabOnDisk: Cell_D_00000 1234093
FabOnDisk: Cell_D_00000 1243397
FabOnDisk: Cell_D_00000 1248093
FabOnDisk: Cell_D_00000 1252789
FabOnDisk: Cell_D_00000 1257485
FabOnDisk: Cell_D_00000 1262177
FabOnDisk: Cell_D_00000 1280694
FabOnDisk: Cell_D_00000 1299212
FabOnDisk: Cell_D_00000 1308514
FabOnDisk: Cell_D_00000 1327034
FabOnDisk: Cell_D_00000 1345554
FabOnDisk: Cell_D_00000 1364074
FabOnDisk: Cell_D_00000 1382594
FabOnDisk: Cell_D_00000 1391898
FabOnDisk: Cell_D_00000 1396591
FabOnDisk: Cell_D_00000 1415109
FabOnDisk: Cell_D_00000 1424411

113,9
4.0683812279410470e-01,-1.1030224885138842e+00,9.9992954891709795e-01,5.0429910655648537e-15,-1.1179600899042271e+04,-7.5072874889677041e+04,1.9650054854892129e+00,-7.1678332608687549e+02,1.0000000000000000e+00,
5.4540435864939074e-01,-9.0581607268882181e-01,9.9995213526698712e-01,5.0314195843778870e-15,2.5239266280579614e+03,-1.3819257663416356e+05,7.6536253740187910e+00,-8.3518168472157538e+02,1.0000000000000000e+00,
-5.2723763920837600e-02,-4.0298519690929296e-01,9.9986783493171838e-01,2.4758518335383797e-13,-8.6936771377755213e+04,-3.3716350119818817e+05,8.4445824034085071e+00,-7.8323821175488661e+02,1.0000000000000000e+00,
2.1952248324026240e-02,-5.2491933069713037e-01,9.9999894528512157e-01,2.1369466115189244e-12,-3.3094330781200551e+04,-1.8556031094348727e+05,3.1673905955805282e-01,-2.9582700630742011e+02,1.0000000000000000e+00,
3.1243084797678533e-01,-3.0161589599869554e-01,9.9999814809618626e-01,7.3379184980354935e-13,-3.4397243325381714e+04,-1.6004196832682646e+05,2.2225017685061275e+00,-7.4311325368144560e+02,1.0000000000000000e+00,
-5.3212768465705244e-03,5.2818746270567318e-02,9.9999999978056120e-01,1.8033802873280522e-12,5.8375459633447463e+03,-1.0823876072542771e+05,1.9296986201864449e+01,-3.5519523329532706e+02,1.0000000000000000e+00,
6.6454715750973087e-02,-1.7514315241694292e-01,9.9986619354054929e-01,4.0766535969748837e-13,-2.6088116606450058e+03,-3.0325817248154490e+05,2.4418794240682686e+00,-1.0100748320198662e+03,1.0000000000000000e+00,
-1.0248915647223295e-01,-8.2797255950536608e-02,9.9999296910263169e-01,4.0631465187980770e-13,-1.4148053924806300e+04,-1.6216268278009666e+05,1.6579429674579771e+01,-1.0061700465704110e+03,1.0000000000000000e+00,
9.5380599368994470e-02,-7.2419363991942531e-01,9.9998842127005616e-01,5.6949794483915965e-13,-6.8901861325079517e+04,-1.5704571525569627e+05,2.7586167981058285e+00,-7.7708706336921932e+02,1.0000000000000000e+00,
4.0630681072862285e-01,-2.2274778684800586e-01,9.9999999161038811e-01,1.2126652624993536e-12,-2.3226642364531290e+04,-1.6051693683782214e+05,5.8406363799485383e+01,-5.3524793825739118e+02,1.0000000000000000e+00,
-1.4980444652123512e-01,-6.1542386143719119e-01,9.9987136104817387e-01,2.0079170230434986e-12,9.2166762655440834e+04,-6.5822452117655484e+04,4.6250718813435114e+01,-4.5440375282465845e+02,1.0000000000000000e+00,
-1.3917621785123119e-01,-6.5319197652100502e-01,9.9988094808359185e-01,1.3679582407576171e-12,-2.4442275225862977e+04,-1.2098845573995786e+05,2.6019485938482134e-01,-6.6054193615360884e+02,1.0000000000000000e+00,
4.6066653233739530e-01,-1.1174723599258345e-01,9.9974174410033234e-01,1.5180109353542903e-12,-4.7921958265494322e+04,-1.3258199060765764e+05,3.5925550714386301e-01,-5.6877239584104120e+02,1.0000000000000000e+00,
-2.3526619378247868e-01,-6.7569871155303618e-01,9.9975189746978343e-01,1.9418364562388940e-12,4.5342726503363519e+04,-9.7543665726555628e+04,3.8178801883605118e+00,-6.1987881556572552e+02,1.0000000000000000e+00,
6.2139302730433207e-02,1.0403022343271135e-02,9.9999766992645112e-01,1.6649792425482370e-12,-1.0809098778263724e+05,-1.8089878856790601e+05,1.8253203776167140e+01,-6.0279227638230691e+02,1.0000000000000000e+00,
1.7047239270921072e-01,-6.4834142605196921e-01,9.9999992172055763e-01,4.9592884375020464e-15,-4.6954549037461402e+04,-1.5759027915998013e+05,2.4952091203459048e-01,-1.0750096936451323e+03,1.0000000000000000e+00,
3.1307266132511880e-01,-1.1582065172817135e-01,9.9999848848563611e-01,4.8496826443714018e-13,7.4699670947050618e+04,-2.2665178321792919e+05,1.0953209689193613e+01,-9.8670883945470803e+02,1.0000000000000000e+00,
1.4695164542347650e-01,-5.6869029848475872e-01,9.9999681869125834e-01,9.7541970302881625e-13,2.0749902112557902e+04,-2.0910812978336035e+05,1.4190616516125125e+00,-9.0275848935177453e+02,1.0000000000000000e+00,
2.8140443308621338e-01,-3.0743698946024450e-01,9.9998059949139972e-01,9.7555493930549338e-13,2.5348639800873934e+04,-1.8708141995438928e+05,7.5788167779220039e+00,-9.2146005868417262e+02,1.0000000000000000e+00,
3.6815778918208414e-01,-5.6784367339867203e-01,9.9969406069319822e-01,1.2948428736243550e-12,1.7697853046322416e+04,-1.5327354215920495e+05,5.8195610903375439e-01,-7.5010653161464643e+02,1.0000000000000000e+00,
1.3433005515563479e-01,-2.2248122009730759e-01,9.9994457984029639e-01,1.5944550644994905e-12,2.0282274260281702e+04,-4.2684621371612593e+04,1.5526746146842715e+01,-5.8769332903834629e+02,1.0000000000000000e+00,
-1.5819969168967674e-01,-4.0152250336703021e-01,9.9999277812891196e-01,1.8757961817949878e-12,5.5636022569841589e+04,-2.5473999018270115e+04,3.5392655962347419e-01,-7.2558942115903278e+02,1.0000000000000000e+00,
1.4567115021605356e-01,-2.1746775812876823e-01,9.9998041981875740e-01,2.0098446821709949e-12,1.0349841217841313e+05,-6.0459112876419385e+04,4.2846529943323688e+00,-3.3478452289666757e+02,1.0000000000000000e+00,
-2.4128136978815554e-01,-6.6095816960015019e-01,9.9999999532600892e-01,2.1392747341564660e-12,-5.9557006949112110e+04,-1.6210841405525134e+05,1.2948984946951292e+00,-3.3925907794717341e+02,1.0000000000000000e+00,
7.9204768494456379e-01,-6.2493880293090087e-01,1.0000000000001366e+00,2.2638450773339744e-12,1.1205918362220109e+04,4.3878093400795478e+03,1.6965959492363680e+01,-1.1583077726685144e+02,1.0000000000000000e+00,
-1.5220979409593094e-01,-6.6341837707521711e-01,9.9999990256854754e-01,2.1405582061010460e-12,1.1552489739483135e+05,-3.7143750249687582e+04,8.4160377974971112e-01,-3.9805477187678684e+02,1.0000000000000000e+00,
2.6528295047341083e-01,-5.4591832481661495e-01,9.9999999999986444e-01,2.2649606869698863e-12,1.1303906540304743e+05,-2.8507833907206077e+02,3.2071199634937251e+01,-3.6199288927690532e+01,1.0000000000000000e+00,
5.5898205236733789e-01,1.2839762001156021e-02,9.9998774734080953e-01,2.1419319421346904e-12,2.0257390519691398e+04,-1.4201433284678205e+05,1.1892377362815736e+01,-3.9828935974081674e+02,1.0000000000000000e+00,
9.5640972135868729e-01,-5.2770957102698712e-01,9.9999999987919375e-01,2.2661578520801630e-12,1.4562012784683902e+05,8.1878735389793292e+03,2.6839733265887844e+00,-2.6707488778152538e+01,1.0000000000000000e+00,
-2.3580567400688160e-01,-1.2278020353061796e-01,9.9998395556031949e-01,3.2118867468411400e-13,5.0808290280590882e+04,-1.6196107671949285e+05,5.1620939014907989e+00,-1.1058112911919959e+03,1.0000000000000000e+00,
-1.9515477557326258e-01,-2.7470907171405023e-01,9.9984681129819208e-01,1.3741907232566668e-12,-1.6775174874390359e+03,-1.6510766112666897e+05,5.4532849398486682e+00,-5.5546090746719904e+02,1.0000000000000000e+00,
3.8348994215930111e-02,-1.6237016152945224e-01,9.9998873028657409e-01,1.3815894159585714e-12,4.0821349043006194e+03,-7.4044776851066854e+04,9.7067829403895800e+00,-5.4936003650292616e+02,1.0000000000000000e+00,
1.5705555530226750e-01,-4.3294413142118227e-01,9.9982805668353703e-01,1.1422921493743859e-12,3.8236184535056236e+04,-2.7294339477159374e+05,5.7025313166453522e+00,-9.8156781656094108e+02,1.0000000000000000e+00,
-7.8142093959231010e-02,-4.7548384740678706e-01,9.9961835590587911e-01,1.1539362250307021e-12,4.0072352240953478e+03,8.2046964962675702e+03,3.1843609177110821e+00,-9.7185725465184601e+02,1.0000000000000000e+00,
4.6883626749779617e-01,-2.5448868054824264e-01,9.9999475185485176e-01,1.7401916737799260e-12,4.3373482961615082e+02,-1.0959248293903802e+05,2.4586558488463695e+00,-8.1849618650536900e+02,1.0000000000000000e+00,
5.4883578523934573e-01,-3.2722912768525569e-01,9.9999559936106897e-01,1.8095489108204040e-12,-7.7609341600546031e+03,-1.0345873715081252e+05,2.2992034793280380e+00,-7.6709505509404880e+02,1.0000000000000000e+00,
-3.1149919520341129e-02,-7.6392239091100034e-01,9.9999910156835625e-01,1.9452018925730087e-12,8.9090346876723925e+04,-6.1591586694827129e+04,3.2341888555430742e+00,-5.0367826928420243e+02,1.0000000000000000e+00,
-4.1786867598620542e-01,-5.9410142999406457e-01,9.9997899333341123e-01,1.8120873147572621e-12,3.0904508364036155e+04,-9.2997001597681083e+04,9.1792473941403614e+00,-8.3542694711389140e+02,1.0000000000000000e+00,
6.9012709710999165e-01,-7.4300846134888099e-01,9.9998997945864310e-01,1.9470649572884120e-12,-2.0796677335744607e+04,-2.4488458764599054e+05,8.9859124386621403e-01,-4.5600476555940168e+02,1.0000000000000000e+00,
3.3949070413675653e-01,-4.4390748382587825e-01,9.9995384056828274e-01,5.4886682620732024e-13,-6.0137714144482743e+03,-2.1915360084722925e+05,5.0120192109698536e+00,-1.2312777542232811e+03,1.0000000000000000e+00,
3.0495147418533752e-01,-3.4880638171503231e-01,9.9995839627575089e-01,3.9498599596031543e-13,3.2133318617107579e+04,-1.0681236946978752e+05,7.9507915408303361e+01,-1.2650652434034841e+03,1.0000000000000000e+00,
-9.8561514171264963e-02,-8.5827196809968309e-01,9.9999636247643686e-01,1.6030628896046790e-12,-7.7794154961127788e+03,-7.6616522297568736e+04,2.6757906338099602e-01,-7.7947732184950053e+02,1.0000000000000000e+00,
-9.8539188544400094e-02,-6.7786650907155993e-02,9.9999997957213582e-01,8.2882578055024486e-14,6.3590180343294196e+04,-1.2818257898896845e+05,6.4584594144759144e+00,-1.8068329643075608e+03,1.0000000000000000e+00,
-4.9571824696585931e-01,-2.3278098278429421e-01,9.9996953292674018e-01,2.3856728930980268e-13,1.0683897770091426e+05,-1.4383717200415413e+05,2.5265801564249024e+00,-1.6124781339874453e+03,1.0000000000000000e+00,
-1.7038468369144169e-01,-8.1196171372330872e-01,0.0000000000000000e+00,0.0000000000000000e+00,-1.1317202072218060e+04,-2.7051910242231679e+05,0.0000000000000000e+00,-1.2565394259269121e+03,0.0000000000000000e+00,
-6.4560430141631564e-01,-6.8595289030174755e-01,0.0000000000000000e+00,0.0000000000000000e+00,-2.0655677781277336e+04,0.0000000000000000e+00,0.0000000000000000e+00,-9.1609438924805158e+02,0.0000000000000000e+00,
-3.7620345259750776e-01,-4.5650741278260087e-01,9.9997191402261199e-01,1.1663204520706846e-12,9.9095139093884791e+04,4.6769103700251435e+03,8.0152750138171029e+00,-8.3095730743311799e+02,1.0000000000000000e+00,
-5.8775055188900797e-02,-5.8707835915799977e-01,0.0000000000000000e+00,0.0000000000000000e+00,0.0000000000000000e+00,-1.0584741257371151e+05,0.0000000000000000e+00,-1.3091870567216565e+03,0.0000000000000000e+00,
-4.1658446071720712e-01,-5.4509499162337682e-01,0.0000000000000000e+00,0.0000000000000000e+00,0.0000000000000000e+00,-8.6430129745048223e+04,0.0000000000000000e+00,-6.0798494654435240e+02,0.0000000000000000e+00,
-1.6151744704360002e-01,-3.7840635591122956e-01,9.9997831222853328e-01,1.2199210955101312e-12,1.6915086268825689e+03,-9.2731363202174543e+04,9.8135470568986012e+00,-5.2708334868877887e+02,1.0000000000000000e+00,
-2.1111588892823688e-01,-5.9624595373356337e-01,9.9996238509326263e-01,1.8132462698485149e-12,2.9575660128987947e+05,-7.2208891744115681e+04,4.3796937907035982e+00,-9.0075746436054442e+02,1.0000000000000000e+00,
-5.3235294484587289e-03,-6.3735161161926468e-01,9.9997675672115316e-01,1.8150035336094461e-12,3.3561250099800964e+05,-4.6044115257939848e+04,2.9010106244296097e+01,-8.9491423924361459e+02,1.0000000000000000e+00,
4.1297249399755381e-01,-6.2543234248938628e-01,9.9987666111448359e-01,2.2052708172345629e-12,-1.2015065334548126e+03,-1.0011614882084541e+05,1.3384423477625207e+01,-2.7348792142108084e+02,1.0000000000000000e+00,
3.5070899907138048e-02,-5.4912295024938951e-01,9.9964300507768877e-01,2.3762496467496842e-13,6.6374553807322809e+04,-1.4507885018740926e+05,1.0205278525095896e+00,-1.6575034452663785e+03,1.0000000000000000e+00,
4.6937663943606001e-01,-3.0323866657394394e-01,9.9999675975954461e-01,2.3763444530402989e-13,4.0663800800163881e+04,-6.7127527900543646e+04,6.2377931501350989e+00,-1.5392678988902317e+03,1.0000000000000000e+00,
-7.6866051916962483e-02,-6.9484501761682194e-01,9.9993142926247336e-01,2.0794372288541789e-12,1.8261941562869470e+04,-1.6464762149374728e+05,6.2697745790631032e+00,-4.0494693945223366e+02,1.0000000000000000e+00,
-2.9691109908542207e-01,-8.9844538732942403e-01,9.9993379674143601e-01,8.2611902661760494e-14,2.8075150837230467e+04,-1.2321626297228795e+05,7.9124410392727995e-01,-2.0190231434178518e+03,1.0000000000000000e+00,
3.6018449080495391e-01,-8.8498686881240629e-01,9.9999330540277975e-01,2.0151752729147253e-12,-8.1449447472771863e+04,-1.1205948410736892e+05,2.3195513806828494e-01,-3.4261801104065307e+02,1.0000000000000000e+00,
-1.1529637831859478e-01,-6.8885510867939836e-01,9.9999764381019995e-01,2.1437951074190126e-12,-8.0255883633920166e+04,-1.0925259561817948e+05,4.8971570592470925e-03,-1.6211817299054565e+02,1.0000000000000000e+00,
-8.5539838350380293e-01,-3.7065863139890964e-01,9.9996598931668312e-01,1.6048137740286471e-13,1.9412059665188281e+05,-8.1421841898739513e+04,2.4887804730563889e+00,-1.8320434403292734e+03,1.0000000000000000e+00,
3.6522565244700783e-01,-1.1102165407221849e+00,9.9996022400023665e-01,6.0904349001105336e-13,-2.4784793438907946e+04,-2.9458630194276338e+02,4.7778878298391163e+00,-1.3063664077359720e+03,1.0000000000000000e+00,
-8.4171957554337151e-02,0.0000000000000000e+00,0.0000000000000000e+00,0.0000000000000000e+00,-1.3979415984865045e+04,-2.1423521958412603e+05,0.0000000000000000e+00,-1.2876603927041974e+03,0.0000000000000000e+00,
-7.2329689113652307e-01,-6.0012500542814184e-01,0.0000000000000000e+00,0.0000000000000000e+00,0.0000000000000000e+00,-1.9988778036718286e+05,0.0000000000000000e+00,-1.0288436633619949e+03,0.0000000000000000e+00,
2.1009945976189934e-01,-5.7151269147290640e-01,9.9985527116911843e-01,1.3297301411942190e-12,1.7585586116532795e+03,-1.3897446070568403e+05,6.1487661099315361e+00,-5.1323939074105704e+02,1.0000000000000000e+00,
-2.5805544468355535e-01,-6.0515420676404474e-01,9.9999674544768558e-01,1.8157472017380602e-12,6.9245290442183614e+04,-2.3296317499823344e+05,2.9456977662629562e+00,-7.6574004268000772e+02,1.0000000000000000e+00,
-4.2844319845059203e-01,-5.5713409480613718e-01,9.9988106685024680e-01,1.8831733592641469e-12,6.2711007878984674e+04,-9.3626770979119465e+04,1.5707908773796930e+00,-5.7255798219813516e+02,1.0000000000000000e+00,
-1.4250183933652416e-01,-6.7791470396418219e-01,9.9999637276530851e-01,2.0811814140220748e-12,4.3064309908328869e+04,-5.2725839183188509e+04,2.5545421210499342e-01,-5.6958810080047101e+01,1.0000000000000000e+00,
5.1023352621823570e-01,-3.3629158037023021e-01,1.0000000000006710e+00,4.8967963417714590e-15,-1.3709297122735734e+04,-1.5796846268677546e+05,6.1516282367323871e+00,-2.0529398895797126e+03,1.0000000000000000e+00,
-2.3892349251445227e-01,-6.4091663610510619e-01,9.9989552763200629e-01,9.7840624954527051e-13,3.8481283530365909e+04,-9.8276029043379822e+04,1.5874248532315338e+00,-1.1013921957625248e+03,1.0000000000000000e+00,
2.9804263445552856e-02,-1.0273725547539232e+00,9.9963759133794994e-01,1.3845679983169442e-12,-2.2454941635532305e+04,-2.4591009501291410e+05,1.2313840960964058e+00,-7.8634313521753393e+02,1.0000000000000000e+00,
3.3270881451687989e-01,-1.7241770367109155e+00,9.9969707414292475e-01,1.5320346969742240e-12,-6.1399216232750041e+04,-6.9179592426758609e+04,9.5763993376104750e+00,-6.4714369360977548e+02,1.0000000000000000e+00,
2.4771797926413816e-01,-1.0201421885370081e+00,9.9995356310688177e-01,1.3783076264190548e-12,-4.5750296920188703e+04,-3.1169606607336027e+04,1.4128389606216629e+01,-8.0566258956966749e+02,1.0000000000000000e+00,
2.6821726849417860e-01,-1.2546727709878163e+00,9.9996571499598008e-01,1.5280185111298047e-12,-4.4544189932265726e+04,-1.3461719853529939e+05,2.5723195155208600e+00,-6.6003814477357321e+02,1.0000000000000000e+00,
4.1569184620200139e-01,-6.4779753883088165e-01,9.9999601338110744e-01,1.6763360176856013e-12,-1.5117608055687742e+04,-1.7769375946669606e+04,6.3276043310003011e+01,-6.5266816256035906e+02,1.0000000000000000e+00,
5.4696086110070465e-02,-6.4578044440771887e-01,9.9996310450569548e-01,1.6250053239717783e-13,1.1320538686507061e+05,-1.1863712666143838e+05,1.9298321903839621e+00,-1.6965324612333179e+03,1.0000000000000000e+00,
-8.1561933085749549e-02,-6.6425218875536984e-01,9.9998728141086157e-01,1.6425235440016369e-13,1.8641490332324756e+05,-7.7506347545830067e+04,2.3765202154891178e+01,-1.7013022296163472e+03,1.0000000000000000e+00,
6.9820334086953828e-01,-6.6044666183769374e-01,9.9998904307150072e-01,1.6740044021262438e-12,-2.1488757145642012e+04,-1.9706643004401994e+05,1.0238679796851891e+00,-5.8266572782721948e+02,1.0000000000000000e+00,
-3.9154899765065526e-01,-6.5933100225606145e-01,9.9996612038322175e-01,1.8828920659851521e-12,1.8792268553704926e+05,-7.6793950754741672e+04,5.4378170750100319e+00,-5.4972441353328543e+02,1.0000000000000000e+00,
7.4902078436906674e-02,-9.1087356985674794e-01,9.9995735151120946e-01,8.0605715862475423e-13,2.7080385949391348e+04,2.3463921875393135e+04,1.2461804412331688e+01,-1.1559644477020925e+03,1.0000000000000000e+00,
-2.2445574823870684e-01,-1.1901024827836322e+00,9.9998827728516693e-01,9.7844626817157053e-13,1.1807758908143296e+05,-4.7172450684443174e+04,7.0765866362388401e+00,-9.7678603228764712e+02,1.0000000000000000e+00,
6.0490472659007910e-01,-6.7378427203826563e-01,9.9998949657011438e-01,8.1305697821652962e-13,3.4235212485874945e+04,4.6755577956455818e+04,4.9028600407574174e+00,-9.9687718049652756e+02,1.0000000000000000e+00,
2.3553773513811066e-01,-2.1162423905166394e-01,9.9997634108830924e-01,9.7885645922479726e-13,-2.1827795608347515e+03,-1.0775503525003296e+05,9.4565877942787147e-01,-7.0618424244454229e+02,1.0000000000000000e+00,
2.1553054195171323e-01,-5.6862819769112460e-01,9.9960762163793870e-01,1.8825635797313528e-12,-2.6132623941084603e+02,-1.6050071961072390e+05,1.6401988158266953e+01,-4.7894850510284277e+02,1.0000000000000000e+00,
3.9963705298077956e-01,-4.9986469153155216e-01,9.9993387396279310e-01,1.9499281471771291e-12,8.9506139258170151e+03,-2.0971535896226123e+05,7.5424002064750084e-02,-3.4809294565488767e+02,1.0000000000000000e+00,
1.3738046501052326e-01,-7.9718628244347711e-01,9.9999098517761265e-01,2.0816539899930452e-12,3.7247503639281786e+04,-5.0481289497610123e+04,6.4693814236953973e+00,8.7984898294834693e+01,1.0000000000000000e+00,
-6.4927499941291072e-02,-1.3522697482169108e+00,9.9985061674364439e-01,5.6423903908485895e-13,8.4978570835223945e+04,-5.9465535512709175e+04,7.9179131907201716e+00,-1.2336260483816950e+03,1.0000000000000000e+00,
-2.1816995908446973e-01,-1.1157683425375433e+00,9.9996130678761541e-01,5.6979814646783437e-13,8.6340536862326553e+04,-1.0822608348095673e+05,5.6210632356075596e+00,-9.7312167805135323e+02,1.0000000000000000e+00,
-2.7056819268769200e-01,-3.6439941409081344e-01,9.9998996622869107e-01,5.7318085198706411e-13,1.2883428404606675e+05,-2.4346075066179037e+04,3.1560306263243021e+00,-9.4694385100848899e+02,1.0000000000000000e+00,
4.9697215210645762e-01,-1.7323111398622584e-01,9.9999999999453770e-01,5.7538341722132335e-13,7.8178331455358420e+04,-1.2736949852008547e+05,4.5526143818174880e+00,-7.2833078548124104e+02,1.0000000000000000e+00,
6.2523135317817680e-01,-3.9895715559850414e-01,9.9974472838384287e-01,1.8135673002542336e-12,3.2235999661075766e+04,-1.3866952257709927e+05,1.5338735417377722e+01,-5.8833315498518971e+02,1.0000000000000000e+00,
-2.7775902462971575e-01,-4.7520852388532642e-01,9.9994202532667364e-01,1.6507059240627689e-13,-1.4148795378569048e+02,-1.4406199052582233e+05,1.7322314267581937e+00,-1.7256053029166137e+03,1.0000000000000000e+00,
1.4068793997181131e-01,-6.0007219996206362e-01,9.9994371064473320e-01,3.2548442573970396e-13,-4.1766266352513048e+04,-1.6315737260001188e+05,4.3196024054192286e+00,-1.2750942070551941e+03,1.0000000000000000e+00,
6.2859010872317178e-01,-6.9055982087577850e-01,9.9988471416738278e-01,4.8643665024167445e-13,-5.4561299337407399e+04,-1.2671896872669022e+05,3.9969560725140099e+00,-1.1490713112356002e+03,1.0000000000000000e+00,
2.2912436430771166e-01,-7.3681374513394915e-01,9.9990301365465240e-01,1.2196502824466382e-12,-7.5861123213588144e+03,-1.3425967626460624e+05,4.0080011421020103e+00,-8.3286137167675770e+02,1.0000000000000000e+00,
4.2593608326972476e-01,-4.8845776471414504e-01,9.9986892566358654e-01,1.2187937050749960e-12,-5.5338204093530658e+04,-1.4660096663326694e+05,9.2582179608246520e+00,-8.3005720437328841e+02,1.0000000000000000e+00,
1.2589470247370052e-01,-6.0383775383434946e-01,9.9995179488978181e-01,1.8127644620250693e-12,7.6974930329655763e+03,-9.4032620080966444e+04,5.3198925135644615e-01,-5.9056570067293626e+02,1.0000000000000000e+00,
8.2360293893416536e-02,-6.2114767357601341e-01,9.9997414696854536e-01,1.9498068470331535e-12,5.4408937088267703e+04,-1.9472119383367826e+05,9.5134956780178470e+00,-3.0429827541002260e+02,1.0000000000000000e+00,
6.8035600437479471e-01,-1.9647341721635217e-01,9.9999290587526612e-01,2.0164870893777710e-12,-2.3405496258419589e+03,-1.4676715639093745e+05,2.7329681163664922e+01,-3.4679201186265345e+01,1.0000000000000000e+00,
3.2365291264122387e-01,-9.5393711338406673e-01,9.9992578639926910e-01,1.3747759807947167e-12,3.2930717058744631e+04,-9.3927801845716021e+04,4.5522209135165696e+01,-6.1501958838552457e+02,1.0000000000000000e+00,
1.3758936332226929e-01,-9.4744396416999599e-01,9.9989458093042227e-01,1.5988149400267142e-12,3.6207906790229026e+04,-6.3963216136136907e+04,5.2577466220848166e+01,-5.9338899749223651e+02,1.0000000000000000e+00,
6.5927902618389100e-01,-2.4810578058412464e-01,9.9999998660472345e-01,5.0363635848968633e-15,-9.1980037414759863e+03,-5.1653649695745844e+04,3.7974671015178572e+01,-1.8867956764843946e+03,1.0000000000000000e+00,
1.7410878660600232e-01,-6.8903564495309055e-01,9.9990202518151061e-01,8.5690083429636018e-14,9.7642734171432676e+04,-4.2162087111243454e+04,1.8845774541189186e+00,-1.8030027988620491e+03,1.0000000000000000e+00,
1.1324367132171953e-01,-8.3342452188309701e-01,9.9984952239237179e-01,3.2820091905326856e-13,1.4696413356394623e+04,-1.0099409788124613e+05,5.0315940008617588e-01,-1.3080799371216663e+03,1.0000000000000000e+00,
-5.9342245087374221e-03,-4.6962683160562962e-01,9.9998456919410961e-01,8.9802685399001338e-13,1.1318741552933789e+05,-1.1973349928493117e+05,2.7200593750366320e+00,-8.6722642150602792e+02,1.0000000000000000e+00,
3.3864250920143302e-01,-7.1338809185902541e-01,9.9982979015888895e-01,1.3729620752958950e-12,-6.1556240972080559e+04,-2.0229925616613764e+05,6.0665299289118870e+00,-7.5592622864874056e+02,1.0000000000000000e+00,
-1.7581238677182455e-02,-7.1349333345368182e-01,9.9996090039697616e-01,1.5237066337126260e-12,-6.0130277254877728e+04,-1.3036483288351301e+05,5.7934467366136833e+00,-6.2101888058016061e+02,1.0000000000000000e+00,
-9.1523972807824955e-02,-1.1601207554416211e+00,9.9994448192418872e-01,1.8123689002329827e-12,4.7669463400475797e+04,-1.2993607083136740e+05,1.8351282555163095e-01,-4.8957029044943670e+02,1.0000000000000000e+00,
1.7116809903551283e-01,-4.3039299220669969e-01,9.9985303734579989e-01,2.0166452028226181e-12,-5.9603335626816261e+03,-2.5580561122109502e+05,3.8835481701003260e+00,-1.9422859117355529e+02,1.0000000000000000e+00,
3.0448972630655358e-01,-8.7035727891416781e-01,9.9999765655506179e-01,2.1467285933999393e-12,-2.1502681193538592e+03,-1.7086536890760181e+05,8.4437245659343709e+00,-1.0408305777071416e+02,1.0000000000000000e+00,
4.7960725888609307e-01,-5.8398706313518034e-01,9.9983365313805972e-01,8.6200397271110704e-14,7.1345638092471927e+04,2.1699500123385224e+04,5.3150339978458163e+00,-1.6937440565437105e+03,1.0000000000000000e+00,
9.4045941061793342e-02,-7.2659830117330160e-01,9.9998027426708813e-01,1.6742423942741999e-13,-1.2732737845944939e+02,-4.1869347186137747e+04,2.4658955893805512e+00,-1.4371461638538553e+03,1.0000000000000000e+00,
-1.0727230252724324e-01,-5.5331044192596845e-01,9.9999641663405447e-01,3.3008829547371831e-13,5.0842599870274717e+04,-5.2732889328454621e+04,1.5799461366967051e+00,-1.1792060841196828e+03,1.0000000000000000e+00,
-2.9965424880046138e-02,-3.2322541606117861e-01,9.9999716179769604e-01,4.9296192966509161e-13,-6.6314493170648348e+03,-1.3092190964905749e+05,1.0787946312804344e+00,-8.8846671321571250e+02,1.0000000000000000e+00,

113,9
1.6112665611820725e+00,6.6615915110355339e-01,1.0001010935162027e+00,1.5704573941301411e-13,1.2737341052854026e+05,4.0213499772262003e+04,8.7391218427555032e+03,-5.3181711415513814e+02,1.0000000000000000e+00,
1.0840192036565583e+00,8.1899177196491402e-01,1.0000578100511903e+00,1.5649689576367845e-13,9.4777387399892905e+04,-6.1013506655878155e+04,7.8063387883973746e+03,-6.4149624836701810e+02,1.0000000000000000e+00,
1.3519016853415031e+00,9.9905262484242285e-01,1.0000012568888699e+00,4.0059666357631129e-13,1.4385443078159587e+05,1.1064371995910624e+05,4.0992648744425978e+03,-5.4735692516471863e+02,1.0000000000000000e+00,
1.0959347709043452e+00,5.3707315188212523e-01,1.0000024076789098e+00,2.2548409016509804e-12,1.5948786081646831e+05,1.6467666787097405e+05,4.4358689686678854e+03,-7.6768091354009471e+01,1.0000000000000000e+00,
1.4632907714464827e+00,7.0745852931191033e-01,1.0001358954872286e+00,8.8533909745280578e-13,1.4205216125652078e+05,1.2276352595345088e+05,3.7906209866327258e+03,-6.2613552537276769e+02,1.0000000000000000e+00,
9.8330589441896832e-01,9.8334650548928781e-01,1.0000000001353646e+00,1.8645565885488799e-12,1.0355632551312301e+05,6.2287878493427706e+04,3.8585871289374559e+03,-2.7097044038368972e+02,1.0000000000000000e+00,
1.6190385987185871e+00,1.2156286493554913e+00,1.0000311341054238e+00,5.6150497553336623e-13,2.5418528399256465e+05,1.3053830191680172e+05,4.2700382656328111e+03,-7.2046544833909093e+02,1.0000000000000000e+00,
9.8613606928246222e-01,9.1434925628328312e-01,1.0000157965771210e+00,5.5918028477119115e-13,2.0319842157805688e+05,9.8504448427243915e+04,5.1537465229363652e+03,-6.9799732296255752e+02,1.0000000000000000e+00,
1.3434345685573830e+00,5.0492252404010252e-01,1.0000899672307162e+00,7.2358806534840315e-13,1.0446896891926008e+05,1.4678538071357762e+05,5.2690810535389819e+03,-6.5034407463387379e+02,1.0000000000000000e+00,
1.3044155567027398e+00,8.8898604086197941e-01,1.0000000039041317e+00,1.2815060886111322e-12,1.3819933005146886e+05,5.5867416913709894e+04,4.2849479964630227e+03,-4.4632822153452889e+02,1.0000000000000000e+00,
2.7778472467974663e-01,9.1079671862880418e-01,1.0000822433536360e+00,2.0657723275186803e-12,3.0855825044312805e+05,1.7880962872813398e+05,3.3535598187447627e+03,-1.6700531490970297e+02,1.0000000000000000e+00,
1.7249451905095015e+00,6.3480768383765418e-01,1.0000056004270257e+00,1.5118852295714946e-12,1.9768015127045073e+05,1.8103852407667728e+05,8.7286070305090198e+03,-4.7441124577206404e+02,1.0000000000000000e+00,
1.3108010713363583e+00,9.8647398024547317e-01,1.0001460131477939e+00,1.6573064947498206e-12,1.0616908111539233e+05,8.7251730549412605e+04,4.1713191032780596e+03,-4.1559712266589884e+02,1.0000000000000000e+00,
1.2168156186171690e+00,8.6240116822906343e-01,1.0000751921683115e+00,2.0669675561792688e-12,2.8756676247818104e+05,1.8060243052513688e+05,6.7784427037864607e+03,-7.8167182421329812e+01,1.0000000000000000e+00,
1.3903124055721536e+00,7.9251109627131500e-01,1.0000045768452250e+00,1.7297388131635654e-12,6.3696901118490496e+04,7.9075781668032869e+04,4.2572553777848689e+03,-4.3949016035714044e+02,1.0000000000000000e+00,
1.1203014257866253e+00,1.1743010489880497e+00,1.0000000021219404e+00,1.5513928721327327e-13,8.0605191169428872e+04,9.1733876856378629e+03,4.9986665886124056e+03,-8.5832555636401935e+02,1.0000000000000000e+00,
8.7195281130906821e-01,6.5937814708568343e-01,1.0000071632076424e+00,5.5744938558985020e-13,2.7387256345345086e+05,8.2365386101409968e+04,3.9131143722614693e+03,-7.2198356153573150e+02,1.0000000000000000e+00,
1.2851695508002745e+00,5.6876030006892797e-01,1.0000182643877824e+00,1.1259776303064929e-12,2.2615524789292540e+05,5.1191674409675761e+04,6.1117737949265147e+03,-4.2653840000620539e+02,1.0000000000000000e+00,
1.3354501462131727e+00,6.2852966083282513e-01,1.0000037538957034e+00,1.1290481960177860e-12,2.2193492477422988e+05,1.0675406939149980e+05,5.4802217753362211e+03,-4.6129075886799467e+02,1.0000000000000000e+00,
1.2448863599078719e+00,1.0178968659058412e+00,1.0000415530833831e+00,1.3675562317628792e-12,3.1734949645901070e+05,2.3359303827284020e+05,3.7013560473120360e+03,-4.8088898472512528e+02,1.0000000000000000e+00,
9.7183593319925321e-01,1.0970940370402391e+00,1.0002166731000608e+00,1.6607408836082719e-12,1.1294141086834425e+05,7.0883612721266400e+04,3.8508447579880717e+03,-5.0671413289200427e+02,1.0000000000000000e+00,
1.2177205275595036e+00,8.1607611646089084e-01,1.0001395861278717e+00,2.0031141259839155e-12,2.4446649242804851e+05,1.3599666602798097e+05,5.6641033451681506e+03,-3.5032431670009908e+02,1.0000000000000000e+00,
1.1163616115004846e+00,5.7181841291986701e-01,1.0000042160818441e+00,2.0683970210139126e-12,2.2251694448494527e+05,3.7843356466376281e+04,4.5139252572413579e+03,-1.0374999631675223e+02,1.0000000000000000e+00,
1.6035831915424545e+00,6.2692488838328542e-01,1.0000002311649794e+00,2.2572572834581609e-12,1.7332166499347513e+05,9.9394000204930489e+04,1.0035591669551270e+04,-5.4761717312500537e+01,1.0000000000000000e+00,
1.7159718764754592e+00,2.1637601030795445e-01,1.0000000000013052e+00,2.3177182527083769e-12,1.4116139392253535e+05,1.2302832099035295e+05,5.3631971850981872e+03,9.9637392089049968e+01,1.0000000000000000e+00,
1.8022777138168693e+00,6.6684684651192827e-01,1.0000000785766070e+00,2.2584640502884877e-12,1.8707845889004093e+05,5.2255451722216094e+03,7.8419810951577147e+03,-5.0601083608074077e+01,1.0000000000000000e+00,
1.0857327405040711e+00,4.1209926870154523e-01,1.0000000000015725e+00,2.3188708957439485e-12,1.4470807877408370e+05,3.5760542954826087e+04,4.9421600177520058e+03,1.2786970724015657e+02,1.0000000000000000e+00,
1.6421595260874424e+00,6.4372755251003921e-01,1.0000002049091097e+00,2.2590607666786191e-12,2.4428828851120052e+05,1.4057981623097730e+05,4.3984878209912704e+03,-3.8314708329396126e+01,1.0000000000000000e+00,
1.3451165527076900e+00,4.3632444907223783e-01,1.0000000020780218e+00,2.3194384954191247e-12,1.7239209771796450e+05,3.3474775124905864e+04,4.8258177777342116e+03,1.6000613764055049e+02,1.0000000000000000e+00,
8.7873575311250929e-01,5.9465218686535404e-01,1.0000088925194504e+00,3.9438960047262428e-13,2.0613514074613340e+05,1.0279379755663249e+05,5.3444826379799688e+03,-8.8942053371624331e+02,1.0000000000000000e+00,
1.4669575737720695e+00,6.9425984509922978e-01,1.0000299111089350e+00,1.4461526358966002e-12,1.4539965510179172e+05,8.8990871417798917e+04,4.4966982187558642e+03,-4.1154848532672781e+02,1.0000000000000000e+00,
1.1492329161784358e+00,6.5829562502030925e-01,1.0000232183875535e+00,1.4542862646152607e-12,1.5031659582878783e+05,1.2704751056540117e+05,3.9690006934646390e+03,-3.8830513970691595e+02,1.0000000000000000e+00,
1.3416927542361499e+00,7.0673366617861100e-01,1.0001221562820053e+00,1.3015526072342207e-12,3.0646705775369628e+05,2.3835248342651321e+05,5.0933718939620094e+03,-4.3987336492429711e+02,1.0000000000000000e+00,
1.3284319173548882e+00,9.4166780920080984e-01,1.0001063835175759e+00,1.3094884564315910e-12,3.6878459037316934e+05,2.7920536828244658e+05,4.7793131516317644e+03,-4.1279847484412892e+02,1.0000000000000000e+00,
1.3412463440980757e+00,7.7439591670466168e-01,1.0000068832808755e+00,1.8033730555753407e-12,1.2433639850776526e+05,2.8466700754646445e+04,3.2035304763364011e+03,-7.3161269291737153e+02,1.0000000000000000e+00,
1.0702280081395510e+00,3.2419066664555113e-01,1.0000108273085295e+00,1.9386277660554292e-12,1.7568837691126100e+05,1.3206950575336959e+05,2.5274188847475170e+03,-4.7360862532607280e+02,1.0000000000000000e+00,
1.8313886348393316e+00,7.9432909157892151e-01,1.0000069750188127e+00,2.0698958448233045e-12,1.7435054202809988e+05,2.4851047901685524e+04,7.8521697446174940e+03,-1.6314939630180982e+02,1.0000000000000000e+00,
1.3681784221049393e+00,4.9577441351345836e-01,1.0000213873349286e+00,1.9395112416664954e-12,3.3057582574414118e+05,2.1025786147861072e+05,6.4594078159071050e+03,-4.1837017916096408e+02,1.0000000000000000e+00,
1.9010903817059024e+00,4.6527706539345259e-01,1.0000105967647770e+00,2.0706199828213250e-12,2.2511400977839221e+05,8.8505360352080606e+04,7.4741126214732885e+03,-2.0105397503358176e+02,1.0000000000000000e+00,
1.3682154242079543e+00,8.0860241142816414e-01,1.0000418184223712e+00,7.0976436367749816e-13,1.9202084413056582e+05,8.2963595119098318e+04,4.3262142147166778e+03,-9.3556448655033557e+02,1.0000000000000000e+00,
1.4416356342574570e+00,6.2695334694050087e-01,1.0000185503975760e+00,4.6567646395380150e-13,1.7883954056907533e+05,1.1498765747989091e+05,3.6409147021831850e+03,-1.1430673079814273e+03,1.0000000000000000e+00,
1.2703147576885094e+00,4.6551476489125782e-01,1.0001950258914996e+00,1.6679662727238676e-12,1.5997280486943928e+05,5.1038212821949855e+04,6.2241940280863446e+03,-6.6340736156480330e+02,1.0000000000000000e+00,
1.0532650610831971e+00,1.1223401705593752e+00,1.0000029925113207e+00,1.5161814791072881e-13,1.7323532297487036e+05,4.0520675395271246e+04,4.6056562876304552e+03,-1.6312918253303524e+03,1.0000000000000000e+00,
6.6385108207309784e-01,6.3087166914152981e-01,1.0000555712332551e+00,3.0753562330681336e-13,2.9160896604235459e+05,1.0818627932777308e+05,4.7872099017345727e+03,-1.3323050857453868e+03,1.0000000000000000e+00,
1.2969420174190975e+00,4.7483468028358888e-01,1.0000378528868161e+00,9.6428246371394148e-13,2.1567824609581730e+05,0.0000000000000000e+00,4.6295835816719054e+03,0.0000000000000000e+00,1.0000000000000000e+00,
1.3573321826298119e+00,9.8803556495296518e-01,1.0000164351543577e+00,1.2089903817387005e-12,1.6341142857418017e+05,3.2956489523984637e+05,6.0127185791607089e+03,0.0000000000000000e+00,1.0000000000000000e+00,
6.5113676505135165e-01,6.1760124744775313e-01,1.0000068373950108e+00,1.2650837090771293e-12,3.7462527250843705e+05,3.0451237409428431e+05,5.2852624411178313e+03,-4.1587757594214327e+02,1.0000000000000000e+00,
4.1932859549143942e-01,7.7985108470676012e-01,1.0000728760080162e+00,7.5708587852277351e-13,1.3964897343695193e+05,1.1494482960388389e+05,3.0953279432598729e+03,0.0000000000000000e+00,1.0000000000000000e+00,
2.3716884903297383e-01,9.7862389118175619e-01,1.0000015133825007e+00,1.2355819301072861e-12,1.0345198975489973e+05,1.2523598781644681e+05,5.1062452131415666e+03,0.0000000000000000e+00,1.0000000000000000e+00,
6.4187195604917702e-01,6.1833297890237482e-01,1.0000177362843103e+00,1.2740314024260024e-12,1.2498128948683152e+05,6.4680259978305548e+04,2.7984301210444291e+03,-4.0297019506699928e+02,1.0000000000000000e+00,
8.9878950381451617e-01,6.0503665302671961e-01,1.0000425768335914e+00,1.8741000404351368e-12,4.4551191993613756e+05,5.1870945614934317e+04,5.9180580679551258e+03,-4.4968296088828743e+02,1.0000000000000000e+00,
8.8168045912129733e-01,2.8654745439598078e-01,1.0000168223487416e+00,1.8749379065367145e-12,4.3848967668723344e+05,7.6292918669390201e+04,3.1638026356389923e+03,-3.8571492518609818e+02,1.0000000000000000e+00,
1.7720543477985611e+00,6.2670976753036534e-01,1.0000024398349956e+00,2.3200110463163758e-12,3.8891893385343574e+05,3.7811476005733566e+05,5.3221111181177394e+03,1.6099617527805492e+02,1.0000000000000000e+00,
8.9000008207211156e-01,5.2884721089112674e-01,1.0000217993282898e+00,3.8280792274892099e-13,3.2863701181614818e+05,1.7449187637549621e+05,3.9284719238343218e+03,-1.1875276183870642e+03,1.0000000000000000e+00,
1.0441034827384696e+00,6.1461468988416312e-01,1.0000081452458633e+00,3.8152529752415134e-13,2.1075084824506339e+05,1.9981632687006204e+05,3.6898159611602432e+03,-1.1739737504454511e+03,1.0000000000000000e+00,
1.3797932007740366e+00,4.6911771114899392e-01,1.0000249993538901e+00,2.1985992650614891e-12,3.4093543068829167e+05,3.3768376344656281e+05,6.3610898718232602e+03,2.0598218167635764e+01,1.0000000000000000e+00,
1.1940776441600842e+00,9.3847517691557836e-01,1.0000761333450603e+00,2.2824228849444467e-13,3.5488978559674142e+05,2.0054255527980422e+05,6.5805228240051792e+03,-1.4702993095455781e+03,1.0000000000000000e+00,
1.7442051223096180e+00,5.0360197813870977e-01,1.0000274611318327e+00,2.1367264255392534e-12,1.5911475369649124e+05,2.3563674588078575e+05,3.4720810949841093e+03,-3.8695480705294699e+01,1.0000000000000000e+00,
1.4780240564358551e+00,5.5137416424597085e-01,1.0000172417001023e+00,2.2611376586014704e-12,1.6588344269225636e+05,1.2293478831324173e+05,7.0499706714991671e+03,9.8599060655556514e+01,1.0000000000000000e+00,
5.9467063296032918e-01,4.1603868586204890e-01,1.0000003753729227e+00,2.2999323978511367e-13,3.8556295442082337e+05,1.0339458810396100e+05,6.7241929941897006e+03,-1.4454400967421552e+03,1.0000000000000000e+00,
1.4372179494557993e+00,6.9683966887276949e-01,1.0000364624227056e+00,7.7480857369197107e-13,1.1019995206897147e+05,1.6783951435396011e+05,4.9921604621802398e+03,-1.0800230285701250e+03,1.0000000000000000e+00,
1.5653227867796629e+00,8.1611391214635431e-01,1.0000516876893795e+00,9.6583039142679354e-13,1.8649202861974644e+05,1.4878215688592027e+05,4.5392441340235564e+03,0.0000000000000000e+00,1.0000000000000000e+00,
1.4309028488136510e+00,5.6129666913898213e-01,1.0000222579661300e+00,1.2098023906310841e-12,2.5705657729816012e+05,2.3938155261061911e+04,6.2577220284018795e+03,0.0000000000000000e+00,1.0000000000000000e+00,
1.1425871368709433e+00,5.4252919444639880e-01,1.0003492617649394e+00,1.3940116175278303e-12,1.2117086477607081e+05,1.4435178299267136e+04,3.4731738466165748e+03,-4.0551032997477569e+02,1.0000000000000000e+00,
9.1054429394204395e-01,9.1607988911562999e-01,1.0000271471549460e+00,1.9420145281966677e-12,3.7366710896849254e+05,1.4122036346241803e+05,5.0931917919794241e+03,-2.6024609567525113e+02,1.0000000000000000e+00,
1.2338732258764225e+00,1.0947167955729569e+00,1.0000194926919401e+00,2.0082188554567977e-12,3.0508782102015102e+05,1.4218029408426373e+05,7.5089017123385001e+03,2.3853221251490140e+01,1.0000000000000000e+00,
1.4267667789673364e+00,3.7675846245652472e-01,1.0000032642656798e+00,2.2004569328788133e-12,1.6562556333058601e+05,1.2338029694555735e+05,7.3851166445674835e+03,2.4343773095752033e+02,1.0000000000000000e+00,
1.0853966376470894e+00,1.1087759533585766e+00,1.0000000002888521e+00,7.4198872320923791e-14,1.6260476887454861e+05,1.8595693513547158e+05,3.5228509480007992e+03,-1.8915081734176922e+03,1.0000000000000000e+00,
1.5521981393072162e+00,6.9815808426164416e-01,1.0000719321207687e+00,1.1556068190019982e-12,3.9627810763850139e+05,2.5070665779479023e+05,4.4177977976045267e+03,-5.1377946834519093e+02,1.0000000000000000e+00,
1.7289518401187864e+00,3.7321163293500953e-01,1.0000513446197647e+00,1.5275531145006228e-12,1.6092078428092500e+05,-1.7511408496843069e+04,7.5376387366466342e+03,-5.3025442486197949e+02,1.0000000000000000e+00,
1.8358051792911132e+00,6.5451195529833495e-01,1.0002483779928788e+00,1.6685353949636329e-12,3.1704229911234870e+04,6.9964618957907078e+04,5.8854515656311805e+03,-5.4739547378034035e+02,1.0000000000000000e+00,
1.4622846532280760e+00,4.3307765453262115e-01,1.0000409808539801e+00,1.5226662842688892e-12,1.8046988513405522e+05,2.0625292896185420e+05,3.9494889339386341e+03,-6.1876843107848902e+02,1.0000000000000000e+00,
1.1585046960306569e+00,1.4796307253180316e-01,1.0000215221500797e+00,1.6661741054477833e-12,1.5286853534705442e+05,5.1622209530793771e+04,2.9965389258618793e+03,-5.3306664579823598e+02,1.0000000000000000e+00,
1.1253670066260644e+00,1.7944464404400959e-01,1.0000065927923272e+00,1.7380893543709631e-12,1.3717527049928758e+05,1.9241139570197411e+05,3.9688580846516215e+03,-5.2605926880529489e+02,1.0000000000000000e+00,
8.5695247254362461e-01,5.1235722254080429e-01,1.0000311792880359e+00,3.1357818572274563e-13,2.7423548313098436e+05,1.1540739163303951e+05,4.0536431632800277e+03,-1.1139286085989145e+03,1.0000000000000000e+00,
5.4291651597580992e-01,5.4556976239561195e-01,1.0001301145326504e+00,3.1525168331980992e-13,2.7524283400638233e+05,1.9358523629311821e+04,5.4271885616369291e+03,-1.1158492714263584e+03,1.0000000000000000e+00,
1.7785374399708511e+00,5.4448554422422157e-01,1.0000390084275332e+00,1.8064621497333639e-12,1.5615004978861252e+05,1.1654350694427558e+05,3.8144714043633721e+03,-4.3843936117195835e+02,1.0000000000000000e+00,
1.3345904379637501e+00,8.1794109128779802e-01,1.0000149633111655e+00,2.0082310843672183e-12,3.2088112689831323e+05,6.2514530122230644e+04,6.2570700767980888e+03,5.0106996186530182e+01,1.0000000000000000e+00,
1.1311926605883444e+00,5.0407179114784151e-01,1.0000473355115547e+00,9.6845688241147781e-13,1.8891586114093952e+05,3.3005964945344604e+05,6.9350392519940087e+03,-7.3054179437753680e+02,1.0000000000000000e+00,
1.2917905365440048e+00,3.9955838473308647e-01,1.0000180028365442e+00,1.0539980919780780e-12,3.6936944525094877e+05,3.0404487024029804e+05,5.9771727868155103e+03,-5.3618425455780664e+02,1.0000000000000000e+00,
1.2210595929318979e+00,3.5022107039931150e-01,1.0000038686555135e+00,9.6883030106874097e-13,1.7775259359334304e+05,2.0176404029521364e+05,3.6411562339643897e+03,-6.6753317333351970e+02,1.0000000000000000e+00,
1.1220569549367947e+00,2.0391791901996931e-01,1.0000017293647521e+00,1.0510229379898640e-12,1.1940664313374727e+05,5.7050737099122489e+04,3.0707376736532251e+03,-5.8102384461834413e+02,1.0000000000000000e+00,
1.0543456969641640e+00,8.5269801392695832e-01,1.0001001468571626e+00,1.9418272761318327e-12,1.9739775020327652e+05,1.8280078108930320e+05,3.7786036973842461e+03,-2.7558356081015154e+02,1.0000000000000000e+00,
1.2225216888309516e+00,8.5207801573531317e-01,1.0000971009575272e+00,2.0737745157570004e-12,3.2013963493856863e+05,1.1270609444303991e+05,7.2482402837575864e+03,1.6418222226615751e+02,1.0000000000000000e+00,
1.3564362758803505e+00,2.8938912975005060e-01,1.0000249149561418e+00,2.1381729868092865e-12,1.9856946594355832e+05,1.5518600634349132e+05,6.5364344910072678e+03,2.8441503747069714e+02,1.0000000000000000e+00,
1.1937910324985068e+00,2.1390199146518829e-01,1.0000225473149964e+00,6.4075835897460071e-13,3.1057734034388559e+05,2.5468630773791083e+05,5.2184890564579873e+03,-8.4273334523669712e+02,1.0000000000000000e+00,
7.5640882107303731e-01,5.9089663961527206e-02,1.0001914938449676e+00,6.4430202017034206e-13,3.0074592336659407e+05,8.1401285764914064e+04,6.4418464758203818e+03,-6.9124048636649547e+02,1.0000000000000000e+00,
7.8704940299132775e-01,1.5396717491077025e-01,1.0000066337678863e+00,6.4654029524078410e-13,3.0705705205075501e+05,1.7244748517880944e+05,4.4366523715440280e+03,-5.5156788798227581e+02,1.0000000000000000e+00,
8.8182062495196833e-01,2.7591827284981990e-01,9.9999999999797495e-01,6.4732926893739701e-13,2.1273907657338423e+05,2.0917459111537028e+04,4.4646233891214124e+03,-5.4945748048608527e+02,1.0000000000000000e+00,
1.1481038710657800e+00,7.1226194645425311e-01,1.0000412711663973e+00,1.8740171422173703e-12,2.3826682710668392e+05,1.5868370185740205e+05,3.7756969931355725e+03,-3.5668224311002302e+02,1.0000000000000000e+00,
9.0707206691660502e-01,6.0355944061634603e-01,1.0000748547765592e+00,3.1794132361042746e-13,3.3240569290137937e+05,2.4206785231680406e+05,4.2584687607374617e+03,-1.1793135540563176e+03,1.0000000000000000e+00,
1.2212645347169582e+00,5.7603361497807404e-01,1.0001186556912209e+00,4.8005204026455173e-13,1.5779797083333688e+05,1.9114622827382118e+05,3.9912148229896889e+03,-9.3855860585987602e+02,1.0000000000000000e+00,
1.2023542355082406e+00,7.9770184514923770e-01,1.0001259060371159e+00,5.6133699303453410e-13,7.8509398706920911e+04,2.7628948049194150e+05,4.0331338496278922e+03,-9.2885513942352293e+02,1.0000000000000000e+00,
1.4353075989677704e+00,6.9270232259416820e-01,1.0000270101311115e+00,1.3684853862128463e-12,1.8932462592793163e+05,2.1503028320086742e+05,4.2749421514828464e+03,-5.5987751522956307e+02,1.0000000000000000e+00,
1.7146913886150454e+00,7.1034378363963602e-01,1.0000210444212485e+00,1.3650685179493818e-12,1.6594716566861025e+05,1.6877464800267335e+05,5.0347937164592840e+03,-6.3365206223617611e+02,1.0000000000000000e+00,
1.3464273370515354e+00,5.4861977110849836e-01,1.0000677814739987e+00,1.9415198602683038e-12,2.3364402144953638e+05,2.4019760215621936e+05,3.5128044723317735e+03,-1.1358341692341014e+02,1.0000000000000000e+00,
1.2009788302068709e+00,5.7443725049252359e-01,1.0000405100516130e+00,2.0083445048486812e-12,3.0211411919200182e+05,2.1375818114757130e+05,4.9040134156029408e+03,7.8488231785542212e+01,1.0000000000000000e+00,
1.2822328088780901e+00,3.4974550528692600e-01,1.0000202662015516e+00,2.0739477758278878e-12,2.5547424213084887e+05,2.0842719879690121e+05,3.7484642831648462e+03,1.7091510783569277e+02,1.0000000000000000e+00,
1.5779037714598807e+00,2.1122907492259027e-01,1.0001314860179633e+00,1.4423994492115796e-12,1.9307684150353598e+05,6.7794505430839490e+04,4.1833337086760248e+03,-4.8791126542226368e+02,1.0000000000000000e+00,
1.2473663544763332e+00,-1.5889560478110970e-01,1.0000177362532441e+00,1.6629311986481314e-12,1.0877619412625354e+05,3.1131991543434560e+04,3.5432657325685245e+03,-5.0697450530887636e+02,1.0000000000000000e+00,
1.2279241601699231e+00,9.2119224514118769e-01,1.0000251702629950e+00,7.5794511769275584e-14,1.0366861223754531e+05,1.3827972236003334e+05,4.4444130920034459e+03,-1.7661562774880967e+03,1.0000000000000000e+00,
1.0137376628094383e+00,3.4182917502976101e-01,1.0000342945463723e+00,2.3848664328273136e-13,3.3308848642363009e+05,2.2006473093758395e+05,4.3623495719619359e+03,-1.2392565185062972e+03,1.0000000000000000e+00,
1.4538325169162158e+00,4.5687544365214605e-01,1.0000383921288429e+00,4.8264949717559259e-13,2.7629848607328749e+05,2.2061003543145343e+05,4.3693045013736164e+03,-8.3780844711259795e+02,1.0000000000000000e+00,
1.1621645936201701e+00,7.6179541443197907e-01,1.0000049881522357e+00,9.6989767790499693e-13,2.7508611301256024e+05,1.0796686043351074e+05,4.8594698245382679e+03,-6.0498655366879609e+02,1.0000000000000000e+00,
1.5783826010156310e+00,3.4767748853543806e-01,1.0001069493398398e+00,1.5158747942092387e-12,1.9297738651276450e+05,1.4307099259689712e+05,4.3033013570636931e+03,-5.0095091706791504e+02,1.0000000000000000e+00,
1.2757453741616012e+00,3.1430557442750212e-01,1.0000461856741751e+00,1.6621644568207421e-12,1.1746560876040021e+05,8.5585975567279093e+04,4.2962362102805528e+03,-4.7596746070286179e+02,1.0000000000000000e+00,
1.1294639236529813e+00,4.6729039803632039e-01,1.0000428557037691e+00,1.9415030668994097e-12,2.4080091636833822e+05,6.6631604177714325e+04,5.1211912565505718e+03,-8.9729481646813042e+01,1.0000000000000000e+00,
1.1664274903107965e+00,6.8290378386680117e-01,1.0000566824204784e+00,2.1393800749590155e-12,1.9757527764029073e+05,-1.7550062907360552e+04,3.9289064340265468e+03,8.0262833688028309e+01,1.0000000000000000e+00,
1.2712368887564440e+00,4.6710747972532030e-01,1.0000677461625793e+00,2.2028498310619446e-12,1.6458052820305893e+05,6.9049473197729094e+04,5.6972422813307739e+03,1.6529262412431615e+02,1.0000000000000000e+00,
9.6422406655120774e-01,4.9307764529918768e-01,1.0000155927474603e+00,1.5758961577764289e-13,2.4429879960716062e+05,2.2649801142412471e+05,1.9968465504330547e+03,-1.4009037797798089e+03,1.0000000000000000e+00,
9.2860879915682604e-01,5.7506081369078832e-01,1.0000262698755258e+00,3.2111368392722073e-13,2.2759619901405240e+05,2.4252213297485432e+05,4.2214448547731117e+03,-9.5416098116820490e+02,1.0000000000000000e+00,
1.0009620901668981e+00,2.4825047370139164e-01,1.0000013861071333e+00,4.0273639012063530e-13,2.9068171654699254e+05,2.2809459654695820e+05,4.0411452395913725e+03,-8.4776476089529820e+02,1.0000000000000000e+00,
1.0564993115196277e+00,4.1986096014627672e-01,1.0000138819018480e+00,5.6588863907056915e-13,1.6214393316931091e+05,1.6209336964165122e+05,2.6719630468973128e+03,-7.3983816370570219e+02,1.0000000000000000e+00,

