1
1
8
0
(17 0
((240,72) (247,79) (0,0))
((200,96) (207,119) (0,0))
((224,136) (255,143) (0,0))
((240,144) (255,159) (0,0))
((240,200) (255,215) (0,0))
((168,208) (199,231) (0,0))
((232,208) (239,215) (0,0))
((224,216) (247,231) (0,0))
((248,224) (255,231) (0,0))
((8,224) (15,239) (0,0))
((184,232) (199,239) (0,0))
((224,232) (255,255) (0,0))
((16,240) (63,255) (0,0))
((200,240) (215,247) (0,0))
((0,248) (15,255) (0,0))
((64,248) (159,255) (0,0))
((160,248) (223,255) (0,0))
)
17
FabOnDisk: Cell_D_00000 0
FabOnDisk: Cell_D_00000 4182
FabOnDisk: Cell_D_00000 16557
FabOnDisk: Cell_D_00000 33029
FabOnDisk: Cell_D_00000 49501
FabOnDisk: Cell_D_00000 65973
FabOnDisk: Cell_D_00000 115213
FabOnDisk: Cell_D_00000 119397
FabOnDisk: Cell_D_00000 144061
FabOnDisk: Cell_D_00000 148245
FabOnDisk: Cell_D_00000 156522
FabOnDisk: Cell_D_00000 164802
FabOnDisk: Cell_D_00000 214042
FabOnDisk: Cell_D_00000 263280
FabOnDisk: Cell_D_00000 271560
FabOnDisk: Cell_D_00000 279837
FabOnDisk: Cell_D_00000 329076

17,8
-5.9359181749646057e-02,-2.2647149778385967e-01,9.9999999427475972e-01,0.0000000000000000e+00,-1.0522974910311547e+01,-4.7204075863167532e+01,2.2425324514486045e-01,-1.0299846339877159e+00,
-2.2744718329167862e-01,-1.2960528169085231e-01,9.9997514537979681e-01,0.0000000000000000e+00,-6.1998838535714526e+01,-1.8970786473813831e+01,1.2654996255021844e-01,-7.7358063859277371e-01,
-2.4185963004690300e-01,-3.1590988240433032e-01,9.9963212479296681e-01,0.0000000000000000e+00,-2.4237030842993420e+01,-1.0145770960771878e+02,4.1293620147690779e-02,-2.0529768565281419e+00,
-9.5105392919854329e-02,-3.8391940446546619e-01,9.9946361868707612e-01,0.0000000000000000e+00,6.9470734429999936e-01,-4.9247742093970430e+01,3.1056864055111433e-02,-2.1228318934496189e+00,
-1.5591255260723463e-01,-3.7301670557460997e-01,9.9998260738103562e-01,0.0000000000000000e+00,-9.7958164787220880e+01,-7.2851778428501689e+01,2.1235384075867003e-02,4.1111203124157445e+00,
-4.0469535221464720e-01,-2.0387989047662289e-01,9.9976751564703958e-01,0.0000000000000000e+00,-2.1564923751927182e+01,-2.3776637963911043e+01,7.4368735924679186e-04,2.4816140418682614e-01,
-3.0994256182231839e-01,-4.1300271647673059e-01,9.9992370401657416e-01,0.0000000000000000e+00,-3.3186417095410889e+01,-1.0057903543641294e+02,6.0528010913184227e-01,5.0288670596683289e+00,
-2.1925379075851326e-01,-4.0844650907757979e-01,9.9967007448800183e-01,0.0000000000000000e+00,-5.5885656408112254e+01,-6.3515769521935454e+01,6.4977923390099335e-02,2.0218399309568813e+00,
-1.4611895044950679e-01,-4.5246958416341321e-01,9.9999982538304344e-01,0.0000000000000000e+00,-1.9450683105498797e+01,-6.0499239583554527e+01,9.1579873715895133e-01,4.2286844163025625e+00,
-9.0057613758618427e-02,-1.4424689719508971e-04,9.9801009130533580e-01,0.0000000000000000e+00,-2.1503050327909193e+01,-4.0926718182104196e+01,5.4582132706954667e-02,-3.3895139836325563e+00,
-4.5305785123648468e-02,-1.0359348876828189e-01,9.9983065783592961e-01,0.0000000000000000e+00,-1.0602751212717607e+01,-9.4277800827961187e+01,3.7575773182421557e-01,2.2991691978593298e-02,
-1.3337822151914516e-01,-5.9561342403577233e-01,9.9983672707772075e-01,0.0000000000000000e+00,4.3025583110846810e-01,-2.4671907123647998e+01,4.2773213777294039e-03,1.3736699079549224e+00,
-1.4593335970977911e-01,1.2625088416892089e-05,9.9520597241740294e-01,0.0000000000000000e+00,-9.5306815535728902e+00,-2.2154776614583113e+01,8.3437182769161566e-03,-3.8451763928518150e+00,
8.7252515944709702e-02,-1.1325675251522460e-01,9.9976835338468095e-01,0.0000000000000000e+00,2.4217534164196252e+01,-1.0112894490514333e+02,2.7047537088829188e-01,-1.0114742201917097e+00,
-1.4382622825364239e-01,2.0117777118719795e-03,9.9721422132434079e-01,0.0000000000000000e+00,-1.0570355541052209e+01,-4.4759218969777748e+01,9.3255969271968553e-02,-4.5157608711388919e+00,
2.8482862585082341e-01,-1.4442913837898646e-02,9.9799316253850501e-01,0.0000000000000000e+00,-4.4456055895918780e+00,-2.4263439196386088e+01,1.1450417552175601e+01,-1.6319336891748302e+00,
3.6402208920935469e-01,-1.4481897068147345e-01,9.9983702216615733e-01,0.0000000000000000e+00,-3.2706166660464874e+01,-6.9782738874949359e+01,3.3300233009015301e-02,-9.3416171229435840e-01,

17,8
7.0755108025317467e-02,2.3408472545981968e-02,1.0000000000356477e+00,0.0000000000000000e+00,3.2567799035895760e+01,-5.9495666509738641e+00,1.8312820848017566e+01,-4.2783895872225575e-01,
4.8671544249431375e-02,1.2471841717015256e-01,1.0000272943553790e+00,0.0000000000000000e+00,4.7545293714377834e+00,3.2720078543399040e+01,2.5701630173203142e+01,8.1128542369567225e-01,
2.2136376253866136e-01,9.1629222269691529e-02,1.0004909308121510e+00,0.0000000000000000e+00,7.6317168609916905e+01,-2.4928160186474742e+00,3.7973914769532939e+01,6.2929585942761990e-01,
6.8391255051250238e-02,6.6189585156540109e-02,1.0001374143404105e+00,0.0000000000000000e+00,8.0109492707754754e+01,3.2531470794536091e+01,3.2331894613968778e+01,-3.1985536214550525e-01,
5.6268817547911798e-02,9.7097319359736700e-02,1.0001546763447371e+00,0.0000000000000000e+00,1.8298214260432474e+01,3.6049689198976353e+01,3.1943944235773550e+01,6.4770600253862307e+00,
1.6686316023120826e-01,2.2643001224505141e-01,1.0004246755281909e+00,0.0000000000000000e+00,2.8576909217661694e+01,2.4925177287539128e+01,3.6913200667833820e+01,1.2518719737437025e+00,
1.5023273058507215e-02,-1.6111626112048902e-01,1.0000005649465717e+00,0.0000000000000000e+00,8.2534219954903278e+01,-1.5312443361512010e+01,2.5143688835270130e+01,6.6970214855608203e+00,
9.8404947254322028e-02,-1.6093058630195972e-02,1.0008096482612236e+00,0.0000000000000000e+00,6.6190356457506141e+01,3.6003970845203071e+01,2.1434752126284177e+01,5.0045560130484077e+00,
3.4786936604862449e-02,-1.0437619093206847e-02,1.0000000142233703e+00,0.0000000000000000e+00,3.6674778646267441e+01,-6.0754186350242207e+00,2.8579310526975533e+01,5.3625719376821195e+00,
5.5264677437709495e-03,2.0331605727240246e-01,1.0000174012989607e+00,0.0000000000000000e+00,9.3716148948302020e+00,-1.2346322409774984e+01,2.6928512051225201e+01,-1.6265306792920691e+00,
2.4871724123229846e-01,1.1562037119437787e-01,1.0000209819988657e+00,0.0000000000000000e+00,7.3440917494214332e+01,9.7796412331466627e+00,2.4869907402479555e+01,1.3277380371494696e+00,
9.3888109099712214e-01,-6.6042173575369442e-04,1.0001478167799804e+00,0.0000000000000000e+00,1.1116008424334791e+02,8.3962949013956177e+01,1.3878568412726929e+02,4.3033486660505007e+00,
9.2173051660425498e-01,2.2256404632024174e-01,1.0035425993774967e+00,0.0000000000000000e+00,4.2095366804624348e+01,1.2074816717764162e+02,6.2301932128125955e+01,-1.4445349165283152e+00,
3.4763452938472145e-01,1.2547973824129019e-01,1.0005783504768062e+00,0.0000000000000000e+00,9.6044279706304607e+01,3.0846671698918044e+01,2.5117237060756707e+01,2.5469776190947995e+00,
8.3340830869894145e-01,2.4863900492185062e-01,1.0042483811028702e+00,0.0000000000000000e+00,6.1950679923121243e+01,2.5825183537604289e+01,1.4483601213829917e+02,-3.8807163178318453e+00,
9.5881818910985905e-01,5.7102243858773556e-02,1.0024968841040807e+00,0.0000000000000000e+00,1.4360127202625392e+01,1.0062997286348008e+01,2.8097891021982552e+01,-6.3141497084316112e-01,
9.5292231164531582e-01,1.3026557642804024e-01,1.0000426733261381e+00,0.0000000000000000e+00,7.1976744223438160e+01,6.8799346689461501e+01,6.1631017413868918e+01,2.3184325843808482e+00,

