1
1
4
4
(6 0
((32,112) (47,127) (0,0))
((48,112) (63,127) (0,0))
((64,112) (71,127) (0,0))
((32,128) (47,143) (0,0))
((48,128) (63,143) (0,0))
((64,128) (71,143) (0,0))
)
6
FabOnDisk: SD_0_Old_MF_D_00000 0
FabOnDisk: SD_0_Old_MF_D_00000 18518
FabOnDisk: SD_0_Old_MF_D_00000 37036
FabOnDisk: SD_0_Old_MF_D_00000 49410
FabOnDisk: SD_0_Old_MF_D_00000 67928
FabOnDisk: SD_0_Old_MF_D_00000 86446

6,4
0.0000000000000000e+00,-7.3796744606339792e-01,9.9999999999914813e-01,-1.3150576873803847e-12,
-8.6410955041999959e-01,-6.8958604703687598e-01,9.9999999999902700e-01,-4.2177333338718498e-13,
1.5924905437632139e-03,1.9217702442078217e-02,9.9999999999981537e-01,1.1688701877428211e-13,
0.0000000000000000e+00,-8.1945908132619818e-09,9.9999999999926414e-01,-1.3719665789481663e-12,
-8.6410955041991377e-01,-8.1239396940355946e-01,9.9999999999930411e-01,-4.4618764076461843e-13,
1.5924905437785398e-03,-6.4356625568317338e-01,9.9999999999993494e-01,1.1664521146880393e-13,

6,4
1.4616045801162487e+00,8.1945908245365627e-09,1.0000000000000000e+40,2.4128162362453747e-12,
1.4992429072891198e+00,8.1239396940359032e-01,1.0000000000000000e+40,2.6573723126738741e-13,
1.1147938627456662e+00,6.4356625568318215e-01,1.0000000000001448e+00,1.7138956533431366e-13,
1.4616045801162758e+00,7.3796744606334563e-01,1.0000000000000000e+40,2.5345748787132648e-12,
1.4992429072890971e+00,6.8958604703695026e-01,1.0000000000000000e+40,2.7512027113130859e-13,
1.1147938627456631e+00,-1.9217702442088917e-02,1.0000000000001394e+00,1.7547653048823617e-13,

