1
1
2
4
(6 0
((32,112) (47,127) (0,0))
((48,112) (63,127) (0,0))
((64,112) (71,127) (0,0))
((32,128) (47,143) (0,0))
((48,128) (63,143) (0,0))
((64,128) (71,143) (0,0))
)
6
FabOnDisk: SD_2_Old_MF_D_00000 0
FabOnDisk: SD_2_Old_MF_D_00000 9302
FabOnDisk: SD_2_Old_MF_D_00000 18604
FabOnDisk: SD_2_Old_MF_D_00000 24834
FabOnDisk: SD_2_Old_MF_D_00000 34136
FabOnDisk: SD_2_Old_MF_D_00000 43438

6,2
-7.3277608951192451e+02,-3.8894125128772487e+02,
-5.5668147699993904e+02,-5.1153701492125464e+02,
-4.3327801416083737e+01,-2.6367344421777172e+01,
-7.3277608951212267e+02,-5.2993552270160205e+02,
-5.5668147699996655e+02,-5.4190755709291795e+02,
-4.3327801416085691e+01,-2.0854922476495230e+02,

6,2
1.6017555031395111e+02,5.2993552270148325e+02,
8.7148891555438081e+02,5.4190755709292068e+02,
3.6546721663622196e+02,2.0854922476497651e+02,
1.6017555031395830e+02,3.8894125128778097e+02,
8.7148891555441332e+02,5.1153701492131205e+02,
3.6546721663620855e+02,2.6367344421767779e+01,

