1
1
8
0
(4 0
((0,112) (31,127) (0,0))
((32,112) (63,127) (0,0))
((64,112) (95,127) (0,0))
((96,112) (127,127) (0,0))
)
4
FabOnDisk: Cell_D_00000 0
FabOnDisk: Cell_D_00001 0
FabOnDisk: Cell_D_00002 0
FabOnDisk: Cell_D_00003 0

4,8
-7.5581441658124374e-02,4.1954696466380600e-04,9.9999999999928313e-01,0.0000000000000000e+00,-5.7713012532810060e-01,-1.1213278727845776e+01,2.1363975102905997e-04,-2.2412786421319358e-01,
-5.5342270253882539e-02,3.6815142003670046e-05,9.9999999987006849e-01,0.0000000000000000e+00,6.1970338237784590e-02,-7.1293080065645900e-02,2.5338184745843373e-05,-2.5760962960073925e-02,
-5.5759257345062166e-02,-1.2685794244552682e-02,9.9988399505724190e-01,0.0000000000000000e+00,6.3140333669907817e-02,-1.5804983585616068e-02,1.1855054786225061e-04,-5.2737606445605609e-03,
-2.3674639591813426e-01,-5.7448119681778054e-01,9.9841326450257906e-01,0.0000000000000000e+00,-5.8735677841689093e-01,-1.5282801583701542e+00,1.2841473144142856e-04,-4.0180562789308401e-03,

4,8
8.6076072169802686e-01,2.0855378610360184e-01,1.0000000000023836e+00,0.0000000000000000e+00,3.2324902960482675e+01,2.4110869850327616e+00,7.5593280520050314e+01,-2.0555526642730637e-02,
8.7407882874671916e-01,2.4380642719505505e-02,1.0000256384279940e+00,0.0000000000000000e+00,9.9362078280948216e-02,2.8345494417719972e-02,3.0310357404875855e+01,-4.4897980391705086e-03,
8.7479014604916761e-01,1.9839865618749130e-03,1.0001427674089516e+00,0.0000000000000000e+00,7.5646908494534079e-02,2.4979375220466823e-03,2.8481908450590314e+01,1.2039984491091150e-02,
8.7695362301418134e-01,6.9352823963158197e-03,1.0022623966260382e+00,0.0000000000000000e+00,6.2136053088099366e+01,3.5305142089394600e+01,6.9985357867951890e+01,7.7299090701214257e-01,

