1
1
9
0
(64 0
((0,0) (15,15) (0,0))
((16,0) (31,15) (0,0))
((32,0) (47,15) (0,0))
((48,0) (63,15) (0,0))
((64,0) (79,15) (0,0))
((80,0) (95,15) (0,0))
((96,0) (111,15) (0,0))
((112,0) (127,15) (0,0))
((0,16) (15,31) (0,0))
((16,16) (31,31) (0,0))
((32,16) (47,31) (0,0))
((48,16) (63,31) (0,0))
((64,16) (79,31) (0,0))
((80,16) (95,31) (0,0))
((96,16) (111,31) (0,0))
((112,16) (127,31) (0,0))
((0,32) (15,47) (0,0))
((16,32) (31,47) (0,0))
((32,32) (47,47) (0,0))
((48,32) (63,47) (0,0))
((64,32) (79,47) (0,0))
((80,32) (95,47) (0,0))
((96,32) (111,47) (0,0))
((112,32) (127,47) (0,0))
((0,48) (15,63) (0,0))
((16,48) (31,63) (0,0))
((32,48) (47,63) (0,0))
((48,48) (63,63) (0,0))
((64,48) (79,63) (0,0))
((80,48) (95,63) (0,0))
((96,48) (111,63) (0,0))
((112,48) (127,63) (0,0))
((0,64) (15,79) (0,0))
((16,64) (31,79) (0,0))
((32,64) (47,79) (0,0))
((48,64) (63,79) (0,0))
((64,64) (79,79) (0,0))
((80,64) (95,79) (0,0))
((96,64) (111,79) (0,0))
((112,64) (127,79) (0,0))
((0,80) (15,95) (0,0))
((16,80) (31,95) (0,0))
((32,80) (47,95) (0,0))
((48,80) (63,95) (0,0))
((64,80) (79,95) (0,0))
((80,80) (95,95) (0,0))
((96,80) (111,95) (0,0))
((112,80) (127,95) (0,0))
((0,96) (15,111) (0,0))
((16,96) (31,111) (0,0))
((32,96) (47,111) (0,0))
((48,96) (63,111) (0,0))
((64,96) (79,111) (0,0))
((80,96) (95,111) (0,0))
((96,96) (111,111) (0,0))
((112,96) (127,111) (0,0))
((0,112) (15,127) (0,0))
((16,112) (31,127) (0,0))
((32,112) (47,127) (0,0))
((48,112) (63,127) (0,0))
((64,112) (79,127) (0,0))
((80,112) (95,127) (0,0))
((96,112) (111,127) (0,0))
((112,112) (127,127) (0,0))
)
64
FabOnDisk: Cell_D_00000 0
FabOnDisk: Cell_D_00000 18514
FabOnDisk: Cell_D_00000 37029
FabOnDisk: Cell_D_00000 55544
FabOnDisk: Cell_D_00000 74059
FabOnDisk: Cell_D_00000 92574
FabOnDisk: Cell_D_00000 111089
FabOnDisk: Cell_D_00000 129605
FabOnDisk: Cell_D_00000 148122
FabOnDisk: Cell_D_00000 166637
FabOnDisk: Cell_D_00000 185153
FabOnDisk: Cell_D_00000 203669
FabOnDisk: Cell_D_00000 222185
FabOnDisk: Cell_D_00000 240701
FabOnDisk: Cell_D_00000 259217
FabOnDisk: Cell_D_00000 277734
FabOnDisk: Cell_D_00000 296252
FabOnDisk: Cell_D_00000 314767
FabOnDisk: Cell_D_00000 333283
FabOnDisk: Cell_D_00000 351799
FabOnDisk: Cell_D_00000 370315
FabOnDisk: Cell_D_00000 388831
FabOnDisk: Cell_D_00000 407347
FabOnDisk: Cell_D_00000 425864
FabOnDisk: Cell_D_00000 444382
FabOnDisk: Cell_D_00000 462897
FabOnDisk: Cell_D_00000 481413
FabOnDisk: Cell_D_00000 499929
FabOnDisk: Cell_D_00000 518445
FabOnDisk: Cell_D_00000 536961
FabOnDisk: Cell_D_00000 555477
FabOnDisk: Cell_D_00000 573994
FabOnDisk: Cell_D_00000 592512
FabOnDisk: Cell_D_00000 611027
FabOnDisk: Cell_D_00000 629543
FabOnDisk: Cell_D_00000 648059
FabOnDisk: Cell_D_00000 666575
FabOnDisk: Cell_D_00000 685091
FabOnDisk: Cell_D_00000 703607
FabOnDisk: Cell_D_00000 722124
FabOnDisk: Cell_D_00000 740642
FabOnDisk: Cell_D_00000 759157
FabOnDisk: Cell_D_00000 777673
FabOnDisk: Cell_D_00000 796189
FabOnDisk: Cell_D_00000 814705
FabOnDisk: Cell_D_00000 833221
FabOnDisk: Cell_D_00000 851737
FabOnDisk: Cell_D_00000 870254
FabOnDisk: Cell_D_00000 888772
FabOnDisk: Cell_D_00000 907288
FabOnDisk: Cell_D_00000 925805
FabOnDisk: Cell_D_00000 944322
FabOnDisk: Cell_D_00000 962839
FabOnDisk: Cell_D_00000 981356
FabOnDisk: Cell_D_00000 999873
FabOnDisk: Cell_D_00000 1018391
FabOnDisk: Cell_D_00000 1036910
FabOnDisk: Cell_D_00000 1055427
FabOnDisk: Cell_D_00000 1073945
FabOnDisk: Cell_D_00000 1092463
FabOnDisk: Cell_D_00000 1110981
FabOnDisk: Cell_D_00000 1129499
FabOnDisk: Cell_D_00000 1148017
FabOnDisk: Cell_D_00000 1166536

64,9
1.0001276193279813e+00,-4.4169682017469129e-03,1.0000000000000000e+00,2.6115498652501401e-11,-7.9305879055720141e-01,1.1700974955400519e-02,4.9960951431504697e-06,1.8788586141656946e-02,1.0000000000000000e+00,
1.0037061358998585e+00,-2.8093211332294197e-03,1.0000000000000000e+00,1.5953516285804881e-11,-9.0719533850321088e-01,-1.5714169951991341e-01,3.8632672884689190e-05,1.1894247923255816e-02,1.0000000000000000e+00,
1.0042104780745500e+00,2.0664287162918543e-07,1.0000000000000000e+00,9.7432062418079113e-12,-7.9564141952506928e-01,-2.7199862748251591e-01,9.0019315578115933e-07,5.5945824929889178e-03,1.0000000000000000e+00,
1.0024053042600385e+00,4.6340144102107600e-05,1.0000000000000000e+00,5.9489080328489763e-12,-4.4477106487440971e-01,-2.5960374682129173e-01,1.2512469463668574e-05,2.5169663860298229e-03,1.0000000000000000e+00,
1.0011589105593268e+00,2.9542058199881678e-05,1.0000000000000000e+00,3.6314284912464245e-12,-2.3772733521351916e-01,-1.5736614083817629e-01,4.5077309300187163e-06,1.1322862782171691e-03,1.0000000000000000e+00,
1.0005531843305489e+00,1.5172566162426114e-05,1.0000000000000000e+00,2.2162272017567375e-12,-1.1532827040533734e-01,-7.7205117278379226e-02,3.0346932518993119e-08,4.9837599719456326e-04,1.0000000000000000e+00,
1.0002914398116005e+00,6.1716308499923134e-06,1.0000000000000000e+00,1.3523071551446719e-12,-5.5472808091036913e-02,-3.4773306891636990e-02,1.1833059201330626e-06,1.9005600029276296e-04,1.0000000000000000e+00,
1.0002167695552349e+00,1.7114817266371192e-07,1.0000000000000000e+00,8.2495121844772257e-13,-2.9660271019635105e-02,-1.3090025739727671e-02,1.6668420048810686e-06,5.2910642559082036e-06,1.0000000000000000e+00,
1.0001802993057374e+00,-1.2347746043706899e-02,1.0000000000000000e+00,2.8302304944105572e-11,-2.2460334439748322e+00,4.2272886529122705e-01,1.2845400444716493e-06,2.0871529736741196e-02,1.0000000000000000e+00,
1.0051650912919154e+00,-7.7790083567493527e-03,1.0000000000000000e+00,1.7263801499467490e-11,-2.3446822929602975e+00,-1.0325076695352084e+00,5.5997667492181658e-04,7.1634245201925894e-03,1.0000000000000000e+00,
1.0044913256033796e+00,3.0496684795990178e-04,1.0000000000000000e+00,1.0528411475974053e-11,-1.1867396014622793e+00,-1.0699168354441633e+00,2.2184028398986033e-07,9.8465739991994449e-04,1.0000000000000000e+00,
1.0011421597913424e+00,1.6104349692032541e-03,1.0000000000000000e+00,6.4195315729875801e-12,-4.1831844924511619e-01,-6.4260197958972831e-01,2.0996100851336519e-04,1.8249202916219938e-04,1.0000000000000000e+00,
1.0002682023386447e+00,9.4669036585964318e-04,1.0000000000000000e+00,3.9134806506524455e-12,-1.8453110666865555e-01,-2.6955456126098576e-01,4.4491121932443978e-07,5.4465023063024053e-05,1.0000000000000000e+00,
1.0000668115263305e+00,4.6634788929938428e-04,1.0000000000000000e+00,2.3853141684071488e-12,-8.2740028856703646e-02,-1.1781461105247282e-01,4.8648638130074917e-07,1.9996334740632372e-05,1.0000000000000000e+00,
1.0000202555496247e+00,1.8615778359452889e-04,1.0000000000000000e+00,1.4536150061417175e-12,-3.8763329926064335e-02,-5.1329329320262351e-02,2.0125286926677907e-05,7.0675991286031663e-06,1.0000000000000000e+00,
1.0000113025599491e+00,5.1342598991521081e-06,1.0000000000000000e+00,8.8573592904594989e-13,-2.0546442933647824e-02,-1.9132780617819922e-02,1.7625101924169471e-05,2.0133615661250920e-07,1.0000000000000000e+00,
1.0002273270070170e+00,-3.1436662386778551e-02,1.0000000000000000e+00,3.0388636051981166e-11,-9.9606975245035798e+00,1.0921124008379239e+00,7.0721615776092595e-05,2.8047525507797669e-02,1.0000000000000000e+00,
1.0112864358604050e+00,-2.9707383549192272e-02,1.0000000000000000e+00,1.8512025246053554e-11,-1.1916714903253659e+01,-8.8333352290394895e+00,3.5833265806944903e-04,-2.2483012356002433e-02,1.0000000000000000e+00,
9.9805915612068985e-01,3.4715828666643384e-03,1.0000000000000000e+00,1.1275314015790627e-11,-1.2133301154491578e+00,-5.2235428993015178e+00,1.2530355131268323e-05,-2.0685045803732614e-02,1.0000000000000000e+00,
9.9731414306639865e-01,3.3641263787012338e-03,1.0000000000000000e+00,6.8665073627016682e-12,-1.3223772935311662e-01,-7.4625094261272185e-01,3.4296088857743712e-06,-5.9720677607025740e-03,1.0000000000000000e+00,
9.9791096541256841e-01,1.4099928458916184e-03,1.0000000000000000e+00,4.1810443995871083e-12,-8.4930462659104158e-03,-2.7327365973185908e-01,4.9825587634944046e-06,-2.3335806871958254e-03,1.0000000000000000e+00,
9.9895328492348556e-01,5.6245051003682076e-04,1.0000000000000000e+00,2.5454638397093277e-12,6.5500534622412831e-04,-1.1808594559425736e-01,6.9039703194228447e-05,-1.0298060580043733e-03,1.0000000000000000e+00,
9.9949677773691015e-01,2.0536574479659332e-04,1.0000000000000000e+00,1.5495382754693310e-12,6.5365957473103697e-04,-5.1377466236464532e-02,3.5856824755773134e-05,-4.5031863158142860e-04,1.0000000000000000e+00,
9.9973133107137002e-01,5.5226349508113773e-06,1.0000000000000000e+00,9.4313445941907048e-13,5.0360616744322170e-04,-1.9142436976977716e-02,2.3676809352593227e-05,-1.6797312417971070e-04,1.0000000000000000e+00,
8.5269118372670416e-01,-1.0345523102264767e-01,1.0000000000000000e+00,3.2324531940020051e-11,-1.7516877781158534e+01,6.0989702342987351e-01,3.6122118801107383e-04,5.1515298490625014e-02,1.0000000000000000e+00,
0.0000000000000000e+00,-8.7393708493610056e-01,0.0000000000000000e+00,0.0000000000000000e+00,-1.3168953647033468e+03,-1.3184612268696087e+03,0.0000000000000000e+00,-1.1546758736779221e+00,0.0000000000000000e+00,
8.4935707786579107e-01,8.4025758969343261e-04,1.0000000000000000e+00,1.1966594382073481e-11,-2.2770749900750900e+01,-6.0624590070117907e+00,2.4932876318550790e-04,-4.4144456549353388e-02,1.0000000000000000e+00,
9.8412780419687007e-01,1.6550369582911742e-04,1.0000000000000000e+00,7.2797323724671514e-12,2.1818511813595456e-01,-4.2161263390272041e-01,1.4043337953611318e-04,-7.0072255425029329e-03,1.0000000000000000e+00,
9.9534645387522902e-01,5.2711976443608360e-05,1.0000000000000000e+00,4.4280690225662056e-12,9.2097871495053676e-02,-1.7955882284265118e-01,1.8169910069240625e-05,-3.2834075317354225e-03,1.0000000000000000e+00,
9.9821209269575839e-01,1.9911136513766823e-05,1.0000000000000000e+00,2.6932345242869360e-12,4.2692837440913178e-02,-8.1738025766621120e-02,4.0419105362590052e-06,-1.4942493154399055e-03,1.0000000000000000e+00,
9.9921956049056537e-01,7.1159972451670487e-06,1.0000000000000000e+00,1.6379120282294934e-12,2.2305348653893404e-02,-3.5703629175897061e-02,1.3642584784198837e-06,-6.5474012755365222e-04,1.0000000000000000e+00,
9.9959994621897275e-01,1.9023348023811092e-07,1.0000000000000000e+00,9.9598107539122793e-13,1.6512723742392238e-02,-1.3275953284733199e-02,8.5341016745058202e-07,-2.4403924401614614e-04,1.0000000000000000e+00,
8.5269118372670416e-01,1.6242405142865950e-03,1.0000000000000000e+00,3.4060920750533796e-11,-1.7516877781157916e+01,-5.7349514818756354e+01,3.6122118789172486e-04,5.1515298490625680e-02,1.0000000000000000e+00,
0.0000000000000000e+00,-8.7271186636688780e-01,0.0000000000000000e+00,0.0000000000000000e+00,-1.3168953647033572e+03,-6.3805084191139463e+02,0.0000000000000000e+00,-1.1546758737149905e+00,0.0000000000000000e+00,
8.4935707786579107e-01,-1.0138598987050906e-01,1.0000000000000000e+00,1.2585210651394618e-11,-2.2770749900750154e+01,-2.5236203359075063e+01,2.4932876320493680e-04,-4.4144456549353228e-02,1.0000000000000000e+00,
9.8412780419687007e-01,-1.1546245651737652e-02,1.0000000000000000e+00,7.6491035727599410e-12,2.1818511813573160e-01,-1.6587056095435387e-01,1.4043337953611318e-04,-7.0072255425027005e-03,1.0000000000000000e+00,
9.9534645387522902e-01,-3.4981543030696673e-03,1.0000000000000000e+00,4.6486703375592242e-12,9.2097871494925238e-02,2.9874083055910286e-03,1.8169910064903816e-05,-3.2834075317354507e-03,1.0000000000000000e+00,
9.9821209269575839e-01,-1.2789274060349435e-03,1.0000000000000000e+00,2.8250179973099421e-12,4.2692837440767614e-02,1.3398878551913371e-03,4.0419105362590052e-06,-1.4942493154399524e-03,1.0000000000000000e+00,
9.9921956049056537e-01,-5.0791254319735538e-04,1.0000000000000000e+00,1.7166268406754170e-12,2.2305348654347034e-02,5.0999916382472919e-04,1.3642584789619848e-06,-6.5474012755366079e-04,1.0000000000000000e+00,
9.9959994621897275e-01,-1.8157888286825927e-04,1.0000000000000000e+00,1.0430545316353346e-12,1.6512723743505708e-02,1.4245786476513116e-05,8.5341016741670070e-07,-2.4403924401611546e-04,1.0000000000000000e+00,
1.0002273270070170e+00,8.9103930759506685e-03,1.0000000000000000e+00,3.5551617205697994e-11,-9.9606975245034377e+00,-7.6617368318084171e+00,7.0721615792745940e-05,2.8047525507798376e-02,1.0000000000000000e+00,
1.0112864358604050e+00,-2.4306899353431867e-02,1.0000000000000000e+00,2.1593837828959295e-11,-1.1916714903254178e+01,-3.5807936421992634e+00,3.5833265810275572e-04,-2.2483012356002308e-02,1.0000000000000000e+00,
9.9805915612068974e-01,-2.5542703228685435e-02,1.0000000000000000e+00,1.3115342145653131e-11,-1.2133301154483724e+00,5.3494079593104849e-01,1.2530355122247760e-05,-2.0685045803732694e-02,1.0000000000000000e+00,
9.9731414306639865e-01,-1.1219417273929414e-02,1.0000000000000000e+00,7.9653506013244169e-12,-1.3223772935312922e-01,2.0110123534023347e-01,3.4296088892438181e-06,-5.9720677607023121e-03,1.0000000000000000e+00,
9.9791096541256841e-01,-3.7645590053190007e-03,1.0000000000000000e+00,4.8374082517455008e-12,-8.4930462659488989e-03,9.0428732110379814e-02,4.9825587634944046e-06,-2.3335806871955626e-03,1.0000000000000000e+00,
9.9895328492348556e-01,-1.5660510075375890e-03,1.0000000000000000e+00,2.9376501231581642e-12,6.5500534608071341e-04,3.9574703240020846e-02,6.9039703193968238e-05,-1.0298060580039678e-03,1.0000000000000000e+00,
9.9949677773691015e-01,-6.7517053987453787e-04,1.0000000000000000e+00,1.7839063559677015e-12,6.5365957240595489e-04,1.5026920980400189e-02,3.5856824755252717e-05,-4.5031863158168648e-04,1.0000000000000000e+00,
9.9973133107137002e-01,-2.5104640731856245e-04,1.0000000000000000e+00,1.0832446051267652e-12,5.0360616859809369e-04,4.1907383548668787e-04,2.3676809352490228e-05,-1.6797312417975467e-04,1.0000000000000000e+00,
1.0001802993057374e+00,3.2161133490804950e-03,1.0000000000000000e+00,3.6755321008996589e-11,-2.2460334439748317e+00,-2.5406132800803158e+00,1.2845400271244145e-06,2.0871529736741726e-02,1.0000000000000000e+00,
1.0051650912919154e+00,-2.5335166146989423e-03,1.0000000000000000e+00,2.2311041902867146e-11,-2.3446822929603224e+00,-8.5318746475270146e-01,5.5997667490446934e-04,7.1634245201931028e-03,1.0000000000000000e+00,
1.0044913256033796e+00,-5.5788300409948463e-03,1.0000000000000000e+00,1.3542722498982585e-11,-1.1867396014621978e+00,1.9984231389760088e-01,2.2184029266347771e-07,9.8465739992115338e-04,1.0000000000000000e+00,
1.0011421597913424e+00,-5.3338096802608408e-03,1.0000000000000000e+00,8.2201467854758903e-12,-4.1831844924527717e-01,1.7387395624228175e-01,2.0996100851128352e-04,1.8249202916300521e-04,1.0000000000000000e+00,
1.0002682023386447e+00,-3.1282477741170545e-03,1.0000000000000000e+00,4.9893422726654535e-12,-1.8453110666843742e-01,8.5309519743012804e-02,4.4491121828360569e-07,5.4465023062504964e-05,1.0000000000000000e+00,
1.0000668115263305e+00,-1.4980532121807760e-03,1.0000000000000000e+00,3.0282998331188082e-12,-8.2740028856599881e-02,3.8542508115326682e-02,4.8648637809151074e-07,1.9996334739540838e-05,1.0000000000000000e+00,
1.0000202555496247e+00,-6.6720468079487177e-04,1.0000000000000000e+00,1.8379742172669467e-12,-3.8763329926335376e-02,1.4820194002212283e-02,2.0125286927523585e-05,7.0675991280215952e-06,1.0000000000000000e+00,
1.0000113025599491e+00,-2.4995588840626289e-04,1.0000000000000000e+00,1.1154965839921260e-12,-2.0546442932325493e-02,4.1215288556335262e-04,1.7625101924136945e-05,2.0133615622530439e-07,1.0000000000000000e+00,
1.0001276193279813e+00,8.8114404460620625e-05,1.0000000000000000e+00,3.7637726268968663e-11,-7.9305879055851725e-01,-7.4972483391965439e-01,4.9960951084560001e-06,1.8788586141656391e-02,1.0000000000000000e+00,
1.0037061358998585e+00,-8.2657067378730069e-05,1.0000000000000000e+00,2.2836454949271001e-11,-9.0719533850268519e-01,-3.5361210164923834e-01,3.8632672707053506e-05,1.1894247923256725e-02,1.0000000000000000e+00,
1.0042104780745500e+00,-1.6885952677139554e-03,1.0000000000000000e+00,1.3855694369624416e-11,-7.9564141952445366e-01,3.5094761106864436e-03,9.0019314710754195e-07,5.5945824929907618e-03,1.0000000000000000e+00,
1.0024053042600385e+00,-1.7544794708096239e-03,1.0000000000000000e+00,8.4066642536129166e-12,-4.4477106487439000e-01,5.3447395697492871e-03,1.2512469476679000e-05,2.5169663860310945e-03,1.0000000000000000e+00,
1.0011589105593268e+00,-1.4681448770355787e-03,1.0000000000000000e+00,5.1004755974304317e-12,-2.3772733521389960e-01,2.7979621123358934e-03,4.5077309278503119e-06,1.1322862782167198e-03,1.0000000000000000e+00,
1.0005531843305489e+00,-8.5831773066907824e-04,1.0000000000000000e+00,3.0945246365376988e-12,-1.1532827040567345e-01,1.2918100454697187e-03,3.0346932518993119e-08,4.9837599719381744e-04,1.0000000000000000e+00,
1.0002914398116005e+00,-4.2080668726017392e-04,1.0000000000000000e+00,1.8774981569436022e-12,-5.5472808090011413e-02,4.9995548800515176e-04,1.1833059233856691e-06,1.9005600029147287e-04,1.0000000000000000e+00,
1.0002167695552349e+00,-1.6432092935649188e-04,1.0000000000000000e+00,1.1390888232654106e-12,-2.9660271019530265e-02,1.3906436604297738e-05,1.6668420048471873e-06,5.2910642558886999e-06,1.0000000000000000e+00,

64,9
1.0047581804461674e+00,-8.8114404460620625e-05,1.0000000000000000e+00,4.4761194750719824e-11,-4.3336526763565995e-02,7.4972483391974654e-01,3.5335877896619969e+00,2.4909331381414091e-02,1.0000000000000000e+00,
1.0063067475526100e+00,8.2657067378740911e-05,1.0000000000000000e+00,2.7311430894627620e-11,-5.4963558086575903e-01,3.5361210164864609e-01,1.1006903604907081e-03,2.0112320678393962e-02,1.0000000000000000e+00,
1.0062159173228558e+00,1.6885952677139771e-03,1.0000000000000000e+00,1.6660617330188643e-11,-4.4365790239073460e-01,-3.5094761104545111e-03,9.3375122317169990e-04,1.2077095247412451e-02,1.0000000000000000e+00,
1.0043434714088331e+00,1.7544794708096347e-03,1.0000000000000000e+00,1.0161260721730514e-11,-2.0099535242735067e-01,-5.3447395696668010e-03,3.5716194542699531e-04,6.5122615429380028e-03,1.0000000000000000e+00,
1.0025535586824474e+00,1.4681448770355924e-03,1.0000000000000000e+00,6.1960991892817674e-12,-9.0832047266175539e-02,-2.7979621118897442e-03,2.2317132243781027e-04,3.1634090812193163e-03,1.0000000000000000e+00,
1.0013646373058369e+00,8.5831773066908095e-04,1.0000000000000000e+00,3.7775338412870951e-12,-4.2529946164282920e-02,-1.2918100455707338e-03,2.1002827780914127e-04,1.4642972087593636e-03,1.0000000000000000e+00,
1.0006929222451402e+00,4.2080668726017262e-04,1.0000000000000000e+00,2.3026025530725747e-12,-2.2276273101687886e-02,-4.9995548790782564e-04,1.3861347925507410e-04,6.4842084193998998e-04,1.0000000000000000e+00,
1.0003810824688537e+00,1.6432092935649153e-04,1.0000000000000000e+00,1.4033219031261979e-12,-1.6507928840537062e-02,-1.3906436095853844e-05,7.7901996061807942e-03,2.4279554597351664e-04,1.0000000000000000e+00,
1.0101540847121013e+00,-3.2161133490804950e-03,1.0000000000000000e+00,4.8150816667202889e-11,-7.6793927536261158e-02,2.5406132800810663e+00,9.8780397671189011e+00,3.9796113809373326e-02,1.0000000000000000e+00,
1.0127918120319650e+00,2.5335166146989965e-03,1.0000000000000000e+00,2.9339308760256699e-11,-8.3894907262579221e-01,8.5318746475188456e-01,5.8524759621120248e-03,2.5964106457770919e-02,1.0000000000000000e+00,
1.0110638387802842e+00,5.5788300409948680e-03,1.0000000000000000e+00,1.7874035584952708e-11,-1.9211447974628693e-01,-1.9984231389824531e-01,2.6255188319272704e-03,1.1272200352978405e-02,1.0000000000000000e+00,
1.0044659742897371e+00,5.3338096802608434e-03,1.0000000000000000e+00,1.0887402090986598e-11,-2.5582462317919798e-02,-1.7387395624128901e-01,2.0210056204145177e-03,5.1550361260240922e-03,1.0000000000000000e+00,
1.0022630184690406e+00,3.1282477741170624e-03,1.0000000000000000e+00,6.6306959922712849e-12,-5.8049785575472650e-03,-8.5309519743028209e-02,2.6082672671748353e-04,2.2930805058498328e-03,1.0000000000000000e+00,
1.0010705537848446e+00,1.4980532121807795e-03,1.0000000000000000e+00,4.0377146071080006e-12,-1.9404201843540956e-03,-3.8542508115190430e-02,9.1794862211273809e-05,1.0273186491739923e-03,1.0000000000000000e+00,
1.0005076520803413e+00,6.6720468079487416e-04,1.0000000000000000e+00,2.4583668434274841e-12,-8.5732685201896390e-04,-1.4820194002555369e-02,6.3251541127570116e-05,4.5008915907965145e-04,1.0000000000000000e+00,
1.0002696065198058e+00,2.4995588840626414e-04,1.0000000000000000e+00,1.4965806371947110e-12,-5.9600368410269952e-04,-4.1215288559079020e-04,1.1716634870555850e-02,1.6796516590353034e-04,1.0000000000000000e+00,
1.0238941540543525e+00,-8.9103930759506234e-03,1.0000000000000000e+00,5.1306126014338815e-11,-2.4767054799320551e-01,7.6617368318083505e+00,1.9650408286549169e+01,8.5883472418098586e-02,1.0000000000000000e+00,
1.0455323946854309e+00,2.4306899353431884e-02,1.0000000000000000e+00,3.1224411944918984e-11,1.3213414812673610e+00,3.5807936421993061e+00,1.7241856555590823e-01,4.1747035579342534e-02,1.0000000000000000e+00,
1.0226150781096319e+00,2.5542703228685452e-02,1.0000000000000000e+00,1.9000467865737392e-11,2.1451598275021126e+00,-5.3494079593102450e-01,7.5514809482529754e-02,5.6889954092477508e-03,1.0000000000000000e+00,
1.0040452734586163e+00,1.1219417273929425e-02,1.0000000000000000e+00,1.1560641333119293e-11,6.6063742712188611e-01,-2.0110123534006832e-01,3.1905125288334002e-03,4.6345237074227287e-04,1.0000000000000000e+00,
1.0009064012230058e+00,3.7645590053190089e-03,1.0000000000000000e+00,7.0331518386979042e-12,1.9646390550338422e-01,-9.0428732110613169e-02,1.2434389305687049e-03,-1.8060142692195028e-06,1.0000000000000000e+00,
1.0001716514672072e+00,1.5660510075375935e-03,1.0000000000000000e+00,4.2782999365442720e-12,8.3379166691551848e-02,-3.9574703240003062e-02,2.9664370061258105e-04,-1.3872923396904098e-05,1.0000000000000000e+00,
1.0000257188781538e+00,6.7517053987454026e-04,1.0000000000000000e+00,2.6022517474189044e-12,3.8816209246035481e-02,-1.5026920980304895e-02,8.9090522912334963e-05,-5.8231167552253507e-06,1.0000000000000000e+00,
9.9999990922594406e-01,2.5104640731856369e-04,1.0000000000000000e+00,1.5826784327543919e-12,2.0552970101503150e-02,-4.1907383575924204e-04,1.1748755886826922e-02,-1.5737692732600675e-07,1.0000000000000000e+00,
1.0249267325528786e+00,-1.6242405142862480e-03,1.0000000000000000e+00,5.4146132022481197e-11,7.2274223727433736e+01,5.7349514818756752e+01,2.0191085162881834e+01,3.2963522145815238e-01,1.0000000000000000e+00,
1.7983824341857795e+00,8.7271186636688769e-01,1.0000000000000000e+00,3.2920055570428985e-11,1.4422723573415064e+03,6.3805084191134404e+02,4.2730360404659649e+02,7.4160236289291881e-01,1.0000000000000000e+00,
1.0232672514697421e+00,1.0138598987050911e-01,1.0000000000000000e+00,2.0011992063473372e-11,1.7296675708994499e+01,2.5236203359075294e+01,2.4644173446852768e+00,3.2649131064294880e-02,1.0000000000000000e+00,
9.9757663802748642e-01,1.1546245651737662e-02,1.0000000000000000e+00,1.2164547147364146e-11,7.6433334354789317e-01,1.6587056095436220e-01,1.9796859078989593e-02,-2.5818863127157294e-03,1.0000000000000000e+00,
9.9882223083151134e-01,3.4981543030696807e-03,1.0000000000000000e+00,7.3938077882473863e-12,2.5136315079771232e-01,-2.9874083055399844e-03,1.5915851112636992e-03,-1.1383744958823354e-03,1.0000000000000000e+00,
9.9944224852881336e-01,1.2789274060349435e-03,1.0000000000000000e+00,4.4937387144727836e-12,1.1986842899930109e-01,-1.3398878554005339e-03,2.9894936118581017e-04,-4.9928453673535713e-04,1.0000000000000000e+00,
9.9970754776364001e-01,5.0791254319735679e-04,1.0000000000000000e+00,2.7309265959729601e-12,5.6471820067180906e-02,-5.0999916391105066e-04,8.4733466919600237e-05,-1.9019748938805652e-04,1.0000000000000000e+00,
9.9978284262086603e-01,1.8157888286826027e-04,1.0000000000000000e+00,1.6595613772096840e-12,2.9874993107306343e-02,-1.4245786495229664e-05,8.4056224888677828e-03,-5.2933303376909062e-06,1.0000000000000000e+00,
1.0249267325528784e+00,1.0345523102264749e-01,1.0000000000000000e+00,5.6594229302930898e-11,7.2274223727433792e+01,-6.0989702343048136e-01,2.0191085162882132e+01,3.2963522145815261e-01,1.0000000000000000e+00,
1.7983824341857804e+00,8.7393708493610112e-01,1.0000000000000000e+00,3.4378444535576591e-11,1.4422723573415551e+03,1.3184612268696087e+03,4.2730360404660064e+02,7.4160236289291426e-01,1.0000000000000000e+00,
1.0232672514697421e+00,-8.4025758969345429e-04,1.0000000000000000e+00,2.0882184870174569e-11,1.7296675708993256e+01,6.0624590070120785e+00,2.4644173446853732e+00,3.2649131064294887e-02,1.0000000000000000e+00,
9.9757663802748642e-01,-1.6550369582912826e-04,1.0000000000000000e+00,1.2683576411376407e-11,7.6433334354803095e-01,4.2161263390255910e-01,1.9796859078988205e-02,-2.5818863127154293e-03,1.0000000000000000e+00,
9.9882223083151134e-01,-5.2711976443600228e-05,1.0000000000000000e+00,7.7034489898153424e-12,2.5136315079771793e-01,1.7955882284295757e-01,1.5915851112550256e-03,-1.1383744958819251e-03,1.0000000000000000e+00,
9.9944224852881336e-01,-1.9911136513765468e-05,1.0000000000000000e+00,4.6785353369216409e-12,1.1986842899923622e-01,8.1738025766820044e-02,2.9894936118702448e-04,-4.9928453673557700e-04,1.0000000000000000e+00,
9.9970754776364001e-01,-7.1159972451670487e-06,1.0000000000000000e+00,2.8412827646207006e-12,5.6471820067272520e-02,3.5703629175957430e-02,8.4733466919686973e-05,-1.9019748938819362e-04,1.0000000000000000e+00,
9.9978284262086603e-01,-1.9023348023806856e-07,1.0000000000000000e+00,1.7253976025699558e-12,2.9874993107877199e-02,1.3275953284752872e-02,8.4056224888678019e-03,-5.2933303375750702e-06,1.0000000000000000e+00,
1.0238941540543522e+00,3.1436662386778551e-02,1.0000000000000000e+00,5.8581639539312391e-11,-2.4767054799295293e-01,-1.0921124008381611e+00,1.9650408286549240e+01,8.5883472418099460e-02,1.0000000000000000e+00,
1.0455323946854311e+00,2.9707383549192317e-02,1.0000000000000000e+00,3.5562275346734395e-11,1.3213414812660615e+00,8.8333352290396423e+00,1.7241856555590823e-01,4.1747035579343485e-02,1.0000000000000000e+00,
1.0226150781096319e+00,-3.4715828666642950e-03,1.0000000000000000e+00,2.1587509557718931e-11,2.1451598275018471e+00,5.2235428993011483e+00,7.5514809482529754e-02,5.6889954092482382e-03,1.0000000000000000e+00,
1.0040452734586163e+00,-3.3641263787012260e-03,1.0000000000000000e+00,1.3103962359650723e-11,6.6063742712142925e-01,7.4625094261264535e-01,3.1905125288320124e-03,4.6345237074338504e-04,1.0000000000000000e+00,
1.0009064012230058e+00,-1.4099928458916101e-03,1.0000000000000000e+00,7.9540818376244715e-12,1.9646390550323847e-01,2.7327365973195156e-01,1.2434389305711335e-03,-1.8060142685127622e-06,1.0000000000000000e+00,
1.0001716514672072e+00,-5.6245051003681870e-04,1.0000000000000000e+00,4.8279713560361870e-12,8.3379166691810044e-02,1.1808594559388469e-01,2.9664370061032591e-04,-1.3872923397844282e-05,1.0000000000000000e+00,
1.0000257188781538e+00,-2.0536574479659164e-04,1.0000000000000000e+00,2.9304336734981007e-12,3.8816209245912642e-02,5.1377466235931431e-02,8.9090522909646142e-05,-5.8231167557197960e-06,1.0000000000000000e+00,
9.9999990922594406e-01,-5.5226349508113350e-06,1.0000000000000000e+00,1.7786327966007320e-12,2.0552970101641387e-02,1.9142436976838869e-02,1.1748755886826974e-02,-1.5737692768690430e-07,1.0000000000000000e+00,
1.0101540847121013e+00,1.2347746043706856e-02,1.0000000000000000e+00,6.0050797667798861e-11,-7.6793927536328466e-02,-4.2272886529165360e-01,9.8780397671188673e+00,3.9796113809372521e-02,1.0000000000000000e+00,
1.0127918120319650e+00,7.7790083567493744e-03,1.0000000000000000e+00,3.6436798023231631e-11,-8.3894907262630070e-01,1.0325076695350612e+00,5.8524759621814137e-03,2.5964106457771498e-02,1.0000000000000000e+00,
1.0110638387802842e+00,-3.0496684795990178e-04,1.0000000000000000e+00,2.2108315178570592e-11,-1.9211447974626594e-01,1.0699168354447686e+00,2.6255188319224132e-03,1.1272200352978979e-02,1.0000000000000000e+00,
1.0044659742897371e+00,-1.6104349692032513e-03,1.0000000000000000e+00,1.3414158672730991e-11,-2.5582462317827567e-02,6.4260197958988596e-01,2.0210056204124360e-03,5.1550361260258148e-03,1.0000000000000000e+00,
1.0022630184690406e+00,-9.4669036585964047e-04,1.0000000000000000e+00,8.1389339712245601e-12,-5.8049785574966033e-03,2.6955456126117411e-01,2.6082672671297324e-04,2.2930805058510592e-03,1.0000000000000000e+00,
1.0010705537848446e+00,-4.6634788929938499e-04,1.0000000000000000e+00,4.9381609912302338e-12,-1.9404201844512084e-03,1.1781461105226043e-01,9.1794862210926864e-05,1.0273186491736811e-03,1.0000000000000000e+00,
1.0005076520803413e+00,-1.8615778359452889e-04,1.0000000000000000e+00,2.9961033654046787e-12,-8.5732685323264344e-04,5.1329329320659298e-02,6.3251541127483379e-05,4.5008915907864358e-04,1.0000000000000000e+00,
1.0002696065198058e+00,-5.1342598991521081e-06,1.0000000000000000e+00,1.8178236693700001e-12,-5.9600368261419055e-04,1.9132780618355730e-02,1.1716634870555902e-02,1.6796516590255342e-04,1.0000000000000000e+00,
1.0047581804461672e+00,4.4169682017469996e-03,1.0000000000000000e+00,6.0958071923522539e-11,-4.3336526763259817e-02,-1.1700974954304867e-02,3.5335877896620489e+00,2.4909331381414726e-02,1.0000000000000000e+00,
1.0063067475526097e+00,2.8093211332294414e-03,1.0000000000000000e+00,3.6976643968955614e-11,-5.4963558086355957e-01,1.5714169952063747e-01,1.1006903605080554e-03,2.0112320678393983e-02,1.0000000000000000e+00,
1.0062159173228558e+00,-2.0664287162918543e-07,1.0000000000000000e+00,2.2429613721897113e-11,-4.4365790239084080e-01,2.7199862748206233e-01,9.3375122316302628e-04,1.2077095247412691e-02,1.0000000000000000e+00,
1.0043434714088331e+00,-4.6340144102118442e-05,1.0000000000000000e+00,1.3605505611025137e-11,-2.0099535242865418e-01,2.5960374682135701e-01,3.5716194541832169e-04,6.5122615429405398e-03,1.0000000000000000e+00,
1.0025535586824474e+00,-2.9542058199887099e-05,1.0000000000000000e+00,8.2528983647023324e-12,-9.0832047266142593e-02,1.5736614083798425e-01,2.2317132243781027e-04,3.1634090812205640e-03,1.0000000000000000e+00,
1.0013646373058369e+00,-1.5172566162422049e-05,1.0000000000000000e+00,5.0060511291860621e-12,-4.2529946164443319e-02,7.7205117278061577e-02,2.1002827780046765e-04,1.4642972087597606e-03,1.0000000000000000e+00,
1.0006929222451402e+00,-6.1716308499933298e-06,1.0000000000000000e+00,3.0365709946522657e-12,-2.2276273101902454e-02,3.4773306891753709e-02,1.3861347926049511e-04,6.4842084193886555e-04,1.0000000000000000e+00,
1.0003810824688537e+00,-1.7114817266373309e-07,1.0000000000000000e+00,1.8419155090043660e-12,-1.6507928840486366e-02,1.3090025739760513e-02,7.7901996061807942e-03,2.4279554597117316e-04,1.0000000000000000e+00,

