1
1
9
0
(4 0
((32,112) (47,127) (0,0))
((48,112) (63,127) (0,0))
((32,128) (47,143) (0,0))
((48,128) (63,143) (0,0))
)
4
FabOnDisk: Cell_D_00000 0
FabOnDisk: Cell_D_00000 18518
FabOnDisk: Cell_D_00000 37036
FabOnDisk: Cell_D_00000 55554

4,9
0.0000000000000000e+00,-7.5427829823672543e-01,0.0000000000000000e+00,0.0000000000000000e+00,-8.4428621438089442e+02,-5.9154632575793062e+02,0.0000000000000000e+00,-8.5884182173137213e-01,0.0000000000000000e+00,
-2.4709788729160589e-01,-3.9382355116873741e-01,0.0000000000000000e+00,0.0000000000000000e+00,-5.5556899106205925e+01,-5.9660847851493975e+02,0.0000000000000000e+00,-8.8628757916041556e-01,0.0000000000000000e+00,
0.0000000000000000e+00,0.0000000000000000e+00,0.0000000000000000e+00,0.0000000000000000e+00,-8.4428621438100822e+02,-5.6716938999707816e+02,0.0000000000000000e+00,-8.5884182173138912e-01,0.0000000000000000e+00,
-2.4709788729167897e-01,-6.5825811884458141e-01,0.0000000000000000e+00,0.0000000000000000e+00,-5.5556899106205265e+01,-4.1678602077883920e+02,0.0000000000000000e+00,-8.8628757916043055e-01,0.0000000000000000e+00,

4,9
1.6000451694830211e+00,0.0000000000000000e+00,1.0000000000001226e+00,7.1192208450778556e-13,1.6630110887178370e+02,5.6716938999702518e+02,3.7065290307969562e+03,5.7661439785931934e-01,1.0000000000000000e+00,
1.6224894179328753e+00,6.5825811884461094e-01,1.0000000000001767e+00,6.9615289667286438e-13,5.4223271558037004e+02,4.1678602077893305e+02,3.9360847321747324e+03,1.3353127137970894e-01,1.0000000000000000e+00,
1.6000451694830218e+00,7.5427829823668402e-01,1.0000000000001779e+00,7.2743280951507531e-13,1.6630110887179018e+02,5.9154632575793994e+02,3.7065290307970949e+03,5.7661439785932489e-01,1.0000000000000000e+00,
1.6224894179328868e+00,3.9382355116874201e-01,1.0000000000005405e+00,6.9774419700859513e-13,5.4223271558031240e+02,5.9660847851492986e+02,3.9360847321748984e+03,1.3353127137970761e-01,1.0000000000000000e+00,

