1
1
9
0
(14 0
((144,200) (159,215) (0,0))
((144,216) (159,231) (0,0))
((144,232) (159,239) (0,0))
((56,224) (71,239) (0,0))
((80,232) (95,247) (0,0))
((96,232) (111,247) (0,0))
((80,248) (95,263) (0,0))
((96,248) (111,263) (0,0))
((80,264) (95,279) (0,0))
((96,264) (111,279) (0,0))
((144,272) (159,287) (0,0))
((56,280) (71,295) (0,0))
((120,280) (127,287) (0,0))
((144,296) (151,311) (0,0))
)
14
FabOnDisk: Cell_D_00000 0
FabOnDisk: Cell_D_00000 18520
FabOnDisk: Cell_D_00000 37040
FabOnDisk: Cell_D_00000 46344
FabOnDisk: Cell_D_00000 64862
FabOnDisk: Cell_D_00000 83380
FabOnDisk: Cell_D_00000 101899
FabOnDisk: Cell_D_00000 120417
FabOnDisk: Cell_D_00000 138936
FabOnDisk: Cell_D_00000 157454
FabOnDisk: Cell_D_00000 175973
FabOnDisk: Cell_D_00000 194493
FabOnDisk: Cell_D_00000 213011
FabOnDisk: Cell_D_00000 217707

14,9
4.5183090674673271e-01,-2.0339680452611916e-01,9.9999738651048964e-01,2.0330732627544423e-12,5.1653233342080966e+03,-9.1027569872317137e+04,7.0454524303809052e-02,-3.4167365469776757e+02,1.0000000000000000e+00,
4.7017736457967269e-01,-6.3495107090715919e-01,9.9704197023736940e-01,2.0439009004123167e-12,8.6016305513540734e+04,-2.2201723839242914e+04,1.4207614729438376e+00,-3.6326318545310033e+02,1.0000000000000000e+00,
1.1873131438407434e+00,-4.5463800378159175e-01,9.9999719400814002e-01,2.0570972006871054e-12,3.4144672686065678e+04,-8.5687909490160295e+04,7.4986041237368184e+00,-3.6172141728552390e+02,1.0000000000000000e+00,
6.9957276109392574e-01,-4.3819688090899511e-01,9.9999993060398218e-01,7.7018916379697749e-13,-2.6554614487390791e+04,-1.1919656938495427e+05,4.8398049040718760e-01,-7.1500778057186579e+01,1.0000000000000000e+00,
0.0000000000000000e+00,-1.0565425401924831e+00,0.0000000000000000e+00,0.0000000000000000e+00,-5.6048224762644168e+03,-9.6293940847000704e+04,0.0000000000000000e+00,-1.8650089902514389e+02,0.0000000000000000e+00,
0.0000000000000000e+00,-1.7746439997683880e-01,0.0000000000000000e+00,0.0000000000000000e+00,-3.6309878172924073e+03,-2.2882768866736296e+04,0.0000000000000000e+00,-3.8420144489159384e+01,0.0000000000000000e+00,
-5.2950248399287220e-02,-1.1307818991928782e+00,0.0000000000000000e+00,0.0000000000000000e+00,-1.0307800119289350e+04,-3.3294595983621897e+04,0.0000000000000000e+00,-1.4580105567790119e+02,0.0000000000000000e+00,
-5.7817725074810991e-02,-1.2979473758068201e+00,0.0000000000000000e+00,0.0000000000000000e+00,-1.5258835074694300e+04,-2.2551666873737850e+04,0.0000000000000000e+00,0.0000000000000000e+00,0.0000000000000000e+00,
0.0000000000000000e+00,-3.0769124207737214e-01,0.0000000000000000e+00,0.0000000000000000e+00,0.0000000000000000e+00,-1.4244067177103352e+04,0.0000000000000000e+00,-2.0414009647800233e+02,0.0000000000000000e+00,
0.0000000000000000e+00,-1.3278053929573916e+00,0.0000000000000000e+00,0.0000000000000000e+00,0.0000000000000000e+00,-8.8966047663707461e+04,0.0000000000000000e+00,-6.0425981055817971e+01,0.0000000000000000e+00,
9.0656787410568140e-01,-9.5760623059339733e-01,9.9905333545285335e-01,2.0621594127377101e-12,3.9004674833607169e+03,-8.0958044518364652e+04,3.5881779621792731e+00,-2.9779918765148182e+02,1.0000000000000000e+00,
6.1657775914593693e-01,-4.5888396795702979e-01,9.9999999999706257e-01,7.8156745710349168e-13,3.9464155802848836e+03,-7.6203279869569262e+04,1.4644897795959011e-01,-5.8142073727861487e+01,1.0000000000000000e+00,
3.7050974929371394e-01,-1.0123230560919700e+00,9.9997641845162832e-01,1.7488933999302549e-12,-1.0459753247092571e+05,-1.3354647690871035e+05,2.3964994180521217e+01,-1.5947511824615709e+01,1.0000000000000000e+00,
4.0115986689675737e-01,-1.2307744220465775e+00,9.9999768206460593e-01,2.0532765460280228e-12,2.0390834588459347e+04,-3.7050857762690292e+04,6.5498477466117144e+00,-2.1535992682938237e+02,1.0000000000000000e+00,

14,9
1.0982548451665171e+00,1.3662499905411118e+00,1.0000003082106654e+00,2.2306496721185412e-12,1.2696740892119087e+05,6.6311969405310811e+04,3.5446313438753441e+03,-1.1617684444850761e+02,1.0000000000000000e+00,
1.4049844833490899e+00,8.7296187907762313e-01,1.0013358968262773e+00,2.2396640720773388e-12,1.3447886198231499e+05,3.9563351239032272e+03,3.8407214204656839e+03,-1.1766754609452292e+02,1.0000000000000000e+00,
1.7610187216369275e+00,4.7682023297914733e-01,1.0000000538762834e+00,2.2437896675440576e-12,1.3808339780070618e+05,9.5278962549480813e+04,3.2174216569135156e+03,-1.4905364490798141e+02,1.0000000000000000e+00,
1.6445578738675071e+00,3.7001780867723616e-01,1.0000112279438167e+00,9.9246472002885121e-13,9.2918958805538205e+04,3.8992575580045741e+04,4.4773183609779844e+03,5.5998738677056551e+01,1.0000000000000000e+00,
2.4398372291573818e+00,2.3061419227975694e-01,1.0000314926255724e+00,1.3602555634392050e-12,6.0000879248327874e+04,8.4060240807917216e+03,5.8169694967389296e+03,0.0000000000000000e+00,1.0000000000000000e+00,
2.5128023930438679e+00,1.2757588394345190e+00,1.0000009564511423e+00,1.7045841274433766e-12,7.8212231991965295e+04,1.0130687644325553e+05,8.9327973711266604e+03,4.4738371336468539e+01,1.0000000000000000e+00,
7.0962575249771376e-01,1.2073924479939504e+00,1.0000701316153857e+00,1.0729921027979134e-12,2.9541755149709847e+04,2.5016545951289707e+04,5.1852297830007064e+03,0.0000000000000000e+00,1.0000000000000000e+00,
7.2954127250728740e-01,1.2150267082665380e+00,1.0000000005235772e+00,1.7435460446530144e-12,2.4898091349090908e+04,2.2058734455132526e+04,6.7770576435460271e+03,3.7979866419388301e+01,1.0000000000000000e+00,
2.3910633948824911e+00,1.1467464361568345e+00,1.0000000010627328e+00,1.3679379807253009e-12,7.4122795084930287e+04,1.1767613127326440e+05,6.0695904063925036e+03,0.0000000000000000e+00,1.0000000000000000e+00,
2.4701875706859298e+00,1.8430193078182622e-01,1.0000000014843644e+00,1.7083669869127044e-12,8.2559584523838843e+04,2.0758853403936610e+04,8.8538128223028762e+03,5.1733621506159132e+01,1.0000000000000000e+00,
1.8435802360873343e+00,6.8205143783940791e-01,1.0011436878402113e+00,2.2504901103864761e-12,1.1822830132337421e+05,8.5650721073851484e+04,3.5419147680775800e+03,-1.4331181951382951e+02,1.0000000000000000e+00,
1.7254666337707263e+00,4.7810421549738591e-01,1.0000000000008022e+00,1.0088946592733835e-12,9.4873258152433293e+04,1.3477802876330790e+05,5.0748396697149819e+03,8.4725809831352777e+01,1.0000000000000000e+00,
1.8499176974914953e+00,-2.6052789613285726e-01,1.0000025601581388e+00,1.8517535740406742e-12,8.2874543218072999e+04,5.8558498264952279e+04,4.3464768016277476e+03,5.2056628141473801e+01,1.0000000000000000e+00,
1.2120173112506716e+00,1.2426738079157998e-01,1.0000007096766261e+00,2.1470144994666292e-12,1.4793312197763135e+05,6.7948593757068913e+04,2.9891358104755104e+03,-1.0248311568330030e+02,1.0000000000000000e+00,

