1
1
2
4
(4 0
((32,112) (47,127) (0,0))
((48,112) (63,127) (0,0))
((32,128) (47,143) (0,0))
((48,128) (63,143) (0,0))
)
4
FabOnDisk: SD_2_Old_MF_D_00000 0
FabOnDisk: SD_2_Old_MF_D_00000 9302
FabOnDisk: SD_2_Old_MF_D_00000 18604
FabOnDisk: SD_2_Old_MF_D_00000 27906

4,2
-1.3168953647033468e+03,-1.5769260523368171e+03,
-1.3316971972545409e+02,-1.8200851971834961e+03,
-1.3168953647033568e+03,-6.3805084191139554e+02,
-1.3316971972545608e+02,-3.5455992404405322e+02,

4,2
2.7109189439362916e+02,6.3805084191134415e+02,
1.4422723573415117e+03,3.5455992404402087e+02,
2.7109189439363030e+02,1.5769260523368348e+03,
1.4422723573415558e+03,1.8200851971834945e+03,

