1
1
4
4
(6 0
((32,112) (47,127) (0,0))
((48,112) (63,127) (0,0))
((64,112) (71,127) (0,0))
((32,128) (47,143) (0,0))
((48,128) (63,143) (0,0))
((64,128) (71,143) (0,0))
)
6
FabOnDisk: SD_0_Old_MF_D_00000 0
FabOnDisk: SD_0_Old_MF_D_00000 18518
FabOnDisk: SD_0_Old_MF_D_00000 37036
FabOnDisk: SD_0_Old_MF_D_00000 49410
FabOnDisk: SD_0_Old_MF_D_00000 67928
FabOnDisk: SD_0_Old_MF_D_00000 86446

6,4
0.0000000000000000e+00,-7.3795808537010033e-01,9.9999999999914302e-01,-1.3148225111204135e-12,
-8.6226280594323901e-01,-6.8889225449334546e-01,9.9999999999904710e-01,-4.2169179659993909e-13,
-1.3902038055684704e-03,1.9153308940028198e-02,9.9999999999982170e-01,1.1694668830422971e-13,
0.0000000000000000e+00,-8.1839894439847507e-09,9.9999999999925915e-01,-1.3717219331193646e-12,
-8.6226280594315563e-01,-8.1179507686671570e-01,9.9999999999929956e-01,-4.4610144979979328e-13,
-1.3902038055549283e-03,-6.4284344121642956e-01,9.9999999999993994e-01,1.1664055723146518e-13,

6,4
1.4615396432503960e+00,8.1839894552047625e-09,1.0000000000000000e+40,2.4123957499107401e-12,
1.4992723455913408e+00,8.1179507686674823e-01,1.0000000000000000e+40,2.6569137997387856e-13,
1.1148850255441918e+00,6.4284344121643711e-01,1.0000000000001410e+00,1.7119454096690912e-13,
1.4615396432504226e+00,7.3795808537004803e-01,1.0000000000000000e+40,2.5341288154785659e-12,
1.4992723455913166e+00,6.8889225449342018e-01,1.0000000000000000e+40,2.7507241905788834e-13,
1.1148850255441900e+00,-1.9153308940038315e-02,1.0000000000001370e+00,1.7524564963552644e-13,

