1
1
4
4
(6 0
((32,112) (47,127) (0,0))
((48,112) (63,127) (0,0))
((64,112) (71,127) (0,0))
((32,128) (47,143) (0,0))
((48,128) (63,143) (0,0))
((64,128) (71,143) (0,0))
)
6
FabOnDisk: SD_0_New_MF_D_00000 0
FabOnDisk: SD_0_New_MF_D_00000 18518
FabOnDisk: SD_0_New_MF_D_00000 37036
FabOnDisk: SD_0_New_MF_D_00000 49410
FabOnDisk: SD_0_New_MF_D_00000 67928
FabOnDisk: SD_0_New_MF_D_00000 86446

6,4
2.9225403522199902e-02,-7.3786810672110703e-01,9.9999999999914069e-01,-2.3135634627784178e-12,
-8.6801183891876277e-01,-6.8879566895092870e-01,9.9999999999904565e-01,-7.3583048163644014e-14,
-1.1658409543351247e-02,1.9359825481666527e-02,9.9999999999982214e-01,6.2083878225431350e-14,
2.9225403522196238e-02,1.5037116603724707e-02,9.9999999999925782e-01,-2.4359818108320995e-12,
-8.6801183891867995e-01,-8.1124112022840533e-01,9.9999999999930600e-01,-8.3037039919754514e-14,
-1.1658409543337422e-02,-6.5020359754511725e-01,9.9999999999993983e-01,5.7947216699144630e-14,

6,4
1.0000000000000000e+40,1.0000000000000000e+40,1.0000000000000000e+40,1.0000000000000000e+40,
1.0000000000000000e+40,1.0000000000000000e+40,1.0000000000000000e+40,1.0000000000000000e+40,
1.1160705276915575e+00,6.5020359754512580e-01,1.0000000000001412e+00,1.2866185451321520e-13,
1.0000000000000000e+40,1.0000000000000000e+40,1.0000000000000000e+40,1.0000000000000000e+40,
1.0000000000000000e+40,1.0000000000000000e+40,1.0000000000000000e+40,1.0000000000000000e+40,
1.1160705276915548e+00,-1.9359825481677573e-02,1.0000000000001377e+00,1.2874258999101788e-13,

