1
1
1
1
(6 0
((32,112) (48,128) (1,1))
((48,112) (64,128) (1,1))
((64,112) (72,128) (1,1))
((32,128) (48,144) (1,1))
((48,128) (64,144) (1,1))
((64,128) (72,144) (1,1))
)
6
FabOnDisk: SD_1_New_MF_D_00000 0
FabOnDisk: SD_1_New_MF_D_00000 2974
FabOnDisk: SD_1_New_MF_D_00000 5948
FabOnDisk: SD_1_New_MF_D_00000 7706
FabOnDisk: SD_1_New_MF_D_00000 10680
FabOnDisk: SD_1_New_MF_D_00000 13654

6,1
-7.9829883547557445e-01,
-1.1303208129978513e+00,
-2.1387061153366649e-01,
-7.9829883547567926e-01,
-1.1303208129978188e+00,
-2.1387061153363493e-01,

6,1
6.2443904648267379e-01,
5.1923862888507352e-02,
1.6669611139563886e-01,
6.2443904648267379e-01,
5.1923862888507352e-02,
1.6669611139563886e-01,

