1
1
8
0
(2 0
((96,104) (127,127) (0,0))
((0,120) (95,127) (0,0))
)
2
FabOnDisk: Cell_D_00000 0
FabOnDisk: Cell_D_00000 49239

2,8
-2.7507681260383693e-01,-6.2006968219419034e-01,9.9987769903589085e-01,0.0000000000000000e+00,-7.4619438328737331e-01,-1.4852722851931892e+00,5.3599348756794285e-04,-4.6295946427432136e-02,
-7.1574650688270833e-02,6.9611911913957048e-05,9.9998256894597293e-01,0.0000000000000000e+00,-1.8814558789662517e-01,-9.5818006876840602e+00,1.8109485390569535e-01,-1.3178375424945926e-01,

2,8
9.1720142531388038e-01,4.6544170268966505e-02,1.0000000000001374e+00,0.0000000000000000e+00,3.4851418686199182e+01,3.0436907533021007e+01,6.6446728164117872e+01,7.1968970649752584e-01,
9.0917862940448235e-01,1.9902075006741485e-01,1.0000000413838825e+00,0.0000000000000000e+00,1.3290989457568918e+01,7.8080597691620408e+00,7.2723622887947002e+01,-7.0904895658815406e-04,

