1
1
4
4
(6 0
((80,232) (95,247) (0,0))
((96,232) (111,247) (0,0))
((80,248) (95,263) (0,0))
((96,248) (111,263) (0,0))
((80,264) (95,279) (0,0))
((96,264) (111,279) (0,0))
)
6
FabOnDisk: SD_0_New_MF_D_00000 0
FabOnDisk: SD_0_New_MF_D_00000 18518
FabOnDisk: SD_0_New_MF_D_00000 37037
FabOnDisk: SD_0_New_MF_D_00000 55555
FabOnDisk: SD_0_New_MF_D_00000 74074
FabOnDisk: SD_0_New_MF_D_00000 92592

6,4
-2.0707100553044167e-01,-7.1295147369870748e-01,9.9999999999951972e-01,-8.1056059455573651e-16,
-1.0157983649240664e-01,-5.1998447918293400e-01,9.9999999999973488e-01,-2.4793742090665128e-15,
1.9452931732129270e-02,-6.3050365610805337e-01,9.9999999999908717e-01,-8.3468782364898821e-15,
-2.0586034426036107e-01,-4.9533898592647357e-01,9.9999999999979994e-01,-3.0466142857025592e-15,
-2.0639010230740004e-01,-1.8674114442466691e-01,9.9999999999932243e-01,-8.4859504344687555e-15,
-1.0168744375184548e-01,-7.8004573872675941e-03,9.9999999999767786e-01,-2.6093695008956649e-15,

6,4
1.0000000000000000e+40,1.0000000000000000e+40,1.0000000000000000e+40,1.0000000000000000e+40,
1.0000000000000000e+40,1.0000000000000000e+40,1.0000000000000000e+40,1.0000000000000000e+40,
1.0000000000000000e+40,1.0000000000000000e+40,1.0000000000000000e+40,1.0000000000000000e+40,
1.0000000000000000e+40,1.0000000000000000e+40,1.0000000000000000e+40,1.0000000000000000e+40,
1.0000000000000000e+40,1.0000000000000000e+40,1.0000000000000000e+40,1.0000000000000000e+40,
1.0000000000000000e+40,1.0000000000000000e+40,1.0000000000000000e+40,1.0000000000000000e+40,

