1
1
1
1
(6 0
((80,232) (96,248) (1,1))
((96,232) (112,248) (1,1))
((80,248) (96,264) (1,1))
((96,248) (112,264) (1,1))
((80,264) (96,280) (1,1))
((96,264) (112,280) (1,1))
)
6
FabOnDisk: SD_1_Old_MF_D_00000 0
FabOnDisk: SD_1_Old_MF_D_00000 2974
FabOnDisk: SD_1_Old_MF_D_00000 5949
FabOnDisk: SD_1_Old_MF_D_00000 8923
FabOnDisk: SD_1_Old_MF_D_00000 11898
FabOnDisk: SD_1_Old_MF_D_00000 14872

6,1
-7.9221016163161453e+00,
-3.9203390783832609e-01,
0.0000000000000000e+00,
-3.4506018939700694e-01,
-7.8013975427693536e+00,
-3.9197064401961823e-01,

6,1
3.6177041448156388e+00,
5.4963892031720949e+00,
3.6239517094470131e+00,
5.5014792013442682e+00,
3.6239517094470131e+00,
5.5014792013442682e+00,

