1
1
2
4
(6 0
((80,232) (95,247) (0,0))
((96,232) (111,247) (0,0))
((80,248) (95,263) (0,0))
((96,248) (111,263) (0,0))
((80,264) (95,279) (0,0))
((96,264) (111,279) (0,0))
)
6
FabOnDisk: SD_2_New_MF_D_00000 0
FabOnDisk: SD_2_New_MF_D_00000 9302
FabOnDisk: SD_2_New_MF_D_00000 18605
FabOnDisk: SD_2_New_MF_D_00000 27907
FabOnDisk: SD_2_New_MF_D_00000 37210
FabOnDisk: SD_2_New_MF_D_00000 46512

6,2
-8.2999363893206737e+02,-3.9897554159119596e+02,
-3.1722629286492804e+02,-1.5622374622068290e+02,
-4.9161060018981715e+02,-4.8766814517148646e+02,
-3.8057707251402832e+02,-2.0415271181102861e+02,
-8.2928627645903532e+02,-4.0916516297576050e+02,
-3.1713208212683753e+02,-2.5180358250924974e+02,

6,2
1.0000000000000000e+40,1.0000000000000000e+40,
1.0000000000000000e+40,1.0000000000000000e+40,
1.0000000000000000e+40,1.0000000000000000e+40,
1.0000000000000000e+40,1.0000000000000000e+40,
1.0000000000000000e+40,1.0000000000000000e+40,
1.0000000000000000e+40,1.0000000000000000e+40,

