1
1
2
4
(6 0
((80,232) (95,247) (0,0))
((96,232) (111,247) (0,0))
((80,248) (95,263) (0,0))
((96,248) (111,263) (0,0))
((80,264) (95,279) (0,0))
((96,264) (111,279) (0,0))
)
6
FabOnDisk: SD_2_Old_MF_D_00000 0
FabOnDisk: SD_2_Old_MF_D_00000 9302
FabOnDisk: SD_2_Old_MF_D_00000 18605
FabOnDisk: SD_2_Old_MF_D_00000 27907
FabOnDisk: SD_2_Old_MF_D_00000 37210
FabOnDisk: SD_2_Old_MF_D_00000 46512

6,2
-9.0868599943874153e+02,-4.0253494527325353e+02,
-3.1057769712272807e+02,-1.5805537188869499e+02,
-4.7977637615305963e+02,-4.5686473951856971e+02,
-3.7584463705972462e+02,-1.7654173460393653e+02,
-8.8777781118571409e+02,-4.1233320474648514e+02,
-3.1087298126268615e+02,-2.5832661394858701e+02,

6,2
4.3240766572324810e+02,5.5996252678773055e+02,
1.0586671872180300e+02,2.5821608973545051e+02,
1.1533058296591641e+02,4.5685464856989501e+02,
1.1132533086423966e+02,1.9668097523358614e+02,
2.8258465680519748e+02,4.0345334567292406e+02,
1.0578816875079548e+02,1.5808327599384882e+02,

