1
1
8
0
(4 0
((0,0) (31,31) (0,0))
((32,0) (63,31) (0,0))
((0,32) (31,63) (0,0))
((32,32) (63,63) (0,0))
)
4
FabOnDisk: Cell_D_00000 0
FabOnDisk: Cell_D_00001 0
FabOnDisk: Cell_D_00002 0
FabOnDisk: Cell_D_00003 0

4,8
-2.5413734433428172e-02,6.7453266268129351e-06,9.9999999995468525e-01,0.0000000000000000e+00,4.5370148025369872e-04,-6.6848251572184436e-02,2.9702834388606325e-07,5.4519541306710835e-02,
-1.0866181536219537e-01,-3.5896811398404088e-01,9.9999999943939799e-01,0.0000000000000000e+00,-5.3120550584174193e+00,-4.1983023695238970e+01,1.2447045271840596e-06,-1.1914995703987228e+00,
-9.9810024412644444e-02,-3.5059762787456539e-02,9.9980137743246633e-01,0.0000000000000000e+00,-7.5564879587845070e+01,-3.0563959240046142e+02,1.6954505337452019e-06,-1.3164146281087019e-01,
-3.9601370939187941e-01,-5.6111525775651283e-01,9.9937967996929666e-01,0.0000000000000000e+00,-3.5192397990001990e+02,-1.9443638931912940e+02,4.4488038547535469e-05,-1.0203171725363207e+00,

4,8
-6.7487408682581916e-06,2.2459690344074541e-02,1.0000000000852376e+00,0.0000000000000000e+00,1.0744900871650076e-01,8.1438473223691688e-03,3.8571796108251566e-01,7.9317318089457717e-02,
7.4250933602858490e-02,2.3205364418549534e-02,1.0000000000683373e+00,0.0000000000000000e+00,9.8472576930329900e+00,2.6926368779819498e+01,1.5485135984613862e+01,1.0851579183803409e-01,
8.4896843132836453e-01,2.2499669468505179e-01,1.0002040428597074e+00,0.0000000000000000e+00,4.6976922839571358e+01,4.8900049874171003e+00,3.7775265106614903e+01,4.6005563991206477e-01,
1.1410536561775335e+00,1.6854217674852093e-01,1.0003294013580295e+00,0.0000000000000000e+00,5.0261310489592893e+02,6.4288938486635379e+02,3.5243241314360937e+01,1.1371904769805141e+00,

