1
1
9
0
(64 0
((0,0) (15,15) (0,0))
((16,0) (31,15) (0,0))
((32,0) (47,15) (0,0))
((48,0) (63,15) (0,0))
((64,0) (79,15) (0,0))
((80,0) (95,15) (0,0))
((96,0) (111,15) (0,0))
((112,0) (127,15) (0,0))
((0,16) (15,31) (0,0))
((16,16) (31,31) (0,0))
((32,16) (47,31) (0,0))
((48,16) (63,31) (0,0))
((64,16) (79,31) (0,0))
((80,16) (95,31) (0,0))
((96,16) (111,31) (0,0))
((112,16) (127,31) (0,0))
((0,32) (15,47) (0,0))
((16,32) (31,47) (0,0))
((32,32) (47,47) (0,0))
((48,32) (63,47) (0,0))
((64,32) (79,47) (0,0))
((80,32) (95,47) (0,0))
((96,32) (111,47) (0,0))
((112,32) (127,47) (0,0))
((0,48) (15,63) (0,0))
((16,48) (31,63) (0,0))
((32,48) (47,63) (0,0))
((48,48) (63,63) (0,0))
((64,48) (79,63) (0,0))
((80,48) (95,63) (0,0))
((96,48) (111,63) (0,0))
((112,48) (127,63) (0,0))
((0,64) (15,79) (0,0))
((16,64) (31,79) (0,0))
((32,64) (47,79) (0,0))
((48,64) (63,79) (0,0))
((64,64) (79,79) (0,0))
((80,64) (95,79) (0,0))
((96,64) (111,79) (0,0))
((112,64) (127,79) (0,0))
((0,80) (15,95) (0,0))
((16,80) (31,95) (0,0))
((32,80) (47,95) (0,0))
((48,80) (63,95) (0,0))
((64,80) (79,95) (0,0))
((80,80) (95,95) (0,0))
((96,80) (111,95) (0,0))
((112,80) (127,95) (0,0))
((0,96) (15,111) (0,0))
((16,96) (31,111) (0,0))
((32,96) (47,111) (0,0))
((48,96) (63,111) (0,0))
((64,96) (79,111) (0,0))
((80,96) (95,111) (0,0))
((96,96) (111,111) (0,0))
((112,96) (127,111) (0,0))
((0,112) (15,127) (0,0))
((16,112) (31,127) (0,0))
((32,112) (47,127) (0,0))
((48,112) (63,127) (0,0))
((64,112) (79,127) (0,0))
((80,112) (95,127) (0,0))
((96,112) (111,127) (0,0))
((112,112) (127,127) (0,0))
)
64
FabOnDisk: Cell_D_00000 0
FabOnDisk: Cell_D_00000 18514
FabOnDisk: Cell_D_00000 37029
FabOnDisk: Cell_D_00000 55544
FabOnDisk: Cell_D_00000 74059
FabOnDisk: Cell_D_00000 92574
FabOnDisk: Cell_D_00000 111089
FabOnDisk: Cell_D_00000 129605
FabOnDisk: Cell_D_00000 148122
FabOnDisk: Cell_D_00000 166637
FabOnDisk: Cell_D_00000 185153
FabOnDisk: Cell_D_00000 203669
FabOnDisk: Cell_D_00000 222185
FabOnDisk: Cell_D_00000 240701
FabOnDisk: Cell_D_00000 259217
FabOnDisk: Cell_D_00000 277734
FabOnDisk: Cell_D_00000 296252
FabOnDisk: Cell_D_00000 314767
FabOnDisk: Cell_D_00000 333283
FabOnDisk: Cell_D_00000 351799
FabOnDisk: Cell_D_00000 370315
FabOnDisk: Cell_D_00000 388831
FabOnDisk: Cell_D_00000 407347
FabOnDisk: Cell_D_00000 425864
FabOnDisk: Cell_D_00000 444382
FabOnDisk: Cell_D_00000 462897
FabOnDisk: Cell_D_00000 481413
FabOnDisk: Cell_D_00000 499929
FabOnDisk: Cell_D_00000 518445
FabOnDisk: Cell_D_00000 536961
FabOnDisk: Cell_D_00000 555477
FabOnDisk: Cell_D_00000 573994
FabOnDisk: Cell_D_00000 592512
FabOnDisk: Cell_D_00000 611027
FabOnDisk: Cell_D_00000 629543
FabOnDisk: Cell_D_00000 648059
FabOnDisk: Cell_D_00000 666575
FabOnDisk: Cell_D_00000 685091
FabOnDisk: Cell_D_00000 703607
FabOnDisk: Cell_D_00000 722124
FabOnDisk: Cell_D_00000 740642
FabOnDisk: Cell_D_00000 759157
FabOnDisk: Cell_D_00000 777673
FabOnDisk: Cell_D_00000 796189
FabOnDisk: Cell_D_00000 814705
FabOnDisk: Cell_D_00000 833221
FabOnDisk: Cell_D_00000 851737
FabOnDisk: Cell_D_00000 870254
FabOnDisk: Cell_D_00000 888772
FabOnDisk: Cell_D_00000 907288
FabOnDisk: Cell_D_00000 925805
FabOnDisk: Cell_D_00000 944322
FabOnDisk: Cell_D_00000 962839
FabOnDisk: Cell_D_00000 981356
FabOnDisk: Cell_D_00000 999873
FabOnDisk: Cell_D_00000 1018391
FabOnDisk: Cell_D_00000 1036910
FabOnDisk: Cell_D_00000 1055427
FabOnDisk: Cell_D_00000 1073945
FabOnDisk: Cell_D_00000 1092463
FabOnDisk: Cell_D_00000 1110981
FabOnDisk: Cell_D_00000 1129499
FabOnDisk: Cell_D_00000 1148017
FabOnDisk: Cell_D_00000 1166536

64,9
1.0000047980033797e+00,-4.1230995320596445e-03,9.9999999999999445e-01,-1.2608091708577535e-17,-7.0385323553435963e-01,3.7658598997014625e-03,1.1466056569556569e-02,-9.6675594825239713e-03,1.0000000000000000e+00,
1.0021119921581587e+00,-4.1764612884455871e-03,9.9999999999997435e-01,-5.0597948073401849e-16,-7.2283002910055671e-01,-5.4215386207620886e-01,1.5028823495489294e-02,-1.4987524203309869e-02,1.0000000000000000e+00,
1.0047302501555184e+00,-1.3636210295578882e-03,9.9999999999995537e-01,-2.7008596642915990e-14,-2.4163238353730110e-01,-5.7752028873355521e-01,8.6312252007482819e-03,-1.5481920511982305e-02,1.0000000000000000e+00,
1.0053417905591060e+00,-9.7870994366846230e-04,9.9999999999994338e-01,-2.7160510839893489e-14,2.7795585664722083e-01,-3.2051452154853122e-01,8.7889610819757470e-05,-1.3493059029659764e-02,1.0000000000000000e+00,
1.0031272077507072e+00,5.3243187886570693e-05,9.9999999999989775e-01,-1.6706153695964103e-14,3.1258624972112176e-01,8.4093001080404357e-04,3.2719313954390761e-06,-8.2982077407442560e-03,1.0000000000000000e+00,
1.0014529503926242e+00,4.0274654118707219e-05,9.9999999999989853e-01,-1.0001454979146623e-14,1.5921607194395970e-01,3.2596620682775221e-03,6.1368092184538661e-05,-4.6656987269670224e-03,1.0000000000000000e+00,
1.0006003455284653e+00,2.3559818565686922e-05,9.9999999999992339e-01,-5.9198383450119850e-15,8.5541319687608683e-02,1.5330414117245585e-03,2.3810118040352643e-05,-2.2727795038398665e-03,1.0000000000000000e+00,
1.0001233092236321e+00,1.6103005941712554e-05,9.9999999999990263e-01,-3.4686274907426181e-15,4.5481359150537373e-02,3.2702210284584572e-05,6.9327877161621219e-06,-8.8220845026851550e-04,1.0000000000000000e+00,
1.0000104418531541e+00,-1.7694399767876953e-02,9.9999999999999278e-01,-2.1621053274252223e-17,-2.7276603578607084e+00,1.6369562713042718e-01,5.1754782748931372e-01,-8.9291688380207408e-03,1.0000000000000000e+00,
1.0045752453233034e+00,-1.7932400425447439e-02,9.9999999999999345e-01,-5.5898416545263863e-16,-2.8611354799775923e+00,-2.6740324160629920e+00,5.7143026060844226e-01,-2.8208602240159298e-02,1.0000000000000000e+00,
1.0085575011745569e+00,-1.7901038662971748e-03,9.9999999999995848e-01,-2.3388318420657611e-15,-5.6593403445676060e-01,-2.6945970815334217e+00,2.8569412553065537e-01,-2.8913636784388474e-02,1.0000000000000000e+00,
1.0060318641030979e+00,-9.4432857729926148e-04,9.9999999999998512e-01,-2.5004435353513261e-15,5.1375058682101860e-01,-5.8493266749170825e-01,2.1844810655438640e-04,-1.8360398525238367e-02,1.0000000000000000e+00,
1.0014716166562148e+00,2.1308012571772533e-03,9.9999999999999212e-01,-5.3908725540040684e-17,2.1153874497716277e-01,8.4184280542353607e-02,8.3036459682869768e-05,-8.0146082614525813e-03,1.0000000000000000e+00,
1.0003392083624569e+00,1.2883888144474289e-03,9.9999999999999567e-01,1.0668309363363789e-16,4.9565446539099701e-02,1.0954966419723046e-01,5.2287910320743952e-04,-3.8910093548518631e-03,1.0000000000000000e+00,
1.0000789000095411e+00,7.1997729608597888e-04,1.0000000000000000e+00,1.2632723953189546e-16,1.2810609471367702e-02,4.8492028904721853e-02,2.6913535119627366e-04,-1.7324672321282072e-03,1.0000000000000000e+00,
1.0000084537869547e+00,4.8391991717704186e-04,9.9999999999999600e-01,1.4556194639532266e-16,4.0500607873696741e-03,1.0074676709797238e-03,7.5982433548477113e-05,-6.4391619011712985e-04,1.0000000000000000e+00,
1.0000357613036852e+00,-7.5888375345779344e-02,9.9999999999999412e-01,-3.3022650722059149e-17,-1.1310644619203295e+01,7.6484629623989675e-01,2.1068147550884322e+00,-5.1302492813624818e-03,1.0000000000000000e+00,
1.0171688684029794e+00,-8.6027726524832066e-02,1.0000000000000018e+00,-8.5141668370806794e-16,-1.7322765092262646e+01,-2.1559866912293025e+01,2.2178319372379156e+00,-1.1206049192057044e-01,1.0000000000000000e+00,
1.0191234552067117e+00,-1.2822272020191212e-03,9.9999999999996425e-01,-4.5276569230888011e-15,-5.3428190908185047e-01,-2.1280146353073395e+01,1.2405899404458651e+00,-1.1198470205594807e-01,1.0000000000000000e+00,
9.9658120060588629e-01,4.9380173504794912e-03,9.9999999999998868e-01,-2.9960121895318003e-15,2.5668230002359824e-02,-5.5447575413854400e-01,1.6818757883188540e-03,-2.0152430215747211e-02,1.0000000000000000e+00,
9.9623478808013100e-01,4.4795709667177809e-03,9.9999999999999134e-01,-1.2639488375929236e-15,-2.8356110494351633e-01,4.2887413533542540e-01,4.6535926576427022e-03,-5.1842649197552555e-03,1.0000000000000000e+00,
9.9727988830267467e-01,1.8791489277649738e-03,9.9999999999999123e-01,6.9702236628257739e-17,-2.5663484864989305e-01,1.9565229819907792e-01,1.6851016430993737e-03,-1.0893447520891081e-03,1.0000000000000000e+00,
9.9869290920814202e-01,8.4464361502915636e-04,9.9999999999999245e-01,1.4396514935008293e-16,-1.4105684669474355e-01,6.5678231635922249e-02,5.3373363829104653e-04,-2.0145159212863967e-04,1.0000000000000000e+00,
9.9946433744229268e-01,5.2486681912681512e-04,9.9999999999999156e-01,1.5485164158069361e-16,-7.7671344082081595e-02,1.2173399715000219e-03,1.3455406825662458e-04,-3.0884955456193416e-05,1.0000000000000000e+00,
8.2068095051380585e-01,-1.4955153508934935e-01,1.0000000000000000e+00,-9.5963848619366952e-15,-1.5422157034433699e+01,6.1135067827355205e-01,4.5714783949025284e-01,2.3504154122378541e-02,1.0000000000000000e+00,
-1.0934583900584522e+00,-6.2567912722767116e-01,0.0000000000000000e+00,-6.6548625133066854e-15,-5.3479669270224406e+02,-2.4482615696206489e+02,0.0000000000000000e+00,-1.0343579960493483e+00,0.0000000000000000e+00,
-1.1158238697371974e+00,7.0906422364916928e-03,9.9999999999975342e-01,-4.5516502706869950e-15,-3.4124678003438461e+01,-2.6184872659137926e+02,3.4490407780234378e-01,-1.0397777072243777e+00,1.0000000000000000e+00,
8.4569551218327188e-01,1.1834502392423069e-03,9.9999999999981037e-01,-1.6864737990501249e-14,-2.2121771778265426e+01,1.5085480056485118e-01,1.4168135294279072e-02,-1.0001513361232678e-02,1.0000000000000000e+00,
9.7851836087330368e-01,1.0971805067980799e-04,9.9999999999997458e-01,-1.3976650653144852e-14,-2.5604016470539674e+00,2.6582039376180651e-02,3.3402493246764697e-04,4.1617981368442690e-03,1.0000000000000000e+00,
9.9399524692116881e-01,6.9892418929814600e-05,9.9999999999998068e-01,-1.5843076030044885e-16,-6.8687237590159067e-01,7.5733660436989904e-03,8.0258574730520272e-05,1.8881878129976457e-03,1.0000000000000000e+00,
9.9776809737094641e-01,2.9706125562969947e-05,9.9999999999999289e-01,1.4364360482708740e-16,-2.5644996954770988e-01,2.3808683856017684e-03,2.0018436239574314e-05,7.1964793037221700e-04,1.0000000000000000e+00,
9.9916236252743817e-01,1.8115841390363918e-05,9.9999999999999156e-01,1.5487584788679886e-16,-1.2285639475865871e-01,4.3016970750459112e-05,4.7979542784810664e-06,1.4037492138548973e-05,1.0000000000000000e+00,
8.2068095060667590e-01,1.9086988111926059e-04,1.0000000000000000e+00,-9.6202401378031710e-15,-1.5422157086147127e+01,-4.8777326842944419e+01,4.5714789195620487e-01,2.3504153840377746e-02,1.0000000000000000e+00,
-1.0934583896561074e+00,-1.3139675760973798e-02,0.0000000000000000e+00,-1.7942842393150504e-14,-5.3479682648596304e+02,-4.7441631155988938e+02,0.0000000000000000e+00,-1.0343579963710015e+00,0.0000000000000000e+00,
-1.1158238694112266e+00,-5.1386871647182863e-01,9.9999999999961409e-01,-4.7981204618973303e-15,-3.4124678003134996e+01,-1.2876696103443203e+02,3.4490407746972096e-01,-1.0397777075577399e+00,1.0000000000000000e+00,
8.4569551219424566e-01,-8.2633749612909771e-02,9.9999999999989331e-01,-1.7175644878583838e-14,-2.2121771778733098e+01,-1.7592217171653331e+01,1.4168134591757697e-02,-1.0001513326701968e-02,1.0000000000000000e+00,
9.7851836087561417e-01,-1.4437034304044175e-02,9.9999999999998312e-01,-1.3913715740892759e-14,-2.5604016471061857e+00,-1.9476179598480061e+00,3.3402494166584473e-04,4.1617981377526387e-03,1.0000000000000000e+00,
9.9399524692138697e-01,-4.5511649589679249e-03,9.9999999999999456e-01,-1.0767705023727396e-16,-6.8687237591424533e-01,-5.2733882234286589e-01,8.0258576351673570e-05,1.8881878126916826e-03,1.0000000000000000e+00,
9.9776809737104277e-01,-1.7086711186508913e-03,9.9999999999999811e-01,1.4512563927118366e-16,-2.5644996954998889e-01,-1.7709402119017678e-01,2.0018435243954170e-05,7.1964793007681300e-04,1.0000000000000000e+00,
9.9916236252749813e-01,-7.7413854157890982e-04,9.9999999999999778e-01,1.5669368797800712e-16,-1.2285639475773630e-01,-5.8140459774365147e-02,4.7979550803000726e-06,1.4037492130082391e-05,1.0000000000000000e+00,
1.0000357613036279e+00,8.8119660459855145e-04,9.9999999999999689e-01,-3.6890156586695143e-17,-1.1310644610106477e+01,-8.6595157711058803e+00,2.1068147465563283e+00,-5.1302493890600090e-03,1.0000000000000000e+00,
1.0171688683765330e+00,-2.5437491904459369e-03,9.9999999999990896e-01,-9.1766932759277133e-16,-1.7322765025038553e+01,-5.7524180125795565e+00,2.2178319373375848e+00,-1.1206049178575753e-01,1.0000000000000000e+00,
1.0191234552161093e+00,-7.7097999229787759e-02,9.9999999999968292e-01,-4.7955530483054217e-15,-5.3428190656101959e-01,-3.4322281960869194e+00,1.2405899410678767e+00,-1.1198470192992442e-01,1.0000000000000000e+00,
9.9658120062242361e-01,-4.2805516587895158e-02,9.9999999999999378e-01,-3.3100020507548754e-15,2.5668228660901196e-02,-4.0425078649889459e+00,1.6818759163136909e-03,-2.0152430200427385e-02,1.0000000000000000e+00,
9.9623478809251864e-01,-1.4355162849928355e-02,9.9999999999999234e-01,-1.3051187089500895e-15,-2.8356110537319523e-01,-1.8112767862136119e+00,4.6535926572811859e-03,-5.1842649197897453e-03,1.0000000000000000e+00,
9.9727988830838132e-01,-4.9384644299076070e-03,9.9999999999999489e-01,8.2431132850744281e-17,-2.5663484888822435e-01,-5.4653915648549678e-01,1.6851016443737016e-03,-1.0893447535799904e-03,1.0000000000000000e+00,
9.9869290921096188e-01,-2.1110292835267862e-03,1.0000000000000007e+00,1.4598343897926892e-16,-1.4105684671965979e-01,-2.0673764100013045e-01,5.3373363703736187e-04,-2.0145159349605651e-04,1.0000000000000000e+00,
9.9946433744411067e-01,-1.0420786502858862e-03,9.9999999999999956e-01,1.5890406335362719e-16,-7.7671344056572889e-02,-7.3938016601453063e-02,1.3455406795530311e-04,-3.0884956182247351e-05,1.0000000000000000e+00,
1.0000104418531135e+00,2.1652723686770044e-04,9.9999999999996614e-01,-2.5890937047726039e-17,-2.7276603514003215e+00,-2.6016739391712553e+00,5.1754782391462084e-01,-8.9291689144278090e-03,1.0000000000000000e+00,
1.0045752453144603e+00,1.6667700526224927e-03,9.9999999999989964e-01,-6.8196009553856759e-16,-2.8611354722521964e+00,-4.3392037411474221e-01,5.7143026060672075e-01,-2.8208602266548942e-02,1.0000000000000000e+00,
1.0085575011747723e+00,-8.9282661700926334e-03,9.9999999999975253e-01,-3.0654335667591231e-15,-5.6593403077673221e-01,3.7859857790686008e-01,2.8569412541633232e-01,-2.8913636800949744e-02,1.0000000000000000e+00,
1.0060318641079600e+00,-7.9723627045589669e-03,9.9999999999997391e-01,-3.0973119322747351e-15,5.1375058827584874e-01,-5.4246957292969444e-01,2.1844813143656605e-04,-1.8360398524815899e-02,1.0000000000000000e+00,
1.0014716166627458e+00,-7.3825878753245424e-03,9.9999999999998701e-01,-8.1421393562849155e-17,2.1153874494640376e-01,-5.5865039651444426e-01,8.3036420548895928e-05,-8.0146082703826775e-03,1.0000000000000000e+00,
1.0003392083666374e+00,-4.1656788903941663e-03,9.9999999999999278e-01,1.3152936843325374e-16,4.9565446594111842e-02,-3.9478671885535832e-01,5.2287910508562463e-04,-3.8910093597001633e-03,1.0000000000000000e+00,
1.0000789000125809e+00,-2.0294814092823668e-03,9.9999999999999634e-01,1.4716789302642440e-16,1.2810609548371456e-02,-1.8979758537534627e-01,2.6913535128101490e-04,-1.7324672348097466e-03,1.0000000000000000e+00,
1.0000084537895704e+00,-1.0328780278678340e-03,1.0000000000000016e+00,1.5939468375341131e-16,4.0500608597887787e-03,-7.1935728514071359e-02,7.5982433339703143e-05,-6.4391619131679348e-04,1.0000000000000000e+00,
1.0000047980033522e+00,4.7946777240039142e-06,9.9999999999985445e-01,-2.0156563206815150e-17,-7.0385323290363777e-01,-6.2924465692946108e-01,1.1466056473832306e-02,-9.6675595512626319e-03,1.0000000000000000e+00,
1.0021119921531285e+00,4.7884952715565040e-05,9.9999999999979416e-01,-6.8379094747197250e-16,-7.2283002612367864e-01,-9.5469423543072598e-02,1.5028823493663475e-02,-1.4987524247603088e-02,1.0000000000000000e+00,
1.0047302501505315e+00,-6.0200276912860090e-04,9.9999999999979827e-01,-5.2540214825699273e-15,-2.4163238052981512e-01,1.0253101827151851e-02,8.6312252062349850e-03,-1.5481920547276939e-02,1.0000000000000000e+00,
1.0053417905622588e+00,-2.0725351679270541e-03,9.9999999999985645e-01,-5.2070176273668505e-15,2.7795585827987496e-01,-5.7766212407462061e-02,8.7889624296748261e-05,-1.3493059049151339e-02,1.0000000000000000e+00,
1.0031272077557694e+00,-2.2563040073825757e-03,9.9999999999995481e-01,-1.3532993768725840e-15,3.1258625015362423e-01,-1.5127832586555703e-01,3.2719349852324692e-06,-8.2982077531162275e-03,1.0000000000000000e+00,
1.0014529503969072e+00,-1.9428426953837772e-03,9.9999999999997446e-01,-7.4122035203600600e-16,1.5921607212681815e-01,-1.4960044991890792e-01,6.1368092876758380e-05,-4.6656987333396384e-03,1.0000000000000000e+00,
1.0006003455320300e+00,-1.1725721623910641e-03,9.9999999999996625e-01,-3.9074325773798954e-16,8.5541319823113290e-02,-9.8940724144603032e-02,2.3810123756645967e-05,-2.2727795071343804e-03,1.0000000000000000e+00,
1.0001233092268491e+00,-6.6050153307647356e-04,9.9999999999995814e-01,-1.6467533208177373e-16,4.5481359267364734e-02,-4.2703155373991962e-02,6.9327929978096371e-06,-8.8220845168294148e-04,1.0000000000000000e+00,

64,9
1.0038349807394185e+00,-4.7946777515345704e-06,1.0000000000000500e+00,1.3823420454125484e-16,-1.5196454807871445e-02,6.2924465931833884e-01,6.2218761781895604e-01,-5.0221567427099871e-03,1.0000000000000000e+00,
1.0087700251094758e+00,-4.7884952625186841e-05,1.0000000000001461e+00,1.5737594903277913e-15,-1.6680511789090216e-01,9.5469424904992634e-02,5.4926493564949397e-01,-9.4707131773425785e-03,1.0000000000000000e+00,
1.0089527280320143e+00,6.0200277496426011e-04,1.0000000000001583e+00,1.1975999628317400e-14,4.6120551034195950e-01,-1.0253101856606980e-02,1.7417617454355456e+00,-1.2164895774095724e-02,1.0000000000000000e+00,
1.0081795862703296e+00,2.0725351701765529e-03,1.0000000000000850e+00,1.4430605253302328e-14,5.6603283074380173e-01,5.7766211754862538e-02,1.0949650024122291e-01,-8.3877149521254923e-03,1.0000000000000000e+00,
1.0057647631076168e+00,2.2563040084831341e-03,1.0000000000000469e+00,9.5510051398664015e-15,5.1325247019708398e-01,1.5127832555066856e-01,3.6216240895999702e-03,-4.1804755925366598e-03,1.0000000000000000e+00,
1.0032829940918757e+00,1.9428426953172265e-03,1.0000000000000449e+00,5.7337168918522716e-15,3.0474170250612953e-01,1.4960044965216177e-01,1.1963333670934884e-03,-1.8937457634188787e-03,1.0000000000000000e+00,
1.0016963843145332e+00,1.1725721617920661e-03,1.0000000000000404e+00,3.4810573159583428e-15,1.8042703956309067e-01,9.8940724038978162e-02,5.1409543564782251e-04,-7.2402377539315058e-04,1.0000000000000000e+00,
1.0007318043153701e+00,6.6050153262498174e-04,1.0000000000000488e+00,2.1638299471493422e-15,1.0695987367025622e-01,4.2703155337010426e-02,1.6336782753326173e-03,-1.4212924734542930e-05,1.0000000000000000e+00,
1.0141953862645410e+00,-2.1652723791870036e-04,1.0000000000000047e+00,1.4406379402501523e-16,-3.3085118826644680e-02,2.6016739457340554e+00,2.5737136552474791e+00,9.1408746946716937e-03,1.0000000000000000e+00,
1.0323174348564521e+00,-1.6667700484031098e-03,1.0000000000000182e+00,1.4094946044860821e-15,-3.1513389248441093e-01,4.3392037878794498e-01,2.2866136120897664e+00,-7.3118212427939668e-03,1.0000000000000000e+00,
1.0322646048103841e+00,8.9282661931056138e-03,1.0000000000000513e+00,2.7694381624284718e-15,1.7379550714303607e+00,-3.7859857906821720e-01,4.7158026141745735e+00,-1.4014081331586265e-02,1.0000000000000000e+00,
1.0173307268079264e+00,7.9723627096040285e-03,1.0000000000000011e+00,1.9580257930244651e-15,1.7320564681535200e+00,5.4246957184304212e-01,4.7197879330831483e-01,-6.0394138680139146e-03,1.0000000000000000e+00,
1.0060817633135375e+00,7.3825878770299247e-03,1.0000000000000031e+00,5.4657892094249758e-16,7.5699110578674345e-01,5.5865039563849783e-01,8.1173235827812495e-03,-1.4679284402994942e-03,1.0000000000000000e+00,
1.0029402465371522e+00,4.1656788886293749e-03,1.0000000000000062e+00,1.8404025945137160e-16,2.9974039714547884e-01,3.9478671851013275e-01,4.1535847271990944e-03,-3.5090391933202713e-04,1.0000000000000000e+00,
1.0013374496006910e+00,2.0294814074848341e-03,1.0000000000000069e+00,1.6164869508330229e-16,1.4855010004629196e-01,1.8979758523990456e-01,1.5076194087044331e-03,-8.3802489563715272e-05,1.0000000000000000e+00,
1.0005410176959486e+00,1.0328780268020648e-03,1.0000000000000064e+00,1.6760394801258262e-16,7.9732069407626477e-02,7.1935728463359286e-02,2.5671601535874611e-03,-1.2656439960530231e-06,1.0000000000000000e+00,
1.0385518368824573e+00,-8.8119660734244478e-04,1.0000000000000222e+00,1.5443930270585885e-16,-1.1328278353576714e-01,8.6595157919520638e+00,7.5681073643673562e+00,5.8505021324462406e-02,1.0000000000000000e+00,
1.1539298965703517e+00,2.5437493800086522e-03,1.0000000000000204e+00,1.6306462052756190e-15,-8.0658385208366568e-01,5.7524180532080775e+00,6.9852525365209805e+00,1.1383875948923178e-02,1.0000000000000000e+00,
1.1515783707731464e+00,7.7097999285945615e-02,1.0000000000000548e+00,3.1918686225164093e-15,1.3379395851965301e+01,3.4322281937113828e+00,1.1087321635106962e+01,-1.6766150535623324e-02,1.0000000000000000e+00,
1.0246237016352946e+00,4.2805516595532826e-02,1.0000000000000246e+00,5.4211749488293844e-15,6.1005921411125694e+00,4.0425078635715748e+00,2.0145057550890910e+00,6.0477342801723505e-03,1.0000000000000000e+00,
1.0053938831085105e+00,1.4355162841148393e-02,1.0000000000000029e+00,1.2859522425450372e-15,7.6478158976450272e-01,1.8112767859553001e+00,3.2961731078823275e-02,6.0390053833248841e-03,1.0000000000000000e+00,
1.0011605430853054e+00,4.9384644253973233e-03,1.0000000000000033e+00,1.9848378910391197e-16,1.7714806398505273e-01,5.4653915633369610e-01,9.5867436383317850e-03,3.6418104327119762e-03,1.0000000000000000e+00,
1.0002174927317975e+00,2.1110292811081632e-03,1.0000000000000022e+00,1.6014572753952228e-16,3.5376291460327912e-02,2.0673764088934782e-01,2.2362572691499855e-03,1.6779603281983075e-03,1.0000000000000000e+00,
1.0000336787731421e+00,1.0420786490896836e-03,1.0000000000000000e+00,1.6649994417332333e-16,6.3338787191363011e-03,7.3938016552605859e-02,2.5954874246282046e-03,6.3012963250986588e-04,1.0000000000000000e+00,
1.0386286997195504e+00,-1.9086986546776026e-04,1.0000000000001048e+00,2.7150755039845484e-14,5.8769632826575148e+01,4.8777326779332988e+01,8.3463803693312535e+00,2.8768694279590035e-01,1.0000000000000000e+00,
1.5600164260186695e+00,1.3139676383608200e-02,1.0000000000005076e+00,1.5498903235399517e-14,1.3188051331303694e+02,4.7441628245243942e+02,2.3420887652573715e+03,5.2487975511436979e-01,1.0000000000000000e+00,
1.5553471369759992e+00,5.1386871631242004e-01,1.0000000000002121e+00,8.8763638700028484e-15,2.9864938207626062e+02,1.2876696106949751e+02,1.2555905020270102e+03,2.0937105950458285e-01,1.0000000000000000e+00,
1.0191186590737460e+00,8.2633749553516336e-02,1.0000000000000677e+00,1.7237839536121233e-14,6.4484930478010858e+00,1.7592217177127853e+01,2.3706220877305466e+01,1.0296437231900428e-01,1.0000000000000000e+00,
9.9684988739319635e-01,1.4437034294122405e-02,1.0000000000000686e+00,1.3709323538077146e-14,-2.1433128895937892e-01,1.9476179601084438e+00,3.6990116086306459e+00,2.0717484235966213e-02,1.0000000000000000e+00,
9.9852352066663197e-01,4.5511649526414535e-03,9.9999999999999756e-01,4.9512209970456002e-16,-1.5947140654337685e-01,5.2733882227744888e-01,3.7439239824064219e-02,7.0291004775806408e-03,1.0000000000000000e+00,
9.9939408969844912e-01,1.7086711150565428e-03,9.9999999999999811e-01,1.6290256866282742e-16,-8.5170709098137759e-02,1.7709402112497513e-01,2.0193616679054990e-03,2.7436030664880059e-03,1.0000000000000000e+00,
9.9987627475231511e-01,7.7413853981593474e-04,9.9999999999999845e-01,1.6600355457325878e-16,-4.4919974843356712e-02,5.8140459737933803e-02,1.9329418306211071e-03,9.7160310560659652e-04,1.0000000000000000e+00,
1.0386286997174736e+00,1.4955153507736202e-01,1.0000000000001135e+00,2.8283240005964581e-14,5.8769632782450074e+01,-6.1135071750506031e-01,8.3463803879592309e+00,2.8768694269566758e-01,1.0000000000000000e+00,
1.5600164269581371e+00,6.2567913709440326e-01,1.0000000000002882e+00,1.5837365501023616e-14,1.3188051536586701e+02,2.4482615678155722e+02,2.3420888481624966e+03,5.2487975449859303e-01,1.0000000000000000e+00,
1.5553471377342882e+00,-7.0906425856602845e-03,1.0000000000001601e+00,9.3084267534553601e-15,2.9864938211957093e+02,2.6184872649857186e+02,1.2555905021872043e+03,2.0937105950630511e-01,1.0000000000000000e+00,
1.0191186591274930e+00,-1.1834502635535669e-03,1.0000000000001446e+00,1.7684794355321040e-14,6.4484930421806466e+00,-1.5085479931533111e-01,2.3706220874341465e+01,1.0296437232140468e-01,1.0000000000000000e+00,
9.9684988739901559e-01,-1.0971806880239075e-04,1.0000000000000828e+00,1.3720157338313356e-14,-2.1433129004483856e-01,-2.6582039188897455e-02,3.6990116081485960e+00,2.0717484236319625e-02,1.0000000000000000e+00,
9.9852352066941907e-01,-6.9892423563953674e-05,1.0000000000000122e+00,4.7110402616029041e-16,-1.5947140657695527e-01,-7.5733660556413741e-03,3.7439239827183252e-02,7.0291004776307717e-03,1.0000000000000000e+00,
9.9939408970020693e-01,-2.9706127729873970e-05,1.0000000000000069e+00,1.6113879460547433e-16,-8.5170709076171983e-02,-2.3808684119164991e-03,2.0193616694844443e-03,2.7436030664830528e-03,1.0000000000000000e+00,
9.9987627475375074e-01,-1.8115841827078473e-05,1.0000000000000033e+00,1.6720848412769017e-16,-4.4919974816263648e-02,-4.3016971421651746e-05,1.9329418532764223e-03,9.7160310559882257e-04,1.0000000000000000e+00,
1.0385518368665487e+00,7.5888375213269563e-02,1.0000000000000766e+00,1.8069304174106577e-16,-1.1328278337922101e-01,-7.6484629057475206e-01,7.5681073636587302e+00,5.8505021122072717e-02,1.0000000000000000e+00,
1.1539298964729021e+00,8.6027726379294553e-02,1.0000000000000255e+00,1.8134869719903185e-15,-8.0658384303422948e-01,2.1559866869342461e+01,6.9852525397080534e+00,1.1383875701109681e-02,1.0000000000000000e+00,
1.1515783707435563e+00,1.2822272257126022e-03,1.0000000000000577e+00,3.6193355228279900e-15,1.3379395839535887e+01,2.1280146318173671e+01,1.1087321633836073e+01,-1.6766150498864690e-02,1.0000000000000000e+00,
1.0246237016679749e+00,-4.9380173346295570e-03,1.0000000000000355e+00,5.7312593237449224e-15,6.1005921360404791e+00,5.5447575098878876e-01,2.0145057553945858e+00,6.0477342875273248e-03,1.0000000000000000e+00,
1.0053938831190119e+00,-4.4795709686185348e-03,1.0000000000000024e+00,1.3282400738374007e-15,7.6478158942724017e-01,-4.2887413569661864e-01,3.2961730929424726e-02,6.0390053899651523e-03,1.0000000000000000e+00,
1.0011605430917010e+00,-1.8791489313920787e-03,1.0000000000000036e+00,2.0662794615793083e-16,1.7714806394280791e-01,-1.9565229827130551e-01,9.5867436415340845e-03,3.6418104334158797e-03,1.0000000000000000e+00,
1.0002174927358416e+00,-8.4464361685372441e-04,1.0000000000000036e+00,1.6303375442096369e-16,3.5376291510340496e-02,-6.5678231675434004e-02,2.2362572701091141e-03,1.6779603278311863e-03,1.0000000000000000e+00,
1.0000336787760833e+00,-5.2486681950801963e-04,1.0000000000000031e+00,1.6757134414070620e-16,6.3338787920199056e-03,-1.2173399726186319e-03,2.5954874392285915e-03,6.3012963220563127e-04,1.0000000000000000e+00,
1.0141953862417441e+00,1.7694399748935840e-02,1.0000000000000371e+00,1.8091853839710971e-16,-3.3085118736858252e-02,-1.6369562551798392e-01,2.5737136451263773e+00,9.1408745625594888e-03,1.0000000000000000e+00,
1.0323174348345483e+00,1.7932400408961397e-02,1.0000000000000062e+00,1.7757789114332053e-15,-3.1513388929380554e-01,2.6740324118599466e+00,2.2866136121198171e+00,-7.3118213429460193e-03,1.0000000000000000e+00,
1.0322646047906872e+00,1.7901038786939381e-03,1.0000000000000133e+00,3.5307988763496348e-15,1.7379550719281762e+00,2.6945970771303052e+00,4.7158026143761509e+00,-1.4014081351347293e-02,1.0000000000000000e+00,
1.0173307268168836e+00,9.4432858313912534e-04,1.0000000000000007e+00,2.3880613323994046e-15,1.7320564684588209e+00,5.8493266474043604e-01,4.7197879330439441e-01,-6.0394138685553600e-03,1.0000000000000000e+00,
1.0060817633207098e+00,-2.1308012572040639e-03,9.9999999999999867e-01,6.7658024569686661e-16,7.5699110559200999e-01,-8.4184281203427025e-02,8.1173236201728671e-03,-1.4679284419879994e-03,1.0000000000000000e+00,
1.0029402465422526e+00,-1.2883888150950070e-03,1.0000000000000022e+00,1.9809424793078060e-16,2.9974039742520620e-01,-1.0954966431428304e-01,4.1535847283898086e-03,-3.5090392081886751e-04,1.0000000000000000e+00,
1.0013374496049283e+00,-7.1997729659032251e-04,1.0000000000000051e+00,1.6492367757377506e-16,1.4855010021716919e-01,-4.8492028946063540e-02,1.5076194089500700e-03,-8.3802490368792442e-05,1.0000000000000000e+00,
1.0005410176994616e+00,-4.8391991730542961e-04,1.0000000000000051e+00,1.6964680041136692e-16,7.9732069538858016e-02,-1.0074676723154075e-03,2.5671601678186121e-03,-1.2656440186839931e-06,1.0000000000000000e+00,
1.0038349807314508e+00,4.1230995275725012e-03,1.0000000000004905e+00,1.8482826844813516e-16,-1.5196454750173501e-02,-3.7658598573974550e-03,6.2218761372861975e-01,-5.0221568317765034e-03,1.0000000000000000e+00,
1.0087700251014746e+00,4.1764612845734544e-03,1.0000000000009037e+00,1.8722619352638738e-15,-1.6680511552554628e-01,5.4215386153727030e-01,5.4926493554229638e-01,-9.4707132511129728e-03,1.0000000000000000e+00,
1.0089527280254087e+00,1.3636210352992639e-03,1.0000000000008895e+00,6.6703332605413809e-15,4.6120551210411692e-01,5.7752028785073473e-01,1.7417617454584844e+00,-1.2164895799554588e-02,1.0000000000000000e+00,
1.0081795862708405e+00,9.7870994866768772e-04,1.0000000000001525e+00,6.2632366077893366e-15,5.6603283172687147e-01,3.2051452048134066e-01,1.0949650019729702e-01,-8.3877149618592078e-03,1.0000000000000000e+00,
1.0057647631123758e+00,-5.3243187813923110e-05,1.0000000000001568e+00,3.2589821444327179e-15,5.1325247082326453e-01,-8.4093003145862622e-04,3.6216240581643522e-03,-4.1804755977436353e-03,1.0000000000000000e+00,
1.0032829940963011e+00,-4.0274654134122487e-05,1.0000000000000946e+00,1.8311815508479076e-15,3.0474170288356089e-01,-3.2596620728421082e-03,1.1963333621712105e-03,-1.8937457662805595e-03,1.0000000000000000e+00,
1.0016963843187046e+00,-2.3559818580225270e-05,1.0000000000000142e+00,1.1359527511708421e-15,1.8042703978977476e-01,-1.5330414131058158e-03,5.1409543414485809e-04,-7.2402377670061438e-04,1.0000000000000000e+00,
1.0007318043190276e+00,-1.6103005944423974e-05,1.0000000000000107e+00,7.4910745362072663e-16,1.0695987382484903e-01,-3.2702211922337602e-05,1.6336782787620789e-03,-1.4212924771051479e-05,1.0000000000000000e+00,

