1
1
1
1
(9 0
((80,232) (96,248) (1,1))
((96,232) (112,248) (1,1))
((112,232) (128,248) (1,1))
((80,248) (96,264) (1,1))
((96,248) (112,264) (1,1))
((112,248) (128,264) (1,1))
((80,264) (96,280) (1,1))
((96,264) (112,280) (1,1))
((112,264) (128,280) (1,1))
)
9
FabOnDisk: SD_1_New_MF_D_00002 0
FabOnDisk: SD_1_New_MF_D_00001 0
FabOnDisk: SD_1_New_MF_D_00001 2975
FabOnDisk: SD_1_New_MF_D_00002 2974
FabOnDisk: SD_1_New_MF_D_00000 0
FabOnDisk: SD_1_New_MF_D_00000 2975
FabOnDisk: SD_1_New_MF_D_00003 0
FabOnDisk: SD_1_New_MF_D_00003 2974
FabOnDisk: SD_1_New_MF_D_00003 5949

9,1
-1.1626902291262828e+01,
-6.3162621764174380e+00,
-1.1316616729883098e+00,
-6.9969904730288343e-02,
-7.6822874178583578e-01,
-1.1316616729883098e+00,
-1.1626902292433718e+01,
-6.3162621765895910e+00,
-1.1316616729882714e+00,

9,1
2.3884833231058260e+00,
4.0660748906813859e+00,
-1.4758431157723609e-01,
2.3884833231058260e+00,
4.0660748906813859e+00,
5.3241724289750630e-02,
2.3884833218877772e+00,
4.0660748890049181e+00,
-1.4758431157706622e-01,

