1
1
9
0
(6 0
((80,232) (95,247) (0,0))
((96,232) (111,247) (0,0))
((80,248) (95,263) (0,0))
((96,248) (111,263) (0,0))
((80,264) (95,279) (0,0))
((96,264) (111,279) (0,0))
)
6
FabOnDisk: Cell_D_00001 0
FabOnDisk: Cell_D_00003 0
FabOnDisk: Cell_D_00003 18519
FabOnDisk: Cell_D_00000 0
FabOnDisk: Cell_D_00002 0
FabOnDisk: Cell_D_00002 18518

6,9
-2.1446366312794649e-01,-7.2154106257834338e-01,0.0000000000000000e+00,-4.8642585059271310e-15,-8.9513326555176900e+02,-3.7180920883540364e+02,0.0000000000000000e+00,-2.4321184378647906e+00,0.0000000000000000e+00,
-8.6903614056651451e-02,-5.9457896806972332e-01,0.0000000000000000e+00,-6.5336367272571196e-15,-3.3860393909304184e+02,-1.9610411916473146e+02,0.0000000000000000e+00,-4.3577146208877515e-01,0.0000000000000000e+00,
0.0000000000000000e+00,-6.3785310462637435e-01,0.0000000000000000e+00,-1.8086758592008818e-14,-5.0754372172857597e+02,-4.9785753797849452e+02,0.0000000000000000e+00,0.0000000000000000e+00,0.0000000000000000e+00,
-2.4990398268170230e-01,-5.8171802399467010e-01,0.0000000000000000e+00,-7.9061745343179173e-15,-2.9510938672982456e+02,-2.6969068046372752e+02,0.0000000000000000e+00,-4.2480558989912959e-01,0.0000000000000000e+00,
-2.1446344515964960e-01,-1.9218659640329006e-01,0.0000000000000000e+00,-1.8307671087983748e-14,-8.9512708242215376e+02,-4.1549025840019021e+02,0.0000000000000000e+00,-2.4320915011054041e+00,0.0000000000000000e+00,
-8.6903601262281846e-02,-9.9261783035182061e-03,0.0000000000000000e+00,-4.2212359255715028e-15,-3.3860397026300052e+02,-2.6227562438312452e+02,0.0000000000000000e+00,-4.3577144127512851e-01,0.0000000000000000e+00,

6,9
1.3173346895292131e+00,1.9218666696371195e-01,1.0000000000000875e+00,0.0000000000000000e+00,4.4120830039541076e+01,4.1548975385490849e+02,1.0079743168567675e+04,7.6999853475461710e-01,1.0000000000000000e+00,
1.4079514223249983e+00,9.9261704640853776e-03,1.0000000000010127e+00,0.0000000000000000e+00,1.1216049993932616e+02,2.6227562799054431e+02,2.9127019183654475e+03,1.2119653744277619e+00,1.0000000000000000e+00,
5.3841963041017127e-01,6.3785310959454389e-01,1.0000000000000564e+00,0.0000000000000000e+00,1.1832875695636424e+02,4.9785748522554320e+02,2.1491720313418873e+03,8.9905037111573849e-01,1.0000000000000000e+00,
0.0000000000000000e+00,5.8171801883828456e-01,1.0000000000004965e+00,1.2009192127039977e-14,1.3923001252122521e+02,2.6969062406355681e+02,2.1822170936189855e+03,1.4677864435764942e+00,1.0000000000000000e+00,
1.3173347058946192e+00,7.2154107478343998e-01,1.0000000000000715e+00,0.0000000000000000e+00,4.4120339885935152e+01,3.7180682498796108e+02,1.0079739489332369e+04,7.7000109239937209e-01,1.0000000000000000e+00,
1.4079514495764189e+00,5.9457896631027529e-01,1.0000000000009697e+00,8.2278577435669316e-15,1.1216032593457577e+02,1.9610414798833523e+02,2.9127021656186494e+03,1.2119656436378445e+00,1.0000000000000000e+00,

