1
1
4
4
(64 0
((0,0) (15,15) (0,0))
((16,0) (31,15) (0,0))
((32,0) (47,15) (0,0))
((48,0) (63,15) (0,0))
((64,0) (79,15) (0,0))
((80,0) (95,15) (0,0))
((96,0) (111,15) (0,0))
((112,0) (127,15) (0,0))
((0,16) (15,31) (0,0))
((16,16) (31,31) (0,0))
((32,16) (47,31) (0,0))
((48,16) (63,31) (0,0))
((64,16) (79,31) (0,0))
((80,16) (95,31) (0,0))
((96,16) (111,31) (0,0))
((112,16) (127,31) (0,0))
((0,32) (15,47) (0,0))
((16,32) (31,47) (0,0))
((32,32) (47,47) (0,0))
((48,32) (63,47) (0,0))
((64,32) (79,47) (0,0))
((80,32) (95,47) (0,0))
((96,32) (111,47) (0,0))
((112,32) (127,47) (0,0))
((0,48) (15,63) (0,0))
((16,48) (31,63) (0,0))
((32,48) (47,63) (0,0))
((48,48) (63,63) (0,0))
((64,48) (79,63) (0,0))
((80,48) (95,63) (0,0))
((96,48) (111,63) (0,0))
((112,48) (127,63) (0,0))
((0,64) (15,79) (0,0))
((16,64) (31,79) (0,0))
((32,64) (47,79) (0,0))
((48,64) (63,79) (0,0))
((64,64) (79,79) (0,0))
((80,64) (95,79) (0,0))
((96,64) (111,79) (0,0))
((112,64) (127,79) (0,0))
((0,80) (15,95) (0,0))
((16,80) (31,95) (0,0))
((32,80) (47,95) (0,0))
((48,80) (63,95) (0,0))
((64,80) (79,95) (0,0))
((80,80) (95,95) (0,0))
((96,80) (111,95) (0,0))
((112,80) (127,95) (0,0))
((0,96) (15,111) (0,0))
((16,96) (31,111) (0,0))
((32,96) (47,111) (0,0))
((48,96) (63,111) (0,0))
((64,96) (79,111) (0,0))
((80,96) (95,111) (0,0))
((96,96) (111,111) (0,0))
((112,96) (127,111) (0,0))
((0,112) (15,127) (0,0))
((16,112) (31,127) (0,0))
((32,112) (47,127) (0,0))
((48,112) (63,127) (0,0))
((64,112) (79,127) (0,0))
((80,112) (95,127) (0,0))
((96,112) (111,127) (0,0))
((112,112) (127,127) (0,0))
)
64
FabOnDisk: SD_0_Old_MF_D_00000 0
FabOnDisk: SD_0_Old_MF_D_00000 18516
FabOnDisk: SD_0_Old_MF_D_00000 37032
FabOnDisk: SD_0_Old_MF_D_00000 55548
FabOnDisk: SD_0_Old_MF_D_00000 74064
FabOnDisk: SD_0_Old_MF_D_00000 92580
FabOnDisk: SD_0_Old_MF_D_00000 111096
FabOnDisk: SD_0_Old_MF_D_00000 129613
FabOnDisk: SD_0_Old_MF_D_00000 148131
FabOnDisk: SD_0_Old_MF_D_00000 166647
FabOnDisk: SD_0_Old_MF_D_00000 185163
FabOnDisk: SD_0_Old_MF_D_00000 203679
FabOnDisk: SD_0_Old_MF_D_00000 222195
FabOnDisk: SD_0_Old_MF_D_00000 240711
FabOnDisk: SD_0_Old_MF_D_00000 259227
FabOnDisk: SD_0_Old_MF_D_00000 277744
FabOnDisk: SD_0_Old_MF_D_00000 296262
FabOnDisk: SD_0_Old_MF_D_00000 314778
FabOnDisk: SD_0_Old_MF_D_00000 333294
FabOnDisk: SD_0_Old_MF_D_00000 351810
FabOnDisk: SD_0_Old_MF_D_00000 370326
FabOnDisk: SD_0_Old_MF_D_00000 388842
FabOnDisk: SD_0_Old_MF_D_00000 407358
FabOnDisk: SD_0_Old_MF_D_00000 425875
FabOnDisk: SD_0_Old_MF_D_00000 444393
FabOnDisk: SD_0_Old_MF_D_00000 462909
FabOnDisk: SD_0_Old_MF_D_00000 481425
FabOnDisk: SD_0_Old_MF_D_00000 499941
FabOnDisk: SD_0_Old_MF_D_00000 518457
FabOnDisk: SD_0_Old_MF_D_00000 536973
FabOnDisk: SD_0_Old_MF_D_00000 555489
FabOnDisk: SD_0_Old_MF_D_00000 574006
FabOnDisk: SD_0_Old_MF_D_00000 592524
FabOnDisk: SD_0_Old_MF_D_00000 611040
FabOnDisk: SD_0_Old_MF_D_00000 629556
FabOnDisk: SD_0_Old_MF_D_00000 648072
FabOnDisk: SD_0_Old_MF_D_00000 666588
FabOnDisk: SD_0_Old_MF_D_00000 685104
FabOnDisk: SD_0_Old_MF_D_00000 703620
FabOnDisk: SD_0_Old_MF_D_00000 722137
FabOnDisk: SD_0_Old_MF_D_00000 740655
FabOnDisk: SD_0_Old_MF_D_00000 759171
FabOnDisk: SD_0_Old_MF_D_00000 777687
FabOnDisk: SD_0_Old_MF_D_00000 796203
FabOnDisk: SD_0_Old_MF_D_00000 814719
FabOnDisk: SD_0_Old_MF_D_00000 833235
FabOnDisk: SD_0_Old_MF_D_00000 851751
FabOnDisk: SD_0_Old_MF_D_00000 870268
FabOnDisk: SD_0_Old_MF_D_00000 888786
FabOnDisk: SD_0_Old_MF_D_00000 907303
FabOnDisk: SD_0_Old_MF_D_00000 925820
FabOnDisk: SD_0_Old_MF_D_00000 944337
FabOnDisk: SD_0_Old_MF_D_00000 962854
FabOnDisk: SD_0_Old_MF_D_00000 981371
FabOnDisk: SD_0_Old_MF_D_00000 999888
FabOnDisk: SD_0_Old_MF_D_00000 1018406
FabOnDisk: SD_0_Old_MF_D_00000 1036925
FabOnDisk: SD_0_Old_MF_D_00000 1055443
FabOnDisk: SD_0_Old_MF_D_00000 1073961
FabOnDisk: SD_0_Old_MF_D_00000 1092479
FabOnDisk: SD_0_Old_MF_D_00000 1110997
FabOnDisk: SD_0_Old_MF_D_00000 1129515
FabOnDisk: SD_0_Old_MF_D_00000 1148033
FabOnDisk: SD_0_Old_MF_D_00000 1166552

64,4
-4.7615680192964227e-01,-8.0932384831105086e-01,9.9999999999999967e-01,-3.8910948169455286e-11,
2.8068271525084798e-01,-6.4308206024939729e-01,9.9999999999999944e-01,1.7464300812514275e-11,
6.0688016879852424e-01,-8.6586862924952643e-02,9.9999999999999944e-01,1.1144926661795239e-11,
3.6994517349444433e-01,5.6313076488845827e-03,9.9999999999999967e-01,6.8453380346858105e-12,
1.7787789508420421e-01,4.5049566626051583e-03,1.0000000000000000e+00,4.1797259538166563e-12,
8.2296627072955222e-02,2.4402124342103875e-03,1.0000000000000000e+00,2.5520765156690907e-12,
3.7598653130383797e-02,1.2026183449246469e-03,9.9999999999999989e-01,1.5861500981106681e-12,
1.7133626225852391e-02,2.6998918096573664e-04,9.9999999999999944e-01,1.2554705717051425e-12,
-8.6174172837382945e-01,-2.6291440635269345e+00,9.9999999999999978e-01,-4.1866771958606012e-11,
5.0885339686049347e-01,-1.8387648876169453e+00,1.0000000000000000e+00,1.7987231773282698e-11,
6.8674061951509613e-01,-8.5896620970389054e-02,1.0000000000000000e+00,1.1471122733766379e-11,
1.9161436071114113e-01,2.3774414813255546e-01,1.0000000000000000e+00,7.0417356361353165e-12,
4.4624064907354356e-02,1.4553233486223341e-01,1.0000000000000000e+00,4.2974472087820534e-12,
1.0856827263935595e-02,7.5151119633488112e-02,1.0000000000000000e+00,2.6226319669136060e-12,
2.8964855298365699e-03,3.6221217520279118e-02,1.0000000000000000e+00,1.6292396621165911e-12,
6.6600436695162738e-04,8.0932875076810736e-03,9.9999999999999989e-01,1.2904147541921754e-12,
-9.7706927541906241e-01,-7.0141086174651068e+00,9.9999999999999956e-01,-4.4611767102550693e-11,
1.6385980993099261e+00,-5.9652759714386505e+00,1.0000000000000000e+00,1.9186658180141284e-11,
-2.4902238976102098e-01,3.2632466607902266e-01,9.9999999999999989e-01,1.2218979597342639e-11,
-4.0050578254928071e-01,5.2014122058775158e-01,1.0000000000000000e+00,7.4927386149626074e-12,
-3.1992225610096919e-01,2.2359068377905933e-01,1.0000000000000000e+00,4.5677859132419288e-12,
-1.6044650167882699e-01,9.1369604404453880e-02,1.0000000000000000e+00,2.7846776240512849e-12,
-7.4547542613580986e-02,3.9693366118008104e-02,1.0000000000000000e+00,1.7279814816322394e-12,
-3.4068068781739902e-02,8.6759408641641188e-03,9.9999999999999989e-01,1.3678851456614102e-12,
-2.2674003107982845e+01,-1.7974995142244950e+01,9.9999999999999800e-01,-4.7070973870469027e-11,
-2.7955495642207120e+44,-2.7955495642207120e+44,9.9999999999999956e-01,0.0000000000000000e+00,
-2.5687015822882824e+01,1.3914925550842860e-01,9.9999999999999967e-01,1.2945398269440175e-11,
-2.5820134689981624e+00,2.6765212151790705e-02,9.9999999999999989e-01,7.9382410404038807e-12,
-7.3844371953832233e-01,8.4073870387414776e-03,1.0000000000000000e+00,4.8352315769550259e-12,
-2.7820384893632355e-01,3.2398163225391091e-03,1.0000000000000000e+00,2.9448131777022117e-12,
-1.1661242937695163e-01,1.3733147666892789e-03,1.0000000000000000e+00,1.8256116802107993e-12,
-5.1016778032218719e-02,2.9862054533968756e-04,9.9999999999999989e-01,1.4444549589788937e-12,
-2.2674003107982941e+01,-3.4346885280206415e+01,9.9999999999999634e-01,-4.9213726318857049e-11,
-2.7955495642207120e+44,-2.7955495642207120e+44,9.9999999999999978e-01,0.0000000000000000e+00,
-2.5687015822883811e+01,-1.6013352051788949e+01,9.9999999999999989e-01,1.3587795243573570e-11,
-2.5820134689981455e+00,-1.8955885611353660e+00,1.0000000000000000e+00,8.3394689328058191e-12,
-7.3844371953832333e-01,-5.5941712252337006e-01,1.0000000000000000e+00,5.0758425235899407e-12,
-2.7820384893634437e-01,-2.0297023692570304e-01,1.0000000000000000e+00,3.0887781857223241e-12,
-1.1661242937703781e-01,-8.2853422004068381e-02,1.0000000000000000e+00,1.9133412515778704e-12,
-5.1016778032788201e-02,-3.6004567300455793e-02,1.0000000000000000e+00,1.5131727667981551e-12,
-9.7706927541947741e-01,-3.3747975449726546e+01,9.9999999999999634e-01,-5.0947061102073660e-11,
1.6385980993093141e+00,-3.9422830484418556e+00,1.0000000000000000e+00,2.2330117193651481e-11,
-2.4902238976135438e-01,-4.2291749434014845e+00,1.0000000000000000e+00,1.4193172572935126e-11,
-4.0050578254971181e-01,-1.8255450404958284e+00,1.0000000000000000e+00,8.6858478434155649e-12,
-3.1992225610149116e-01,-5.9620330724959336e-01,1.0000000000000000e+00,5.2819179596907688e-12,
-1.6044650167875552e-01,-2.4636434091596623e-01,1.0000000000000000e+00,3.2119127691400366e-12,
-7.4547542613672135e-02,-1.0981966425738897e-01,1.0000000000000000e+00,1.9882637454420276e-12,
-3.4068068781460403e-02,-4.9952421124572766e-02,1.0000000000000000e+00,1.5718785194986872e-12,
-8.6174172837262242e-01,-1.7867799309133225e+01,9.9999999999999711e-01,-5.2226071271220965e-11,
5.0885339686068776e-01,-1.5878899207438585e-01,1.0000000000000000e+00,2.3108600668202161e-11,
6.8674061951502885e-01,-8.2242857742023268e-01,1.0000000000000000e+00,1.4667835330573103e-11,
1.9161436071117213e-01,-7.9568502367987426e-01,1.0000000000000000e+00,8.9644164928865011e-12,
4.4624064907355335e-02,-4.8275043545109730e-01,1.0000000000000000e+00,5.4475550941188156e-12,
1.0856827260810090e-02,-2.3424917096251913e-01,1.0000000000000000e+00,3.3107654110732716e-12,
2.8964855296262706e-03,-1.0844391720422997e-01,1.0000000000000000e+00,2.0484046562885682e-12,
6.6600436702768525e-04,-4.9761326640484466e-02,1.0000000000000000e+00,1.6189406031315845e-12,
-4.7615680192940080e-01,-6.5481703939066129e+00,9.9999999999999589e-01,-5.3028675851511356e-11,
2.8068271525034666e-01,4.9531281225917885e-03,9.9999999999999722e-01,2.3636354556549874e-11,
6.0688016879855466e-01,-2.1476395035193802e-01,9.9999999999999911e-01,1.4996998423737708e-11,
3.6994517349569606e-01,-2.4396634115612986e-01,9.9999999999999956e-01,9.1613178543995511e-12,
1.7787789508413179e-01,-2.1700866630611756e-01,9.9999999999999956e-01,5.5649359877895742e-12,
8.2296627072721520e-02,-1.3211080370133538e-01,9.9999999999999967e-01,3.3808416728758980e-12,
3.7598653130335016e-02,-6.8144586552566569e-02,9.9999999999999978e-01,2.0909682530442304e-12,
1.7133626224190370e-02,-3.2834984021294908e-02,9.9999999999999989e-01,1.6523133454329787e-12,

64,4
4.2630918669973450e-01,6.5481703939063758e+00,1.0000000000000002e+00,2.0725125003910602e-11,
8.7709082276434180e-01,-4.9531281228535201e-03,1.0000000000000000e+00,2.1685198909037141e-11,
8.7809178246874775e-01,2.1476395035188606e-01,1.0000000000000000e+00,1.7478055266941884e-11,
6.5770803286754853e-01,2.4396634115631516e-01,1.0000000000000000e+00,1.1091189798258907e-11,
3.8405326048674665e-01,2.1700866630624599e-01,1.0000000000000000e+00,6.8038232194061752e-12,
2.0686720851609680e-01,1.3211080370160608e-01,1.0000000000000000e+00,4.1520348532535413e-12,
1.0193468675767288e-01,6.8144586552584138e-02,1.0000000000000000e+00,2.5345291892674835e-12,
4.8097423534845557e-02,3.2834984021008332e-02,1.0000000000000002e+00,1.5804034686971442e-12,
1.3986411825027425e+00,1.7867799309133535e+01,1.0000000000000007e+00,2.2138364349836236e-11,
2.0592162146666237e+00,1.5878899207468183e-01,1.0000000000000000e+00,2.3157561040693620e-11,
1.8333252804784030e+00,8.2242857742009623e-01,1.0000000000000000e+00,1.8637244875387708e-11,
7.1838104410897474e-01,7.9568502367986060e-01,1.0000000000000000e+00,1.1810416729196605e-11,
3.4920969008716318e-01,4.8275043545093543e-01,1.0000000000000000e+00,7.2371270397968748e-12,
1.6445622429526818e-01,2.3424917096259754e-01,1.0000000000000000e+00,4.4117240962410094e-12,
7.5290013599880343e-02,1.0844391720445837e-01,1.0000000000000000e+00,2.6902038506069169e-12,
3.4212387703063001e-02,4.9761326640856397e-02,1.0000000000000000e+00,1.6756441878289769e-12,
4.3581031430497656e+00,3.3747975449726503e+01,1.0000000000000013e+00,2.3568642580182766e-11,
8.1330261325398325e+00,3.9422830484428841e+00,1.0000000000000000e+00,2.4632038957886258e-11,
4.0481229214574608e+00,4.2291749434012171e+00,1.0000000000000000e+00,1.9739714861232534e-11,
6.8575931336009555e-01,1.8255450404957583e+00,1.0000000000000000e+00,1.2520766231359233e-11,
1.5422245856267408e-01,5.9620330724975279e-01,1.0000000000000000e+00,7.6708609744345748e-12,
2.9506932355247290e-02,2.4636434091609924e-01,1.0000000000000000e+00,4.6719879374344889e-12,
4.6650696220476877e-03,1.0981966425740006e-01,1.0000000000000000e+00,2.8461127680312581e-12,
2.4495681621307061e-04,4.9952421125168470e-02,1.0000000000000000e+00,1.7710155150658919e-12,
4.7200942575886780e+00,3.4346885280205008e+01,1.0000000000000011e+00,2.5452384014784444e-11,
1.1647674186761643e+02,1.4268033274068960e+03,1.0000000000000000e+40,2.8218952335486271e-11,
4.2617115328246635e+00,1.6013352051788619e+01,1.0000000000000000e+00,2.0066967165282540e-11,
-3.7309242221958550e-01,1.8955885611354262e+00,1.0000000000000000e+00,1.3150717346580190e-11,
-1.8106707573839820e-01,5.5941712252289177e-01,1.0000000000000000e+00,8.0625510201491649e-12,
-8.3063805712960154e-02,2.0297023692581592e-01,1.0000000000000000e+00,4.9068090065717105e-12,
-3.7756899670905932e-02,8.2853422003971278e-02,1.0000000000000000e+00,2.9866808743656317e-12,
-1.7142054306309176e-02,3.6004567300220953e-02,1.0000000000000000e+00,1.8569863979846549e-12,
4.7200942575899170e+00,1.7974995142244858e+01,1.0000000000000007e+00,2.5964849763996616e-11,
1.1647674186761716e+02,1.5889172509962859e+03,1.0000000000000000e+40,2.8404894755420754e-11,
4.2617115328247088e+00,-1.3914925550855922e-01,1.0000000000000002e+00,2.1709790843916990e-11,
-3.7309242221897437e-01,-2.6765212151768983e-02,1.0000000000000000e+00,1.3737747822319669e-11,
-1.8106707573830144e-01,-8.4073870386949020e-03,1.0000000000000000e+00,8.4014768364826757e-12,
-8.3063805713111241e-02,-3.2398163223635161e-03,1.0000000000000000e+00,5.1086248599184166e-12,
-3.7756899670334805e-02,-1.3733147662826255e-03,1.0000000000000000e+00,3.1072505373171511e-12,
-1.7142054306215564e-02,-2.9862054534582133e-04,1.0000000000000000e+00,1.9307086913730228e-12,
4.3581031430497816e+00,7.0141086174646876e+00,1.0000000000000004e+00,2.6793010777445122e-11,
8.1330261325402464e+00,5.9652759714380892e+00,1.0000000000000002e+00,2.8013570626644640e-11,
4.0481229214601244e+00,-3.2632466607879002e-01,1.0000000000000000e+00,2.2492059476810830e-11,
6.8575931336003781e-01,-5.2014122058783674e-01,1.0000000000000000e+00,1.4205138629830157e-11,
1.5422245856282052e-01,-2.2359068377899022e-01,1.0000000000000000e+00,8.6755095728345133e-12,
2.9506932355402575e-02,-9.1369604404619942e-02,1.0000000000000000e+00,5.2716272993149869e-12,
4.6650696221713656e-03,-3.9693366117859917e-02,1.0000000000000000e+00,3.2045708780164870e-12,
2.4495681607589968e-04,-8.6759408640974135e-03,1.0000000000000000e+00,1.9900961764479106e-12,
1.3986411825028668e+00,2.6291440635275678e+00,1.0000000000000004e+00,2.7430313910762999e-11,
2.0592162146681092e+00,1.8387648876176297e+00,1.0000000000000002e+00,2.8678616631390213e-11,
1.8333252804790114e+00,8.5896620970380158e-02,1.0000000000000000e+00,2.3021352376959246e-11,
7.1838104410920967e-01,-2.3774414813366146e-01,1.0000000000000000e+00,1.4533539016211000e-11,
3.4920969008683855e-01,-1.4553233486230185e-01,1.0000000000000000e+00,8.8717743872061679e-12,
1.6445622429494616e-01,-7.5151119633361740e-02,1.0000000000000000e+00,5.3885782377828924e-12,
7.5290013599543182e-02,-3.6221217520374244e-02,1.0000000000000000e+00,3.2744057947740110e-12,
3.4212387703143068e-02,-8.0932875074573966e-03,1.0000000000000000e+00,2.0326770720897384e-12,
4.2630918669953088e-01,8.0932384831096649e-01,1.0000000000000009e+00,2.7657664065864534e-11,
8.7709082275938099e-01,6.4308206024954462e-01,1.0000000000000007e+00,2.8921381592905383e-11,
8.7809178246811082e-01,8.6586862925359581e-02,1.0000000000000002e+00,2.3216209187708585e-11,
6.5770803286746005e-01,-5.6313076490172578e-03,1.0000000000000000e+00,1.4654381750206172e-11,
3.8405326048730226e-01,-4.5049566630871746e-03,1.0000000000000000e+00,8.9441365371855186e-12,
2.0686720851671708e-01,-2.4402124341318097e-03,1.0000000000000000e+00,5.4317312053269496e-12,
1.0193468675700043e-01,-1.2026183451531562e-03,1.0000000000000000e+00,3.3001743072248149e-12,
4.8097423534489051e-02,-2.6998918147211137e-04,1.0000000000000002e+00,2.0484279894232850e-12,

