1
1
8
0
(4 0
((96,104) (127,127) (0,0))
((0,120) (31,127) (0,0))
((32,120) (63,127) (0,0))
((64,120) (95,127) (0,0))
)
4
FabOnDisk: Cell_D_00000 0
FabOnDisk: Cell_D_00002 0
FabOnDisk: Cell_D_00001 0
FabOnDisk: Cell_D_00001 16470

4,8
-2.7533517512620281e-01,-6.2018972119857363e-01,9.9982405226584459e-01,0.0000000000000000e+00,-7.4727860476282193e-01,-1.4967004474424126e+00,2.1031962362294543e-04,-4.6608546030450476e-02,
-7.1448458153166791e-02,1.0604065304432788e-03,9.9999999999916434e-01,0.0000000000000000e+00,-1.6188721313639687e-01,-9.5818731570794355e+00,1.8549104357211155e-01,-1.3216810217262545e-01,
-2.0036475453412464e-03,1.6148627391727305e-04,9.9999999999903166e-01,0.0000000000000000e+00,9.6606052832546446e-05,-4.3124952780524028e-02,4.2294919798460011e+00,-1.6926985155249773e-02,
5.1210928240911717e-02,6.8005842480436864e-05,9.9997487608955771e-01,0.0000000000000000e+00,-2.3666909565051339e-02,-3.8802372289057703e-02,6.0731488713656994e+00,-8.8686028443042582e-03,

4,8
9.1722049258552352e-01,4.6693453866446757e-02,1.0000000000001652e+00,0.0000000000000000e+00,3.4850985026240004e+01,3.0437204562421908e+01,6.6446296229670480e+01,7.1949829664763865e-01,
8.7386156241524404e-01,1.9899336844090207e-01,1.0000000000002729e+00,0.0000000000000000e+00,1.3291550036029216e+01,7.8068093699926413e+00,7.2725897240982789e+01,-1.4347333105098784e-02,
9.0311190348732251e-01,3.6403568553805186e-02,1.0000000000002807e+00,0.0000000000000000e+00,4.1762495189169496e-02,6.1838784801886107e-02,2.7443662343615550e+01,-8.9059494816009430e-03,
9.0914135046321831e-01,7.5410681369486787e-03,1.0000001144953614e+00,0.0000000000000000e+00,4.1660142060537003e-02,5.2231844899292265e-02,2.2709607118588444e+01,-9.5964003810763358e-04,

