1
1
4
4
(64 0
((0,0) (15,15) (0,0))
((16,0) (31,15) (0,0))
((32,0) (47,15) (0,0))
((48,0) (63,15) (0,0))
((64,0) (79,15) (0,0))
((80,0) (95,15) (0,0))
((96,0) (111,15) (0,0))
((112,0) (127,15) (0,0))
((0,16) (15,31) (0,0))
((16,16) (31,31) (0,0))
((32,16) (47,31) (0,0))
((48,16) (63,31) (0,0))
((64,16) (79,31) (0,0))
((80,16) (95,31) (0,0))
((96,16) (111,31) (0,0))
((112,16) (127,31) (0,0))
((0,32) (15,47) (0,0))
((16,32) (31,47) (0,0))
((32,32) (47,47) (0,0))
((48,32) (63,47) (0,0))
((64,32) (79,47) (0,0))
((80,32) (95,47) (0,0))
((96,32) (111,47) (0,0))
((112,32) (127,47) (0,0))
((0,48) (15,63) (0,0))
((16,48) (31,63) (0,0))
((32,48) (47,63) (0,0))
((48,48) (63,63) (0,0))
((64,48) (79,63) (0,0))
((80,48) (95,63) (0,0))
((96,48) (111,63) (0,0))
((112,48) (127,63) (0,0))
((0,64) (15,79) (0,0))
((16,64) (31,79) (0,0))
((32,64) (47,79) (0,0))
((48,64) (63,79) (0,0))
((64,64) (79,79) (0,0))
((80,64) (95,79) (0,0))
((96,64) (111,79) (0,0))
((112,64) (127,79) (0,0))
((0,80) (15,95) (0,0))
((16,80) (31,95) (0,0))
((32,80) (47,95) (0,0))
((48,80) (63,95) (0,0))
((64,80) (79,95) (0,0))
((80,80) (95,95) (0,0))
((96,80) (111,95) (0,0))
((112,80) (127,95) (0,0))
((0,96) (15,111) (0,0))
((16,96) (31,111) (0,0))
((32,96) (47,111) (0,0))
((48,96) (63,111) (0,0))
((64,96) (79,111) (0,0))
((80,96) (95,111) (0,0))
((96,96) (111,111) (0,0))
((112,96) (127,111) (0,0))
((0,112) (15,127) (0,0))
((16,112) (31,127) (0,0))
((32,112) (47,127) (0,0))
((48,112) (63,127) (0,0))
((64,112) (79,127) (0,0))
((80,112) (95,127) (0,0))
((96,112) (111,127) (0,0))
((112,112) (127,127) (0,0))
)
64
FabOnDisk: SD_0_Old_MF_D_00000 0
FabOnDisk: SD_0_Old_MF_D_00000 18516
FabOnDisk: SD_0_Old_MF_D_00000 37032
FabOnDisk: SD_0_Old_MF_D_00000 55548
FabOnDisk: SD_0_Old_MF_D_00000 74064
FabOnDisk: SD_0_Old_MF_D_00000 92580
FabOnDisk: SD_0_Old_MF_D_00000 111096
FabOnDisk: SD_0_Old_MF_D_00000 129613
FabOnDisk: SD_0_Old_MF_D_00000 148131
FabOnDisk: SD_0_Old_MF_D_00000 166647
FabOnDisk: SD_0_Old_MF_D_00000 185163
FabOnDisk: SD_0_Old_MF_D_00000 203679
FabOnDisk: SD_0_Old_MF_D_00000 222195
FabOnDisk: SD_0_Old_MF_D_00000 240711
FabOnDisk: SD_0_Old_MF_D_00000 259227
FabOnDisk: SD_0_Old_MF_D_00000 277744
FabOnDisk: SD_0_Old_MF_D_00000 296262
FabOnDisk: SD_0_Old_MF_D_00000 314778
FabOnDisk: SD_0_Old_MF_D_00000 333294
FabOnDisk: SD_0_Old_MF_D_00000 351810
FabOnDisk: SD_0_Old_MF_D_00000 370326
FabOnDisk: SD_0_Old_MF_D_00000 388842
FabOnDisk: SD_0_Old_MF_D_00000 407358
FabOnDisk: SD_0_Old_MF_D_00000 425875
FabOnDisk: SD_0_Old_MF_D_00000 444393
FabOnDisk: SD_0_Old_MF_D_00000 462909
FabOnDisk: SD_0_Old_MF_D_00000 481425
FabOnDisk: SD_0_Old_MF_D_00000 499941
FabOnDisk: SD_0_Old_MF_D_00000 518457
FabOnDisk: SD_0_Old_MF_D_00000 536973
FabOnDisk: SD_0_Old_MF_D_00000 555489
FabOnDisk: SD_0_Old_MF_D_00000 574006
FabOnDisk: SD_0_Old_MF_D_00000 592524
FabOnDisk: SD_0_Old_MF_D_00000 611040
FabOnDisk: SD_0_Old_MF_D_00000 629556
FabOnDisk: SD_0_Old_MF_D_00000 648072
FabOnDisk: SD_0_Old_MF_D_00000 666588
FabOnDisk: SD_0_Old_MF_D_00000 685104
FabOnDisk: SD_0_Old_MF_D_00000 703620
FabOnDisk: SD_0_Old_MF_D_00000 722137
FabOnDisk: SD_0_Old_MF_D_00000 740655
FabOnDisk: SD_0_Old_MF_D_00000 759171
FabOnDisk: SD_0_Old_MF_D_00000 777687
FabOnDisk: SD_0_Old_MF_D_00000 796203
FabOnDisk: SD_0_Old_MF_D_00000 814719
FabOnDisk: SD_0_Old_MF_D_00000 833235
FabOnDisk: SD_0_Old_MF_D_00000 851751
FabOnDisk: SD_0_Old_MF_D_00000 870268
FabOnDisk: SD_0_Old_MF_D_00000 888786
FabOnDisk: SD_0_Old_MF_D_00000 907303
FabOnDisk: SD_0_Old_MF_D_00000 925820
FabOnDisk: SD_0_Old_MF_D_00000 944337
FabOnDisk: SD_0_Old_MF_D_00000 962854
FabOnDisk: SD_0_Old_MF_D_00000 981371
FabOnDisk: SD_0_Old_MF_D_00000 999888
FabOnDisk: SD_0_Old_MF_D_00000 1018406
FabOnDisk: SD_0_Old_MF_D_00000 1036925
FabOnDisk: SD_0_Old_MF_D_00000 1055443
FabOnDisk: SD_0_Old_MF_D_00000 1073961
FabOnDisk: SD_0_Old_MF_D_00000 1092479
FabOnDisk: SD_0_Old_MF_D_00000 1110997
FabOnDisk: SD_0_Old_MF_D_00000 1129515
FabOnDisk: SD_0_Old_MF_D_00000 1148033
FabOnDisk: SD_0_Old_MF_D_00000 1166552

64,4
1.0000042315907975e+00,-7.0323682871633987e-03,9.9999999999996403e-01,1.8236746033937998e-15,
1.0025276734468385e+00,-7.0237863471860401e-03,9.9999999999991018e-01,5.8377926062828840e-14,
1.0069603621250378e+00,-1.7389481898330025e-03,9.9999999999991107e-01,1.1524804926812471e-13,
1.0045628031945895e+00,5.3135611747517598e-05,9.9999999999997247e-01,1.6795977570643322e-13,
1.0022289504413093e+00,5.3825738694736335e-05,9.9999999999999634e-01,2.1418955498320484e-13,
1.0010443565964602e+00,2.9646828174431408e-05,9.9999999999997979e-01,2.5214791195092731e-13,
1.0004972831256678e+00,1.4162764398968689e-05,9.9999999999993683e-01,2.8035084028815432e-13,
1.0002677102645672e+00,5.1557776783203898e-06,9.9999999999982003e-01,2.9764613530899272e-13,
1.0000079439496008e+00,-2.1868783165219390e-02,9.9999999999993539e-01,1.8214461756599133e-15,
1.0042471052680417e+00,-2.1771130857411246e-02,9.9999999999999356e-01,6.0063005524432149e-14,
1.0081575041430237e+00,-1.9907299889646304e-03,1.0000000000000013e+00,1.1650439566161510e-13,
1.0027068767617620e+00,2.4234146545774422e-03,1.0000000000000038e+00,1.6876074944491037e-13,
1.0006333017880420e+00,1.7606283005503463e-03,1.0000000000000029e+00,2.1468204861655729e-13,
1.0001524988607779e+00,9.1917163097917959e-04,1.0000000000000016e+00,2.5244327059303934e-13,
1.0000411286233970e+00,4.2811535815815961e-04,1.0000000000000009e+00,2.8052578369166587e-13,
1.0000136875342160e+00,1.5443751749206702e-04,1.0000000000000000e+00,2.9775128847858733e-13,
1.0000266775822049e+00,-7.1383498729583328e-02,9.9999999999993583e-01,1.7969134061465372e-15,
1.0131290832010584e+00,-7.1224889227215663e-02,9.9999999999997335e-01,5.9481970969816296e-14,
1.0000770762167606e+00,1.3212683641427632e-04,9.9999999999998646e-01,1.1673901580564615e-13,
9.9569854393892510e-01,6.3797319597587894e-03,9.9999999999999178e-01,1.6904363871927658e-13,
9.9616987291840864e-01,2.8932564571048378e-03,9.9999999999999756e-01,2.1486501926734460e-13,
9.9799444231772405e-01,1.1542485346625925e-03,9.9999999999999822e-01,2.5254219509377097e-13,
9.9905320346337223e-01,4.7704223848741943e-04,1.0000000000000000e+00,2.8057571480002063e-13,
9.9954710816745163e-01,1.6502338780242503e-04,9.9999999999999778e-01,2.9777857607932515e-13,
8.3455847221074975e-01,-1.4117863065647987e-01,9.9999999999961209e-01,1.7522068410023826e-15,
-8.0554666588525770e-01,-6.5827907844977585e-01,9.9999999999950784e-01,-1.1963423259483093e-12,
1.2756980988243061e-01,2.3772480244866542e-03,9.9999999999982891e-01,7.1066824596914750e-14,
9.6153058027402660e-01,3.7719154723895638e-04,9.9999999999998024e-01,1.6962808393336758e-13,
9.9015152876244827e-01,1.1086014228102728e-04,9.9999999999999478e-01,2.1511991589909276e-13,
9.9640818643436579e-01,4.1253529191163884e-05,9.9999999999999778e-01,2.5265391794768179e-13,
9.9850143167611038e-01,1.6568843436011477e-05,9.9999999999999989e-01,2.8062875107056490e-13,
9.9931876718704604e-01,5.6759617406624781e-06,9.9999999999999944e-01,2.9780707437087068e-13,
8.3455847221075319e-01,1.6282959201567216e-04,9.9999999999944311e-01,1.7522469731649979e-15,
-8.0554666588517931e-01,-7.8012988004650285e-01,9.9999999999929956e-01,-1.2444785266104374e-12,
1.2756980988243832e-01,-5.8023581630121557e-01,9.9999999999994249e-01,6.7868799040896254e-14,
9.6153058027402849e-01,-2.7375973403157779e-02,9.9999999999999001e-01,1.6962791369146528e-13,
9.9015152876244883e-01,-7.4823039311265604e-03,9.9999999999999445e-01,2.1511997076079711e-13,
9.9640818643436457e-01,-2.6273864537194442e-03,9.9999999999999722e-01,2.5265399245637058e-13,
9.9850143167611105e-01,-1.0456981840720448e-03,9.9999999999999978e-01,2.8062853522260547e-13,
9.9931876718704682e-01,-4.3028876421166153e-04,9.9999999999999922e-01,2.9780782647920727e-13,
1.0000266775822046e+00,6.6764722279373577e-04,9.9999999999943745e-01,1.7969949193010526e-15,
1.0131290832010638e+00,-2.8157163127183398e-02,1.0000000000000062e+00,5.9473313210110276e-14,
1.0000770762167670e+00,-4.3504292390867873e-02,9.9999999999999145e-01,1.1673908469081421e-13,
9.9569854393892898e-01,-2.4680212267280614e-02,9.9999999999999767e-01,1.6904334754004137e-13,
9.9616987291841219e-01,-7.7864035665843713e-03,1.0000000000000013e+00,2.1486563807690062e-13,
9.9799444231772649e-01,-3.1190875981896085e-03,1.0000000000000007e+00,2.5254137511228087e-13,
9.9905320346337356e-01,-1.3672477049638983e-03,9.9999999999999989e-01,2.8057610809040469e-13,
9.9954710816745229e-01,-5.9244617025793584e-04,9.9999999999999845e-01,2.9777857488892289e-13,
1.0000079439496008e+00,1.7766990623781437e-04,9.9999999999955613e-01,1.8215678290662957e-15,
1.0042471052680506e+00,1.6214622280505229e-03,1.0000000000000120e+00,6.0061237095540405e-14,
1.0081575041430331e+00,-8.8151203893597832e-03,1.0000000000000056e+00,1.1650453264190478e-13,
1.0027068767617651e+00,-8.8182215813647075e-03,1.0000000000000069e+00,1.6876055184451280e-13,
1.0006333017880455e+00,-5.9071628042578709e-03,1.0000000000000056e+00,2.1468185425673473e-13,
1.0001524988607806e+00,-2.9201295081517143e-03,1.0000000000000033e+00,2.5244343218361120e-13,
1.0000411286233979e+00,-1.3451191343302618e-03,1.0000000000000000e+00,2.8052540142657862e-13,
1.0000136875342140e+00,-5.8951324681433715e-04,9.9999999999999534e-01,2.9775065575025532e-13,
1.0000042315907978e+00,4.2310276150789262e-06,9.9999999999869538e-01,1.8238927775499397e-15,
1.0025276734467641e+00,7.3104130355577281e-05,9.9999999999871803e-01,5.9869829443224062e-14,
1.0069603621249672e+00,-2.0765618866256013e-03,9.9999999999948197e-01,1.1632078205004872e-13,
1.0045628031945921e+00,-2.6703523662281966e-03,9.9999999999982747e-01,1.6860619026623017e-13,
1.0022289504413107e+00,-2.5066949955477036e-03,9.9999999999994726e-01,2.1457566507170872e-13,
1.0010443565964591e+00,-1.5985800746686257e-03,9.9999999999994316e-01,2.5238001959584038e-13,
1.0004972831256644e+00,-8.3253547529372779e-04,9.9999999999994271e-01,2.8049016324579152e-13,
1.0002677102645605e+00,-3.8590365391696457e-04,9.9999999999994460e-01,2.9772978939993068e-13,

64,4
1.0034409475440735e+00,-4.2310276145900629e-06,1.0000000000000502e+00,5.7423514647499412e-14,
1.0094295751389373e+00,-7.3104130355510644e-05,1.0000000000000224e+00,1.1375658204599025e-13,
1.0096167969136043e+00,2.0765618866315006e-03,1.0000000000000244e+00,1.6602409515475634e-13,
1.0078106212412778e+00,2.6703523662281905e-03,1.0000000000000107e+00,2.1223590351491359e-13,
1.0046227847129416e+00,2.5066949955492661e-03,1.0000000000000147e+00,2.5047413937235882e-13,
1.0025531842473259e+00,1.5985800746701586e-03,1.0000000000000044e+00,2.7915286659387590e-13,
1.0012850825835529e+00,8.3253547529470108e-04,1.0000000000000095e+00,2.9705431168834154e-13,
1.0006372389736964e+00,3.8590365391698045e-04,1.0000000000000315e+00,3.0336744195271090e-13,
1.0106568597076082e+00,-1.7766990623734350e-04,1.0000000000001095e+00,5.6468131192779316e-14,
1.0219690831209913e+00,-1.6214622280495206e-03,1.0000000000000082e+00,1.1327592137547936e-13,
1.0211697752620681e+00,8.8151203893598196e-03,1.0000000000000124e+00,1.6591943918594600e-13,
1.0094187263445882e+00,8.8182215813641246e-03,1.0000000000000071e+00,2.1220872561073241e-13,
1.0043296001218778e+00,5.9071628042567858e-03,1.0000000000000062e+00,2.5044720749856765e-13,
1.0020669073730104e+00,2.9201295081511748e-03,1.0000000000000058e+00,2.7912686322198261e-13,
1.0009577213406329e+00,1.3451191343299476e-03,1.0000000000000062e+00,2.9703597418510604e-13,
1.0004550715493461e+00,5.8951324681296509e-04,1.0000000000000104e+00,3.0336282651338044e-13,
1.0327207423449694e+00,-6.6764722279335034e-04,1.0000000000001081e+00,5.6449855411284102e-14,
1.0844359914412829e+00,2.8157163127182729e-02,1.0000000000000104e+00,1.1393097647879919e-13,
1.0624706028745683e+00,4.3504292390865652e-02,1.0000000000000149e+00,1.6651115546816831e-13,
1.0093976016869071e+00,2.4680212267278463e-02,1.0000000000000062e+00,2.1247537241341574e-13,
1.0022345003970810e+00,7.7864035665828977e-03,1.0000000000000047e+00,2.5056717580628572e-13,
1.0004385511195877e+00,3.1190875981885143e-03,1.0000000000000033e+00,2.7918267083813395e-13,
1.0000726382882750e+00,1.3672477049628091e-03,1.0000000000000022e+00,2.9706599872676131e-13,
1.0000058463364578e+00,5.9244617025740567e-04,1.0000000000000018e+00,3.0338520854894600e-13,
1.0341614990639356e+00,-1.6282959201590453e-04,1.0000000000001592e+00,1.7752369153704381e-12,
1.4590160326570738e+00,7.8012988004651307e-01,1.0000000000000000e+40,1.6692597098502755e-12,
1.1033343595501530e+00,5.8023581630121601e-01,1.0000000000001315e+00,1.6710460993745601e-13,
9.9708782238233762e-01,2.7375973403155670e-02,1.0000000000000042e+00,2.1263515121806828e-13,
9.9772861470806296e-01,7.4823039311238083e-03,1.0000000000000011e+00,2.5062573826649585e-13,
9.9894465664165999e-01,2.6273864537173131e-03,1.0000000000000000e+00,2.7920894328564368e-13,
9.9950035500098888e-01,1.0456981840699722e-03,1.0000000000000000e+00,2.9707962557294669e-13,
9.9973183735812099e-01,4.3028876420993006e-04,1.0000000000000011e+00,3.0339502793889098e-13,
1.0341614990639421e+00,1.4117863065649394e-01,1.0000000000002183e+00,1.8895967743859655e-12,
1.4590160326570745e+00,6.5827907844976674e-01,1.0000000000000000e+40,1.7535027916843704e-12,
1.1033343595501570e+00,-2.3772480244918658e-03,1.0000000000001277e+00,1.6766408935148472e-13,
9.9708782238234261e-01,-3.7719154724385611e-04,1.0000000000000033e+00,2.1263421700274651e-13,
9.9772861470806540e-01,-1.1086014228368157e-04,1.0000000000000033e+00,2.5062593815411785e-13,
9.9894465664166088e-01,-4.1253529192660544e-05,1.0000000000000027e+00,2.7920950771442235e-13,
9.9950035500098955e-01,-1.6568843437567284e-05,1.0000000000000000e+00,2.9707905240702640e-13,
9.9973183735812232e-01,-5.6759617414043578e-06,1.0000000000000000e+00,3.0339520988440039e-13,
1.0327207423449736e+00,7.1383498729590003e-02,1.0000000000001841e+00,5.6450581080493232e-14,
1.0844359914412915e+00,7.1224889227222157e-02,1.0000000000000553e+00,1.1392784401164993e-13,
1.0624706028745790e+00,-1.3212683641389690e-04,1.0000000000000282e+00,1.6651165300536712e-13,
1.0093976016869095e+00,-6.3797319597590461e-03,1.0000000000000075e+00,2.1247567876033570e-13,
1.0022345003970856e+00,-2.8932564571065873e-03,1.0000000000000073e+00,2.5056676057001482e-13,
1.0004385511195910e+00,-1.1542485346648632e-03,1.0000000000000053e+00,2.7918324824546287e-13,
1.0000726382882779e+00,-4.7704223848923840e-04,1.0000000000000047e+00,2.9706550040667220e-13,
1.0000058463364563e+00,-1.6502338780264482e-04,1.0000000000000000e+00,3.0338517488524921e-13,
1.0106568597076138e+00,2.1868783165218428e-02,1.0000000000001161e+00,5.6469258342929706e-14,
1.0219690831209998e+00,2.1771130857409893e-02,1.0000000000000373e+00,1.1327609443547431e-13,
1.0211697752620779e+00,1.9907299889665338e-03,1.0000000000000242e+00,1.6592003587114111e-13,
1.0094187263445895e+00,-2.4234146545721266e-03,1.0000000000000211e+00,2.1220798728082600e-13,
1.0043296001218791e+00,-1.7606283005488237e-03,1.0000000000000124e+00,2.5044802734418354e-13,
1.0020669073730109e+00,-9.1917163097833456e-04,1.0000000000000084e+00,2.7912629960843396e-13,
1.0009577213406318e+00,-4.2811535815812649e-04,1.0000000000000060e+00,2.9703634407092379e-13,
1.0004550715493434e+00,-1.5443751749188159e-04,1.0000000000000000e+00,3.0336239206418334e-13,
1.0034409475440798e+00,7.0323682871519643e-03,1.0000000000002418e+00,5.6703670424205625e-14,
1.0094295751389459e+00,7.0237863471752648e-03,1.0000000000002340e+00,1.1321656064476314e-13,
1.0096167969136165e+00,1.7389481898368491e-03,1.0000000000001052e+00,1.6569773384446168e-13,
1.0078106212412867e+00,-5.3135611746256969e-05,1.0000000000000440e+00,2.1204060793791469e-13,
1.0046227847129314e+00,-5.3825738694648880e-05,1.0000000000000140e+00,2.5035715695491498e-13,
1.0025531842473214e+00,-2.9646828175140290e-05,1.0000000000000078e+00,2.7908209868367641e-13,
1.0012850825835555e+00,-1.4162764399056879e-05,1.0000000000000067e+00,2.9701203836375763e-13,
1.0006372389736982e+00,-5.1557776764730126e-06,1.0000000000000062e+00,3.0334230279071615e-13,

