1
1
1
1
(64 0
((0,0) (16,16) (1,1))
((16,0) (32,16) (1,1))
((32,0) (48,16) (1,1))
((48,0) (64,16) (1,1))
((64,0) (80,16) (1,1))
((80,0) (96,16) (1,1))
((96,0) (112,16) (1,1))
((112,0) (128,16) (1,1))
((0,16) (16,32) (1,1))
((16,16) (32,32) (1,1))
((32,16) (48,32) (1,1))
((48,16) (64,32) (1,1))
((64,16) (80,32) (1,1))
((80,16) (96,32) (1,1))
((96,16) (112,32) (1,1))
((112,16) (128,32) (1,1))
((0,32) (16,48) (1,1))
((16,32) (32,48) (1,1))
((32,32) (48,48) (1,1))
((48,32) (64,48) (1,1))
((64,32) (80,48) (1,1))
((80,32) (96,48) (1,1))
((96,32) (112,48) (1,1))
((112,32) (128,48) (1,1))
((0,48) (16,64) (1,1))
((16,48) (32,64) (1,1))
((32,48) (48,64) (1,1))
((48,48) (64,64) (1,1))
((64,48) (80,64) (1,1))
((80,48) (96,64) (1,1))
((96,48) (112,64) (1,1))
((112,48) (128,64) (1,1))
((0,64) (16,80) (1,1))
((16,64) (32,80) (1,1))
((32,64) (48,80) (1,1))
((48,64) (64,80) (1,1))
((64,64) (80,80) (1,1))
((80,64) (96,80) (1,1))
((96,64) (112,80) (1,1))
((112,64) (128,80) (1,1))
((0,80) (16,96) (1,1))
((16,80) (32,96) (1,1))
((32,80) (48,96) (1,1))
((48,80) (64,96) (1,1))
((64,80) (80,96) (1,1))
((80,80) (96,96) (1,1))
((96,80) (112,96) (1,1))
((112,80) (128,96) (1,1))
((0,96) (16,112) (1,1))
((16,96) (32,112) (1,1))
((32,96) (48,112) (1,1))
((48,96) (64,112) (1,1))
((64,96) (80,112) (1,1))
((80,96) (96,112) (1,1))
((96,96) (112,112) (1,1))
((112,96) (128,112) (1,1))
((0,112) (16,128) (1,1))
((16,112) (32,128) (1,1))
((32,112) (48,128) (1,1))
((48,112) (64,128) (1,1))
((64,112) (80,128) (1,1))
((80,112) (96,128) (1,1))
((96,112) (112,128) (1,1))
((112,112) (128,128) (1,1))
)
64
FabOnDisk: SD_1_New_MF_D_00000 0
FabOnDisk: SD_1_New_MF_D_00000 2972
FabOnDisk: SD_1_New_MF_D_00000 5944
FabOnDisk: SD_1_New_MF_D_00000 8916
FabOnDisk: SD_1_New_MF_D_00000 11888
FabOnDisk: SD_1_New_MF_D_00000 14860
FabOnDisk: SD_1_New_MF_D_00000 17832
FabOnDisk: SD_1_New_MF_D_00000 20805
FabOnDisk: SD_1_New_MF_D_00000 23779
FabOnDisk: SD_1_New_MF_D_00000 26751
FabOnDisk: SD_1_New_MF_D_00000 29723
FabOnDisk: SD_1_New_MF_D_00000 32695
FabOnDisk: SD_1_New_MF_D_00000 35667
FabOnDisk: SD_1_New_MF_D_00000 38639
FabOnDisk: SD_1_New_MF_D_00000 41611
FabOnDisk: SD_1_New_MF_D_00000 44584
FabOnDisk: SD_1_New_MF_D_00000 47558
FabOnDisk: SD_1_New_MF_D_00000 50530
FabOnDisk: SD_1_New_MF_D_00000 53502
FabOnDisk: SD_1_New_MF_D_00000 56474
FabOnDisk: SD_1_New_MF_D_00000 59446
FabOnDisk: SD_1_New_MF_D_00000 62418
FabOnDisk: SD_1_New_MF_D_00000 65390
FabOnDisk: SD_1_New_MF_D_00000 68363
FabOnDisk: SD_1_New_MF_D_00000 71337
FabOnDisk: SD_1_New_MF_D_00000 74309
FabOnDisk: SD_1_New_MF_D_00000 77281
FabOnDisk: SD_1_New_MF_D_00000 80253
FabOnDisk: SD_1_New_MF_D_00000 83225
FabOnDisk: SD_1_New_MF_D_00000 86197
FabOnDisk: SD_1_New_MF_D_00000 89169
FabOnDisk: SD_1_New_MF_D_00000 92142
FabOnDisk: SD_1_New_MF_D_00000 95116
FabOnDisk: SD_1_New_MF_D_00000 98088
FabOnDisk: SD_1_New_MF_D_00000 101060
FabOnDisk: SD_1_New_MF_D_00000 104032
FabOnDisk: SD_1_New_MF_D_00000 107004
FabOnDisk: SD_1_New_MF_D_00000 109976
FabOnDisk: SD_1_New_MF_D_00000 112948
FabOnDisk: SD_1_New_MF_D_00000 115921
FabOnDisk: SD_1_New_MF_D_00000 118895
FabOnDisk: SD_1_New_MF_D_00000 121867
FabOnDisk: SD_1_New_MF_D_00000 124839
FabOnDisk: SD_1_New_MF_D_00000 127811
FabOnDisk: SD_1_New_MF_D_00000 130783
FabOnDisk: SD_1_New_MF_D_00000 133755
FabOnDisk: SD_1_New_MF_D_00000 136727
FabOnDisk: SD_1_New_MF_D_00000 139700
FabOnDisk: SD_1_New_MF_D_00000 142674
FabOnDisk: SD_1_New_MF_D_00000 145647
FabOnDisk: SD_1_New_MF_D_00000 148620
FabOnDisk: SD_1_New_MF_D_00000 151593
FabOnDisk: SD_1_New_MF_D_00000 154566
FabOnDisk: SD_1_New_MF_D_00000 157539
FabOnDisk: SD_1_New_MF_D_00000 160512
FabOnDisk: SD_1_New_MF_D_00000 163486
FabOnDisk: SD_1_New_MF_D_00000 166461
FabOnDisk: SD_1_New_MF_D_00000 169435
FabOnDisk: SD_1_New_MF_D_00000 172409
FabOnDisk: SD_1_New_MF_D_00000 175383
FabOnDisk: SD_1_New_MF_D_00000 178357
FabOnDisk: SD_1_New_MF_D_00000 181331
FabOnDisk: SD_1_New_MF_D_00000 184305
FabOnDisk: SD_1_New_MF_D_00000 187280

64,1
6.2424032135693884e-03,
1.5497166510974412e-03,
-7.0840796613335939e-04,
-8.2164438231159130e-04,
-6.9386057317529935e-04,
-3.6829637634301150e-04,
-1.9537628385220848e-04,
-7.9086616260436109e-05,
7.1699027525984104e-03,
-4.9051694881823730e-03,
-5.6954359254507408e-03,
-3.7227954404959931e-03,
-1.0322478448502497e-03,
-3.6829637634301150e-04,
-1.6709584933693973e-04,
-6.2030123359796866e-05,
1.0373841879100724e-02,
-4.8889144660292955e-02,
-4.3781026016530132e-02,
-5.1837878486673122e-03,
-1.0208680032022532e-03,
-2.2439218006019664e-04,
-4.6943848088435451e-05,
-9.2673601216403527e-06,
2.3206023632570100e-02,
-1.0866913693765416e+00,
-2.1118936877535072e-01,
-3.3346509681687233e-03,
3.5110531558813103e-04,
1.6478973961071090e-04,
6.1677064406400880e-05,
-7.3812782516498191e-07,
2.3206023632563133e-02,
-1.0866913693765139e+00,
-2.1118936877531549e-01,
-3.3346509681754636e-03,
3.5110531558638422e-04,
1.6478973961013907e-04,
6.1677064406331721e-05,
-7.3812782516498191e-07,
1.0373841879091572e-02,
-4.8889144660306326e-02,
-4.3781026016544169e-02,
-5.1837878486732866e-03,
-1.0208680032034701e-03,
-2.2439218005869521e-04,
-4.6943848089007205e-05,
-9.2673601209162785e-06,
7.1699027525878017e-03,
-4.9051694881917553e-03,
-5.6954359254625074e-03,
-3.7227954404997219e-03,
-1.0322478448499758e-03,
-3.6829637634784129e-04,
-1.6709584933619073e-04,
-6.2030123357415714e-05,
6.2424032135617868e-03,
1.5497166510906268e-03,
-7.0840796613642031e-04,
-8.2164438230947147e-04,
-6.9386057317482664e-04,
-3.6829637634784129e-04,
-1.9537628385192280e-04,
-7.9086616257099815e-05,

64,1
1.0579454265604030e-02,
7.1699027525984104e-03,
2.5754620563888321e-03,
2.3790744239215208e-04,
-3.5134869509282208e-04,
-1.6709584933693973e-04,
-6.2030123359796866e-05,
9.6038014415080248e-07,
2.2057597785507619e-02,
1.0373841879100724e-02,
1.5497166510974412e-03,
-6.9386057317529935e-04,
-2.2439218006019664e-04,
-4.6943848088435451e-05,
-9.2673601216403527e-06,
6.0099559861207889e-07,
6.1463059503547725e-02,
2.3206023632570100e-02,
-3.3346509681687233e-03,
4.7711246886166094e-04,
5.0014465161781841e-04,
3.5110531558813103e-04,
1.6478973961071090e-04,
6.1677064406400880e-05,
2.8629009602324978e-01,
5.9016618271530807e-01,
1.5975574751319394e-01,
1.4021670969804324e-02,
2.6530125531797548e-03,
7.9291669555933903e-04,
2.8580749491524519e-04,
9.6957921463036801e-05,
2.8629009602324978e-01,
5.9016618271530807e-01,
1.5975574751319394e-01,
1.4021670969804324e-02,
2.6530125531797548e-03,
7.9291669555933903e-04,
2.8580749491524519e-04,
9.6957921463036801e-05,
6.1463059503551257e-02,
2.3206023632563133e-02,
-3.3346509681754636e-03,
4.7711246886027902e-04,
5.0014465161727717e-04,
3.5110531558638422e-04,
1.6478973961013907e-04,
6.1677064406331721e-05,
2.2057597785509503e-02,
1.0373841879091572e-02,
1.5497166510906268e-03,
-6.9386057317482664e-04,
-2.2439218005869521e-04,
-4.6943848089007205e-05,
-9.2673601209162785e-06,
6.0099559700867474e-07,
1.0579454265593997e-02,
7.1699027525878017e-03,
2.5754620563905495e-03,
2.3790744239120015e-04,
-3.5134869509474042e-04,
-1.6709584933619073e-04,
-6.2030123357415714e-05,
9.6038014205155584e-07,

