1
1
4
4
(145 0
((0,168) (15,183) (0,0))
((16,168) (31,183) (0,0))
((32,168) (39,183) (0,0))
((0,184) (15,199) (0,0))
((16,184) (31,199) (0,0))
((32,184) (39,199) (0,0))
((192,168) (207,183) (0,0))
((208,168) (215,183) (0,0))
((40,184) (47,199) (0,0))
((144,184) (151,191) (0,0))
((176,184) (191,199) (0,0))
((192,184) (207,199) (0,0))
((176,200) (191,207) (0,0))
((192,200) (207,207) (0,0))
((72,192) (79,207) (0,0))
((120,184) (135,199) (0,0))
((48,200) (63,215) (0,0))
((96,192) (111,207) (0,0))
((96,208) (111,215) (0,0))
((112,200) (119,207) (0,0))
((152,200) (167,207) (0,0))
((88,208) (95,215) (0,0))
((112,208) (127,215) (0,0))
((24,200) (39,215) (0,0))
((24,216) (39,231) (0,0))
((40,216) (47,231) (0,0))
((56,216) (71,231) (0,0))
((72,216) (87,231) (0,0))
((88,216) (103,231) (0,0))
((104,216) (111,231) (0,0))
((56,232) (71,247) (0,0))
((72,232) (87,247) (0,0))
((88,232) (103,247) (0,0))
((104,232) (111,247) (0,0))
((56,248) (71,255) (0,0))
((72,248) (87,255) (0,0))
((88,248) (103,255) (0,0))
((104,248) (111,255) (0,0))
((112,216) (119,231) (0,0))
((120,216) (127,223) (0,0))
((144,208) (159,223) (0,0))
((160,208) (175,223) (0,0))
((176,208) (191,223) (0,0))
((192,208) (207,223) (0,0))
((208,208) (215,223) (0,0))
((144,224) (159,231) (0,0))
((160,224) (175,231) (0,0))
((176,224) (191,231) (0,0))
((192,224) (207,231) (0,0))
((208,224) (215,231) (0,0))
((128,224) (143,231) (0,0))
((16,232) (31,247) (0,0))
((32,232) (39,247) (0,0))
((16,248) (31,255) (0,0))
((32,248) (39,255) (0,0))
((112,232) (127,247) (0,0))
((128,232) (135,247) (0,0))
((136,232) (143,239) (0,0))
((152,232) (159,239) (0,0))
((160,232) (175,247) (0,0))
((176,232) (191,247) (0,0))
((192,232) (207,247) (0,0))
((208,232) (223,247) (0,0))
((224,232) (231,247) (0,0))
((160,248) (175,255) (0,0))
((176,248) (191,255) (0,0))
((192,248) (207,255) (0,0))
((208,248) (223,255) (0,0))
((224,248) (231,255) (0,0))
((40,248) (55,255) (0,0))
((40,256) (55,271) (0,0))
((56,256) (71,271) (0,0))
((72,256) (87,271) (0,0))
((88,256) (103,271) (0,0))
((104,256) (111,271) (0,0))
((40,272) (55,279) (0,0))
((56,272) (71,279) (0,0))
((72,272) (87,279) (0,0))
((88,272) (103,279) (0,0))
((104,272) (111,279) (0,0))
((120,256) (127,263) (0,0))
((144,240) (159,255) (0,0))
((144,256) (159,271) (0,0))
((160,256) (175,271) (0,0))
((176,256) (191,271) (0,0))
((192,256) (207,271) (0,0))
((208,256) (215,271) (0,0))
((160,272) (175,287) (0,0))
((176,272) (191,287) (0,0))
((192,272) (207,287) (0,0))
((208,272) (215,287) (0,0))
((160,288) (175,303) (0,0))
((176,288) (191,303) (0,0))
((192,288) (207,303) (0,0))
((208,288) (215,303) (0,0))
((160,304) (175,311) (0,0))
((176,304) (191,311) (0,0))
((192,304) (207,311) (0,0))
((208,304) (215,311) (0,0))
((8,264) (23,279) (0,0))
((24,264) (39,279) (0,0))
((8,280) (23,295) (0,0))
((24,280) (39,295) (0,0))
((8,296) (23,311) (0,0))
((24,296) (39,311) (0,0))
((128,264) (135,271) (0,0))
((112,272) (127,287) (0,0))
((128,272) (143,287) (0,0))
((64,280) (79,295) (0,0))
((80,280) (95,295) (0,0))
((64,296) (79,311) (0,0))
((80,296) (95,311) (0,0))
((104,280) (111,295) (0,0))
((104,296) (111,311) (0,0))
((128,288) (143,303) (0,0))
((144,288) (151,303) (0,0))
((128,304) (143,311) (0,0))
((144,304) (151,311) (0,0))
((40,296) (55,311) (0,0))
((56,296) (63,311) (0,0))
((112,304) (127,311) (0,0))
((24,312) (39,327) (0,0))
((40,312) (47,327) (0,0))
((56,312) (71,327) (0,0))
((72,312) (87,327) (0,0))
((56,328) (71,335) (0,0))
((72,328) (87,335) (0,0))
((104,312) (119,319) (0,0))
((120,312) (127,319) (0,0))
((136,312) (151,327) (0,0))
((152,312) (159,327) (0,0))
((136,328) (151,335) (0,0))
((152,328) (159,335) (0,0))
((184,320) (199,335) (0,0))
((200,320) (215,335) (0,0))
((216,320) (223,335) (0,0))
((184,336) (199,343) (0,0))
((200,336) (215,343) (0,0))
((216,336) (223,343) (0,0))
((0,328) (15,343) (0,0))
((16,328) (31,343) (0,0))
((32,328) (39,343) (0,0))
((0,344) (15,359) (0,0))
((16,344) (31,359) (0,0))
((32,344) (39,359) (0,0))
)
145
FabOnDisk: SD_0_New_MF_D_00000 0
FabOnDisk: SD_0_New_MF_D_00000 18518
FabOnDisk: SD_0_New_MF_D_00000 37036
FabOnDisk: SD_0_New_MF_D_00000 49410
FabOnDisk: SD_0_New_MF_D_00000 67928
FabOnDisk: SD_0_New_MF_D_00000 86446
FabOnDisk: SD_0_New_MF_D_00000 98820
FabOnDisk: SD_0_New_MF_D_00000 117340
FabOnDisk: SD_0_New_MF_D_00000 129716
FabOnDisk: SD_0_New_MF_D_00000 142090
FabOnDisk: SD_0_New_MF_D_00000 150370
FabOnDisk: SD_0_New_MF_D_00000 168890
FabOnDisk: SD_0_New_MF_D_00000 187410
FabOnDisk: SD_0_New_MF_D_00000 199786
FabOnDisk: SD_0_New_MF_D_00000 212162
FabOnDisk: SD_0_New_MF_D_00000 224536
FabOnDisk: SD_0_New_MF_D_00000 243056
FabOnDisk: SD_0_New_MF_D_00000 261574
FabOnDisk: SD_0_New_MF_D_00000 280093
FabOnDisk: SD_0_New_MF_D_00000 292468
FabOnDisk: SD_0_New_MF_D_00000 300748
FabOnDisk: SD_0_New_MF_D_00000 313124
FabOnDisk: SD_0_New_MF_D_00000 321402
FabOnDisk: SD_0_New_MF_D_00000 333778
FabOnDisk: SD_0_New_MF_D_00000 352296
FabOnDisk: SD_0_New_MF_D_00000 370814
FabOnDisk: SD_0_New_MF_D_00000 383188
FabOnDisk: SD_0_New_MF_D_00000 401706
FabOnDisk: SD_0_New_MF_D_00000 420224
FabOnDisk: SD_0_New_MF_D_00000 438743
FabOnDisk: SD_0_New_MF_D_00000 451119
FabOnDisk: SD_0_New_MF_D_00000 469637
FabOnDisk: SD_0_New_MF_D_00000 488155
FabOnDisk: SD_0_New_MF_D_00000 506674
FabOnDisk: SD_0_New_MF_D_00000 519050
FabOnDisk: SD_0_New_MF_D_00000 531424
FabOnDisk: SD_0_New_MF_D_00000 543798
FabOnDisk: SD_0_New_MF_D_00000 556173
FabOnDisk: SD_0_New_MF_D_00000 564453
FabOnDisk: SD_0_New_MF_D_00000 576829
FabOnDisk: SD_0_New_MF_D_00000 585109
FabOnDisk: SD_0_New_MF_D_00000 603629
FabOnDisk: SD_0_New_MF_D_00000 622149
FabOnDisk: SD_0_New_MF_D_00000 640669
FabOnDisk: SD_0_New_MF_D_00000 659189
FabOnDisk: SD_0_New_MF_D_00000 671565
FabOnDisk: SD_0_New_MF_D_00000 683941
FabOnDisk: SD_0_New_MF_D_00000 696317
FabOnDisk: SD_0_New_MF_D_00000 708693
FabOnDisk: SD_0_New_MF_D_00000 721069
FabOnDisk: SD_0_New_MF_D_00000 729349
FabOnDisk: SD_0_New_MF_D_00000 741725
FabOnDisk: SD_0_New_MF_D_00000 760243
FabOnDisk: SD_0_New_MF_D_00000 772617
FabOnDisk: SD_0_New_MF_D_00000 784991
FabOnDisk: SD_0_New_MF_D_00000 793269
FabOnDisk: SD_0_New_MF_D_00000 811789
FabOnDisk: SD_0_New_MF_D_00000 824165
FabOnDisk: SD_0_New_MF_D_00000 832445
FabOnDisk: SD_0_New_MF_D_00000 840725
FabOnDisk: SD_0_New_MF_D_00000 859245
FabOnDisk: SD_0_New_MF_D_00000 877765
FabOnDisk: SD_0_New_MF_D_00000 896285
FabOnDisk: SD_0_New_MF_D_00000 914805
FabOnDisk: SD_0_New_MF_D_00000 927181
FabOnDisk: SD_0_New_MF_D_00000 939557
FabOnDisk: SD_0_New_MF_D_00000 951933
FabOnDisk: SD_0_New_MF_D_00000 964309
FabOnDisk: SD_0_New_MF_D_00000 976685
FabOnDisk: SD_0_New_MF_D_00000 984965
FabOnDisk: SD_0_New_MF_D_00000 997339
FabOnDisk: SD_0_New_MF_D_00000 1015857
FabOnDisk: SD_0_New_MF_D_00000 1034375
FabOnDisk: SD_0_New_MF_D_00000 1052893
FabOnDisk: SD_0_New_MF_D_00000 1071412
FabOnDisk: SD_0_New_MF_D_00000 1083788
FabOnDisk: SD_0_New_MF_D_00000 1096162
FabOnDisk: SD_0_New_MF_D_00000 1108536
FabOnDisk: SD_0_New_MF_D_00000 1120910
FabOnDisk: SD_0_New_MF_D_00000 1133285
FabOnDisk: SD_0_New_MF_D_00000 1141565
FabOnDisk: SD_0_New_MF_D_00000 1149845
FabOnDisk: SD_0_New_MF_D_00000 1168365
FabOnDisk: SD_0_New_MF_D_00000 1186885
FabOnDisk: SD_0_New_MF_D_00000 1205405
FabOnDisk: SD_0_New_MF_D_00000 1223925
FabOnDisk: SD_0_New_MF_D_00000 1242445
FabOnDisk: SD_0_New_MF_D_00000 1254821
FabOnDisk: SD_0_New_MF_D_00000 1273341
FabOnDisk: SD_0_New_MF_D_00000 1291861
FabOnDisk: SD_0_New_MF_D_00000 1310381
FabOnDisk: SD_0_New_MF_D_00000 1322757
FabOnDisk: SD_0_New_MF_D_00000 1341277
FabOnDisk: SD_0_New_MF_D_00000 1359797
FabOnDisk: SD_0_New_MF_D_00000 1378317
FabOnDisk: SD_0_New_MF_D_00000 1390693
FabOnDisk: SD_0_New_MF_D_00000 1403069
FabOnDisk: SD_0_New_MF_D_00000 1415445
FabOnDisk: SD_0_New_MF_D_00000 1427821
FabOnDisk: SD_0_New_MF_D_00000 1436101
FabOnDisk: SD_0_New_MF_D_00000 1454618
FabOnDisk: SD_0_New_MF_D_00000 1473136
FabOnDisk: SD_0_New_MF_D_00000 1491653
FabOnDisk: SD_0_New_MF_D_00000 1510171
FabOnDisk: SD_0_New_MF_D_00000 1528688
FabOnDisk: SD_0_New_MF_D_00000 1547206
FabOnDisk: SD_0_New_MF_D_00000 1555486
FabOnDisk: SD_0_New_MF_D_00000 1574006
FabOnDisk: SD_0_New_MF_D_00000 1592526
FabOnDisk: SD_0_New_MF_D_00000 1611044
FabOnDisk: SD_0_New_MF_D_00000 1629562
FabOnDisk: SD_0_New_MF_D_00000 1648080
FabOnDisk: SD_0_New_MF_D_00000 1666598
FabOnDisk: SD_0_New_MF_D_00000 1678974
FabOnDisk: SD_0_New_MF_D_00000 1691350
FabOnDisk: SD_0_New_MF_D_00000 1709870
FabOnDisk: SD_0_New_MF_D_00000 1722246
FabOnDisk: SD_0_New_MF_D_00000 1734622
FabOnDisk: SD_0_New_MF_D_00000 1742902
FabOnDisk: SD_0_New_MF_D_00000 1761420
FabOnDisk: SD_0_New_MF_D_00000 1773794
FabOnDisk: SD_0_New_MF_D_00000 1786170
FabOnDisk: SD_0_New_MF_D_00000 1804688
FabOnDisk: SD_0_New_MF_D_00000 1817062
FabOnDisk: SD_0_New_MF_D_00000 1835580
FabOnDisk: SD_0_New_MF_D_00000 1854098
FabOnDisk: SD_0_New_MF_D_00000 1866472
FabOnDisk: SD_0_New_MF_D_00000 1878846
FabOnDisk: SD_0_New_MF_D_00000 1891222
FabOnDisk: SD_0_New_MF_D_00000 1899502
FabOnDisk: SD_0_New_MF_D_00000 1918022
FabOnDisk: SD_0_New_MF_D_00000 1930398
FabOnDisk: SD_0_New_MF_D_00000 1942774
FabOnDisk: SD_0_New_MF_D_00000 1951054
FabOnDisk: SD_0_New_MF_D_00000 1969574
FabOnDisk: SD_0_New_MF_D_00000 1988094
FabOnDisk: SD_0_New_MF_D_00000 2000470
FabOnDisk: SD_0_New_MF_D_00000 2012846
FabOnDisk: SD_0_New_MF_D_00000 2025222
FabOnDisk: SD_0_New_MF_D_00000 2033502
FabOnDisk: SD_0_New_MF_D_00000 2052020
FabOnDisk: SD_0_New_MF_D_00000 2070538
FabOnDisk: SD_0_New_MF_D_00000 2082912
FabOnDisk: SD_0_New_MF_D_00000 2101430
FabOnDisk: SD_0_New_MF_D_00000 2119948

145,4
6.1997905046076018e-01,-1.0543393270096968e+00,9.9999994462386899e-01,5.2846919451097715e-15,
-3.7672212154855156e-01,-3.7491812671129032e-01,9.9993455450917390e-01,1.7453329263650359e-13,
2.5599305110450299e-01,-1.1730548927953173e-01,9.9999984284461219e-01,3.4412814165009534e-13,
3.0110543046175664e-01,-3.8472566237433714e-01,9.9999999948814544e-01,5.2415891401437370e-15,
-2.8194746636445472e-01,-6.2448156829555512e-02,9.9939590624254737e-01,1.7321314056616986e-13,
-2.9711433034672191e-01,-6.8260633895525988e-02,9.9999937992693477e-01,3.4150115719268926e-13,
-2.6741896919150354e-01,-5.7098870957612635e-01,9.9985124606044617e-01,1.9720842135732521e-12,
5.9552020384457005e-02,-6.2397022321301632e-01,9.9996382259482242e-01,2.1137292884853067e-12,
2.1717068999730627e-01,1.4910055209489070e-02,9.9998276750121262e-01,4.2582667452775238e-13,
3.0651397059076368e-01,-2.4832328486594682e-01,9.9994786640523492e-01,1.5215824364649128e-12,
-1.5029335754265835e-01,-2.9123420596396771e-01,9.9991640043736540e-01,1.8278124085266131e-12,
-7.6971166681649095e-01,-6.7622573709303646e-01,9.9986199020207722e-01,1.9738782774270831e-12,
2.1731454896281982e-01,-3.6234777514486749e-01,9.9994958916544741e-01,1.8306183618132002e-12,
4.0166677345730845e-01,-6.8459875624525024e-01,9.9999877619241950e-01,1.9759603831883168e-12,
-1.1657375474192441e-01,-1.7787570335720149e-01,9.9998198736880206e-01,7.6343364135909108e-13,
6.8242711299362768e-03,-4.8924454090829606e-01,9.9999998379952304e-01,1.2792709113804983e-12,
-1.2838270263058216e-01,-5.9321071451929400e-03,9.9997387310936092e-01,5.0459871237918655e-13,
-2.9123373066082536e-01,-6.8688956002899371e-01,9.9994891763916716e-01,1.0272231756842831e-12,
2.4407156737229224e-01,-5.9468238843803933e-01,9.9998766131603745e-01,1.0275284198777455e-12,
4.0148203069004307e-01,-3.7761024853071035e-01,9.9992392302065614e-01,1.1996295440239318e-12,
-2.9812159870649091e-01,-1.1372340164070396e-01,9.9992584198280043e-01,1.6040705192973696e-12,
4.2949060853370430e-01,-5.5754594076523634e-01,9.9996567066201114e-01,9.3647633662175125e-13,
3.4690463601781996e-01,-5.2610372109745740e-01,9.9986491037452252e-01,1.2026800176408969e-12,
-8.3653379635431324e-01,-1.4274056916509256e-01,9.9974040289954669e-01,2.5477288899074232e-13,
-9.2872689606925163e-01,-5.5874189666933161e-01,9.9996929648940613e-01,2.5205849577616238e-13,
2.6869716956634354e-01,-4.6400823225105048e-01,9.9990190349051689e-01,4.1565450274796753e-13,
2.5897113911108094e-01,-3.0474378712944150e-01,9.9995621869896245e-01,5.7772097458547623e-13,
3.8622516670371188e-01,-5.5350675320946685e-01,9.9998413279455856e-01,7.4093329708578620e-13,
1.4410299125626411e-01,-5.3320479783459618e-01,9.9985369977239347e-01,9.2344563707011728e-13,
5.0631667990122875e-01,-6.2922968363427756e-01,9.9999642901079955e-01,1.1188172764755847e-12,
-6.8853196659646607e-02,-7.9717470839530646e-01,9.9993183959479948e-01,5.6709945592360633e-13,
-4.2119458383368180e-01,-8.3885931002141745e-01,9.9996315805949187e-01,7.0917146862378451e-13,
-4.3045365951273784e-01,-3.0995168797661377e-01,9.9998003659168089e-01,8.6091405159894965e-13,
-5.1611872323518615e-01,-4.8535468755124961e-01,9.9999149958040978e-01,1.1345117891319787e-12,
-6.1448319053355516e-01,-5.6685652216904858e-01,9.9984881916212420e-01,5.6520628803190081e-13,
-1.5943201876896326e-01,-7.2295301630560382e-01,9.9986887432774363e-01,7.0024462533965760e-13,
1.0000000000000000e+40,1.0000000000000000e+40,1.0000000000000000e+40,1.0000000000000000e+40,
-3.2905597094089728e-01,-4.5294900760636264e-01,9.9999906566943919e-01,1.2467270300101023e-12,
-1.4301657117707769e-02,-5.3220085231591385e-01,9.9972277128639397e-01,1.2073623352795693e-12,
7.2852478079764513e-02,-6.0230373622256306e-01,9.9991250612701399e-01,1.2925781415839438e-12,
-1.5986392196884652e-01,3.0698335026855011e-02,9.9996471581730118e-01,1.5291945898566696e-12,
5.4571027602274502e-02,-7.0797000398967846e-01,9.9958389225521616e-01,1.6829676108173887e-12,
-4.2060115869556913e-01,-7.3467288539418285e-01,9.9996440490717065e-01,1.8321748758266308e-12,
-4.8535018953211084e-01,-8.7668933133612570e-01,9.9999335337475870e-01,1.9770816985904423e-12,
-8.5269624324398607e-02,-7.4134627568077360e-01,9.9999612160979778e-01,2.1175525795391902e-12,
3.7471124298050540e-01,-1.3568594787115823e-01,9.9980859732268124e-01,1.5369021599422187e-12,
6.9931310120606227e-01,-5.2691833151935241e-01,9.9995978160567234e-01,1.6878225470775762e-12,
2.0926523346123646e-02,-6.5007264009396559e-01,9.9999853258999960e-01,1.8353621485302604e-12,
1.0085319749758854e+00,-8.6264821059831820e-01,9.9999999929068228e-01,1.9793357605625458e-12,
3.0369396877040455e-01,-4.6597797465502894e-01,9.9999975209493908e-01,2.1193385214372924e-12,
6.1138909884247983e-01,-3.4045773111068189e-01,9.9994636328292108e-01,1.3813295961851275e-12,
2.4222161078940679e-02,-2.2548353315551292e-01,9.9999064978449503e-01,1.6869438252502991e-13,
-8.6398162765971009e-01,-5.4840074240588255e-01,9.9994674868795774e-01,3.3119276671113223e-13,
-3.8146616289656260e-01,-3.6098808683607542e-01,9.9999931599555747e-01,1.6854538832998369e-13,
2.8266893297054729e-01,-8.2986654109689251e-02,9.9998466375620998e-01,3.3080750473402725e-13,
-3.0873336010492081e-02,-4.6648332008002580e-01,9.9993924650522858e-01,1.2279900664705923e-12,
-1.7820190956730886e-01,-3.9434408258722281e-01,9.9998025963423220e-01,1.3896087376154790e-12,
8.2061310359648990e-02,-2.0307303056629941e-01,9.9999518861373859e-01,1.4658769471939758e-12,
1.6202764810608583e-01,-5.4801208583219363e-01,9.9995405914728386e-01,1.6159840609217253e-12,
8.8337561404188158e-01,-6.3611259797879827e-01,9.9995149142408624e-01,1.6902274244435884e-12,
3.3898289773259671e-01,-7.4219120166517982e-01,9.9997704438468327e-01,1.8368602421308281e-12,
-9.0508599278669444e-01,-6.5407364372075927e-01,9.9991268256453580e-01,1.9804066918329616e-12,
7.6289102915333773e-01,-5.7134073246046080e-01,9.9963343526438320e-01,2.1202214194768622e-12,
8.2763593662782253e-01,-5.5330028266396136e-01,9.9999999999407307e-01,2.2557118337962586e-12,
9.2496566682463510e-01,-4.5626601587104321e-01,9.9996430953582249e-01,1.6938823630517180e-12,
6.9663193454671268e-01,-7.0618327119726265e-01,9.9993993753370358e-01,1.8392175284317568e-12,
2.9888000026354744e-01,-5.7273281958900457e-01,9.9991450979803587e-01,1.9822300045675760e-12,
-2.8500965935324356e-02,-7.1319434091800549e-01,9.9999999344012080e-01,2.1218048429754369e-12,
3.2313201530102365e-01,-1.5481674159819776e-03,1.0000000000000067e+00,2.2571611231306864e-12,
-6.2522648225208299e-01,-3.9798315641658022e-01,9.9985122247455027e-01,4.1074138440169966e-13,
-3.4552786285256543e-01,-5.8309922377125578e-01,9.9977990881031586e-01,4.1075807158036270e-13,
-3.0295250868909696e-01,-2.6585988388331377e-01,9.9997984344843982e-01,5.6522863315530939e-13,
-1.4984113348874023e-01,-1.8114507513728312e-01,9.9994864583504106e-01,7.0028057741998176e-13,
-5.2414951157538225e-01,-3.3678719818544023e-01,9.9999915307847720e-01,8.6216582305290899e-13,
-5.5510979364899105e-01,-1.0788239105367459e+00,9.9999918129233245e-01,1.1613595212144509e-12,
-1.8042387071669240e-02,-6.9870786404503304e-01,9.9992203954602432e-01,4.1361654275913035e-13,
6.5862495265969767e-02,-4.0183904187543562e-01,9.9995761190335430e-01,5.7255845282320737e-13,
4.0228589026454947e-01,-5.1765170648727588e-01,9.9997619796391501e-01,7.2701075067792589e-13,
9.5042347705640695e-01,-5.3500792306599887e-01,9.9998410158407924e-01,9.0370100353294176e-13,
6.0758712248877522e-01,-2.4445322553754445e-01,9.9999263492780865e-01,1.1365337152269846e-12,
-1.4643241766338710e-01,-3.7764795049790378e-01,9.9999554102772836e-01,1.3422782087549864e-12,
2.4960050578301793e-01,-5.9322084506863115e-01,9.9996241559549459e-01,1.5452307647796885e-12,
-1.9519818084938895e-01,-1.0687942752826303e+00,9.9996083434864569e-01,1.5466843943037479e-12,
1.4544478235088540e-01,-7.7158305361716084e-01,9.9997407513732195e-01,1.6940025153665054e-12,
9.9842624703112490e-03,-4.0188210992439877e-01,9.9993824707927703e-01,1.8398834411135252e-12,
-8.5298183312031339e-01,-6.0158338022432212e-01,9.9995317151751184e-01,1.9828576204750302e-12,
1.4914719744292143e-01,-1.9459708288406358e-01,9.9999999800730732e-01,2.1224256917785386e-12,
-2.3604974045483448e-01,-9.9144182760671173e-01,9.9997788845659585e-01,1.6911696125109817e-12,
1.2370159661741498e-01,-7.2877260954035172e-01,9.9999288256558494e-01,1.8390649069288276e-12,
-5.4849301814430385e-01,-5.5387738335191339e-01,9.9999995263787844e-01,1.9834006237147865e-12,
5.6252876125291218e-01,-8.6264052098178806e-02,9.9999999999955191e-01,2.1232328940965970e-12,
1.6865400044290696e-01,-1.5020430203168942e+00,9.9995534842944589e-01,1.6880229299328542e-12,
5.0619092559018264e-01,-3.9034246519247473e-01,9.9998756313615378e-01,1.8376998388379950e-12,
-1.1343671920582468e+00,-8.9760219480196046e-01,9.9999858502080285e-01,1.9830628406968647e-12,
2.5901442891496185e-01,3.2347437360823308e-02,1.0000000000001485e+00,2.1236699753252193e-12,
1.6716421366754976e-02,-9.8532523460084664e-01,9.9988538287596085e-01,1.6866441222565353e-12,
1.6257501832875981e-01,-4.5196014607303370e-01,9.9997560007043929e-01,1.8370413724659968e-12,
1.8835636112579698e-01,-8.1263709173570908e-01,9.9999999999812894e-01,1.9828779837085536e-12,
6.8741620798525083e-01,-1.7222305600809135e-02,1.0000000000000504e+00,2.1239786575671965e-12,
2.9868044253472825e-01,-7.8669110215260230e-01,9.9997159696764792e-01,8.6972375643600325e-14,
-4.3179645541893047e-01,-6.1397826885465201e-01,9.9989026081162902e-01,2.5032070519145433e-13,
-9.1122918975027734e-01,-1.0397153080871173e+00,9.9999215260811380e-01,8.7602663955287213e-14,
-7.7840134154543855e-03,-4.3330403612114188e-01,9.9998030714792852e-01,2.5241330226430708e-13,
-1.0246228428049555e+00,-9.4713565869700589e-01,9.9985929705496002e-01,8.8545132076865816e-14,
-7.7274641263718835e-01,-1.0125649619789832e+00,9.9993371146503296e-01,2.5541435118127986e-13,
6.1083022333068082e-01,-8.0220407194069232e-01,9.9998709107042738e-01,1.4002468589012637e-12,
1.1272980620209205e-01,-7.2293469138445232e-01,9.9983685319414173e-01,1.2175199317647115e-12,
1.2212522842242415e-01,-1.1827243986655842e+00,9.9994845639039309e-01,1.3840747430587348e-12,
-5.1244482479403539e-02,-1.0181708526319082e+00,9.9987080669461259e-01,6.5988948791355530e-13,
2.2721492690782424e-01,-5.7036937812466271e-01,9.9997105105897877e-01,8.2927923204116517e-13,
3.7405437130627844e-01,-7.8604786630652967e-01,9.9994566524181761e-01,6.7475860169666703e-13,
-7.1181660022055088e-02,-9.6050687241759158e-01,9.9981618980032860e-01,8.4893464465368558e-13,
2.2275455993774609e-01,-3.3817009247125079e-01,9.9993482176495363e-01,1.1217910336267648e-12,
5.2483933764883206e-01,-6.1316569589780578e-01,9.9997108457800621e-01,1.1181617232988836e-12,
2.3562597472999630e-01,-6.4022456637165925e-01,9.9996161988306598e-01,1.3739770503989116e-12,
-1.4350748130352570e-01,-7.5026616817638903e-01,9.9997483587072888e-01,1.5338125368236710e-12,
3.9945014697841524e-01,-7.7045614294900222e-01,9.9999901805493707e-01,1.3709695106151562e-12,
4.1850122743554707e-03,-6.0167098603197544e-01,9.9996057019753426e-01,1.5315383837469925e-12,
-6.3395445363983460e-01,-8.5235974340681953e-01,9.9995573275616734e-01,4.2239198054958276e-13,
1.6028944612179746e-01,-6.1454648362741948e-01,9.9996207338819487e-01,5.9000217543875000e-13,
5.3716744893761936e-01,-7.7185247927853351e-01,9.9996380454390021e-01,1.2039997755419543e-12,
-9.1596950514366948e-01,-1.0581567788402790e+00,9.9980541281655100e-01,2.5831658758976581e-13,
5.1385209440365454e-01,-1.0979003581263806e+00,9.9990342408502986e-01,4.2750272019337443e-13,
2.5409562648212669e-01,-8.8424378727703479e-01,9.9990775768833173e-01,5.9758677040524327e-13,
1.6081676279734164e-01,-7.0523881457795268e-01,9.9996991982311334e-01,7.6959111774704835e-13,
-1.6832725995720363e-01,-9.3226590757130701e-01,9.9998677887273058e-01,6.0237220214522996e-13,
4.8134790440959530e-01,-2.4668566243606252e-01,9.9999999980159215e-01,7.7419242042864071e-13,
-2.7926567079106339e-02,-6.6187262520300683e-01,9.9999619612537560e-01,1.1175158890980133e-12,
7.5272057746195720e-01,-3.3356516604146735e-01,9.9999994760894562e-01,1.2863916279868370e-12,
-6.2162762823535933e-01,-8.8121597293253207e-01,9.9991189023977778e-01,1.4485797261396070e-12,
4.5798018659151563e-02,-9.0167254372677030e-01,9.9996043772276100e-01,1.6071268945357322e-12,
2.3666233683301058e-01,-4.8736466631161307e-01,9.9999999985357979e-01,1.4475971927069113e-12,
4.3601980022191827e-01,-5.2924896002373512e-01,9.9999999999359845e-01,1.6062761538322806e-12,
-9.8262386635209295e-02,-8.8602958041498137e-01,9.9996631196236319e-01,1.9096441882759091e-12,
-3.9414045557279914e-01,-7.7780719712099067e-01,9.9999990281741447e-01,2.0540861450800113e-12,
5.5132258090888353e-01,-5.1619057454246142e-01,9.9999994521170932e-01,2.1932271779361821e-12,
5.2529350668716235e-01,-6.6129242129608823e-01,9.9999999999604572e-01,1.9094933079531765e-12,
1.0726945647276120e-01,-6.6087777057047248e-01,9.9999999999844524e-01,2.0542070139960639e-12,
4.8180121993854425e-01,-2.1248221017341334e-01,9.9999999999939015e-01,2.1938394608198047e-12,
5.5112096899916985e-01,-8.8827919199388050e-01,9.9999999954921526e-01,5.3101376809377485e-15,
-4.2565084596876884e-01,-1.2487340700122711e+00,9.9997412960404863e-01,1.7540043119339426e-13,
-1.0268545863147990e-01,-1.2561590179193933e+00,9.9999508467850862e-01,3.4585055525627079e-13,
5.4144882455380827e-01,-7.6289534904604506e-01,9.9999999998105460e-01,5.3450841343067598e-15,
-2.5520441993045201e-01,-7.4851099349269812e-01,9.9999538215512418e-01,1.7653436750592839e-13,
4.5393946189986678e-01,-3.7879152101135793e-01,9.9999999992431488e-01,3.4796175721844292e-13,

145,4
1.1701267380853368e+00,7.1362784416116276e-01,1.0000191395856777e+00,1.6483931034153042e-13,
9.9848614639951661e-01,9.6344351734590827e-01,1.0000002143455886e+00,3.3525006338450497e-13,
9.3352408222926442e-01,8.3268343526541078e-01,1.0000060508775319e+00,4.2055949538158007e-13,
1.1115910009213781e+00,1.1797108002884873e+00,1.0000002203661840e+00,1.6387746647235400e-13,
1.2263761939383466e+00,8.8679785532781430e-01,1.0007807080664739e+00,3.3337915523872844e-13,
1.0623690487041064e+00,8.1686807215931379e-01,1.0000089942625010e+00,4.1829167118890249e-13,
7.7433518391759992e-01,7.2666195153263780e-01,1.0001790571266087e+00,2.1063569380475231e-12,
1.2498124304438343e+00,6.2822631981425781e-01,1.0000011951245782e+00,2.1752882091045507e-12,
1.4015916583760044e+00,1.4827628162672732e+00,1.0000078757981241e+00,5.0337037104945428e-13,
1.3272906793942789e+00,9.3676308604063641e-01,1.0000389323328629e+00,1.5918369660363840e-12,
1.0007402923637849e+00,8.4924003677723237e-01,1.0000108409695712e+00,1.9668695683063606e-12,
1.1249933368662435e+00,6.0924095991567240e-01,1.0000516783831315e+00,2.1079455094054571e-12,
7.7239721409886308e-01,6.8065806248633842e-01,1.0000154707125211e+00,1.9680075531160164e-12,
1.2861653986325969e+00,4.2171214016378511e-01,1.0000025197464013e+00,2.1087946424539748e-12,
1.2954869281448798e+00,9.7967778790089544e-01,1.0000282960045741e+00,8.4403268150218530e-13,
1.2342380548483942e+00,5.4621921734108025e-01,1.0000112309459310e+00,1.4364661624723806e-12,
1.0918028390977046e+00,1.4419417750670016e+00,1.0000357101157422e+00,6.6961427648539369e-13,
1.2037637183690071e+00,5.7972334906022893e-01,1.0000464959634876e+00,1.1915071074918378e-12,
1.0172929930528198e+00,2.7089657463633746e-02,1.0000226539891166e+00,1.1957860296363199e-12,
1.6172080481918922e+00,5.9253791519703747e-01,1.0000251287754933e+00,1.2763398596563846e-12,
6.7517841865722639e-01,7.2356498903007915e-01,1.0000958616827949e+00,1.7485321450092183e-12,
1.0880208226063375e+00,4.8553248123581894e-01,1.0000641890641975e+00,1.0164285563455409e-12,
1.4132368805987139e+00,8.0483320510358325e-01,1.0000401261610761e+00,1.3639174260350124e-12,
6.8768735145308002e-01,5.8272228105014556e-01,1.0001243260622144e+00,4.1503627020796832e-13,
1.0500956953962288e+00,4.8753366704605261e-01,1.0000012325047694e+00,4.1048623516430681e-13,
1.0941038531526266e+00,7.6831129882518878e-01,1.0000383853852446e+00,4.9373756385650843e-13,
1.3922349091487345e+00,1.1646459316211828e+00,1.0000317094032534e+00,7.4710707527830837e-13,
1.3282344159255959e+00,1.1688986566125068e+00,1.0000388692188413e+00,9.2467772594292325e-13,
1.4495360006370730e+00,3.0223670249368650e-01,1.0000552067087938e+00,1.1201659629749836e-12,
1.1622936819276304e+00,7.9674041427037670e-02,1.0000069555541635e+00,1.2148802059805785e-12,
9.0379442270077170e-01,5.8341686015574845e-01,1.0000405028532902e+00,7.2892584586269989e-13,
1.0000000000000000e+40,1.0000000000000000e+40,1.0000000000000000e+40,1.0000000000000000e+40,
1.0000000000000000e+40,1.0000000000000000e+40,1.0000000000000000e+40,1.0000000000000000e+40,
1.0000000000000000e+40,1.0000000000000000e+40,1.0000000000000000e+40,1.0000000000000000e+40,
6.5723043628516187e-01,3.8691154630076052e-01,1.0001130558220155e+00,6.9936972597836445e-13,
1.0000000000000000e+40,1.0000000000000000e+40,1.0000000000000000e+40,1.0000000000000000e+40,
1.0000000000000000e+40,1.0000000000000000e+40,1.0000000000000000e+40,1.0000000000000000e+40,
1.0000000000000000e+40,1.0000000000000000e+40,1.0000000000000000e+40,1.0000000000000000e+40,
1.5023121735105507e+00,6.2081434628134902e-01,1.0001291567167587e+00,1.2995616132067534e-12,
1.9455031931007136e+00,6.5466841864210534e-01,1.0001299893027813e+00,1.3704148430360456e-12,
1.5012294425846653e+00,1.0307821671095683e+00,1.0001556259937077e+00,1.6781761870221003e-12,
1.3156241432655136e+00,9.4790769102243133e-01,1.0000825039763717e+00,1.8260419230801668e-12,
1.4490564656721405e+00,1.1022057795942479e+00,1.0001059260200533e+00,1.9703097205612375e-12,
1.6063045585870044e+00,4.5616330313366832e-01,1.0000015766311807e+00,2.1106004728906141e-12,
1.3543923736361534e+00,3.6717974341032494e-01,1.0000006166629003e+00,2.1791155945908285e-12,
1.5452705326263934e+00,7.8042388160351928e-01,1.0002090139153450e+00,1.6806796459013526e-12,
1.8638801626796602e+00,4.9253936918877433e-01,1.0000794544152671e+00,1.8275937985167465e-12,
1.9723702448339104e+00,7.7262055866484713e-01,1.0000289007523671e+00,1.9714064834237444e-12,
1.8763012181063428e+00,5.6088335413345380e-01,1.0000001370422293e+00,2.1114951946693627e-12,
1.1900125859306439e+00,8.0048764461006094e-01,1.0000006528413219e+00,2.1799556250659647e-12,
2.1889421715460835e+00,9.3544315812155687e-01,1.0000438268601430e+00,1.5312765955987785e-12,
7.9379112565614929e-01,1.0647639418792543e+00,1.0000134472077378e+00,3.2357887249172987e-13,
7.7624357814999045e-01,4.8679955542601988e-01,1.0000453656875403e+00,4.0514659342449620e-13,
8.0183776705693266e-01,5.0153332525404093e-01,1.0000009929418023e+00,3.2101709207590000e-13,
8.6448156563968048e-01,5.8693157362987247e-01,1.0000009364665801e+00,4.0125231416914153e-13,
1.2160147085709299e+00,8.1132504569777220e-01,1.0000149658086144e+00,1.3975373513466890e-12,
1.1826495252491860e+00,8.7948587366702713e-01,1.0000092953889783e+00,1.4671402994720781e-12,
1.1052575563394198e+00,9.2635646342078937e-01,1.0000008786350552e+00,1.5355538608951828e-12,
1.3732074136177359e+00,9.7595605209536318e-01,1.0000579261713722e+00,1.6829114529903916e-12,
1.7145570437050395e+00,4.1194004074282126e-01,1.0000136045462613e+00,1.8300760403479416e-12,
2.2330639275517083e+00,7.0318989361426609e-01,1.0000493325310356e+00,1.9732878772879666e-12,
2.0277037115106875e+00,9.9782056467678937e-01,1.0000329680616875e+00,2.1131104757808605e-12,
2.4505979958777178e+00,1.2597789371760748e+00,1.0002475675346858e+00,2.2487558819345954e-12,
1.8713612725781918e+00,5.9199074639361970e-01,1.0000000000048843e+00,2.3148095143435663e-12,
1.4365617048399417e+00,1.9917637898299756e-01,1.0000241045282439e+00,1.8307970881993131e-12,
1.4678195730354342e+00,3.7557717502500615e-01,1.0000547940743543e+00,1.9739463074570259e-12,
1.5947218025959469e+00,8.0771577269893280e-01,1.0000547789207479e+00,2.1137506658417284e-12,
1.3728724155282559e+00,8.2905448209832666e-01,1.0000022083834519e+00,2.2493968853635063e-12,
1.1362832994946470e+00,6.4922256114466448e-01,1.0000000000004117e+00,2.3154302760054713e-12,
7.7721350918351717e-01,7.2884091314110777e-01,1.0000675842609181e+00,5.5725246217410324e-13,
1.0581547300596954e+00,6.6466313814605993e-01,1.0000603800737100e+00,5.6207862723526101e-13,
6.0589426812052882e-01,2.9664622593225809e-01,1.0000705060613337e+00,7.1534587581751568e-13,
1.0000000000000000e+40,1.0000000000000000e+40,1.0000000000000000e+40,1.0000000000000000e+40,
1.0000000000000000e+40,1.0000000000000000e+40,1.0000000000000000e+40,1.0000000000000000e+40,
1.0000000000000000e+40,1.0000000000000000e+40,1.0000000000000000e+40,1.0000000000000000e+40,
1.0522783109477420e+00,1.3269944367084552e-01,1.0002535520565397e+00,5.6791441021243572e-13,
8.4172020167454698e-01,4.0860660710957020e-01,1.0000257806993644e+00,7.3029181433052075e-13,
1.3603204864332570e+00,4.3084312109526296e-01,1.0000287332613651e+00,9.1079516426402945e-13,
1.7368474561171676e+00,5.0115469926905543e-01,1.0000065841701908e+00,1.1430719770474679e-12,
1.3532653818171556e+00,9.3337517549188698e-01,1.0000004545288854e+00,1.2383826911420404e-12,
1.0334372454059990e+00,2.3949238056858957e-01,1.0000310867233979e+00,1.4019322417540093e-12,
1.6080415957456502e+00,7.6786819266290063e-01,1.0000391028855313e+00,1.6855174723281788e-12,
1.6101712756167652e+00,1.5728156830516449e-01,1.0000440302790374e+00,1.6856561178371192e-12,
1.3908526563996340e+00,6.3001653985609463e-01,1.0000415186950038e+00,1.8311129185157877e-12,
1.2743126955158133e+00,3.6499109088746606e-01,1.0000053403801490e+00,1.9745840068520129e-12,
1.4294569669070398e+00,8.9307566560575535e-01,1.0000248512030241e+00,2.1145835057483269e-12,
7.9892401793682344e-01,8.4152129062409819e-01,1.0000017466062707e+00,2.1830126980729450e-12,
2.1610314899117058e+00,8.4737549657447742e-01,1.0000911685216751e+00,1.8309641558868228e-12,
1.6172730269394751e+00,8.9882272646284289e-01,1.0000114685351715e+00,1.9746175280664111e-12,
1.3652847970244262e+00,9.5114730581748186e-01,1.0000000428626425e+00,2.1150108688206543e-12,
1.7217077132911618e+00,8.9366385089446665e-01,1.0000000000022236e+00,2.1836138484595680e-12,
1.6560506168368134e+00,8.1142083228686868e-01,1.0000647186376312e+00,1.8298340136975289e-12,
1.4781218055877332e+00,1.0523813829405342e+00,1.0000036657447628e+00,1.9744720690300935e-12,
1.8354606174982606e+00,7.3309325550132221e-01,1.0000374893484487e+00,2.1152920534247518e-12,
1.1937375742537548e+00,6.6629719211024574e-01,1.0000000000021692e+00,2.1841250734098704e-12,
1.0983520997503291e+00,3.7146942651208820e-01,1.0000239929697883e+00,1.8283818667726223e-12,
1.0809749575573364e+00,6.2220769880874738e-01,1.0000763380681139e+00,1.9740777776114071e-12,
1.0626053735349461e+00,4.6556658529355405e-01,1.0000000359200372e+00,2.1154142001666444e-12,
1.1261638204520770e+00,6.4909223518124726e-01,1.0000000000019735e+00,2.1843809249708344e-12,
1.0201096875262072e+00,4.2474202740612144e-01,1.0000448399181929e+00,2.4196750298647143e-13,
8.3852382363964417e-01,4.1358524302041894e-01,1.0000177352916055e+00,4.0579758202320861e-13,
1.1816175051354931e+00,4.0657679195570517e-01,1.0000436366904135e+00,2.4479989356703982e-13,
9.9891640229500966e-01,3.8839990586620837e-01,1.0000833842631367e+00,4.1159795885611983e-13,
9.2826052421740823e-01,9.6180491133277132e-02,1.0001423278888157e+00,2.4759751936985767e-13,
8.8320263699461043e-01,4.5769007718518001e-01,1.0001135248511765e+00,4.1664101477038133e-13,
1.0712869189640519e+00,2.8185869364135346e-01,1.0000438500128896e+00,1.4678987776796697e-12,
1.7927297665747384e+00,9.3034006678798464e-01,1.0002361207284811e+00,1.3900110708983105e-12,
1.7440514745317550e+00,4.8911586926189871e-01,1.0000348777749881e+00,1.5370944365627076e-12,
9.7444195643246900e-01,3.6787911266432516e-01,1.0000545063682900e+00,8.3706579683076258e-13,
1.2373723738166909e+00,4.2209733626040974e-01,1.0000199435610013e+00,1.0190422321662695e-12,
1.3103392047444913e+00,1.3162564186383555e-01,1.0001029086653537e+00,8.4527796084484516e-13,
1.2148760110500494e+00,4.5532550235385838e-01,1.0000337588032211e+00,1.0202594843931630e-12,
1.3568632261215492e+00,8.7803866486515003e-01,1.0000044298654369e+00,1.2169491005753209e-12,
1.3433525571293732e+00,5.6752815148737135e-01,1.0000685646188385e+00,1.1989470881310172e-12,
1.3020434359306070e+00,3.4291518731956727e-01,1.0000135397020873e+00,1.5298904515023093e-12,
1.4282934604508484e+00,3.1909889902978833e-01,1.0000268332738576e+00,1.6062181930890633e-12,
1.3026972969249559e+00,2.1394143124329146e-01,1.0000046872427089e+00,1.5236831735070762e-12,
8.4740106295901674e-01,3.5839213451640939e-01,1.0000017764553837e+00,1.6016259833119931e-12,
1.3943515939376940e+00,5.0496427296996160e-01,1.0001384215384086e+00,5.8653654877559555e-13,
1.6699303164279395e+00,4.2297317163684756e-01,1.0000058453125744e+00,6.7214383908830723e-13,
1.6220145759907496e+00,6.7459021296999933e-01,1.0000001129596363e+00,1.3633213599371167e-12,
6.4385171643991945e-01,4.6591897368470675e-01,1.0000642511318802e+00,4.2032737120614883e-13,
1.1225151035683727e+00,3.9862737826193928e-01,1.0000975559678502e+00,5.0579949314032501e-13,
1.3565353721802293e+00,5.4769998873533832e-01,1.0000190176899224e+00,7.6321021174993940e-13,
1.0848524890767435e+00,2.2556351229107438e-01,1.0001176481242642e+00,9.3538826297787787e-13,
9.6213320493103449e-01,2.1311133847829417e-01,1.0000007232865928e+00,7.6482959866869941e-13,
1.0521504996459876e+00,2.3963762185187304e-01,1.0000000002375142e+00,9.3635765363979313e-13,
1.3061297305621726e+00,4.9867396218391935e-01,1.0000010101552819e+00,1.2775844004585794e-12,
1.5182023952743777e+00,4.2410032666099606e-01,1.0000001931119806e+00,1.3604176036937251e-12,
8.9691600704015828e-01,4.0862407106968879e-01,1.0002138320043432e+00,1.5998095127694607e-12,
1.1328108135749790e+00,1.5193635316119963e-01,1.0000008115136125e+00,1.6769390851284445e-12,
1.5061058769047815e+00,4.0980166781489547e-01,1.0000000001025096e+00,1.5972302536275828e-12,
9.0384510152497577e-01,1.6890190930678406e-01,1.0000000000232858e+00,1.6748671216870212e-12,
1.1765214576271936e+00,5.9509330764659241e-01,1.0000040904271232e+00,2.0453034478310995e-12,
1.5277146252367209e+00,6.8269284330655988e-01,1.0000000000028819e+00,2.1852232920430776e-12,
1.6190265673495245e+00,9.9599107108572249e-01,1.0000081305231421e+00,2.2532463286979010e-12,
9.5861016573565183e-01,2.4435596087977376e-01,1.0000000000018752e+00,2.0454023479552700e-12,
1.0449851099299006e+00,5.3232168269694402e-01,1.0000000000009110e+00,2.1855366599004166e-12,
8.2385947702623152e-01,3.9831553064601510e-01,1.0000000000004885e+00,2.2536516523855258e-12,
1.1178304426171810e+00,2.2351454367763607e-01,1.0000000000698004e+00,1.6577185987596325e-13,
1.1296936277331102e+00,4.9227702642498189e-01,1.0000140403991442e+00,3.3713247652859273e-13,
8.8616617259386388e-01,-5.0122015061490686e-02,1.0000364784109546e+00,4.2291065744474106e-13,
1.4460419755782670e+00,7.5211947128137113e-01,1.0000000000423808e+00,1.6651227278384977e-13,
1.2550619977649031e+00,2.5683991254730792e-01,1.0000137431952776e+00,3.3859320543872652e-13,
8.9822280779406871e-01,9.0282854277230193e-02,1.0000000014598764e+00,4.2464834180082251e-13,

