1
1
2
4
(145 0
((0,168) (15,183) (0,0))
((16,168) (31,183) (0,0))
((32,168) (39,183) (0,0))
((0,184) (15,199) (0,0))
((16,184) (31,199) (0,0))
((32,184) (39,199) (0,0))
((192,168) (207,183) (0,0))
((208,168) (215,183) (0,0))
((40,184) (47,199) (0,0))
((144,184) (151,191) (0,0))
((176,184) (191,199) (0,0))
((192,184) (207,199) (0,0))
((176,200) (191,207) (0,0))
((192,200) (207,207) (0,0))
((72,192) (79,207) (0,0))
((120,184) (135,199) (0,0))
((48,200) (63,215) (0,0))
((96,192) (111,207) (0,0))
((96,208) (111,215) (0,0))
((112,200) (119,207) (0,0))
((152,200) (167,207) (0,0))
((88,208) (95,215) (0,0))
((112,208) (127,215) (0,0))
((24,200) (39,215) (0,0))
((24,216) (39,231) (0,0))
((40,216) (47,231) (0,0))
((56,216) (71,231) (0,0))
((72,216) (87,231) (0,0))
((88,216) (103,231) (0,0))
((104,216) (111,231) (0,0))
((56,232) (71,247) (0,0))
((72,232) (87,247) (0,0))
((88,232) (103,247) (0,0))
((104,232) (111,247) (0,0))
((56,248) (71,255) (0,0))
((72,248) (87,255) (0,0))
((88,248) (103,255) (0,0))
((104,248) (111,255) (0,0))
((112,216) (119,231) (0,0))
((120,216) (127,223) (0,0))
((144,208) (159,223) (0,0))
((160,208) (175,223) (0,0))
((176,208) (191,223) (0,0))
((192,208) (207,223) (0,0))
((208,208) (215,223) (0,0))
((144,224) (159,231) (0,0))
((160,224) (175,231) (0,0))
((176,224) (191,231) (0,0))
((192,224) (207,231) (0,0))
((208,224) (215,231) (0,0))
((128,224) (143,231) (0,0))
((16,232) (31,247) (0,0))
((32,232) (39,247) (0,0))
((16,248) (31,255) (0,0))
((32,248) (39,255) (0,0))
((112,232) (127,247) (0,0))
((128,232) (135,247) (0,0))
((136,232) (143,239) (0,0))
((152,232) (159,239) (0,0))
((160,232) (175,247) (0,0))
((176,232) (191,247) (0,0))
((192,232) (207,247) (0,0))
((208,232) (223,247) (0,0))
((224,232) (231,247) (0,0))
((160,248) (175,255) (0,0))
((176,248) (191,255) (0,0))
((192,248) (207,255) (0,0))
((208,248) (223,255) (0,0))
((224,248) (231,255) (0,0))
((40,248) (55,255) (0,0))
((40,256) (55,271) (0,0))
((56,256) (71,271) (0,0))
((72,256) (87,271) (0,0))
((88,256) (103,271) (0,0))
((104,256) (111,271) (0,0))
((40,272) (55,279) (0,0))
((56,272) (71,279) (0,0))
((72,272) (87,279) (0,0))
((88,272) (103,279) (0,0))
((104,272) (111,279) (0,0))
((120,256) (127,263) (0,0))
((144,240) (159,255) (0,0))
((144,256) (159,271) (0,0))
((160,256) (175,271) (0,0))
((176,256) (191,271) (0,0))
((192,256) (207,271) (0,0))
((208,256) (215,271) (0,0))
((160,272) (175,287) (0,0))
((176,272) (191,287) (0,0))
((192,272) (207,287) (0,0))
((208,272) (215,287) (0,0))
((160,288) (175,303) (0,0))
((176,288) (191,303) (0,0))
((192,288) (207,303) (0,0))
((208,288) (215,303) (0,0))
((160,304) (175,311) (0,0))
((176,304) (191,311) (0,0))
((192,304) (207,311) (0,0))
((208,304) (215,311) (0,0))
((8,264) (23,279) (0,0))
((24,264) (39,279) (0,0))
((8,280) (23,295) (0,0))
((24,280) (39,295) (0,0))
((8,296) (23,311) (0,0))
((24,296) (39,311) (0,0))
((128,264) (135,271) (0,0))
((112,272) (127,287) (0,0))
((128,272) (143,287) (0,0))
((64,280) (79,295) (0,0))
((80,280) (95,295) (0,0))
((64,296) (79,311) (0,0))
((80,296) (95,311) (0,0))
((104,280) (111,295) (0,0))
((104,296) (111,311) (0,0))
((128,288) (143,303) (0,0))
((144,288) (151,303) (0,0))
((128,304) (143,311) (0,0))
((144,304) (151,311) (0,0))
((40,296) (55,311) (0,0))
((56,296) (63,311) (0,0))
((112,304) (127,311) (0,0))
((24,312) (39,327) (0,0))
((40,312) (47,327) (0,0))
((56,312) (71,327) (0,0))
((72,312) (87,327) (0,0))
((56,328) (71,335) (0,0))
((72,328) (87,335) (0,0))
((104,312) (119,319) (0,0))
((120,312) (127,319) (0,0))
((136,312) (151,327) (0,0))
((152,312) (159,327) (0,0))
((136,328) (151,335) (0,0))
((152,328) (159,335) (0,0))
((184,320) (199,335) (0,0))
((200,320) (215,335) (0,0))
((216,320) (223,335) (0,0))
((184,336) (199,343) (0,0))
((200,336) (215,343) (0,0))
((216,336) (223,343) (0,0))
((0,328) (15,343) (0,0))
((16,328) (31,343) (0,0))
((32,328) (39,343) (0,0))
((0,344) (15,359) (0,0))
((16,344) (31,359) (0,0))
((32,344) (39,359) (0,0))
)
145
FabOnDisk: SD_2_Old_MF_D_00000 0
FabOnDisk: SD_2_Old_MF_D_00000 9302
FabOnDisk: SD_2_Old_MF_D_00000 18604
FabOnDisk: SD_2_Old_MF_D_00000 24834
FabOnDisk: SD_2_Old_MF_D_00000 34136
FabOnDisk: SD_2_Old_MF_D_00000 43438
FabOnDisk: SD_2_Old_MF_D_00000 49668
FabOnDisk: SD_2_Old_MF_D_00000 58972
FabOnDisk: SD_2_Old_MF_D_00000 65204
FabOnDisk: SD_2_Old_MF_D_00000 71434
FabOnDisk: SD_2_Old_MF_D_00000 75618
FabOnDisk: SD_2_Old_MF_D_00000 84922
FabOnDisk: SD_2_Old_MF_D_00000 94226
FabOnDisk: SD_2_Old_MF_D_00000 100458
FabOnDisk: SD_2_Old_MF_D_00000 106690
FabOnDisk: SD_2_Old_MF_D_00000 112920
FabOnDisk: SD_2_Old_MF_D_00000 122224
FabOnDisk: SD_2_Old_MF_D_00000 131526
FabOnDisk: SD_2_Old_MF_D_00000 140829
FabOnDisk: SD_2_Old_MF_D_00000 147060
FabOnDisk: SD_2_Old_MF_D_00000 151244
FabOnDisk: SD_2_Old_MF_D_00000 157476
FabOnDisk: SD_2_Old_MF_D_00000 161658
FabOnDisk: SD_2_Old_MF_D_00000 167890
FabOnDisk: SD_2_Old_MF_D_00000 177192
FabOnDisk: SD_2_Old_MF_D_00000 186494
FabOnDisk: SD_2_Old_MF_D_00000 192724
FabOnDisk: SD_2_Old_MF_D_00000 202026
FabOnDisk: SD_2_Old_MF_D_00000 211328
FabOnDisk: SD_2_Old_MF_D_00000 220631
FabOnDisk: SD_2_Old_MF_D_00000 226863
FabOnDisk: SD_2_Old_MF_D_00000 236165
FabOnDisk: SD_2_Old_MF_D_00000 245467
FabOnDisk: SD_2_Old_MF_D_00000 254770
FabOnDisk: SD_2_Old_MF_D_00000 261002
FabOnDisk: SD_2_Old_MF_D_00000 267232
FabOnDisk: SD_2_Old_MF_D_00000 273462
FabOnDisk: SD_2_Old_MF_D_00000 279693
FabOnDisk: SD_2_Old_MF_D_00000 283877
FabOnDisk: SD_2_Old_MF_D_00000 290109
FabOnDisk: SD_2_Old_MF_D_00000 294293
FabOnDisk: SD_2_Old_MF_D_00000 303597
FabOnDisk: SD_2_Old_MF_D_00000 312901
FabOnDisk: SD_2_Old_MF_D_00000 322205
FabOnDisk: SD_2_Old_MF_D_00000 331509
FabOnDisk: SD_2_Old_MF_D_00000 337741
FabOnDisk: SD_2_Old_MF_D_00000 343973
FabOnDisk: SD_2_Old_MF_D_00000 350205
FabOnDisk: SD_2_Old_MF_D_00000 356437
FabOnDisk: SD_2_Old_MF_D_00000 362669
FabOnDisk: SD_2_Old_MF_D_00000 366853
FabOnDisk: SD_2_Old_MF_D_00000 373085
FabOnDisk: SD_2_Old_MF_D_00000 382387
FabOnDisk: SD_2_Old_MF_D_00000 388617
FabOnDisk: SD_2_Old_MF_D_00000 394847
FabOnDisk: SD_2_Old_MF_D_00000 399029
FabOnDisk: SD_2_Old_MF_D_00000 408333
FabOnDisk: SD_2_Old_MF_D_00000 414565
FabOnDisk: SD_2_Old_MF_D_00000 418749
FabOnDisk: SD_2_Old_MF_D_00000 422933
FabOnDisk: SD_2_Old_MF_D_00000 432237
FabOnDisk: SD_2_Old_MF_D_00000 441541
FabOnDisk: SD_2_Old_MF_D_00000 450845
FabOnDisk: SD_2_Old_MF_D_00000 460149
FabOnDisk: SD_2_Old_MF_D_00000 466381
FabOnDisk: SD_2_Old_MF_D_00000 472613
FabOnDisk: SD_2_Old_MF_D_00000 478845
FabOnDisk: SD_2_Old_MF_D_00000 485077
FabOnDisk: SD_2_Old_MF_D_00000 491309
FabOnDisk: SD_2_Old_MF_D_00000 495493
FabOnDisk: SD_2_Old_MF_D_00000 501723
FabOnDisk: SD_2_Old_MF_D_00000 511025
FabOnDisk: SD_2_Old_MF_D_00000 520327
FabOnDisk: SD_2_Old_MF_D_00000 529629
FabOnDisk: SD_2_Old_MF_D_00000 538932
FabOnDisk: SD_2_Old_MF_D_00000 545164
FabOnDisk: SD_2_Old_MF_D_00000 551394
FabOnDisk: SD_2_Old_MF_D_00000 557624
FabOnDisk: SD_2_Old_MF_D_00000 563854
FabOnDisk: SD_2_Old_MF_D_00000 570085
FabOnDisk: SD_2_Old_MF_D_00000 574269
FabOnDisk: SD_2_Old_MF_D_00000 578453
FabOnDisk: SD_2_Old_MF_D_00000 587757
FabOnDisk: SD_2_Old_MF_D_00000 597061
FabOnDisk: SD_2_Old_MF_D_00000 606365
FabOnDisk: SD_2_Old_MF_D_00000 615669
FabOnDisk: SD_2_Old_MF_D_00000 624973
FabOnDisk: SD_2_Old_MF_D_00000 631205
FabOnDisk: SD_2_Old_MF_D_00000 640509
FabOnDisk: SD_2_Old_MF_D_00000 649813
FabOnDisk: SD_2_Old_MF_D_00000 659117
FabOnDisk: SD_2_Old_MF_D_00000 665349
FabOnDisk: SD_2_Old_MF_D_00000 674653
FabOnDisk: SD_2_Old_MF_D_00000 683957
FabOnDisk: SD_2_Old_MF_D_00000 693261
FabOnDisk: SD_2_Old_MF_D_00000 699493
FabOnDisk: SD_2_Old_MF_D_00000 705725
FabOnDisk: SD_2_Old_MF_D_00000 711957
FabOnDisk: SD_2_Old_MF_D_00000 718189
FabOnDisk: SD_2_Old_MF_D_00000 722373
FabOnDisk: SD_2_Old_MF_D_00000 731674
FabOnDisk: SD_2_Old_MF_D_00000 740976
FabOnDisk: SD_2_Old_MF_D_00000 750277
FabOnDisk: SD_2_Old_MF_D_00000 759579
FabOnDisk: SD_2_Old_MF_D_00000 768880
FabOnDisk: SD_2_Old_MF_D_00000 778182
FabOnDisk: SD_2_Old_MF_D_00000 782366
FabOnDisk: SD_2_Old_MF_D_00000 791670
FabOnDisk: SD_2_Old_MF_D_00000 800974
FabOnDisk: SD_2_Old_MF_D_00000 810276
FabOnDisk: SD_2_Old_MF_D_00000 819578
FabOnDisk: SD_2_Old_MF_D_00000 828880
FabOnDisk: SD_2_Old_MF_D_00000 838182
FabOnDisk: SD_2_Old_MF_D_00000 844414
FabOnDisk: SD_2_Old_MF_D_00000 850646
FabOnDisk: SD_2_Old_MF_D_00000 859950
FabOnDisk: SD_2_Old_MF_D_00000 866182
FabOnDisk: SD_2_Old_MF_D_00000 872414
FabOnDisk: SD_2_Old_MF_D_00000 876598
FabOnDisk: SD_2_Old_MF_D_00000 885900
FabOnDisk: SD_2_Old_MF_D_00000 892130
FabOnDisk: SD_2_Old_MF_D_00000 898362
FabOnDisk: SD_2_Old_MF_D_00000 907664
FabOnDisk: SD_2_Old_MF_D_00000 913894
FabOnDisk: SD_2_Old_MF_D_00000 923196
FabOnDisk: SD_2_Old_MF_D_00000 932498
FabOnDisk: SD_2_Old_MF_D_00000 938728
FabOnDisk: SD_2_Old_MF_D_00000 944958
FabOnDisk: SD_2_Old_MF_D_00000 951190
FabOnDisk: SD_2_Old_MF_D_00000 955374
FabOnDisk: SD_2_Old_MF_D_00000 964678
FabOnDisk: SD_2_Old_MF_D_00000 970910
FabOnDisk: SD_2_Old_MF_D_00000 977142
FabOnDisk: SD_2_Old_MF_D_00000 981326
FabOnDisk: SD_2_Old_MF_D_00000 990630
FabOnDisk: SD_2_Old_MF_D_00000 999934
FabOnDisk: SD_2_Old_MF_D_00000 1006166
FabOnDisk: SD_2_Old_MF_D_00000 1012398
FabOnDisk: SD_2_Old_MF_D_00000 1018630
FabOnDisk: SD_2_Old_MF_D_00000 1022814
FabOnDisk: SD_2_Old_MF_D_00000 1032116
FabOnDisk: SD_2_Old_MF_D_00000 1041418
FabOnDisk: SD_2_Old_MF_D_00000 1047648
FabOnDisk: SD_2_Old_MF_D_00000 1056950
FabOnDisk: SD_2_Old_MF_D_00000 1066252

145,2
-5.9053731978576980e+04,2.3710584506858140e+05,
-1.9681936462452868e+05,6.7418174396627001e+04,
-3.8738795015022915e+05,-1.7487602303936437e+05,
-1.1725492588224879e+05,2.4391936233628658e+05,
-4.3564347199558688e+05,2.3844551277865539e+05,
-3.3902654840220057e+05,5.4408123697288102e+04,
-4.6138265966554318e+05,-3.8492474567127938e+05,
-1.4532827310997818e+05,-4.1549037859142409e+05,
-4.0441609228507732e+05,-2.4798960560085834e+04,
-1.7489993585097836e+05,-3.2415499145901413e+04,
-2.8023594913426641e+05,-3.6014556821079605e+05,
-4.1734872469300317e+05,-2.9518676740212541e+05,
-2.7626015285315370e+05,-1.8356939300845261e+05,
-3.8875576750512409e+05,-5.0189691049075918e+04,
-2.7572351022196526e+05,-3.3317744652566034e+03,
-2.7255258642481349e+05,-4.8778581648021791e+05,
-5.1319556121579662e+05,-1.7581610726138169e+05,
-3.4395838680732704e+05,-1.1892068963634811e+05,
-1.5104376290374203e+05,-5.8588892784059863e+04,
-3.2477149672639644e+05,-5.2895062724653108e+05,
-1.7569089080828999e+05,-1.6086374962676782e+05,
-2.4007614948182018e+05,-5.1231636997766327e+04,
-1.6344268615081673e+05,-1.7903688055585080e+05,
-5.5124545480747183e+05,6.3055968343681889e+04,
-4.9715195152024680e+05,-1.2113324716999487e+05,
-2.8123088771858311e+05,-1.8705239449626533e+05,
-5.0690672341902391e+05,9.3865645446773851e+04,
-1.5722578345628572e+05,-8.1907774878622149e+04,
-1.4819773442796140e+05,-8.6136113276789547e+04,
-1.3016810838338279e+05,-3.5819238900614437e+03,
-2.8679176313841017e+05,-1.1620785565794504e+05,
-1.7884981402407645e+05,0.0000000000000000e+00,
-2.3743622829177111e+05,-1.2120818200798598e+05,
-1.4948763149751758e+05,-1.4126054201413033e+05,
-1.7214921668324096e+05,-1.3342862937898608e+05,
-1.3409574939537270e+05,-1.2129315562965348e+04,
0.0000000000000000e+00,0.0000000000000000e+00,
-1.3518211847920466e+05,-1.5560355352284253e+05,
-2.6513177887758211e+05,-1.9571885938929336e+05,
-1.6104583403760189e+05,-2.0776074099227844e+05,
-2.5094950400254165e+05,-1.3109978424660221e+05,
-1.2052410337370529e+05,-1.8239053926363122e+05,
-2.0517399781781132e+05,-1.9350595339745196e+05,
-2.8490804749526142e+05,-2.3786022934122593e+04,
-2.1271237707618566e+05,-1.6359636126520636e+05,
-1.4416508780214645e+05,-3.0905510471579328e+05,
-1.2257803564093338e+05,-1.7368351352238096e+04,
-1.4979898354158358e+05,-1.8161461186197994e+04,
-1.6079060154435865e+05,3.7264417598809814e+03,
-2.6044482530113164e+05,5.0265501140944252e+04,
-8.5385549387082574e+04,-3.7227098500409338e+05,
-3.8952199451622728e+05,-1.3820897346950660e+05,
-4.3584892561286397e+05,-7.1820259327124222e+04,
-3.9019620421326545e+05,-1.2771648165190418e+05,
-3.4257724283639691e+05,1.3124973231475742e+05,
-1.0009202755148872e+05,-2.0684679926910321e+05,
-8.6951214833045378e+04,-1.8614940576625522e+05,
-1.2546062721506460e+05,-1.6278535772618925e+05,
-2.5728797001336934e+05,-9.2102478706063994e+04,
-1.3163415145016625e+05,-1.2625290121955913e+04,
-1.3608766918892215e+05,-6.2810840353617095e+03,
-1.3419222153140145e+05,-3.6567034442414297e+03,
-2.7139647851457412e+05,-1.1024474859562179e+04,
1.4063563916581916e+04,-1.9151816944186285e+05,
-1.2441435008213593e+05,-7.7237438962925808e+03,
-1.2757734444388625e+05,-5.2086324856602005e+03,
-1.2501676324104046e+05,-3.3509871513671533e+04,
-1.6599655432442814e+05,-1.9998770480772801e+05,
4.4941377466973790e+04,-1.3628755418546789e+05,
-3.0595195578837593e+05,-1.2615247256093426e+05,
-5.2564616991740477e+05,-3.4601728957619634e+05,
-1.6600638901228376e+05,-6.0235904006712371e+04,
-2.1601046777436230e+05,-1.8848308324165345e+05,
-2.6675585935268865e+05,-1.9700222714641300e+05,
-1.7827963776709366e+05,-1.6254483477860049e+04,
-1.9897229283076595e+05,-4.5267267633492884e+05,
-2.3313895563813276e+05,-9.2606922902719816e+04,
-2.2666975436400971e+05,-1.0500486651613028e+05,
-2.2308913569363358e+05,-2.7314207553236047e+05,
-1.6343811333287740e+05,6.2163493290345650e+04,
-8.5162586272618501e+04,-5.7228067430199008e+04,
-1.6838536128823180e+05,-2.2343553379865043e+05,
-1.6050409511439793e+05,-4.4040814804201364e+05,
-2.2080395295383205e+05,5.9104613614763366e+03,
-1.4790033749702707e+05,-7.7205637310398743e+03,
-1.5712787914549990e+05,-4.0347630725328054e+04,
-1.9854106411590183e+05,-1.7219753259894060e+05,
-2.9686719749648764e+05,-1.5922764365821349e+05,
-1.5515240645691229e+05,-2.2811561631725635e+04,
-1.8024085152385815e+05,-2.9684253608738072e+04,
-2.2955221439277520e+05,-5.7725590962398564e+04,
-1.9504873540170520e+05,-1.7193176279127510e+05,
-1.4464602517953899e+05,-2.6714559430188092e+04,
-1.7926858180372801e+05,6.9533680751905194e+03,
-2.1771947779464972e+05,1.7551935050613247e+04,
-1.0684066082325153e+05,-2.3661443352624774e+05,
-1.4858031417832826e+05,-3.1455165638231847e+04,
-1.6883062528346054e+05,1.0764054451909033e+04,
-2.4216483656589990e+05,6.2616007931354397e+04,
-4.8825280223460577e+05,-9.1667471271209070e+04,
-3.4299766557669500e+05,-4.3127821364550036e+05,
-4.3062592952031409e+05,-1.5921166032721521e+05,
-5.4683852151097963e+05,-3.6442579580924648e+05,
-4.2980006568834942e+05,-5.2287986379328067e+05,
-3.3027964363657229e+05,-1.9242011711931264e+05,
-1.7673128857650008e+05,-1.5861883655167330e+05,
-1.4002958031875896e+05,-2.1090779470129346e+05,
-2.8853231600727740e+05,-4.1281430349869624e+05,
-4.9818634890037938e+05,-2.6294182613081357e+05,
-3.2183466240160924e+05,-2.2809535971997248e+05,
-3.8174563045028481e+05,-4.4406831127588521e+05,
-2.2805735886116163e+05,-3.2108968094414740e+05,
-3.8083825108249730e+05,-2.1802675703537680e+05,
-3.8827856377204444e+05,-8.6500701187242521e+04,
-3.5373422758377565e+05,-2.4010162838278629e+05,
-1.3175502914891840e+05,-1.8041235463949561e+05,
-1.4557479171385930e+05,-2.4504916250858223e+05,
-1.9473181559232617e+05,-5.0283081848020083e+04,
-2.3930335980667442e+05,-4.0060945467326965e+05,
-1.8851373833933903e+05,-5.1105973649653024e+05,
-5.2159413414614392e+04,-2.4888675923402188e+05,
-5.9770471208943345e+05,-5.2514221358761133e+05,
-3.0344859999745677e+05,-5.6297555384064035e+05,
-3.0518173952424258e+05,-2.0244596280888072e+05,
-3.4101340216361277e+05,-2.5255441378718388e+05,
-2.0258755928556202e+05,-2.9099577716405329e+05,
-2.9158306108969118e+05,-1.0733316539208754e+05,
-9.4612923318264075e+04,-1.1637723822889238e+05,
-1.6163794988236914e+05,-2.4571368049427401e+05,
-2.3609524066557642e+05,-4.5715655255451566e+04,
-2.2865267674666829e+05,-2.7478202713143983e+05,
-2.2439861310517881e+05,-1.9204872390933306e+05,
-1.9808209928550059e+05,2.9031189552784781e+03,
-2.2165090485124238e+05,8.5425561257652589e+03,
-1.8150637099161104e+05,-8.2403434146518703e+04,
-2.0847740742096939e+05,-7.9848861021967605e+04,
-2.1579516010391671e+05,-1.7623297138000926e+05,
-1.1823082370118500e+05,4.7316227445249388e+04,
-2.0707381218089140e+05,9.1387026831100229e+04,
-1.9163623177639383e+05,-5.4489178625806817e+05,
-4.5037239467061881e+05,-7.0920363957968657e+05,
-5.1829880093596876e+05,-3.8165126915201836e+05,
-8.5975158790225396e+04,-3.4627511446300196e+05,
-2.2784840810547466e+05,-3.0396410830891691e+05,
-3.4236378771184245e+05,-2.0090959267576400e+05,

145,2
9.8370763637855998e+04,4.0315015131306427e+05,
3.8371115736782667e+04,3.0325532577917329e+05,
-5.2047027191912639e+04,2.6343872553376132e+05,
5.7656434969251859e+04,4.9357294966645713e+05,
-2.3809589941115701e+04,6.7712442011076782e+05,
-2.0051297003965301e+05,3.8219029457850556e+05,
-9.0781744361996243e+04,9.9751418048454798e+04,
3.8164594532617775e+04,-3.4248658802578575e+03,
-3.0055294515783316e+04,6.9213942101166758e+05,
6.7418064824218163e+03,1.7436289828783629e+05,
-2.2347397335486312e+04,1.0574332727070869e+05,
-2.2411223435587017e+05,-2.8705326114573108e+04,
-1.9294577566977096e+05,-3.0640418366275844e+04,
-2.1209119962747791e+05,1.3364897403249925e+05,
-6.0890939983550925e+04,1.9632023512350570e+05,
4.6836274182001944e+04,2.1731935785665992e+05,
1.6616751898425573e+05,7.0997194784840103e+05,
-1.5452426925741020e+04,2.6437882710318081e+05,
-1.0099366705435095e+05,4.0103957203397295e+04,
1.3217125566976902e+05,2.4985450385977747e+05,
5.0647283434648125e+04,2.1203232130594843e+05,
-2.6269853463530308e+04,2.0914465468222916e+05,
1.2787592583933147e+05,2.2267419803038647e+05,
-3.3647993206418178e+05,4.3953316373856214e+05,
-2.3437849480969599e+05,3.9240115299924219e+05,
1.3537945961880032e+05,4.2923524313200032e+05,
5.1118816334044095e+04,5.6347199669179099e+05,
1.0055143530774512e+04,1.4812974834615889e+05,
-8.5731392917261110e+04,4.5447777998127276e+04,
-1.0973018690016470e+05,1.8219311177704367e+04,
-1.4114372847878258e+05,9.9316364669962786e+04,
0.0000000000000000e+00,1.4942670500889272e+05,
0.0000000000000000e+00,1.5974030140116607e+05,
0.0000000000000000e+00,6.8291512818686897e+03,
-1.0658877497804642e+05,1.9730661491965293e+04,
2.2495369450873710e+04,1.3816400172892772e+05,
0.0000000000000000e+00,0.0000000000000000e+00,
1.7998626665200311e+04,0.0000000000000000e+00,
-4.2797785409676726e+04,2.1511608983231126e+05,
1.3936694538575975e+05,3.9999848358366435e+05,
1.3188589648725465e+05,1.1765446696927538e+05,
-2.4724141164711909e+03,2.3623095809743972e+03,
-1.0416150674485107e+05,2.1895579489646479e+02,
-1.5385755260515434e+05,2.5135857970366778e+05,
3.9855412020863150e+04,2.8240829363737430e+05,
1.7900082781809615e+05,1.7999824149680499e+05,
-9.4026660768693546e+04,1.4345431771158474e+04,
-1.2253803287063929e+05,5.7053712731707492e+03,
-1.2899088134341873e+05,5.3389078237346257e+04,
-1.1916688452794915e+04,2.1806417569249024e+05,
2.3887862901785702e+05,3.1895917034551821e+05,
-3.4483939965217724e+04,3.6273746871509356e+05,
-2.9255553057394864e+05,2.7415742993556487e+05,
-1.8709130821719591e+05,1.2927667479734228e+05,
-9.0321796764276223e+04,3.9624435695749708e+05,
1.8230752077049401e+05,1.8205528550189774e+05,
9.1231478932623577e+04,1.3144299856351718e+05,
1.7339225368748594e+05,2.9095390315141412e+05,
-1.2072059114133153e+05,1.6080772206252732e+05,
-1.1013819979819673e+05,1.3479849473208014e+04,
-1.2232787242984778e+05,6.1916905566948117e+03,
-8.8481989422193146e+04,5.0711007060713018e+04,
1.7729895644766802e+05,3.3125063737976889e+05,
3.8547394280109584e+05,2.5307266243781196e+05,
-9.8893534679834556e+04,9.4228291620805976e+03,
-1.2247161972325848e+05,5.3839204438045272e+03,
-8.9692580263255513e+04,-1.0527234224224230e+03,
1.2544193085269653e+05,-2.6664362028386677e+03,
2.4259176875956764e+05,1.4811478236035327e+05,
-5.1594417676649755e+03,4.4009827205134497e+05,
-1.2008819783693762e+05,2.7879569571276079e+05,
-1.1599413238419511e+05,-1.4789355287663057e+04,
8.9596476855952642e+03,0.0000000000000000e+00,
0.0000000000000000e+00,1.0941517994019875e+05,
3.6142915092152049e+04,1.1295977671399695e+05,
-3.0355683653819142e+04,-7.1334899681000388e+04,
4.1444157993901172e+04,2.2449336105166003e+05,
-1.7384699770303268e+05,-2.7698547863448039e+04,
5.6830796552987886e+04,2.0076329103836906e+05,
-6.8186335912303184e+04,1.8299247305545141e+05,
1.2836141945472045e+05,1.9660404164156789e+05,
1.0769148288320575e+05,3.1276644696433505e+05,
1.7977619556256395e+05,2.8893325384494528e+05,
-8.3122610418115801e+04,2.4434426636221615e+05,
-1.2589882359301992e+05,1.0275744781720277e+04,
-1.0966769715770643e+05,-6.7490901312005008e+03,
6.3442162833176553e+03,-3.3692198077152716e+04,
-1.4407349881251866e+05,1.1725775808474427e+05,
-1.3742673732662806e+05,6.2652910042423173e+03,
-1.4107667854497413e+05,1.2890287223893392e+04,
-1.6192466321224638e+05,2.3295931017283874e+04,
-3.8642491890938254e+04,-1.8003361846166081e+04,
-8.5245522009357228e+04,2.2972943781189679e+04,
-1.1117231390330708e+05,7.1941525876669039e+04,
-1.6537422025079868e+05,7.9398712667790824e+04,
3.0073743314197054e+04,5.1415524649556028e+04,
-5.3520309915037069e+04,6.3193529827430029e+04,
-3.8631098982710682e+04,1.6082829726821074e+05,
-8.0661110268175253e+04,3.2069592157002044e+05,
-1.3307061667863745e+05,3.7045451091031427e+05,
-7.7185386004621978e+04,-2.8147761483717477e+04,
-3.1357227345636347e+05,-6.7295253342032083e+04,
-2.9950317121695844e+05,1.4927347605527611e+05,
-5.5742977637480362e+04,1.0091616310981626e+05,
-1.5113898358891602e+05,1.4729391609659069e+05,
5.2219990524141758e+04,1.9904445178467140e+05,
2.1060887996449892e+05,4.4836181784824003e+05,
1.0716027642225672e+05,3.9282396731958434e+05,
-2.2458869930938818e+05,1.4435964093169605e+05,
-2.1831866071741970e+05,-2.4101540056009253e+04,
-1.6249224918945692e+05,-1.1073666123422154e+05,
6.4449724959817831e+04,8.0907285588083323e+04,
-5.0252465677779401e+04,9.4312046208439278e+04,
-6.0129357594093017e+04,2.2681790750722430e+05,
-6.2852312904730206e+04,2.8422476082678477e+05,
1.7720448607185390e+05,3.1680960925248219e+05,
2.6062077068233775e+05,2.4787281779259210e+05,
-1.1574420328645065e+05,4.1977439612046874e+04,
1.3600124873898167e+05,1.3411229168229329e+05,
7.2973789855433279e+04,6.0770871169026941e+04,
2.1368691004648572e+05,2.1377863012820599e+05,
-2.5516991288974823e+05,7.2075041142498958e+04,
3.5270387979689986e+02,-7.9687556865607621e+04,
-1.6137807335257530e+05,4.6792391652372316e+04,
-1.6343992376571696e+05,-1.3885299716288864e+04,
-8.9011933887147461e+04,-1.0609424659796205e+05,
-1.0091649516638863e+05,1.7024419347670482e+05,
-8.4658258105773712e+03,-2.1751247273976333e+04,
-5.1778888103493955e+03,2.9382693713445042e+04,
-1.1582339969210152e+05,1.2666773187195649e+05,
4.6408583001063380e+04,9.7595190460428421e+04,
-8.3083716056929552e+04,2.3718035086934105e+04,
-9.5494389473284537e+04,1.1687187857502577e+05,
-9.8366377986437874e+04,2.0954905839761486e+05,
2.4915666454347956e+04,1.6518619974432222e+05,
-5.4425725617093849e+04,8.3696874354430474e+04,
-7.6093518356510322e+04,5.6782209770208283e+04,
-3.9977232618119160e+04,1.4172429951149825e+05,
-9.4062301557655155e+04,2.0694436092385877e+05,
-2.2684024596033851e+03,-3.1507958103456185e+05,
-3.5320129395436379e+04,-2.1137414348444145e+05,
-2.4527295104904333e+05,-1.5295453690867289e+05,
4.8662953643975197e+04,-2.3716482557397685e+05,
7.9960260102438042e+03,-5.5803220332770434e+04,
-6.6064960279972001e+04,2.0821779031283659e+05,

