1
1
4
4
(6 0
((32,112) (47,127) (0,0))
((48,112) (63,127) (0,0))
((64,112) (71,127) (0,0))
((32,128) (47,143) (0,0))
((48,128) (63,143) (0,0))
((64,128) (71,143) (0,0))
)
6
FabOnDisk: SD_0_New_MF_D_00000 0
FabOnDisk: SD_0_New_MF_D_00000 18518
FabOnDisk: SD_0_New_MF_D_00000 37036
FabOnDisk: SD_0_New_MF_D_00000 49410
FabOnDisk: SD_0_New_MF_D_00000 67928
FabOnDisk: SD_0_New_MF_D_00000 86446

6,4
2.9225403522199950e-02,-7.3786810672110781e-01,9.9999999999914002e-01,-2.3135634614540047e-12,
-8.6801183891876288e-01,-6.8879566895092892e-01,9.9999999999902933e-01,-7.3583053326051611e-14,
-1.1658409543350901e-02,1.9359825481667151e-02,9.9999999999982225e-01,6.2083877049363938e-14,
2.9225403522196290e-02,1.5037116603724770e-02,9.9999999999925748e-01,-2.4359818105079303e-12,
-8.6801183891868061e-01,-8.1124112022840555e-01,9.9999999999930600e-01,-8.3037039387420447e-14,
-1.1658409543337415e-02,-6.5020359754511814e-01,9.9999999999994005e-01,5.7947215921831563e-14,

6,4
1.0000000000000000e+40,1.0000000000000000e+40,1.0000000000000000e+40,1.0000000000000000e+40,
1.0000000000000000e+40,1.0000000000000000e+40,1.0000000000000000e+40,1.0000000000000000e+40,
1.1160705276915577e+00,6.5020359754512402e-01,1.0000000000001408e+00,1.2866185390791828e-13,
1.0000000000000000e+40,1.0000000000000000e+40,1.0000000000000000e+40,1.0000000000000000e+40,
1.0000000000000000e+40,1.0000000000000000e+40,1.0000000000000000e+40,1.0000000000000000e+40,
1.1160705276915548e+00,-1.9359825481677324e-02,1.0000000000001383e+00,1.2874258882476254e-13,

