1
1
8
0
(4 0
((112,88) (127,127) (0,0))
((0,104) (15,127) (0,0))
((88,104) (111,127) (0,0))
((16,120) (87,127) (0,0))
)
4
FabOnDisk: Cell_D_00000 0
FabOnDisk: Cell_D_00000 41047
FabOnDisk: Cell_D_00000 65708
FabOnDisk: Cell_D_00000 102659

4,8
-2.6656427513909309e-01,-5.9562962918336204e-01,9.9963918342790981e-01,0.0000000000000000e+00,-6.0279519320264114e+01,-1.4488793616904775e+02,1.6037529368082559e-03,-4.7227931429606074e-01,
-2.2542459419526734e-01,-1.5947487571390442e-01,9.8545917619728818e-01,0.0000000000000000e+00,-3.3508740025597596e+01,-7.2007962494738990e+02,6.9269978073396299e-03,-6.8048409788841080e-01,
-1.1486036440821430e-01,-1.1223217747237937e-01,9.9978522860861907e-01,0.0000000000000000e+00,-3.0290903722613962e+01,-2.6158489784928051e+01,1.7474399645989180e-04,-5.8504815269706845e-01,
-8.9573114200845766e-02,-8.1760080806005941e-03,9.8636231707675381e-01,0.0000000000000000e+00,-5.2913470251690292e+01,-3.9981584985710367e+02,1.9648616063389790e-01,-2.2664711952277455e-01,

4,8
8.7137256032743460e-01,1.5207987230811468e-01,1.0002389510060408e+00,0.0000000000000000e+00,3.2461316999299146e+02,3.8779976218932512e+02,7.0461103824304331e+01,1.2305040239011358e+00,
8.0803181098405563e-01,2.8132120488955276e-01,1.0014627785062380e+00,0.0000000000000000e+00,4.0583888841888427e+02,1.0272121161740312e+01,7.5988010904086607e+01,1.8608656496796339e-01,
8.9862166861101866e-01,6.3165346072703007e-02,1.0004286735473296e+00,0.0000000000000000e+00,3.0282487662950291e+02,4.0722231622771483e+02,2.5641991107905170e+01,3.7647624522108979e-02,
8.9915518474090339e-01,1.5721549170727384e-01,1.0002814219456015e+00,0.0000000000000000e+00,3.2462563995218977e+02,2.3615101959905598e+00,3.5543078006416813e+01,2.7058009721020543e-01,

