1
1
8
0
(3 0
((232,232) (255,255) (0,0))
((0,248) (119,255) (0,0))
((120,248) (231,255) (0,0))
)
3
FabOnDisk: Cell_D_00000 0
FabOnDisk: Cell_D_00000 36952
FabOnDisk: Cell_D_00000 98478

3,8
-2.4994148410269501e-01,-6.2326754036407450e-01,9.9451871360150590e-01,0.0000000000000000e+00,-1.1347384818439821e+00,-1.5221143547062708e+00,9.0567045714531957e-01,-3.1640389241873887e-02,
-8.0346582391733104e-02,3.2844241632553151e-05,9.9999999999791611e-01,0.0000000000000000e+00,-9.1365449776309049e-01,-4.0400557777011542e+01,5.1100864187722195e-02,-3.1703292386530446e-01,
3.1709825019223925e-01,-1.5228638297001607e-03,9.9970240913173714e-01,0.0000000000000000e+00,-5.5950817534046138e-01,-5.4620364550679895e-02,1.7185486420733678e+01,-1.4462012690910376e-02,

3,8
9.5068452219254196e-01,1.9030930617408185e-02,1.0000964943552721e+00,0.0000000000000000e+00,9.3889994883396341e+01,8.0304997866041006e+01,1.3693771261936433e+02,1.0659783152494082e+00,
9.4626067681450787e-01,2.4045973599403472e-01,1.0000000000038129e+00,0.0000000000000000e+00,5.4570643566062657e+01,2.0706433951574304e+01,1.4654038703597570e+02,-8.9846497649319675e-03,
9.5186799317615900e-01,5.9477645906374100e-03,1.0001174031684299e+00,0.0000000000000000e+00,5.5453112527187765e-02,8.8943569975157177e-01,2.6625748753695127e+01,5.1061773891184509e-03,

