1
1
8
0
(4 0
((240,224) (255,239) (0,0))
((224,240) (255,255) (0,0))
((0,248) (127,255) (0,0))
((128,248) (223,255) (0,0))
)
4
FabOnDisk: Cell_D_00001 0
FabOnDisk: Cell_D_00000 0
FabOnDisk: Cell_D_00002 0
FabOnDisk: Cell_D_00003 0

4,8
-2.7675124343512886e-01,-6.2864509148800096e-01,9.9974262295832739e-01,0.0000000000000000e+00,-5.9914439271733588e-01,-1.5031267101576824e+00,1.1094804305635364e-02,-4.2018407922990254e-02,
-8.1149118609480500e-02,-6.4270847863973457e-01,9.9607918591925548e-01,0.0000000000000000e+00,-6.4120705498212915e-01,-8.0647016134499871e-02,2.3042693458100771e-01,-4.0485074944373631e-02,
-8.0604858980304284e-02,3.7981507499874645e-05,9.9999999999825528e-01,0.0000000000000000e+00,-7.4884545493202914e-01,-4.0404717395068701e+01,1.2476459365682580e-01,-3.1265859942883212e-01,
3.7313179048117617e-01,-4.4737467271489641e-06,9.9996738670867569e-01,0.0000000000000000e+00,-4.5986621805134797e-01,-4.0784673993477738e-02,1.5989404253485286e+01,-1.9739901698768943e-02,

4,8
3.8629527756181885e-02,-2.8239814259763789e-02,1.0000567774649638e+00,0.0000000000000000e+00,2.4328748424371534e+00,2.2510262544129578e+00,4.5317585344607409e+01,5.6259966549968177e-02,
9.5902132175830579e-01,2.8605637656706113e-02,1.0020139503371084e+00,0.0000000000000000e+00,9.3887893357089368e+01,8.0291260980056379e+01,1.3699577657811679e+02,1.0962138099078429e+00,
9.5197577101700548e-01,2.4043720635521135e-01,1.0000000000030964e+00,0.0000000000000000e+00,5.4567734332750646e+01,2.0710336396129104e+01,1.4654014331058156e+02,-8.9266440068751056e-03,
9.5906678996615891e-01,6.5403388458029352e-03,1.0000217473047459e+00,0.0000000000000000e+00,4.1674011411229284e-02,4.6180444829426648e-01,2.3905164374060629e+01,-1.3856859094504451e-03,

