1
1
9
0
(9 0
((80,232) (95,247) (0,0))
((96,232) (111,247) (0,0))
((112,232) (119,247) (0,0))
((80,248) (95,263) (0,0))
((96,248) (111,263) (0,0))
((112,248) (119,263) (0,0))
((80,264) (95,279) (0,0))
((96,264) (111,279) (0,0))
((112,264) (119,279) (0,0))
)
9
FabOnDisk: Cell_D_00000 0
FabOnDisk: Cell_D_00000 18518
FabOnDisk: Cell_D_00000 37037
FabOnDisk: Cell_D_00000 46341
FabOnDisk: Cell_D_00000 64859
FabOnDisk: Cell_D_00000 83378
FabOnDisk: Cell_D_00000 92682
FabOnDisk: Cell_D_00000 111200
FabOnDisk: Cell_D_00000 129719

9,9
-2.4284434015654938e-01,-7.5386064381843954e-01,0.0000000000000000e+00,-1.8288074928560161e-13,-1.2462198571560002e+03,-5.7309177954684003e+02,0.0000000000000000e+00,-3.8129803993143057e+00,0.0000000000000000e+00,
-1.2008415192899635e-01,-6.2272049803237361e-01,0.0000000000000000e+00,0.0000000000000000e+00,-5.9756168166698717e+02,-4.7385500870963642e+02,0.0000000000000000e+00,-1.4120638874756004e+00,0.0000000000000000e+00,
4.8333205792728366e-02,-3.7753410005812610e-01,9.9999999999982914e-01,2.2111482374604944e-13,-4.0292742294068910e+02,-5.4738769919980041e+02,1.8887715893178836e-02,-9.4155993103934243e-01,1.0000000000000000e+00,
0.0000000000000000e+00,-6.6400522490952141e-01,0.0000000000000000e+00,0.0000000000000000e+00,-5.7695962432577528e+02,-5.5761830557370149e+02,0.0000000000000000e+00,0.0000000000000000e+00,0.0000000000000000e+00,
-3.2373498719667926e-01,-6.6049312007509497e-01,0.0000000000000000e+00,0.0000000000000000e+00,-6.0355922978796946e+02,-6.3533304051548714e+02,0.0000000000000000e+00,-7.9915053617568665e-01,0.0000000000000000e+00,
-6.0392098618998213e-01,-6.8150968936440293e-01,9.9999999999974887e-01,2.5969085066134419e-13,-3.2499570504043550e+02,-5.5439499368696409e+02,1.0550231140878104e+02,-9.0827317745105540e-01,1.0000000000000000e+00,
-2.4284434015675826e-01,-2.1708516878568479e-01,0.0000000000000000e+00,-2.0774545549162654e-13,-1.2462198570764656e+03,-4.4453041318392650e+02,0.0000000000000000e+00,-3.8129803987724200e+00,0.0000000000000000e+00,
-1.2008415192898608e-01,-2.8551915143532519e-01,0.0000000000000000e+00,0.0000000000000000e+00,-5.9756168180204281e+02,-3.4472107685830019e+02,0.0000000000000000e+00,-1.4120638872539832e+00,0.0000000000000000e+00,
4.8333205792778611e-02,-7.7704349998702493e-01,9.9999999999971645e-01,2.1935616428948703e-13,-4.0292742294054801e+02,-1.2352542667919053e+02,1.8887715849480458e-02,-9.4155993103929725e-01,1.0000000000000000e+00,

9,9
1.5309212475711349e+00,2.1708516878694989e-01,1.0000000000002207e+00,8.2425064834680515e-13,1.2520832715101719e+01,4.4453041318332168e+02,1.1726881442452861e+04,2.8329366385434573e-01,1.0000000000000000e+00,
1.5482580312967233e+00,2.8551915143529549e-01,1.0000000000002363e+00,4.5062207817418553e-13,2.3120036082712627e+02,3.4472107673539676e+02,3.8742193179454389e+03,2.1428685818179698e+00,1.0000000000000000e+00,
1.4744491740658208e+00,7.7704349998704980e-01,1.0000000000003173e+00,2.7292088476604849e-13,8.7255617317210510e+02,1.2352542667928965e+02,2.5688393175096144e+03,-2.0665671780385150e-01,1.0000000000000000e+00,
5.6739599593691314e-01,6.6400522490951897e-01,1.0000000000000597e+00,5.9623991659070423e-13,1.2625437774921338e+02,5.5761830557360338e+02,2.2498807192499185e+03,6.1955717816561118e-01,1.0000000000000000e+00,
0.0000000000000000e+00,6.6049312007515171e-01,1.0000000000002478e+00,2.6637189474584522e-13,2.4696730192205456e+02,6.3533304051516416e+02,2.2234422228025969e+03,2.6215816412270909e+00,1.0000000000000000e+00,
2.8574997909692246e-01,6.8150968936441181e-01,1.0000000000003246e+00,2.7889393498065624e-13,8.4946012291833699e+02,5.5439499368695101e+02,2.4208714777421660e+03,-2.1997394065193981e-01,1.0000000000000000e+00,
1.5309212475710947e+00,7.5386064381843654e-01,1.0000000000003644e+00,8.5670628103360883e-13,1.2520832715079607e+01,5.7309177954679171e+02,1.1726881442427710e+04,2.8329366385434379e-01,1.0000000000000000e+00,
1.5482580312966860e+00,6.2272049803238505e-01,1.0000000000003748e+00,4.6420689128869160e-13,2.3120036082708856e+02,4.7385500870964563e+02,3.8742193179451760e+03,2.1428685826092404e+00,1.0000000000000000e+00,
1.4744491740657950e+00,3.7753410005810106e-01,1.0000000000002685e+00,2.7323506167599667e-13,8.7255617317193742e+02,5.4738769919967365e+02,2.5688393175095644e+03,-2.0665671780387582e-01,1.0000000000000000e+00,

