1
1
9
0
(6 0
((32,112) (47,127) (0,0))
((48,112) (63,127) (0,0))
((64,112) (71,127) (0,0))
((32,128) (47,143) (0,0))
((48,128) (63,143) (0,0))
((64,128) (71,143) (0,0))
)
6
FabOnDisk: Cell_D_00000 0
FabOnDisk: Cell_D_00000 18518
FabOnDisk: Cell_D_00000 37036
FabOnDisk: Cell_D_00000 46338
FabOnDisk: Cell_D_00000 64856
FabOnDisk: Cell_D_00000 83374

6,9
0.0000000000000000e+00,-7.1164582977286306e-01,0.0000000000000000e+00,-6.3289478187775252e-15,-5.9422202127560149e+02,-2.3879738171477254e+02,0.0000000000000000e+00,-4.1296358844138259e-01,0.0000000000000000e+00,
-1.1848106427630718e+00,-5.8635757233085983e-01,0.0000000000000000e+00,-7.8629657523143712e-15,-3.7810357187102517e+02,-2.7839750630342701e+02,0.0000000000000000e+00,-1.0717791029597445e+00,0.0000000000000000e+00,
-1.1973609489623851e+00,-2.1485998515387143e-03,9.9999999999976552e-01,-7.8637505084565670e-16,8.7262365006999474e+00,-2.8693010188237531e+02,3.5443730357034298e-01,-1.0744547540830749e+00,1.0000000000000000e+00,
0.0000000000000000e+00,0.0000000000000000e+00,0.0000000000000000e+00,-1.7961808948305427e-14,-5.9422204225121607e+02,-4.7444299961126563e+02,0.0000000000000000e+00,-4.1296357104836545e-01,0.0000000000000000e+00,
-1.1848106428570813e+00,-2.8775199466368053e-02,0.0000000000000000e+00,-3.9466453240302655e-15,-3.7810357171812205e+02,-2.3814480398419724e+02,0.0000000000000000e+00,-1.0717791029038763e+00,0.0000000000000000e+00,
-1.1973609490496500e+00,-4.5122933347404287e-01,9.9999999999970168e-01,-7.7620412725589579e-16,8.7262360984865559e+00,-1.3714541921550455e+02,3.5443727895207999e-01,-1.0744547540054343e+00,1.0000000000000000e+00,

6,9
1.3059073439920781e+00,0.0000000000000000e+00,1.0000000000001321e+00,1.7708834050973039e-14,1.5115165935872992e+02,4.7444299765094223e+02,2.8368398750932147e+03,6.0772710257046203e-01,1.0000000000000000e+00,
1.5764559330077872e+00,2.8775199204791414e-02,1.0000000000007074e+00,2.8304823117262251e-16,1.0514311420030535e+02,2.3814480239073933e+02,2.0903368040465289e+03,0.0000000000000000e+00,1.0000000000000000e+00,
1.5741310490977050e+00,4.5122933358184664e-01,1.0000000000002485e+00,3.8199561103503865e-15,3.0578184640938724e+02,1.3714541926238439e+02,1.3777997381717630e+03,-3.1744590761970992e-01,1.0000000000000000e+00,
1.3059073334327642e+00,7.1164582775318364e-01,1.0000000000001597e+00,1.8144678875590074e-14,1.5115165936274855e+02,2.3879740001046122e+02,2.8368398541635183e+03,6.0772710268584196e-01,1.0000000000000000e+00,
1.5764559323092018e+00,5.8635757307231751e-01,1.0000000000011098e+00,1.2056431732902729e-14,1.0514309239966786e+02,2.7839750625431105e+02,2.0903366725481733e+03,0.0000000000000000e+00,1.0000000000000000e+00,
1.5741310484567794e+00,2.1486001890227814e-03,1.0000000000001408e+00,3.8194779888275853e-15,3.0578184639888775e+02,2.8693010181709968e+02,1.3777997381528457e+03,-3.1744590769768671e-01,1.0000000000000000e+00,

