1
1
2
4
(64 0
((0,0) (15,15) (0,0))
((16,0) (31,15) (0,0))
((32,0) (47,15) (0,0))
((48,0) (63,15) (0,0))
((64,0) (79,15) (0,0))
((80,0) (95,15) (0,0))
((96,0) (111,15) (0,0))
((112,0) (127,15) (0,0))
((0,16) (15,31) (0,0))
((16,16) (31,31) (0,0))
((32,16) (47,31) (0,0))
((48,16) (63,31) (0,0))
((64,16) (79,31) (0,0))
((80,16) (95,31) (0,0))
((96,16) (111,31) (0,0))
((112,16) (127,31) (0,0))
((0,32) (15,47) (0,0))
((16,32) (31,47) (0,0))
((32,32) (47,47) (0,0))
((48,32) (63,47) (0,0))
((64,32) (79,47) (0,0))
((80,32) (95,47) (0,0))
((96,32) (111,47) (0,0))
((112,32) (127,47) (0,0))
((0,48) (15,63) (0,0))
((16,48) (31,63) (0,0))
((32,48) (47,63) (0,0))
((48,48) (63,63) (0,0))
((64,48) (79,63) (0,0))
((80,48) (95,63) (0,0))
((96,48) (111,63) (0,0))
((112,48) (127,63) (0,0))
((0,64) (15,79) (0,0))
((16,64) (31,79) (0,0))
((32,64) (47,79) (0,0))
((48,64) (63,79) (0,0))
((64,64) (79,79) (0,0))
((80,64) (95,79) (0,0))
((96,64) (111,79) (0,0))
((112,64) (127,79) (0,0))
((0,80) (15,95) (0,0))
((16,80) (31,95) (0,0))
((32,80) (47,95) (0,0))
((48,80) (63,95) (0,0))
((64,80) (79,95) (0,0))
((80,80) (95,95) (0,0))
((96,80) (111,95) (0,0))
((112,80) (127,95) (0,0))
((0,96) (15,111) (0,0))
((16,96) (31,111) (0,0))
((32,96) (47,111) (0,0))
((48,96) (63,111) (0,0))
((64,96) (79,111) (0,0))
((80,96) (95,111) (0,0))
((96,96) (111,111) (0,0))
((112,96) (127,111) (0,0))
((0,112) (15,127) (0,0))
((16,112) (31,127) (0,0))
((32,112) (47,127) (0,0))
((48,112) (63,127) (0,0))
((64,112) (79,127) (0,0))
((80,112) (95,127) (0,0))
((96,112) (111,127) (0,0))
((112,112) (127,127) (0,0))
)
64
FabOnDisk: SD_2_Old_MF_D_00000 0
FabOnDisk: SD_2_Old_MF_D_00000 9300
FabOnDisk: SD_2_Old_MF_D_00000 18600
FabOnDisk: SD_2_Old_MF_D_00000 27900
FabOnDisk: SD_2_Old_MF_D_00000 37200
FabOnDisk: SD_2_Old_MF_D_00000 46500
FabOnDisk: SD_2_Old_MF_D_00000 55800
FabOnDisk: SD_2_Old_MF_D_00000 65101
FabOnDisk: SD_2_Old_MF_D_00000 74403
FabOnDisk: SD_2_Old_MF_D_00000 83703
FabOnDisk: SD_2_Old_MF_D_00000 93003
FabOnDisk: SD_2_Old_MF_D_00000 102303
FabOnDisk: SD_2_Old_MF_D_00000 111603
FabOnDisk: SD_2_Old_MF_D_00000 120903
FabOnDisk: SD_2_Old_MF_D_00000 130203
FabOnDisk: SD_2_Old_MF_D_00000 139504
FabOnDisk: SD_2_Old_MF_D_00000 148806
FabOnDisk: SD_2_Old_MF_D_00000 158106
FabOnDisk: SD_2_Old_MF_D_00000 167406
FabOnDisk: SD_2_Old_MF_D_00000 176706
FabOnDisk: SD_2_Old_MF_D_00000 186006
FabOnDisk: SD_2_Old_MF_D_00000 195306
FabOnDisk: SD_2_Old_MF_D_00000 204606
FabOnDisk: SD_2_Old_MF_D_00000 213907
FabOnDisk: SD_2_Old_MF_D_00000 223209
FabOnDisk: SD_2_Old_MF_D_00000 232509
FabOnDisk: SD_2_Old_MF_D_00000 241809
FabOnDisk: SD_2_Old_MF_D_00000 251109
FabOnDisk: SD_2_Old_MF_D_00000 260409
FabOnDisk: SD_2_Old_MF_D_00000 269709
FabOnDisk: SD_2_Old_MF_D_00000 279009
FabOnDisk: SD_2_Old_MF_D_00000 288310
FabOnDisk: SD_2_Old_MF_D_00000 297612
FabOnDisk: SD_2_Old_MF_D_00000 306912
FabOnDisk: SD_2_Old_MF_D_00000 316212
FabOnDisk: SD_2_Old_MF_D_00000 325512
FabOnDisk: SD_2_Old_MF_D_00000 334812
FabOnDisk: SD_2_Old_MF_D_00000 344112
FabOnDisk: SD_2_Old_MF_D_00000 353412
FabOnDisk: SD_2_Old_MF_D_00000 362713
FabOnDisk: SD_2_Old_MF_D_00000 372015
FabOnDisk: SD_2_Old_MF_D_00000 381315
FabOnDisk: SD_2_Old_MF_D_00000 390615
FabOnDisk: SD_2_Old_MF_D_00000 399915
FabOnDisk: SD_2_Old_MF_D_00000 409215
FabOnDisk: SD_2_Old_MF_D_00000 418515
FabOnDisk: SD_2_Old_MF_D_00000 427815
FabOnDisk: SD_2_Old_MF_D_00000 437116
FabOnDisk: SD_2_Old_MF_D_00000 446418
FabOnDisk: SD_2_Old_MF_D_00000 455719
FabOnDisk: SD_2_Old_MF_D_00000 465020
FabOnDisk: SD_2_Old_MF_D_00000 474321
FabOnDisk: SD_2_Old_MF_D_00000 483622
FabOnDisk: SD_2_Old_MF_D_00000 492923
FabOnDisk: SD_2_Old_MF_D_00000 502224
FabOnDisk: SD_2_Old_MF_D_00000 511526
FabOnDisk: SD_2_Old_MF_D_00000 520829
FabOnDisk: SD_2_Old_MF_D_00000 530131
FabOnDisk: SD_2_Old_MF_D_00000 539433
FabOnDisk: SD_2_Old_MF_D_00000 548735
FabOnDisk: SD_2_Old_MF_D_00000 558037
FabOnDisk: SD_2_Old_MF_D_00000 567339
FabOnDisk: SD_2_Old_MF_D_00000 576641
FabOnDisk: SD_2_Old_MF_D_00000 585944

64,2
-5.6932391463072873e-01,5.9941412761874147e-03,
-5.9955035937374335e-01,-2.2756122461304423e-01,
-4.0710757256152807e-01,-2.6097874381283243e-01,
-1.3023633505245477e-01,-1.8504072851840178e-01,
-1.3559495233090607e-02,-4.7593413648583383e-02,
1.3697945188992765e-02,-2.5052380965142861e-03,
7.7718935416484346e-03,1.0244989993705349e-04,
-1.6992184374471538e-03,-3.4463536577671332e-05,
-1.9040689759772786e+00,2.1835585391099532e-01,
-1.9272584548933835e+00,-1.2708718300651491e+00,
-5.2958633040744441e-01,-1.2580241771870679e+00,
-5.4162190389789922e-02,-3.5355746649935782e-01,
2.7277085800163369e-02,-4.9269529614926075e-02,
8.1317221935791936e-03,6.9709218104556728e-04,
1.9256732181715903e-03,3.5961856608423071e-03,
-1.0441172391810740e-03,-4.1104691748466944e-05,
-9.4674068431779226e+00,5.9251324900284341e-01,
-1.1602139535080978e+01,-1.1555975620017444e+01,
-4.8569189396609480e-01,-7.7537398923247096e+00,
4.8204647477024423e-02,-3.3438538886500863e-01,
-1.9594797635247477e-02,2.6897499113324438e-02,
-1.9543233137729741e-02,1.8273763954177815e-02,
-1.2425976529008263e-02,6.5822371472453985e-03,
-7.1035114151068073e-03,-3.7409866861666535e-05,
-1.5909245310823847e+01,5.2256742815327273e-01,
-6.3473359998673436e+02,-4.3240520973680526e+02,
-3.8973375233526198e+01,-1.9049125070510403e+01,
-2.6255270786964058e+00,2.1004237717728563e-02,
-3.3971253736514428e-01,3.5408792364183175e-03,
-8.0810879565374555e-02,8.8734408055487005e-04,
-2.6873725125437460e-02,2.4957605435022630e-04,
-1.2044894782282456e-02,-1.6850959808965396e-05,
-1.5909245310822936e+01,-4.8230755496177615e+01,
-6.3473359998665626e+02,-5.2991206780087589e+02,
-3.8973375233528444e+01,-1.7469566356083331e+02,
-2.6255270786953084e+00,-2.2282921014075225e+00,
-3.3971253736467788e-01,-2.8334004324478368e-01,
-8.0810879566183436e-02,-6.5889112319918897e-02,
-2.6873725124594378e-02,-1.9490998499091961e-02,
-1.2044894781545069e-02,-5.8253231032490364e-03,
-9.4674068431790968e+00,-6.5545590564914731e+00,
-1.1602139535081822e+01,-2.7562575382557508e+00,
-4.8569189396633905e-01,-9.1044887388691964e-01,
4.8204647477455120e-02,-8.9337087847745733e-01,
-1.9594797635733054e-02,-2.6043062388433980e-01,
-1.9543233135999157e-02,-6.6375449809034731e-02,
-1.2425976531033492e-02,-2.1176654924224665e-02,
-7.1035114160326708e-03,-6.8806343855407487e-03,
-1.9040689759811320e+00,-1.9733317347512922e+00,
-1.9272584548952545e+00,-3.8681866320768860e-01,
-5.2958633040397529e-01,2.0993225386557476e-01,
-5.4162190393984927e-02,-9.3358002481591235e-03,
2.7277085797753713e-02,-3.5502807804973731e-02,
8.1317221938499128e-03,-3.2036190286074351e-02,
1.9256732198372516e-03,-1.6697179973607937e-02,
-1.0441172377426396e-03,-6.3132089398949473e-03,
-5.6932391463100074e-01,-5.1726878824326294e-01,
-5.9955035936767320e-01,-1.6887189678139944e-01,
-4.0710757256338526e-01,5.3584426234636745e-03,
-1.3023633505204799e-01,2.1336367594916583e-03,
-1.3559495226549409e-02,2.6412464923191272e-04,
1.3697945199671520e-02,-5.9027514304291623e-03,
7.7718935424213537e-03,-5.8454291504602433e-03,
-1.6992184361003136e-03,-3.1456619618460127e-03,

64,2
-1.3311554520258062e-02,5.1726878824073996e-01,
-3.3842050496786025e-01,1.6887189678091233e-01,
-7.8830976592168311e-02,-5.3584426227482745e-03,
2.8226219249877296e-02,-2.1336367580262507e-03,
3.1733860061150407e-02,-2.6412465129439051e-04,
2.5174660625067947e-02,5.9027514301656092e-03,
1.3652470091268054e-02,5.8454291515269942e-03,
9.1197287835157598e-03,3.1456619640696701e-03,
-2.5143286297460432e-02,1.9733317347523163e+00,
-4.4609813776672202e-01,3.8681866320880859e-01,
3.5818995616476113e-01,-2.0993225386566969e-01,
3.4719792575402780e-01,9.3358002482245434e-03,
1.3851254657049442e-01,3.5502807805719988e-02,
3.4841536868006007e-02,3.2036190284092138e-02,
1.3497800765625029e-02,1.6697179973800567e-02,
7.3184366203791710e-03,6.3132089388260090e-03,
-8.4891240603825191e-02,6.5545590564901683e+00,
3.5160070113158493e+00,2.7562575382575338e+00,
5.5267009116045713e+00,9.1044887388506690e-01,
1.1680885913125185e+00,8.9337087847561059e-01,
1.5420441287328485e-01,2.6043062388495086e-01,
3.2268150890090205e-02,6.6375449808254272e-02,
6.5417500684406167e-03,2.1176654924201475e-02,
1.2628379543680726e-03,6.8806343863631473e-03,
5.7005654033891098e+01,4.8230755496176023e+01,
7.2774301139904151e+02,5.2991206780077118e+02,
2.7903694823088722e+02,1.7469566356085818e+02,
1.1143024565357504e+00,2.2282921014070589e+00,
9.9738303748599932e-03,2.8334004324409839e-01,
-1.4425744966943181e-02,6.5889112320040577e-02,
-7.8566104065168132e-03,1.9490998499914473e-02,
1.3514080624274141e-03,5.8253231024323251e-03,
5.7005654033893258e+01,-5.2256742815285229e-01,
7.2774301139897500e+02,4.3240520973681453e+02,
2.7903694823086744e+02,1.9049125070506690e+01,
1.1143024565324211e+00,-2.1004237718870878e-02,
9.9738303766761099e-03,-3.5408792361098403e-03,
-1.4425744968540499e-02,-8.8734408125384434e-04,
-7.8566104056794414e-03,-2.4957605435494258e-04,
1.3514080632743321e-03,1.6850959820417932e-05,
-8.4891240599647977e-02,-5.9251324900589653e-01,
3.5160070113200099e+00,1.1555975620020057e+01,
5.5267009116061567e+00,7.7537398923262391e+00,
1.1680885913118573e+00,3.3438538886606972e-01,
1.5420441287478648e-01,-2.6897499114014331e-02,
3.2268150892054766e-02,-1.8273763953581441e-02,
6.5417500662926934e-03,-6.5822371475265009e-03,
1.2628379527344171e-03,3.7409866926304175e-05,
-2.5143286297539535e-02,-2.1835585391128814e-01,
-4.4609813776655405e-01,1.2708718300658997e+00,
3.5818995616828009e-01,1.2580241771873411e+00,
3.4719792575087688e-01,3.5355746649855280e-01,
1.3851254657007978e-01,4.9269529614871868e-02,
3.4841536871022614e-02,-6.9709218381630231e-04,
1.3497800764282667e-02,-3.5961856603801321e-03,
7.3184366251599405e-03,4.1104692102915538e-05,
-1.3311554514405799e-02,-5.9941412762297419e-03,
-3.3842050496607212e-01,2.2756122461263101e-01,
-7.8830976590148039e-02,2.6097874381469999e-01,
2.8226219251073263e-02,1.8504072851937714e-01,
3.1733860064412076e-02,4.7593413647787255e-02,
2.5174660620890816e-02,2.5052380986413433e-03,
1.3652470094987851e-02,-1.0244989810710166e-04,
9.1197287824396431e-03,3.4463537109207898e-05,

