1
1
2
4
(64 0
((0,0) (15,15) (0,0))
((16,0) (31,15) (0,0))
((32,0) (47,15) (0,0))
((48,0) (63,15) (0,0))
((64,0) (79,15) (0,0))
((80,0) (95,15) (0,0))
((96,0) (111,15) (0,0))
((112,0) (127,15) (0,0))
((0,16) (15,31) (0,0))
((16,16) (31,31) (0,0))
((32,16) (47,31) (0,0))
((48,16) (63,31) (0,0))
((64,16) (79,31) (0,0))
((80,16) (95,31) (0,0))
((96,16) (111,31) (0,0))
((112,16) (127,31) (0,0))
((0,32) (15,47) (0,0))
((16,32) (31,47) (0,0))
((32,32) (47,47) (0,0))
((48,32) (63,47) (0,0))
((64,32) (79,47) (0,0))
((80,32) (95,47) (0,0))
((96,32) (111,47) (0,0))
((112,32) (127,47) (0,0))
((0,48) (15,63) (0,0))
((16,48) (31,63) (0,0))
((32,48) (47,63) (0,0))
((48,48) (63,63) (0,0))
((64,48) (79,63) (0,0))
((80,48) (95,63) (0,0))
((96,48) (111,63) (0,0))
((112,48) (127,63) (0,0))
((0,64) (15,79) (0,0))
((16,64) (31,79) (0,0))
((32,64) (47,79) (0,0))
((48,64) (63,79) (0,0))
((64,64) (79,79) (0,0))
((80,64) (95,79) (0,0))
((96,64) (111,79) (0,0))
((112,64) (127,79) (0,0))
((0,80) (15,95) (0,0))
((16,80) (31,95) (0,0))
((32,80) (47,95) (0,0))
((48,80) (63,95) (0,0))
((64,80) (79,95) (0,0))
((80,80) (95,95) (0,0))
((96,80) (111,95) (0,0))
((112,80) (127,95) (0,0))
((0,96) (15,111) (0,0))
((16,96) (31,111) (0,0))
((32,96) (47,111) (0,0))
((48,96) (63,111) (0,0))
((64,96) (79,111) (0,0))
((80,96) (95,111) (0,0))
((96,96) (111,111) (0,0))
((112,96) (127,111) (0,0))
((0,112) (15,127) (0,0))
((16,112) (31,127) (0,0))
((32,112) (47,127) (0,0))
((48,112) (63,127) (0,0))
((64,112) (79,127) (0,0))
((80,112) (95,127) (0,0))
((96,112) (111,127) (0,0))
((112,112) (127,127) (0,0))
)
64
FabOnDisk: SD_2_New_MF_D_00000 0
FabOnDisk: SD_2_New_MF_D_00000 9300
FabOnDisk: SD_2_New_MF_D_00000 18600
FabOnDisk: SD_2_New_MF_D_00000 27900
FabOnDisk: SD_2_New_MF_D_00000 37200
FabOnDisk: SD_2_New_MF_D_00000 46500
FabOnDisk: SD_2_New_MF_D_00000 55800
FabOnDisk: SD_2_New_MF_D_00000 65101
FabOnDisk: SD_2_New_MF_D_00000 74403
FabOnDisk: SD_2_New_MF_D_00000 83703
FabOnDisk: SD_2_New_MF_D_00000 93003
FabOnDisk: SD_2_New_MF_D_00000 102303
FabOnDisk: SD_2_New_MF_D_00000 111603
FabOnDisk: SD_2_New_MF_D_00000 120903
FabOnDisk: SD_2_New_MF_D_00000 130203
FabOnDisk: SD_2_New_MF_D_00000 139504
FabOnDisk: SD_2_New_MF_D_00000 148806
FabOnDisk: SD_2_New_MF_D_00000 158106
FabOnDisk: SD_2_New_MF_D_00000 167406
FabOnDisk: SD_2_New_MF_D_00000 176706
FabOnDisk: SD_2_New_MF_D_00000 186006
FabOnDisk: SD_2_New_MF_D_00000 195306
FabOnDisk: SD_2_New_MF_D_00000 204606
FabOnDisk: SD_2_New_MF_D_00000 213907
FabOnDisk: SD_2_New_MF_D_00000 223209
FabOnDisk: SD_2_New_MF_D_00000 232509
FabOnDisk: SD_2_New_MF_D_00000 241809
FabOnDisk: SD_2_New_MF_D_00000 251109
FabOnDisk: SD_2_New_MF_D_00000 260409
FabOnDisk: SD_2_New_MF_D_00000 269709
FabOnDisk: SD_2_New_MF_D_00000 279009
FabOnDisk: SD_2_New_MF_D_00000 288310
FabOnDisk: SD_2_New_MF_D_00000 297612
FabOnDisk: SD_2_New_MF_D_00000 306912
FabOnDisk: SD_2_New_MF_D_00000 316212
FabOnDisk: SD_2_New_MF_D_00000 325512
FabOnDisk: SD_2_New_MF_D_00000 334812
FabOnDisk: SD_2_New_MF_D_00000 344112
FabOnDisk: SD_2_New_MF_D_00000 353412
FabOnDisk: SD_2_New_MF_D_00000 362713
FabOnDisk: SD_2_New_MF_D_00000 372015
FabOnDisk: SD_2_New_MF_D_00000 381315
FabOnDisk: SD_2_New_MF_D_00000 390615
FabOnDisk: SD_2_New_MF_D_00000 399915
FabOnDisk: SD_2_New_MF_D_00000 409215
FabOnDisk: SD_2_New_MF_D_00000 418515
FabOnDisk: SD_2_New_MF_D_00000 427815
FabOnDisk: SD_2_New_MF_D_00000 437116
FabOnDisk: SD_2_New_MF_D_00000 446418
FabOnDisk: SD_2_New_MF_D_00000 455719
FabOnDisk: SD_2_New_MF_D_00000 465020
FabOnDisk: SD_2_New_MF_D_00000 474321
FabOnDisk: SD_2_New_MF_D_00000 483622
FabOnDisk: SD_2_New_MF_D_00000 492923
FabOnDisk: SD_2_New_MF_D_00000 502224
FabOnDisk: SD_2_New_MF_D_00000 511526
FabOnDisk: SD_2_New_MF_D_00000 520829
FabOnDisk: SD_2_New_MF_D_00000 530131
FabOnDisk: SD_2_New_MF_D_00000 539433
FabOnDisk: SD_2_New_MF_D_00000 548735
FabOnDisk: SD_2_New_MF_D_00000 558037
FabOnDisk: SD_2_New_MF_D_00000 567339
FabOnDisk: SD_2_New_MF_D_00000 576641
FabOnDisk: SD_2_New_MF_D_00000 585944

64,2
-5.6474107468102153e-01,5.9824974393850316e-03,
-5.9907939222400908e-01,-2.2842321774737759e-01,
-4.0559377091516075e-01,-2.6198104334198452e-01,
-1.2850277906720151e-01,-1.8499830701746686e-01,
-1.2133033764751874e-02,-4.7006145421776481e-02,
1.4203236721905085e-02,-2.2383202181826562e-03,
7.9894183805360557e-03,1.0667456951082514e-04,
-1.5353703117575506e-03,-3.1799679982606150e-05,
-1.9041283823375994e+00,2.1756917237851503e-01,
-1.9280642575544080e+00,-1.2747065582427060e+00,
-5.2730737700846442e-01,-1.2618629666396641e+00,
-5.1962435069266552e-02,-3.5285836830942546e-01,
2.8095989032012741e-02,-4.8518131229171195e-02,
8.2208456781098123e-03,1.2327185505472509e-03,
1.9493168334213120e-03,3.7267044829205351e-03,
-9.2859947544523744e-04,-3.7389816139200876e-05,
-9.4610443973514702e+00,5.9102514590188426e-01,
-1.1614599462239227e+01,-1.1587500179818887e+01,
-4.8285328704964803e-01,-7.7919553148115686e+00,
4.7337956330981451e-02,-3.3294678553524060e-01,
-2.0347827237737950e-02,2.8887456742306458e-02,
-2.0268349266191303e-02,1.8798125835219275e-02,
-1.2795407254440849e-02,6.7425753532953259e-03,
-7.3037040117937581e-03,-3.3296734010631939e-05,
-1.5908883621035628e+01,5.2280084736120869e-01,
-6.3465806361092189e+02,-4.2863809544531830e+02,
-3.9225370901279604e+01,-1.9605008409609511e+01,
-2.6549783712162318e+00,2.1247183121621185e-02,
-3.4469265893446871e-01,3.5944018099598202e-03,
-8.2364818305123794e-02,9.0449719857718614e-04,
-2.7495456969087811e-02,2.5526953742564253e-04,
-1.2352248765678933e-02,-1.3844764301740845e-05,
-1.5908883621033869e+01,-4.8232555898142564e+01,
-6.3465806361094053e+02,-5.2977576282854693e+02,
-3.9225370901282375e+01,-1.7694903550137502e+02,
-2.6549783712172670e+00,-2.2507991448330786e+00,
-3.4469265893465356e-01,-2.8701879429828181e-01,
-8.2364818304268284e-02,-6.7048109398819861e-02,
-2.7495456967854329e-02,-1.9907910430026394e-02,
-1.2352248766524406e-02,-5.9671344543862827e-03,
-9.4610443973569431e+00,-6.5586170884295036e+00,
-1.1614599462239649e+01,-2.8302601591538692e+00,
-4.8285328705129221e-01,-9.2170788600639475e-01,
4.7337956335278236e-02,-9.0439668464710632e-01,
-2.0347827238563043e-02,-2.6418153830699675e-01,
-2.0268349267322513e-02,-6.7591412736934323e-02,
-1.2795407252601447e-02,-2.1669501557162612e-02,
-7.3037040111138480e-03,-7.0626192372465410e-03,
-1.9041283823376263e+00,-1.9737805827477777e+00,
-1.9280642575558331e+00,-3.8509921219011956e-01,
-5.2730737701312813e-01,2.0994383673389255e-01,
-5.1962435066215867e-02,-1.1241778613738776e-02,
2.8095989032976793e-02,-3.6913296247488903e-02,
8.2208456783256119e-03,-3.3100939111490736e-02,
1.9493168319957973e-03,-1.7188110876541179e-02,
-9.2859947263095044e-04,-6.4976674678230741e-03,
-5.6474107467894274e-01,-5.1691994590450030e-01,
-5.9907939222070894e-01,-1.6839410622773929e-01,
-4.0559377091511783e-01,5.3791629287810311e-03,
-1.2850277906747420e-01,2.1179200752902659e-03,
-1.2133033763579978e-02,2.4833237953214571e-04,
1.4203236727186864e-02,-6.2092955038255846e-03,
7.9894183849766112e-03,-6.1264866322743002e-03,
-1.5353703068420928e-03,-3.2606972924113372e-03,

64,2
-1.3292086456694746e-02,5.1691994590445933e-01,
-3.3708783689954497e-01,1.6839410622736944e-01,
-7.6683564222259387e-02,-5.3791629263371527e-03,
2.9787694552558787e-02,-2.1179200748009004e-03,
3.3040413367934708e-02,-2.4833237934398242e-04,
2.5971615615081222e-02,6.2092955037552893e-03,
1.4083975187652649e-02,6.1264866322332072e-03,
9.3977423869167371e-03,3.2606972924615310e-03,
-2.5147158047511553e-02,1.9737805827469481e+00,
-4.4457504512232271e-01,3.8509921219005083e-01,
3.6243938243803098e-01,-2.0994383673512940e-01,
3.5178058546379415e-01,1.1241778616267600e-02,
1.3995118472464119e-01,3.6913296248283510e-02,
3.5355908674708697e-02,3.3100939110391137e-02,
1.3876298875680124e-02,1.7188110875879715e-02,
7.5204603413874796e-03,6.4976674681336633e-03,
-8.4964116732756667e-02,6.5586170884313040e+00,
3.5249653625968058e+00,2.8302601591538967e+00,
5.5501487540081085e+00,9.2170788600595410e-01,
1.1758209266085529e+00,9.0439668464727196e-01,
1.5533078729605138e-01,2.6418153830636537e-01,
3.2568193315300288e-02,6.7591412735823517e-02,
6.5971284648924560e-03,2.1669501556942892e-02,
1.2703255809652936e-03,7.0626192377809382e-03,
5.7025053785416098e+01,4.8232555898141150e+01,
1.0000000000000000e+40,1.0000000000000000e+40,
2.8750177821671383e+02,1.7694903550140242e+02,
1.1214064479187460e+00,2.2507991448323241e+00,
8.7758131835571490e-03,2.8701879429906357e-01,
-1.4839347311310456e-02,6.7048109398100103e-02,
-8.0753126425493621e-03,1.9907910428755463e-02,
1.1806490313848242e-03,5.9671344545821261e-03,
5.7025053785415253e+01,-5.2280084736004706e-01,
1.0000000000000000e+40,1.0000000000000000e+40,
2.8750177821669615e+02,1.9605008409605652e+01,
1.1214064479148842e+00,-2.1247183121325328e-02,
8.7758131822316399e-03,-3.5944018110088509e-03,
-1.4839347308346958e-02,-9.0449719935816950e-04,
-8.0753126449663679e-03,-2.5526953717137002e-04,
1.1806490312669879e-03,1.3844763482781633e-05,
-8.4964116729926986e-02,-5.9102514590416222e-01,
3.5249653625948114e+00,1.1587500179821159e+01,
5.5501487540120458e+00,7.7919553148126903e+00,
1.1758209266093673e+00,3.3294678553535717e-01,
1.5533078729472521e-01,-2.8887456742365959e-02,
3.2568193316776552e-02,-1.8798125834318363e-02,
6.5971284625014745e-03,-6.7425753528947349e-03,
1.2703255784852299e-03,3.3296733098001020e-05,
-2.5147158046449208e-02,-2.1756917237903198e-01,
-4.4457504511982926e-01,1.2747065582433064e+00,
3.6243938244016960e-01,1.2618629666400305e+00,
3.5178058546579777e-01,3.5285836831008155e-01,
1.3995118472774504e-01,4.8518131229719805e-02,
3.5355908678540694e-02,-1.2327185513955896e-03,
1.3876298876290920e-02,-3.7267044836720034e-03,
7.5204603435616050e-03,3.7389816421925918e-05,
-1.3292086455853058e-02,-5.9824974395300545e-03,
-3.3708783689876087e-01,2.2842321774556273e-01,
-7.6683564217466971e-02,2.6198104334454358e-01,
2.9787694551085819e-02,1.8499830701809708e-01,
3.3040413366226401e-02,4.7006145421448514e-02,
2.5971615615243821e-02,2.2383202184197721e-03,
1.4083975187830444e-02,-1.0667456971265615e-04,
9.3977423856130698e-03,3.1799679594718918e-05,

