1
1
8
0
(4 0
((0,0) (31,31) (0,0))
((32,0) (63,31) (0,0))
((0,32) (31,63) (0,0))
((32,32) (63,63) (0,0))
)
4
FabOnDisk: Cell_D_00000 0
FabOnDisk: Cell_D_00001 0
FabOnDisk: Cell_D_00002 0
FabOnDisk: Cell_D_00003 0

4,8
-1.7605118968317655e-02,3.4506124226085402e-06,9.9999999999992306e-01,0.0000000000000000e+00,-1.0328217342431036e-03,-2.2757345537058812e-02,5.1502386072127537e-06,-7.2598505934311237e-03,
-1.7669877705881118e-02,-1.7584932260167767e-02,9.9999999999907929e-01,0.0000000000000000e+00,-7.0116996698185979e-04,-3.1496829025270709e-03,5.0767292599576685e-06,-1.1449713185002997e-04,
-6.9395713721090393e-02,1.3754777934122398e-04,9.9999999993358879e-01,0.0000000000000000e+00,-1.3735250740843535e-01,-3.6380196865480210e+00,2.0573236833576480e-07,-1.6396033815262562e-01,
-2.2775932343476768e-01,-4.6774722584421868e-01,9.9943378568715691e-01,0.0000000000000000e+00,-4.8567580669092392e-01,-1.3193631842983862e+00,3.6788733115411532e-08,-4.9704507203683834e-03,

4,8
-1.4572697809826944e-05,1.6396698058215579e-02,1.0000000000003129e+00,0.0000000000000000e+00,2.5062644458578958e-02,3.1263031990582703e-04,4.1042689621880341e-01,1.5196985317854659e-04,
-1.5933483778967547e-05,1.5952259723668946e-04,1.0000000000006914e+00,0.0000000000000000e+00,2.5882432900445541e-02,2.7298233765885038e-02,4.4238971019766044e-01,8.5625447184805754e-03,
7.5483389793574318e-01,1.7951805409551130e-01,1.0000064636281154e+00,0.0000000000000000e+00,1.2329656522818750e+01,1.2688234172012254e+00,3.7906269053765342e+01,-5.7758879345530306e-04,
7.5773813715626104e-01,5.9775279471146973e-03,1.0005682207666504e+00,0.0000000000000000e+00,2.9351577923720175e+01,2.1615442355548719e+01,3.5902724661216155e+01,5.6859353467174312e-01,

