1
1
4
2
(4 0
((248,200) (255,231) (0,0))
((232,232) (255,255) (0,0))
((0,248) (63,255) (0,0))
((64,248) (127,255) (0,0))
)
4
FabOnDisk: SD_0_New_MF_D_00000 0
FabOnDisk: SD_0_New_MF_D_00003 0
FabOnDisk: SD_0_New_MF_D_00001 0
FabOnDisk: SD_0_New_MF_D_00002 0

4,4
-6.6481759232909374e-02,-6.7867113534873746e-01,9.9999999996390609e-01,0.0000000000000000e+00,
-4.2088958615515794e-02,-6.7722468355847298e-01,9.9999999999804945e-01,0.0000000000000000e+00,
-8.2201052809880659e-02,2.8245319561186097e-04,9.9999999999918177e-01,0.0000000000000000e+00,
2.8065471729869368e-01,-5.4899609107396056e-03,9.9999999999910250e-01,0.0000000000000000e+00,

4,4
2.9132236882659008e-03,-3.6747722937441184e-02,1.0000000000244573e+00,0.0000000000000000e+00,
9.3580385061730409e-01,5.8634505901238318e-03,1.0000000000165312e+00,0.0000000000000000e+00,
9.3853485657596902e-01,2.4074034721091872e-01,1.0000000000029152e+00,0.0000000000000000e+00,
9.5789215896081392e-01,2.1622754186271773e-02,1.0000000000005069e+00,0.0000000000000000e+00,

